601226 华电重工 日线 前复权
      日期	    开盘	    最高	    最低	    收盘	    成交量	    成交额
2014/12/11,7.90,9.50,7.90,9.50,125400,1798320.00
2014/12/12,10.46,10.46,10.46,10.46,59500,942480.00
2014/12/15,11.51,11.51,11.51,11.51,104400,1818648.00
2014/12/16,12.67,12.67,12.67,12.67,166700,3193972.00
2014/12/17,13.95,13.95,13.25,13.95,67243710,1390518912.00
2014/12/18,13.86,15.36,13.57,15.36,45376414,1014012864.00
2014/12/19,15.90,16.91,15.47,16.07,82847626,2053547392.00
2014/12/22,14.83,14.83,14.45,14.45,11304411,249521856.00
2014/12/23,13.00,14.89,13.00,13.22,57428014,1167131776.00
2014/12/24,13.10,13.72,12.77,13.43,35723840,717341632.00
2014/12/25,13.23,14.34,12.91,13.84,40216911,832595648.00
2014/12/26,13.50,13.87,13.33,13.49,32001126,652936128.00
2014/12/29,13.36,13.36,12.49,12.76,29562487,574591488.00
2014/12/30,12.91,13.09,12.16,12.22,21229760,402852992.00
2014/12/31,12.16,12.45,11.92,12.27,14036834,258675280.00
2015/01/05,12.19,12.23,11.91,12.04,15803542,287859648.00
2015/01/06,11.95,12.65,11.77,12.47,24014130,447110784.00
2015/01/07,12.41,12.47,12.04,12.16,13904360,256332448.00
2015/01/08,12.05,12.49,11.97,12.07,14775864,273651136.00
2015/01/09,12.00,12.45,11.97,12.28,18241694,337594016.00
2015/01/12,12.27,12.27,11.40,11.43,17033583,303104768.00
2015/01/13,11.31,11.62,11.26,11.39,8543232,147495584.00
2015/01/14,11.39,11.68,11.37,11.59,9566389,167097232.00
2015/01/15,11.59,11.94,11.35,11.64,11286778,199050656.00
2015/01/16,11.57,12.07,11.50,11.83,13423886,240361104.00
2015/01/19,11.42,12.07,11.31,11.51,16014551,284090976.00
2015/01/20,11.55,12.35,11.55,12.31,23268974,424454560.00
2015/01/21,12.30,12.48,12.15,12.38,19752713,366863488.00
2015/01/22,12.45,12.89,12.30,12.69,22094740,421073216.00
2015/01/23,12.70,12.70,12.23,12.29,14690839,275752608.00
2015/01/26,12.20,12.40,12.17,12.31,7927349,146917360.00
2015/01/27,12.27,12.33,11.97,12.09,9312421,170902128.00
2015/01/28,12.03,12.22,11.85,11.99,6742366,122968528.00
2015/01/29,11.91,12.03,11.84,11.85,6037519,108693680.00
2015/01/30,11.94,13.05,11.86,13.05,18005306,346337088.00
2015/02/02,13.29,13.75,12.83,13.07,40336280,808643968.00
2015/02/03,12.64,12.89,12.49,12.70,19671050,375935552.00
2015/02/04,12.74,12.81,12.27,12.35,12761127,241951776.00
2015/02/05,12.43,12.55,12.18,12.20,8970050,167320416.00
2015/02/06,12.11,12.17,11.46,11.52,12834556,227343104.00
2015/02/09,11.38,11.60,11.29,11.49,4907065,84797408.00
2015/02/10,11.49,11.57,11.38,11.55,4179490,72542232.00
2015/02/11,11.51,11.83,11.51,11.69,5923094,104444752.00
2015/02/12,11.70,11.81,11.57,11.68,4704373,83136560.00
2015/02/13,11.74,12.01,11.74,11.81,6128404,109956888.00
2015/02/16,11.90,11.93,11.77,11.81,5608923,100288168.00
2015/02/17,11.82,12.07,11.82,11.95,6022196,108958728.00
2015/02/25,11.97,11.99,11.77,11.80,3752637,67198512.00
2015/02/26,11.79,12.23,11.77,12.22,10164718,185643296.00
2015/02/27,12.23,12.27,12.12,12.23,8243617,151879968.00
2015/03/02,12.23,12.50,12.16,12.49,9738286,181887424.00
2015/03/03,12.43,12.52,12.31,12.49,10937617,205061088.00
2015/03/04,12.53,12.69,12.45,12.51,9484043,179693184.00
2015/03/05,12.51,12.68,12.30,12.62,25858577,490017728.00
2015/03/06,12.62,12.73,12.49,12.49,14160618,269903872.00
2015/03/09,12.38,12.38,11.96,12.23,8281052,152100944.00
2015/03/10,12.17,12.29,12.05,12.19,6537915,120557048.00
2015/03/11,12.17,12.25,11.98,12.03,7165015,131250744.00
2015/03/12,12.02,12.07,11.91,11.94,6813174,123218080.00
2015/03/13,11.98,12.25,11.98,12.15,5428427,99718536.00
2015/03/16,12.19,12.52,12.19,12.51,10282774,192587216.00
2015/03/17,12.52,12.66,12.37,12.55,13326314,252168464.00
2015/03/18,12.55,12.89,12.50,12.85,17325724,332539808.00
2015/03/19,12.85,12.88,12.65,12.83,14441863,278530496.00
2015/03/20,12.87,13.19,12.79,12.95,15467546,303329856.00
2015/03/23,13.10,13.15,12.85,12.97,15604756,305345184.00
2015/03/24,12.98,12.98,12.45,12.69,18015993,345905760.00
2015/03/25,12.69,13.97,12.65,13.79,32781321,656295744.00
2015/03/26,13.59,13.59,13.12,13.28,21196031,428631168.00
2015/03/27,13.34,13.44,13.17,13.33,10114284,203613296.00
2015/03/30,13.37,13.88,13.36,13.70,17139041,353903968.00
2015/03/31,13.72,14.05,13.48,13.54,16668436,346311264.00
2015/04/01,13.54,13.69,13.44,13.62,11794539,241989760.00
2015/04/02,13.56,14.30,13.55,14.26,23707013,499166208.00
2015/04/03,14.07,14.73,13.99,14.57,18883694,412628256.00
2015/04/07,14.57,14.88,14.43,14.71,15988476,353276992.00
2015/04/08,14.77,14.85,14.10,14.58,15156866,331625632.00
2015/04/09,14.90,15.97,14.63,15.65,28629957,660721152.00
2015/04/10,15.40,15.89,15.31,15.69,15766838,372246016.00
2015/04/13,15.89,17.23,15.69,16.95,18810193,466010496.00
2015/04/14,16.97,17.43,16.47,16.61,17481344,445999296.00
2015/04/15,16.49,16.49,15.03,15.21,17841638,421928896.00
2015/04/16,14.93,16.30,14.30,15.77,16487690,384839968.00
2015/04/17,15.89,16.68,15.89,16.21,16080412,395923392.00
2015/04/20,16.27,16.27,15.19,15.23,15164636,358551712.00
2015/04/21,15.25,15.65,15.23,15.57,9475481,221344416.00
2015/04/22,15.59,16.61,15.59,16.31,14343198,351636064.00
2015/04/23,16.35,16.46,15.83,16.04,11940240,289939872.00
2015/04/24,15.77,15.82,15.37,15.59,9425900,222010016.00
2015/04/27,15.67,16.23,15.67,16.11,12456531,300076256.00
2015/04/28,16.11,16.12,15.57,15.68,10517270,250035824.00
2015/04/29,15.66,16.75,15.54,16.47,16699793,412414528.00
2015/04/30,16.57,16.76,16.07,16.09,9665767,238344784.00
2015/05/04,16.01,16.89,15.80,16.77,15244687,376617440.00
2015/05/05,16.90,16.90,15.97,16.07,10569025,261365136.00
2015/05/06,15.97,16.19,15.11,15.21,10438159,245610992.00
2015/05/07,15.31,15.37,14.30,14.48,9031487,199394800.00
2015/05/08,14.71,15.01,14.44,14.79,7021936,156421616.00
2015/05/11,14.97,15.43,14.82,15.43,7565658,173245344.00
2015/05/12,15.43,15.71,15.33,15.57,8883025,208323024.00
2015/05/13,15.53,15.67,15.23,15.53,8522271,198292288.00
2015/05/14,15.50,16.85,15.37,16.49,16413136,403074368.00
2015/05/15,16.40,18.10,16.27,17.53,23573766,610681216.00
2015/05/18,17.77,19.01,17.61,18.65,22846522,630353664.00
2015/05/20,18.63,18.96,17.54,17.99,20408586,562257664.00
2015/05/21,17.97,19.79,17.37,19.79,32595485,922135552.00
2015/05/22,19.70,20.37,19.04,19.84,20903563,622479616.00
2015/05/25,19.35,21.16,19.23,20.21,16937959,515495040.00
2015/05/26,20.35,21.90,20.11,21.41,18965043,605748096.00
2015/05/27,21.77,22.90,20.69,22.67,25136783,834521792.00
2015/05/28,22.90,24.95,21.35,21.87,42256342,1517249920.00
2015/05/29,21.30,22.41,19.67,20.75,27522298,869570752.00
2015/06/01,20.75,21.80,20.58,21.57,19602949,623010432.00
2015/06/02,21.50,21.56,20.71,21.17,15096267,480373088.00
2015/06/03,21.18,22.45,20.73,22.43,21441227,697495808.00
2015/06/04,22.75,22.75,20.17,21.15,15924050,510678848.00
2015/06/05,21.42,21.61,20.45,20.84,14142493,447587200.00
2015/06/08,21.60,22.41,21.20,21.46,17736299,577970432.00
2015/06/09,21.49,22.00,20.86,21.79,12185340,392283040.00
2015/06/10,21.69,22.57,21.31,22.45,18064102,603529088.00
2015/06/11,22.66,24.56,22.65,23.86,18528907,435693888.00
2015/06/12,23.00,24.20,22.31,24.12,34724190,798426048.00
2015/06/15,23.49,23.98,22.51,22.90,24963136,582841216.00
2015/06/16,22.12,22.36,20.61,20.61,24738171,528114592.00
2015/06/17,20.21,20.78,18.72,20.52,21622181,429143680.00
2015/06/18,20.20,20.38,19.11,19.27,13917393,276526176.00
2015/06/19,18.78,18.78,17.34,17.46,14452707,259891856.00
2015/06/23,17.40,17.95,16.03,17.55,14090769,242109488.00
2015/06/24,17.87,18.30,17.67,18.20,17504207,316015264.00
2015/06/25,18.35,19.74,17.95,18.26,21899265,411204512.00
2015/06/26,17.69,17.99,16.43,16.43,20057629,342307872.00
2015/06/29,17.01,17.29,14.79,14.92,20334557,319336000.00
2015/06/30,14.86,16.05,13.45,15.91,18442204,274994016.00
2015/07/01,15.90,16.49,14.48,14.52,16540880,261030256.00
2015/07/02,14.68,15.29,13.50,14.88,21093227,308061184.00
2015/07/03,14.50,15.43,13.53,14.03,14549493,209028352.00
2015/07/06,15.43,15.43,13.30,14.38,17914835,256601328.00
2015/07/07,13.90,14.32,12.94,12.94,16166467,215416192.00
2015/07/08,11.65,12.80,11.65,12.44,33449143,411196928.00
2015/07/09,12.44,13.68,12.44,13.68,12954987,172941808.00
2015/07/10,14.48,15.05,13.82,15.05,17451889,260192656.00
2015/07/13,15.57,16.56,15.09,16.56,24366949,390338656.00
2015/07/14,16.30,17.24,15.51,15.70,24966065,405466880.00
2015/07/15,15.25,15.45,14.13,14.13,13405287,196254224.00
2015/07/16,14.13,14.78,12.97,14.16,10286944,144592544.00
2015/07/17,14.35,15.30,14.16,15.06,10680385,157683808.00
2015/07/20,15.17,15.68,14.80,15.19,11163399,169742256.00
2015/07/21,14.90,15.68,14.76,15.55,12677454,194304496.00
2015/07/22,15.50,16.09,15.12,15.83,14603827,228847504.00
2015/07/23,15.83,16.66,15.50,16.33,17822407,287474752.00
2015/07/24,16.28,16.55,15.30,15.84,17805997,286370144.00
2015/07/27,15.30,15.79,14.26,14.26,11376764,171066560.00
2015/07/28,13.87,15.20,12.90,14.89,17195261,240501856.00
2015/07/29,15.19,15.84,14.59,15.76,11260936,169843536.00
2015/07/30,15.80,16.05,14.85,15.13,14099564,221334160.00
2015/07/31,14.83,15.40,14.82,15.30,10033615,150963360.00
2015/08/03,15.19,15.99,14.71,15.88,8930780,136230016.00
2015/08/04,15.90,16.85,15.78,16.73,17560300,286052768.00
2015/08/05,16.55,16.79,15.92,16.01,14439539,235173520.00
2015/08/06,15.64,15.75,15.18,15.33,8678525,134420608.00
2015/08/07,15.29,15.76,15.29,15.64,6850421,106869928.00
2015/08/10,15.71,16.82,15.65,16.70,17137703,279681312.00
2015/08/11,16.75,17.18,16.46,16.74,19104370,321646848.00
2015/08/12,16.50,16.70,16.11,16.13,9592458,157336160.00
2015/08/13,16.39,17.16,16.39,17.00,16134120,270639712.00
2015/08/14,17.00,17.35,16.75,17.28,18178680,310510912.00
2015/08/17,17.18,17.99,17.00,17.94,17623270,307659392.00
2015/08/18,17.82,17.88,16.15,16.15,16525420,280177376.00
2015/08/19,15.43,16.44,14.54,16.03,15302816,234431312.00
2015/08/20,15.60,15.88,14.69,14.70,8807234,134846512.00
2015/08/21,14.56,15.04,13.75,13.83,7600543,109350920.00
2015/08/24,13.64,13.75,12.45,12.45,8723713,111623976.00
2015/08/25,11.36,11.83,11.21,11.21,6826955,78028736.00
2015/08/26,11.24,11.82,10.31,10.85,9785216,109860496.00
2015/08/27,11.11,11.80,10.90,11.58,7706126,87209240.00
2015/08/28,11.80,12.50,11.50,12.49,11177790,133423688.00
2015/08/31,12.24,13.00,11.91,12.62,12693254,157361952.00
2015/09/01,12.45,12.48,11.70,12.13,9386166,113779632.00
2015/09/02,12.00,12.68,11.60,12.50,18172354,222979120.00
2015/09/07,12.35,12.98,12.35,12.64,9286402,117729304.00
2015/09/08,12.45,13.02,11.83,12.91,10690660,133207032.00
2015/09/09,12.78,13.35,12.73,13.10,12262682,159674880.00
2015/09/10,12.80,12.90,12.19,12.23,7013710,88565208.00
2015/09/11,12.25,12.40,11.66,12.15,7108027,85477520.00
2015/09/14,12.24,12.29,10.94,10.94,8329190,95186120.00
2015/09/15,10.42,10.67,9.85,9.86,6349927,64895248.00
2015/09/16,10.00,10.85,10.00,10.79,6048810,62910044.00
2015/09/17,10.71,10.98,10.20,10.24,6093209,65163864.00
2015/09/18,10.34,10.45,10.05,10.30,3941752,40350408.00
2015/09/21,10.20,10.75,10.10,10.67,5695924,59837128.00
2015/09/22,10.70,10.93,10.60,10.78,5782239,62168148.00
2015/09/23,10.58,10.68,10.37,10.47,4587157,48290536.00
2015/09/24,10.56,10.77,10.51,10.69,4132007,44035060.00
2015/09/25,10.68,10.88,10.30,10.38,4828728,51077564.00
2015/09/28,10.38,10.66,10.18,10.63,2787027,29143672.00
2015/09/29,10.32,10.86,10.23,10.77,5298909,56050504.00
2015/09/30,10.79,11.10,10.58,10.78,5991118,64916212.00
2015/10/08,11.15,11.25,10.81,11.11,8742768,96830688.00
2015/10/09,11.04,11.26,10.99,11.16,6769985,75110760.00
2015/10/12,11.19,12.04,11.15,11.84,11610821,134662352.00
2015/10/13,11.67,12.15,11.60,11.97,10354508,123548936.00
2015/10/14,11.87,12.20,11.58,11.60,8874600,105385800.00
2015/10/15,11.65,11.95,11.60,11.91,7059758,83315088.00
2015/10/16,12.05,12.13,11.72,12.03,9296319,111108000.00
2015/10/19,12.08,12.29,11.90,12.19,9073261,109817448.00
2015/10/20,12.19,12.60,11.93,12.38,10819408,132309824.00
2015/10/21,12.32,12.70,11.28,11.81,13736167,166495424.00
2015/10/22,11.85,12.50,11.70,12.13,11921774,143563840.00
2015/10/23,12.16,12.30,11.90,12.20,12615145,153218048.00
2015/10/26,12.30,12.32,12.00,12.06,10501072,127860096.00
2015/10/27,11.97,11.97,11.36,11.84,9000416,104945360.00
2015/10/28,11.70,11.88,11.60,11.66,6562907,77112928.00
2015/10/29,11.68,12.11,11.68,11.95,9214675,110164952.00
2015/10/30,12.12,12.40,11.90,12.17,15324931,186008144.00
2015/11/02,12.00,12.45,11.81,11.93,9063418,109794592.00
2015/11/03,11.99,12.48,11.87,12.35,14812277,181471968.00
2015/11/04,12.52,13.00,12.28,12.97,22742007,286600224.00
2015/11/05,12.90,13.72,12.78,13.10,26706949,351896608.00
2015/11/06,13.10,13.73,13.01,13.45,21110448,283191744.00
2015/11/09,13.45,13.80,13.05,13.61,24238204,327609120.00
2015/11/10,13.48,13.59,13.16,13.36,16118798,215911968.00
2015/11/11,13.39,13.76,13.19,13.72,16795868,226989200.00
2015/11/12,13.69,14.50,13.60,14.33,21280656,298666560.00
2015/11/13,14.08,14.11,13.38,13.46,16277678,223349136.00
2015/11/16,13.01,13.58,13.00,13.57,7502148,100316104.00
2015/11/17,13.69,14.09,13.60,13.80,13737819,189891552.00
2015/11/18,13.75,13.83,13.13,13.24,8683548,116899856.00
2015/11/19,13.25,13.48,13.17,13.47,5995021,80078584.00
2015/11/20,13.52,13.71,13.34,13.60,8180411,110565544.00
2015/11/23,13.77,13.77,13.29,13.37,7514875,102034808.00
2015/11/24,13.35,13.60,13.15,13.59,6451061,86492272.00
2015/11/25,13.48,13.90,13.48,13.83,10317772,142181472.00
2015/11/26,13.84,13.93,13.63,13.65,8365051,115140896.00
2015/11/27,13.57,13.58,12.35,12.43,8973367,117628632.00
2015/11/30,12.48,12.63,11.50,12.33,7187010,87727648.00
2015/12/01,12.25,12.59,12.11,12.47,4741270,58841068.00
2015/12/02,12.48,12.48,11.91,12.34,5829690,71198592.00
2015/12/03,12.28,12.55,12.20,12.53,4465680,55606880.00
2015/12/04,12.40,12.54,12.22,12.30,4979338,61683200.00
2015/12/07,12.36,12.45,12.18,12.44,4024094,49712380.00
2015/12/08,12.48,12.48,12.07,12.10,4813195,58819432.00
2015/12/09,12.09,12.18,11.81,12.03,4736856,56632620.00
2015/12/10,12.03,12.09,11.82,11.87,4132820,49361656.00
2015/12/11,11.85,11.97,11.80,11.89,2845631,33840288.00
2015/12/14,11.82,12.08,11.62,12.03,5191395,61506984.00
2015/12/15,12.03,12.10,11.80,11.93,5598173,67056440.00
2015/12/16,12.00,12.48,12.00,12.34,9553339,117591072.00
2015/12/17,12.40,12.55,12.28,12.52,10851976,134939664.00
2015/12/18,12.45,12.46,12.25,12.31,5857203,72220584.00
2015/12/21,12.34,12.48,12.26,12.44,6676239,82655384.00
2015/12/22,12.40,12.57,12.37,12.56,5561797,69215672.00
2015/12/23,12.54,12.57,12.36,12.40,7710688,96143256.00
2015/12/24,12.38,12.50,12.28,12.48,5683255,70398280.00
2015/12/25,12.54,12.80,12.42,12.78,8195351,103589616.00
2015/12/28,12.88,12.98,12.40,12.42,10424891,132277856.00
2015/12/29,12.43,12.68,12.36,12.64,6826814,85479728.00
2015/12/30,12.58,12.78,12.57,12.70,5701376,72263528.00
2015/12/31,12.70,12.86,12.55,12.65,6000617,75951720.00
2016/01/04,12.69,12.94,11.43,11.48,7453268,93184576.00
2016/01/05,11.00,12.20,10.80,11.84,9427337,109191408.00
2016/01/06,11.76,12.15,11.66,12.11,5084673,60635888.00
2016/01/07,11.82,11.89,10.90,10.92,1812186,20527276.00
2016/01/08,11.25,11.50,10.51,11.20,7547371,84088520.00
2016/01/11,11.00,11.25,10.18,10.28,6423099,69069008.00
2016/01/12,10.28,10.53,10.16,10.35,4818108,49851236.00
2016/01/13,10.43,10.48,9.80,10.11,4921152,50240484.00
2016/01/14,9.94,10.54,9.82,10.48,5725937,58813224.00
2016/01/15,10.39,10.54,9.88,10.11,5414507,55242340.00
2016/01/18,9.86,11.10,9.78,10.36,5484127,56664520.00
2016/01/19,10.22,10.66,10.21,10.61,6260762,65653280.00
2016/01/20,10.62,10.71,10.40,10.46,5984285,63171096.00
2016/01/21,10.54,10.67,10.20,10.21,6496286,67852056.00
2016/01/22,10.29,10.38,10.02,10.32,4508613,46214848.00
2016/01/25,10.33,10.46,10.22,10.38,3595961,37238420.00
2016/01/26,10.19,10.25,9.47,9.58,5193991,51601584.00
2016/01/27,9.68,10.30,9.00,9.55,5431441,52005980.00
2016/01/28,9.36,9.51,8.95,8.98,3536535,32732630.00
2016/01/29,8.81,9.37,8.81,9.26,4591976,42166668.00
2016/02/01,9.26,9.43,8.97,9.10,2328566,21304458.00
2016/02/02,9.15,9.36,9.10,9.34,3440782,31936068.00
2016/02/03,9.20,9.29,9.03,9.26,3316053,30359788.00
2016/02/04,9.19,9.43,9.19,9.38,4156903,38917764.00
2016/02/05,9.35,9.48,9.30,9.32,3023848,28345252.00
2016/02/15,9.06,9.19,8.96,9.15,2520425,22901764.00
2016/02/16,9.20,9.54,9.19,9.50,5040459,47462220.00
2016/02/17,9.48,9.57,9.38,9.55,5030801,47719568.00
2016/02/18,9.59,9.67,9.54,9.62,5322815,51126816.00
2016/02/19,9.56,9.65,9.48,9.59,3958688,37831756.00
2016/02/22,9.64,9.93,9.62,9.80,5577171,54355940.00
2016/02/23,9.86,9.89,9.54,9.67,4460877,43250976.00
2016/02/24,9.61,9.83,9.51,9.81,5005006,48450016.00
2016/02/25,9.80,9.80,8.90,9.00,6164570,57710800.00
2016/02/26,9.06,9.44,8.92,9.35,6220531,57142064.00
2016/02/29,9.27,9.27,8.68,9.08,7421456,65989440.00
2016/03/01,9.08,9.29,8.83,9.15,6220379,56254024.00
2016/03/02,9.20,9.61,9.08,9.59,9404961,88409680.00
2016/03/03,9.53,9.67,9.50,9.53,7280923,69825128.00
2016/03/04,9.50,9.85,9.30,9.48,7539365,71982672.00
2016/03/07,9.58,9.73,9.48,9.65,5318305,51097472.00
2016/03/08,9.71,9.71,9.20,9.58,5154271,48597984.00
2016/03/09,9.28,9.47,9.24,9.33,3295800,30775700.00
数据来源:通达信
