600674 川投能源 日线 前复权
      日期	    开盘	    最高	    最低	    收盘	    成交量	    成交额
2011/01/04,3.86,3.91,3.80,3.87,6549296,96389552.00
2011/01/05,3.86,3.95,3.81,3.94,7216500,107084256.00
2011/01/06,3.93,3.96,3.88,3.91,4120350,61667024.00
2011/01/07,3.89,3.94,3.85,3.88,3808797,56681200.00
2011/01/10,3.88,4.00,3.81,3.81,4510744,67382848.00
2011/01/11,3.74,3.85,3.73,3.82,3874666,56331316.00
2011/01/12,3.82,3.96,3.81,3.95,4693702,69621560.00
2011/01/13,3.92,3.95,3.86,3.87,3468841,51675028.00
2011/01/14,3.83,3.90,3.83,3.83,3010802,44390640.00
2011/01/17,3.83,3.83,3.64,3.67,4818073,68655872.00
2011/01/18,3.67,3.72,3.64,3.68,2084617,29371992.00
2011/01/19,3.68,3.78,3.67,3.76,2232603,31896642.00
2011/01/20,3.76,3.78,3.65,3.67,2762152,39109644.00
2011/01/21,3.67,3.78,3.65,3.72,3973931,56530840.00
2011/01/24,3.72,3.77,3.67,3.74,3094563,44210032.00
2011/01/25,3.79,3.90,3.74,3.80,6494585,95268800.00
2011/01/26,3.79,3.87,3.72,3.84,3840867,56065608.00
2011/01/27,3.80,3.88,3.75,3.82,5281517,77136680.00
2011/01/28,3.80,3.90,3.78,3.88,4258221,62564956.00
2011/01/31,3.91,3.98,3.90,3.94,6210266,93573312.00
2011/02/01,3.96,3.97,3.87,3.88,3935481,58591120.00
2011/02/09,3.86,3.90,3.79,3.85,3186558,46985392.00
2011/02/10,3.84,3.95,3.81,3.93,3917304,58461988.00
2011/02/11,3.93,4.05,3.90,4.02,6403285,97432944.00
2011/02/14,4.02,4.10,3.98,4.04,9301133,143295024.00
2011/02/15,4.04,4.06,3.99,3.99,10735062,164838784.00
2011/02/16,3.99,4.14,3.99,4.13,11141814,172829104.00
2011/02/17,4.12,4.17,4.06,4.11,10588574,165388384.00
2011/02/18,4.11,4.27,4.08,4.18,19991733,318488608.00
2011/02/21,4.17,4.45,4.15,4.38,26384724,432387296.00
2011/02/22,4.38,4.42,4.21,4.25,18477133,301157248.00
2011/02/23,4.25,4.34,4.13,4.33,13140550,211212320.00
2011/02/24,4.29,4.34,4.18,4.31,13670746,221965536.00
2011/02/25,4.29,4.44,4.24,4.27,13772831,227558880.00
2011/02/28,4.26,4.26,4.17,4.24,9766335,156518304.00
2011/03/01,4.25,4.35,4.21,4.29,9700326,157905984.00
2011/03/02,4.26,4.40,4.22,4.34,14874567,244272416.00
2011/03/03,4.34,4.35,4.17,4.18,12037710,194768784.00
2011/03/04,4.18,4.23,4.12,4.21,8723052,138266080.00
2011/03/07,4.22,4.37,4.21,4.36,15680891,256170704.00
2011/03/08,4.33,4.44,4.31,4.40,14121996,235182096.00
2011/03/09,4.42,4.44,4.32,4.37,10424501,172748176.00
2011/03/10,4.35,4.36,4.25,4.27,9788529,159574432.00
2011/03/11,4.25,4.32,4.22,4.25,6777122,110224336.00
2011/03/14,4.23,4.32,4.22,4.31,6385272,103441336.00
2011/03/15,4.28,4.55,4.15,4.45,23125267,383108960.00
2011/03/16,4.40,4.65,4.40,4.62,33686393,582907776.00
2011/03/17,4.62,4.78,4.46,4.48,34470421,607662400.00
2011/03/18,4.57,4.76,4.49,4.66,34958985,615085568.00
2011/03/21,4.57,4.60,4.42,4.43,18868438,321227424.00
2011/03/22,4.45,4.47,4.32,4.37,9841896,163033632.00
2011/03/23,4.38,4.57,4.38,4.54,11922395,202745872.00
2011/03/24,4.54,4.67,4.50,4.59,14750700,256644048.00
2011/03/25,4.60,4.64,4.53,4.56,10083340,174894128.00
2011/03/28,4.56,4.64,4.44,4.46,10943672,187593744.00
2011/03/29,4.47,4.53,4.38,4.40,10152540,171273584.00
2011/03/30,4.44,4.48,4.27,4.28,12071422,199597888.00
2011/03/31,4.29,4.34,4.15,4.23,11271035,181249568.00
2011/04/01,4.25,4.33,4.23,4.30,5504821,89461560.00
2011/04/06,4.26,4.29,4.19,4.23,7441459,119526872.00
2011/04/07,4.25,4.29,4.16,4.27,7909593,126891816.00
2011/04/08,4.27,4.33,4.24,4.32,7536306,122764624.00
2011/04/11,4.32,4.33,4.21,4.22,7353080,119307688.00
2011/04/12,4.22,4.38,4.21,4.32,9229096,151183680.00
2011/04/13,4.31,4.38,4.26,4.38,6461496,106267360.00
2011/04/14,4.37,4.39,4.32,4.33,5676298,93893264.00
2011/04/15,4.33,4.33,4.22,4.26,6477208,104992032.00
2011/04/19,4.26,4.27,4.15,4.20,8024831,127946152.00
2011/04/20,4.16,4.20,4.03,4.08,11976407,185979680.00
2011/04/21,4.08,4.10,4.05,4.09,6358160,98815368.00
2011/04/22,4.09,4.15,4.05,4.11,6223190,97024960.00
2011/04/25,4.10,4.10,4.00,4.00,5249021,80930304.00
2011/04/26,4.00,4.04,3.95,4.02,4445318,67793184.00
2011/04/27,4.04,4.07,3.97,4.03,4016741,61603328.00
2011/04/28,4.04,4.12,3.98,4.10,6970786,107776504.00
2011/04/29,4.07,4.22,4.04,4.19,6928312,109411824.00
2011/05/03,4.18,4.23,4.12,4.21,5963749,95280368.00
2011/05/04,4.17,4.20,3.99,4.00,6285307,97535592.00
2011/05/05,3.98,4.06,3.97,4.02,3764160,57584356.00
2011/05/06,3.99,4.22,3.97,4.17,7169470,113143112.00
2011/05/09,4.16,4.22,4.12,4.17,5571023,88447544.00
2011/05/10,4.19,4.27,4.13,4.26,7503594,120248144.00
2011/05/11,4.26,4.26,4.17,4.20,5551897,88880576.00
2011/05/12,4.17,4.35,4.13,4.26,10927550,176947680.00
2011/05/13,4.26,4.33,4.23,4.30,10108273,164799024.00
2011/05/16,4.28,4.33,4.18,4.21,7774313,125584408.00
2011/05/17,4.18,4.28,4.16,4.21,5597649,89607600.00
2011/05/18,4.21,4.22,4.16,4.18,5157700,82041680.00
2011/05/20,4.07,4.14,3.96,4.01,10825495,165441824.00
2011/05/23,3.98,3.98,3.78,3.78,7432790,110144832.00
2011/05/24,3.77,3.83,3.73,3.76,3473415,50174456.00
2011/05/25,3.76,3.80,3.67,3.70,3388307,48434104.00
2011/05/26,3.72,3.76,3.67,3.68,2574026,36649560.00
2011/05/27,3.72,3.73,3.65,3.67,2731686,38561812.00
2011/05/30,3.68,3.69,3.58,3.61,2651974,36894388.00
2011/05/31,3.65,3.71,3.63,3.71,2606920,36707176.00
2011/06/01,3.72,3.76,3.68,3.73,2675961,38080160.00
2011/06/02,3.67,3.68,3.55,3.60,2888075,40049696.00
2011/06/03,3.61,3.78,3.61,3.70,3558803,50707908.00
2011/06/07,3.66,3.70,3.64,3.70,2433153,34285484.00
2011/06/08,3.68,3.71,3.62,3.68,2321101,32555102.00
2011/06/09,3.68,3.71,3.61,3.62,2626706,36781276.00
2011/06/10,3.63,3.66,3.57,3.64,2266975,31488420.00
2011/06/13,3.67,3.67,3.61,3.66,2187300,30573304.00
2011/06/28,3.80,3.98,3.80,3.89,16220504,241133408.00
2011/06/29,3.84,3.84,3.72,3.73,7944947,114848496.00
2011/06/30,3.70,3.78,3.70,3.75,4132746,59243816.00
2011/07/01,3.76,3.80,3.72,3.75,4124719,59395832.00
2011/07/04,3.77,3.96,3.75,3.93,13830715,205220704.00
2011/07/05,3.89,3.97,3.85,3.95,9239648,137523744.00
2011/07/06,3.91,3.94,3.85,3.92,5097408,75924272.00
2011/07/07,3.92,3.94,3.84,3.85,4982122,74107464.00
2011/07/08,3.90,3.92,3.84,3.85,2851339,42201752.00
2011/07/11,3.85,3.86,3.78,3.82,5026244,73111888.00
2011/07/12,3.79,3.82,3.76,3.77,3697788,53493336.00
2011/07/13,3.80,3.85,3.75,3.84,3404561,49405952.00
2011/07/14,3.83,3.86,3.80,3.83,3612222,52742284.00
2011/07/15,3.83,3.86,3.80,3.84,4004933,58457748.00
2011/07/18,3.84,3.92,3.82,3.91,6253861,92358088.00
2011/07/19,3.89,3.93,3.81,3.84,4525356,66580832.00
2011/07/20,3.88,3.89,3.81,3.83,3020127,44186504.00
2011/07/21,3.85,3.86,3.73,3.73,3737879,53832944.00
2011/07/25,3.74,3.77,3.56,3.59,5165285,72183864.00
2011/07/26,3.59,3.62,3.54,3.58,3967722,54258180.00
2011/07/27,3.58,3.62,3.54,3.61,2451190,33659364.00
2011/07/28,3.58,3.58,3.53,3.57,2792539,37962288.00
2011/07/29,3.59,3.59,3.53,3.55,1855478,25237872.00
2011/08/01,3.58,3.63,3.56,3.60,2454236,33811288.00
2011/08/02,3.59,3.59,3.53,3.58,1996357,27188012.00
2011/08/03,3.57,3.58,3.53,3.57,1816397,24756544.00
2011/08/04,3.58,3.62,3.57,3.59,2123196,29228938.00
2011/08/05,3.49,3.49,3.44,3.44,3050644,40581092.00
2011/08/08,3.43,3.43,3.08,3.31,6238613,78682984.00
2011/08/09,3.17,3.29,3.16,3.25,4207505,52505080.00
2011/08/10,3.29,3.32,3.24,3.24,2932956,37050372.00
2011/08/11,3.17,3.28,3.17,3.27,2021782,25219256.00
2011/08/12,3.29,3.34,3.28,3.31,2432695,31024004.00
2011/08/15,3.33,3.34,3.29,3.34,3046420,38922808.00
2011/08/16,3.33,3.35,3.29,3.30,2145130,27400312.00
2011/08/17,3.29,3.33,3.28,3.31,1048220,13315393.00
2011/08/18,3.33,3.35,3.27,3.28,2186019,27801940.00
2011/08/19,3.23,3.26,3.18,3.21,1843356,22839212.00
2011/08/22,3.21,3.26,3.19,3.26,1725643,21452142.00
2011/08/23,3.24,3.32,3.24,3.30,2517131,31880822.00
2011/08/24,3.33,3.34,3.27,3.28,2115776,26901326.00
2011/08/25,3.27,3.35,3.24,3.34,3363196,42766104.00
2011/08/26,3.33,3.34,3.29,3.29,4226758,53717916.00
2011/08/29,3.26,3.28,3.19,3.22,3140617,39096016.00
2011/08/30,3.24,3.36,3.23,3.31,6943701,88567808.00
2011/08/31,3.30,3.44,3.30,3.34,8702317,112592296.00
2011/09/01,3.36,3.38,3.28,3.29,4441811,56737544.00
2011/09/02,3.28,3.29,3.20,3.22,2070713,25781954.00
2011/09/05,3.20,3.20,3.11,3.12,2113613,25568640.00
2011/09/06,3.08,3.14,3.04,3.13,1528792,18308370.00
2011/09/07,3.15,3.18,3.11,3.17,1089043,13266676.00
2011/09/08,3.16,3.19,3.13,3.13,1564827,19076304.00
2011/09/09,3.18,3.20,3.13,3.13,1084497,13254130.00
2011/09/13,3.09,3.19,3.06,3.16,1874235,22744960.00
2011/09/15,3.18,3.20,3.15,3.16,1497502,18339750.00
2011/09/16,3.18,3.19,3.16,3.16,1023687,12512897.00
2011/09/19,3.16,3.16,3.07,3.09,1099351,13177845.00
2011/09/20,3.09,3.12,3.06,3.08,729175,8703495.00
2011/09/21,3.10,3.19,3.07,3.18,1703206,20699188.00
2011/09/22,3.16,3.18,3.09,3.10,1489910,18066044.00
2011/09/23,3.06,3.10,3.02,3.06,1487740,17538392.00
2011/09/26,3.03,3.08,3.01,3.01,1248695,14686264.00
2011/09/27,3.03,3.09,3.01,3.06,1460103,17199810.00
2011/09/28,3.07,3.11,3.00,3.03,1770537,20936000.00
2011/09/29,3.01,3.05,2.98,3.04,1926772,22392336.00
2011/09/30,3.02,3.09,2.99,3.04,2097203,24730978.00
2011/10/10,3.06,3.07,3.02,3.06,1261796,14882554.00
2011/10/11,3.12,3.14,3.08,3.11,2013087,24217592.00
2011/10/12,3.08,3.19,3.08,3.19,2515332,30650184.00
2011/10/13,3.18,3.20,3.17,3.19,2455889,30184916.00
2011/10/14,3.17,3.22,3.15,3.21,2548423,31371008.00
2011/10/17,3.22,3.26,3.16,3.18,1962528,24268640.00
2011/10/18,3.16,3.18,3.09,3.11,1963564,23761364.00
2011/10/19,3.11,3.14,3.06,3.13,1368994,16395992.00
2011/10/20,3.11,3.11,3.01,3.06,1379858,16246097.00
2011/10/21,3.07,3.07,2.99,3.03,938777,10993516.00
2011/10/24,3.04,3.08,2.97,3.07,3310396,38632940.00
2011/10/25,3.06,3.13,3.02,3.11,2791911,33207760.00
2011/10/26,3.08,3.15,3.07,3.11,2505646,30165406.00
2011/10/27,3.11,3.18,3.05,3.08,5149710,62076232.00
2011/10/28,3.11,3.34,3.11,3.32,10365841,129482976.00
2011/10/31,3.29,3.40,3.27,3.32,7224609,92390464.00
2011/11/01,3.29,3.35,3.27,3.34,4205463,53630036.00
2011/11/02,3.28,3.37,3.24,3.35,3881656,49242892.00
2011/11/03,3.35,3.40,3.31,3.31,5408021,69683544.00
2011/11/04,3.35,3.41,3.32,3.37,7326386,94641096.00
2011/11/07,3.36,3.36,3.28,3.29,3200887,40777676.00
2011/11/08,3.29,3.31,3.24,3.29,6407419,80669168.00
2011/11/09,3.29,3.30,3.24,3.28,4440917,55855216.00
2011/11/10,3.24,3.31,3.21,3.24,4843119,60926028.00
2011/11/11,3.27,3.35,3.23,3.28,4648564,58998528.00
2011/11/14,3.33,3.40,3.31,3.36,5528083,71402624.00
2011/11/15,3.36,3.42,3.33,3.37,4270170,55451300.00
2011/11/16,3.43,3.49,3.31,3.32,9346493,122236488.00
2011/11/17,3.31,3.34,3.27,3.33,3865749,49234088.00
2011/11/18,3.29,3.29,3.17,3.18,3060276,37952020.00
2011/11/21,3.22,3.22,3.15,3.21,2259517,27815880.00
2011/11/22,3.18,3.29,3.15,3.29,2625311,32734524.00
2011/11/23,3.28,3.32,3.24,3.25,1541229,19408090.00
2011/11/24,3.23,3.33,3.22,3.30,3014557,38111228.00
2011/11/25,3.30,3.31,3.22,3.24,1390706,17495146.00
2011/11/28,3.22,3.29,3.19,3.28,1734709,21669362.00
2011/11/29,3.29,3.32,3.27,3.31,1720334,21824280.00
2011/11/30,3.32,3.38,3.15,3.18,4595606,57617584.00
2011/12/01,3.28,3.29,3.17,3.19,5092705,63201376.00
2011/12/02,3.13,3.17,3.01,3.07,5722104,67772168.00
2011/12/05,3.05,3.05,2.94,2.95,4375513,50399040.00
2011/12/06,2.93,2.99,2.93,2.96,1132255,12974976.00
2011/12/07,2.94,2.98,2.94,2.96,769395,8830355.00
2011/12/08,2.96,2.98,2.89,2.95,1418073,16143042.00
2011/12/09,2.93,3.02,2.92,3.02,1978741,22873892.00
2011/12/12,3.01,3.01,2.96,2.98,997889,11546939.00
2011/12/13,2.96,2.99,2.83,2.85,2018254,22765392.00
2011/12/14,2.83,2.91,2.83,2.85,1643251,18344956.00
2011/12/15,2.83,2.85,2.79,2.83,1598424,17591072.00
2011/12/16,2.84,2.87,2.72,2.86,2183289,23787640.00
2011/12/19,2.85,2.93,2.78,2.92,2803610,31412036.00
2011/12/20,2.91,2.93,2.87,2.88,1553429,17465844.00
2011/12/21,2.91,2.92,2.80,2.80,1124871,12526388.00
2011/12/22,2.79,2.84,2.72,2.83,1983504,21524614.00
2011/12/23,2.80,2.88,2.80,2.84,976607,10820187.00
2011/12/26,2.82,2.88,2.80,2.84,1251230,13834805.00
2011/12/27,2.84,2.87,2.79,2.84,1200862,13214415.00
2011/12/28,2.83,2.85,2.77,2.85,1628156,17772860.00
2011/12/29,2.82,2.93,2.82,2.89,1412190,15860350.00
2011/12/30,2.87,2.91,2.86,2.88,1092881,12239383.00
2012/01/04,2.90,2.93,2.81,2.82,933377,10382886.00
2012/01/05,2.81,2.83,2.76,2.76,1304253,14177077.00
2012/01/06,2.76,2.81,2.75,2.78,1294349,14009619.00
2012/01/09,2.77,2.88,2.75,2.88,1852494,20310852.00
2012/01/10,2.88,3.02,2.85,3.01,4174300,47625268.00
2012/01/11,2.98,3.01,2.93,2.96,2912252,33464622.00
2012/01/12,3.02,3.13,2.99,3.05,8084248,96225160.00
2012/01/13,3.04,3.07,2.94,2.96,3330589,38531588.00
2012/01/16,2.92,2.98,2.85,2.91,1468060,16720336.00
2012/01/17,2.91,3.06,2.89,3.06,2404621,28014588.00
2012/01/18,3.05,3.10,3.01,3.03,3129852,37066344.00
2012/01/19,3.05,3.07,3.00,3.03,1502575,17631952.00
2012/01/20,3.01,3.06,3.01,3.03,939796,11015472.00
2012/01/30,3.01,3.07,2.98,3.05,1897169,22287240.00
2012/01/31,3.06,3.06,2.99,3.02,927118,10815790.00
2012/02/01,3.02,3.05,3.00,3.00,1040684,12185027.00
2012/02/02,3.00,3.03,2.97,3.02,1281075,14899475.00
2012/02/03,3.02,3.04,3.00,3.03,1154768,13525277.00
2012/02/06,3.04,3.07,2.98,3.00,3039743,35495792.00
2012/02/07,3.02,3.02,2.94,2.96,2315478,26710484.00
2012/02/08,2.96,3.04,2.94,3.03,1631119,18950084.00
2012/02/09,3.03,3.07,3.01,3.06,2557754,30220488.00
2012/02/10,3.08,3.08,3.04,3.06,2050376,24287876.00
2012/02/13,3.02,3.17,3.02,3.08,4120690,49498752.00
2012/02/14,3.09,3.10,3.04,3.09,2718145,32302992.00
2012/02/15,3.09,3.14,3.07,3.13,2882542,34658812.00
2012/02/16,3.11,3.24,3.11,3.19,5867917,71708288.00
2012/02/17,3.20,3.21,3.11,3.12,4087591,49591404.00
2012/02/20,3.16,3.18,3.11,3.12,2603390,31463048.00
2012/02/21,3.15,3.18,3.08,3.16,3098946,37494768.00
2012/02/22,3.15,3.17,3.11,3.17,3916461,47569128.00
2012/02/23,3.16,3.18,3.14,3.16,3200157,38997768.00
2012/02/24,3.14,3.23,3.14,3.22,4679098,57648264.00
2012/02/27,3.26,3.26,3.21,3.21,4833488,60183980.00
2012/02/28,3.22,3.24,3.15,3.17,6567263,80709912.00
2012/02/29,3.17,3.21,3.16,3.17,2897744,35532964.00
2012/03/01,3.16,3.20,3.16,3.17,2137159,26198648.00
2012/03/02,3.18,3.28,3.18,3.25,4905321,61181160.00
2012/03/05,3.25,3.39,3.23,3.31,16362599,210599808.00
2012/03/06,3.32,3.49,3.32,3.42,24789656,325231616.00
2012/03/07,3.31,3.37,3.24,3.26,21695234,274557536.00
2012/03/08,3.30,3.31,3.24,3.28,19741712,248820176.00
2012/03/15,3.16,3.21,3.13,3.19,9362174,114434896.00
2012/03/16,3.19,3.41,3.19,3.41,20102954,258785312.00
2012/03/19,3.39,3.47,3.34,3.38,16263723,212964656.00
2012/03/20,3.35,3.37,3.27,3.29,8266974,105184520.00
2012/03/21,3.31,3.38,3.23,3.36,8711833,110991064.00
2012/03/22,3.26,3.36,3.24,3.35,47654640,605482496.00
2012/03/23,3.33,3.41,3.24,3.32,21563392,275072064.00
2012/03/26,3.29,3.30,3.11,3.20,14349896,177039584.00
2012/03/27,3.22,3.34,3.20,3.31,27942585,352714592.00
2012/03/28,3.20,3.21,3.01,3.03,22238542,264956176.00
2012/03/29,3.02,3.03,2.90,2.92,9981963,114387016.00
2012/03/30,2.93,2.98,2.83,2.94,7580928,86432608.00
2012/04/05,2.94,3.00,2.92,2.99,6682427,76867296.00
2012/04/06,3.00,3.07,2.96,2.97,14494612,168868272.00
2012/04/09,2.99,3.04,2.86,2.88,41364399,474238304.00
2012/04/10,2.84,2.90,2.80,2.89,16903450,187491856.00
2012/04/11,2.85,2.96,2.83,2.94,12874115,145499984.00
2012/04/12,2.93,2.97,2.90,2.96,10573939,120656496.00
2012/04/13,2.96,3.01,2.95,2.97,13518674,155615904.00
2012/04/16,2.93,3.03,2.90,2.99,11594563,134198448.00
2012/04/17,3.01,3.03,2.91,2.91,12821512,146549664.00
2012/04/19,2.97,3.00,2.94,2.95,9980744,115089088.00
2012/04/20,2.94,3.01,2.93,3.00,10266580,118421784.00
2012/04/23,3.00,3.02,2.97,3.00,9999109,115947376.00
2012/04/24,2.98,3.08,2.98,3.08,18899379,222791712.00
2012/04/25,3.08,3.11,3.04,3.08,11049922,131688192.00
2012/04/26,3.08,3.10,3.04,3.06,6228028,73966624.00
2012/04/27,3.06,3.13,3.05,3.10,6949816,82940832.00
2012/05/02,3.14,3.26,3.12,3.24,16066070,198446784.00
2012/05/03,3.21,3.26,3.20,3.22,7673171,95137944.00
2012/05/04,3.23,3.26,3.18,3.25,7555654,93850688.00
2012/05/07,3.22,3.35,3.22,3.33,13557901,172802752.00
2012/05/08,3.34,3.42,3.28,3.38,12239489,158428176.00
2012/05/09,3.36,3.41,3.29,3.29,10343378,133186464.00
2012/05/10,3.29,3.44,3.26,3.44,11631464,150916288.00
2012/05/11,3.42,3.46,3.39,3.42,7292430,96053672.00
2012/05/14,3.46,3.51,3.33,3.35,11023585,145691472.00
2012/05/15,3.33,3.41,3.31,3.40,6484321,83769704.00
2012/05/16,3.42,3.48,3.26,3.28,8983479,116274600.00
2012/05/17,3.29,3.38,3.27,3.34,5726623,73091160.00
2012/05/18,3.24,3.41,3.24,3.40,8566919,110605640.00
2012/05/21,3.38,3.47,3.36,3.37,5952412,77798112.00
2012/05/22,3.38,3.47,3.34,3.43,7573220,55279468.00
2012/05/23,3.38,3.42,3.28,3.42,12694014,90561648.00
2012/05/24,3.41,3.48,3.35,3.38,8377847,60927100.00
2012/05/25,3.37,3.38,3.28,3.33,8814388,62543684.00
2012/05/28,3.32,3.38,3.26,3.34,9351713,66312652.00
2012/05/29,3.35,3.46,3.30,3.40,16578741,119281152.00
2012/05/30,3.38,3.47,3.37,3.44,11758449,85892576.00
2012/05/31,3.42,3.46,3.40,3.46,8594327,62844452.00
2012/06/01,3.47,3.48,3.36,3.37,10939202,79447744.00
2012/06/04,3.32,3.36,3.21,3.23,9561629,67078172.00
2012/06/05,3.26,3.31,3.22,3.28,6871413,47903240.00
2012/06/06,3.28,3.30,3.24,3.28,3970335,27722840.00
2012/06/07,3.29,3.33,3.22,3.24,4588647,32083804.00
2012/06/08,3.31,3.31,3.23,3.24,5019853,34976424.00
2012/06/11,3.24,3.28,3.18,3.27,4915874,33975036.00
2012/06/12,3.25,3.29,3.23,3.24,4643782,32308928.00
2012/06/13,3.26,3.42,3.26,3.39,12145053,86998392.00
2012/06/14,3.39,3.57,3.37,3.50,21046913,156054592.00
2012/06/15,3.51,3.56,3.42,3.47,13260287,98572544.00
2012/06/18,3.49,3.56,3.44,3.48,6689016,49774016.00
2012/06/19,3.49,3.53,3.43,3.47,6890826,50820756.00
2012/06/20,3.50,3.50,3.41,3.42,4912326,35890124.00
2012/06/21,3.42,3.42,3.30,3.37,7107048,50700936.00
2012/06/25,3.36,3.47,3.30,3.34,9203921,66479164.00
2012/06/26,3.32,3.37,3.28,3.35,3255958,23113636.00
2012/06/27,3.35,3.37,3.30,3.30,3211710,22819868.00
2012/06/28,3.32,3.38,3.26,3.30,8805486,62231440.00
2012/06/29,3.30,3.31,3.21,3.24,10508656,73038328.00
2012/07/02,3.25,3.27,3.15,3.20,14854159,101172248.00
2012/07/03,3.17,3.23,3.15,3.20,5603541,38366008.00
2012/07/04,3.21,3.25,3.18,3.22,4886574,33556968.00
2012/07/05,3.22,3.23,3.01,3.09,10229489,67552040.00
2012/07/06,3.11,3.18,3.07,3.15,5229654,34915732.00
2012/07/09,3.15,3.15,3.06,3.08,6277490,41633000.00
2012/07/10,3.06,3.10,2.99,3.00,8078794,52518064.00
2012/07/11,2.99,3.03,2.87,2.89,9662812,60952456.00
2012/07/12,2.89,2.99,2.88,2.98,8050025,50635468.00
2012/07/13,2.98,2.99,2.91,2.92,4237626,26721120.00
2012/07/16,2.92,2.94,2.85,2.85,3995129,24751468.00
2012/07/17,2.86,2.93,2.86,2.92,3201589,19930116.00
2012/07/18,2.89,2.96,2.89,2.95,4163659,26249720.00
2012/07/19,2.95,3.06,2.95,2.99,4321745,27936396.00
2012/07/20,3.01,3.09,2.98,3.03,4918430,32076862.00
2012/07/23,2.99,3.06,2.93,3.04,4741648,30488096.00
2012/07/24,3.02,3.06,3.00,3.01,2067677,13417343.00
2012/07/25,3.04,3.04,2.93,2.93,3857003,24536712.00
2012/07/26,2.93,2.98,2.93,2.97,3606541,22925128.00
2012/07/27,2.97,2.98,2.86,2.91,6362663,39736012.00
2012/07/30,2.90,2.93,2.88,2.89,2025142,12619158.00
2012/07/31,2.91,2.91,2.85,2.87,2690223,16673726.00
2012/08/01,2.88,2.94,2.78,2.90,3683894,22975700.00
2012/08/02,2.88,2.91,2.87,2.90,2029686,12608864.00
2012/08/03,2.90,2.98,2.89,2.97,4171662,26501040.00
2012/08/06,2.97,3.01,2.95,2.99,4348467,27778340.00
2012/08/07,2.99,2.99,2.97,2.98,2964469,18949540.00
2012/08/08,2.98,3.00,2.91,2.92,4690498,29635176.00
2012/08/09,2.94,2.97,2.91,2.96,2290273,14459350.00
2012/08/10,2.96,3.28,2.93,3.28,29160567,198354656.00
2012/08/13,3.30,3.45,3.19,3.32,35302438,248901152.00
2012/08/14,3.29,3.37,3.21,3.30,17380291,122196504.00
2012/08/15,3.37,3.43,3.21,3.27,20633955,146213360.00
2012/08/16,3.22,3.22,3.10,3.19,13511652,90983744.00
2012/08/17,3.16,3.18,3.10,3.14,5545550,37183272.00
2012/08/20,3.08,3.20,3.05,3.15,6748416,45108812.00
2012/08/21,3.15,3.21,3.14,3.16,5300585,35947600.00
2012/08/22,3.16,3.30,3.11,3.21,11210405,76647968.00
2012/08/23,3.18,3.20,3.12,3.19,8501742,57486032.00
2012/08/24,3.16,3.16,3.06,3.07,5714571,37984368.00
2012/08/27,3.06,3.09,2.99,3.01,5961696,38793316.00
2012/08/28,3.02,3.08,3.02,3.03,3967462,25901036.00
2012/08/29,3.02,3.10,2.99,3.05,4231648,27794780.00
2012/08/30,3.10,3.10,3.01,3.02,3302780,21512294.00
2012/08/31,3.01,3.08,2.99,3.07,2957613,19307774.00
2012/09/03,3.01,3.16,3.01,3.11,5624607,37429948.00
2012/09/04,3.10,3.12,3.07,3.08,3480916,23024894.00
2012/09/05,3.06,3.21,3.05,3.20,7013897,47308220.00
2012/09/06,3.22,3.23,3.16,3.18,6575101,44840456.00
2012/09/07,3.22,3.31,3.18,3.25,10918755,75686696.00
2012/09/10,3.26,3.35,3.23,3.34,13906284,97836560.00
2012/09/11,3.34,3.35,3.25,3.27,5636578,39342336.00
2012/09/12,3.29,3.34,3.21,3.25,7247059,50538196.00
2012/09/13,3.23,3.28,3.18,3.19,7118488,49089728.00
2012/09/14,3.20,3.25,3.16,3.19,5687535,38903132.00
2012/09/17,3.19,3.22,3.14,3.15,4354770,29604244.00
2012/09/18,3.14,3.19,3.11,3.18,3686257,24813162.00
2012/09/19,3.18,3.20,3.11,3.17,3294079,22258764.00
2012/09/20,3.16,3.18,3.02,3.03,4498246,29968060.00
2012/09/21,3.02,3.10,3.02,3.07,3881679,25581648.00
2012/09/24,3.03,3.11,2.99,3.07,3022601,19824486.00
2012/09/25,3.09,3.15,3.06,3.13,6335292,42269352.00
2012/09/26,3.15,3.19,3.10,3.13,6006066,40415412.00
2012/09/27,3.13,3.29,3.11,3.22,9950471,68695776.00
2012/09/28,3.21,3.26,3.18,3.23,6793334,46746468.00
2012/10/08,3.22,3.41,3.21,3.30,12352631,87214648.00
2012/10/09,3.32,3.39,3.30,3.33,9807296,69786256.00
2012/10/10,3.33,3.37,3.31,3.35,7750049,55298176.00
2012/10/11,3.35,3.35,3.24,3.25,7786584,54388452.00
2012/10/12,3.28,3.33,3.25,3.31,5610886,39444312.00
2012/10/15,3.33,3.34,3.26,3.29,4175924,29333666.00
2012/10/16,3.32,3.35,3.29,3.32,5081816,36015912.00
2012/10/17,3.33,3.37,3.31,3.35,4064828,28958918.00
2012/10/18,3.37,3.45,3.37,3.39,10433988,75576944.00
2012/10/19,3.41,3.41,3.35,3.39,4393638,31532998.00
2012/10/23,3.45,3.46,3.23,3.23,15465476,108857592.00
2012/10/24,3.21,3.29,3.21,3.26,4111063,28601260.00
2012/10/25,3.27,3.31,3.23,3.25,3382321,23569920.00
2012/10/26,3.24,3.28,3.21,3.24,4082240,28279750.00
2012/10/29,3.21,3.34,3.21,3.30,7249564,50757160.00
2012/10/30,3.29,3.34,3.28,3.29,3234805,22758298.00
2012/10/31,3.31,3.37,3.29,3.37,5783636,41141324.00
2012/11/01,3.38,3.39,3.35,3.39,8356458,59932196.00
2012/11/02,3.39,3.51,3.36,3.49,15056598,110252184.00
2012/11/05,3.49,3.61,3.47,3.47,19165290,144138384.00
2012/11/06,3.45,3.51,3.40,3.45,6771707,49592464.00
2012/11/07,3.45,3.50,3.43,3.45,4711110,34701520.00
2012/11/08,3.44,3.60,3.41,3.53,19256675,144735040.00
2012/11/09,3.51,3.62,3.50,3.58,11917669,90244840.00
2012/11/12,3.57,3.64,3.54,3.58,11249390,85675728.00
2012/11/13,3.58,3.59,3.45,3.45,10196690,76031096.00
2012/11/14,3.45,3.51,3.41,3.48,7932047,58375008.00
2012/11/15,3.41,3.52,3.40,3.41,7971713,58669068.00
2012/11/16,3.41,3.43,3.31,3.35,10590428,76206600.00
2012/11/19,3.35,3.41,3.32,3.39,3724683,26730878.00
2012/11/20,3.40,3.54,3.39,3.50,11033109,81854624.00
2012/11/21,3.52,3.60,3.50,3.59,13098918,99072672.00
2012/11/22,3.59,3.59,3.48,3.49,6179291,46223760.00
2012/11/23,3.52,3.73,3.51,3.64,24286238,188117200.00
2012/11/26,3.62,3.72,3.60,3.69,14461305,112637728.00
2012/11/27,3.67,3.68,3.57,3.58,10366923,79468752.00
2012/11/28,3.56,3.58,3.48,3.51,9674226,72270640.00
2012/11/29,3.51,3.56,3.46,3.51,7208433,53736752.00
2012/11/30,3.52,3.61,3.47,3.60,6752586,50920180.00
2012/12/03,3.58,3.65,3.47,3.47,11222448,84337360.00
2012/12/04,3.47,3.61,3.46,3.61,8307406,62137544.00
2012/12/05,3.60,3.75,3.58,3.69,15813548,123222688.00
2012/12/06,3.69,3.81,3.65,3.76,16713322,132885664.00
2012/12/07,3.76,3.80,3.68,3.78,14960682,118593408.00
2012/12/10,3.77,3.78,3.67,3.73,21850302,171584624.00
2012/12/11,3.69,3.71,3.64,3.68,13579304,105729040.00
2012/12/12,3.67,3.74,3.65,3.73,11053667,86536176.00
2012/12/13,3.72,3.74,3.62,3.66,12006820,93387296.00
2012/12/14,3.67,3.77,3.66,3.75,18775477,148112192.00
2012/12/17,3.75,3.80,3.65,3.69,22328442,175068992.00
2012/12/18,3.69,3.73,3.64,3.68,15096286,117777352.00
2012/12/19,3.67,3.70,3.62,3.66,11662496,90493576.00
2012/12/20,3.66,3.85,3.66,3.85,28253464,225976608.00
2012/12/21,3.86,3.86,3.71,3.78,21516700,171859072.00
2012/12/24,3.76,3.85,3.75,3.82,12484116,100420824.00
2012/12/25,3.82,3.89,3.78,3.87,19025756,154740432.00
2012/12/26,3.96,4.11,3.90,3.95,43587253,366261376.00
2012/12/27,3.94,4.06,3.89,4.00,27013862,225754448.00
2012/12/28,4.00,4.05,3.96,4.00,13134855,110756496.00
2012/12/31,4.01,4.06,3.95,3.96,15792492,132728672.00
2013/01/04,3.98,4.01,3.91,3.96,11380154,94623360.00
2013/01/07,3.97,4.06,3.93,4.05,15643193,131880368.00
2013/01/08,4.06,4.18,4.04,4.14,23487366,203723792.00
2013/01/09,4.14,4.16,4.06,4.09,15884778,137374256.00
2013/01/10,4.10,4.12,4.04,4.09,10767868,92555368.00
2013/01/11,4.10,4.14,4.05,4.08,12395820,106757784.00
2013/01/14,4.07,4.20,4.06,4.19,13403123,117522808.00
2013/01/15,4.19,4.23,4.15,4.22,15358004,135134256.00
2013/01/16,4.22,4.31,4.19,4.22,17222062,153626560.00
2013/01/17,4.22,4.33,4.20,4.27,12173012,109060752.00
2013/01/18,4.29,4.47,4.28,4.44,21997054,203024448.00
2013/01/21,4.53,4.57,4.37,4.41,21463964,200161600.00
2013/01/22,4.41,4.52,4.21,4.27,26408546,241239312.00
2013/01/23,4.22,4.33,4.20,4.29,11340934,101682424.00
2013/01/24,4.33,4.33,4.13,4.16,18136812,160785056.00
2013/01/25,4.17,4.25,4.16,4.24,11974906,105909176.00
2013/01/28,4.26,4.31,4.22,4.29,13342275,119615840.00
2013/01/29,4.30,4.30,4.23,4.28,12799205,114599072.00
2013/01/30,4.28,4.28,4.13,4.18,19317525,169941344.00
2013/01/31,4.19,4.41,4.13,4.30,25221619,227188224.00
2013/02/01,4.30,4.37,4.26,4.34,13675608,124346480.00
2013/02/04,4.36,4.40,4.30,4.33,11574037,105535352.00
2013/02/05,4.31,4.39,4.30,4.37,9653207,88289208.00
2013/02/06,4.37,4.38,4.28,4.32,10571533,95883984.00
2013/02/07,4.29,4.33,4.18,4.23,14218389,126387304.00
2013/02/08,4.23,4.31,4.21,4.27,8809990,78840968.00
2013/02/18,4.29,4.32,4.25,4.28,8679271,78074136.00
2013/02/19,4.28,4.31,4.15,4.16,12488078,111068752.00
2013/02/20,4.15,4.27,4.15,4.25,10617339,94570624.00
2013/02/21,4.21,4.22,4.11,4.14,11979634,104644944.00
2013/02/22,4.14,4.26,4.11,4.19,10781886,95033632.00
2013/02/25,4.24,4.25,4.18,4.22,6450879,57198744.00
2013/02/26,4.20,4.34,4.18,4.23,13497167,121317416.00
2013/02/27,4.25,4.35,4.25,4.34,14851852,134711472.00
2013/02/28,4.36,4.37,4.30,4.37,13267719,121147816.00
2013/03/01,4.36,4.36,4.28,4.34,10945133,99350672.00
2013/03/04,4.32,4.40,4.21,4.25,13349478,120795328.00
2013/03/05,4.25,4.28,4.22,4.27,8824557,78797680.00
2013/03/06,4.26,4.35,4.24,4.30,12924357,116886608.00
2013/03/07,4.28,4.34,4.24,4.28,10026464,90487112.00
2013/03/08,4.29,4.32,4.15,4.17,13111011,116036248.00
2013/03/11,4.17,4.22,4.12,4.19,6333278,55469116.00
2013/03/12,4.21,4.28,4.06,4.15,14858517,130426440.00
2013/03/13,4.09,4.16,4.01,4.03,14570831,124688704.00
2013/03/14,4.02,4.11,4.02,4.05,5749879,49137508.00
2013/03/15,4.04,4.16,4.03,4.06,9081583,78303792.00
2013/03/18,4.08,4.16,4.05,4.13,7928221,68869312.00
2013/03/19,4.15,4.20,4.11,4.20,11158787,97654624.00
2013/03/20,4.21,4.24,4.18,4.22,6881519,60906976.00
2013/03/21,4.24,4.37,4.21,4.33,16075226,145656224.00
2013/03/22,4.33,4.38,4.31,4.32,8989827,81956016.00
2013/03/25,4.35,4.46,4.32,4.45,16783641,154849232.00
2013/03/26,4.43,4.47,4.38,4.42,8806929,81585120.00
2013/03/27,4.43,4.50,4.42,4.44,9792774,91349080.00
2013/03/28,4.41,4.42,4.30,4.32,9582442,87478808.00
2013/03/29,4.34,4.43,4.31,4.39,10081916,92374824.00
2013/04/01,4.38,4.38,4.27,4.31,9425212,85636176.00
2013/04/02,4.32,4.41,4.28,4.32,10795536,98458544.00
2013/04/03,4.32,4.44,4.31,4.40,11415335,105399072.00
2013/04/08,4.36,4.55,4.35,4.51,19671561,185046720.00
2013/04/09,4.52,4.56,4.46,4.53,10108883,95660120.00
2013/04/10,4.61,4.64,4.42,4.53,18067432,172098368.00
2013/04/11,4.54,4.55,4.47,4.48,6639789,62605912.00
2013/04/12,4.48,4.54,4.44,4.50,7417657,70102624.00
2013/04/15,4.50,4.50,4.32,4.33,14423538,132620456.00
2013/04/16,4.33,4.35,4.15,4.23,17881775,159595568.00
2013/04/17,4.23,4.28,4.20,4.25,6312207,56323796.00
2013/04/18,4.27,4.27,4.21,4.26,4818514,43057464.00
2013/04/19,4.26,4.38,4.24,4.35,8068536,73305216.00
2013/04/22,4.31,4.35,4.18,4.27,17416922,156226096.00
2013/04/23,4.29,4.32,4.21,4.23,11601593,103955688.00
2013/04/24,4.24,4.30,4.21,4.28,10112269,90502760.00
2013/04/25,4.28,4.29,4.18,4.18,11903262,105904840.00
2013/04/26,4.20,4.28,4.16,4.27,7642599,68037784.00
2013/05/02,4.27,4.39,4.24,4.38,9435538,86027416.00
2013/05/03,4.38,4.44,4.36,4.39,8566687,79087752.00
2013/05/06,4.41,4.46,4.37,4.44,7317527,67947104.00
2013/05/07,4.46,4.59,4.45,4.53,15079550,143149088.00
2013/05/08,4.54,4.55,4.45,4.52,9607161,90622944.00
2013/05/09,4.49,4.52,4.42,4.47,8379858,78312256.00
2013/05/10,4.47,4.60,4.46,4.59,15856099,150881888.00
2013/05/13,4.60,4.66,4.54,4.63,11405357,109906296.00
2013/05/14,4.61,4.66,4.52,4.58,8267607,79394672.00
2013/05/15,4.57,4.62,4.54,4.57,6717474,64235160.00
2013/05/16,4.56,4.81,4.53,4.80,25523860,249534976.00
2013/05/17,4.80,4.96,4.76,4.91,20991092,213263936.00
2013/05/20,4.91,4.96,4.86,4.91,14897515,152817856.00
2013/05/21,4.96,4.97,4.83,4.87,12123220,123568984.00
2013/05/22,4.90,4.94,4.81,4.87,13644080,139134768.00
2013/05/23,4.83,5.01,4.83,4.87,15564455,160259552.00
2013/05/24,4.92,4.96,4.86,4.93,7306590,74961568.00
2013/05/27,4.96,5.04,4.91,4.98,11039972,114692864.00
2013/05/28,4.98,5.50,4.94,5.40,38825355,426497664.00
2013/05/29,5.38,5.47,5.26,5.41,21063954,234906432.00
2013/05/30,5.37,5.54,5.34,5.42,16043610,182170144.00
2013/05/31,5.45,5.51,5.35,5.43,10108595,114218344.00
2013/06/03,5.43,5.62,5.40,5.43,19775552,227126144.00
2013/06/04,5.47,5.47,5.23,5.27,20758734,227803408.00
2013/06/05,5.25,5.35,5.24,5.27,6411428,70149672.00
2013/06/06,5.27,5.49,5.25,5.38,16532375,184637632.00
2013/06/07,5.36,5.44,5.21,5.27,14766960,162119856.00
2013/06/13,5.18,5.32,5.05,5.25,14688212,158024224.00
2013/06/14,5.25,5.35,5.22,5.24,9746319,106402744.00
2013/06/17,5.27,5.28,5.13,5.14,10384954,111946856.00
2013/06/18,5.13,5.18,5.03,5.07,12076914,127128768.00
2013/06/19,5.06,5.06,4.82,4.93,16198343,165201152.00
2013/06/20,4.88,4.92,4.73,4.78,12986997,130055552.00
2013/06/21,4.72,4.87,4.58,4.82,10500473,103594736.00
2013/06/24,4.78,4.83,4.46,4.65,14010951,135945888.00
2013/06/25,4.59,4.83,4.46,4.82,18200745,176131952.00
2013/06/26,4.85,4.87,4.73,4.83,13136662,131094504.00
2013/06/27,4.84,4.93,4.81,4.84,12479744,125821008.00
2013/06/28,4.82,5.00,4.79,4.90,12139555,123325696.00
2013/07/01,4.91,4.98,4.83,4.97,7154148,73233720.00
2013/07/02,4.97,5.00,4.93,5.00,6830925,70349400.00
2013/07/03,5.00,5.05,4.91,5.03,8867200,91655912.00
2013/07/04,4.97,5.10,4.93,5.02,9212151,95891088.00
2013/07/05,5.04,5.05,4.90,4.94,9529653,97929768.00
2013/07/08,4.91,4.91,4.80,4.81,6830824,68602912.00
2013/07/09,4.82,4.94,4.79,4.92,5560498,56099368.00
2013/07/10,5.03,5.21,5.02,5.08,15628325,165261104.00
2013/07/11,5.11,5.30,5.11,5.25,18944479,204399456.00
2013/07/12,5.29,5.30,5.14,5.15,13312418,143504224.00
2013/07/15,5.14,5.25,5.11,5.17,9963685,106931520.00
2013/07/16,5.19,5.29,5.17,5.22,9164226,99466728.00
2013/07/17,5.17,5.21,5.09,5.11,10659481,113393848.00
2013/07/18,5.11,5.13,4.99,5.07,6163756,64511936.00
2013/07/19,5.11,5.14,4.90,4.92,10981852,114606248.00
2013/07/22,4.90,5.09,4.84,5.05,7475007,76836872.00
2013/07/23,5.06,5.20,5.04,5.20,10008226,106755496.00
2013/07/24,5.20,5.25,5.11,5.17,8687893,93005080.00
2013/07/25,5.19,5.23,5.10,5.13,5632162,59952532.00
2013/07/26,5.11,5.18,5.08,5.13,6737222,71586728.00
2013/07/29,5.16,5.16,4.99,5.03,7778962,81140320.00
2013/07/30,5.01,5.09,4.99,5.05,5819909,60629624.00
2013/07/31,5.02,5.12,5.02,5.11,4929943,51749008.00
2013/08/01,5.09,5.24,5.08,5.21,6859207,73462664.00
2013/08/02,5.23,5.34,5.19,5.31,11733100,128284984.00
2013/08/05,5.31,5.53,5.29,5.48,11936259,134017848.00
2013/08/06,5.45,5.84,5.43,5.77,26264042,309769408.00
2013/08/07,5.77,5.78,5.64,5.69,12810966,151215504.00
2013/08/08,5.69,5.83,5.64,5.72,10829126,128771296.00
2013/08/09,5.74,5.78,5.57,5.66,10260112,119982032.00
2013/08/12,5.73,5.80,5.62,5.79,8870142,104427608.00
2013/08/13,5.78,5.91,5.72,5.87,11112499,133506536.00
2013/08/14,5.85,5.86,5.69,5.72,8607750,102411552.00
2013/08/15,5.74,5.75,5.56,5.57,8237184,96057456.00
2013/08/16,5.57,6.14,5.52,5.61,14126130,165376656.00
2013/08/19,5.52,5.78,5.52,5.76,9553690,112457600.00
2013/08/20,5.76,5.79,5.68,5.72,6662183,78825280.00
2013/08/21,5.77,5.77,5.61,5.68,6583008,76981728.00
2013/08/22,5.68,5.74,5.63,5.64,5487428,64171284.00
2013/08/23,5.63,5.69,5.58,5.68,6056650,70566216.00
2013/08/26,5.68,5.75,5.64,5.70,8852058,104067528.00
2013/08/27,5.70,5.84,5.67,5.84,8147270,96637496.00
2013/08/28,5.85,5.95,5.77,5.77,10821840,130704816.00
2013/08/29,5.81,5.86,5.75,5.84,4939046,58939948.00
2013/08/30,5.82,5.85,5.70,5.73,9427402,111939840.00
2013/09/02,5.74,5.74,5.63,5.67,10953165,127973824.00
2013/09/03,5.70,5.72,5.65,5.69,6843195,80177984.00
2013/09/04,5.67,5.76,5.67,5.69,4851790,57183840.00
2013/09/05,5.69,5.69,5.51,5.52,11881449,137334688.00
2013/09/06,5.53,5.60,5.51,5.54,7434347,85222416.00
2013/09/09,5.53,5.64,5.46,5.59,9738536,111338632.00
2013/09/10,5.57,5.68,5.54,5.59,9755501,112510360.00
2013/09/11,5.61,5.61,5.49,5.56,8161392,93527728.00
2013/09/12,5.55,5.65,5.50,5.63,8848370,101721288.00
2013/09/13,5.63,5.77,5.57,5.76,11075713,130295672.00
2013/09/16,5.77,5.81,5.63,5.67,8049293,94824880.00
2013/09/17,5.66,5.68,5.52,5.62,6506574,75123376.00
2013/09/18,5.57,5.61,5.45,5.51,6828408,77639024.00
2013/09/23,5.52,5.56,5.47,5.50,7956472,90446472.00
2013/09/24,5.51,5.56,5.45,5.46,6772036,76873936.00
2013/09/25,5.47,5.55,5.47,5.49,5398822,61424576.00
2013/09/26,5.48,5.49,5.24,5.25,8632232,95740312.00
2013/09/27,5.27,5.40,5.26,5.36,5341509,59132040.00
2013/09/30,5.41,5.53,5.36,5.45,7817417,88134792.00
2013/10/08,5.53,5.53,5.42,5.48,4655855,52567840.00
2013/10/09,5.48,5.53,5.40,5.48,7414083,83699392.00
2013/10/10,5.59,5.73,5.55,5.62,19405725,226073600.00
2013/10/11,5.67,5.67,5.55,5.63,11557190,133722720.00
2013/10/14,5.65,5.74,5.62,5.70,11162307,131194032.00
2013/10/15,5.67,5.76,5.62,5.71,9361458,110037408.00
2013/10/16,5.69,5.72,5.59,5.62,7919691,92056824.00
2013/10/17,5.63,5.66,5.54,5.57,9813810,113352576.00
2013/10/18,5.57,5.62,5.57,5.61,3895157,44986420.00
2013/10/21,5.63,5.69,5.56,5.65,9031422,104811000.00
2013/10/22,5.66,5.84,5.61,5.74,15762341,186990928.00
2013/10/23,5.77,5.96,5.62,5.76,18879905,226088624.00
2013/10/24,5.72,5.75,5.62,5.66,6218520,72807352.00
2013/10/25,5.64,5.68,5.51,5.55,8016980,92502008.00
2013/10/28,5.54,5.62,5.43,5.60,6470532,74137024.00
2013/10/29,5.61,5.74,5.52,5.70,13889010,161741440.00
2013/10/30,5.70,6.14,5.67,5.89,40665086,498715296.00
2013/10/31,5.87,5.87,5.64,5.68,19918982,235866048.00
2013/11/01,5.65,5.81,5.65,5.74,10725467,127102560.00
2013/11/04,5.78,5.86,5.72,5.77,14186010,169549712.00
2013/11/05,5.72,5.79,5.67,5.77,9125898,108379216.00
2013/11/06,5.73,6.08,5.70,5.80,24079026,291487136.00
2013/11/07,5.78,5.95,5.74,5.75,13764771,165789136.00
2013/11/08,5.75,5.79,5.67,5.69,11280350,133554992.00
2013/11/11,5.77,5.80,5.69,5.77,7581051,90032760.00
2013/11/12,5.76,5.80,5.64,5.67,13987079,164767120.00
2013/11/13,5.66,5.68,5.48,5.50,10824802,124842952.00
2013/11/14,5.49,5.58,5.46,5.49,9144760,104013272.00
2013/11/15,5.50,5.63,5.50,5.55,8894787,102290136.00
2013/11/18,5.61,5.64,5.48,5.63,11976124,137569760.00
2013/11/19,5.62,5.72,5.61,5.68,8342026,97698840.00
2013/11/20,5.71,5.74,5.54,5.69,10676606,123968928.00
2013/11/21,5.65,5.65,5.57,5.61,6357301,73444264.00
2013/11/22,5.62,5.64,5.50,5.51,8127209,93114968.00
2013/11/25,5.50,5.60,5.46,5.54,5741567,65749948.00
2013/11/26,5.54,5.59,5.51,5.55,5677826,65117952.00
2013/11/27,5.52,5.57,5.48,5.53,6184489,70524776.00
2013/11/28,5.56,5.64,5.54,5.62,7286647,84301256.00
2013/11/29,5.62,5.68,5.46,5.65,8668901,100929672.00
2013/12/02,5.56,5.79,5.56,5.66,12696463,148894208.00
2013/12/03,5.62,5.82,5.62,5.78,20829133,247559568.00
2013/12/04,5.77,5.90,5.74,5.81,13897602,166976608.00
2013/12/05,5.81,5.81,5.72,5.75,6779050,80594928.00
2013/12/06,5.73,5.78,5.67,5.71,5996572,70795440.00
2013/12/09,5.72,5.83,5.72,5.79,8614574,102695360.00
2013/12/10,5.80,5.84,5.77,5.78,8970762,107499632.00
2013/12/11,5.76,5.78,5.68,5.69,5645525,66507104.00
2013/12/12,5.71,5.76,5.68,5.69,3850758,45311776.00
2013/12/13,5.69,5.72,5.63,5.67,3751571,44021020.00
2013/12/16,5.66,5.71,5.54,5.58,6872286,79488328.00
2013/12/17,5.58,5.60,5.54,5.57,3746860,43058264.00
2013/12/18,5.57,5.60,5.55,5.59,6517479,75164248.00
2013/12/19,5.59,5.61,5.54,5.57,6955374,80139168.00
2013/12/20,5.59,5.59,5.47,5.49,8848800,101314824.00
2013/12/23,5.51,5.54,5.43,5.45,3874988,43751796.00
2013/12/24,5.48,5.54,5.48,5.50,5667635,64493328.00
2013/12/25,5.51,5.55,5.48,5.55,2958914,33735408.00
2013/12/26,5.54,5.56,5.41,5.42,4140075,46763608.00
2013/12/27,5.43,5.49,5.38,5.44,4450345,50088632.00
2013/12/30,5.47,5.49,5.33,5.36,9205805,102777392.00
2013/12/31,5.30,5.46,5.30,5.40,5051672,56389536.00
2014/01/02,5.39,5.46,5.37,5.44,2514380,28238458.00
2014/01/03,5.39,5.45,5.33,5.41,3637131,40532488.00
2014/01/06,5.37,5.40,5.21,5.21,6168682,67464640.00
2014/01/07,5.18,5.20,4.93,5.01,17205638,178844016.00
2014/01/08,5.00,5.04,4.87,5.00,9827823,100997576.00
2014/01/09,4.96,5.01,4.93,4.97,4637581,47890584.00
2014/01/10,4.94,4.99,4.82,4.88,7510972,76197808.00
2014/01/13,4.94,5.09,4.93,5.08,8013831,83074928.00
2014/01/14,5.07,5.22,5.06,5.20,7687268,81856296.00
2014/01/15,5.20,5.20,5.12,5.16,4139742,44227964.00
2014/01/16,5.14,5.18,5.10,5.17,6067245,64654248.00
2014/01/17,5.18,5.18,5.03,5.03,4959262,52371776.00
2014/01/20,5.04,5.04,4.82,4.86,12127799,123682288.00
2014/01/21,4.88,4.98,4.82,4.92,8655320,88370464.00
2014/01/22,4.92,5.02,4.88,5.00,7430859,76588072.00
2014/01/23,5.04,5.23,5.02,5.08,9671010,103069504.00
2014/01/24,5.11,5.14,4.96,5.00,19301750,200318768.00
2014/01/27,4.97,5.00,4.91,4.97,5382962,55395260.00
2014/01/28,4.99,5.10,4.97,5.05,9823278,102599832.00
2014/01/29,5.07,5.24,5.07,5.19,11260038,120295456.00
2014/01/30,5.19,5.20,5.08,5.11,5616656,59764056.00
2014/02/07,5.07,5.18,5.06,5.17,4658692,49629304.00
2014/02/10,5.16,5.34,5.14,5.24,10055020,108764344.00
2014/02/11,5.23,5.29,5.18,5.21,10390973,112421400.00
2014/02/12,5.24,5.26,5.18,5.23,5815430,62747696.00
2014/02/13,5.22,5.24,5.08,5.09,12786838,135668688.00
2014/02/14,5.08,5.26,5.07,5.24,9710859,104111504.00
2014/02/17,5.25,5.30,5.20,5.24,7335338,79444064.00
2014/02/18,5.24,5.31,5.20,5.30,10419073,113714520.00
2014/02/19,5.26,5.34,5.23,5.31,7332495,79925104.00
2014/02/20,5.28,5.35,5.24,5.34,12328509,135243120.00
2014/02/21,5.35,5.43,5.32,5.38,10847373,120679064.00
2014/02/24,5.36,5.36,5.22,5.25,9039397,98475800.00
2014/02/25,5.23,5.29,5.07,5.16,8027778,86196416.00
2014/02/26,5.12,5.17,5.07,5.13,6642138,70411944.00
2014/02/27,5.13,5.20,5.04,5.13,5576644,59238204.00
2014/02/28,5.10,5.22,4.97,5.11,8571278,90137088.00
2014/03/03,5.07,5.15,5.01,5.15,7805210,82113248.00
2014/03/04,5.11,5.13,5.06,5.11,6832686,71947888.00
2014/03/05,5.12,5.18,5.05,5.06,5830068,61595756.00
2014/03/06,5.04,5.05,4.92,4.98,7446043,76935296.00
2014/03/07,5.00,5.08,5.00,5.05,10395277,108634592.00
2014/03/10,5.01,5.02,4.88,4.91,8271037,84857520.00
2014/03/11,4.88,4.94,4.85,4.90,3999646,40652608.00
2014/03/12,4.88,5.03,4.82,4.99,7255265,73520064.00
2014/03/13,5.14,5.25,5.08,5.13,17407889,186415840.00
2014/03/14,5.08,5.14,5.07,5.08,4415808,46635912.00
2014/03/17,5.07,5.12,5.01,5.05,6021240,63011752.00
2014/03/18,5.08,5.12,5.05,5.07,6465010,68075760.00
2014/03/19,5.09,5.09,4.95,5.02,7472194,77435008.00
2014/03/20,5.01,5.03,4.96,4.98,4905055,50797312.00
2014/03/21,4.94,5.10,4.94,5.08,6396099,66729660.00
2014/03/24,5.08,5.20,5.08,5.17,8459664,90097888.00
2014/03/25,5.17,5.53,5.13,5.34,25758270,284775872.00
2014/03/26,5.30,5.37,5.26,5.32,8373367,91985192.00
2014/03/27,5.33,5.45,5.29,5.34,10611829,118041216.00
2014/03/28,5.35,5.37,5.24,5.27,7771445,85378112.00
2014/03/31,5.26,5.51,5.26,5.41,12102131,135804224.00
2014/04/01,5.44,5.52,5.38,5.45,7584402,85504568.00
2014/04/02,5.41,5.53,5.41,5.46,9261393,104840992.00
2014/04/03,5.48,5.51,5.34,5.36,7935815,88641664.00
2014/04/04,5.36,5.48,5.34,5.45,6388724,71626808.00
2014/04/08,5.46,5.60,5.46,5.60,13637935,156672752.00
2014/04/09,5.62,5.67,5.52,5.57,9621855,111240784.00
2014/04/10,5.57,5.64,5.50,5.61,9979633,115408552.00
2014/04/11,5.64,5.70,5.61,5.69,11510329,134739248.00
2014/04/14,5.70,5.71,5.61,5.69,10319672,120583256.00
2014/04/15,5.63,5.66,5.57,5.59,7969333,92384648.00
2014/04/16,5.57,5.67,5.57,5.63,5243089,60924768.00
2014/04/17,5.63,5.65,5.48,5.49,11884666,136049040.00
2014/04/18,5.48,5.79,5.45,5.68,14683756,170151520.00
2014/04/21,5.64,5.73,5.55,5.57,12084531,140416816.00
2014/04/22,5.59,5.70,5.57,5.69,8956243,104314456.00
2014/04/23,5.67,5.74,5.63,5.68,5149031,60449032.00
2014/04/24,5.68,5.70,5.55,5.56,7482669,86790896.00
2014/04/25,5.53,5.63,5.51,5.52,6862643,78829664.00
2014/04/28,5.53,5.57,5.38,5.45,6684195,75449712.00
2014/04/29,5.42,5.51,5.34,5.49,6574514,73809280.00
2014/04/30,5.47,5.60,5.47,5.59,6690779,76633488.00
2014/05/05,5.57,5.69,5.54,5.67,9431005,109577736.00
2014/05/06,5.66,5.69,5.63,5.64,3271455,38121292.00
2014/05/07,5.62,5.66,5.57,5.60,4340994,50298248.00
2014/05/08,5.61,5.65,5.56,5.57,3556346,41232228.00
2014/05/09,5.61,5.61,5.41,5.47,6731036,76401080.00
2014/05/12,5.49,5.59,5.47,5.58,4560007,52251212.00
2014/05/13,5.58,5.62,5.56,5.59,3716600,42953624.00
2014/05/14,5.57,5.59,5.49,5.52,3520907,40242096.00
2014/05/15,5.52,5.54,5.42,5.42,4937497,55676056.00
2014/05/16,5.46,5.47,5.38,5.45,5785445,64904600.00
2014/05/19,5.45,5.50,5.39,5.44,3698221,41531812.00
2014/05/20,5.45,5.52,5.43,5.46,6495145,73466232.00
2014/05/21,5.42,5.59,5.40,5.56,5793138,66263168.00
2014/05/22,5.57,5.64,5.47,5.50,4360320,50174328.00
2014/05/23,5.53,5.63,5.49,5.60,4642643,53496432.00
2014/05/26,5.66,5.68,5.59,5.62,4447896,51742032.00
2014/05/27,5.62,5.73,5.60,5.69,7837851,92035056.00
2014/05/28,5.68,5.72,5.64,5.69,5185698,60714648.00
2014/05/29,5.68,5.73,5.63,5.64,6094265,71383552.00
2014/05/30,5.64,5.69,5.63,5.66,3485155,40764880.00
2014/06/03,5.65,5.76,5.65,5.70,9565336,112989416.00
2014/06/04,5.69,5.72,5.63,5.69,4833962,56584560.00
2014/06/05,5.67,5.70,5.59,5.67,4707340,54960272.00
2014/06/06,5.68,5.71,5.62,5.66,2840371,33115784.00
2014/06/09,5.66,5.69,5.61,5.64,3852996,44892060.00
2014/06/10,5.65,5.67,5.60,5.66,4434062,51593352.00
2014/06/11,5.65,5.73,5.63,5.72,7685189,90273984.00
2014/06/12,5.71,5.74,5.68,5.72,7761385,91635128.00
2014/06/13,5.70,5.80,5.70,5.77,8448591,100513712.00
2014/06/16,5.78,5.80,5.74,5.78,7121349,84835848.00
2014/06/17,5.78,5.79,5.68,5.69,5774402,68149280.00
2014/06/18,5.70,5.70,5.64,5.66,4587351,53666760.00
2014/06/19,5.69,5.70,5.62,5.63,5335396,62281292.00
2014/06/20,5.63,5.67,5.61,5.65,4019642,46826308.00
2014/06/23,5.66,5.69,5.63,5.65,2898267,33934708.00
2014/06/24,5.64,5.67,5.62,5.67,3260146,38002512.00
2014/06/25,5.66,5.68,5.62,5.66,1987520,23151194.00
2014/06/26,5.67,5.72,5.64,5.69,3740624,43975480.00
2014/06/27,5.67,5.74,5.65,5.70,4741565,55688892.00
2014/06/30,5.70,5.74,5.68,5.69,4571787,53913344.00
2014/07/01,5.71,5.72,5.67,5.68,3968492,46638868.00
2014/07/02,5.69,5.79,5.69,5.77,8338116,99063848.00
2014/07/03,5.77,6.00,5.77,5.96,18371206,223143520.00
2014/07/04,5.94,6.03,5.89,5.96,9032021,110899840.00
2014/07/07,5.97,6.06,5.93,5.96,8443717,104440208.00
2014/07/08,5.97,6.02,5.91,5.96,7839047,96371112.00
2014/07/09,5.95,6.01,5.89,5.90,6464649,79191608.00
2014/07/10,5.91,5.99,5.87,5.90,10811005,131008048.00
2014/07/11,5.89,5.97,5.85,5.91,7436760,89885512.00
2014/07/14,5.89,6.04,5.89,6.03,10511012,128565488.00
2014/07/15,6.04,6.35,5.99,6.21,29163265,370260480.00
2014/07/16,6.19,6.26,6.15,6.20,14801098,187910896.00
2014/07/17,6.20,6.22,6.13,6.17,10458047,132201232.00
2014/07/18,6.17,6.21,6.06,6.11,17474768,219527168.00
2014/07/21,6.10,6.18,6.08,6.13,8319415,104551424.00
2014/07/22,6.13,6.26,6.11,6.20,12906985,163865392.00
2014/07/23,6.23,6.23,6.10,6.11,7995011,100735552.00
2014/07/24,6.15,6.16,6.00,6.09,13759843,170981248.00
2014/07/25,6.10,6.14,6.00,6.03,10712554,132301248.00
2014/07/28,6.05,6.16,6.03,6.15,19784399,247142480.00
2014/07/29,6.15,6.17,6.08,6.12,12282512,153890992.00
2014/07/30,6.11,6.17,6.07,6.14,9587089,120176768.00
2014/07/31,6.14,6.16,6.08,6.09,10671345,133590744.00
2014/08/01,6.09,6.12,6.04,6.05,11370494,141648384.00
2014/08/04,6.03,6.06,5.90,5.99,23314184,285525248.00
2014/08/05,5.98,5.99,5.88,5.92,17948016,217643712.00
2014/08/06,5.90,5.96,5.87,5.95,17050844,206780288.00
2014/08/07,5.95,6.02,5.94,5.97,11550056,141550800.00
2014/08/08,5.97,6.14,5.97,6.08,14186431,176472240.00
2014/08/11,6.10,6.16,6.10,6.12,14799056,185669856.00
2014/08/12,6.11,6.30,6.11,6.27,23463290,298663552.00
2014/08/13,6.27,6.34,6.21,6.31,12649889,162209856.00
2014/08/14,6.26,6.41,6.25,6.25,15616965,201940128.00
2014/08/15,6.25,6.34,6.23,6.24,10949470,140933856.00
2014/08/18,6.26,6.33,6.25,6.29,10471840,134939680.00
2014/08/19,6.30,6.33,6.22,6.28,11534826,147968960.00
2014/08/20,6.29,6.33,6.26,6.30,7626116,98198008.00
2014/08/21,6.22,6.29,6.20,6.26,12926636,165424896.00
2014/08/22,6.26,6.53,6.26,6.51,20636198,270986592.00
2014/08/25,6.53,6.75,6.48,6.66,23271247,315952768.00
2014/08/26,6.64,6.77,6.53,6.60,15301097,207592496.00
2014/08/27,6.58,6.68,6.54,6.64,10252572,138998400.00
2014/08/28,6.65,6.80,6.59,6.61,15772323,216084992.00
2014/08/29,6.61,6.80,6.60,6.75,9332805,128465736.00
2014/09/01,6.82,6.97,6.82,6.96,20319960,287062656.00
2014/09/02,6.96,7.06,6.95,7.04,16520806,237026288.00
2014/09/03,7.06,7.08,6.90,7.01,15308610,218537952.00
2014/09/04,7.01,7.26,6.97,7.25,14952646,218467056.00
2014/09/05,7.25,7.46,7.25,7.42,26918709,405327360.00
2014/09/09,7.43,7.65,7.43,7.51,22428857,345614656.00
2014/09/10,7.51,7.72,7.46,7.72,15727382,242004208.00
2014/09/11,7.75,7.84,7.54,7.58,19940951,312025792.00
2014/09/12,7.58,7.70,7.46,7.60,15977498,246293856.00
2014/09/15,7.55,7.67,7.49,7.58,13241551,203709936.00
2014/09/16,7.58,7.59,7.28,7.31,17103177,259403888.00
2014/09/17,7.32,7.57,7.32,7.52,19066911,290065024.00
2014/09/18,7.53,8.05,7.53,7.88,27651091,443216416.00
2014/09/19,8.02,8.28,7.92,8.16,25704831,424248480.00
2014/09/22,8.23,8.32,7.99,8.07,13437253,220678128.00
2014/09/23,8.05,8.16,8.00,8.10,13948827,230591200.00
2014/09/24,8.10,8.25,8.01,8.11,14304922,236120192.00
2014/09/25,8.12,8.29,8.11,8.16,15451670,258143792.00
2014/09/26,8.16,8.33,8.13,8.31,8809211,148014496.00
2014/09/29,8.31,8.65,8.31,8.50,20548127,355649184.00
2014/09/30,8.48,8.74,8.45,8.73,13115818,228901904.00
2014/10/08,8.74,9.10,8.74,8.99,18122234,330933984.00
2014/10/09,8.99,9.09,8.74,8.76,16343328,294746112.00
2014/10/10,8.80,8.88,8.44,8.51,20469276,360229920.00
2014/10/13,8.48,8.60,8.28,8.32,25420310,433913632.00
2014/10/14,8.32,8.48,8.21,8.31,18646396,316109792.00
2014/10/15,8.31,8.67,8.22,8.67,20016757,345288992.00
2014/10/16,8.56,8.67,8.40,8.40,13698386,237670288.00
2014/10/17,8.40,8.68,8.25,8.50,16650400,285521376.00
2014/10/20,8.53,8.73,8.53,8.71,16670167,292977408.00
2014/10/21,8.72,8.90,8.64,8.65,14646035,260768928.00
2014/10/22,8.75,8.75,8.46,8.53,10158943,176934000.00
2014/10/23,8.51,8.55,8.14,8.15,19320252,326997472.00
2014/10/24,8.18,8.29,8.08,8.28,11498488,191950336.00
2014/10/27,8.27,8.27,7.81,7.84,18741103,302889504.00
2014/10/28,7.85,8.05,7.78,8.01,16770076,271591040.00
2014/10/29,8.08,8.31,8.04,8.23,14268035,237934256.00
2014/10/30,8.22,8.68,8.18,8.65,21634626,373087904.00
2014/10/31,8.65,8.75,8.51,8.60,14096212,246970768.00
2014/11/03,8.60,8.72,8.43,8.46,10166146,177131568.00
2014/11/04,8.46,8.55,8.40,8.49,14113395,243616368.00
2014/11/05,8.53,8.58,8.44,8.46,8601687,148742496.00
2014/11/06,8.50,8.52,8.25,8.28,11281413,191054096.00
2014/11/07,8.29,8.42,8.05,8.13,15389738,257583152.00
2014/11/10,8.19,8.26,8.08,8.20,17904563,297997312.00
2014/11/11,8.28,8.28,7.88,7.97,15745555,257617072.00
2014/11/12,7.97,8.10,7.97,8.08,7818554,128116432.00
2014/11/13,8.24,8.24,8.07,8.15,14591345,242072096.00
2014/11/14,8.15,8.23,7.98,8.13,10357481,170756800.00
2014/11/17,8.35,8.41,8.07,8.10,14284905,238371712.00
2014/11/18,8.12,8.23,8.09,8.13,10200618,169451360.00
2014/11/19,8.15,8.18,8.05,8.10,4845367,79933000.00
2014/11/20,8.10,8.10,8.00,8.04,6654162,109042808.00
2014/11/21,8.04,8.17,7.98,8.14,8860013,145163376.00
2014/11/24,8.31,8.45,8.18,8.29,23198377,392328160.00
2014/11/25,8.30,8.35,8.17,8.33,15279435,257485216.00
2014/11/26,8.39,8.65,8.36,8.59,27147948,471625664.00
2014/11/27,8.64,8.66,8.44,8.50,16995288,295206368.00
2014/11/28,8.54,8.54,8.18,8.26,23454618,396185344.00
2014/12/01,8.25,8.39,8.11,8.26,18397047,309132128.00
2014/12/02,8.26,8.39,8.25,8.37,15966937,270219456.00
2014/12/03,8.37,8.92,8.33,8.79,43720227,769747968.00
2014/12/04,8.79,9.05,8.79,8.99,23486416,427182880.00
2014/12/05,9.00,9.29,8.66,8.87,37575005,685436352.00
2014/12/08,8.87,9.56,8.86,9.49,35471655,668826112.00
2014/12/09,9.48,10.05,8.95,9.01,51164486,1001148736.00
2014/12/10,9.02,9.80,9.02,9.78,28786981,549779392.00
2014/12/11,9.75,10.23,9.50,9.80,26976419,539067520.00
2014/12/12,9.80,9.92,9.56,9.71,17276257,342004928.00
2014/12/15,9.71,9.88,9.43,9.83,16667044,327424768.00
2014/12/16,9.86,9.93,9.59,9.72,19628338,387576416.00
2014/12/17,9.73,9.78,9.46,9.61,20353791,398616768.00
2014/12/18,9.65,9.88,9.61,9.82,15911292,315668768.00
2014/12/19,9.94,10.24,9.79,10.13,32673199,668228800.00
2014/12/22,10.25,10.81,10.01,10.47,48487967,1028822272.00
2014/12/23,10.50,10.50,9.80,9.82,30309582,620553408.00
2014/12/24,9.89,10.09,9.54,9.63,23237574,460769312.00
2014/12/25,9.70,9.92,9.52,9.89,21793759,429270240.00
2014/12/26,10.00,10.19,9.86,10.07,21051294,429885824.00
2014/12/30,10.39,10.50,9.67,9.74,42160193,857097024.00
2014/12/31,9.77,10.60,9.70,10.22,47920627,988185344.00
2015/01/05,10.36,10.90,10.29,10.70,53775194,1166842624.00
2015/01/06,10.71,10.92,10.46,10.88,33190698,721946880.00
2015/01/07,10.92,11.29,10.85,11.07,31262576,700743744.00
2015/01/08,11.09,11.10,10.58,10.61,20093896,437684256.00
2015/01/09,10.63,10.82,10.29,10.37,30335835,645838592.00
2015/01/12,10.24,10.50,10.14,10.44,24899894,520359200.00
2015/01/13,10.42,10.58,10.33,10.41,11156009,236880656.00
2015/01/14,10.43,10.54,10.26,10.35,10296008,217927104.00
2015/01/15,10.35,10.60,10.30,10.55,13586114,287855776.00
2015/01/16,10.63,10.85,10.63,10.72,14760884,321519392.00
2015/01/19,10.25,10.48,9.71,9.85,33192167,678483712.00
2015/01/20,9.98,10.22,9.85,10.12,20095719,410266464.00
2015/01/21,10.15,10.53,10.08,10.49,19823971,414826752.00
2015/01/22,10.53,10.57,10.36,10.45,13739422,291086144.00
2015/01/23,10.48,10.68,10.36,10.43,14005187,299026720.00
2015/01/26,10.43,10.48,10.23,10.44,12815110,268648256.00
2015/01/27,10.44,10.65,10.25,10.45,15151891,320966464.00
2015/01/28,10.44,10.44,10.15,10.21,11975191,249438416.00
2015/01/29,10.01,10.25,10.00,10.10,12499403,256592432.00
2015/01/30,10.19,10.23,9.91,9.94,12817946,260821392.00
2015/02/02,9.80,9.91,9.68,9.79,20568156,409417408.00
2015/02/03,9.92,9.94,9.74,9.89,11125161,222435648.00
2015/02/04,9.89,10.22,9.88,10.11,14911332,305750304.00
2015/02/05,10.30,10.33,9.76,9.84,11984335,243503760.00
2015/02/06,9.84,9.85,9.35,9.46,19881424,386107552.00
2015/02/09,9.46,9.49,9.13,9.15,22059063,416273632.00
2015/02/10,9.17,9.39,9.17,9.37,14105471,265852336.00
2015/02/11,9.40,9.60,9.36,9.52,8328945,160815408.00
2015/02/12,9.53,9.60,9.40,9.53,8182973,157743408.00
2015/02/13,9.55,9.83,9.53,9.69,11558377,227688432.00
2015/02/16,9.69,9.83,9.69,9.77,8764791,173949936.00
2015/02/17,9.82,9.90,9.77,9.81,6838696,136424160.00
2015/02/25,9.83,10.25,9.77,10.00,17668551,360132960.00
2015/02/26,10.00,10.17,9.98,10.14,9530212,195413888.00
2015/02/27,10.14,10.45,10.13,10.33,16021032,334532000.00
2015/03/02,10.57,10.59,10.32,10.41,20408683,432562272.00
2015/03/03,10.36,10.41,10.06,10.11,18102763,376194848.00
2015/03/04,10.10,10.29,10.10,10.17,10725691,221694336.00
2015/03/05,10.16,10.17,9.74,9.85,21414492,429574528.00
2015/03/06,9.85,9.85,9.68,9.82,18587215,369166816.00
2015/03/09,9.82,10.10,9.76,10.08,17143429,345411392.00
2015/03/10,10.08,10.35,10.08,10.32,18912622,394386784.00
2015/03/11,10.33,10.55,10.23,10.23,14739142,309716032.00
2015/03/12,10.35,10.44,10.19,10.36,12375280,258778976.00
2015/03/13,10.46,10.57,10.37,10.49,11954921,254071248.00
2015/03/16,10.50,10.91,10.42,10.88,23602933,508170400.00
2015/03/17,10.80,11.08,10.79,11.00,24755120,548853824.00
2015/03/18,11.00,11.05,10.83,11.03,18841265,417660864.00
2015/03/19,11.02,11.30,10.91,11.21,23783460,538278080.00
2015/03/20,11.18,11.29,11.00,11.17,24916971,562214272.00
2015/03/23,11.29,11.73,11.29,11.41,32323495,751061184.00
2015/03/24,11.52,11.53,11.16,11.26,28269717,646999360.00
2015/03/25,11.17,11.19,10.92,10.98,28428615,635644544.00
2015/03/26,10.98,11.19,10.89,10.92,25885611,577507200.00
2015/03/27,10.92,11.08,10.89,10.95,18554757,412016928.00
2015/03/30,10.95,11.34,10.95,11.26,20080155,455019072.00
2015/03/31,11.35,11.50,11.04,11.12,23395774,536561568.00
2015/04/01,11.15,11.38,11.03,11.27,21206084,482294272.00
2015/04/02,11.30,11.32,10.84,10.94,68899286,1531699072.00
2015/04/03,10.88,10.92,10.67,10.86,44768902,979183936.00
2015/04/07,10.91,11.24,10.81,11.23,50474746,1122428288.00
2015/04/08,11.41,11.60,11.01,11.08,75505966,1725288960.00
2015/04/09,11.11,11.25,10.61,11.10,54736242,1219806080.00
2015/04/10,11.10,11.40,11.08,11.27,46646644,1066836224.00
2015/04/13,11.35,11.90,11.21,11.87,66151219,1552903680.00
2015/04/14,11.89,12.36,11.67,12.01,55045261,1346526208.00
2015/04/15,12.03,12.10,11.35,11.38,41479800,982366528.00
2015/04/16,11.35,11.84,11.23,11.74,31075107,729634624.00
2015/04/17,12.00,12.24,11.81,11.94,51463079,1248071552.00
2015/04/20,11.83,12.12,11.53,11.70,56991580,1355885312.00
2015/04/21,11.63,12.22,11.63,12.18,43702633,1055080128.00
2015/04/22,12.43,12.92,12.37,12.64,56692920,1451764096.00
2015/04/23,13.36,13.83,13.13,13.28,89390321,2432804608.00
2015/04/24,13.10,13.49,12.74,12.96,53201299,1404903808.00
2015/04/27,13.13,13.14,12.60,12.82,53601847,1394060416.00
2015/04/28,12.74,12.97,12.33,12.41,43415885,1108421376.00
2015/04/29,12.44,12.57,12.31,12.51,31994787,806060160.00
2015/04/30,12.51,12.86,12.46,12.57,30509797,785312832.00
2015/05/04,12.57,13.16,12.30,13.15,54408890,1407627776.00
2015/05/05,13.15,13.15,12.20,12.26,47461955,1209809024.00
2015/05/06,12.40,12.43,11.71,11.81,42037003,1026664576.00
2015/05/07,11.81,11.81,11.43,11.45,26647034,624084672.00
2015/05/08,11.63,11.69,11.41,11.68,22908386,537151232.00
2015/05/11,11.79,12.38,11.57,12.16,38019885,927311232.00
2015/05/12,12.16,12.38,12.01,12.28,37725619,932695488.00
2015/05/13,12.24,12.29,11.90,12.00,29710060,724060544.00
2015/05/14,12.01,12.09,11.81,11.99,18840366,456905248.00
2015/05/15,11.95,11.95,11.51,11.61,23817392,562028736.00
2015/05/18,11.55,11.79,11.46,11.61,18319679,433266304.00
2015/05/19,11.63,12.13,11.63,12.10,27137883,656922624.00
2015/05/20,12.13,12.48,12.13,12.20,35807035,889558016.00
2015/05/21,12.20,12.68,12.16,12.66,31681938,798458688.00
2015/05/22,12.79,12.94,12.52,12.82,37951438,977191232.00
2015/05/25,12.80,13.12,12.75,13.09,52743776,1387966720.00
2015/05/26,13.15,13.36,12.93,13.18,57036081,1514511488.00
2015/05/27,13.23,13.45,13.00,13.26,61615447,1646847104.00
2015/05/28,13.28,13.37,11.98,12.16,62851170,1641761408.00
2015/05/29,12.19,12.59,11.76,12.42,43357213,1073727040.00
2015/06/01,12.37,13.15,12.37,13.13,46129802,1203385472.00
2015/06/02,13.31,14.03,13.20,13.94,62393019,1709275008.00
2015/06/03,14.04,14.04,13.33,13.54,42411844,1168488192.00
2015/06/04,13.53,14.14,12.65,14.09,62332496,1719406208.00
2015/06/05,14.46,14.87,14.20,14.85,80419356,2361720576.00
2015/06/08,14.85,14.95,14.23,14.62,60061494,1773371392.00
2015/06/09,14.62,15.06,14.44,14.66,49426016,1469981312.00
2015/06/10,14.50,14.84,14.27,14.63,34045036,1000364800.00
2015/06/11,14.63,14.86,14.54,14.84,44818524,1333005056.00
2015/06/12,14.93,15.35,14.70,15.24,55137976,1670743040.00
2015/06/15,15.38,15.48,14.60,14.77,45532707,1379159040.00
2015/06/16,14.93,14.93,14.11,14.20,39490661,1151463552.00
2015/06/17,14.42,15.63,14.22,15.63,69164905,2095360896.00
2015/06/18,15.81,15.99,14.77,14.86,58093197,1811898880.00
2015/06/19,14.75,14.75,13.94,14.21,41506688,1197615744.00
2015/06/23,14.35,14.99,13.82,14.93,50086595,1470430336.00
2015/06/24,15.23,15.94,15.00,15.57,75167042,2358911232.00
2015/06/25,15.75,15.76,14.50,14.57,70761783,2151297280.00
2015/06/26,14.10,14.56,13.11,13.21,61697223,842652160.00
2015/06/29,13.58,13.58,11.89,11.89,137100170,1697434496.00
2015/06/30,11.70,12.85,11.10,12.51,120813796,1459573632.00
2015/07/01,12.54,12.94,11.62,11.71,93575726,1167767168.00
2015/07/02,11.67,11.80,10.54,10.71,116577252,1299537792.00
2015/07/03,10.55,11.18,9.64,10.08,139586198,1433100032.00
2015/07/06,11.09,11.09,9.80,10.57,186437510,1970490368.00
2015/07/07,10.27,10.53,9.55,9.90,190827453,1905644416.00
2015/07/08,9.01,9.78,8.91,8.91,269006991,2444443136.00
2015/07/09,9.15,9.80,9.15,9.80,125974871,1209112448.00
2015/07/10,10.55,10.78,10.28,10.78,54634507,583277760.00
2015/07/13,11.59,11.86,11.25,11.86,161884246,1881016320.00
2015/07/14,11.88,12.60,11.54,11.90,198501683,2403155968.00
2015/07/15,11.51,11.75,11.03,11.17,118509412,1351243776.00
2015/07/16,11.17,11.95,11.02,11.67,99936888,1162693760.00
2015/07/17,11.88,12.56,11.84,12.38,93364629,1142310912.00
2015/07/20,12.34,12.83,12.16,12.40,96960189,1206461440.00
2015/07/21,12.20,12.44,11.95,12.21,71771863,875388480.00
2015/07/22,12.19,12.54,11.90,12.30,77330619,944926592.00
2015/07/23,12.26,12.59,12.13,12.40,102725841,1266010368.00
2015/07/24,12.40,12.96,12.30,12.50,120066055,1515790720.00
2015/07/27,12.28,12.35,11.25,11.25,104229677,1237572864.00
2015/07/28,10.90,11.63,10.65,11.36,117153257,1302164864.00
2015/07/29,11.42,11.83,11.29,11.82,74139124,850423296.00
2015/07/30,11.78,11.88,11.22,11.30,58200295,679165760.00
2015/07/31,11.11,11.66,11.07,11.55,77749396,884096064.00
2015/08/03,11.34,11.90,11.31,11.89,73464324,846613312.00
2015/08/04,11.73,12.20,11.51,12.18,69024851,826395456.00
2015/08/05,12.05,12.21,11.74,11.78,48898891,585811136.00
2015/08/06,11.66,11.90,11.58,11.73,29374695,345400160.00
2015/08/07,11.80,12.15,11.80,11.97,50236019,603056832.00
2015/08/10,12.06,12.58,11.99,12.49,82158092,1014729792.00
2015/08/11,12.44,13.08,12.32,12.97,125124209,1604683648.00
2015/08/12,12.72,13.15,12.71,12.79,84938740,1094652416.00
2015/08/13,12.76,13.37,12.68,13.22,85093980,1110191616.00
2015/08/14,13.31,13.80,13.11,13.75,138488118,1865717504.00
2015/08/17,13.90,14.27,13.36,13.51,296970675,4097582592.00
2015/08/18,13.50,13.50,12.16,12.16,171739523,2180716544.00
2015/08/19,11.75,12.45,11.22,12.20,109317086,1291127936.00
2015/08/20,12.06,12.18,11.62,11.64,65225151,778961600.00
2015/08/21,11.50,11.60,11.05,11.10,67337537,760910336.00
2015/08/24,10.66,10.85,9.99,9.99,141798508,1435474304.00
2015/08/25,9.41,10.40,9.41,9.70,142553188,1405794048.00
2015/08/26,10.00,10.39,9.73,10.02,98195165,991151424.00
2015/08/27,10.33,10.52,10.00,10.50,93590440,959170368.00
2015/08/28,10.67,10.98,10.41,10.80,103048233,1101505024.00
2015/08/31,10.66,11.00,10.40,10.96,90691799,966356608.00
2015/09/01,10.75,10.89,10.23,10.59,135801856,1444960256.00
2015/09/02,10.11,10.80,10.10,10.49,117970628,1240522240.00
2015/09/07,10.51,10.87,10.31,10.37,49670350,525943392.00
2015/09/08,10.31,11.12,10.25,11.03,43797677,464061088.00
2015/09/09,11.01,11.39,10.93,11.27,67212589,752269824.00
2015/09/10,11.15,11.19,10.83,10.91,44870615,493494240.00
2015/09/11,10.91,10.98,10.66,10.75,25562211,276160928.00
2015/09/14,10.85,10.92,10.33,10.63,61782401,652810112.00
2015/09/15,10.50,10.58,10.25,10.30,32533653,338019008.00
2015/09/16,10.37,11.22,10.35,10.92,47315648,505578016.00
2015/09/17,10.84,11.10,10.63,10.67,37959402,414103360.00
2015/09/18,10.62,10.85,10.61,10.76,22516227,241984240.00
2015/09/21,10.66,10.92,10.62,10.89,25141936,271959328.00
2015/09/22,10.87,10.98,10.76,10.85,28841221,313866816.00
2015/09/23,10.72,10.80,10.46,10.53,28473356,303067872.00
2015/09/24,10.54,10.82,10.50,10.69,19755159,210843568.00
2015/09/25,10.69,10.79,10.37,10.44,22823402,241154864.00
2015/09/28,10.46,10.54,10.29,10.43,15449467,160977600.00
2015/09/29,10.33,10.50,10.20,10.26,17550713,181994816.00
2015/09/30,10.30,10.46,10.28,10.34,12594208,130450640.00
2015/10/08,10.71,10.79,10.62,10.66,22433559,239768128.00
2015/10/09,10.64,10.72,10.55,10.66,27383329,291156256.00
2015/10/12,10.69,11.04,10.60,10.96,86539902,942695168.00
2015/10/13,10.84,11.19,10.80,10.99,50779844,558035392.00
2015/10/14,10.98,11.10,10.72,10.75,38044321,414323808.00
2015/10/15,10.73,11.03,10.70,11.00,36819537,401817056.00
2015/10/16,11.15,11.17,10.81,11.12,65457850,722346048.00
2015/10/19,11.18,11.25,11.02,11.24,51464388,572921088.00
2015/10/20,11.20,11.34,11.13,11.25,37238827,417830912.00
2015/10/21,11.29,11.33,10.61,10.68,51121363,563272064.00
2015/10/22,10.73,10.87,10.59,10.83,29443112,316495488.00
2015/10/23,10.85,11.01,10.65,10.99,59775557,646866240.00
2015/10/26,11.07,11.25,11.00,11.08,52883853,587649856.00
2015/10/27,11.08,11.12,10.71,10.92,35499068,385956128.00
2015/10/28,10.85,11.00,10.69,10.74,31031124,336171040.00
2015/10/29,10.74,10.82,10.70,10.76,40691430,437660960.00
2015/10/30,10.74,10.74,10.60,10.65,34912654,372526368.00
2015/11/02,10.52,10.62,10.42,10.47,28585325,301318208.00
2015/11/03,10.51,10.56,10.40,10.45,17716944,185505648.00
2015/11/04,10.50,10.80,10.45,10.79,44965343,478987680.00
2015/11/05,10.79,11.30,10.72,11.09,109448812,1208931840.00
2015/11/06,11.10,11.25,10.97,11.18,59856463,664292672.00
2015/11/09,11.18,11.46,11.18,11.30,65387407,740656832.00
2015/11/10,11.22,11.28,11.03,11.10,54592037,609255808.00
2015/11/11,11.08,11.18,10.90,11.02,54424939,598998720.00
2015/11/12,11.01,11.05,10.68,10.80,76227057,824851968.00
2015/11/13,10.71,10.99,10.70,10.80,53308721,579221696.00
2015/11/16,10.64,10.85,10.62,10.83,28626674,307151808.00
2015/11/17,10.90,11.13,10.82,10.87,56485290,619518400.00
2015/11/18,10.89,10.94,10.75,10.78,27798419,301209056.00
2015/11/19,10.80,10.85,10.72,10.82,26227402,282393152.00
2015/11/20,10.80,10.82,10.69,10.75,32882901,353256384.00
2015/11/23,10.72,10.79,10.65,10.67,37394814,400197888.00
2015/11/24,10.65,10.76,10.61,10.75,25680188,274103008.00
2015/11/25,10.81,10.85,10.75,10.81,33564953,362064160.00
2015/11/26,10.82,10.85,10.75,10.77,29746651,320922784.00
2015/11/27,10.76,10.76,10.28,10.36,46171478,485962368.00
2015/11/30,10.41,10.63,10.30,10.49,38701564,404457792.00
2015/12/01,10.50,10.69,10.44,10.68,32418051,341231552.00
2015/12/02,10.68,11.18,10.64,11.05,92095317,1011945472.00
2015/12/03,11.04,11.25,11.00,11.11,56663183,629699968.00
2015/12/04,11.01,11.04,10.80,10.87,36475464,397671424.00
2015/12/07,10.84,10.85,10.71,10.76,27154791,292651232.00
2015/12/08,10.71,10.73,10.47,10.50,30706169,324985184.00
2015/12/09,10.49,10.72,10.47,10.63,20948094,222470176.00
2015/12/10,10.63,10.65,10.50,10.50,18279495,193038736.00
2015/12/11,10.52,10.55,10.44,10.49,14843986,155492928.00
2015/12/14,10.42,10.71,10.39,10.68,21363559,225390272.00
2015/12/15,10.64,10.70,10.49,10.54,21022362,222652448.00
2015/12/16,10.55,10.59,10.49,10.51,14943344,157480192.00
2015/12/17,10.56,10.76,10.55,10.69,33410233,356317792.00
2015/12/18,10.67,10.81,10.66,10.69,29330460,314679616.00
2015/12/21,10.69,11.33,10.66,11.13,87769338,971587776.00
2015/12/22,11.06,11.09,10.88,10.98,44169711,483975648.00
2015/12/23,10.95,11.42,10.92,11.19,82829542,928888256.00
2015/12/24,11.24,11.33,10.90,11.10,44464821,493951136.00
2015/12/25,11.03,11.20,10.88,10.93,32739745,360257280.00
2015/12/28,10.96,11.12,10.66,10.70,42381016,462599520.00
2015/12/29,10.62,10.77,10.60,10.76,26615113,284225024.00
2015/12/30,10.76,10.77,10.60,10.65,29467484,314312128.00
2015/12/31,10.65,10.86,10.65,10.76,31881099,343990912.00
2016/01/04,10.75,10.88,10.11,10.15,34321771,359993920.00
2016/01/05,10.10,10.39,10.01,10.20,40946971,418307360.00
2016/01/06,10.28,10.42,10.20,10.39,24756869,254961664.00
2016/01/07,10.27,10.29,9.71,9.85,11812740,119106232.00
2016/01/08,10.10,10.19,9.80,9.99,45209081,454181376.00
2016/01/11,9.90,10.02,9.44,9.48,47273276,459024256.00
2016/01/12,9.51,9.60,9.33,9.45,22936549,217050624.00
2016/01/13,9.36,9.45,8.75,8.82,73378067,667638208.00
2016/01/14,8.50,8.97,8.50,8.90,38078692,334343968.00
2016/01/15,8.90,8.92,8.39,8.43,37643087,324756896.00
2016/01/18,8.40,8.44,8.03,8.29,54559075,451619008.00
2016/01/19,8.30,8.55,8.26,8.50,44700006,375880768.00
2016/01/20,8.48,8.66,8.26,8.35,52017902,441212160.00
2016/01/21,8.30,8.46,8.18,8.19,32683849,271379808.00
2016/01/22,8.29,8.33,8.10,8.25,23303893,191059440.00
2016/01/25,8.26,8.36,8.22,8.28,18692857,155168384.00
2016/01/26,8.22,8.23,7.79,7.84,38546750,308532064.00
2016/01/27,7.85,7.93,7.57,7.69,41064486,316974912.00
2016/01/28,7.67,7.81,7.41,7.51,30287818,231757248.00
2016/01/29,7.50,7.85,7.50,7.75,21948729,168816800.00
2016/02/01,7.77,7.91,7.70,7.80,20319993,158767088.00
2016/02/02,7.81,8.02,7.79,7.98,19898174,158140320.00
2016/02/03,7.88,7.94,7.82,7.91,13890086,109491536.00
2016/02/04,7.92,8.04,7.91,7.96,15833789,126170912.00
2016/02/05,7.97,8.01,7.84,7.85,16356376,129441504.00
2016/02/15,7.62,7.81,7.62,7.76,13122851,101319984.00
2016/02/16,7.77,8.03,7.77,8.01,20891754,165842176.00
2016/02/17,7.95,8.03,7.94,8.03,19324272,154336128.00
2016/02/18,8.08,8.13,8.03,8.04,23468637,189556448.00
2016/02/19,8.02,8.08,7.96,8.01,14641808,117230384.00
2016/02/22,8.09,8.23,7.98,8.17,34316863,279009696.00
2016/02/23,8.18,8.27,8.00,8.09,25689215,209072784.00
2016/02/24,8.08,8.33,8.04,8.24,37121683,304347456.00
2016/02/25,8.20,8.23,7.62,7.70,39876941,315621184.00
2016/02/26,7.78,7.93,7.69,7.86,23203880,180964928.00
2016/02/29,7.86,7.86,7.52,7.72,28890439,220950256.00
2016/03/01,7.75,7.84,7.61,7.80,15751383,121497416.00
2016/03/02,7.81,8.13,7.81,8.10,30502499,243995104.00
2016/03/03,8.08,8.19,8.06,8.13,27323242,221959968.00
2016/03/04,8.12,8.36,8.03,8.30,47189945,388301952.00
2016/03/07,8.42,8.43,8.21,8.30,26209446,217746944.00
2016/03/08,8.25,8.32,8.02,8.30,21099806,172171584.00
2016/03/09,8.20,8.24,8.07,8.23,16651774,135597056.00
数据来源:通达信
