601126 四方股份 日线 前复权
      日期	    开盘	    最高	    最低	    收盘	    成交量	    成交额
2011/01/04,15.22,15.71,14.83,15.67,26229842,832297152.00
2011/01/05,15.18,15.64,14.72,15.47,16281751,512884544.00
2011/01/06,16.01,16.15,14.90,14.94,17325501,562483840.00
2011/01/07,14.69,15.16,14.47,14.84,12127541,374524480.00
2011/01/10,14.79,15.27,14.49,14.74,10500211,326245472.00
2011/01/11,14.55,14.58,13.21,13.22,12683284,359225120.00
2011/01/12,13.14,13.26,12.64,13.09,6008907,163092320.00
2011/01/13,12.99,13.09,12.72,12.81,3486686,93976096.00
2011/01/14,12.81,12.98,11.97,12.13,5596279,145868304.00
2011/01/17,12.00,12.09,11.19,11.23,5265536,127850144.00
2011/01/18,11.15,11.58,11.15,11.43,3404572,81430392.00
2011/01/19,11.37,11.83,11.24,11.64,4350368,106085952.00
2011/01/20,11.54,11.58,10.54,10.60,4925036,115131008.00
2011/01/21,10.50,10.87,10.16,10.74,4957872,110634512.00
2011/01/24,10.60,10.87,10.29,10.39,2990904,66720328.00
2011/01/25,10.30,11.05,10.25,10.79,3979170,90092800.00
2011/01/26,10.80,11.06,10.74,10.90,3441772,79255104.00
2011/01/27,10.75,11.57,10.65,11.40,4846606,115116880.00
2011/01/28,11.37,11.48,11.18,11.33,2417287,57708856.00
2011/01/31,11.26,11.58,11.25,11.54,2497465,60310064.00
2011/02/01,11.55,11.62,11.18,11.21,2784086,66586324.00
2011/02/09,10.92,11.10,10.54,10.57,2788675,63901544.00
2011/02/10,10.54,11.69,10.44,11.69,3955738,92536176.00
2011/02/11,11.89,12.82,11.89,12.39,10843930,281416704.00
2011/02/14,12.39,12.88,12.19,12.67,6406909,168227328.00
2011/02/15,12.54,12.64,12.34,12.39,5339842,139517264.00
2011/02/16,12.39,13.06,12.34,12.89,6105129,162983440.00
2011/02/17,12.88,12.99,12.54,12.74,4460255,118720728.00
2011/02/21,12.40,12.68,12.33,12.66,2993433,78399200.00
2011/02/22,12.66,12.66,11.71,11.73,4853631,123232096.00
2011/02/23,11.69,12.02,11.69,11.82,1924563,47883516.00
2011/02/24,11.84,12.14,11.83,11.85,2106101,52948600.00
2011/02/25,11.96,12.31,11.91,12.25,3054641,77767112.00
2011/02/28,12.28,12.38,11.98,12.19,2388087,60653476.00
2011/03/01,12.16,12.19,11.89,11.98,2887644,72776000.00
2011/03/02,11.88,12.13,11.80,12.04,2165702,54634208.00
2011/03/03,12.04,12.33,11.54,11.55,2784748,69456648.00
2011/03/04,11.39,11.58,11.29,11.56,1950127,47020736.00
2011/03/07,11.56,11.71,11.51,11.63,1619867,39569256.00
2011/03/08,11.61,11.61,11.38,11.48,2200849,53002292.00
2011/03/09,11.40,11.64,11.39,11.63,2437646,59108912.00
2011/03/10,11.64,11.68,11.39,11.41,2011410,48653616.00
2011/03/11,11.39,11.47,11.26,11.32,1903117,45556176.00
2011/03/14,11.32,11.64,11.14,11.63,2790774,67101352.00
2011/03/15,11.71,11.85,11.44,11.79,4629754,113948408.00
2011/03/16,11.81,11.81,11.58,11.69,1873255,45987876.00
2011/03/17,11.69,12.03,11.54,11.63,3020859,74939544.00
2011/03/18,11.68,11.77,11.53,11.64,1368787,33433088.00
2011/03/21,11.82,11.93,11.54,11.72,4924310,122223432.00
2011/03/22,11.75,11.75,11.14,11.21,4373438,104151112.00
2011/03/23,11.14,11.36,11.14,11.28,2079484,49354580.00
2011/03/24,11.28,11.46,11.19,11.25,2038372,48617300.00
2011/03/25,11.20,11.35,11.11,11.27,2543628,60204884.00
2011/03/28,11.34,11.44,11.22,11.28,2357751,56286280.00
2011/03/29,11.24,11.93,11.24,11.80,6809464,167828128.00
2011/03/30,11.81,11.87,11.49,11.59,2990669,73360848.00
2011/03/31,11.26,11.26,10.74,10.90,7902120,181902992.00
2011/04/01,10.84,10.93,10.66,10.81,3398582,77371752.00
2011/04/06,10.74,10.77,10.39,10.75,2915249,65675256.00
2011/04/07,10.72,10.72,10.54,10.69,2475747,55759160.00
2011/04/08,10.70,10.91,10.69,10.85,3320244,76039888.00
2011/04/11,10.86,10.93,10.65,10.69,2518212,57302768.00
2011/04/12,10.64,10.87,10.64,10.78,1917055,43470452.00
2011/04/13,10.72,10.88,10.72,10.85,1826123,41794400.00
2011/04/14,10.81,10.94,10.74,10.88,2916174,66915412.00
2011/04/18,10.84,11.03,10.72,10.75,4465601,102630632.00
2011/04/19,10.64,10.67,10.22,10.28,4726750,103647808.00
2011/04/20,10.36,10.48,10.29,10.45,2329001,51341128.00
2011/04/21,10.52,10.58,10.44,10.52,1866979,41535048.00
2011/04/22,10.54,10.58,10.48,10.54,1598700,35620364.00
2011/04/25,10.46,10.46,10.14,10.19,2385751,51709724.00
2011/04/26,10.20,10.29,9.96,10.00,1400838,29909880.00
2011/04/27,10.03,10.09,9.58,9.69,1827083,38206488.00
2011/04/28,9.65,9.78,9.24,9.34,1695958,34215316.00
2011/04/29,9.29,9.42,9.29,9.37,1117007,22284440.00
2011/05/03,9.45,9.46,9.17,9.35,1883284,37163848.00
2011/05/04,9.35,9.35,8.96,9.09,1751826,34207616.00
2011/05/05,9.09,9.11,8.94,8.94,1821764,35011540.00
2011/05/06,8.89,8.98,8.69,8.95,2012819,37961332.00
2011/05/09,8.99,9.18,8.95,9.10,1611508,31279066.00
2011/05/10,9.16,9.24,9.02,9.09,1292973,25173276.00
2011/05/11,9.11,9.28,8.95,9.14,1573569,30626358.00
2011/05/13,8.98,9.09,8.88,9.07,1408037,26973794.00
2011/05/16,9.11,9.22,9.04,9.19,1126527,22037204.00
2011/05/17,9.19,9.50,9.19,9.36,2271771,45327424.00
2011/05/18,9.36,9.38,9.22,9.29,989861,19604308.00
2011/05/19,9.36,9.43,9.21,9.23,682545,13528196.00
2011/05/20,9.24,9.24,8.96,9.05,818359,15861299.00
2011/05/23,8.99,8.99,8.36,8.49,1757246,32515202.00
2011/05/24,8.48,8.54,8.28,8.53,1275521,22969136.00
2011/05/25,8.44,8.54,8.26,8.39,1109740,20019456.00
2011/05/26,8.42,8.49,8.28,8.29,784433,14111325.00
2011/05/27,8.33,8.49,8.26,8.30,1253998,22476960.00
2011/05/30,8.30,8.39,8.14,8.18,933545,16615236.00
2011/05/31,8.18,8.43,8.18,8.41,1234442,21986540.00
2011/06/01,8.37,8.56,8.33,8.55,1449366,26322816.00
2011/06/02,8.43,8.69,8.41,8.54,1860505,33986664.00
2011/06/03,8.55,8.68,8.43,8.48,1113834,20146886.00
2011/06/07,8.49,8.53,8.36,8.48,741153,13294009.00
2011/06/08,8.44,8.51,8.34,8.44,860451,15395239.00
2011/06/09,8.47,8.48,8.12,8.13,1192495,21025110.00
2011/06/10,8.15,8.22,7.87,8.04,1559714,26639810.00
2011/06/13,7.97,8.13,7.87,8.07,916400,15637192.00
2011/06/14,8.09,8.21,8.06,8.14,903231,15660303.00
2011/06/15,8.13,8.17,7.94,7.95,1038165,17705548.00
2011/06/16,7.91,7.95,7.78,7.78,1003347,16758364.00
2011/06/17,7.72,7.84,7.71,7.78,1093628,18117200.00
2011/06/20,7.78,7.82,7.66,7.76,758632,12502946.00
2011/06/21,7.88,7.88,7.67,7.86,1012182,16785412.00
2011/06/22,7.89,7.89,7.74,7.81,1219702,20280744.00
2011/06/23,7.84,8.64,7.75,8.64,5275536,95373208.00
2011/06/24,8.83,8.91,8.59,8.84,9043977,167633472.00
2011/06/27,8.82,8.98,8.68,8.93,5956809,111072704.00
2011/06/28,8.90,8.90,8.70,8.83,3022897,56379788.00
2011/06/29,8.85,8.85,8.59,8.59,2703662,49968016.00
2011/06/30,8.55,8.77,8.55,8.65,2240187,41180796.00
2011/07/01,8.70,8.84,8.56,8.78,3206033,59158912.00
2011/07/04,8.81,9.05,8.74,8.94,3968516,74589568.00
2011/07/05,8.99,9.08,8.86,9.01,3770853,71457088.00
2011/07/06,9.03,9.42,8.89,9.38,5641544,109323376.00
2011/07/07,9.38,9.68,9.26,9.45,5378726,107668856.00
2011/07/08,9.68,9.68,9.45,9.51,4071757,82042584.00
2011/07/11,9.47,9.96,9.46,9.95,4569466,94247200.00
2011/07/12,9.86,10.11,9.81,9.98,4048367,85068184.00
2011/07/13,9.90,10.34,9.88,10.29,4342824,92550656.00
2011/07/14,10.33,10.38,10.09,10.24,3123126,67066944.00
2011/07/15,10.24,10.35,10.04,10.31,2589235,55755780.00
2011/07/19,10.23,10.23,9.84,9.99,1869312,39212016.00
2011/07/20,10.04,10.43,10.01,10.40,3413314,73617360.00
2011/07/21,10.35,10.79,10.35,10.69,3580553,79299136.00
2011/07/22,10.68,10.78,10.47,10.64,1634961,36304672.00
2011/07/25,10.50,10.62,10.00,10.24,3044494,65795452.00
2011/07/26,10.18,10.49,10.18,10.43,1838392,39896556.00
2011/07/27,10.39,10.88,10.23,10.85,2720333,61085848.00
2011/07/28,10.74,11.01,10.54,10.95,2222485,50259332.00
2011/07/29,10.95,11.02,10.70,10.86,2167668,49394812.00
2011/08/01,10.82,10.96,10.77,10.86,1813049,41345432.00
2011/08/02,10.99,10.99,10.49,10.90,1400283,31416122.00
2011/08/03,10.78,10.78,10.47,10.48,1445111,32179512.00
2011/08/04,10.41,10.85,10.41,10.73,1857001,41741728.00
2011/08/05,10.28,11.00,10.25,10.81,2624390,59356368.00
2011/08/08,10.71,10.81,10.19,10.34,2162060,47338616.00
2011/08/09,9.99,11.13,9.50,11.11,4137863,92128840.00
2011/08/10,11.34,11.59,10.96,11.10,4362099,102384280.00
2011/08/11,10.77,11.08,10.77,10.99,3238368,74102752.00
2011/08/12,11.04,11.08,10.72,10.74,2040988,46516288.00
2011/08/15,10.74,11.06,10.74,10.96,1559536,35699760.00
2011/08/16,10.93,10.94,10.56,10.74,1236194,27893600.00
2011/08/17,10.74,11.09,10.74,10.99,1786892,40917960.00
2011/08/18,11.08,11.10,10.89,11.01,1796640,41374264.00
2011/08/19,10.87,10.99,10.64,10.83,801548,18183570.00
2011/08/22,10.74,10.90,10.00,10.10,1661677,36293412.00
2011/08/23,10.10,10.32,9.97,9.99,1708078,36257344.00
2011/08/24,10.23,10.23,9.99,10.05,954591,20240672.00
2011/08/25,10.05,10.25,10.02,10.24,783314,16734880.00
2011/08/26,10.25,10.25,9.99,10.07,977608,20707464.00
2011/08/29,10.10,10.22,10.05,10.08,522856,11132111.00
2011/08/30,10.12,10.23,9.76,9.77,873638,18387804.00
2011/08/31,9.79,9.88,9.51,9.85,1141169,23219504.00
2011/09/01,9.83,9.93,9.56,9.65,995947,20441776.00
2011/09/02,9.59,9.72,9.19,9.34,1079824,21285826.00
2011/09/05,9.20,9.25,9.05,9.07,545700,10490557.00
2011/09/06,9.00,9.33,9.00,9.28,721604,14008200.00
2011/09/07,9.37,9.56,9.29,9.51,722593,14428713.00
2011/09/08,9.58,9.58,9.45,9.47,371691,7457812.00
2011/09/09,9.58,9.73,9.49,9.63,535375,10863146.00
2011/09/13,9.42,9.57,9.14,9.55,308993,6143566.00
2011/09/14,9.55,9.71,9.49,9.69,472815,9578069.00
2011/09/15,9.74,9.74,9.64,9.71,565244,11538891.00
2011/09/16,9.75,9.76,9.56,9.63,389129,7899017.00
2011/09/19,9.46,9.51,9.41,9.44,453697,9033971.00
2011/09/20,9.41,9.57,9.41,9.56,443798,8880476.00
2011/09/21,9.62,9.88,9.52,9.82,489980,10047098.00
2011/09/22,9.74,9.93,9.50,9.54,448589,9183105.00
2011/09/23,9.39,9.39,9.14,9.23,542210,10592787.00
2011/09/26,9.05,9.28,8.84,8.88,557576,10619710.00
2011/09/27,8.89,9.14,8.49,8.69,688179,12699799.00
2011/09/28,8.74,8.83,8.53,8.54,416172,7591030.00
2011/09/29,8.54,9.24,8.54,9.04,1440392,27231308.00
2011/09/30,8.98,9.24,8.83,8.94,798908,15365108.00
2011/10/10,8.95,9.21,8.54,9.08,1135463,21238534.00
2011/10/11,9.31,9.31,8.94,8.99,369698,7121211.00
2011/10/12,9.01,9.29,9.01,9.28,529949,10268382.00
2011/10/13,9.22,9.79,9.19,9.45,770107,15474585.00
2011/10/14,9.31,9.54,9.22,9.35,436313,8624148.00
2011/10/17,9.35,9.44,9.16,9.19,359384,7026431.00
2011/10/18,9.19,9.21,8.76,9.13,1168573,22146566.00
2011/10/19,9.12,9.12,8.70,8.74,674254,12621678.00
2011/10/20,8.70,8.81,8.53,8.61,323288,5880856.00
2011/10/21,8.63,8.89,8.49,8.54,331158,6079426.00
2011/10/24,8.61,8.68,8.39,8.57,592712,10725258.00
2011/10/25,8.63,9.11,8.59,9.10,870465,16464400.00
2011/10/27,9.24,9.59,9.19,9.24,953259,18856524.00
2011/10/28,9.44,9.76,9.34,9.43,1229566,24610460.00
2011/10/31,9.81,9.89,9.51,9.65,2069448,42035896.00
2011/11/01,9.63,9.80,9.49,9.76,1396423,28547558.00
2011/11/02,9.54,10.24,9.52,10.16,2056967,43187212.00
2011/11/03,10.24,10.76,10.24,10.41,4254558,94189656.00
2011/11/04,10.39,10.65,10.24,10.38,1689542,36950144.00
2011/11/07,10.38,10.55,10.24,10.43,1003029,21858770.00
2011/11/08,10.34,10.51,10.33,10.43,1060079,23231282.00
2011/11/09,10.43,10.90,10.43,10.66,1822096,40754520.00
2011/11/10,10.49,10.64,10.29,10.40,1431264,31421726.00
2011/11/11,10.44,10.49,10.19,10.20,875439,18950900.00
2011/11/14,10.26,10.64,10.26,10.62,1575538,34682996.00
2011/11/15,10.69,10.69,10.43,10.48,781862,17210726.00
2011/11/16,10.53,10.53,10.14,10.14,1217328,26301224.00
2011/11/17,10.10,10.29,10.09,10.17,611219,13088944.00
2011/11/18,10.02,10.13,9.74,9.82,818686,17038468.00
2011/11/21,9.86,10.05,9.59,10.04,775834,15957171.00
2011/11/22,9.87,10.34,9.87,10.30,976093,20681428.00
2011/11/23,10.24,10.49,10.23,10.28,875900,19045984.00
2011/11/24,10.14,10.34,9.94,10.23,510337,10856836.00
2011/11/25,10.10,10.44,10.10,10.34,596925,12961824.00
2011/11/28,10.29,10.59,10.19,10.58,1069766,23420674.00
2011/11/29,10.74,10.76,10.38,10.55,1311291,28912240.00
2011/11/30,10.50,10.50,9.49,9.84,1067955,22667136.00
2011/12/01,10.19,10.29,9.99,10.04,831617,17700096.00
2011/12/02,10.01,10.03,9.77,9.82,472512,9817097.00
2011/12/05,9.85,9.85,9.34,9.41,577255,11600322.00
2011/12/06,9.44,9.61,9.26,9.53,503579,10000431.00
2011/12/07,9.54,9.63,9.44,9.48,373013,7470868.00
2011/12/08,9.45,9.64,9.27,9.51,359311,7140419.00
2011/12/09,9.30,9.54,9.08,9.11,765618,14885233.00
2011/12/12,9.04,9.23,8.86,8.93,714852,13540638.00
2011/12/13,8.84,8.84,8.50,8.57,507438,9293526.00
2011/12/14,8.57,8.69,8.44,8.46,607282,11026824.00
2011/12/15,8.54,8.57,7.84,8.05,1241442,21377042.00
2011/12/16,8.05,8.36,8.00,8.29,1042535,17971508.00
2011/12/19,8.26,8.43,7.99,8.33,705004,12224296.00
2011/12/20,8.33,8.57,8.18,8.35,1036740,18508652.00
2011/12/21,8.51,8.54,8.11,8.14,1111217,19520184.00
2011/12/22,8.04,8.13,7.78,7.99,713696,12084530.00
2011/12/23,7.89,8.08,7.84,7.90,973518,16478407.00
2011/12/26,7.91,8.06,7.29,7.37,1877707,30545868.00
2011/12/27,7.21,7.28,6.82,6.85,2015353,30094124.00
2011/12/28,6.67,7.05,6.65,7.04,1185566,17503364.00
2011/12/29,7.05,7.30,6.99,7.27,1122798,17322216.00
2011/12/30,7.27,7.65,7.23,7.48,975398,15633017.00
2012/01/04,7.48,7.56,7.19,7.30,543995,8547289.00
2012/01/05,7.31,7.39,7.04,7.06,293395,4504447.00
2012/01/06,7.02,7.17,6.87,7.12,491558,7399701.00
2012/01/09,7.16,7.53,6.99,7.44,713625,11294018.00
2012/01/10,7.48,7.78,7.42,7.75,1008689,16405214.00
2012/01/11,7.78,7.84,7.63,7.74,934911,15399547.00
2012/01/12,7.64,7.75,7.28,7.39,2868065,46000728.00
2012/01/13,7.35,7.42,6.88,6.94,2521945,38398492.00
2012/01/16,6.94,6.94,6.58,6.64,854427,12498254.00
2012/01/17,6.63,7.12,6.61,7.10,1138286,16684950.00
2012/01/18,7.11,7.24,6.84,6.86,787201,11939691.00
2012/01/19,6.87,7.06,6.79,6.97,482773,7224797.00
2012/01/20,7.11,7.18,7.03,7.08,539599,8198103.00
2012/01/30,7.09,7.18,7.05,7.08,564067,8595177.00
2012/01/31,7.09,7.09,6.89,6.99,483189,7207086.00
2012/02/01,6.99,7.05,6.91,6.97,635130,9546361.00
2012/02/02,7.03,7.11,6.94,7.11,556146,8406122.00
2012/02/03,7.11,7.30,7.11,7.28,1022108,15820056.00
2012/02/06,7.25,7.48,7.11,7.19,1644712,25658394.00
2012/02/07,7.19,7.19,6.94,6.99,1199365,18048634.00
2012/02/08,6.99,7.23,6.95,7.23,1631634,24933314.00
2012/02/09,7.28,7.57,7.18,7.47,2645087,42135344.00
2012/02/10,7.48,7.60,7.33,7.51,1975601,31630852.00
2012/02/13,7.43,7.78,7.39,7.66,1636483,26580964.00
2012/02/14,7.60,7.91,7.53,7.91,1637298,27086432.00
2012/02/15,7.88,8.20,7.81,8.18,2023026,34718732.00
2012/02/16,8.20,8.21,7.87,8.03,1309862,22327816.00
2012/02/17,8.01,8.10,7.79,8.09,1511495,25553732.00
2012/02/20,8.24,8.27,7.94,7.94,875664,15045135.00
2012/02/21,7.94,8.23,7.76,8.10,1871956,31561156.00
2012/02/22,8.10,8.24,8.00,8.20,1954026,33770708.00
2012/02/23,8.17,8.66,8.11,8.57,3087301,55034160.00
2012/02/24,8.49,8.59,8.39,8.46,2461545,44172848.00
2012/02/27,8.48,8.57,8.18,8.19,6758932,120224688.00
2012/02/28,8.15,8.15,7.91,7.99,3340238,56825756.00
2012/02/29,7.99,8.07,7.85,7.89,2201039,37294300.00
2012/03/01,7.91,8.05,7.86,8.00,1432983,24269494.00
2012/03/02,8.02,8.22,8.02,8.19,2288359,39554500.00
2012/03/05,8.21,8.43,8.13,8.31,2715022,47614184.00
2012/03/06,8.25,8.48,8.14,8.19,2113583,37450604.00
2012/03/07,8.16,8.38,8.06,8.16,1896825,33093320.00
2012/03/08,8.16,8.37,8.15,8.34,1454064,25601882.00
2012/03/09,8.35,8.51,8.29,8.49,2036443,36346480.00
2012/03/12,8.48,8.49,8.30,8.34,1543855,27432460.00
2012/03/13,8.33,8.52,8.26,8.45,1833025,32628000.00
2012/03/14,8.43,8.61,7.81,7.89,3188328,56079792.00
2012/03/15,7.80,7.96,7.61,7.75,1452191,23995448.00
2012/03/16,7.87,7.87,7.67,7.84,1076581,17839716.00
2012/03/19,7.84,7.95,7.80,7.94,1170219,19645680.00
2012/03/20,7.90,7.91,7.68,7.70,1026849,17021664.00
2012/03/21,7.70,7.82,7.59,7.77,743958,12257554.00
2012/03/22,7.75,7.89,7.67,7.79,586341,9745942.00
2012/03/23,7.79,7.84,7.49,7.59,1480042,23973450.00
2012/03/26,7.61,7.90,7.59,7.77,1178374,19439640.00
2012/03/28,7.89,7.94,7.49,7.51,1803236,29634856.00
2012/03/29,7.38,7.54,7.19,7.35,1804688,28659858.00
2012/03/30,7.36,7.52,7.26,7.35,729300,11508523.00
2012/04/05,7.41,7.50,7.31,7.49,954750,15149830.00
2012/04/06,7.45,7.56,7.45,7.54,1197875,19195414.00
2012/04/09,7.58,7.68,7.39,7.60,1231136,19996830.00
2012/04/10,7.58,7.68,7.50,7.68,973848,15785759.00
2012/04/11,7.57,7.68,7.54,7.59,683946,11108942.00
2012/04/12,7.67,7.72,7.57,7.69,1074113,17551048.00
2012/04/13,7.71,7.77,7.68,7.74,1110182,18293884.00
2012/04/16,7.72,7.72,7.56,7.64,1067739,17389236.00
2012/04/17,7.64,7.64,7.32,7.41,1713848,27195336.00
2012/04/18,7.35,7.61,7.35,7.58,1615849,25883072.00
2012/04/19,7.59,7.73,7.53,7.72,2469099,40236332.00
2012/04/20,7.68,7.74,7.62,7.74,2307909,37907240.00
2012/04/23,7.74,7.84,7.56,7.62,1726031,28355656.00
2012/04/24,7.54,7.61,7.19,7.40,1775128,28124712.00
2012/04/25,7.41,7.45,7.27,7.40,989715,15540557.00
2012/04/27,7.22,7.36,7.00,7.23,1620166,24988388.00
2012/05/02,7.39,7.57,7.24,7.57,1959583,30894530.00
2012/05/03,7.57,7.64,7.42,7.60,1035127,16672771.00
2012/05/04,7.60,7.79,7.54,7.78,1418496,23319332.00
2012/05/07,7.77,7.93,7.74,7.85,1599563,26781820.00
2012/05/08,7.93,7.93,7.67,7.82,1141065,18899800.00
2012/05/09,7.69,7.74,7.58,7.59,568716,9263880.00
2012/05/10,7.55,7.63,7.54,7.60,602780,9749066.00
2012/05/11,7.58,7.63,7.48,7.49,545197,8764000.00
2012/05/14,7.60,7.61,7.44,7.56,693800,11196806.00
2012/05/15,7.34,7.59,7.34,7.59,514431,8210292.00
2012/05/16,7.54,7.61,7.48,7.49,431349,6940098.00
2012/05/17,7.49,7.55,7.39,7.52,370411,5907703.00
2012/05/18,7.49,7.53,7.39,7.40,469967,7503766.00
2012/05/21,7.51,7.55,7.35,7.43,235424,3740259.00
2012/05/22,7.46,7.59,7.39,7.57,318851,5018129.00
2012/05/23,7.56,7.66,7.47,7.51,762237,12141970.00
2012/05/24,7.48,7.53,7.30,7.30,809900,12635212.00
2012/05/25,7.32,7.32,7.16,7.23,508990,7750547.00
2012/05/28,7.16,7.28,7.16,7.28,884260,13465268.00
2012/05/29,7.30,7.39,7.26,7.34,916468,14171704.00
2012/05/30,7.33,7.41,7.29,7.36,417780,6461550.00
2012/05/31,7.32,7.33,7.22,7.28,401347,6153004.00
2012/06/01,7.28,7.36,7.27,7.35,535610,8235532.00
2012/06/04,7.29,7.46,7.09,7.39,998838,15145399.00
2012/06/05,7.34,7.41,7.26,7.41,675738,10425082.00
2012/06/06,7.36,7.36,7.20,7.21,485006,7431535.00
2012/06/07,7.29,7.29,7.11,7.13,510839,7708852.00
2012/06/08,7.17,7.21,7.06,7.11,575326,8632454.00
2012/06/11,7.11,7.20,7.00,7.16,694379,10471777.00
2012/06/12,7.09,7.16,6.98,7.03,633169,9378228.00
2012/06/13,7.04,7.19,6.97,7.18,1072924,16039339.00
2012/06/14,7.14,7.18,7.04,7.04,508007,7609111.00
2012/06/15,7.10,7.11,6.96,7.05,1053909,15593669.00
2012/06/18,7.05,7.10,7.02,7.06,759792,11316640.00
2012/06/19,7.09,7.09,7.04,7.05,494272,7364186.00
2012/06/20,7.02,7.10,7.01,7.07,710252,10583387.00
2012/06/21,7.07,7.20,7.02,7.19,1250824,18718320.00
2012/06/25,7.18,7.19,7.01,7.02,374101,5576742.00
2012/06/26,7.02,7.11,6.79,7.09,657987,9646204.00
2012/06/27,7.10,7.18,7.06,7.16,884688,13309040.00
2012/06/28,7.19,7.19,6.91,6.93,722771,10747641.00
2012/07/02,6.96,7.14,6.96,7.11,919761,13775606.00
2012/07/03,7.14,7.86,7.10,7.36,2369038,36643448.00
2012/07/04,7.31,7.46,7.20,7.31,1272862,19505180.00
2012/07/05,7.31,7.31,7.05,7.06,569178,8547690.00
2012/07/06,7.06,7.26,7.04,7.23,436693,6563298.00
2012/07/09,7.21,7.23,6.88,6.95,609594,9111927.00
2012/07/10,6.88,7.00,6.86,6.89,540136,7880802.00
2012/07/11,6.97,6.97,6.86,6.93,375464,5477171.00
2012/07/12,6.93,7.00,6.80,6.96,599835,8713570.00
2012/07/13,6.95,7.00,6.89,6.93,650444,9515754.00
2012/07/16,7.01,7.01,6.54,6.64,825008,11658198.00
2012/07/17,6.54,6.64,6.46,6.49,818611,11368943.00
2012/07/18,6.49,6.53,6.37,6.51,794881,10857246.00
2012/07/19,6.49,6.71,6.46,6.65,610354,8523986.00
2012/07/20,6.57,6.71,6.56,6.58,484590,6813297.00
2012/07/23,6.58,6.74,6.51,6.73,442655,6255672.00
2012/07/24,6.71,6.80,6.67,6.76,409324,5833881.00
2012/07/25,6.66,6.90,6.65,6.87,700111,10031170.00
2012/07/26,6.85,6.97,6.79,6.80,666911,9731696.00
2012/07/27,6.96,7.04,6.82,6.99,768327,11311775.00
2012/07/30,7.04,7.05,6.92,6.94,443964,6541590.00
2012/07/31,6.91,7.01,6.79,6.88,364048,5300928.00
2012/08/01,6.95,7.10,6.87,7.10,553742,8193071.00
2012/08/02,7.10,7.20,7.02,7.19,1009331,15183411.00
2012/08/03,7.19,7.51,7.14,7.49,1338290,20740718.00
2012/08/06,7.41,7.51,7.34,7.50,509835,7989127.00
2012/08/07,7.50,7.55,7.35,7.41,496054,7758063.00
2012/08/08,7.41,7.46,7.14,7.20,702866,10687795.00
2012/08/09,7.22,7.39,7.14,7.31,1126948,17347792.00
2012/08/10,7.24,7.39,7.13,7.15,936968,14306741.00
2012/08/13,7.23,7.25,7.13,7.14,364775,5530594.00
2012/08/14,7.16,7.29,7.03,7.28,356639,5374738.00
2012/08/15,7.29,7.36,7.15,7.26,351873,5390700.00
2012/08/16,7.27,7.44,7.27,7.41,704054,10949765.00
2012/08/17,7.36,7.51,7.34,7.43,431187,6755322.00
2012/08/20,7.54,8.11,7.21,7.68,1283977,20598044.00
2012/08/21,7.64,7.70,7.56,7.61,936767,15008080.00
2012/08/22,7.61,7.67,7.52,7.57,439955,7000331.00
2012/08/23,7.50,7.56,7.42,7.47,349218,5498161.00
2012/08/24,7.46,7.46,7.22,7.36,588786,9093460.00
2012/08/27,7.41,7.51,7.25,7.42,408808,6397700.00
2012/08/28,7.28,7.73,7.28,7.71,631863,10003058.00
2012/08/29,7.66,7.90,7.62,7.80,1860069,30609392.00
2012/08/30,7.84,8.18,7.84,7.96,3802575,64234956.00
2012/08/31,7.87,8.02,7.74,7.87,862281,14267462.00
2012/09/03,7.76,8.00,7.74,7.99,546313,9006863.00
2012/09/04,7.95,8.02,7.91,8.00,963351,16094544.00
2012/09/05,7.99,8.03,7.78,7.99,546887,9118070.00
2012/09/06,7.96,8.24,7.94,8.10,1073137,18359356.00
2012/09/07,8.18,8.51,8.16,8.50,2325060,40764504.00
2012/09/10,8.53,8.60,8.35,8.44,1410372,24934568.00
2012/09/11,8.46,8.62,8.37,8.45,1178346,20961108.00
2012/09/12,8.45,8.55,8.35,8.36,650536,11463422.00
2012/09/13,8.42,8.58,8.30,8.44,698576,12321126.00
2012/09/14,8.41,8.50,8.26,8.37,488650,8548840.00
2012/09/17,8.37,8.53,8.31,8.31,767169,13521111.00
2012/09/18,8.31,8.40,8.23,8.28,562123,9796770.00
2012/09/19,8.33,8.71,8.26,8.61,2035393,36486816.00
2012/09/20,8.61,8.78,8.36,8.39,1401109,25211168.00
2012/09/21,8.29,8.31,7.66,8.09,2118591,35682704.00
2012/09/24,8.01,8.29,7.80,8.25,411616,7071801.00
2012/09/25,8.26,8.35,8.11,8.14,554900,9539128.00
2012/09/26,7.87,8.26,7.87,8.02,583946,9810120.00
2012/09/27,8.16,8.16,7.90,8.03,875175,14745404.00
2012/09/28,8.01,8.25,7.84,8.21,467982,7912025.00
2012/10/08,8.29,8.29,8.19,8.21,237911,4098653.00
2012/10/09,8.17,8.55,8.17,8.49,880914,15519793.00
2012/10/10,8.59,8.59,8.22,8.46,728072,12896132.00
2012/10/11,8.36,8.46,8.25,8.35,651482,11365995.00
2012/10/12,8.40,8.41,8.27,8.36,150566,2633089.00
2012/10/15,8.35,8.41,8.20,8.31,326830,5657267.00
2012/10/16,8.20,8.41,8.20,8.40,595950,10378121.00
2012/10/17,8.36,8.41,8.25,8.34,115105,2001742.00
2012/10/18,8.22,8.36,8.22,8.31,751066,13041285.00
2012/10/19,8.29,8.35,8.14,8.21,178099,3067703.00
2012/10/22,8.14,8.35,8.14,8.24,324498,5599244.00
2012/10/23,8.21,8.36,8.17,8.27,314360,5458636.00
2012/10/24,8.14,8.30,8.14,8.23,153705,2642884.00
2012/10/25,8.17,8.24,7.81,7.84,908973,15144748.00
2012/10/26,7.86,7.92,7.61,7.74,501085,8100282.00
2012/10/29,7.62,7.78,7.60,7.76,280006,4498861.00
2012/10/30,7.67,7.89,7.67,7.89,253266,4160735.00
2012/10/31,7.86,7.94,7.61,7.81,806342,13153795.00
2012/11/01,7.81,7.91,7.81,7.89,236412,3902107.00
2012/11/02,7.89,8.01,7.85,7.91,357237,5944047.00
2012/11/05,7.81,8.01,7.81,7.98,470713,7772442.00
2012/11/06,7.96,7.96,7.59,7.78,1022356,16520629.00
2012/11/07,7.80,7.80,7.70,7.75,375792,6107176.00
2012/11/08,7.73,7.76,7.61,7.64,234376,3777633.00
2012/11/09,7.64,7.67,7.36,7.39,735515,11736598.00
2012/11/12,7.37,7.51,7.37,7.41,938110,14750073.00
2012/11/13,7.42,7.51,7.18,7.25,259078,3981298.00
2012/11/14,7.17,7.17,6.97,7.09,951345,14185772.00
2012/11/15,7.09,7.09,6.92,6.97,228794,3376555.00
2012/11/16,6.93,6.93,6.50,6.86,720519,10237636.00
2012/11/19,6.87,6.87,6.66,6.84,291511,4176250.00
2012/11/20,6.84,6.88,6.76,6.82,225689,3266142.00
2012/11/21,6.86,6.86,6.71,6.86,189075,2719843.00
2012/11/22,6.78,6.89,6.67,6.88,113431,1621491.00
2012/11/23,6.88,7.09,6.86,7.03,553983,8128385.00
2012/11/26,7.02,7.02,6.85,6.85,250867,3659677.00
2012/11/27,6.80,6.80,6.39,6.39,732798,10282274.00
2012/11/28,6.44,6.51,5.96,6.11,944115,12337793.00
2012/11/29,6.15,6.16,5.87,6.01,994091,12639882.00
2012/11/30,5.93,6.05,5.82,5.93,1057398,13288064.00
2012/12/03,5.89,5.90,5.59,5.60,1877748,22848824.00
2012/12/04,5.61,5.83,5.56,5.67,1166120,14031698.00
2012/12/05,5.64,6.06,5.64,6.01,2052123,25750580.00
2012/12/06,6.01,6.04,5.85,6.01,1589909,20101340.00
2012/12/07,5.96,6.06,5.89,6.04,1465991,18782892.00
2012/12/10,6.03,6.33,5.91,6.27,2796203,36657256.00
2012/12/11,6.23,6.35,6.12,6.23,1483143,19630692.00
2012/12/12,6.23,6.26,6.15,6.20,1349926,17772330.00
2012/12/13,6.21,6.26,5.91,5.94,1865797,23899034.00
2012/12/14,5.92,6.27,5.91,6.25,2179234,28578410.00
2012/12/17,6.25,6.46,6.23,6.41,1789302,24106494.00
2012/12/18,6.41,6.45,6.26,6.43,1754783,23616976.00
2012/12/19,6.39,6.55,6.25,6.38,1960327,26400232.00
2012/12/20,6.38,6.38,6.25,6.30,1691591,22633000.00
2012/12/21,6.32,6.39,6.28,6.32,1504048,20231824.00
2012/12/24,6.29,6.38,6.28,6.33,1346848,18066412.00
2012/12/25,6.33,6.61,6.29,6.56,2640683,36156856.00
2012/12/26,6.59,6.76,6.54,6.72,2035205,28691794.00
2012/12/27,6.76,6.78,6.55,6.56,1548767,21734310.00
2012/12/28,6.58,6.79,6.58,6.71,1830115,25948044.00
2012/12/31,6.79,6.81,6.63,6.71,1147662,16236233.00
2013/01/04,6.74,6.78,6.51,6.62,1533783,21501956.00
2013/01/07,6.61,6.72,6.58,6.71,1779761,24997360.00
2013/01/08,6.69,6.80,6.67,6.80,1910621,27225276.00
2013/01/09,6.83,6.96,6.70,6.93,2716256,39362736.00
2013/01/10,6.91,7.01,6.87,6.97,1686209,24777916.00
2013/01/11,6.96,6.96,6.69,6.71,1822099,26229484.00
2013/01/14,6.66,6.92,6.61,6.90,2130084,30696584.00
2013/01/15,6.90,7.13,6.90,7.05,3222947,47753580.00
2013/01/16,7.05,7.16,6.93,7.06,1664087,24706916.00
2013/01/17,7.06,7.16,6.99,7.04,1633248,24426892.00
2013/01/18,7.11,7.14,6.96,7.08,1396766,20743204.00
2013/01/21,7.09,7.33,7.01,7.24,1840811,27888428.00
2013/01/22,7.24,7.24,7.01,7.05,1409640,21111432.00
2013/01/23,7.02,7.04,6.86,6.99,1303615,19123184.00
2013/01/24,7.00,7.06,6.69,6.73,1727259,25063066.00
2013/01/25,6.73,6.74,6.56,6.63,1656278,23215876.00
2013/01/28,6.62,6.81,6.62,6.80,1672654,23797648.00
2013/01/29,6.79,6.83,6.75,6.81,1332141,19120108.00
2013/01/30,6.81,6.86,6.57,6.70,2959208,41789288.00
2013/01/31,6.70,6.70,6.55,6.64,1801203,25148256.00
2013/02/01,6.62,6.70,6.56,6.68,1949766,27381062.00
2013/02/04,6.68,6.70,6.42,6.49,2778144,38269796.00
2013/02/05,6.47,6.63,6.41,6.61,1094586,15217249.00
2013/02/06,6.66,6.76,6.58,6.71,1115153,15812474.00
2013/02/07,6.67,6.76,6.65,6.75,1048369,14892795.00
2013/02/08,6.75,6.93,6.74,6.92,1773619,25703448.00
2013/02/18,6.94,7.33,6.88,7.22,5174557,78378760.00
2013/02/19,7.19,7.21,7.04,7.06,2146572,32162488.00
2013/02/20,7.00,7.20,7.00,7.19,1316973,19793392.00
2013/02/21,7.20,7.26,6.89,7.02,2124475,31713500.00
2013/02/22,6.94,7.18,6.94,7.12,1978237,29669368.00
2013/02/25,7.14,7.41,7.14,7.36,2087221,32255548.00
2013/02/26,7.36,7.41,7.21,7.24,1357971,20864768.00
2013/02/27,7.25,7.37,6.99,7.10,1893545,28531634.00
2013/02/28,7.15,7.24,6.95,7.22,1674349,24966220.00
2013/03/01,7.15,7.26,7.14,7.21,1014151,15387259.00
2013/03/04,7.19,7.19,6.61,6.70,3291685,48175008.00
2013/03/05,6.76,7.12,6.67,7.03,2523201,36990188.00
2013/03/06,7.00,7.15,6.96,7.09,1323667,19785066.00
2013/03/07,7.09,7.16,6.99,7.12,1282103,19160308.00
2013/03/08,7.16,7.41,7.09,7.30,3297070,50709992.00
2013/03/11,7.30,7.69,7.30,7.60,3855881,61113084.00
2013/03/12,7.51,7.91,7.31,7.36,4394996,70319280.00
2013/03/13,7.44,7.61,7.29,7.36,2236360,34981888.00
2013/03/14,7.32,7.35,7.18,7.22,1603295,24512250.00
2013/03/15,7.25,7.33,7.06,7.22,1278520,19403244.00
2013/03/18,7.30,7.30,6.89,6.97,1970115,29253378.00
2013/03/19,7.01,7.06,6.89,7.04,871619,12846824.00
2013/03/20,7.05,7.29,7.00,7.26,1197936,18064244.00
2013/03/21,7.26,7.38,7.19,7.36,1379902,21201548.00
2013/03/22,7.38,7.38,7.16,7.26,1328422,20258576.00
2013/03/25,7.28,7.29,7.01,7.13,1836939,27596484.00
2013/03/26,7.06,7.10,6.81,6.94,1709497,25080388.00
2013/03/27,6.86,7.00,6.75,6.83,1526690,22179764.00
2013/03/28,6.81,6.81,6.59,6.62,1895871,26692106.00
2013/03/29,6.62,6.77,6.62,6.72,650192,9211876.00
2013/04/01,6.68,6.90,6.68,6.80,747477,10733023.00
2013/04/02,6.73,6.83,6.61,6.64,1064618,15107668.00
2013/04/03,6.65,6.71,6.57,6.59,771315,10820528.00
2013/04/08,6.48,6.60,6.42,6.58,1096648,15150986.00
2013/04/09,6.67,6.77,6.59,6.76,891377,12656108.00
2013/04/10,6.76,6.83,6.71,6.79,774035,11099855.00
2013/04/11,6.81,6.86,6.78,6.82,893686,12893528.00
2013/04/12,6.78,6.87,6.74,6.75,707074,10163165.00
2013/04/15,6.65,6.85,6.63,6.80,1044835,14928637.00
2013/04/16,6.80,6.94,6.64,6.94,1243434,18018048.00
2013/04/17,6.94,7.07,6.90,7.03,1572759,23306496.00
2013/04/18,6.99,7.07,6.89,6.94,1317323,19350254.00
2013/04/19,7.01,7.16,6.91,7.11,2982520,44538420.00
2013/04/22,7.11,7.36,7.11,7.29,5466432,83911024.00
2013/04/23,7.29,7.48,7.19,7.31,3901491,60149584.00
2013/04/24,7.30,7.71,7.20,7.64,3969305,62869408.00
2013/04/25,7.62,7.80,7.49,7.56,3014507,48314176.00
2013/04/26,7.51,7.69,7.31,7.33,1622398,25607412.00
2013/05/02,7.24,7.24,7.01,7.13,2547814,38135872.00
2013/05/03,7.14,7.31,7.13,7.21,1807746,27509742.00
2013/05/06,7.21,7.33,7.16,7.32,2252037,34338824.00
2013/05/07,7.32,7.78,7.32,7.65,4434438,70965696.00
2013/05/08,7.65,7.85,7.59,7.78,3789599,61459876.00
2013/05/09,7.80,7.84,7.52,7.60,5332544,85512080.00
2013/05/10,7.59,7.87,7.53,7.63,5650213,91837888.00
2013/05/13,7.59,7.89,7.59,7.70,3317706,54188080.00
2013/05/14,7.70,7.73,7.33,7.43,2833492,44563948.00
2013/05/15,7.34,7.62,7.34,7.62,1806049,28575780.00
2013/05/16,7.65,7.94,7.61,7.72,4475213,73153032.00
2013/05/17,7.72,8.07,7.72,8.05,5864000,97547808.00
2013/05/20,8.07,8.80,8.07,8.66,12619446,222729520.00
2013/05/21,8.56,8.83,8.56,8.79,7397689,134600768.00
2013/05/22,8.86,8.86,8.45,8.55,5531399,99396304.00
2013/05/23,8.59,9.19,8.53,8.92,6696760,123916528.00
2013/05/24,8.92,9.15,8.59,8.99,5848752,108339480.00
2013/05/27,8.96,8.97,8.65,8.78,3799261,70066408.00
2013/05/28,8.76,8.91,8.51,8.65,3305944,59677008.00
2013/05/29,8.74,8.78,8.60,8.69,2884576,52220032.00
2013/05/30,8.72,8.88,8.66,8.70,1498237,26946210.00
2013/05/31,8.71,8.88,8.49,8.55,2982361,53403540.00
2013/06/03,8.50,8.94,8.29,8.39,3201115,55631360.00
2013/06/04,8.39,8.72,8.06,8.14,2809104,47698180.00
2013/06/05,8.14,8.24,7.99,8.19,2529711,42289120.00
2013/06/06,8.14,8.14,7.88,7.89,2062756,34133268.00
2013/06/07,7.89,7.97,7.53,7.68,3097368,49475832.00
2013/06/13,7.59,7.59,7.39,7.50,2042465,31589176.00
2013/06/14,7.53,7.76,7.53,7.72,2124014,33730800.00
2013/06/17,7.72,7.79,7.46,7.64,3246425,51065304.00
2013/06/18,7.70,7.73,7.54,7.65,2124908,33620244.00
2013/06/19,7.65,7.69,7.43,7.67,1268099,19819936.00
2013/06/20,7.62,7.62,7.21,7.25,2059026,31408560.00
2013/06/21,7.15,7.16,6.95,7.01,3040924,44583184.00
2013/06/24,6.99,7.06,6.69,6.79,2260110,32403316.00
2013/06/25,6.69,7.01,6.43,6.92,2958347,41505020.00
2013/06/26,6.91,7.21,6.79,7.14,2638921,38539696.00
2013/06/27,7.15,7.21,6.86,6.89,1855478,27126776.00
2013/06/28,6.83,7.13,6.75,6.96,1096624,15919849.00
2013/07/01,6.96,7.15,6.92,7.14,1458245,21253872.00
2013/07/02,7.14,7.39,7.07,7.32,1596443,23839098.00
2013/07/03,7.32,7.41,7.09,7.36,1690073,25437256.00
2013/07/04,7.26,7.46,7.21,7.39,1605376,24468230.00
2013/07/05,7.38,7.47,7.28,7.36,1484822,22703992.00
2013/07/08,7.29,7.29,6.82,6.83,1991230,29278828.00
2013/07/09,6.81,6.92,6.55,6.71,1739529,24363784.00
2013/07/10,6.70,6.94,6.60,6.94,1939289,27269804.00
2013/07/11,7.24,7.66,7.09,7.57,5354103,82781632.00
2013/07/12,7.49,7.71,7.44,7.46,2890928,45235648.00
2013/07/15,7.45,7.71,7.45,7.58,2153846,33804268.00
2013/07/16,7.52,7.71,7.51,7.66,1689765,26612628.00
2013/07/17,7.66,7.66,7.48,7.50,1363027,21291856.00
2013/07/18,7.47,7.48,7.29,7.37,1222273,18692732.00
2013/07/19,7.38,7.45,7.20,7.22,2381665,36468232.00
2013/07/22,7.06,7.34,7.01,7.24,1952743,29072636.00
2013/07/23,7.16,7.53,7.14,7.44,1648073,25302796.00
2013/07/24,7.44,7.44,7.17,7.33,2451188,37075808.00
2013/07/25,7.26,7.41,7.22,7.23,1072332,16281685.00
2013/07/26,7.08,7.24,7.04,7.16,1245324,18399892.00
2013/07/29,7.11,7.29,7.03,7.05,1631102,24041416.00
2013/07/30,6.97,7.18,6.94,7.08,1203928,17706252.00
2013/07/31,7.15,7.20,7.04,7.06,517711,7641455.00
2013/08/01,7.19,7.56,7.09,7.52,2627319,40363156.00
2013/08/02,7.64,8.01,7.61,7.64,3493115,56365976.00
2013/08/05,7.68,7.82,7.49,7.77,1811230,28822848.00
2013/08/06,7.79,7.94,7.71,7.82,2074679,33456664.00
2013/08/07,7.81,7.81,7.54,7.59,1647091,26289524.00
2013/08/08,7.58,7.72,7.54,7.61,1159918,18288932.00
2013/08/09,7.66,7.84,7.60,7.80,1896087,30446206.00
2013/08/12,7.84,8.11,7.83,8.04,3254055,53741060.00
2013/08/13,8.04,8.21,8.03,8.07,2435230,40731908.00
2013/08/14,8.11,8.11,7.96,8.00,1628404,26971420.00
2013/08/15,7.99,8.02,7.89,7.94,1521432,24971848.00
2013/08/16,7.87,8.03,7.66,7.74,1998024,32346186.00
2013/08/19,7.68,7.98,7.67,7.93,1237160,19963672.00
2013/08/20,7.89,8.01,7.85,7.99,2065852,33889504.00
2013/08/21,7.99,8.23,7.89,8.20,2246710,37630012.00
2013/08/22,8.18,8.41,8.07,8.11,2330113,39738924.00
2013/08/23,8.44,8.71,8.25,8.50,7630699,134292864.00
2013/08/26,8.50,8.83,8.49,8.83,6086861,109539232.00
2013/08/27,8.81,8.81,8.69,8.77,2511400,45238444.00
2013/08/28,8.76,8.76,8.56,8.63,1456661,25928750.00
2013/08/29,8.63,8.72,8.45,8.56,2272253,40139560.00
2013/08/30,8.56,8.83,8.49,8.66,2766561,49701984.00
2013/09/02,8.66,8.83,8.64,8.75,1735943,31337608.00
2013/09/03,8.75,9.01,8.59,8.99,2153219,39331360.00
2013/09/04,8.98,8.98,8.80,8.83,1421885,25954008.00
2013/09/05,8.80,9.37,8.76,9.25,2969975,55464556.00
2013/09/06,9.23,9.71,9.17,9.47,3655927,71518104.00
2013/09/09,9.49,9.49,9.01,9.09,5282337,99183272.00
2013/09/10,9.00,9.24,8.82,8.97,3581113,66335864.00
2013/09/11,8.96,8.97,8.61,8.78,2192463,39374400.00
2013/09/12,8.78,8.85,8.69,8.79,891351,16095662.00
2013/09/13,8.81,8.94,8.49,8.58,2037698,36182472.00
2013/09/16,8.56,8.83,8.37,8.77,1828068,32350268.00
2013/09/17,8.68,8.76,8.58,8.66,1432917,25548656.00
2013/09/18,8.66,8.82,8.59,8.80,901217,16255347.00
2013/09/23,8.83,9.11,8.78,9.09,1263705,23539860.00
2013/09/24,9.09,9.26,9.03,9.10,1308778,24700704.00
2013/09/25,9.03,9.19,8.66,8.80,1743321,31737174.00
2013/09/26,8.70,8.87,8.65,8.66,1507506,27083234.00
2013/09/27,8.66,8.99,8.49,8.83,1082022,19328224.00
2013/09/30,8.77,9.06,8.71,8.92,1362233,24760660.00
2013/10/08,8.84,8.93,8.50,8.79,1162741,20894160.00
2013/10/09,8.84,9.14,8.84,9.04,1382592,25582242.00
2013/10/10,9.13,9.36,9.04,9.33,3147041,60062164.00
2013/10/11,9.34,9.43,9.23,9.35,1597545,30579772.00
2013/10/14,9.31,9.44,9.19,9.36,2592758,49667256.00
2013/10/15,9.37,9.46,9.03,9.07,1887869,36046212.00
2013/10/16,8.98,9.13,8.64,8.69,1963641,35534744.00
2013/10/17,8.73,8.78,8.56,8.66,1550392,27669952.00
2013/10/18,8.57,8.74,8.57,8.73,846297,15114642.00
2013/10/21,8.74,9.03,8.58,8.96,1515673,27530472.00
2013/10/22,8.96,8.98,8.71,8.74,1598447,29018540.00
2013/10/23,8.74,8.88,8.51,8.61,800986,14294474.00
2013/10/24,8.60,8.73,8.48,8.65,784850,13921716.00
2013/10/25,8.69,8.73,8.51,8.56,1034101,18321548.00
2013/10/28,8.64,8.71,8.54,8.70,755700,13424787.00
2013/10/29,8.74,8.90,8.44,8.73,1663564,29669824.00
2013/10/30,8.66,9.12,8.58,8.97,2029726,37448008.00
2013/10/31,8.98,9.09,8.84,9.07,1459258,26928004.00
2013/11/01,8.63,9.07,8.63,8.76,1792390,32281036.00
2013/11/04,8.79,8.83,8.69,8.77,1195333,21575178.00
2013/11/05,8.76,8.76,8.34,8.50,1926039,33623292.00
2013/11/06,8.49,8.49,8.23,8.25,1727832,29639700.00
2013/11/07,8.25,8.36,8.16,8.27,1027226,17463752.00
2013/11/08,8.24,8.27,7.99,8.10,1057502,17690508.00
2013/11/11,8.10,8.21,8.00,8.21,581505,9740081.00
2013/11/12,8.24,8.28,8.16,8.20,723910,12271777.00
2013/11/13,8.20,8.20,7.73,7.83,2567652,41744268.00
2013/11/14,7.80,7.94,7.80,7.93,921290,14962221.00
2013/11/15,7.95,8.18,7.91,8.12,1174437,19632268.00
2013/11/18,8.29,8.43,8.19,8.42,1708834,29348584.00
2013/11/19,8.38,8.46,8.22,8.38,2299627,39630632.00
2013/11/20,8.40,8.41,8.17,8.31,2046816,34850516.00
2013/11/21,8.30,8.43,8.22,8.38,1664743,28650888.00
2013/11/22,8.39,8.39,8.18,8.26,1358993,23202512.00
2013/11/25,8.30,8.54,8.19,8.42,2550171,44352480.00
2013/11/26,8.44,8.44,8.26,8.36,1271990,21913652.00
2013/11/27,8.36,8.57,8.36,8.56,2033654,35678780.00
2013/11/28,8.54,8.77,8.54,8.67,2342551,41889368.00
2013/11/29,8.64,8.83,8.54,8.74,1968457,35460232.00
2013/12/02,8.46,8.69,8.27,8.40,1975171,34582424.00
2013/12/03,8.32,8.66,8.29,8.63,1199139,20863456.00
2013/12/04,8.53,8.89,8.53,8.78,2246402,40669352.00
2013/12/05,8.82,8.90,8.64,8.82,1889353,34284344.00
2013/12/06,8.82,8.88,8.70,8.76,1289505,23348864.00
2013/12/09,8.81,8.94,8.69,8.87,2043540,37302508.00
2013/12/10,8.91,9.05,8.79,8.96,2226444,40925496.00
2013/12/11,8.88,8.96,8.59,8.72,2412106,43438456.00
2013/12/12,8.68,8.77,8.59,8.65,1629587,29102288.00
2013/12/13,8.63,8.80,8.45,8.78,2920736,52143160.00
2013/12/16,8.71,8.86,8.62,8.85,2239299,40269688.00
2013/12/17,8.86,8.99,8.72,8.88,1631831,29774200.00
2013/12/18,8.87,8.92,8.71,8.73,707482,12793481.00
2013/12/19,8.77,9.18,8.74,9.10,3535083,65802476.00
2013/12/20,9.08,9.09,8.88,8.89,2783438,51522716.00
2013/12/23,8.94,8.97,8.49,8.88,2296177,41658308.00
2013/12/24,8.78,9.06,8.78,8.92,1921385,35319804.00
2013/12/25,8.92,9.32,8.90,9.25,3304170,62289180.00
2013/12/26,9.18,9.25,8.98,9.02,1690462,31739424.00
2013/12/27,9.00,9.37,8.98,9.25,3275333,62221356.00
2013/12/30,9.24,9.50,9.17,9.37,3634149,69917984.00
2013/12/31,9.36,9.48,9.18,9.36,2757981,52858888.00
2014/01/02,9.33,9.54,9.19,9.49,2027690,39345184.00
2014/01/03,9.51,9.61,9.34,9.38,1939340,37688948.00
2014/01/06,9.34,9.34,8.85,8.91,1894852,35273160.00
2014/01/07,8.94,9.23,8.91,8.94,3479072,64900468.00
2014/01/08,8.90,9.16,8.90,9.08,2011094,37517964.00
2014/01/09,9.03,9.20,8.73,8.74,1566209,28985920.00
2014/01/10,8.74,8.74,8.46,8.62,2552457,45276336.00
2014/01/13,8.62,8.82,8.62,8.77,1785457,32196558.00
2014/01/14,8.68,8.93,8.68,8.93,854332,15586634.00
2014/01/15,8.93,9.01,8.79,8.91,1064843,19461330.00
2014/01/16,8.90,9.02,8.83,8.89,732311,13442276.00
2014/01/17,8.85,8.91,8.72,8.73,1487938,26986808.00
2014/01/20,8.73,8.81,8.47,8.54,2178024,38514376.00
2014/01/21,8.60,8.66,8.53,8.62,1946912,34402296.00
2014/01/22,8.63,8.96,8.59,8.94,1993644,36356988.00
2014/01/23,8.92,9.01,8.82,8.82,1346309,24678180.00
2014/01/24,8.83,9.16,8.80,9.14,1981101,36731128.00
2014/01/27,9.11,9.14,8.99,9.08,1942996,36214824.00
2014/01/28,9.08,9.10,8.79,8.95,1244424,22961520.00
2014/01/29,8.95,9.11,8.89,9.07,1714319,31828956.00
2014/01/30,9.04,9.10,8.89,8.89,1478556,27253790.00
2014/02/07,8.77,9.15,8.77,9.13,1538091,28374062.00
2014/02/10,9.14,9.56,9.13,9.53,3520599,67973088.00
2014/02/11,9.53,9.58,9.28,9.39,2664214,51622848.00
2014/02/12,9.38,10.32,9.34,10.09,5279287,107943216.00
2014/02/13,10.07,10.36,9.84,9.96,3481161,72381176.00
2014/02/14,9.93,10.28,9.89,10.19,2824566,58354932.00
2014/02/17,10.29,10.43,10.14,10.30,4263563,90150152.00
2014/02/18,10.32,10.53,10.21,10.33,3224780,68313384.00
2014/02/19,10.39,10.41,9.95,10.00,4040955,83964824.00
2014/02/20,10.01,10.36,9.79,10.02,4694095,97055072.00
2014/02/21,9.97,10.29,9.80,10.05,3195391,65886392.00
2014/02/24,9.73,9.73,9.02,9.02,8160169,155064496.00
2014/02/25,9.03,9.31,8.91,9.08,6209785,116738240.00
2014/02/26,9.07,9.07,8.72,8.90,4457845,80923960.00
2014/02/27,8.96,9.29,8.93,8.99,4529039,84838952.00
2014/02/28,8.91,9.12,8.75,9.08,2597736,47660732.00
2014/03/03,9.07,9.26,9.00,9.23,2325000,43657876.00
2014/03/04,9.21,9.29,9.01,9.26,3755737,70537680.00
2014/03/05,9.24,9.31,9.12,9.19,2143287,40640968.00
2014/03/06,9.18,9.19,8.93,9.00,1673255,31053052.00
2014/03/07,9.03,9.13,8.87,9.01,1404321,25972546.00
2014/03/10,8.94,8.94,8.53,8.68,1847832,33392974.00
2014/03/11,8.62,8.73,8.59,8.71,1227848,21946704.00
2014/03/12,8.69,8.70,8.51,8.68,1366477,24186520.00
2014/03/13,8.74,8.78,8.66,8.71,792203,14230330.00
2014/03/14,8.73,8.85,8.64,8.84,1414775,25521102.00
2014/03/17,8.87,9.00,8.80,8.99,1321802,24298200.00
2014/03/18,8.99,9.28,8.98,9.19,2552210,48218892.00
2014/03/19,9.19,9.26,9.08,9.24,1377583,26032504.00
2014/03/20,9.24,9.25,8.77,8.82,2289079,42386184.00
2014/03/21,8.83,9.11,8.69,9.06,1326117,24270254.00
2014/03/24,9.06,9.28,9.04,9.20,1307549,24706028.00
2014/03/25,9.26,9.46,9.17,9.30,1579536,30224188.00
2014/03/26,9.26,9.37,9.15,9.31,849829,16209782.00
2014/03/27,9.19,9.31,8.83,8.86,2303960,42546092.00
2014/03/28,8.86,8.95,8.74,8.76,1229644,22353592.00
2014/03/31,8.54,8.54,8.16,8.37,4652086,79789760.00
2014/04/01,8.38,8.42,8.21,8.39,2782154,47616440.00
2014/04/02,8.37,8.41,8.23,8.24,1700090,29024080.00
2014/04/03,8.27,8.35,8.07,8.34,2247194,38184276.00
2014/04/04,8.31,8.39,8.25,8.37,1714684,29448464.00
2014/04/08,8.34,8.53,8.23,8.45,2268205,39228840.00
2014/04/09,8.45,8.53,8.37,8.42,1829392,31775344.00
2014/04/10,8.42,8.53,8.42,8.53,2297071,40148928.00
2014/04/11,8.50,8.57,8.42,8.44,1911873,33472570.00
2014/04/14,8.48,8.57,8.39,8.55,1424226,24930934.00
2014/04/15,8.54,8.54,8.41,8.42,1059744,18486520.00
2014/04/16,8.39,8.49,8.39,8.44,915471,15922514.00
2014/04/17,8.47,8.48,8.38,8.40,821091,14262744.00
2014/04/18,8.33,8.39,8.18,8.28,1614806,27521406.00
2014/04/21,8.26,8.35,8.15,8.18,1500607,25489804.00
2014/04/22,8.11,8.17,7.89,7.96,1692934,28060248.00
2014/04/23,7.97,8.06,7.95,8.01,1077633,17811774.00
2014/04/24,8.01,8.10,7.88,7.89,1175596,19401096.00
2014/04/25,7.89,7.95,7.61,7.66,2607954,41715736.00
2014/04/28,7.65,7.65,7.30,7.35,1837161,28065808.00
2014/04/29,7.29,7.51,7.29,7.50,1345765,20642336.00
2014/04/30,7.34,7.34,6.82,6.92,6167925,89880456.00
2014/05/05,6.92,7.03,6.88,6.93,3819178,55016016.00
2014/05/06,6.93,7.16,6.92,7.15,4128470,60291172.00
2014/05/07,7.14,7.18,6.91,6.93,1989417,29020870.00
2014/05/08,6.93,7.18,6.93,7.00,1912013,28118674.00
2014/05/09,6.96,7.10,6.93,7.01,1295425,18821180.00
2014/05/12,7.07,7.15,6.99,7.14,2433323,35668764.00
2014/05/13,7.13,7.15,7.03,7.04,2050661,30118932.00
2014/05/14,7.04,7.05,6.90,6.92,2016491,29091588.00
2014/05/15,6.95,6.97,6.80,6.81,1465937,20956564.00
2014/05/16,6.79,6.79,6.62,6.68,2838699,39399936.00
2014/05/19,6.69,6.70,6.57,6.60,2031786,27914420.00
2014/05/20,6.68,6.74,6.62,6.71,1312172,18209530.00
2014/05/21,6.68,6.81,6.62,6.81,1562698,21867800.00
2014/05/22,6.79,6.84,6.61,6.69,3329394,46464520.00
2014/05/23,6.66,6.72,6.61,6.71,1553459,21562444.00
2014/05/26,6.74,6.84,6.71,6.75,3180994,44773848.00
2014/05/27,6.77,6.79,6.63,6.63,3445085,47912680.00
2014/05/28,6.63,6.83,6.59,6.82,4680493,65177404.00
2014/05/29,6.84,6.84,6.67,6.67,3305056,46296772.00
2014/05/30,6.68,6.68,6.58,6.63,4266804,58738784.00
2014/06/03,6.72,6.80,6.64,6.67,4446413,61999876.00
2014/06/04,6.74,6.74,6.50,6.54,3914665,53561720.00
2014/06/05,6.52,6.63,6.49,6.61,4710727,64079896.00
2014/06/06,6.62,6.62,6.45,6.51,4133208,56139540.00
2014/06/09,6.53,6.55,6.44,6.46,3453613,46672032.00
2014/06/10,6.49,6.65,6.46,6.64,3507992,48006856.00
2014/06/11,6.64,6.72,6.59,6.71,3366018,46523376.00
2014/06/12,6.75,7.08,6.74,6.96,11863465,171086672.00
2014/06/13,6.90,7.02,6.84,6.98,8078333,116604176.00
2014/06/16,6.99,7.11,6.91,6.96,7249285,105307416.00
2014/06/17,6.95,6.99,6.74,6.88,6765451,96762880.00
2014/06/18,6.82,7.00,6.78,7.00,5432590,78374264.00
2014/06/19,6.99,7.00,6.77,6.86,4023704,57632640.00
2014/06/20,6.86,6.89,6.78,6.86,2469718,35087152.00
2014/06/23,6.88,7.11,6.88,7.04,3916322,56964384.00
2014/06/24,7.01,7.11,7.01,7.05,2923732,42798780.00
2014/06/25,7.06,7.06,6.85,6.87,3436259,49428828.00
2014/06/26,6.90,7.03,6.90,6.97,3166472,45850168.00
2014/06/27,6.94,7.02,6.91,6.97,2962983,42864824.00
2014/06/30,7.00,7.05,6.92,6.98,3212331,45635564.00
2014/07/01,7.01,7.28,6.99,7.27,6475440,94584504.00
2014/07/02,7.27,7.35,7.19,7.29,5045404,74539272.00
2014/07/03,7.32,7.32,7.21,7.30,4083287,60309936.00
2014/07/04,7.31,7.56,7.26,7.46,5224533,79342096.00
2014/07/07,7.52,7.53,7.36,7.39,3270597,49325568.00
2014/07/08,7.38,7.44,7.27,7.35,3656481,54526112.00
2014/07/09,7.33,7.45,7.21,7.22,3694787,55005940.00
2014/07/10,7.21,7.36,7.19,7.27,2664937,39450968.00
2014/07/11,7.27,7.41,7.25,7.35,3533388,52543696.00
2014/07/14,7.35,7.54,7.32,7.53,5585056,84314864.00
2014/07/15,7.55,7.55,7.31,7.34,4937218,74349424.00
2014/07/16,7.35,7.37,7.20,7.27,3448187,50914652.00
2014/07/17,7.25,7.32,7.21,7.30,2100608,31006760.00
2014/07/18,7.25,7.34,7.18,7.20,2267343,33420992.00
2014/07/21,7.16,7.23,7.09,7.18,2205403,32082436.00
2014/07/22,7.21,7.38,7.18,7.35,3317252,49321008.00
2014/07/23,7.31,7.41,7.20,7.24,2410434,35652980.00
2014/07/24,7.23,7.27,7.01,7.13,2875049,41709092.00
2014/07/25,7.13,7.22,7.11,7.20,1683502,24563454.00
2014/07/28,7.23,7.39,7.22,7.34,4045420,60155492.00
2014/07/29,7.35,7.54,7.32,7.52,5630024,85423544.00
2014/07/30,7.47,7.51,7.41,7.50,2915439,44199784.00
2014/07/31,7.56,7.67,7.45,7.65,5399840,83127864.00
2014/08/01,7.60,8.23,7.60,7.96,15559117,249669952.00
2014/08/04,7.96,8.21,7.78,7.93,16218569,261892144.00
2014/08/05,7.88,7.97,7.66,7.80,8074331,127415168.00
2014/08/06,7.80,7.86,7.63,7.81,4560421,71958208.00
2014/08/07,7.77,7.85,7.70,7.72,2889461,45653512.00
2014/08/08,7.68,7.79,7.68,7.74,2373326,37301240.00
2014/08/11,7.73,7.82,7.73,7.81,2353369,37269836.00
2014/08/12,7.81,7.92,7.78,7.92,3267756,52110384.00
2014/08/13,7.94,7.95,7.72,7.75,3184787,50358788.00
2014/08/14,7.73,7.82,7.68,7.70,2420302,38161944.00
2014/08/15,7.69,7.76,7.63,7.74,2343825,36715132.00
2014/08/18,7.74,7.95,7.73,7.93,3715055,59403452.00
2014/08/19,7.93,7.96,7.83,7.92,3259161,52289992.00
2014/08/20,7.91,8.04,7.88,7.98,6269549,101576648.00
2014/08/21,7.97,8.01,7.86,7.93,2603288,41909356.00
2014/08/22,7.90,8.03,7.89,8.01,3186206,51513160.00
2014/08/25,8.02,8.03,7.82,7.83,3118826,50058452.00
2014/08/26,7.81,7.84,7.50,7.55,4891654,76210880.00
2014/08/27,7.50,7.78,7.48,7.65,3694601,57247388.00
2014/08/28,7.61,7.69,7.47,7.48,2358927,36252020.00
2014/08/29,7.48,7.61,7.48,7.61,1524335,23390872.00
2014/09/01,7.63,7.75,7.61,7.74,2411130,37714100.00
2014/09/02,7.74,7.88,7.73,7.87,4139016,65713736.00
2014/09/03,7.91,7.96,7.84,7.92,3348709,53787568.00
2014/09/04,7.92,7.98,7.89,7.96,3855443,62200148.00
2014/09/05,7.95,8.12,7.93,8.08,5359167,87328672.00
2014/09/09,8.08,8.09,7.97,7.99,4244608,69002840.00
2014/09/10,8.02,8.02,7.89,8.02,3916800,63207920.00
2014/09/11,8.00,8.26,7.98,8.09,7183312,118435856.00
2014/09/12,8.10,8.24,8.05,8.19,5539450,91942200.00
2014/09/15,8.14,8.35,8.14,8.28,4277863,71889256.00
2014/09/16,8.29,8.31,7.96,7.98,5816300,95860864.00
2014/09/17,7.96,8.03,7.86,8.02,3159433,51075900.00
2014/09/18,8.03,8.05,7.95,8.01,2119456,34429688.00
2014/09/19,8.03,8.06,7.95,8.03,3158021,51440272.00
2014/09/22,8.03,8.03,7.85,7.91,3196497,51336260.00
2014/09/23,7.85,8.03,7.85,8.02,3305703,53436036.00
2014/09/24,8.00,8.15,7.98,8.12,3623160,59633012.00
2014/09/25,8.17,8.20,8.09,8.13,4632943,76569288.00
2014/09/26,8.00,8.37,8.00,8.32,5897277,99003880.00
2014/09/29,8.33,8.52,8.33,8.41,7550130,129077344.00
2014/09/30,8.41,8.53,8.41,8.47,3984220,68430088.00
2014/10/08,8.46,8.67,8.46,8.61,5260555,91680832.00
2014/10/09,8.62,8.73,8.43,8.50,6426642,111555960.00
2014/10/10,8.47,8.54,8.38,8.45,3983934,68356728.00
2014/10/13,8.43,8.60,8.38,8.59,5842713,100513608.00
2014/10/14,8.52,8.67,8.40,8.51,3765972,65240780.00
2014/10/15,8.48,8.51,8.34,8.48,2580328,44135600.00
2014/10/16,8.42,8.68,8.41,8.46,5635090,97874096.00
2014/10/17,8.43,8.78,8.34,8.74,7472397,130099808.00
2014/10/20,8.75,8.94,8.66,8.67,5747961,102387488.00
2014/10/21,8.67,8.86,8.60,8.77,4880185,86470848.00
2014/10/22,8.74,8.95,8.72,8.77,5909638,105987328.00
2014/10/23,8.75,8.77,8.37,8.40,5139785,89029488.00
2014/10/24,8.41,8.49,8.33,8.45,2417121,41288704.00
2014/10/27,8.47,8.56,8.40,8.51,2216916,38230056.00
2014/10/28,8.55,8.75,8.48,8.73,3431100,60198812.00
2014/10/29,8.80,8.89,8.66,8.78,5978764,106486784.00
2014/10/30,8.77,8.96,8.71,8.84,8141932,146239376.00
2014/10/31,8.87,8.94,8.71,8.83,4670641,83226864.00
2014/11/03,8.83,8.91,8.78,8.85,3948287,70727840.00
2014/11/04,8.85,9.13,8.79,8.94,6498985,118272152.00
2014/11/05,8.96,9.06,8.88,9.00,4444100,80996760.00
2014/11/06,9.02,9.02,8.84,8.93,4334628,78336160.00
2014/11/07,8.93,9.08,8.87,8.90,5562065,101406008.00
2014/11/10,8.92,9.03,8.77,8.99,6277167,113383080.00
2014/11/11,9.00,9.04,8.63,8.75,5251285,93946272.00
2014/11/12,8.74,8.86,8.69,8.84,3329319,59555056.00
2014/11/13,8.83,8.89,8.48,8.60,4578391,80336048.00
2014/11/14,8.52,8.63,8.41,8.51,3287949,56698708.00
2014/11/17,8.55,8.82,8.54,8.74,3372627,59330736.00
2014/11/18,8.70,8.83,8.66,8.68,1581875,27882996.00
2014/11/19,8.68,8.86,8.65,8.83,3194947,56926452.00
2014/11/20,8.80,8.90,8.75,8.84,1512056,27063956.00
2014/11/21,8.84,8.96,8.81,8.95,3134849,56501744.00
2014/11/24,9.09,9.09,8.90,8.94,3754366,68310672.00
2014/11/25,8.92,9.08,8.92,8.97,4133926,75308880.00
2014/11/26,9.02,9.09,8.83,8.90,4883477,88528688.00
2014/11/27,8.91,9.21,8.89,9.15,7361949,135762016.00
2014/11/28,9.16,9.22,9.03,9.11,5391288,99456400.00
2014/12/01,9.13,9.19,8.95,8.96,5448920,99639416.00
2014/12/02,8.95,9.07,8.93,9.00,5731496,104411424.00
2014/12/03,8.98,9.21,8.89,9.20,7843609,143802592.00
2014/12/04,9.21,10.06,9.21,9.69,14615606,287110432.00
2014/12/05,9.69,9.77,9.21,9.37,8243060,157536000.00
2014/12/08,9.30,9.98,9.29,9.90,12538126,248064256.00
2014/12/09,9.83,10.13,9.03,9.25,10761268,211679216.00
2014/12/10,9.25,9.78,9.24,9.75,6834526,132658064.00
2014/12/11,9.78,9.90,9.64,9.83,5302537,104710144.00
2014/12/12,9.87,10.31,9.78,10.17,9017684,183704144.00
2014/12/15,10.18,10.37,9.98,10.33,8023866,165296832.00
2014/12/16,10.29,10.37,10.10,10.14,5830435,120187456.00
2014/12/17,10.08,10.08,9.72,9.78,5554954,110810056.00
2014/12/18,9.78,9.97,9.64,9.80,3080309,61223768.00
2014/12/19,9.78,9.81,9.38,9.52,5190097,100542656.00
2014/12/22,9.42,9.42,8.58,8.71,10829302,195964576.00
2014/12/23,8.75,8.90,8.60,8.62,5576605,98793296.00
2014/12/24,8.76,8.86,8.65,8.80,2772434,49417884.00
2014/12/25,8.48,8.82,8.43,8.75,9383486,163509728.00
2014/12/26,8.62,8.97,8.60,8.92,6062196,108703960.00
2014/12/29,8.88,9.00,8.52,8.60,5653764,100299456.00
2014/12/30,8.61,8.61,8.30,8.32,5341294,91268808.00
2014/12/31,8.34,8.78,8.28,8.53,6912106,119381992.00
2015/01/05,8.50,8.66,8.38,8.57,5485899,95088672.00
2015/01/06,8.56,9.00,8.51,8.93,8013276,143393616.00
2015/01/07,8.84,8.91,8.72,8.82,3739043,66576304.00
2015/01/08,8.82,9.35,8.80,8.94,7621386,140341280.00
2015/01/09,8.92,9.04,8.74,8.78,4353580,78823624.00
2015/01/12,8.79,8.79,8.37,8.37,5994858,103234944.00
2015/01/13,8.49,8.50,8.36,8.48,3010932,51576688.00
2015/01/14,8.48,8.88,8.44,8.74,5149121,90330848.00
2015/01/15,8.71,8.90,8.70,8.80,3663915,65624208.00
2015/01/16,8.79,9.25,8.77,9.06,5391693,98790576.00
2015/01/19,8.88,9.23,8.56,8.74,6873137,124543648.00
2015/01/20,8.69,9.03,8.69,9.01,4177173,75591256.00
2015/01/21,9.04,9.34,9.03,9.28,6896876,129226048.00
2015/01/22,9.28,9.34,9.19,9.27,6232919,117142208.00
2015/01/23,9.33,9.52,9.23,9.28,6554500,124440056.00
2015/01/26,9.24,9.63,9.22,9.62,7404815,141649184.00
2015/01/27,9.53,9.72,9.40,9.51,7377980,142762880.00
2015/01/28,9.44,9.73,9.40,9.44,4278741,82915296.00
2015/01/29,9.40,9.53,9.25,9.34,3571649,67959296.00
2015/01/30,9.35,9.48,9.12,9.13,3363218,63181648.00
2015/02/02,9.03,9.21,8.99,9.13,2620608,48498040.00
2015/02/03,9.17,9.29,9.09,9.28,3486244,65009608.00
2015/02/04,9.29,9.31,8.98,9.08,4139818,76959136.00
2015/02/05,9.15,9.18,8.90,8.92,2932488,53689588.00
2015/02/06,8.91,8.93,8.64,8.69,3166588,56234356.00
2015/02/09,8.65,8.82,8.62,8.69,1896451,33533596.00
2015/02/10,8.70,8.88,8.70,8.88,2409780,43066468.00
2015/02/11,8.93,8.95,8.78,8.82,3033843,54422344.00
2015/02/12,8.80,8.90,8.78,8.84,2734738,48998184.00
2015/02/13,8.86,9.10,8.86,9.02,3498979,63963876.00
2015/02/16,9.03,9.23,9.03,9.22,3044521,56473888.00
2015/02/17,9.22,9.25,9.09,9.16,2427850,45009228.00
2015/02/25,9.17,9.20,8.98,9.05,2973309,54623208.00
2015/02/26,9.05,9.22,8.99,9.21,2802856,51768388.00
2015/02/27,9.28,9.45,9.25,9.30,5747540,108856048.00
2015/03/02,9.37,9.48,9.25,9.47,4996644,94855880.00
2015/03/03,9.42,9.43,9.25,9.26,4492729,85054672.00
2015/03/04,9.28,9.42,9.26,9.41,4338706,82131200.00
2015/03/05,9.40,9.50,9.27,9.42,5718562,108570240.00
2015/03/06,9.43,9.55,9.41,9.45,5526107,105916936.00
2015/03/09,9.45,9.61,9.44,9.54,7837940,151105408.00
2015/03/10,9.57,10.00,9.50,9.97,12799907,251856400.00
2015/03/11,10.03,10.18,9.86,10.12,15441483,313601760.00
2015/03/12,10.08,10.54,10.02,10.18,11587996,239938576.00
2015/03/13,10.20,10.28,10.01,10.26,5693383,116930080.00
2015/03/16,10.30,10.68,10.30,10.62,8397450,179488928.00
2015/03/17,10.63,10.70,10.42,10.58,7859297,167953104.00
2015/03/18,10.65,10.68,10.53,10.63,5667065,121469832.00
2015/03/19,10.68,11.63,10.66,11.25,11468314,259555152.00
2015/03/20,11.20,11.37,11.10,11.23,6751037,153232560.00
2015/03/23,11.19,11.78,11.15,11.76,10721189,249259168.00
2015/03/24,11.87,12.72,11.60,12.38,22211221,545613760.00
2015/03/25,12.47,12.72,12.18,12.42,10275227,259587600.00
2015/03/26,12.37,12.37,11.74,12.01,9231272,225449008.00
2015/03/27,11.97,13.22,11.83,13.22,12935446,328143392.00
2015/03/30,13.33,14.55,13.09,14.32,19397756,542525568.00
2015/03/31,13.38,14.14,12.88,13.79,26699664,722722176.00
2015/04/01,13.42,14.88,13.29,14.59,21531582,622938944.00
2015/04/02,14.56,15.29,14.21,15.00,13900467,410645120.00
2015/04/03,14.69,14.98,14.18,14.45,11536456,338452064.00
2015/04/07,14.46,14.89,14.07,14.33,11671633,336026592.00
2015/04/08,14.34,14.36,13.44,13.79,9291402,260654816.00
2015/04/09,13.73,13.76,12.65,13.15,10803530,287764288.00
2015/04/10,13.04,13.92,13.03,13.88,9216758,252713056.00
2015/04/13,13.89,14.58,13.88,14.34,11628233,334542304.00
2015/04/14,14.29,14.82,13.83,13.87,8797770,253772800.00
2015/04/15,13.88,14.00,13.06,13.09,7407129,199160320.00
2015/04/16,13.03,14.15,12.72,14.06,8649617,238109888.00
2015/04/17,14.20,14.88,13.98,14.62,13671775,397578656.00
2015/04/20,14.36,14.67,13.76,13.84,8194005,234974816.00
2015/04/21,13.78,14.66,13.78,14.56,8935689,256450016.00
2015/04/22,14.57,15.15,14.57,14.94,11835763,356457344.00
2015/04/23,15.23,15.98,14.98,15.52,11345346,353557056.00
2015/04/24,15.13,16.16,14.87,15.77,9593636,297692576.00
2015/04/27,15.87,16.15,15.22,15.30,10723666,335030400.00
2015/04/28,15.23,15.38,13.88,14.19,9688457,282993472.00
2015/04/29,14.19,14.52,13.93,14.19,5394638,155205280.00
2015/04/30,14.17,14.85,14.03,14.62,5800712,170533216.00
2015/05/04,14.60,14.64,13.91,14.36,5221050,150969248.00
2015/05/05,14.18,14.56,13.48,13.78,5000627,141715920.00
2015/05/06,13.72,14.08,12.88,13.28,5101326,141489584.00
2015/05/07,13.02,13.47,13.01,13.08,3554273,94798184.00
2015/05/08,13.33,13.59,13.08,13.17,6360244,170203040.00
2015/05/11,13.40,14.50,13.35,14.50,7669843,216575712.00
2015/05/12,14.88,15.62,14.54,14.92,11210046,339750752.00
2015/05/13,14.83,15.32,14.50,14.81,7784731,231746784.00
2015/05/14,14.77,15.05,14.71,14.82,5210427,156196784.00
2015/05/15,14.82,16.26,14.10,15.60,11860943,361440928.00
2015/05/18,15.61,16.08,15.40,15.74,9002923,286617152.00
2015/05/19,15.68,17.10,15.54,16.78,10012338,334286816.00
2015/05/20,17.13,17.48,16.47,16.68,8785030,303009344.00
2015/05/21,16.63,17.28,16.48,17.28,5155026,176170512.00
2015/05/22,17.28,17.48,15.96,16.80,7901109,266817056.00
2015/05/25,16.38,18.28,16.32,17.92,9808910,338706496.00
2015/05/26,18.02,18.86,17.93,18.41,8441123,312288896.00
2015/05/27,18.25,18.89,17.59,18.71,6381414,229703856.00
2015/05/28,18.30,18.83,17.73,17.84,8184025,299273056.00
2015/05/29,17.25,18.08,16.95,17.26,6520914,227769184.00
2015/06/01,17.49,18.98,17.22,18.74,7505448,269272224.00
2015/06/02,18.73,19.60,18.30,19.38,7892659,300586784.00
2015/06/03,19.44,19.68,18.52,19.39,7635912,293358816.00
2015/06/04,18.68,19.50,17.53,18.82,7877215,291269056.00
2015/06/05,18.93,19.26,18.43,18.64,6722005,253458528.00
2015/06/08,18.45,18.46,17.68,17.84,6304932,226739312.00
2015/06/09,17.87,18.07,17.45,17.78,3064323,108708048.00
2015/06/10,17.80,18.26,17.55,18.07,4535832,163596256.00
2015/06/11,18.15,18.18,17.51,17.71,3951665,140157936.00
2015/06/12,17.71,19.48,17.54,19.48,10183252,389333216.00
2015/06/15,19.72,20.49,19.50,20.04,12420506,495928832.00
2015/06/16,19.75,20.79,19.16,19.93,9994289,402375744.00
2015/06/17,19.60,21.44,19.26,21.24,8581434,351477888.00
2015/06/18,21.11,21.70,19.16,19.26,7684170,317363808.00
2015/06/19,18.63,18.63,17.33,17.33,6362201,228272384.00
2015/06/23,17.29,17.64,16.00,17.50,5038748,172681904.00
2015/06/24,17.78,18.15,17.00,17.71,4198440,148795616.00
2015/06/25,17.65,18.20,17.17,17.21,5261387,187111328.00
2015/06/26,16.52,16.90,15.49,15.49,6494349,210031936.00
2015/06/29,16.00,16.09,13.94,13.94,13190763,385489920.00
2015/06/30,13.51,15.33,12.54,15.25,10842357,306955424.00
2015/07/01,15.25,16.18,14.02,14.66,6389263,199284144.00
2015/07/02,14.68,15.00,13.51,13.98,7220825,205004000.00
2015/07/03,13.35,15.35,12.58,14.07,6952678,193113168.00
2015/07/06,15.47,15.47,12.66,14.36,11179717,311555872.00
2015/07/07,13.64,14.11,12.93,12.93,5653459,149355120.00
2015/07/13,14.22,14.22,14.22,14.22,443493,12612941.00
2015/07/14,15.64,15.64,15.64,15.64,636556,19911472.00
2015/07/15,17.20,17.20,14.08,14.08,14585233,448670272.00
2015/07/16,14.08,15.48,12.78,14.63,9046956,258838272.00
2015/07/17,14.63,15.80,14.63,15.52,7097263,218933488.00
2015/07/20,15.51,15.95,15.01,15.41,7672977,237621296.00
2015/07/21,15.45,16.42,15.25,16.38,9917136,311928384.00
2015/07/22,16.25,17.50,16.11,17.07,8699355,293236128.00
2015/07/23,17.15,17.82,17.00,17.33,6670610,233003216.00
2015/07/24,17.60,17.64,16.11,16.66,7486480,254518224.00
2015/07/27,16.49,16.61,14.99,14.99,10801618,335639936.00
2015/07/28,14.55,15.43,14.14,15.21,8769595,257749440.00
2015/07/29,15.28,16.08,14.91,16.06,4806576,147759744.00
2015/07/30,16.00,16.22,15.50,15.89,3624725,115557096.00
2015/07/31,15.60,16.83,15.57,16.46,6952984,224928800.00
2015/08/03,16.40,16.44,15.85,16.42,7594701,245450912.00
2015/08/04,16.41,17.40,16.14,17.19,5650158,189533728.00
2015/08/05,17.40,18.14,16.80,16.85,6444319,227645616.00
2015/08/06,16.33,17.50,16.00,17.41,3314872,113214096.00
2015/08/07,18.48,19.15,18.48,19.15,14960573,569664512.00
2015/08/10,19.25,19.78,18.69,19.45,12851795,495384000.00
2015/08/11,19.01,19.74,18.91,19.05,7967478,307443264.00
2015/08/12,19.00,19.19,17.57,17.60,10539645,382279392.00
2015/08/13,17.94,18.08,17.24,18.05,5106218,180678448.00
2015/08/14,18.05,18.48,18.00,18.08,4184299,152328224.00
2015/08/17,18.00,18.00,16.76,17.29,7362985,252790208.00
2015/08/18,17.30,17.73,15.69,16.09,6257264,213383632.00
2015/08/19,15.52,16.85,15.05,16.24,5693893,180320976.00
2015/08/20,16.24,16.45,15.60,15.79,3262688,105295440.00
2015/08/21,15.46,15.65,14.69,15.03,4946585,149529120.00
2015/08/24,14.01,14.44,13.53,13.53,5479928,149112672.00
2015/08/25,12.18,12.94,12.18,12.20,11272290,278558016.00
2015/08/26,12.50,12.70,11.51,11.94,7071896,172582608.00
2015/08/27,12.39,13.08,12.19,13.06,5451727,136432400.00
2015/08/28,12.98,14.36,12.78,14.36,7428622,203406288.00
2015/08/31,14.03,14.26,13.50,13.91,3776300,104786768.00
2015/09/01,13.81,13.81,12.52,12.52,2829999,73330960.00
2015/09/02,11.74,12.72,11.64,12.53,8164309,201234656.00
2015/09/07,12.98,13.19,12.50,12.61,3991604,103048208.00
2015/09/08,12.20,13.00,12.01,12.87,3921792,98950280.00
2015/09/09,12.87,14.08,12.80,14.00,6310902,170522464.00
2015/09/10,13.63,14.25,13.50,13.80,2889404,80343744.00
2015/09/11,13.80,14.06,13.51,13.78,1925013,53023416.00
2015/09/14,13.85,14.00,12.44,13.03,3574939,94432120.00
2015/09/15,12.64,12.89,11.73,11.73,4254574,102043152.00
2015/09/16,11.73,12.89,11.00,12.58,4993953,117765296.00
2015/09/17,12.49,12.99,12.05,12.23,4031768,100718192.00
2015/09/18,12.22,12.85,12.22,12.66,2852139,71746320.00
2015/09/21,12.41,13.14,12.26,13.08,1729256,44616912.00
2015/09/22,13.16,13.29,12.83,13.05,2299150,59776944.00
2015/09/23,12.86,13.33,12.71,12.92,1713400,44680808.00
2015/09/24,13.11,13.26,12.77,13.17,1475910,38633664.00
2015/09/25,13.09,13.75,13.05,13.32,3656537,98556032.00
2015/09/28,13.39,13.40,12.76,13.16,1863073,48682052.00
2015/09/29,13.23,13.50,13.07,13.19,1930524,51277364.00
2015/09/30,13.64,13.64,13.00,13.22,1098758,29077216.00
2015/10/08,13.60,14.25,13.60,14.05,2656014,73962592.00
2015/10/09,14.07,14.30,13.93,14.25,2314268,65453916.00
2015/10/12,14.25,15.37,14.25,15.17,3561455,53399968.00
2015/10/13,14.69,15.10,14.60,14.97,5925655,87809184.00
2015/10/14,15.30,15.78,14.20,14.54,11935567,181209568.00
2015/10/15,14.20,14.92,14.13,14.85,5917813,86557912.00
2015/10/16,14.90,15.20,14.70,14.97,7600203,113482504.00
2015/10/19,14.98,15.21,14.74,14.90,7718801,115301328.00
2015/10/20,14.84,14.97,14.50,14.87,10185328,150111920.00
2015/10/21,14.91,15.60,13.99,14.04,11731206,174193376.00
2015/10/22,13.96,14.82,13.96,14.77,7040744,101035800.00
2015/10/23,14.80,15.42,14.64,15.26,10593092,160092416.00
2015/10/26,15.40,16.22,15.25,16.14,14260045,225819568.00
2015/10/27,16.20,16.20,14.53,15.77,15629978,241436112.00
2015/10/28,15.65,16.32,15.46,15.57,9416054,149908992.00
2015/10/29,15.52,15.83,15.45,15.56,4280318,66630740.00
2015/10/30,15.43,15.82,15.18,15.49,4846978,75337560.00
2015/11/02,15.30,15.30,14.47,14.70,5721942,85349080.00
2015/11/03,14.67,14.92,13.98,14.09,8565166,121875216.00
2015/11/04,14.16,14.88,14.15,14.82,6887541,100279640.00
2015/11/05,14.83,15.08,14.70,14.90,6849670,102160904.00
2015/11/06,14.94,15.25,14.78,15.17,10079852,151707904.00
2015/11/09,15.02,16.18,14.80,16.03,24957845,385682464.00
2015/11/10,15.79,15.92,15.22,15.52,20861780,324292128.00
2015/11/11,15.44,15.77,15.26,15.70,11241379,174380592.00
2015/11/12,16.00,16.93,16.00,16.43,22848685,377922944.00
2015/11/13,16.43,16.70,15.80,15.84,13669293,220747376.00
2015/11/16,15.20,15.98,15.18,15.87,11779494,184110128.00
2015/11/17,16.03,16.44,15.59,15.70,10913556,175006384.00
2015/11/18,15.69,15.77,14.50,14.80,20759532,314217728.00
2015/11/19,14.89,15.03,14.50,14.98,15883491,234139200.00
2015/11/20,14.85,16.12,14.85,16.05,22531279,349760192.00
2015/11/23,16.09,16.76,15.78,15.95,22804975,369778944.00
2015/11/24,15.81,16.50,15.55,16.38,15500691,248765344.00
2015/11/25,16.19,16.38,16.03,16.24,12452770,201596416.00
2015/11/26,16.40,16.40,15.62,15.70,13097331,209303136.00
2015/11/27,15.65,15.68,14.30,14.51,15352453,231310192.00
2015/11/30,14.60,14.83,13.52,14.40,12115315,171768448.00
2015/12/01,14.50,14.53,14.20,14.43,6748734,96967216.00
2015/12/02,14.43,14.54,13.75,14.52,6371696,90348536.00
2015/12/03,14.52,14.84,14.40,14.71,5461086,80026672.00
2015/12/04,14.63,14.68,14.29,14.54,6485753,94051304.00
2015/12/07,14.54,14.65,14.29,14.50,4898438,70760536.00
2015/12/08,14.45,14.45,13.90,13.98,6669229,93800400.00
2015/12/09,13.80,14.01,13.65,13.73,5514355,76042776.00
2015/12/10,13.73,13.88,13.52,13.55,5223885,71318952.00
2015/12/11,13.50,13.50,13.10,13.16,6922171,91407272.00
2015/12/14,12.90,13.47,12.86,13.40,6170858,81770192.00
2015/12/15,13.60,13.96,13.38,13.79,9420277,128532152.00
2015/12/16,13.82,13.90,13.58,13.65,6474152,89116296.00
2015/12/17,13.64,14.08,13.64,13.90,9435513,130881600.00
2015/12/18,13.93,13.94,13.60,13.74,7514111,103318448.00
2015/12/21,13.74,13.85,13.55,13.79,12072893,165201616.00
2015/12/22,13.95,14.00,13.61,13.78,10067519,138784080.00
2015/12/23,13.79,13.87,13.66,13.81,9029045,124262424.00
2015/12/24,13.81,13.84,13.32,13.50,7768361,105213200.00
2015/12/25,13.52,13.60,13.22,13.31,9037736,120565104.00
2015/12/28,13.43,13.64,13.32,13.39,10144771,136811856.00
2015/12/29,13.39,13.49,13.08,13.29,7961400,105062312.00
2015/12/30,13.34,13.47,13.28,13.44,7046627,94291680.00
2015/12/31,13.47,13.56,13.27,13.28,5442073,72989704.00
2016/01/04,13.30,13.30,11.95,11.95,9347079,116331128.00
2016/01/05,11.35,11.80,10.81,11.50,18439938,209764208.00
2016/01/06,11.60,12.28,11.51,12.24,17702699,210736128.00
2016/01/07,11.91,11.98,11.02,11.03,2825533,32642602.00
2016/01/08,11.36,11.96,10.92,11.70,14032397,161589664.00
2016/01/11,11.63,11.95,11.04,11.10,16313892,188213968.00
2016/01/12,11.11,11.35,10.28,10.73,12497925,135420688.00
2016/01/13,10.77,11.23,10.43,10.45,9574981,104067896.00
2016/01/14,10.14,10.75,9.98,10.59,12989164,134514896.00
2016/01/15,10.38,10.61,9.82,9.97,10264254,105112040.00
2016/01/18,9.79,10.13,9.60,10.00,8925795,88693464.00
2016/01/19,9.97,10.37,9.81,10.36,11428542,115872464.00
2016/01/20,10.23,10.41,9.99,10.06,9818834,99826832.00
2016/01/21,9.90,10.15,9.68,9.70,6909367,68386304.00
2016/01/22,9.78,9.92,9.54,9.82,7591569,73982648.00
2016/01/25,10.00,10.04,9.80,9.92,7402751,73274928.00
2016/01/26,9.81,9.86,8.99,9.01,8636962,81754768.00
2016/01/27,9.02,9.14,8.56,8.93,7743494,68273392.00
2016/01/28,8.93,9.03,8.60,8.61,4648562,41221080.00
2016/01/29,8.63,9.03,8.56,8.96,5567091,49435020.00
2016/02/01,9.01,9.01,8.52,8.65,4041754,35427220.00
2016/02/02,8.69,9.38,8.68,9.36,10036259,91206632.00
2016/02/03,9.19,9.49,9.04,9.44,8950397,82838824.00
2016/02/04,9.44,9.82,9.40,9.71,8252200,79807184.00
2016/02/05,9.88,9.95,9.64,9.68,8449997,82804160.00
2016/02/15,9.21,9.83,9.10,9.77,6288755,60303912.00
2016/02/16,9.80,10.12,9.79,10.07,6747224,67379696.00
2016/02/17,9.99,10.06,9.84,10.00,7361390,73093024.00
2016/02/18,10.06,10.09,9.78,9.82,7256949,71979896.00
2016/02/19,9.81,9.90,9.66,9.83,5402143,52856452.00
2016/02/22,9.90,10.03,9.80,9.98,8687662,86174176.00
2016/02/23,10.11,10.58,9.96,10.47,19045210,196012272.00
2016/02/24,10.35,10.36,10.03,10.27,11138246,113492904.00
2016/02/25,10.25,10.25,9.24,9.24,11169397,107939592.00
2016/02/26,9.23,9.38,8.94,9.00,8028703,73555960.00
2016/02/29,9.02,9.15,8.32,8.54,6621487,56851556.00
2016/03/01,8.70,8.82,8.50,8.72,6556418,56869384.00
2016/03/02,8.73,9.09,8.73,9.07,13665444,122524064.00
2016/03/03,9.07,9.22,9.01,9.06,10180458,92582536.00
2016/03/04,9.07,9.09,8.55,8.68,10019735,88295024.00
2016/03/07,8.78,8.97,8.71,8.83,7775056,68692144.00
2016/03/08,8.87,8.87,8.47,8.81,8552127,74106048.00
2016/03/09,8.65,8.95,8.63,8.78,8107415,71230720.00
数据来源:通达信
