603085 天成自控 日线 前复权
      日期	    开盘	    最高	    最低	    收盘	    成交量	    成交额
2015/06/30,10.47,10.47,10.47,10.47,21300,223011.00
2015/07/01,11.52,11.52,11.52,11.52,3432,39537.00
2015/07/02,12.67,12.67,12.67,12.67,9700,122899.00
2015/07/03,13.94,13.94,13.94,13.94,69600,970224.00
2015/07/06,15.33,15.33,15.33,15.33,66690,1022358.00
2015/07/07,16.86,16.86,16.86,16.86,964618,16263459.00
2015/07/08,15.33,18.55,15.17,18.55,17726041,292850304.00
2015/07/09,18.00,20.41,17.60,20.41,4584696,89454696.00
2015/07/10,22.45,22.45,22.45,22.45,101309,2274387.00
2015/07/13,24.70,24.70,24.70,24.70,36590,903773.00
2015/07/14,27.17,27.17,27.17,27.17,63507,1725485.00
2015/07/15,29.89,29.89,28.80,29.89,14347308,427986944.00
2015/07/16,26.90,32.50,26.90,28.91,16160982,478450880.00
2015/07/17,27.23,31.80,26.60,31.80,15321601,443468512.00
2015/07/20,30.18,31.90,28.75,28.86,12506899,379973792.00
2015/07/21,26.90,30.78,26.81,30.06,10605389,308731648.00
2015/07/22,29.70,30.00,28.21,28.71,7920409,230516176.00
2015/07/23,28.51,31.58,28.23,31.58,7771606,235799760.00
2015/07/24,33.83,34.74,33.10,34.74,15221861,524207968.00
2015/07/27,33.00,38.21,32.02,36.02,16324875,595514688.00
2015/07/28,32.42,39.62,32.42,39.62,15432174,561842112.00
2015/07/29,42.02,43.58,42.02,43.58,8574833,372688672.00
2015/07/30,47.94,47.94,40.01,47.93,6772614,318036000.00
2015/07/31,47.81,52.72,45.54,52.72,9751866,500757152.00
2015/08/03,56.00,57.99,55.98,57.99,6105285,352044000.00
2015/08/04,63.70,63.79,52.19,55.10,17705836,980233216.00
2015/08/05,49.90,60.61,49.90,60.61,15301069,871487744.00
2015/08/06,58.99,62.21,54.55,56.12,13484656,776145856.00
2015/08/07,53.00,56.99,52.50,52.65,9962420,536965440.00
2015/08/10,51.59,56.88,50.10,54.02,11059575,600554176.00
2015/08/11,52.97,56.58,52.97,53.70,8628436,470664544.00
2015/08/12,51.10,52.30,48.33,48.68,8524633,428702720.00
2015/08/13,47.60,49.98,45.76,47.81,6817112,324055296.00
2015/08/14,48.70,51.85,46.88,50.01,9280189,456223072.00
2015/08/17,48.70,48.85,45.07,45.22,6915041,321789312.00
2015/08/18,44.00,48.49,41.61,44.26,7314631,336204224.00
2015/08/19,41.99,45.60,39.98,43.50,6899272,294631200.00
2015/08/20,43.00,44.79,40.80,40.91,5184718,222580176.00
2015/08/21,39.20,40.50,36.82,36.82,4651106,176620960.00
2015/08/24,34.00,34.00,33.14,33.14,1627280,54169708.00
2015/08/25,29.83,35.65,29.83,30.26,8232384,265543440.00
2015/08/26,31.26,33.29,30.05,33.29,7464475,244718624.00
2015/08/27,36.50,36.62,34.20,36.62,12403214,443647328.00
2015/08/28,36.00,40.00,35.00,38.29,11198345,419859680.00
2015/08/31,37.00,39.50,34.46,34.47,8025499,294459520.00
2015/09/01,32.66,35.34,31.02,31.05,8122012,266038704.00
2015/09/02,28.30,31.86,27.95,27.96,6965268,207351088.00
2015/09/07,28.80,30.10,27.00,28.16,4899111,140760144.00
2015/09/08,28.20,30.98,28.20,30.98,6371153,194020656.00
2015/09/09,34.08,34.08,33.00,34.08,8806600,298001024.00
2015/09/10,33.00,36.10,32.48,34.88,11533477,399402240.00
2015/09/11,34.00,37.32,33.47,35.82,9642054,337638752.00
2015/09/14,35.00,37.50,32.24,32.24,8276879,288782112.00
2015/09/15,30.20,32.24,29.02,29.02,6380656,192027264.00
2015/09/16,29.53,31.92,29.53,31.92,5910368,186961136.00
2015/09/17,35.09,35.10,32.03,32.13,10208773,343789472.00
2015/09/18,32.29,33.00,30.98,32.18,5692712,181602976.00
2015/09/21,31.21,35.40,31.20,35.40,8121581,274973024.00
2015/09/22,36.11,37.00,34.63,35.49,9413108,338336544.00
2015/09/23,34.18,37.97,34.15,35.96,7867486,284364000.00
2015/09/24,35.85,36.97,35.04,36.41,6472832,233774144.00
2015/09/25,36.01,36.35,32.77,33.28,5517766,189891712.00
2015/09/28,33.90,36.61,33.51,36.61,8248625,296274176.00
2015/09/29,35.79,36.07,34.33,35.43,6973508,245817152.00
2015/09/30,35.20,35.98,33.80,34.50,4465703,154820640.00
2015/10/08,36.00,37.60,34.81,36.37,6555026,237201840.00
2015/10/09,36.00,40.01,35.30,39.97,11665676,450112672.00
2015/10/12,39.50,43.97,38.92,43.97,11097337,455233344.00
2015/10/13,44.99,45.30,42.81,43.88,10827269,475612864.00
2015/10/14,42.20,45.96,42.20,42.62,7941839,347184800.00
2015/10/15,42.00,43.59,41.40,43.48,6931817,296565600.00
2015/10/16,43.70,45.50,42.50,43.67,7593192,332726048.00
2015/10/19,43.20,47.00,43.20,45.86,9061428,413526720.00
2015/10/20,45.02,45.78,43.87,44.95,6389057,284392288.00
2015/10/21,45.09,45.81,40.46,40.46,7262572,313055840.00
2015/10/22,39.91,43.00,39.00,42.45,6081133,248587216.00
2015/10/23,42.00,43.68,41.35,42.48,5967271,254651584.00
2015/10/26,42.00,44.09,41.68,42.19,5517603,235917392.00
2015/10/27,41.30,43.68,41.05,43.20,5901074,252510320.00
2015/10/28,43.55,44.23,42.00,42.15,5167793,223118880.00
2015/10/29,42.25,42.69,40.80,41.80,3609723,150776800.00
2015/10/30,41.51,42.82,41.21,41.81,3329505,140378480.00
2015/11/02,37.90,43.37,37.90,40.85,5167924,214335744.00
2015/11/03,40.88,43.98,40.00,43.86,7187250,304035264.00
2015/11/04,43.51,45.55,42.70,44.80,7834736,343835264.00
2015/11/05,44.00,45.80,43.19,43.70,5792195,255780624.00
2015/11/06,43.32,45.32,43.30,44.98,6732796,300053056.00
2015/11/09,45.15,48.96,44.30,47.99,8417820,397193920.00
2015/11/10,47.00,49.40,46.00,47.74,6907126,328835328.00
2015/11/11,47.20,52.51,47.02,52.51,7927000,399518336.00
2015/11/12,55.00,56.50,51.60,54.29,10472922,567015360.00
2015/11/13,53.00,53.00,48.86,48.86,8201180,412007616.00
2015/11/16,47.00,48.45,45.51,48.21,4322734,204903872.00
2015/11/17,48.90,49.50,46.60,46.78,4635369,222607584.00
2015/11/18,46.89,47.49,44.00,44.66,3876564,177260560.00
2015/11/19,44.69,46.61,44.69,46.17,3357729,154025712.00
2015/11/20,46.17,47.05,45.80,46.54,3309567,153883232.00
2015/11/23,46.15,47.63,45.41,46.02,3000027,139508080.00
2015/11/24,46.40,50.00,46.03,49.98,5749538,278199392.00
2015/11/25,48.97,49.94,48.10,49.20,4855004,237428480.00
2015/11/26,49.80,50.75,48.18,48.34,4300032,212644096.00
2015/11/27,46.80,48.98,43.51,44.38,3996767,184538672.00
2015/11/30,44.38,46.99,40.87,46.67,4186551,186392064.00
2015/12/01,45.90,49.10,45.65,47.35,5070861,242066832.00
2015/12/02,47.35,47.35,43.00,44.96,3198463,143900864.00
2015/12/03,45.00,49.46,45.00,49.46,3096457,151219536.00
2015/12/04,52.00,52.00,49.46,50.16,8086997,407978016.00
2015/12/07,49.40,51.18,48.63,50.99,4834687,242409312.00
2015/12/08,50.01,53.00,49.60,50.53,7330484,379863264.00
2015/12/09,49.10,51.60,47.40,48.00,4455539,217639168.00
2015/12/10,47.00,47.88,46.00,46.28,3234118,151037696.00
2015/12/11,46.50,47.25,46.09,46.70,1715432,79979888.00
2015/12/14,45.85,47.63,45.31,47.44,2002581,92976432.00
2015/12/15,47.46,48.54,47.03,47.71,2100871,100496576.00
2015/12/16,47.71,49.00,47.20,48.05,2999000,144667344.00
2015/12/17,48.42,51.00,48.10,50.09,3968521,195871184.00
2015/12/18,49.60,49.79,48.32,48.82,2790051,136268432.00
2015/12/21,48.69,48.98,48.00,48.63,1746379,84391472.00
2015/12/22,48.66,49.78,48.60,49.17,1717060,84057224.00
2015/12/23,49.19,54.09,48.76,50.71,5370696,275618048.00
2015/12/24,50.70,51.62,48.68,50.54,3978986,198611584.00
2015/12/25,50.50,53.80,50.08,51.41,4361315,227030768.00
2015/12/28,51.40,53.02,49.20,49.42,3598070,183445184.00
2015/12/29,48.92,49.90,48.48,49.44,2214933,108750352.00
2015/12/30,49.50,50.96,49.25,50.83,2322748,116035352.00
2015/12/31,50.96,51.52,48.51,48.79,2064239,102812464.00
2016/01/04,47.80,48.78,43.91,43.91,1911500,87516776.00
2016/01/05,40.00,43.90,39.70,41.30,2454999,101864320.00
2016/01/06,41.98,42.58,40.52,42.54,2320229,96986480.00
2016/01/07,41.01,41.64,38.29,38.30,608200,24138360.00
2016/01/08,39.50,39.94,35.14,37.71,2314216,87712576.00
2016/01/11,36.50,37.21,33.94,33.94,1906485,67548208.00
2016/01/12,33.50,34.78,32.00,33.53,1868271,62399280.00
2016/01/13,33.85,34.69,31.70,31.83,1697107,57041640.00
2016/01/14,30.87,33.60,30.00,33.58,2134749,68616544.00
2016/01/15,33.00,33.48,31.15,31.43,1928032,62525604.00
2016/01/18,30.90,33.20,30.11,32.86,2346734,76295120.00
2016/01/19,32.39,34.23,32.32,34.07,2313328,77285632.00
2016/01/20,33.70,35.00,33.30,34.03,2328938,79810704.00
2016/01/21,33.30,34.70,32.18,32.26,2193719,73883032.00
2016/01/22,32.78,33.25,31.63,33.02,1572462,51279476.00
2016/01/25,33.65,34.15,33.25,33.66,1645261,55462848.00
2016/01/26,33.07,33.40,30.29,30.33,1947276,62138848.00
2016/01/27,30.50,31.00,28.01,29.95,1882757,55369520.00
2016/01/28,29.50,29.95,27.50,27.98,1370874,39577208.00
2016/01/29,28.06,29.72,27.73,29.39,1531271,44422136.00
2016/02/01,29.39,29.61,28.32,29.17,1057610,30798058.00
2016/02/02,29.16,30.38,29.16,30.21,1343142,40280272.00
2016/02/03,29.75,30.30,29.30,30.23,1092853,32457336.00
2016/02/04,30.02,32.05,30.02,31.31,1665130,52223624.00
2016/02/05,31.32,31.96,30.90,31.40,1253632,39403180.00
2016/02/15,29.98,31.35,29.53,30.99,805063,24580546.00
2016/02/16,31.13,32.60,31.13,32.37,1396493,45003428.00
2016/02/17,32.20,33.61,32.03,33.14,1734204,56991272.00
2016/02/18,33.28,33.68,32.70,32.88,1521127,50202584.00
2016/02/19,32.88,33.50,32.43,33.29,1384977,45734200.00
2016/02/22,33.76,34.40,33.30,34.19,1682672,57029796.00
2016/02/23,34.19,34.50,33.60,34.11,1672765,57001832.00
2016/02/24,34.01,34.14,32.61,33.50,1585594,52820072.00
2016/02/25,33.70,33.70,30.15,30.15,1862945,58809052.00
2016/02/26,30.16,31.14,29.18,30.20,1432731,43505216.00
2016/02/29,30.18,30.31,27.58,28.27,1365268,38761976.00
2016/03/01,28.55,29.48,27.90,29.19,1371341,39235104.00
2016/03/02,29.20,30.60,28.80,30.35,1516659,45074016.00
2016/03/03,30.40,30.99,30.18,30.22,1365176,41777824.00
2016/03/04,30.20,30.40,27.70,28.83,1293140,37694080.00
2016/03/07,28.90,31.71,28.90,31.71,2052142,62860868.00
2016/03/08,30.51,31.46,29.03,31.13,3132540,95606128.00
2016/03/09,29.95,30.88,29.20,29.96,1535984,46106116.00
数据来源:通达信
