600108 亚盛集团 日线 前复权
      日期	    开盘	    最高	    最低	    收盘	    成交量	    成交额
2011/01/04,6.59,7.12,6.54,6.97,78709796,542908608.00
2011/01/05,6.87,7.10,6.77,7.00,50369316,352831712.00
2011/01/06,7.00,7.15,6.84,6.97,40568201,286845120.00
2011/01/07,6.95,7.07,6.77,6.87,36014204,252127776.00
2011/01/10,6.82,7.11,6.74,6.76,38767295,270901408.00
2011/01/11,6.69,6.87,6.67,6.85,25761880,176124208.00
2011/01/12,6.87,6.90,6.50,6.72,34368608,231141216.00
2011/01/13,6.73,6.73,6.56,6.58,20555375,137342992.00
2011/01/14,6.53,6.75,6.43,6.61,31138373,208349008.00
2011/01/17,6.51,6.61,6.11,6.16,33205471,211189856.00
2011/01/18,6.19,6.26,6.12,6.20,15542101,96880096.00
2011/01/19,6.23,6.36,6.15,6.36,18705691,118757800.00
2011/01/20,6.35,6.35,6.07,6.09,19876780,124457552.00
2011/01/21,6.08,6.27,6.08,6.15,16017831,99674800.00
2011/01/24,6.16,6.33,5.84,5.89,28664700,176749904.00
2011/01/25,5.89,5.99,5.62,5.74,27700139,161740672.00
2011/01/26,5.76,5.87,5.74,5.87,11476918,67394072.00
2011/01/27,5.84,6.09,5.77,6.02,20276355,122320352.00
2011/01/28,6.02,6.12,6.00,6.09,17138346,104801008.00
2011/01/31,6.11,6.48,6.09,6.40,34358860,218839744.00
2011/02/01,6.39,6.47,6.30,6.40,25563764,164794960.00
2011/02/09,6.50,7.05,6.50,7.03,120129316,844186624.00
2011/02/10,7.03,7.31,6.94,7.15,139249354,1002246464.00
2011/02/11,7.06,7.19,6.87,7.08,75000085,530954688.00
2011/02/14,7.08,7.22,7.04,7.20,82795277,594942976.00
2011/02/15,7.36,7.46,7.03,7.05,79771467,578226752.00
2011/02/16,7.02,7.15,6.83,7.12,68415880,482333344.00
2011/02/17,7.07,7.73,7.04,7.49,119735216,894139968.00
2011/02/18,7.41,7.48,7.18,7.27,59612964,438386176.00
2011/02/21,7.24,7.49,7.18,7.39,53568312,396576704.00
2011/02/22,7.42,7.72,7.20,7.45,112120274,846485120.00
2011/02/23,7.38,7.49,7.18,7.37,63665032,468957344.00
2011/02/24,7.36,7.45,7.22,7.31,42900663,317466528.00
2011/02/25,7.24,7.32,7.13,7.18,35948242,261179040.00
2011/02/28,7.18,7.59,7.18,7.48,58428764,438253696.00
2011/03/01,7.50,7.93,7.38,7.83,94013818,726540800.00
2011/03/02,7.70,7.91,7.60,7.80,71685243,559022656.00
2011/03/03,7.82,7.86,7.39,7.40,56363317,432374528.00
2011/03/04,7.49,7.78,7.29,7.73,54589117,414524608.00
2011/03/07,7.66,7.86,7.60,7.70,44592050,347353856.00
2011/03/08,7.69,8.06,7.59,7.93,70489803,563856640.00
2011/03/09,7.94,8.00,7.77,7.94,38825588,308558304.00
2011/03/10,7.91,8.08,7.44,7.67,51373964,405785312.00
2011/03/11,7.54,7.77,7.52,7.53,52138405,400615424.00
2011/03/15,7.59,7.63,7.05,7.23,56241192,410569696.00
2011/03/16,7.25,7.35,7.14,7.31,40907541,299464704.00
2011/03/17,7.22,7.47,7.11,7.26,40644799,299378464.00
2011/03/18,7.35,7.48,7.24,7.36,34510225,255469136.00
2011/03/21,7.36,7.43,7.14,7.21,31705884,231831264.00
2011/03/22,7.24,7.26,6.98,7.06,40888112,290775360.00
2011/03/23,7.01,7.15,7.01,7.13,26380297,189162944.00
2011/03/24,7.14,7.26,7.06,7.18,31782640,230071072.00
2011/03/25,7.19,7.29,7.14,7.21,23748375,172542368.00
2011/03/28,7.20,7.25,7.04,7.06,37501306,268686720.00
2011/03/29,7.08,7.18,7.01,7.07,26535252,189808624.00
2011/03/30,7.04,7.11,6.84,6.85,27509834,192906752.00
2011/03/31,6.84,6.85,6.55,6.64,35103804,236416112.00
2011/04/01,6.64,6.74,6.61,6.73,16157772,108643568.00
2011/04/06,6.71,6.79,6.59,6.63,22419214,150810960.00
2011/04/07,6.65,6.78,6.54,6.76,28775412,194240928.00
2011/04/08,6.77,6.94,6.70,6.93,28598579,197227920.00
2011/04/11,6.94,7.15,6.79,7.13,56546505,398461472.00
2011/04/19,7.13,7.50,7.08,7.31,100387385,745908544.00
2011/04/20,7.27,7.32,7.12,7.20,31389160,228208032.00
2011/04/21,7.21,7.26,7.05,7.09,26809849,192189648.00
2011/04/22,7.09,7.24,7.05,7.10,20549038,147659536.00
2011/04/25,7.05,7.09,6.66,6.68,31367770,214966960.00
2011/04/26,6.68,6.73,6.57,6.68,16428633,110028168.00
2011/04/27,6.68,6.73,6.36,6.43,20430419,135305248.00
2011/04/28,6.49,6.58,6.29,6.30,22855904,148322176.00
2011/04/29,6.30,6.45,6.29,6.44,11687767,75113008.00
2011/05/03,6.45,6.75,6.39,6.73,19877752,132685024.00
2011/05/04,6.65,6.73,6.49,6.51,13495418,89709856.00
2011/05/05,6.51,6.75,6.47,6.73,21284814,142911712.00
2011/05/06,6.62,6.73,6.59,6.72,13632720,91550760.00
2011/05/09,6.69,7.02,6.67,6.71,19252397,131431872.00
2011/05/10,6.72,6.73,6.60,6.64,12483222,83510168.00
2011/05/11,6.66,6.70,6.52,6.59,16339604,108682736.00
2011/05/12,6.54,6.64,6.44,6.52,15879761,104825824.00
2011/05/13,6.55,6.57,6.33,6.45,18487254,119841552.00
2011/05/16,6.45,6.59,6.38,6.53,15125824,99168800.00
2011/05/17,6.52,6.71,6.46,6.62,26545695,177491760.00
2011/05/18,6.60,6.68,6.52,6.61,13113260,87217256.00
2011/05/19,6.65,6.68,6.46,6.48,14912173,98581304.00
2011/05/23,6.46,6.73,6.29,6.35,29031229,191931088.00
2011/05/24,6.24,6.32,6.12,6.21,17130677,107175312.00
2011/05/25,6.23,6.39,6.16,6.28,17442501,110889440.00
2011/05/26,6.34,6.63,6.30,6.44,29485780,192328256.00
2011/05/27,6.41,6.46,6.15,6.21,19229498,122365024.00
2011/05/30,6.19,6.36,6.15,6.21,12971237,82236112.00
2011/05/31,6.16,6.31,6.09,6.29,11821775,74164424.00
2011/06/01,6.29,6.64,6.24,6.49,30151220,196947008.00
2011/06/02,6.35,6.66,6.33,6.59,41377141,272034720.00
2011/06/03,6.56,6.63,6.48,6.56,22004880,145524912.00
2011/06/07,6.54,6.56,6.40,6.54,16329811,106562896.00
2011/06/08,6.54,6.69,6.48,6.64,27978751,186502576.00
2011/06/09,6.58,6.61,6.34,6.35,18346639,119810880.00
2011/06/10,6.28,6.39,6.21,6.32,12227187,77550336.00
2011/06/13,6.23,6.32,6.15,6.24,11683300,73210272.00
2011/06/14,6.24,6.37,6.22,6.32,13249451,84178128.00
2011/06/15,6.30,6.41,6.24,6.25,10150207,64771488.00
2011/06/16,6.20,6.21,5.95,5.97,25407243,155489600.00
2011/06/17,5.98,6.05,5.80,5.84,19775496,118141120.00
2011/06/21,5.72,5.85,5.67,5.83,12740778,74230392.00
2011/06/22,5.84,5.87,5.74,5.78,6894395,40406264.00
2011/06/23,5.77,5.87,5.64,5.83,12219232,70902936.00
2011/06/24,5.80,6.10,5.77,6.07,27629917,166916256.00
2011/06/27,6.04,6.18,5.99,6.10,24068994,147391472.00
2011/06/28,6.11,6.11,6.00,6.05,10724607,65412336.00
2011/06/29,6.05,6.10,5.93,5.94,11119462,67654512.00
2011/06/30,5.99,6.06,5.95,6.01,9443391,57358176.00
2011/07/01,6.04,6.13,5.97,6.05,17613909,107755344.00
2011/07/04,6.05,6.49,6.05,6.42,58405885,373159392.00
2011/07/05,6.40,6.56,6.34,6.49,45714517,298650720.00
2011/07/06,6.49,6.67,6.39,6.63,53393561,353967616.00
2011/07/07,6.64,6.69,6.48,6.54,45564195,302514720.00
2011/07/08,6.52,6.79,6.47,6.64,47324113,317668768.00
2011/07/11,6.78,6.90,6.52,6.60,63564761,428313760.00
2011/07/12,6.56,6.78,6.43,6.61,38969382,260555520.00
2011/07/13,6.54,6.68,6.52,6.65,21727651,144979504.00
2011/07/14,6.65,7.08,6.62,6.82,58648894,406799456.00
2011/07/15,6.74,6.84,6.68,6.72,29883640,203586144.00
2011/07/18,6.71,6.73,6.50,6.69,43169031,288237376.00
2011/07/19,6.64,6.67,6.52,6.62,24146667,160736816.00
2011/07/20,6.65,6.73,6.59,6.69,19579329,131583976.00
2011/07/21,6.70,6.72,6.47,6.49,18618276,123219320.00
2011/07/22,6.53,6.57,6.44,6.48,16214421,106381744.00
2011/07/25,6.47,6.47,6.02,6.10,27310797,170541344.00
2011/07/26,6.04,6.14,5.99,6.09,16598033,101541192.00
2011/07/27,6.05,6.16,6.02,6.13,14987207,92339408.00
2011/07/28,6.04,6.10,6.02,6.08,9822320,60063200.00
2011/07/29,6.11,6.18,6.05,6.09,13132865,81093856.00
2011/08/01,6.10,6.13,6.04,6.11,8295579,51029960.00
2011/08/02,6.08,6.12,5.94,6.09,13022897,79183184.00
2011/08/03,5.97,6.19,5.97,6.14,13159635,81282856.00
2011/08/04,6.14,6.18,6.07,6.12,11007330,68126024.00
2011/08/05,5.94,6.10,5.85,6.05,18382746,111558736.00
2011/08/08,5.94,6.03,5.59,5.74,28161386,165233744.00
2011/08/09,5.59,5.83,5.54,5.78,18373925,105364864.00
2011/08/10,5.89,5.97,5.82,5.83,13227410,78768584.00
2011/08/11,5.71,5.96,5.70,5.96,16226016,96495272.00
2011/08/12,5.99,6.00,5.90,5.94,19211619,115419944.00
2011/08/15,6.10,6.18,5.99,6.16,25794862,158645408.00
2011/08/16,6.15,6.19,6.07,6.09,15114463,93445376.00
2011/08/17,6.07,6.22,6.05,6.18,18898987,117394672.00
2011/08/18,6.14,6.40,6.04,6.16,48079944,302062336.00
2011/08/19,6.03,6.08,5.90,6.00,21174498,128165360.00
2011/08/22,6.00,6.07,5.89,5.92,12981862,78534352.00
2011/08/23,5.93,6.05,5.89,6.01,10664662,64307220.00
2011/08/24,6.04,6.06,5.79,5.92,22214047,133415056.00
2011/08/25,5.86,5.96,5.76,5.95,53766070,317571296.00
2011/08/26,5.89,5.93,5.84,5.88,21792506,129444792.00
2011/08/29,5.88,5.98,5.85,5.90,19114735,114477520.00
2011/08/30,5.96,6.19,5.90,5.92,27702708,169124336.00
2011/08/31,5.88,5.98,5.84,5.91,29149219,174022624.00
2011/09/01,5.93,5.94,5.82,5.87,15515834,92266896.00
2011/09/02,5.87,5.96,5.79,5.87,11419617,67775144.00
2011/09/05,5.77,5.89,5.76,5.81,9913187,58388700.00
2011/09/06,5.76,5.89,5.73,5.84,13584029,79739560.00
2011/09/07,5.89,5.95,5.85,5.94,12761535,76232208.00
2011/09/08,5.96,5.96,5.77,5.78,12585283,74425368.00
2011/09/13,5.73,5.76,5.69,5.71,6910209,39949536.00
2011/09/14,5.76,5.77,5.60,5.73,9798949,56208112.00
2011/09/15,5.74,5.77,5.68,5.69,5887215,34106924.00
2011/09/16,5.74,5.76,5.63,5.66,6065932,34871216.00
2011/09/19,5.65,5.68,5.50,5.51,11108237,62447584.00
2011/09/20,5.52,5.58,5.43,5.52,6834662,37981200.00
2011/09/21,5.52,5.71,5.49,5.68,10178211,57899984.00
2011/09/22,5.64,5.73,5.49,5.50,8683636,49385452.00
2011/09/23,5.43,5.60,5.43,5.58,9531603,53312640.00
2011/09/26,5.50,5.62,5.45,5.49,5192608,28970578.00
2011/09/27,5.54,5.57,5.45,5.50,4338175,24118048.00
2011/09/28,5.50,5.55,5.37,5.38,7601139,41854604.00
2011/09/29,5.35,5.38,5.18,5.21,7364738,39199236.00
2011/09/30,5.23,5.26,5.14,5.18,4748142,24919992.00
2011/10/10,5.20,5.31,5.18,5.20,6396426,33852000.00
2011/10/11,5.32,5.38,5.12,5.17,8663405,46126268.00
2011/10/12,5.11,5.33,4.98,5.30,13434570,70914384.00
2011/10/13,5.24,5.37,5.23,5.32,10214944,54952952.00
2011/10/14,5.31,5.36,5.28,5.34,7473283,40231684.00
2011/10/17,5.30,5.37,5.19,5.26,9317933,49612312.00
2011/10/18,5.24,5.29,5.14,5.14,8063759,42612692.00
2011/10/19,5.19,5.20,5.07,5.09,5659700,29408116.00
2011/10/20,5.01,5.14,4.92,4.96,9441735,47475404.00
2011/10/21,4.95,4.96,4.75,4.76,9229257,45333396.00
2011/10/24,4.79,4.92,4.72,4.84,7207006,35242024.00
2011/10/25,4.82,4.96,4.82,4.94,11205920,55654256.00
2011/10/26,4.94,5.17,4.91,5.14,17056173,87396360.00
2011/10/27,5.14,5.26,5.10,5.12,12468314,65241752.00
2011/10/28,5.21,5.25,5.16,5.20,7637443,40170704.00
2011/10/31,5.20,5.41,5.16,5.31,15819456,84950176.00
2011/11/01,5.26,5.36,5.23,5.25,9569836,51158600.00
2011/11/02,5.19,5.38,5.15,5.35,11240192,59871624.00
2011/11/03,5.49,5.59,5.35,5.38,19185653,105300784.00
2011/11/04,5.41,5.50,5.37,5.45,14449261,79587616.00
2011/11/07,5.39,5.46,5.37,5.42,8587044,46958004.00
2011/11/08,5.41,5.50,5.39,5.47,13780853,75821496.00
2011/11/09,5.47,5.56,5.46,5.50,14160447,78756704.00
2011/11/10,5.43,5.53,5.43,5.47,13006238,72186352.00
2011/11/11,5.45,5.50,5.40,5.43,5513372,30287572.00
2011/11/14,5.48,5.64,5.46,5.60,17976634,101267424.00
2011/11/15,5.60,5.67,5.52,5.58,26465277,149274176.00
2011/11/16,5.55,5.57,5.35,5.36,16370659,89797768.00
2011/11/17,5.37,5.44,5.32,5.34,8378199,45484312.00
2011/11/18,5.32,5.35,5.12,5.13,11004741,58046452.00
2011/11/21,5.15,5.22,5.09,5.20,5209595,27267926.00
2011/11/22,5.18,5.27,5.13,5.23,5830431,30818400.00
2011/11/23,5.26,5.37,5.25,5.30,8462747,45497596.00
2011/11/24,5.24,5.33,5.19,5.25,5058829,26809060.00
2011/11/25,5.24,5.31,5.13,5.16,5265674,27872692.00
2011/11/28,5.21,5.50,5.21,5.41,24242056,132131384.00
2011/11/29,5.45,5.57,5.44,5.49,19681001,109277720.00
2011/11/30,5.44,5.54,5.32,5.49,18937370,103959152.00
2011/12/01,5.64,5.67,5.51,5.51,24864854,140334496.00
2011/12/02,5.48,5.53,5.32,5.37,12281576,67141784.00
2011/12/05,5.34,5.46,5.20,5.37,11030337,59842792.00
2011/12/06,5.33,5.38,5.23,5.33,6243369,33474972.00
2011/12/07,5.30,5.46,5.30,5.44,9976579,54595336.00
2011/12/08,5.47,5.57,5.36,5.50,12749352,70742512.00
2011/12/09,5.48,5.56,5.39,5.44,7463863,41258280.00
2011/12/12,5.45,5.55,5.42,5.44,8695169,48116380.00
2011/12/13,5.42,5.46,5.14,5.14,17501803,94081944.00
2011/12/14,5.12,5.25,4.94,4.99,11427977,58912964.00
2011/12/15,4.99,5.05,4.84,4.93,11457398,57418200.00
2011/12/16,4.92,5.10,4.92,5.10,13769462,69766264.00
2011/12/19,5.12,5.19,5.03,5.19,10103039,52133152.00
2011/12/20,5.18,5.22,5.09,5.11,6916967,36078860.00
2011/12/21,5.15,5.19,5.08,5.11,5876097,30483564.00
2011/12/22,5.08,5.08,4.69,5.03,16119280,79650704.00
2011/12/23,4.98,5.07,4.93,4.98,6416757,32408824.00
2011/12/26,4.92,5.08,4.90,5.01,8622319,43710928.00
2011/12/27,4.97,4.99,4.86,4.86,7562496,37731520.00
2011/12/28,4.84,4.91,4.68,4.78,9846061,47575708.00
2011/12/29,4.78,4.82,4.74,4.81,5386356,26099410.00
2011/12/30,4.84,4.87,4.81,4.84,7276307,35652176.00
2012/01/04,4.88,4.92,4.72,4.75,8134232,39529136.00
2012/01/05,4.72,4.72,4.38,4.43,19345162,88060752.00
2012/01/06,4.72,4.72,4.13,4.24,18383124,79507512.00
2012/01/09,4.24,4.38,4.15,4.36,16844897,73053144.00
2012/01/10,4.39,4.62,4.37,4.62,25856628,119072328.00
2012/01/11,4.66,4.67,4.55,4.62,16933955,79054320.00
2012/01/12,4.56,4.66,4.55,4.57,8596924,40014928.00
2012/01/13,4.60,4.60,4.30,4.38,16018640,71598968.00
2012/01/16,4.34,4.40,4.26,4.30,7013421,30728216.00
2012/01/17,4.25,4.58,4.23,4.56,12672538,56955064.00
2012/01/18,4.56,4.69,4.49,4.57,16515565,76902072.00
2012/01/19,4.57,4.67,4.54,4.63,12790170,59728076.00
2012/01/20,4.68,4.74,4.63,4.71,11116224,52887152.00
2012/01/30,4.74,4.77,4.65,4.74,9434144,45059616.00
2012/01/31,4.70,4.75,4.66,4.74,6500672,30971116.00
2012/02/01,4.74,4.92,4.71,4.82,20464512,100523776.00
2012/02/02,4.90,4.93,4.73,4.84,19804994,96599776.00
2012/02/03,4.78,4.96,4.74,4.89,19034862,93688416.00
2012/02/06,4.96,4.99,4.87,4.92,12147019,60405948.00
2012/02/07,4.88,5.01,4.84,4.92,15719447,78481136.00
2012/02/08,4.92,5.00,4.82,4.99,13813990,69032696.00
2012/02/09,4.97,5.03,4.95,5.00,13047232,65984692.00
2012/02/10,4.99,5.12,4.91,5.10,20402297,103759440.00
2012/02/13,5.03,5.16,5.02,5.12,13596662,70153952.00
2012/02/14,5.13,5.13,5.06,5.10,7963011,41068776.00
2012/02/15,5.09,5.13,5.02,5.11,12680657,65149952.00
2012/02/16,5.16,5.21,5.04,5.10,15402275,79979688.00
2012/02/17,5.13,5.15,5.05,5.07,7995445,41105888.00
2012/02/20,5.14,5.15,5.07,5.10,10253995,52894340.00
2012/02/21,5.12,5.24,5.10,5.24,20799192,109050760.00
2012/02/22,5.23,5.30,5.19,5.27,13680671,72789384.00
2012/02/23,5.25,5.34,5.25,5.31,15101056,80962000.00
2012/02/24,5.34,5.41,5.27,5.38,12425701,66909044.00
2012/02/27,5.39,5.50,5.38,5.45,19930990,109640832.00
2012/02/28,5.44,5.59,5.41,5.56,30474668,169712400.00
2012/02/29,5.56,5.58,5.40,5.42,17831602,98457160.00
2012/03/01,5.42,5.47,5.39,5.40,7899460,43298552.00
2012/03/02,5.43,5.50,5.43,5.49,9800282,54136328.00
2012/03/05,5.51,5.52,5.43,5.44,11026370,60874952.00
2012/03/06,5.42,5.47,5.35,5.36,11835185,64809436.00
2012/03/07,5.32,5.69,5.32,5.55,44836675,251488880.00
2012/03/08,5.55,5.64,5.50,5.62,17629598,99229408.00
2012/03/09,5.67,5.71,5.56,5.64,16721266,95121344.00
2012/03/12,5.56,5.73,5.51,5.72,25289343,143726640.00
2012/03/13,6.30,6.30,6.06,6.30,169396761,1072071616.00
2012/03/14,6.32,6.92,6.26,6.65,215810418,1439518208.00
2012/03/15,6.50,6.69,6.32,6.45,97076508,634203392.00
2012/03/16,6.53,6.64,6.34,6.52,76524660,500930016.00
2012/03/19,6.52,6.81,6.45,6.62,77382254,515535584.00
2012/03/20,6.55,6.60,6.20,6.21,66282467,426282016.00
2012/03/21,6.27,6.58,6.20,6.32,62125085,398819296.00
2012/03/22,6.33,6.52,6.26,6.37,43823770,283883360.00
2012/03/23,6.37,6.39,6.07,6.16,36405719,227407200.00
2012/03/26,6.20,6.24,5.97,6.09,33592766,206859200.00
2012/03/27,6.13,6.16,5.98,6.01,28065286,171669664.00
2012/03/28,6.00,6.00,5.50,5.58,43690661,252737312.00
2012/03/29,5.50,5.61,5.33,5.52,28424095,157610288.00
2012/03/30,5.50,5.56,5.35,5.39,18719165,102890968.00
2012/04/05,5.40,5.59,5.39,5.57,23978858,133607216.00
2012/04/09,5.71,5.79,5.55,5.57,31144763,178738768.00
2012/04/10,5.47,5.76,5.42,5.74,29542552,168243376.00
2012/04/11,5.64,5.90,5.63,5.79,27935848,163400160.00
2012/04/12,5.76,5.86,5.70,5.83,26497988,154866320.00
2012/04/13,5.86,5.89,5.75,5.79,22465717,131863000.00
2012/04/16,5.75,5.77,5.65,5.67,22357082,128717008.00
2012/04/17,5.64,5.70,5.55,5.56,15455443,87717336.00
2012/04/18,5.61,5.86,5.56,5.83,30063665,174760672.00
2012/04/19,5.81,5.92,5.73,5.89,24547675,144391344.00
2012/04/20,5.89,5.97,5.84,5.92,27063349,161288352.00
2012/04/23,5.92,5.93,5.69,5.75,26377547,154711504.00
2012/04/24,5.75,5.89,5.57,5.83,29198139,170109216.00
2012/04/25,5.89,6.08,5.84,5.95,43064818,260055552.00
2012/04/26,6.02,6.07,5.93,5.97,30149405,182725808.00
2012/04/27,6.02,6.03,5.81,5.83,20485107,121666880.00
2012/05/02,5.96,6.10,5.88,6.02,32623942,197895984.00
2012/05/03,5.99,6.08,5.95,6.02,20839260,126608064.00
2012/05/04,6.02,6.07,5.95,6.07,26908184,163528112.00
2012/05/07,6.06,6.27,6.00,6.24,40666446,253172528.00
2012/05/08,6.21,6.27,6.07,6.24,30567732,190201472.00
2012/05/09,6.17,6.37,6.09,6.11,26081184,163081760.00
2012/05/10,6.10,6.13,5.91,5.99,35449829,214684464.00
2012/05/11,5.99,6.14,5.94,5.99,19681420,119991488.00
2012/05/14,6.02,6.06,5.91,5.92,16099352,97318944.00
2012/05/15,5.87,5.91,5.77,5.87,15719392,92730952.00
2012/05/16,5.88,5.90,5.54,5.55,34367078,196722976.00
2012/05/17,5.55,5.64,5.49,5.61,14730676,83195480.00
2012/05/18,5.58,5.62,5.50,5.59,12694691,71182816.00
2012/05/21,5.54,5.64,5.50,5.61,10253581,57876480.00
2012/05/22,5.62,5.66,5.59,5.64,14595940,83007760.00
2012/05/23,5.64,5.65,5.48,5.53,11786764,66205220.00
2012/05/24,5.50,5.57,5.41,5.55,15534671,86100072.00
2012/05/25,5.53,5.57,5.47,5.50,9079693,50734064.00
2012/05/28,5.45,5.59,5.36,5.57,13471432,74890480.00
2012/05/30,5.59,5.72,5.58,5.61,17213128,98045696.00
2012/05/31,5.64,5.68,5.59,5.61,10343261,58886584.00
2012/06/01,5.58,5.66,5.53,5.56,8345185,47238208.00
2012/06/04,5.45,5.49,5.14,5.16,22430819,120474960.00
2012/06/06,5.21,5.32,5.16,5.23,11495588,60893148.00
2012/06/07,5.26,5.30,5.14,5.14,9561381,50498496.00
2012/06/08,5.19,5.20,4.99,5.02,9948617,51305928.00
2012/06/11,5.04,5.10,5.00,5.05,9182232,46923780.00
2012/06/12,5.04,5.05,4.93,4.98,8339501,42004088.00
2012/06/13,4.99,5.09,4.96,5.08,7974144,40620312.00
2012/06/14,5.05,5.24,5.04,5.17,16518100,86499744.00
2012/06/15,5.17,5.21,5.09,5.14,7061395,36757004.00
2012/06/18,5.17,5.21,5.12,5.20,6659983,34806592.00
2012/06/19,5.20,5.25,5.14,5.16,5867668,30850180.00
2012/06/20,5.19,5.24,5.13,5.15,8844975,46397748.00
2012/06/21,5.14,5.14,4.98,5.01,8279112,42137692.00
2012/06/25,5.01,5.07,4.88,4.91,9862905,49698124.00
2012/06/26,4.82,5.00,4.82,4.98,8264820,41356424.00
2012/06/27,4.96,4.99,4.90,4.91,6217505,31071072.00
2012/06/28,4.90,4.97,4.78,4.79,5466164,27031844.00
2012/06/29,4.79,4.89,4.78,4.87,4963714,24310918.00
2012/07/02,4.96,5.06,4.92,5.02,8171700,41318196.00
2012/07/03,5.01,5.15,4.99,5.13,11065163,57137932.00
2012/07/04,5.13,5.18,5.07,5.12,6714421,34767976.00
2012/07/05,5.09,5.12,4.95,5.05,7176643,36481340.00
2012/07/06,5.06,5.16,5.00,5.15,10512372,54138904.00
2012/07/09,5.12,5.19,5.01,5.01,8580417,44235248.00
2012/07/10,5.02,5.15,5.00,5.10,8679895,44717496.00
2012/07/11,5.11,5.27,5.11,5.23,13131566,69189376.00
2012/07/12,5.24,5.36,5.14,5.31,19425254,103206280.00
2012/07/13,5.26,5.36,5.25,5.33,10123298,54295056.00
2012/07/16,5.31,5.53,5.31,5.50,37936776,209281792.00
2012/07/17,5.48,5.51,5.34,5.41,17932370,98017312.00
2012/07/18,5.36,5.47,5.26,5.45,14778169,79917096.00
2012/07/19,5.41,5.54,5.36,5.38,18030618,99588096.00
2012/07/20,5.36,5.45,5.28,5.34,11859907,64232800.00
2012/07/23,5.29,5.50,5.29,5.42,16029873,88047936.00
2012/07/24,5.37,5.39,5.27,5.33,12929692,69600584.00
2012/07/25,5.33,5.36,5.25,5.26,7777501,41700184.00
2012/07/26,5.26,5.35,5.16,5.18,14486521,76666352.00
2012/07/27,5.20,5.27,5.14,5.17,5336950,28069964.00
2012/07/30,5.19,5.24,4.97,5.01,7403093,37979240.00
2012/07/31,5.01,5.06,4.83,4.90,11434176,57048436.00
2012/08/01,4.98,5.03,4.94,4.98,7997092,40369616.00
2012/08/02,4.99,5.01,4.88,4.93,6209211,31050624.00
2012/08/03,4.94,4.98,4.84,4.95,7973614,39761688.00
2012/08/06,4.92,5.13,4.90,5.11,16197714,82815512.00
2012/08/07,5.11,5.17,5.06,5.17,13809173,71640944.00
2012/08/08,5.14,5.21,5.09,5.12,11169564,58201924.00
2012/08/09,5.16,5.24,5.10,5.20,10993877,57745940.00
2012/08/10,5.21,5.28,5.19,5.25,12800627,67785560.00
2012/08/13,5.24,5.48,5.19,5.33,33393069,182201600.00
2012/08/14,5.31,5.44,5.22,5.40,19586282,105716472.00
2012/08/15,5.39,5.39,5.28,5.29,8080450,43409620.00
2012/08/16,5.29,5.30,5.19,5.22,7294422,38679848.00
2012/08/17,5.23,5.23,5.10,5.15,7700533,40094836.00
2012/08/20,5.10,5.35,5.10,5.27,12348654,65496036.00
2012/08/21,5.27,5.39,5.20,5.35,14423837,77878824.00
2012/08/22,5.35,5.45,5.30,5.35,15449974,84024800.00
2012/08/23,5.37,5.41,5.28,5.38,9420976,51011544.00
2012/08/24,5.35,5.43,5.27,5.41,12432232,67455232.00
2012/08/27,5.37,5.40,5.24,5.30,8258381,44326912.00
2012/08/28,5.42,5.50,5.29,5.36,19987447,108971568.00
2012/08/29,5.32,5.32,5.22,5.24,9594645,51070464.00
2012/08/30,5.27,5.27,5.01,5.05,10718012,55345304.00
2012/08/31,5.01,5.09,5.01,5.06,3780776,19334846.00
2012/09/03,5.05,5.17,5.03,5.15,7415294,38509808.00
2012/09/04,5.15,5.18,5.09,5.09,7464148,38768888.00
2012/09/05,5.10,5.16,5.08,5.14,4438025,23018032.00
2012/09/06,5.15,5.36,5.14,5.33,12051019,64182116.00
2012/09/07,5.43,5.49,5.34,5.44,28414947,155919376.00
2012/09/10,5.45,5.50,5.36,5.41,20121954,110180880.00
2012/09/11,5.39,5.48,5.35,5.44,17408063,95157472.00
2012/09/12,5.48,5.51,5.35,5.45,17529747,96035552.00
2012/09/13,5.42,5.51,5.35,5.36,17547277,96791024.00
2012/09/14,5.41,5.43,5.31,5.35,12277220,66519404.00
2012/09/17,5.35,5.45,5.25,5.26,13396054,72683424.00
2012/09/18,5.23,5.27,5.14,5.20,9887651,52027520.00
2012/09/19,5.20,5.25,5.14,5.24,7049220,37065188.00
2012/09/20,5.22,5.51,5.16,5.34,26043496,141397920.00
2012/09/21,5.30,5.38,5.17,5.21,11666195,62296592.00
2012/09/24,5.14,5.24,5.09,5.19,5896762,30840984.00
2012/09/25,5.22,5.23,5.10,5.15,6360836,33177584.00
2012/09/26,5.16,5.18,5.00,5.03,9746687,49990112.00
2012/09/27,5.04,5.16,4.98,5.10,8868291,45639324.00
2012/09/28,5.08,5.21,5.05,5.19,8476716,44132332.00
2012/10/08,5.20,5.29,5.14,5.17,7315797,38666508.00
2012/10/09,5.22,5.38,5.20,5.35,15146629,81613784.00
2012/10/10,5.34,5.41,5.31,5.34,8580823,46428476.00
2012/10/11,5.32,5.39,5.29,5.34,9415408,50853432.00
2012/10/12,5.35,5.43,5.29,5.34,10134927,54911992.00
2012/10/15,5.30,5.38,5.27,5.37,7724807,41640632.00
2012/10/16,5.53,5.72,5.44,5.45,37394056,210821600.00
2012/10/17,5.37,5.46,5.31,5.41,14215282,77352432.00
2012/10/18,5.43,5.48,5.38,5.47,11491240,63227036.00
2012/10/19,5.46,5.57,5.44,5.52,15599362,87208240.00
2012/10/22,5.50,5.59,5.48,5.52,8365250,46773824.00
2012/10/23,5.52,5.55,5.41,5.42,8403226,46449248.00
2012/10/24,5.39,5.46,5.38,5.39,6906019,37813736.00
2012/10/25,5.39,5.45,5.34,5.41,7891802,43048304.00
2012/10/26,5.40,5.41,5.25,5.30,6622941,35588008.00
2012/10/29,5.26,5.35,5.26,5.35,3939917,21097886.00
2012/10/30,5.34,5.41,5.33,5.41,7844654,42606944.00
2012/10/31,5.41,5.42,5.29,5.33,6887047,37159856.00
2012/11/01,5.37,5.51,5.35,5.48,13030565,71758504.00
2012/11/02,5.48,5.51,5.44,5.49,6988523,38663436.00
2012/11/05,5.47,5.53,5.46,5.51,6741173,37428756.00
2012/11/06,5.51,5.52,5.37,5.45,6706414,36759968.00
2012/11/07,5.47,5.47,5.38,5.43,4965435,27226186.00
2012/11/08,5.38,5.41,5.32,5.35,7073999,38312312.00
2012/11/09,5.35,5.50,5.33,5.42,13093017,72018224.00
2012/11/12,5.42,5.70,5.42,5.63,34534448,195509824.00
2012/11/13,5.63,5.95,5.60,5.74,67199194,393742944.00
2012/11/14,5.68,5.81,5.63,5.72,24325411,140367904.00
2012/11/15,5.66,5.83,5.63,5.74,20099309,116458600.00
2012/11/16,5.74,5.78,5.56,5.69,13738108,78447960.00
2012/11/19,5.65,5.81,5.59,5.79,13206845,76048336.00
2012/11/20,5.79,5.87,5.71,5.76,15821625,92438096.00
2012/11/21,5.74,5.88,5.67,5.85,15134034,88227656.00
2012/11/22,5.81,6.09,5.79,6.04,40903235,248534592.00
2012/11/23,6.02,6.14,5.96,6.06,22787493,139337776.00
2012/11/26,6.04,6.12,5.82,5.92,23008853,138550752.00
2012/11/27,5.88,5.93,5.72,5.76,24348295,142521888.00
2012/11/28,5.74,5.87,5.68,5.83,14729241,86299208.00
2012/11/29,5.82,5.91,5.70,5.71,13363582,78576992.00
2012/11/30,5.67,5.83,5.62,5.72,14855821,85912456.00
2012/12/03,5.71,5.98,5.65,5.91,20394002,121622528.00
2012/12/06,6.07,6.09,5.64,5.66,42624074,254199152.00
2012/12/07,5.59,6.11,5.48,6.01,57127390,341415552.00
2012/12/10,6.03,6.36,6.03,6.21,63433756,399266240.00
2012/12/11,6.19,6.42,6.15,6.20,41277696,260872080.00
2012/12/12,6.13,6.29,6.09,6.22,26560768,165192112.00
2012/12/13,6.23,6.48,6.19,6.38,31748358,203282032.00
2012/12/14,6.36,6.74,6.34,6.63,66746374,442166432.00
2012/12/17,6.64,6.69,6.48,6.64,41926732,278954144.00
2012/12/18,6.60,6.84,6.49,6.59,42260061,284725952.00
2012/12/19,6.61,6.61,6.47,6.48,27232549,179150928.00
2012/12/20,6.45,6.72,6.43,6.71,30491100,202927664.00
2012/12/21,6.78,6.83,6.60,6.62,34942188,236633408.00
2012/12/24,6.62,6.74,6.56,6.62,16513992,110531696.00
2012/12/25,6.59,6.82,6.46,6.74,35421248,238301984.00
2012/12/26,6.74,6.88,6.70,6.80,34343886,235780288.00
2012/12/27,6.80,6.96,6.68,6.77,34274347,235802896.00
2012/12/28,6.75,6.89,6.73,6.78,22391293,153342944.00
2012/12/31,6.84,6.86,6.73,6.77,16016871,109623176.00
2013/01/04,6.80,6.83,6.53,6.64,19993251,134304528.00
2013/01/07,6.64,6.77,6.57,6.76,20425347,137493168.00
2013/01/08,6.77,6.81,6.58,6.65,22937148,154797616.00
2013/01/09,6.62,6.94,6.60,6.82,41793264,287027168.00
2013/01/10,6.82,6.86,6.69,6.78,19196656,131170824.00
2013/01/11,6.84,6.85,6.55,6.56,26894181,181112128.00
2013/01/14,6.56,6.78,6.50,6.73,25050670,169326240.00
2013/01/15,6.73,7.15,6.72,7.12,62776064,440896832.00
2013/01/16,7.09,7.12,6.94,7.09,32442536,230160688.00
2013/01/17,7.07,7.35,7.03,7.10,23845570,172614432.00
2013/01/18,7.18,7.34,7.11,7.14,29325517,213369280.00
2013/01/21,7.13,7.30,7.10,7.20,21700516,157460592.00
2013/01/22,7.17,7.29,7.06,7.25,30340867,219811152.00
2013/01/23,7.20,7.26,7.00,7.11,22221633,159323120.00
2013/01/24,7.11,7.16,6.84,7.03,24560980,173735392.00
2013/01/25,6.98,7.08,6.91,6.98,13491022,95221200.00
2013/01/28,7.02,7.09,6.94,7.08,19426833,137686320.00
2013/01/29,7.10,7.25,7.09,7.16,20147920,145336864.00
2013/01/30,7.16,7.17,6.86,6.96,47333970,331535424.00
2013/01/31,6.98,7.01,6.85,6.97,24587712,172033104.00
2013/02/01,7.02,7.22,6.97,7.11,53873830,386697440.00
2013/02/04,7.10,7.11,6.64,6.80,50645160,347258464.00
2013/02/05,6.73,6.82,6.62,6.79,26914786,182713984.00
2013/02/06,6.79,6.85,6.74,6.77,20413857,139772512.00
2013/02/07,6.75,6.86,6.72,6.81,14611844,100359592.00
2013/02/08,6.81,6.98,6.81,6.93,16152755,112719936.00
2013/02/18,6.92,7.12,6.92,6.97,21606580,152851824.00
2013/02/19,6.97,7.02,6.82,6.85,14175689,98377000.00
2013/02/20,6.84,6.98,6.83,6.94,11515257,80333920.00
2013/02/21,6.89,7.02,6.84,6.91,32608784,227550992.00
2013/02/22,6.91,7.29,6.91,7.17,43492065,313152000.00
2013/02/25,7.16,7.28,7.09,7.21,25692395,186467712.00
2013/02/26,7.22,7.27,6.96,7.03,29358921,210865968.00
2013/02/27,7.06,7.10,6.88,6.91,16418380,114947088.00
2013/02/28,6.93,7.08,6.85,7.06,21092933,148442960.00
2013/03/01,7.07,7.07,6.92,7.04,17419466,123059296.00
2013/03/04,7.09,7.20,6.96,7.04,38867893,278232064.00
2013/03/05,7.02,7.12,6.88,7.11,18857002,133366432.00
2013/03/06,7.16,7.44,7.08,7.39,56225871,412128064.00
2013/03/07,7.34,7.36,7.12,7.15,41241455,301172064.00
2013/03/08,7.17,7.21,6.97,7.03,26927018,191371392.00
2013/03/11,7.02,7.08,6.98,7.06,9906650,70253464.00
2013/03/12,7.06,7.08,6.69,6.87,27641855,192042368.00
2013/03/13,6.84,6.84,6.65,6.77,15637150,106143544.00
2013/03/14,6.66,6.81,6.39,6.45,22218886,147553280.00
2013/03/15,6.44,6.61,6.43,6.46,16462609,108123560.00
2013/03/18,6.44,6.52,6.39,6.46,7610607,49693904.00
2013/03/19,6.46,6.67,6.44,6.65,13208413,87844176.00
2013/03/20,6.65,6.74,6.61,6.73,13234996,89332712.00
2013/03/21,6.72,6.81,6.67,6.75,13623503,92694336.00
2013/03/22,6.76,6.76,6.61,6.68,13343542,89834312.00
2013/03/25,6.73,6.73,6.52,6.57,10608160,70536608.00
2013/03/26,6.54,6.66,6.52,6.61,10408232,69369472.00
2013/03/27,6.62,6.76,6.61,6.66,10205190,68915040.00
2013/03/28,6.62,6.62,6.26,6.27,15718459,102282104.00
2013/03/29,6.32,6.42,6.07,6.31,20784247,130369952.00
2013/04/01,6.29,6.57,6.26,6.52,13585009,88662632.00
2013/04/02,6.59,6.65,6.38,6.45,14209193,93173496.00
2013/04/03,6.49,6.49,6.27,6.29,11884822,75925568.00
2013/04/08,6.27,6.44,6.16,6.42,15303253,97810880.00
2013/04/09,6.44,6.52,6.35,6.47,10358311,67481464.00
2013/04/10,6.44,6.47,6.26,6.29,12450448,79819664.00
2013/04/11,6.33,6.47,6.33,6.39,9965981,64379716.00
2013/04/12,6.39,6.40,6.18,6.19,8457202,53611372.00
2013/04/15,6.24,6.27,6.12,6.17,7037797,43869660.00
2013/04/16,6.18,6.21,6.06,6.14,10788016,66783200.00
2013/04/17,6.16,6.22,6.13,6.21,7577331,47155664.00
2013/04/18,6.17,6.35,6.14,6.25,9896208,62759940.00
2013/04/19,6.26,6.45,6.23,6.38,12123421,78066712.00
2013/04/22,6.38,6.72,6.38,6.67,30354236,201896816.00
2013/04/23,6.64,6.68,6.51,6.58,16498788,109579216.00
2013/04/24,6.62,6.67,6.52,6.62,13361165,88900664.00
2013/04/25,6.64,6.77,6.49,6.50,21846534,146410880.00
2013/04/26,6.48,6.58,6.24,6.29,14001161,89748856.00
2013/05/02,6.26,6.42,6.19,6.32,8786732,56060960.00
2013/05/03,6.32,6.48,6.31,6.40,12767199,82554536.00
2013/05/06,6.39,6.46,6.38,6.41,13000374,84128992.00
2013/05/07,6.40,6.42,6.22,6.30,15512424,98373912.00
2013/05/08,6.32,6.36,6.19,6.23,12753296,80476160.00
2013/05/09,6.24,6.35,6.09,6.34,21807277,137008416.00
2013/05/10,6.31,6.58,6.31,6.46,33531140,219912352.00
2013/05/13,6.49,6.89,6.49,6.81,65003962,441672320.00
2013/05/14,6.85,6.96,6.74,6.87,36991461,255989008.00
2013/05/15,6.89,6.98,6.85,6.94,23298282,162227152.00
2013/05/16,6.87,7.16,6.87,6.99,47149350,336432288.00
2013/05/17,6.99,7.18,6.95,7.12,33205177,237586848.00
2013/05/20,7.10,7.36,7.06,7.17,37309480,272371360.00
2013/05/21,7.12,7.22,7.05,7.12,22108721,158813472.00
2013/05/22,7.12,7.21,7.02,7.07,21972214,157841328.00
2013/05/23,7.07,7.44,6.99,7.34,56197474,415528896.00
2013/05/24,7.34,7.61,7.34,7.55,50921435,386951648.00
2013/05/27,7.54,7.63,7.45,7.53,24101318,183616736.00
2013/05/28,7.53,7.74,7.44,7.46,34700811,264600128.00
2013/05/29,7.46,7.82,7.46,7.76,49264635,381654432.00
2013/05/30,7.74,7.74,7.52,7.63,21457665,164944352.00
2013/05/31,7.64,7.68,7.47,7.52,17686752,134881664.00
2013/06/03,7.49,7.81,7.48,7.52,20296307,157018240.00
2013/06/04,7.49,7.57,7.20,7.29,27772927,204777632.00
2013/06/05,7.34,7.39,7.22,7.29,15587931,114351640.00
2013/06/06,7.29,7.36,7.21,7.23,17096659,125490104.00
2013/06/07,7.23,7.31,7.12,7.15,12884510,93707944.00
2013/06/13,7.08,7.08,6.68,6.93,27382581,190886592.00
2013/06/14,6.97,7.12,6.90,7.02,16736031,118510024.00
2013/06/17,7.09,7.28,7.07,7.21,21454237,154504544.00
2013/06/18,7.23,7.27,7.06,7.14,14640799,105300632.00
2013/06/19,7.12,7.14,6.93,7.10,17018345,120669560.00
2013/06/20,7.10,7.18,6.90,6.96,11951431,84892432.00
2013/06/21,6.91,6.91,6.59,6.86,19291183,131720416.00
2013/06/24,6.79,6.87,6.31,6.35,17571786,116999104.00
2013/06/25,6.28,6.38,5.71,6.10,25064241,154143360.00
2013/06/26,6.19,6.33,6.02,6.12,23952618,148930560.00
2013/06/27,6.15,6.60,6.10,6.33,33348985,213954864.00
2013/06/28,6.29,6.69,6.25,6.46,25155654,165378576.00
2013/07/01,6.48,6.56,6.34,6.44,12202038,79463016.00
2013/07/02,6.47,6.87,6.43,6.84,18872573,127528608.00
2013/07/03,6.83,7.01,6.76,6.87,23401069,162268256.00
2013/07/04,6.86,6.95,6.80,6.92,13767932,95018984.00
2013/07/05,6.92,6.93,6.74,6.75,8944981,61487336.00
2013/07/08,6.65,6.65,6.41,6.42,10244672,67157712.00
2013/07/09,6.43,6.55,6.31,6.45,8558135,55165808.00
2013/07/10,6.42,6.70,6.37,6.66,11665002,77089728.00
2013/07/11,6.74,6.98,6.71,6.89,18494725,128157072.00
2013/07/12,6.88,7.07,6.81,6.88,21339677,149485856.00
2013/07/15,6.88,7.10,6.87,7.07,17300110,121985744.00
2013/07/16,7.02,7.03,6.77,6.94,20604294,142525344.00
2013/07/17,6.88,7.03,6.78,6.78,11678227,80897880.00
2013/07/18,6.75,6.81,6.53,6.55,13573454,90600672.00
2013/07/19,6.56,6.66,6.32,6.37,15419622,100809264.00
2013/07/22,6.34,6.62,6.32,6.61,17989877,117394096.00
2013/07/23,6.68,7.21,6.65,6.99,33270343,233951232.00
2013/07/24,6.99,7.07,6.89,7.01,19702198,138326944.00
2013/07/25,7.02,7.12,6.87,6.93,16089477,113078568.00
2013/07/26,6.87,6.91,6.56,6.66,19540897,131635312.00
2013/07/29,6.59,6.72,6.52,6.65,8405234,55892748.00
2013/07/30,6.69,6.77,6.59,6.71,10962478,73544832.00
2013/07/31,6.75,6.88,6.69,6.73,7698493,52468408.00
2013/08/01,6.73,6.85,6.63,6.83,13341775,90606792.00
2013/08/02,6.87,7.05,6.83,6.90,21297961,149044816.00
2013/08/05,6.91,7.25,6.91,7.22,35629616,256038368.00
2013/08/06,7.19,7.35,7.18,7.23,28192388,206092448.00
2013/08/07,7.25,7.31,7.10,7.12,23565328,170377456.00
2013/08/08,7.14,7.61,7.10,7.47,43183739,321582496.00
2013/08/09,7.47,7.53,7.25,7.34,24065278,178149232.00
2013/08/12,7.36,7.45,7.27,7.41,21665429,160269776.00
2013/08/13,7.43,7.68,7.35,7.40,34523805,260843392.00
2013/08/14,7.40,7.57,7.37,7.43,21528860,161423120.00
2013/08/15,7.47,7.47,7.13,7.17,27753920,202554720.00
2013/08/16,7.17,7.40,7.06,7.11,16405669,118417312.00
2013/08/19,7.05,7.33,7.02,7.30,11459635,83365536.00
2013/08/20,7.29,7.47,7.25,7.27,14081905,103941448.00
2013/08/21,7.31,7.34,7.14,7.23,14245347,102967376.00
2013/08/22,7.23,7.27,7.14,7.16,9476339,68481096.00
2013/08/23,7.21,7.35,7.13,7.24,15455723,112628376.00
2013/08/26,7.23,7.41,7.20,7.26,24214098,176655520.00
2013/08/27,7.26,7.30,7.20,7.26,17248646,125624408.00
2013/08/28,7.26,7.26,7.06,7.09,21256807,152313792.00
2013/08/29,7.10,7.16,6.97,7.04,13609208,96246240.00
2013/08/30,7.03,7.27,6.99,7.23,23151057,166387184.00
2013/09/02,7.24,7.96,7.22,7.96,116869086,921392256.00
2013/09/03,8.46,8.76,8.29,8.76,111584293,972337344.00
2013/09/04,9.06,9.60,8.77,8.80,279082855,2549916928.00
2013/09/05,8.50,8.84,8.33,8.67,156036788,1338333568.00
2013/09/06,8.53,9.12,8.47,8.85,143234632,1273201664.00
2013/09/09,8.96,9.42,8.78,9.04,145364543,1329580928.00
2013/09/10,8.87,9.26,8.71,9.05,125094525,1129158272.00
2013/09/11,8.97,9.96,8.63,9.58,257349481,2476231936.00
2013/09/12,9.07,9.56,9.00,9.31,178849334,1666704640.00
2013/09/13,9.42,9.69,9.12,9.28,112215692,1055996864.00
2013/09/16,9.17,9.38,8.82,8.87,113379476,1028911616.00
2013/09/17,8.69,8.72,8.19,8.22,138592888,1167441664.00
2013/09/18,8.27,8.43,8.24,8.30,56885540,475592416.00
2013/09/23,8.43,8.79,8.36,8.74,99100219,855949184.00
2013/09/24,8.71,9.04,8.52,8.76,92990355,821715200.00
2013/09/25,8.66,9.60,8.61,9.14,138103859,1270693376.00
2013/09/26,9.39,9.53,8.87,8.90,118365297,1093046528.00
2013/09/27,8.76,8.76,8.12,8.40,75253377,637666432.00
2013/09/30,8.80,9.24,8.67,9.24,136549891,1255653632.00
2013/10/08,9.67,10.17,9.48,9.54,224881818,2231174656.00
2013/10/09,9.37,10.50,9.33,10.50,190093136,1909802368.00
2013/10/10,10.51,10.89,9.98,10.45,207808547,2186176256.00
2013/10/11,10.29,10.83,10.22,10.36,115805826,1218540160.00
2013/10/14,10.45,11.27,10.45,11.10,139442167,1532128896.00
2013/10/15,11.05,11.13,10.70,10.86,102037543,1112202752.00
2013/10/16,10.57,10.57,9.77,9.80,129545619,1302281088.00
2013/10/17,10.01,10.27,9.47,10.03,118145717,1174645248.00
2013/10/18,9.75,10.27,9.52,10.15,89826632,900828032.00
2013/10/21,10.03,10.30,9.89,10.16,84439720,857292288.00
2013/10/22,10.09,10.37,9.88,9.96,97511789,991622976.00
2013/10/23,9.85,9.85,9.00,9.12,101702675,954008000.00
2013/10/24,9.08,9.27,8.84,8.88,54904018,495899936.00
2013/10/25,8.92,9.06,8.44,8.96,77651493,678282752.00
2013/10/28,9.32,9.82,9.17,9.33,106338426,1008957952.00
2013/10/29,9.31,9.64,8.56,9.50,118756950,1087930752.00
2013/10/30,9.28,9.67,9.22,9.39,83354065,788192896.00
2013/10/31,9.27,9.56,8.85,8.86,76475057,703697984.00
2013/11/01,8.67,8.74,8.33,8.55,67428190,577675200.00
2013/11/04,8.64,8.85,8.50,8.71,48597500,423783552.00
2013/11/05,8.62,9.32,8.48,9.14,88517142,795076672.00
2013/11/06,8.99,9.12,8.78,8.79,83876740,753067904.00
2013/11/07,8.84,9.19,8.74,8.87,83340734,746777664.00
2013/11/08,8.61,9.09,8.49,8.91,80654207,713395520.00
2013/11/11,8.77,9.07,8.39,8.43,67938072,600439232.00
2013/11/12,8.24,8.24,7.75,8.05,113753956,913260352.00
2013/11/13,8.27,8.80,8.06,8.34,137040167,1153925120.00
2013/11/14,8.27,8.74,8.23,8.46,112393420,963710848.00
2013/11/15,8.32,8.79,8.23,8.63,100460668,861084224.00
2013/11/18,8.79,9.50,8.68,9.50,162699125,1503028736.00
2013/11/19,9.49,9.69,9.23,9.43,172314618,1634900864.00
2013/11/20,9.30,9.72,9.25,9.49,108678357,1038778304.00
2013/11/21,9.36,10.17,9.29,9.60,156014189,1515432704.00
2013/11/22,9.55,9.90,9.37,9.44,107651306,1039257344.00
2013/11/25,9.37,9.52,9.07,9.35,74470529,696180992.00
2013/11/26,9.29,9.46,9.19,9.30,55838869,521916160.00
2013/11/27,9.27,9.39,9.12,9.34,59731125,555630528.00
2013/11/28,9.35,9.68,9.27,9.40,111713820,1069350080.00
2013/11/29,9.41,9.47,9.28,9.36,63513401,596249088.00
2013/12/02,9.07,9.22,8.45,8.48,99856811,880350592.00
2013/12/03,8.42,8.77,8.33,8.73,54076911,466357824.00
2013/12/04,8.87,9.12,8.78,8.86,73666216,658782720.00
2013/12/05,8.92,9.08,8.79,8.96,69882782,626224512.00
2013/12/06,8.85,8.96,8.78,8.85,34494438,306881312.00
2013/12/09,8.91,9.26,8.90,9.21,95072175,869729600.00
2013/12/10,9.25,9.25,9.07,9.14,53246701,488119232.00
2013/12/11,9.15,9.35,9.06,9.30,82643984,763316032.00
2013/12/12,9.33,9.34,9.12,9.15,61639535,569743360.00
2013/12/13,9.12,9.18,8.87,8.93,85316442,771593472.00
2013/12/16,9.07,9.15,8.79,8.81,55130170,497049568.00
2013/12/17,8.77,8.85,8.52,8.59,47254675,409778112.00
2013/12/18,8.59,8.67,8.54,8.59,24395608,210649312.00
2013/12/19,8.68,8.74,8.27,8.31,48426804,411783456.00
2013/12/20,8.33,8.55,8.31,8.45,41782754,352986976.00
2013/12/23,8.52,8.54,7.97,8.33,40372408,333715072.00
2013/12/24,8.31,8.48,8.16,8.43,51319928,429642048.00
2013/12/25,8.45,8.45,8.25,8.38,47933337,400735296.00
2013/12/26,8.35,8.39,7.91,7.96,59771083,487282080.00
2013/12/27,7.89,8.10,7.89,8.01,31207232,251057040.00
2013/12/30,8.06,8.11,7.89,7.91,31806984,254821152.00
2013/12/31,7.91,8.01,7.60,8.00,47484962,372450944.00
2014/01/02,7.97,8.11,7.87,8.05,31746737,255418608.00
2014/01/03,8.00,8.01,7.79,7.83,33227646,262662880.00
2014/01/06,7.79,7.79,7.33,7.34,44653670,336016160.00
2014/01/07,7.25,7.47,7.23,7.35,37366291,275707872.00
2014/01/08,7.35,7.45,7.23,7.26,32075351,235879424.00
2014/01/09,7.26,7.53,7.26,7.32,39711099,294980800.00
2014/01/10,7.32,7.35,7.13,7.15,33221772,240525056.00
2014/01/13,7.15,7.26,6.99,7.10,24499252,174490336.00
2014/01/14,7.16,7.35,7.13,7.32,36565591,266246576.00
2014/01/15,7.31,7.55,7.19,7.49,43409498,320984096.00
2014/01/16,7.45,7.54,7.37,7.41,29988445,224553568.00
2014/01/17,7.38,7.43,7.12,7.14,23818218,173633696.00
2014/01/20,7.36,7.42,7.08,7.13,40076074,290299776.00
2014/01/21,7.14,7.28,7.12,7.18,25832249,186496192.00
2014/01/22,7.17,7.50,7.16,7.41,49621762,366266240.00
2014/01/23,7.40,7.48,7.37,7.41,35801823,266505536.00
2014/01/24,7.57,7.57,7.43,7.49,45650709,343263776.00
2014/01/27,7.51,7.73,7.47,7.65,55191181,422374336.00
2014/01/28,7.60,7.63,7.40,7.45,36935947,277056704.00
2014/01/29,7.44,7.51,7.35,7.37,35460255,263768000.00
2014/01/30,7.36,7.43,7.27,7.28,20824609,153646448.00
2014/02/07,7.25,7.44,7.22,7.43,22739893,168186880.00
2014/02/10,7.47,7.74,7.45,7.70,57413415,439486976.00
2014/02/11,7.73,7.91,7.70,7.77,58621979,459177728.00
2014/02/12,7.81,8.45,7.69,8.36,112758851,916529920.00
2014/02/13,8.25,8.31,8.03,8.05,73867699,604451136.00
2014/02/14,8.05,8.22,8.03,8.13,43591572,355919200.00
2014/02/17,8.22,8.25,8.09,8.20,38784362,318069344.00
2014/02/18,8.30,8.61,8.22,8.27,80333886,676153344.00
2014/02/19,8.21,8.43,8.17,8.34,59769634,498916864.00
2014/02/20,8.33,8.42,8.13,8.21,53006833,440327104.00
2014/02/21,8.21,8.31,8.05,8.20,43531929,357567904.00
2014/02/24,8.19,8.25,7.97,8.11,42546746,345795424.00
2014/02/25,8.07,8.14,7.37,7.53,66115370,517736096.00
2014/02/26,7.52,7.60,7.33,7.50,48233194,361435424.00
2014/02/27,7.51,8.25,7.43,7.76,104094121,819326400.00
2014/02/28,7.26,7.57,7.15,7.49,63046281,469483456.00
2014/03/03,7.41,7.70,7.38,7.66,41897458,318827968.00
2014/03/04,7.58,7.73,7.50,7.67,38203300,292341184.00
2014/03/05,7.74,7.97,7.64,7.66,63598315,498517248.00
2014/03/06,7.57,7.62,7.42,7.46,43036147,323338016.00
2014/03/07,7.48,7.54,7.31,7.33,29379293,218360480.00
2014/03/10,7.23,7.23,6.85,6.87,51911433,365612416.00
2014/03/11,6.85,6.94,6.79,6.88,27612478,190233008.00
2014/03/12,6.87,6.92,6.64,6.76,27766462,189002816.00
2014/03/13,6.75,6.82,6.67,6.78,24554553,166933408.00
2014/03/14,6.75,6.76,6.59,6.64,22875905,153314336.00
2014/03/17,6.61,6.75,6.60,6.75,20304536,136422800.00
2014/03/18,6.74,6.88,6.72,6.81,24545303,168016832.00
2014/03/19,6.79,6.80,6.63,6.68,21284940,142867632.00
2014/03/20,6.66,6.92,6.62,6.68,37427069,254779552.00
2014/03/21,6.69,6.92,6.67,6.85,34534910,235858288.00
2014/03/24,6.85,7.00,6.84,6.91,34844602,241563712.00
2014/03/25,6.86,6.94,6.79,6.94,32958053,228143216.00
2014/03/26,6.93,6.96,6.82,6.91,27143672,187905808.00
2014/03/27,6.91,6.91,6.70,6.71,28192894,192362048.00
2014/03/28,6.69,7.15,6.59,6.90,55868382,383514880.00
2014/03/31,6.89,7.05,6.75,6.94,51192352,353401952.00
2014/04/01,6.90,7.07,6.87,6.96,50414500,351577568.00
2014/04/02,6.96,7.05,6.89,6.94,27724399,193296864.00
2014/04/03,6.96,6.97,6.78,6.79,22908725,157973408.00
2014/04/04,6.77,6.83,6.73,6.80,15645113,106479904.00
2014/04/08,6.77,6.91,6.75,6.87,22446608,153992272.00
2014/04/09,6.89,7.05,6.87,6.99,44646977,312338944.00
2014/04/10,6.97,7.00,6.90,6.95,30768250,214458272.00
2014/04/11,6.94,6.95,6.84,6.86,25609441,176952544.00
2014/04/14,6.84,6.94,6.83,6.92,18352222,126998504.00
2014/04/15,6.96,7.02,6.92,6.93,38161194,266872144.00
2014/04/16,6.92,6.99,6.83,6.91,24669923,171092144.00
2014/04/17,6.98,7.00,6.86,6.89,19924865,138491424.00
2014/04/18,6.89,6.90,6.82,6.87,14666060,100971680.00
2014/04/21,6.77,6.86,6.67,6.68,24931747,169573440.00
2014/04/22,6.68,6.74,6.49,6.58,26575399,176174784.00
2014/04/23,6.58,6.66,6.50,6.53,18788312,124231288.00
2014/04/24,6.48,6.57,6.40,6.41,19052374,124149864.00
2014/04/25,6.39,6.43,6.01,6.07,35423029,221210784.00
2014/04/28,6.05,6.05,5.80,5.81,26181520,154857600.00
2014/04/29,5.81,5.99,5.80,5.97,19440717,114967216.00
2014/04/30,5.97,5.97,5.90,5.93,10395740,62024464.00
2014/05/05,5.92,6.03,5.82,6.00,15577474,92756640.00
2014/05/06,5.98,6.12,5.97,6.05,17008709,103615720.00
2014/05/07,6.05,6.05,5.85,5.86,15134586,90250256.00
2014/05/08,5.85,5.96,5.81,5.84,11519375,68206592.00
2014/05/09,5.85,5.87,5.69,5.75,14949576,86894416.00
2014/05/12,5.81,5.97,5.78,5.94,18864353,111781856.00
2014/05/13,5.92,6.00,5.91,5.97,15025612,89919328.00
2014/05/14,5.98,5.99,5.92,5.94,10147680,60683944.00
2014/05/15,5.95,6.02,5.82,5.83,17760697,105957432.00
2014/05/16,5.81,5.86,5.77,5.84,11001456,64253688.00
2014/05/19,5.79,5.99,5.74,5.83,17222695,101537376.00
2014/05/20,5.88,5.95,5.84,5.85,10262025,60670168.00
2014/05/21,5.84,5.90,5.77,5.88,8835086,51924616.00
2014/05/22,5.90,5.96,5.86,5.87,14603969,86857392.00
2014/05/23,5.88,5.91,5.83,5.90,9451422,55777656.00
2014/05/26,5.95,5.98,5.89,5.98,20056221,119787096.00
2014/05/27,5.95,5.97,5.89,5.91,11429493,68118192.00
2014/05/28,5.89,5.94,5.85,5.94,15553262,92290944.00
2014/05/29,5.94,6.01,5.87,5.88,24947263,149312896.00
2014/05/30,5.88,5.94,5.82,5.82,22906287,135319552.00
2014/06/03,5.84,5.90,5.77,5.77,13472461,79134112.00
2014/06/04,5.78,5.80,5.57,5.63,24617121,140085408.00
2014/06/05,5.63,5.69,5.57,5.67,16913103,95779744.00
2014/06/06,5.66,5.69,5.54,5.57,17442130,98301520.00
2014/06/09,5.55,5.70,5.55,5.59,18092124,102405600.00
2014/06/10,5.64,5.69,5.60,5.68,16785493,95511664.00
2014/06/11,5.68,5.69,5.63,5.68,14304596,81359912.00
2014/06/12,5.66,5.68,5.58,5.60,13800047,78018560.00
2014/06/13,5.61,5.71,5.58,5.67,25620066,145856160.00
2014/06/16,5.69,5.71,5.63,5.67,15507072,88047112.00
2014/06/17,5.67,5.67,5.60,5.61,15138833,85221936.00
2014/06/18,5.61,5.62,5.51,5.52,20190109,112453632.00
2014/06/19,5.51,5.55,5.36,5.39,30826988,168179104.00
2014/06/20,5.39,5.40,5.31,5.38,17070320,91781552.00
2014/06/23,5.39,5.60,5.39,5.53,35545453,196663360.00
2014/06/24,5.50,5.57,5.47,5.55,15763772,87079440.00
2014/06/25,5.53,5.53,5.43,5.47,15078080,82619528.00
2014/06/26,5.49,5.57,5.47,5.50,27626213,152513680.00
2014/06/27,5.51,5.57,5.44,5.52,27232262,150431392.00
2014/06/30,5.51,5.57,5.50,5.52,21516088,119307944.00
2014/07/01,5.57,5.93,5.52,5.76,76226418,438876000.00
2014/07/02,5.73,5.81,5.70,5.77,35376261,204089840.00
2014/07/03,5.77,5.85,5.71,5.81,33116371,191989760.00
2014/07/04,5.83,5.87,5.76,5.78,22178841,129088832.00
2014/07/07,5.79,5.80,5.63,5.66,24450511,139412640.00
2014/07/08,5.65,5.70,5.64,5.67,15478730,87857392.00
2014/07/09,5.67,5.81,5.66,5.67,33345838,191408240.00
2014/07/10,5.66,5.72,5.64,5.66,13251332,75356704.00
2014/07/11,5.66,5.73,5.65,5.69,14151281,80670384.00
2014/07/14,5.68,5.71,5.56,5.66,31508163,177517072.00
2014/07/15,5.66,5.72,5.62,5.72,25309135,143468768.00
2014/07/16,5.71,5.78,5.68,5.71,29575808,169988016.00
2014/07/17,5.72,5.73,5.64,5.67,13934646,79256976.00
2014/07/18,5.65,5.75,5.63,5.69,17890509,102172080.00
2014/07/21,5.69,5.73,5.66,5.67,12887163,73416344.00
2014/07/22,5.67,5.80,5.66,5.77,39298346,226862960.00
2014/07/23,5.79,5.84,5.73,5.83,31467527,182278800.00
2014/07/24,5.84,5.90,5.77,5.88,50824441,297995104.00
2014/07/25,5.93,6.04,5.89,5.91,42030285,250231296.00
2014/07/28,5.92,6.04,5.89,6.04,52887028,317331104.00
2014/07/29,6.09,6.09,6.00,6.04,49163789,297972736.00
2014/07/30,6.03,6.37,5.96,6.26,70698084,434047232.00
2014/07/31,6.19,6.44,6.18,6.38,82718995,525720128.00
2014/08/01,6.36,6.50,6.24,6.26,71332037,456048864.00
2014/08/04,6.32,6.57,6.32,6.51,73456613,476606624.00
2014/08/05,6.46,6.59,6.39,6.56,58896644,382984000.00
2014/08/06,6.49,6.55,6.41,6.48,42959105,278279840.00
2014/08/07,6.47,6.49,6.27,6.29,54732457,348640224.00
2014/08/08,6.29,6.34,6.19,6.32,31970218,200879872.00
2014/08/11,6.34,6.57,6.32,6.52,59985254,387998080.00
2014/08/12,6.52,6.71,6.50,6.62,65616085,433970368.00
2014/08/13,6.63,6.64,6.44,6.53,41375029,270441600.00
2014/08/14,6.54,6.54,6.38,6.39,32569078,210740576.00
2014/08/15,6.38,6.47,6.36,6.46,27024134,173995888.00
2014/08/18,6.48,6.57,6.43,6.54,45023945,293482944.00
2014/08/19,6.54,7.20,6.48,7.20,235543674,1652306688.00
2014/08/20,7.27,7.58,7.11,7.17,251427242,1854068224.00
2014/08/21,7.11,7.47,7.07,7.26,133500066,967552448.00
2014/08/22,7.16,7.24,7.04,7.11,85742619,611097216.00
2014/08/25,7.15,7.41,7.10,7.11,92220144,668096512.00
2014/08/26,7.05,7.06,6.75,6.80,82875032,570113216.00
2014/08/27,6.79,6.89,6.69,6.78,39576236,268650848.00
2014/08/28,6.76,6.83,6.69,6.74,33680692,227996448.00
2014/08/29,6.73,6.93,6.72,6.89,37922422,259871136.00
2014/09/01,6.90,6.92,6.82,6.90,32661541,225082816.00
2014/09/02,6.91,7.09,6.89,7.03,55961189,393125824.00
2014/09/03,7.05,7.14,6.96,7.07,58685614,414716832.00
2014/09/04,7.11,7.13,7.00,7.09,49119249,347101280.00
2014/09/05,7.07,7.25,7.05,7.14,61567834,441173792.00
2014/09/09,7.14,7.16,7.01,7.11,45939768,325413504.00
2014/09/10,7.06,7.58,7.00,7.40,137948287,1007193664.00
2014/09/11,7.39,8.00,7.32,7.69,223027654,1725814528.00
2014/09/12,7.67,7.73,7.49,7.64,72528989,552673536.00
2014/09/15,7.64,7.98,7.59,7.71,95274999,739719104.00
2014/09/16,7.83,8.04,7.51,7.64,136295207,1068793792.00
2014/09/17,7.70,7.97,7.66,7.87,121713376,955311040.00
2014/09/18,7.76,8.04,7.63,7.92,99281003,779033984.00
2014/09/19,7.83,8.57,7.81,8.29,160887072,1323878784.00
2014/09/22,8.34,8.37,8.08,8.13,80608919,661850752.00
2014/09/23,8.25,8.62,8.25,8.34,106579866,896746944.00
2014/09/24,8.34,8.43,8.19,8.38,64766298,541252800.00
2014/09/25,8.39,8.57,8.34,8.43,66185717,559192832.00
2014/09/26,8.45,9.27,8.42,9.03,171141519,1531683712.00
2014/09/29,9.11,9.29,8.89,9.26,137860905,1261341312.00
2014/09/30,9.24,9.24,8.33,8.42,275170903,2365892864.00
2014/10/08,8.31,8.42,8.21,8.39,83891295,699530688.00
2014/10/09,8.39,8.41,8.19,8.33,86833029,720561088.00
2014/10/10,8.34,8.34,8.03,8.13,104468167,854529664.00
2014/10/13,8.11,8.11,7.85,7.98,78555568,624652672.00
2014/10/14,7.96,8.22,7.91,8.17,94373386,766429632.00
2014/10/15,8.15,8.17,8.00,8.11,47660609,385771840.00
2014/10/16,8.04,8.23,8.00,8.03,67099634,546662080.00
2014/10/17,8.01,8.11,7.75,7.93,73765562,584693824.00
2014/10/20,8.09,8.29,8.00,8.24,98924308,811345984.00
2014/10/21,8.17,8.17,7.98,8.00,58824288,474648736.00
2014/10/22,8.00,8.04,7.68,7.70,55462532,434932608.00
2014/10/23,7.70,8.01,7.55,7.86,71610142,560337984.00
2014/10/24,7.79,7.87,7.69,7.82,40481289,315754720.00
2014/10/27,7.82,7.89,7.63,7.80,37639055,293522912.00
2014/10/28,7.78,7.99,7.76,7.97,60427545,477921504.00
2014/10/29,8.03,8.05,7.91,8.02,64872979,518921088.00
2014/10/30,8.01,8.07,7.91,7.93,56576922,452251808.00
2014/10/31,7.91,7.99,7.69,7.79,64382970,502385120.00
2014/11/03,7.78,7.91,7.74,7.81,50898064,398298976.00
2014/11/04,7.81,7.94,7.73,7.93,58642868,460212352.00
2014/11/05,7.96,8.47,7.92,8.30,188873086,1556298624.00
2014/11/06,8.26,8.31,8.10,8.21,73949837,606504192.00
2014/11/07,8.21,8.39,8.12,8.23,87402991,724293696.00
2014/11/10,8.27,8.34,8.13,8.27,74045737,611432512.00
2014/11/11,8.32,8.67,8.22,8.55,219930410,1865554176.00
2014/11/12,8.58,8.88,8.42,8.81,175470785,1525624448.00
2014/11/13,8.95,9.27,8.65,8.68,221642438,1994277504.00
2014/11/14,8.54,8.70,8.17,8.28,143111261,1193632256.00
2014/11/17,8.24,8.44,8.15,8.35,74673615,623054784.00
2014/11/18,8.39,8.97,8.31,8.74,150868624,1312525952.00
2014/11/19,8.79,9.08,8.63,8.93,139100730,1234360320.00
2014/11/20,8.79,9.09,8.74,8.88,109420640,978084288.00
2014/11/21,8.99,8.99,8.46,8.63,195273955,1693967616.00
2014/11/24,8.59,8.67,8.41,8.65,131712890,1130249600.00
2014/11/25,8.66,8.67,8.46,8.66,98633724,847006208.00
2014/11/26,8.71,8.87,8.57,8.68,99114510,865495360.00
2014/11/27,8.70,8.98,8.65,8.95,168137172,1494314880.00
2014/11/28,9.01,9.09,8.79,8.88,117666898,1048874816.00
2014/12/01,8.92,9.26,8.66,9.20,186383034,1677775744.00
2014/12/02,9.14,9.36,9.07,9.25,151831952,1400408192.00
2014/12/03,9.69,9.94,9.35,9.51,271225706,2609585664.00
2014/12/04,9.56,9.71,9.33,9.67,179807976,1709668352.00
2014/12/05,9.92,9.99,9.04,9.36,180072123,1714438400.00
2014/12/08,9.36,9.84,9.19,9.73,176140484,1691283456.00
2014/12/09,9.84,10.65,9.64,9.81,296581863,3011461632.00
2014/12/10,9.82,10.33,9.82,10.28,177571345,1798975104.00
2014/12/11,10.31,10.43,9.89,10.42,185496714,1890034944.00
2014/12/12,10.51,10.52,10.10,10.16,110614081,1131974144.00
2014/12/15,10.02,10.07,9.84,9.99,96338223,959213568.00
2014/12/16,9.98,10.19,9.91,10.02,90668800,909233920.00
2014/12/17,9.96,9.97,9.50,9.60,130284257,1256272896.00
2014/12/18,9.65,9.99,9.59,9.82,111055082,1093496320.00
2014/12/19,9.99,10.29,9.79,10.28,175820767,1773705088.00
2014/12/22,10.84,11.31,10.39,11.31,350264429,3840633088.00
2014/12/23,11.10,11.10,10.39,10.49,202673551,2182704896.00
2014/12/24,10.48,10.69,9.66,9.76,198566975,1988507776.00
2014/12/25,9.66,10.06,9.53,9.93,132391663,1297895424.00
2014/12/26,9.87,9.88,9.63,9.78,138423018,1350567168.00
2014/12/29,9.65,9.75,9.21,9.36,145899374,1383069696.00
2014/12/30,9.49,9.74,9.39,9.42,98984395,946832768.00
2014/12/31,9.44,9.52,9.08,9.33,89703585,827264832.00
2015/01/05,9.33,9.66,9.21,9.54,112203928,1061265216.00
2015/01/06,9.46,9.80,9.40,9.78,129761631,1248161152.00
2015/01/07,9.97,10.09,9.73,10.01,164818816,1633979392.00
2015/01/08,10.09,10.15,9.79,9.80,133870899,1338152704.00
2015/01/09,9.69,9.72,9.43,9.44,101934792,974853504.00
2015/01/12,9.47,9.78,9.39,9.48,92137529,883668352.00
2015/01/13,9.39,9.56,9.20,9.53,74724214,700982080.00
2015/01/14,9.43,9.61,9.32,9.48,53635709,508095264.00
2015/01/15,9.47,9.67,9.44,9.59,60381473,579214848.00
2015/01/16,9.65,10.07,9.64,10.03,142551807,1410655360.00
2015/01/19,9.79,10.33,9.53,9.69,176791537,1761066752.00
2015/01/20,9.74,10.12,9.74,10.05,127865668,1277191680.00
2015/01/21,10.07,10.31,9.97,10.26,162970481,1654584320.00
2015/01/22,10.26,10.52,10.14,10.44,149228351,1544199296.00
2015/01/23,10.38,10.42,10.00,10.12,148907495,1512518912.00
2015/01/26,10.11,10.27,10.01,10.16,88269222,896690432.00
2015/01/27,10.14,10.52,10.12,10.47,159700966,1656304640.00
2015/01/28,10.48,10.48,10.14,10.20,96455707,990247808.00
2015/01/29,9.99,10.17,9.92,10.09,76032468,763502976.00
2015/01/30,10.20,10.37,10.06,10.28,110202302,1130234496.00
2015/02/02,10.47,10.65,9.65,9.67,197720717,2022478464.00
2015/02/03,9.54,9.71,9.19,9.47,120194851,1131548800.00
2015/02/04,9.48,9.52,9.23,9.25,89427762,835133312.00
2015/02/05,9.40,9.43,8.98,8.99,94799308,869431488.00
2015/02/06,8.96,9.11,8.50,8.59,85192700,750090880.00
2015/02/09,8.59,8.74,8.57,8.65,40024225,346276704.00
2015/02/10,8.65,8.73,8.58,8.72,37735788,327226208.00
2015/02/11,8.78,8.85,8.71,8.83,39735860,349342176.00
2015/02/12,8.84,8.85,8.68,8.78,41687572,365602496.00
2015/02/13,8.86,8.99,8.82,8.91,56388288,503906080.00
2015/02/16,8.96,9.03,8.91,8.97,42405531,380363424.00
2015/02/17,9.00,9.09,8.98,9.07,46243089,418120224.00
2015/02/25,9.11,9.18,8.99,9.17,65115249,591843776.00
2015/02/26,9.23,9.38,9.16,9.35,77712393,721866304.00
2015/02/27,9.36,9.38,9.24,9.30,60229373,561420480.00
2015/03/02,9.30,9.45,9.21,9.43,90826072,847287360.00
2015/03/03,9.34,9.41,9.19,9.20,68440346,637266560.00
2015/03/04,9.20,9.37,9.18,9.31,60245726,559534720.00
2015/03/05,9.29,9.30,8.97,9.06,77606551,706388992.00
2015/03/06,9.09,9.12,8.87,8.89,55528614,497945952.00
2015/03/09,8.85,8.95,8.69,8.95,45081397,397576320.00
2015/03/10,8.98,9.06,8.90,9.01,41117348,370521056.00
2015/03/11,9.00,9.05,8.84,8.86,45276133,405103136.00
2015/03/12,8.84,8.99,8.80,8.89,44135332,392924960.00
2015/03/13,8.89,9.03,8.87,9.00,53163193,476321632.00
2015/03/16,9.02,9.26,9.01,9.23,95816766,881098048.00
2015/03/17,9.24,9.42,9.24,9.36,113553894,1060956160.00
2015/03/18,9.39,9.61,9.26,9.55,146794887,1392633472.00
2015/03/19,9.60,9.71,9.50,9.58,143005038,1373152128.00
2015/03/20,9.56,9.59,9.45,9.52,105864573,1006384576.00
2015/03/23,9.53,9.98,9.53,9.87,178347830,1738807040.00
2015/03/24,9.78,9.86,9.34,9.63,148312971,1431892096.00
2015/03/25,9.63,9.83,9.47,9.67,127775189,1232776832.00
2015/03/26,9.65,9.87,9.51,9.79,141651108,1375885184.00
2015/03/27,9.81,10.06,9.75,9.93,147445522,1464450048.00
2015/03/30,9.93,10.23,9.82,10.06,159766276,1596510848.00
2015/03/31,10.03,10.34,9.95,10.21,205798949,2087976832.00
2015/04/01,10.24,10.47,10.10,10.38,186216993,1917013760.00
2015/04/02,10.39,10.42,10.10,10.31,167966008,1726652544.00
2015/04/03,10.25,10.84,10.17,10.73,258350969,2728169728.00
2015/04/07,10.69,10.82,10.51,10.73,187766125,2005145984.00
2015/04/08,10.74,10.78,9.99,10.26,185082232,1921507328.00
2015/04/09,10.26,10.28,9.74,9.91,148734580,1478808192.00
2015/04/10,9.89,10.63,9.83,10.44,196813729,2046985088.00
2015/04/13,10.44,10.53,10.25,10.45,141297615,1470961920.00
2015/04/14,10.45,10.89,10.29,10.70,198514106,2095735168.00
2015/04/15,10.58,10.67,10.10,10.13,131726603,1369244800.00
2015/04/16,10.00,10.43,9.90,10.27,101556752,1037081472.00
2015/04/17,10.30,10.81,10.25,10.59,232016627,2456997888.00
2015/04/20,10.62,11.19,10.54,11.00,303186842,3296180224.00
2015/04/21,11.02,11.19,10.77,11.12,206855599,2281144320.00
2015/04/22,11.18,11.39,11.03,11.20,210807709,2367704576.00
2015/04/23,11.24,11.33,10.92,11.25,192669498,2146908544.00
2015/04/24,11.03,11.25,10.83,11.02,166849515,1845250688.00
2015/04/27,11.14,11.58,11.09,11.41,246564173,2798871040.00
2015/04/28,11.34,11.43,10.41,10.62,184982669,2025384064.00
2015/04/29,10.58,10.88,10.50,10.81,98674257,1059382912.00
2015/04/30,10.85,11.54,10.72,11.32,200831528,2247200768.00
2015/05/04,11.54,11.92,11.25,11.68,229354257,2669897216.00
2015/05/05,11.45,11.56,10.76,10.92,155055285,1729013120.00
2015/05/06,10.93,11.05,10.08,10.29,124281972,1333448704.00
2015/05/07,10.20,10.49,9.99,10.21,75925376,781407104.00
2015/05/08,10.35,10.59,10.21,10.43,85347823,888795712.00
2015/05/11,10.44,10.67,10.30,10.65,107831506,1133221760.00
2015/05/12,10.65,10.96,10.56,10.79,115859983,1252340864.00
2015/05/13,10.80,11.87,10.51,11.87,300783789,3443329792.00
2015/05/14,11.74,12.17,11.57,11.68,303764397,3602912000.00
2015/05/15,11.49,12.26,11.44,11.62,203975003,2419359744.00
2015/05/18,11.62,11.95,11.32,11.34,147206915,1710335232.00
2015/05/19,11.30,11.66,11.21,11.61,127657770,1461421312.00
2015/05/20,11.64,11.86,11.49,11.52,141456893,1655476480.00
2015/05/21,11.51,11.97,11.36,11.90,151283213,1767175424.00
2015/05/22,11.94,12.19,11.61,12.08,196543449,2353273088.00
2015/05/25,11.96,12.57,11.87,12.30,195955111,2407516416.00
2015/05/26,12.35,12.67,12.03,12.49,201336959,2491348224.00
2015/05/27,13.40,13.74,13.07,13.74,286971296,3885393152.00
2015/05/28,13.99,14.41,12.37,12.40,340545861,4632672256.00
2015/05/29,12.25,12.56,11.33,11.89,188728237,2251929088.00
2015/06/01,11.89,12.48,11.69,12.47,167327054,2035644160.00
2015/06/02,12.37,13.14,12.16,13.11,205479520,2597843200.00
2015/06/03,13.23,13.49,12.74,13.22,195771242,2583569664.00
2015/06/04,13.23,13.29,12.01,12.93,142598726,1807661824.00
2015/06/05,13.07,13.44,12.75,13.34,215925258,2851038976.00
2015/06/08,13.34,13.73,13.11,13.53,193788809,2610658304.00
2015/06/09,13.49,13.52,12.90,13.15,128558372,1697074304.00
2015/06/10,12.99,13.48,12.69,13.16,128146251,1691386624.00
2015/06/11,13.17,13.79,13.09,13.74,199659006,2691258624.00
2015/06/12,13.79,14.56,13.67,14.05,273800991,3884731648.00
2015/06/15,14.00,14.00,13.48,13.51,149394627,2056698368.00
2015/06/16,13.35,13.46,12.52,12.77,119972236,1571836544.00
2015/06/17,12.72,13.79,12.50,13.77,136699156,1801854720.00
2015/06/18,13.56,14.15,13.16,13.19,146891209,2021797504.00
2015/06/19,12.74,13.14,11.88,11.97,105297937,1331136128.00
2015/06/23,12.06,12.46,11.26,12.38,108271692,1306375552.00
2015/06/24,12.45,12.67,12.20,12.61,112136718,1401417600.00
2015/06/25,12.54,12.93,11.99,12.18,134598237,1686365952.00
2015/06/26,11.69,11.89,10.96,10.96,94560639,1075515136.00
2015/06/29,11.24,11.33,9.86,9.90,125951022,1309467136.00
2015/06/30,9.70,10.56,8.91,10.35,144333381,1400315264.00
2015/07/01,9.99,10.47,9.31,9.31,119465316,1195248768.00
2015/07/02,9.31,9.39,8.38,8.38,118751026,1035247872.00
2015/07/03,8.21,8.30,7.54,7.54,104224946,807226432.00
2015/07/06,8.07,8.19,6.79,6.80,173925073,1255646208.00
2015/07/07,6.60,6.66,6.12,6.12,162484342,1008754560.00
2015/07/08,5.51,5.84,5.51,5.51,179015609,993401728.00
2015/07/09,5.51,6.06,5.26,6.06,140748262,821344384.00
2015/07/10,6.25,6.67,6.19,6.67,69119738,450967296.00
2015/07/13,7.17,7.34,6.94,7.34,166401107,1195995648.00
2015/07/14,7.40,7.94,7.18,7.51,257776950,1955220352.00
2015/07/15,7.25,7.37,6.76,6.76,143559997,1001610048.00
2015/07/16,6.76,7.16,6.22,6.90,114818646,781310272.00
2015/07/17,6.94,7.58,6.90,7.44,125110579,908832768.00
2015/07/20,7.41,7.74,7.26,7.59,163413025,1230898176.00
2015/07/21,7.47,8.08,7.35,7.90,191143669,1497950208.00
2015/07/22,7.90,8.49,7.77,8.33,201595145,1635601024.00
2015/07/23,8.55,8.89,8.33,8.76,236739034,2051719296.00
2015/07/24,8.62,8.73,8.21,8.35,192140673,1637995648.00
2015/07/27,8.19,9.13,7.73,7.89,232266451,1991786752.00
2015/07/28,7.49,8.68,7.21,8.68,249629349,1989687296.00
2015/07/29,8.90,9.18,8.30,9.06,271813350,2410555648.00
2015/07/30,8.84,9.07,8.30,8.48,191538090,1694189312.00
2015/07/31,8.19,8.39,7.63,7.82,135605072,1094719872.00
2015/08/03,7.80,8.29,7.29,7.81,125207609,982568256.00
2015/08/04,7.80,8.49,7.73,8.44,125373702,1015667264.00
2015/08/05,8.33,8.47,8.03,8.14,117351820,969531584.00
2015/08/06,7.89,8.47,7.76,8.42,120213748,980037120.00
2015/08/07,8.41,8.85,8.41,8.65,147751258,1272545152.00
2015/08/10,8.65,9.17,8.64,9.08,158347976,1423099008.00
2015/08/11,9.03,9.58,8.81,9.24,191262861,1749026432.00
2015/08/12,9.04,9.67,9.00,9.27,185186514,1745282816.00
2015/08/13,9.17,9.51,8.78,9.30,139583771,1278699264.00
2015/08/14,9.32,9.63,9.20,9.58,161833171,1530964608.00
2015/08/17,9.40,10.16,9.32,9.96,175744459,1713141376.00
2015/08/18,10.00,10.35,9.00,9.25,211236554,2033474432.00
2015/08/19,8.97,10.18,8.90,10.18,243565729,2339736064.00
2015/08/20,10.17,10.42,9.48,9.50,240817930,2407336192.00
2015/08/21,9.07,9.25,8.55,8.55,155325612,1366816512.00
2015/08/24,7.88,7.90,7.70,7.70,48459171,374708672.00
2015/08/25,6.93,7.09,6.93,6.93,103240207,716828288.00
2015/08/26,6.94,7.24,6.24,6.26,124751086,837348352.00
2015/08/27,6.60,6.68,5.80,6.52,96909815,613798464.00
2015/08/28,6.59,7.17,6.55,7.17,128054190,884069568.00
2015/08/31,7.15,7.28,6.81,7.27,116686832,820659904.00
2015/09/01,7.20,7.20,6.54,6.77,112996784,770820544.00
2015/09/02,6.28,6.99,6.20,6.73,87368346,587289792.00
2015/09/07,6.80,7.38,6.70,6.84,63856171,450128160.00
2015/09/08,6.78,7.37,6.72,7.29,62172228,438144544.00
2015/09/09,7.28,7.57,7.06,7.32,147157074,1072174976.00
2015/09/10,7.14,7.48,7.10,7.21,86374543,631691520.00
2015/09/11,7.14,7.29,6.95,7.21,63574404,454300320.00
2015/09/14,7.29,7.67,6.67,7.00,139049452,1013562304.00
2015/09/15,6.66,6.76,6.30,6.30,73708358,475308512.00
2015/09/16,6.25,6.93,6.17,6.81,79065665,515343264.00
2015/09/17,6.71,6.95,6.42,6.44,87800390,588274496.00
2015/09/18,6.52,6.62,6.35,6.51,43478958,282726656.00
2015/09/21,6.40,6.73,6.33,6.70,46705842,308061696.00
2015/09/22,6.71,7.13,6.62,7.11,81366772,557012160.00
2015/09/23,6.90,7.02,6.70,6.79,64082012,440214784.00
2015/09/24,6.84,6.99,6.75,6.89,45031584,308894880.00
2015/09/25,6.86,7.06,6.62,6.71,64041890,438585536.00
2015/09/28,6.77,7.02,6.41,6.96,58958312,400465856.00
2015/09/29,6.78,7.27,6.72,7.00,99980049,704399616.00
2015/09/30,7.00,7.33,6.96,7.21,110258453,791952128.00
2015/10/08,7.57,7.80,7.46,7.61,136598461,1044704320.00
2015/10/09,7.59,7.90,7.54,7.88,103615677,804669760.00
2015/10/12,7.94,8.49,7.85,7.87,177058243,1436499072.00
2015/10/13,7.79,8.15,7.73,8.05,109299797,872184448.00
2015/10/14,8.20,8.25,7.86,7.90,203328707,1644032640.00
2015/10/15,7.76,8.13,7.69,8.12,128170369,1012425792.00
2015/10/16,8.10,8.19,7.96,8.14,142183028,1150988672.00
2015/10/19,8.15,8.20,7.87,7.97,109128485,876350592.00
2015/10/20,7.96,8.15,7.92,8.11,97122889,781947008.00
2015/10/21,8.10,8.10,7.30,7.30,123722259,953908544.00
2015/10/22,7.30,7.49,7.17,7.48,76578896,562860416.00
2015/10/23,7.48,7.68,7.35,7.63,85421961,641195072.00
2015/10/26,7.77,7.95,7.63,7.82,98194956,766977280.00
2015/10/27,7.72,7.75,7.31,7.67,73084285,553367296.00
2015/10/28,7.63,7.76,7.36,7.41,52621623,398602560.00
2015/10/29,7.52,7.58,7.36,7.51,48110654,360667008.00
2015/10/30,7.49,7.50,7.27,7.28,55713459,410559872.00
2015/11/02,7.11,7.27,7.05,7.11,43995084,315700160.00
2015/11/03,7.27,7.44,7.23,7.30,66057573,484413952.00
2015/11/04,7.31,7.64,7.27,7.60,81777523,609393984.00
2015/11/05,7.60,7.86,7.54,7.77,147539280,1143760128.00
2015/11/06,7.75,7.90,7.73,7.85,88500899,691756288.00
2015/11/09,7.76,8.08,7.73,7.93,111863283,887827968.00
2015/11/10,7.91,7.97,7.72,7.90,90124651,708326528.00
2015/11/11,7.91,7.95,7.77,7.93,76290555,600736256.00
2015/11/12,7.95,7.97,7.72,7.79,64460708,504088576.00
2015/11/13,7.70,7.79,7.52,7.53,61543166,469363840.00
2015/11/16,7.42,7.71,7.36,7.70,52354923,393709024.00
2015/11/17,7.80,7.89,7.69,7.74,86430616,674967936.00
2015/11/18,7.71,7.86,7.62,7.70,53935159,417205120.00
2015/11/19,7.76,7.79,7.63,7.77,43697557,337773664.00
2015/11/20,7.79,7.80,7.66,7.74,58270019,450722272.00
2015/11/23,7.75,7.92,7.67,7.74,73165640,571688576.00
2015/11/24,7.73,7.80,7.52,7.79,52135045,400575072.00
2015/11/25,7.77,7.85,7.72,7.84,56687698,442470464.00
2015/11/26,7.87,8.01,7.80,7.87,88667226,700647104.00
2015/11/27,7.84,7.86,7.08,7.16,75325801,565453824.00
2015/11/30,7.20,7.26,6.72,7.08,46871400,330802592.00
2015/12/01,7.07,7.47,7.00,7.43,54650477,396374144.00
2015/12/02,7.66,7.72,7.27,7.47,77954103,585816832.00
2015/12/03,7.40,7.55,7.33,7.50,47517692,353937408.00
2015/12/04,7.42,7.88,7.30,7.79,124705339,953423360.00
2015/12/07,7.82,7.94,7.76,7.85,94060969,738223744.00
2015/12/08,7.79,7.79,7.43,7.46,61375091,466082432.00
2015/12/09,7.40,7.45,7.28,7.31,42460555,311870464.00
2015/12/10,7.29,7.42,7.26,7.27,33691008,246899664.00
2015/12/11,7.27,7.33,7.03,7.21,42335950,303286496.00
2015/12/14,7.10,7.38,7.07,7.37,34478305,248933808.00
2015/12/15,7.38,7.48,7.31,7.39,35583929,263045552.00
2015/12/16,7.40,7.47,7.30,7.33,32283877,238505328.00
2015/12/17,7.38,7.54,7.35,7.50,51575972,384803840.00
2015/12/18,7.52,7.63,7.43,7.59,61275685,461144096.00
2015/12/21,7.51,7.73,7.50,7.72,63131833,482270688.00
2015/12/22,7.72,7.96,7.61,7.82,83717502,649931392.00
2015/12/23,7.78,7.82,7.57,7.60,61965898,476905472.00
2015/12/24,7.63,7.91,7.57,7.89,105024012,818803584.00
2015/12/25,7.96,7.98,7.70,7.82,72407165,565269056.00
2015/12/28,7.81,7.89,7.44,7.47,79634214,613090304.00
2015/12/29,7.47,7.53,7.37,7.52,35990845,268020896.00
2015/12/30,7.55,7.55,7.37,7.48,37370258,279189248.00
2015/12/31,7.49,7.51,7.32,7.34,36711331,271948160.00
2016/01/04,7.31,7.38,6.63,6.65,36135659,255621040.00
2016/01/05,6.47,6.77,6.32,6.62,47563626,312673120.00
2016/01/06,6.64,6.82,6.62,6.81,35298636,237139792.00
2016/01/07,6.70,6.74,6.13,6.17,10424183,67002320.00
2016/01/08,6.38,6.57,5.90,6.47,61007447,389047232.00
2016/01/11,6.35,6.68,6.16,6.20,51892788,334342944.00
2016/01/12,6.21,6.33,6.08,6.22,31530650,195713184.00
2016/01/13,6.25,6.37,6.02,6.04,28342315,176633744.00
2016/01/14,5.80,6.16,5.73,6.14,45264806,268863488.00
2016/01/15,6.05,6.09,5.65,5.73,38851035,228147904.00
2016/01/18,5.60,5.86,5.55,5.75,26842486,153951552.00
2016/01/19,5.75,5.95,5.71,5.92,31583802,185203824.00
2016/01/20,5.92,6.03,5.80,5.92,36036174,213994976.00
2016/01/21,5.82,5.95,5.60,5.62,26453862,153795616.00
2016/01/22,5.72,5.74,5.52,5.70,27774337,156891216.00
2016/01/25,5.74,5.81,5.66,5.78,33052702,189141584.00
2016/01/26,5.68,5.74,5.20,5.20,48102698,262480320.00
2016/01/27,5.24,5.27,4.87,5.12,43057536,218795312.00
2016/01/28,5.11,5.27,4.85,4.87,43961418,223442400.00
2016/01/29,4.85,5.08,4.80,5.01,37657945,186827776.00
2016/02/01,5.00,5.12,4.86,4.96,32461186,162613744.00
2016/02/02,4.96,5.10,4.95,5.08,26459637,133767192.00
2016/02/03,5.01,5.07,4.94,5.05,23988979,119933968.00
2016/02/04,5.06,5.18,5.05,5.13,32629282,167339248.00
2016/02/05,5.13,5.16,5.08,5.09,26783679,137275008.00
2016/02/15,4.94,5.06,4.87,5.03,21803865,108397160.00
2016/02/16,5.07,5.25,5.06,5.23,39351573,203921328.00
2016/02/17,5.21,5.30,5.19,5.29,39153485,205306816.00
2016/02/18,5.34,5.44,5.26,5.33,47170714,251090896.00
2016/02/19,5.30,5.34,5.26,5.32,28058405,148509664.00
2016/02/22,5.36,5.45,5.33,5.43,48924450,264209424.00
2016/02/23,5.44,5.77,5.36,5.73,93010854,514342112.00
2016/02/24,5.67,5.77,5.56,5.67,93233401,527975104.00
2016/02/25,5.60,5.63,5.10,5.10,70801598,377495584.00
2016/02/26,5.13,5.18,5.00,5.14,38314256,195907296.00
2016/02/29,5.11,5.12,4.71,4.82,44540370,216832944.00
2016/03/01,4.85,5.02,4.81,4.97,35536409,175036256.00
2016/03/02,4.97,5.27,4.95,5.24,58393435,301038560.00
2016/03/03,5.25,5.55,5.22,5.39,91430038,494261472.00
2016/03/04,5.33,5.44,5.11,5.22,58423831,309139520.00
2016/03/07,5.28,5.68,5.28,5.64,97972416,537742912.00
2016/03/08,5.51,5.54,5.28,5.48,62763725,339842752.00
2016/03/09,5.33,5.38,5.10,5.22,49279887,258814272.00
数据来源:通达信
