600406 国电南瑞 日线 前复权
      日期	    开盘	    最高	    最低	    收盘	    成交量	    成交额
2011/01/04,16.68,17.04,15.94,16.89,7191734,506497952.00
2011/01/05,16.71,16.83,16.43,16.48,3726443,267750176.00
2011/01/06,16.67,17.14,16.54,16.69,3008891,217911024.00
2011/01/07,16.43,16.89,16.07,16.23,2913815,207566048.00
2011/01/10,16.29,16.39,15.00,15.03,5569919,375719680.00
2011/01/11,14.99,15.41,14.84,15.11,2806699,183546592.00
2011/01/12,15.12,15.23,14.18,14.40,3895102,245785360.00
2011/01/13,14.80,15.23,14.66,14.92,3101684,200588096.00
2011/01/14,14.88,15.13,14.52,14.69,3754564,242797776.00
2011/01/17,14.76,14.87,14.09,14.26,4164000,260895232.00
2011/01/18,14.13,15.13,14.00,14.61,4228368,271398400.00
2011/01/19,14.75,14.98,14.40,14.82,2575630,164448048.00
2011/01/20,14.83,15.24,14.82,15.14,5140984,336438400.00
2011/01/21,15.09,15.59,14.99,15.49,2646501,177049856.00
2011/01/24,15.71,15.88,14.84,15.12,3671176,242059904.00
2011/01/25,14.99,15.54,14.87,15.45,2090042,137727328.00
2011/01/26,15.44,15.76,15.23,15.70,2069041,139772048.00
2011/01/27,15.51,16.00,15.44,15.99,2611870,179117696.00
2011/01/28,15.99,16.30,15.83,16.15,2847873,198937344.00
2011/01/31,16.29,16.65,15.47,16.37,2736584,191308288.00
2011/02/01,16.20,16.48,16.06,16.29,1637548,114712712.00
2011/02/09,16.19,16.19,15.44,15.47,2643441,180518912.00
2011/02/10,15.47,15.99,15.19,15.96,2223722,150364368.00
2011/02/11,16.04,16.31,15.97,16.27,2136998,149838944.00
2011/02/14,16.27,16.78,16.27,16.73,2628692,187635200.00
2011/02/15,16.76,17.09,16.57,16.79,2591748,188189392.00
2011/02/16,16.78,16.91,16.45,16.68,2921260,209875408.00
2011/02/17,16.76,17.50,16.76,17.34,3308826,245937984.00
2011/02/18,17.23,17.29,16.87,17.04,1898367,139930736.00
2011/02/21,17.04,17.07,16.70,17.04,2710959,198519472.00
2011/02/22,17.07,17.11,16.36,16.44,2489183,178548576.00
2011/02/24,16.92,17.49,16.49,16.78,8665330,639679360.00
2011/02/25,16.64,17.24,16.49,16.99,2914978,214107728.00
2011/02/28,16.90,17.28,16.85,17.22,3144086,232883968.00
2011/03/01,17.28,17.35,16.99,17.14,1847003,136639088.00
2011/03/02,17.02,17.09,16.65,16.89,1943040,140747184.00
2011/03/03,16.97,17.21,16.19,16.29,2898609,207537952.00
2011/03/04,16.33,16.41,15.94,16.33,3021967,211322512.00
2011/03/07,16.33,16.51,15.92,16.09,4024070,280070752.00
2011/03/08,16.08,16.18,15.92,16.11,2105763,145904704.00
2011/03/09,16.18,16.75,16.18,16.69,3156453,223897312.00
2011/03/10,16.72,16.73,16.39,16.54,2100418,149878768.00
2011/03/11,16.52,16.77,16.35,16.62,2768530,198958064.00
2011/03/14,16.66,16.69,16.23,16.53,2145889,152125648.00
2011/03/15,16.32,16.49,15.57,16.41,3235520,224294576.00
2011/03/16,16.42,16.42,16.04,16.18,1972516,137956288.00
2011/03/17,16.02,16.61,15.82,16.17,3605879,255225216.00
2011/03/18,16.20,16.42,15.69,15.71,3591261,247039760.00
2011/03/21,15.94,16.16,15.68,15.82,2766242,189743264.00
2011/03/22,15.90,15.99,15.31,15.42,3735857,251314976.00
2011/03/23,15.53,15.72,15.35,15.61,3699120,248580800.00
2011/03/24,15.73,16.10,15.63,16.04,3767096,259651968.00
2011/03/25,16.26,16.78,16.26,16.51,9148573,327441248.00
2011/03/28,16.55,16.63,16.14,16.17,11804411,415477728.00
2011/03/29,16.30,16.30,15.34,15.49,7656200,260268896.00
2011/03/30,15.46,15.99,15.42,15.57,7049059,238168432.00
2011/03/31,15.73,15.85,15.15,15.39,6862410,228438592.00
2011/04/01,15.40,15.58,15.21,15.52,5076385,168904960.00
2011/04/06,15.51,15.52,14.83,15.03,9906780,325011296.00
2011/04/07,15.04,15.37,14.85,15.26,8028506,261865472.00
2011/04/08,15.24,16.19,15.10,16.11,9045971,311234208.00
2011/04/11,16.22,16.47,16.04,16.16,9988488,351085088.00
2011/04/12,16.19,16.38,15.78,15.93,6130960,211331904.00
2011/04/13,15.86,16.18,15.54,16.09,4195816,144890320.00
2011/04/14,16.18,16.19,15.83,16.01,3414167,117520592.00
2011/04/15,16.01,16.33,15.96,16.16,4327325,150902128.00
2011/04/18,16.18,16.26,15.76,16.00,6662236,230243184.00
2011/04/19,15.92,16.35,15.78,16.21,7041586,245161984.00
2011/04/20,16.22,17.81,16.22,17.43,18084395,669495552.00
2011/04/21,17.49,17.77,17.19,17.40,9650555,363182528.00
2011/04/22,17.35,18.35,17.30,18.14,11043267,428406528.00
2011/04/25,18.21,18.21,17.40,17.47,9250716,352564512.00
2011/04/26,17.47,17.92,17.17,17.20,7928485,300143232.00
2011/04/27,17.30,17.49,16.60,16.82,7753918,281419360.00
2011/04/28,16.82,16.91,16.23,16.39,5053243,180718672.00
2011/04/29,16.38,16.89,16.38,16.78,5619371,202825552.00
2011/05/03,16.84,17.02,16.54,16.78,3818467,137927568.00
2011/05/04,16.71,16.99,16.40,16.47,5544961,199339136.00
2011/05/05,16.40,16.54,16.11,16.41,3231336,113892008.00
2011/05/06,16.21,16.68,16.16,16.59,2712804,96910872.00
2011/05/09,16.58,17.23,16.50,17.13,5301751,194814432.00
2011/05/10,17.16,17.29,16.85,17.06,3731598,136912800.00
2011/05/11,16.98,17.44,16.88,17.44,6030250,224193232.00
2011/05/12,17.25,17.41,17.10,17.10,3872497,143995488.00
2011/05/13,17.07,17.30,16.88,16.99,5378987,198120512.00
2011/05/16,16.99,17.13,16.65,16.66,4487393,163114272.00
2011/05/17,16.68,16.82,16.43,16.46,5049207,180414256.00
2011/05/18,16.47,16.59,16.30,16.42,3393842,120497336.00
2011/05/19,16.43,16.71,16.43,16.52,2213691,79232336.00
2011/05/20,16.51,16.63,16.21,16.31,3135530,110766048.00
2011/05/23,16.31,16.31,15.25,15.44,10331594,347831296.00
2011/05/24,15.26,15.47,15.11,15.36,3470080,115054112.00
2011/05/25,15.36,15.46,15.08,15.13,2537895,83704432.00
2011/05/26,15.17,15.45,15.08,15.14,2297711,75924280.00
2011/05/27,15.20,15.49,14.83,15.30,3497172,115016168.00
2011/05/30,15.31,15.35,15.11,15.18,2438913,80441792.00
2011/05/31,15.18,15.49,15.18,15.47,2084503,69435752.00
2011/06/01,15.48,15.49,15.35,15.44,1627479,54219684.00
2011/06/02,15.26,15.49,15.06,15.24,2344783,77356984.00
2011/06/03,15.16,15.44,15.16,15.41,1516479,50480080.00
2011/06/07,15.44,16.09,15.41,16.07,3872169,132527896.00
2011/06/08,15.94,16.22,15.77,16.14,2715204,94145400.00
2011/06/09,16.11,16.52,15.96,15.99,2688969,94188272.00
2011/06/10,15.84,16.14,15.83,16.01,1982734,68578432.00
2011/06/13,15.94,16.25,15.64,16.11,2223500,76779240.00
2011/06/14,16.14,16.30,15.97,16.17,3615902,126169264.00
2011/06/15,16.03,16.26,16.03,16.07,1251570,43621000.00
2011/06/16,15.97,16.21,15.58,15.77,2556034,87125936.00
2011/06/17,15.76,15.76,15.45,15.55,2381869,80001144.00
2011/06/20,15.55,15.62,15.27,15.58,1518719,50843372.00
2011/06/21,15.64,15.87,15.49,15.84,2156400,73176880.00
2011/06/22,15.91,16.38,15.85,16.32,4151939,145012272.00
2011/06/23,16.26,16.73,16.21,16.69,5097133,182619904.00
2011/06/24,16.66,16.88,16.47,16.68,3604190,129996640.00
2011/06/27,16.64,17.10,16.54,16.80,3637773,132561496.00
2011/06/28,16.89,16.93,16.69,16.85,3179910,115289392.00
2011/06/29,16.83,17.00,16.72,16.74,2708123,98305328.00
2011/06/30,16.73,17.06,16.73,16.83,4039455,147388768.00
2011/07/01,16.88,16.88,16.49,16.69,3536979,127536128.00
2011/07/04,16.77,16.96,16.61,16.90,3183338,115721640.00
2011/07/05,16.92,17.39,16.81,17.37,6537385,242658512.00
2011/07/06,17.38,17.49,17.16,17.39,3400767,127020512.00
2011/07/07,17.38,17.65,17.21,17.43,4441775,167160144.00
2011/07/08,17.42,17.88,17.40,17.71,3870460,147906304.00
2011/07/11,17.59,18.02,17.57,17.89,3589264,137867664.00
2011/07/12,17.80,18.11,17.58,17.58,5536866,213255696.00
2011/07/13,17.58,17.87,17.40,17.79,3216839,122638344.00
2011/07/14,17.80,18.33,17.80,18.24,5540741,216391264.00
2011/07/15,18.29,18.41,18.12,18.24,3057489,120248416.00
2011/07/18,18.23,18.30,17.93,18.06,3940375,153707984.00
2011/07/19,17.97,18.07,17.79,17.97,3389560,130858576.00
2011/07/20,18.19,18.32,17.40,17.58,4564105,174661632.00
2011/07/21,17.63,17.69,17.29,17.31,2860042,107743984.00
2011/07/22,17.36,17.65,17.36,17.43,2635033,99432536.00
2011/07/25,17.42,17.43,16.92,17.03,4575651,169041680.00
2011/07/26,17.02,17.42,16.99,17.40,3482865,129644056.00
2011/07/27,17.15,17.67,17.09,17.63,3344541,126415752.00
2011/07/28,17.45,17.78,17.45,17.73,2931389,111564040.00
2011/07/29,17.73,17.76,17.25,17.49,1890109,71576520.00
2011/08/01,17.55,17.72,17.30,17.49,1548067,58222496.00
2011/08/02,17.49,17.69,17.14,17.66,2103496,78671368.00
2011/08/04,17.88,18.44,17.88,18.11,8280195,325152288.00
2011/08/05,17.73,18.38,17.64,18.13,8977559,351236928.00
2011/08/08,17.71,19.30,17.58,18.62,15043558,594259392.00
2011/08/09,18.26,18.85,17.76,18.42,10381918,409052288.00
2011/08/10,18.59,18.89,18.43,18.59,7680555,307726784.00
2011/08/11,18.30,19.02,18.21,19.01,6043864,244222032.00
2011/08/12,19.02,19.09,18.45,18.50,7332052,296503104.00
2011/08/15,18.59,18.63,18.42,18.45,4641764,184990544.00
2011/08/16,18.45,18.59,18.21,18.37,3590681,142364000.00
2011/08/17,18.36,18.49,18.11,18.13,3569888,139959856.00
2011/08/18,18.27,18.30,18.02,18.09,2766731,107955992.00
2011/08/19,17.98,18.17,17.95,18.11,3440439,133929488.00
2011/08/22,18.26,18.28,17.45,17.52,3662014,140601344.00
2011/08/23,17.49,17.62,17.40,17.60,2870714,108187064.00
2011/08/24,17.65,17.71,17.49,17.51,2307084,87460496.00
2011/08/25,17.54,17.67,17.50,17.63,3640410,138243712.00
2011/08/26,17.65,17.89,17.59,17.66,3237993,123480200.00
2011/08/29,17.58,18.06,17.50,17.87,3133522,120411080.00
2011/08/30,18.09,18.45,17.91,18.14,6284867,247229504.00
2011/08/31,18.14,18.33,17.73,17.94,1964669,76106056.00
2011/09/01,18.04,18.11,17.64,17.71,2779664,106458440.00
2011/09/02,17.64,17.87,17.55,17.58,2017166,76663840.00
2011/09/05,17.49,17.49,17.00,17.16,2751152,101860384.00
2011/09/06,17.16,17.21,16.80,16.80,3289472,120110088.00
2011/09/07,16.89,17.40,16.80,17.39,2269528,83894016.00
2011/09/08,17.40,17.49,17.06,17.28,2205128,81971576.00
2011/09/09,17.48,17.58,17.08,17.14,1477056,54977068.00
2011/09/13,16.92,16.92,16.21,16.64,1830903,65605728.00
2011/09/14,16.66,16.85,16.11,16.53,4402417,155116928.00
2011/09/15,16.37,16.78,16.35,16.64,2306236,82681336.00
2011/09/16,16.69,16.77,16.40,16.53,2152899,76818008.00
2011/09/19,16.56,16.56,16.19,16.40,2423730,85159888.00
2011/09/20,16.21,16.41,15.97,16.31,1757688,61533396.00
2011/09/21,16.40,16.57,16.03,16.52,3888121,138009920.00
2011/09/22,16.43,16.44,15.83,15.84,3425192,118770808.00
2011/09/23,15.73,15.98,15.48,15.76,3086643,104820024.00
2011/09/26,15.60,15.81,15.49,15.61,1601619,54110996.00
2011/09/27,15.67,15.81,15.58,15.71,1771464,60097752.00
2011/09/28,15.74,15.90,15.61,15.69,2714945,92708928.00
2011/09/29,15.59,16.35,15.59,16.15,5912084,205389760.00
2011/09/30,16.20,16.31,15.98,16.20,4369063,151893616.00
2011/10/10,16.20,16.43,16.02,16.10,2060361,72104448.00
2011/10/11,16.30,16.52,15.72,15.82,1581518,54994356.00
2011/10/12,15.76,16.15,15.59,16.10,3211031,110932624.00
2011/10/13,16.09,16.11,15.82,15.91,4255801,146549872.00
2011/10/14,15.86,15.86,14.58,14.69,12552627,404787264.00
2011/10/17,14.70,14.99,14.56,14.79,5700479,182906592.00
2011/10/18,14.71,14.78,14.57,14.72,5205286,165261776.00
2011/10/19,14.76,14.78,14.26,14.30,7571756,236162416.00
2011/10/20,14.20,14.20,13.59,14.08,4583104,137593232.00
2011/10/21,13.97,14.54,13.83,14.09,3562492,110003864.00
2011/10/24,14.12,14.61,14.12,14.58,3475846,109151416.00
2011/10/25,14.58,15.35,14.49,15.03,4411033,143419520.00
2011/10/26,15.04,15.80,15.04,15.49,7064937,237944624.00
2011/10/27,15.61,15.77,15.26,15.40,1917030,64226736.00
2011/10/28,15.68,16.02,15.64,15.77,3790289,129442816.00
2011/10/31,15.78,16.21,15.73,15.93,2733195,94514768.00
2011/11/01,15.82,16.31,15.71,15.82,2789140,96356712.00
2011/11/02,15.59,16.29,15.49,16.21,4869470,169128032.00
2011/11/03,16.45,16.61,16.35,16.44,6038325,215082480.00
2011/11/04,16.68,16.77,16.45,16.47,3307817,118748304.00
2011/11/07,16.40,16.41,16.01,16.17,6117479,213659392.00
2011/11/08,16.17,16.99,15.99,16.96,5168300,183531360.00
2011/11/09,16.98,17.16,16.83,17.04,3410842,124804768.00
2011/11/10,17.04,17.07,16.84,17.04,2705758,99228872.00
2011/11/11,17.06,17.11,16.83,16.90,4075287,149204032.00
2011/11/14,17.02,17.31,17.02,17.24,3836737,142018512.00
2011/11/15,17.11,17.38,16.92,16.97,3735234,138291184.00
2011/11/16,16.98,17.26,16.45,16.48,3736237,135213616.00
2011/11/17,16.28,16.62,16.26,16.26,2427998,85908320.00
2011/11/18,16.11,16.54,15.72,15.94,5122710,177615952.00
2011/11/21,15.76,16.29,15.76,15.94,6727747,234485936.00
2011/11/23,16.03,16.61,16.03,16.30,8929075,315305248.00
2011/11/24,16.21,16.55,16.18,16.45,3634945,129066536.00
2011/11/25,16.40,16.70,16.40,16.46,2498019,89651064.00
2011/11/28,16.42,17.16,16.41,16.93,4185095,152427280.00
2011/11/29,16.93,17.16,16.78,16.83,2634617,96152408.00
2011/11/30,16.76,16.99,16.37,16.68,3597298,129494584.00
2011/12/01,16.92,17.02,16.69,16.87,3777468,137803088.00
2011/12/02,16.87,16.91,16.55,16.57,2597041,93971104.00
2011/12/05,16.61,16.79,15.78,16.16,2096656,73985472.00
2011/12/06,15.80,16.45,15.80,16.24,2484160,87004880.00
2011/12/07,16.24,16.49,16.24,16.39,2066230,73122672.00
2011/12/08,16.30,16.51,15.99,16.16,2608708,91381832.00
2011/12/09,16.15,16.22,15.75,15.91,1873904,64605912.00
2011/12/12,15.77,15.99,15.64,15.65,1520785,51773580.00
2011/12/13,15.71,15.73,15.55,15.57,2105988,71230360.00
2011/12/14,15.57,15.92,15.55,15.64,1414457,48059488.00
2011/12/15,15.64,15.73,15.21,15.29,2148238,71543600.00
2011/12/16,15.30,15.78,15.15,15.71,2999255,100076344.00
2011/12/19,15.73,15.73,14.78,14.99,8237710,272105952.00
2011/12/20,15.26,15.53,15.16,15.26,2035777,67600504.00
2011/12/21,15.49,15.64,13.95,14.83,7792881,244496736.00
2011/12/22,14.30,15.28,14.30,14.99,3373882,109333760.00
2011/12/23,15.07,15.40,14.99,15.16,2739894,90192856.00
2011/12/26,15.16,15.44,14.78,15.27,1776962,58647884.00
2011/12/27,15.37,15.37,14.78,14.86,3997874,128923848.00
2011/12/28,14.78,14.88,14.25,14.54,3172621,100655648.00
2011/12/29,14.73,14.73,14.23,14.24,4136276,128900296.00
2011/12/30,14.24,14.69,14.24,14.40,3762594,117957896.00
2012/01/04,14.47,15.28,14.47,14.80,4677541,151325440.00
2012/01/05,15.67,15.67,14.21,14.69,5997370,189233104.00
2012/01/06,14.77,14.83,13.97,14.79,5691117,176787376.00
2012/01/09,14.78,14.92,14.31,14.92,5515255,174889568.00
2012/01/10,14.88,15.64,14.76,15.25,8088379,266533280.00
2012/01/11,15.49,15.49,15.16,15.39,4128595,137116832.00
2012/01/12,15.39,15.59,15.07,15.17,4492546,148623360.00
2012/01/13,15.15,15.25,14.59,14.66,3756444,120407704.00
2012/01/16,14.50,14.50,13.15,13.16,11753213,345501216.00
2012/01/17,13.16,13.73,12.26,13.46,12859455,360041984.00
2012/01/18,13.45,13.68,12.34,12.48,9728878,274370624.00
2012/01/19,12.49,13.45,12.45,13.31,4632505,129799840.00
2012/01/20,13.33,13.64,13.02,13.55,4105444,119604928.00
2012/01/30,13.63,13.78,13.36,13.47,3567265,104733776.00
2012/01/31,13.60,13.60,13.15,13.35,3197160,92005728.00
2012/02/01,13.35,13.51,13.16,13.28,2414707,69756664.00
2012/02/02,13.26,13.40,13.16,13.37,6043080,173868512.00
2012/02/03,13.40,14.19,13.35,14.07,8862717,266860992.00
2012/02/06,14.26,14.77,14.26,14.54,8300305,261288000.00
2012/02/07,14.60,14.63,14.19,14.38,4382613,136605424.00
2012/02/08,14.38,14.77,14.34,14.76,4951474,156662432.00
2012/02/09,14.78,15.09,14.65,14.88,5711595,184605360.00
2012/02/10,14.80,15.02,14.71,14.81,3082775,98717064.00
2012/02/13,14.69,15.02,14.57,14.84,5294278,169494176.00
2012/02/14,14.87,14.96,14.68,14.72,3004443,96034776.00
2012/02/15,14.67,14.82,14.49,14.64,6341937,201032848.00
2012/02/16,14.64,14.91,14.40,14.52,4170107,131864432.00
2012/02/17,14.64,14.78,14.42,14.57,3181981,100404336.00
2012/02/20,14.78,15.24,14.70,15.05,7975896,259248960.00
2012/02/21,15.07,15.35,14.93,15.23,5501933,180658848.00
2012/02/22,15.23,15.66,15.23,15.44,4498546,150612448.00
2012/02/24,15.51,16.25,15.49,15.88,8095062,277700800.00
2012/02/27,16.01,16.21,15.72,15.93,7240959,248871568.00
2012/02/28,15.91,16.04,15.78,15.82,3189719,109430008.00
2012/02/29,15.77,15.81,15.54,15.71,5060861,171642720.00
2012/03/01,15.71,15.80,15.61,15.69,2509666,85191760.00
2012/03/02,15.76,15.87,15.66,15.84,3233209,110059904.00
2012/03/05,15.97,15.97,15.58,15.80,4966739,168540192.00
2012/03/06,15.75,15.77,15.49,15.55,3629616,122501112.00
2012/03/07,15.46,15.47,15.06,15.23,6655807,219410896.00
2012/03/08,15.23,15.37,15.07,15.09,6717945,220422320.00
2012/03/09,15.20,15.33,14.94,15.12,11789990,384748192.00
2012/03/12,15.16,15.49,15.13,15.41,8751725,289734240.00
2012/03/13,15.45,15.46,15.07,15.21,7859058,258497360.00
2012/03/14,15.25,15.57,14.79,14.88,12013514,397302304.00
2012/03/15,14.81,15.11,14.73,14.87,5060379,162937872.00
2012/03/16,14.97,15.06,14.54,15.01,5556704,178234256.00
2012/03/19,15.13,15.28,15.01,15.27,6442074,211558960.00
2012/03/20,15.23,15.24,14.69,14.76,6173288,199432320.00
2012/03/21,14.76,14.85,14.07,14.49,6391304,200275632.00
2012/03/22,14.50,14.66,14.25,14.28,4470820,139206240.00
2012/03/23,14.28,14.40,14.07,14.14,4097248,126473568.00
2012/03/26,14.11,14.42,14.07,14.40,2567739,79369584.00
2012/03/27,14.42,14.49,14.33,14.49,3333628,104175624.00
2012/03/28,14.45,14.49,14.18,14.29,3212058,99747144.00
2012/03/29,14.26,14.70,14.16,14.51,5043393,158172048.00
2012/03/30,14.68,14.68,14.46,14.58,3060635,96523264.00
2012/04/05,14.23,14.66,13.94,14.60,5081966,105582640.00
2012/04/06,14.59,14.59,14.03,14.20,8834648,182471568.00
2012/04/09,14.04,14.36,13.73,14.28,6605177,132826184.00
2012/04/10,14.18,14.44,13.89,14.41,4081782,83299872.00
2012/04/11,14.23,14.37,13.95,14.15,4942143,100819056.00
2012/04/12,14.17,14.27,14.05,14.22,6622374,135123440.00
2012/04/13,14.18,14.33,13.78,13.90,18022118,361222944.00
2012/04/16,13.83,13.83,13.42,13.58,11749969,230790240.00
2012/04/17,13.67,13.72,13.40,13.59,4978516,97461024.00
2012/04/18,13.68,14.05,13.63,14.03,9339786,187162368.00
2012/04/19,14.09,14.25,13.68,13.82,9938133,198851904.00
2012/04/20,13.83,13.90,13.67,13.79,3973509,78944344.00
2012/04/23,13.79,13.87,13.65,13.73,3266324,64714928.00
2012/04/24,13.68,13.95,13.34,13.59,7311472,143505216.00
2012/04/25,13.73,13.73,13.40,13.59,6882085,134336048.00
2012/04/26,13.63,14.02,13.58,13.88,8797152,175981344.00
2012/04/27,13.89,13.98,13.79,13.88,4370776,87447232.00
2012/05/02,14.02,14.09,13.79,13.93,7941712,159118688.00
2012/05/03,13.93,13.98,13.80,13.92,7666635,153189792.00
2012/05/04,13.96,14.55,13.93,14.54,13716135,282551232.00
2012/05/07,14.48,15.08,14.38,14.94,18478937,395511040.00
2012/05/08,14.94,15.11,14.73,14.88,11292669,243055808.00
2012/05/09,14.76,14.76,14.45,14.57,8036750,168725616.00
2012/05/10,14.61,14.78,14.44,14.53,4656908,97892256.00
2012/05/11,14.53,14.66,14.35,14.38,5630622,117612208.00
2012/05/14,14.43,14.69,14.30,14.57,7272235,152349216.00
2012/05/15,14.30,14.75,14.30,14.71,7265146,152409424.00
2012/05/16,14.73,14.76,14.28,14.30,6083606,127897336.00
2012/05/17,14.32,14.47,14.15,14.18,7961540,163834176.00
2012/05/18,14.16,14.38,13.87,13.91,4257460,86594960.00
2012/05/21,13.80,13.90,13.65,13.73,6041703,119789344.00
2012/05/22,13.75,13.92,13.55,13.85,8169405,161538592.00
2012/05/23,13.83,13.83,13.16,13.28,16521345,318718528.00
2012/05/24,13.16,13.34,12.65,13.27,21462614,401974432.00
2012/05/25,13.28,13.57,13.23,13.43,11459433,222687728.00
2012/05/28,13.43,13.55,13.37,13.41,5932020,114920128.00
2012/05/29,13.41,13.51,13.28,13.33,11755831,226587664.00
2012/05/30,13.33,13.43,13.14,13.24,8820809,168514496.00
2012/05/31,13.24,13.47,13.14,13.43,5723337,110375416.00
2012/06/01,13.33,13.52,13.30,13.36,5726821,110639136.00
2012/06/04,13.23,13.43,13.05,13.10,5985746,114024096.00
2012/06/05,13.12,13.23,12.90,12.94,4469439,83931664.00
2012/06/06,13.02,13.07,12.82,12.99,3199553,59599480.00
2012/06/07,13.08,13.13,12.88,12.90,3104163,58292776.00
2012/06/08,13.02,13.02,12.77,12.85,3676136,68298896.00
2012/06/11,12.95,13.38,12.80,13.32,8083413,153099504.00
2012/06/12,13.30,13.37,13.14,13.27,4652648,89125208.00
2012/06/13,13.33,13.55,13.23,13.48,7205024,139641088.00
2012/06/14,13.52,13.75,13.43,13.59,10111925,198851456.00
2012/06/15,13.60,13.77,13.44,13.70,9847119,193169968.00
2012/06/18,13.73,14.07,13.61,13.97,12834923,256816960.00
2012/06/19,13.98,13.98,13.43,13.54,13916765,273196960.00
2012/06/20,13.53,13.61,13.33,13.57,4122883,80190896.00
2012/06/25,13.30,13.30,13.00,13.03,10694515,202715872.00
2012/06/26,12.83,13.10,12.81,13.00,5408502,101553792.00
2012/06/27,13.00,13.17,12.80,12.94,6974273,131203744.00
2012/06/28,12.98,12.98,12.75,12.80,5684566,105358464.00
2012/06/29,12.78,12.95,12.58,12.94,13303247,244297008.00
2012/07/02,12.96,13.02,12.63,12.83,9883439,182201152.00
2012/07/03,12.80,12.83,12.21,12.30,11772555,212866816.00
2012/07/04,12.30,12.30,11.03,11.43,27383335,456673312.00
2012/07/05,11.38,11.43,11.00,11.40,19605001,317224864.00
2012/07/06,11.41,11.55,10.95,11.43,27444997,444440544.00
2012/07/09,11.33,11.45,11.01,11.18,17055910,274485344.00
2012/07/10,11.16,11.35,10.95,11.22,12698713,204835248.00
2012/07/11,11.23,11.88,11.23,11.66,11934810,199323280.00
2012/07/12,11.65,11.70,11.25,11.40,11968256,197644592.00
2012/07/13,11.35,11.50,11.23,11.31,11894255,195783920.00
2012/07/16,11.23,11.38,10.71,10.72,17033513,272868928.00
2012/07/17,10.65,10.87,10.35,10.72,12416290,189240400.00
2012/07/18,10.71,10.88,10.53,10.85,4883323,75923000.00
2012/07/19,10.92,11.09,10.74,10.79,13841613,220440640.00
2012/07/20,10.66,11.02,10.58,10.96,7686815,121294760.00
2012/07/23,10.86,11.02,10.65,10.98,5880564,92522168.00
2012/07/24,10.92,11.37,10.82,11.12,8847619,142640976.00
2012/07/25,11.09,11.34,10.95,11.04,6333555,102199568.00
2012/07/26,11.04,11.15,10.93,11.03,6842268,109707584.00
2012/07/27,11.03,11.27,10.66,10.88,9445276,149686848.00
2012/07/30,10.89,10.97,10.51,10.69,10176530,157302944.00
2012/07/31,10.69,11.18,10.52,10.99,9165883,143720016.00
2012/08/01,10.95,11.35,10.90,11.09,13717440,220639968.00
2012/08/02,11.09,11.09,10.36,11.00,6426775,101778832.00
2012/08/03,10.98,11.24,10.91,11.13,5987873,96792016.00
2012/08/06,11.20,11.58,11.05,11.51,8738550,143897760.00
2012/08/07,11.53,11.63,11.38,11.61,7664548,127996392.00
2012/08/08,11.66,11.95,11.53,11.88,19222965,327294592.00
2012/08/09,11.86,12.23,11.73,11.95,13670092,238582688.00
2012/08/10,11.97,12.00,11.59,11.65,9662756,164946720.00
2012/08/13,11.59,11.88,11.35,11.50,7668457,128274992.00
2012/08/14,11.50,11.71,11.21,11.69,7538902,124755480.00
2012/08/15,11.55,11.63,11.19,11.43,5270227,86653848.00
2012/08/16,11.35,11.66,11.23,11.53,4863499,81319576.00
2012/08/17,11.58,11.64,11.42,11.60,11249137,188539520.00
2012/08/20,11.61,11.70,11.36,11.54,10033886,168175104.00
2012/08/21,11.55,11.87,11.43,11.55,10266780,172453008.00
2012/08/22,11.51,11.59,11.21,11.34,6881226,113350928.00
2012/08/23,11.24,11.38,10.95,11.04,7625379,122538840.00
2012/08/24,11.00,11.08,10.88,11.05,4712672,75174912.00
2012/08/27,11.02,11.02,10.52,10.60,6678903,103665152.00
2012/08/28,10.52,10.86,10.48,10.68,5143227,79302400.00
2012/08/29,10.65,10.65,10.42,10.52,5680649,86858288.00
2012/08/30,10.65,10.65,9.97,10.20,11260940,166726528.00
2012/08/31,10.10,10.38,10.08,10.33,6456792,96299032.00
2012/09/03,10.30,10.54,10.13,10.50,7104057,107876712.00
2012/09/04,10.50,10.59,10.29,10.33,6022876,91379264.00
2012/09/05,10.31,10.65,10.31,10.57,6287949,96300880.00
2012/09/06,10.88,11.30,10.88,11.01,20395713,329114272.00
2012/09/07,11.16,11.85,11.16,11.72,23609268,397070272.00
2012/09/10,11.83,12.15,11.61,11.67,21728028,374139872.00
2012/09/11,11.61,11.74,11.41,11.65,8032264,134868448.00
2012/09/12,11.84,11.98,11.60,11.84,6758917,115737680.00
2012/09/13,11.83,12.00,11.60,11.61,7711753,132601088.00
2012/09/14,11.73,11.85,11.45,11.61,7736726,130291904.00
2012/09/17,11.60,11.89,11.53,11.54,9652955,164145904.00
2012/09/18,11.59,11.65,11.28,11.29,5840601,96821232.00
2012/09/19,11.23,11.58,11.23,11.53,5411687,89662800.00
2012/09/20,11.38,11.75,11.38,11.55,9423340,158692656.00
2012/09/21,11.53,12.43,11.46,12.26,20835387,363564128.00
2012/11/07,12.09,12.09,11.38,11.66,43905620,741532096.00
2012/11/08,11.62,11.62,11.00,11.08,14927160,243795552.00
2012/11/09,11.09,11.12,10.74,10.83,13588761,215142032.00
2012/11/12,10.88,11.07,10.65,10.83,8317158,130304376.00
2012/11/13,10.77,11.13,10.70,10.95,7074168,112523152.00
2012/11/14,10.99,11.16,10.88,11.15,3860806,61746380.00
2012/11/15,11.05,11.16,10.59,10.60,5784199,91030720.00
2012/11/16,10.59,10.64,10.27,10.51,5857780,88620464.00
2012/11/19,10.50,10.50,10.22,10.25,7491652,112643808.00
2012/11/20,10.31,10.38,10.15,10.30,6201954,92476448.00
2012/11/21,10.38,10.45,10.19,10.25,4276216,64127640.00
2012/11/22,10.25,10.58,10.08,10.15,7213845,108093248.00
2012/11/23,10.16,10.23,10.09,10.20,5185546,76700592.00
2012/11/26,10.29,10.41,10.16,10.35,5341766,80248472.00
2012/11/27,10.23,10.40,10.17,10.21,5139708,76808848.00
2012/11/28,10.21,10.27,9.28,9.94,12520616,177912656.00
2012/11/29,9.79,9.95,9.55,9.93,9125869,129403520.00
2012/11/30,9.87,9.91,9.59,9.80,6836148,97119312.00
2012/12/03,9.81,9.83,9.21,9.25,9296543,128443704.00
2012/12/04,9.25,9.50,9.08,9.41,5572674,75294128.00
2012/12/05,9.38,9.88,9.38,9.59,11096279,156574064.00
2012/12/06,9.70,9.83,9.59,9.65,3672280,51958252.00
2012/12/07,9.73,10.15,9.63,10.08,12186945,176871536.00
2012/12/10,10.15,10.55,10.10,10.45,12852431,193221920.00
2012/12/11,10.59,10.59,10.19,10.25,8595320,128855864.00
2012/12/12,10.25,10.34,10.06,10.17,6288433,92901216.00
2012/12/13,10.23,10.28,10.02,10.22,5234785,77502696.00
2012/12/14,10.29,10.80,10.18,10.78,20387357,310978816.00
2012/12/17,10.74,10.84,10.49,10.57,10826594,166611392.00
2012/12/18,10.68,10.72,10.50,10.68,9291781,143539328.00
2012/12/19,10.65,10.78,10.48,10.56,11562029,178134784.00
2012/12/20,10.45,10.54,10.13,10.29,12617685,188310640.00
2012/12/21,10.32,10.36,9.59,9.77,21681768,312170656.00
2012/12/24,9.76,9.89,9.43,9.88,28540771,401760960.00
2012/12/25,9.79,10.41,9.73,10.41,31367793,466005568.00
2012/12/26,10.43,10.68,10.38,10.48,26494460,405422624.00
2012/12/27,10.59,10.61,10.22,10.27,22243310,335014304.00
2012/12/28,10.27,10.70,10.10,10.69,30827396,470156928.00
2012/12/31,10.79,11.09,10.60,11.04,25136453,396460000.00
2013/01/04,11.09,11.28,10.62,10.75,23479352,371566144.00
2013/01/07,10.75,10.75,10.48,10.59,17561460,269886048.00
2013/01/08,10.63,11.38,10.63,11.33,33043941,530147424.00
2013/01/09,11.34,11.93,11.12,11.66,34220199,575620288.00
2013/01/10,11.59,11.77,11.50,11.62,12884547,217537504.00
2013/01/11,11.70,11.77,11.36,11.46,15018927,250997136.00
2013/01/14,11.45,11.94,11.44,11.84,17584370,299432960.00
2013/01/15,11.90,12.55,11.85,12.09,23723394,420857344.00
2013/01/16,12.09,12.10,11.74,12.02,15477348,267209408.00
2013/01/17,12.01,12.09,11.58,11.68,12549412,213709184.00
2013/01/18,11.79,11.95,11.51,11.76,15359181,260830176.00
2013/01/21,11.82,11.85,11.55,11.80,14410215,244025104.00
2013/01/22,11.76,11.76,11.29,11.38,18356828,306415616.00
2013/01/23,11.33,11.60,11.28,11.40,10719003,177168896.00
2013/01/24,11.45,11.71,11.08,11.13,14950710,247276800.00
2013/01/25,11.27,11.28,11.02,11.16,12171728,197010288.00
2013/01/28,11.23,11.38,11.21,11.36,15740381,257892128.00
2013/01/29,11.38,11.48,11.18,11.29,16408127,269412384.00
2013/01/30,11.30,11.36,11.06,11.26,16172476,261871968.00
2013/01/31,11.29,11.38,10.98,11.02,16891133,271167616.00
2013/02/01,10.93,11.27,10.93,11.24,17114817,277086944.00
2013/02/04,11.28,11.33,10.98,11.22,15094875,243904448.00
2013/02/05,11.20,11.33,11.08,11.33,15260926,248199328.00
2013/02/06,11.38,11.96,11.38,11.93,35639348,607365504.00
2013/02/07,11.88,12.04,11.59,11.92,18456220,317188704.00
2013/02/08,11.91,12.21,11.82,12.08,14648846,255895360.00
2013/02/18,12.16,12.20,11.83,11.86,12625731,218733376.00
2013/02/19,11.86,12.08,11.41,11.50,15232695,257088912.00
2013/02/20,11.45,11.88,11.45,11.84,11240238,191041856.00
2013/02/21,11.75,11.75,11.20,11.48,13109937,218048704.00
2013/02/22,11.47,11.65,11.39,11.42,5452892,90898120.00
2013/02/25,11.41,11.51,11.30,11.45,6456826,106725360.00
2013/02/26,11.35,11.64,11.15,11.26,11645959,192299264.00
2013/02/27,11.28,11.49,11.24,11.38,6799725,112012152.00
2013/02/28,11.44,11.60,11.29,11.58,9670232,160819616.00
2013/03/01,11.60,11.63,11.17,11.31,16525002,272972256.00
2013/03/04,11.20,11.45,10.88,11.05,13836390,222021984.00
2013/03/05,11.00,11.31,11.00,11.27,9790030,158104592.00
2013/03/06,11.36,11.45,11.19,11.42,11681739,191405584.00
2013/03/07,11.43,11.81,11.30,11.43,14988229,251184352.00
2013/03/08,11.37,11.60,11.34,11.44,8261151,137653168.00
2013/03/11,11.48,11.70,11.30,11.69,9698780,162552464.00
2013/03/12,11.63,11.98,11.45,11.57,18995344,323443200.00
2013/03/13,11.57,11.90,11.45,11.66,13716771,232719232.00
2013/03/14,11.53,11.79,11.50,11.65,7600716,128136816.00
2013/03/15,11.65,11.72,11.38,11.45,9326726,155615920.00
2013/03/18,11.38,11.40,10.26,10.26,39490058,609196352.00
2013/03/19,9.95,10.16,9.30,9.95,37729076,537288000.00
2013/03/20,9.93,10.40,9.79,10.24,24863077,364265440.00
2013/03/21,10.38,10.63,10.38,10.50,20365218,311903744.00
2013/03/22,10.50,10.68,10.44,10.54,8394578,129000136.00
2013/03/25,10.54,10.60,10.27,10.32,11556112,174555488.00
2013/03/26,10.32,10.32,9.73,9.99,22878709,330519200.00
2013/03/27,9.93,10.20,9.87,10.00,17694706,258677056.00
2013/03/28,10.09,10.16,9.82,9.83,13314185,195209408.00
2013/03/29,9.95,10.13,9.81,10.02,10538018,153344096.00
2013/04/01,10.00,10.51,9.90,10.40,15378677,230728640.00
2013/04/02,10.45,10.53,10.23,10.24,8592580,129732912.00
2013/04/03,10.36,10.40,10.13,10.22,5230861,77866400.00
2013/04/08,10.15,10.23,9.95,10.11,8236495,120739664.00
2013/04/09,10.07,10.40,10.05,10.37,10142035,151615776.00
2013/04/10,10.45,11.15,10.45,10.88,40430141,634393216.00
2013/04/11,10.90,11.12,10.81,11.00,14378613,229254048.00
2013/04/12,11.02,11.09,10.80,10.82,8581559,136336976.00
2013/04/15,10.82,10.91,10.52,10.73,8632206,134570080.00
2013/04/16,10.72,10.82,10.45,10.75,8030357,124358240.00
2013/04/17,10.79,11.06,10.70,10.98,7554852,119877224.00
2013/04/18,10.87,11.11,10.74,10.90,8539766,135737680.00
2013/04/19,10.93,11.38,10.89,11.28,16475324,267455728.00
2013/04/22,11.23,11.81,11.19,11.73,24619682,413501024.00
2013/04/23,11.65,11.76,11.31,11.62,18261035,306112064.00
2013/04/24,11.58,12.52,11.58,12.38,55343435,978023360.00
2013/04/25,12.35,12.74,12.26,12.33,25287648,458454176.00
2013/04/26,12.38,12.90,12.38,12.60,26283442,482570432.00
2013/05/02,12.60,12.89,12.28,12.63,17277311,315424896.00
2013/05/03,12.55,12.88,12.55,12.65,15960744,294281760.00
2013/05/06,12.71,13.05,12.30,13.00,26280060,481122976.00
2013/05/07,12.97,12.98,12.65,12.82,14349176,265617264.00
2013/05/08,12.84,13.37,12.66,13.18,18251360,344394464.00
2013/05/09,13.16,14.05,13.08,13.82,25681511,509725696.00
2013/05/10,13.80,14.27,13.73,13.92,16007333,323916224.00
2013/05/13,13.95,14.22,13.56,13.78,18647130,371370368.00
2013/05/14,13.60,13.98,13.26,13.30,13511531,264064400.00
2013/05/15,13.30,13.97,13.30,13.91,16644257,329705504.00
2013/05/16,13.95,15.11,13.95,14.76,23226474,491890272.00
2013/05/17,14.88,15.46,14.83,15.42,23897399,525738496.00
2013/05/20,15.45,16.95,15.45,16.38,24706304,579211776.00
2013/05/21,16.41,17.05,16.37,16.51,23477406,563888576.00
2013/05/22,16.35,16.88,16.04,16.45,13972840,329592736.00
2013/05/23,16.17,16.95,16.04,16.70,17587140,420433152.00
2013/05/24,16.70,16.95,16.48,16.80,12328177,296027488.00
2013/05/27,16.75,17.00,16.56,16.80,10553770,253388944.00
2013/05/28,16.64,16.73,16.15,16.23,13296748,313162496.00
2013/05/29,16.20,16.20,15.73,16.06,13110072,300595808.00
2013/05/30,16.06,16.43,15.78,16.18,8369077,192844336.00
2013/05/31,16.24,16.79,16.23,16.40,16593910,395446976.00
2013/06/03,16.44,16.69,15.58,15.89,17001028,389663264.00
2013/06/04,15.73,15.87,15.13,15.40,13737055,304736384.00
2013/06/05,15.45,16.16,15.38,15.80,14243784,322840160.00
2013/06/06,15.80,16.63,15.74,16.13,16274785,268432816.00
2013/06/07,16.13,16.44,15.15,15.48,18764742,299399904.00
2013/06/13,15.05,15.05,14.25,14.56,21328473,316283424.00
2013/06/14,14.59,15.40,14.57,15.16,16907815,259821600.00
2013/06/17,15.16,15.86,14.95,15.62,16673059,262023440.00
2013/06/18,15.74,15.84,15.35,15.64,9125864,144464960.00
2013/06/19,15.55,15.89,15.35,15.51,10911303,173115376.00
2013/06/20,15.44,15.44,14.30,14.32,21584936,321629344.00
2013/06/21,14.15,14.36,13.54,14.28,14219636,203100176.00
2013/06/24,14.22,14.22,13.28,13.37,20122811,280805856.00
2013/06/25,13.44,14.16,12.51,13.86,30431850,421691680.00
2013/06/26,13.95,15.04,13.93,15.02,26395149,389024576.00
2013/06/27,15.04,15.30,14.24,14.34,24189878,364957728.00
2013/06/28,14.24,14.87,14.10,14.67,16898281,251034272.00
2013/07/01,14.62,15.34,14.53,15.15,16825582,257496160.00
2013/07/02,15.02,15.90,14.96,15.39,26508563,416754624.00
2013/07/03,15.24,15.39,14.74,15.20,15207887,232826928.00
2013/07/04,15.13,15.21,14.65,14.95,14923905,226681200.00
2013/07/05,15.07,15.28,14.39,14.55,12570518,190254464.00
2013/07/08,14.34,14.34,13.46,13.49,26366005,369019328.00
2013/07/09,13.39,13.89,13.30,13.58,16012042,220491584.00
2013/07/10,13.43,14.01,13.01,13.86,22922756,313356928.00
2013/07/11,13.86,14.84,13.64,14.52,21746886,317726624.00
2013/07/12,14.54,15.02,14.18,14.21,19992076,298131168.00
2013/07/15,14.25,14.94,14.25,14.67,23003419,341893440.00
2013/07/16,14.89,15.59,14.84,15.45,27778090,431595872.00
2013/07/17,15.29,15.58,14.90,14.96,14810716,228735488.00
2013/07/18,14.96,15.27,14.57,14.97,13312273,201157536.00
2013/07/19,15.06,15.61,15.01,15.02,24863552,387542464.00
2013/07/22,14.74,15.20,14.52,14.77,18382929,277033600.00
2013/07/23,14.89,15.19,14.43,15.03,28882601,434373056.00
2013/07/24,14.94,14.94,13.50,14.22,53663808,768009280.00
2013/07/25,13.96,14.50,13.77,14.05,27499377,395558528.00
2013/07/26,14.05,14.05,13.37,13.52,27259296,377872064.00
2013/07/29,13.59,13.59,12.96,13.00,18144379,245301248.00
2013/07/30,13.24,13.48,12.69,13.14,16899754,225583344.00
2013/07/31,13.19,13.41,13.04,13.10,8624709,115825632.00
2013/08/01,13.39,14.44,13.39,14.42,40016918,572678272.00
2013/08/02,14.68,14.89,14.27,14.29,26399548,391156960.00
2013/08/05,14.34,14.64,14.28,14.42,12322586,181010304.00
2013/08/06,14.47,14.72,14.33,14.55,19462487,287885824.00
2013/08/07,14.59,15.04,14.45,14.60,21193634,319115136.00
2013/08/08,14.49,14.69,14.14,14.19,17276913,251903504.00
2013/08/09,14.29,14.55,13.94,14.21,12469822,180756384.00
2013/08/12,14.43,15.47,14.39,15.28,37594975,577858368.00
2013/08/13,15.44,16.22,15.42,15.87,37923998,610608512.00
2013/08/14,15.92,16.04,15.59,15.79,20618837,329532000.00
2013/08/15,15.83,16.02,15.51,15.62,15746156,251468848.00
2013/08/16,15.52,16.63,15.23,15.26,22057662,349250048.00
2013/08/19,15.17,15.69,14.98,15.61,13864498,218606624.00
2013/08/20,15.59,15.86,15.23,15.40,13999136,221115408.00
2013/08/21,15.49,15.69,15.38,15.49,11337577,178826960.00
2013/08/22,15.67,16.09,15.66,15.86,29020453,468446336.00
2013/08/23,15.92,16.07,14.84,15.18,40999413,635115904.00
2013/08/26,14.96,15.42,14.96,15.24,21482977,332533952.00
2013/08/27,15.25,15.84,15.25,15.63,20453369,324588224.00
2013/08/28,15.59,15.59,15.24,15.31,15762467,246526160.00
2013/08/29,15.30,15.41,14.95,15.08,11010244,169997728.00
2013/08/30,15.08,15.26,14.84,14.89,12551858,191498592.00
2013/09/02,14.97,15.22,14.69,15.16,12573794,191177888.00
2013/09/03,15.17,15.73,14.95,15.62,25193887,394482432.00
2013/09/04,15.61,15.85,15.49,15.64,19397776,309376352.00
2013/09/05,15.64,15.90,15.14,15.19,19923517,315316352.00
2013/09/06,15.17,15.85,15.00,15.56,19523261,308694240.00
2013/09/09,15.58,15.84,15.42,15.84,18223097,290536320.00
2013/09/10,15.93,17.02,15.93,16.33,36107482,607188992.00
2013/09/11,16.44,16.64,16.02,16.54,19944992,332068032.00
2013/09/12,16.54,16.57,15.83,15.90,22201194,362863456.00
2013/09/13,16.00,16.10,15.76,15.86,10181045,164833280.00
2013/09/16,15.82,15.98,15.44,15.84,18680720,297459744.00
2013/09/17,15.84,16.19,15.75,15.85,13414409,217340336.00
2013/09/18,15.98,16.42,15.87,16.14,19401593,318126208.00
2013/09/23,16.15,16.34,15.93,16.27,15537897,254569248.00
2013/09/24,16.19,16.24,15.71,16.05,20614684,332478304.00
2013/09/25,15.85,16.00,15.63,15.83,12984145,207686560.00
2013/09/26,15.55,15.73,15.26,15.33,15535168,243768416.00
2013/09/27,15.32,15.45,14.97,15.17,13339222,205904896.00
2013/09/30,15.30,15.48,13.68,14.19,43193271,628908992.00
2013/10/08,14.08,14.74,13.24,14.60,43644696,617875008.00
2013/10/09,14.44,14.59,14.14,14.43,20929865,305905536.00
2013/10/10,14.48,15.07,14.26,14.69,24188450,362387552.00
2013/10/11,14.70,15.04,14.47,14.68,21283016,318260192.00
2013/10/14,14.67,14.75,14.03,14.19,33271387,484396864.00
2013/10/15,14.19,14.32,13.94,14.24,21701443,311700384.00
2013/10/16,14.26,14.32,13.74,13.93,15410004,218522608.00
2013/10/17,13.94,14.15,13.84,13.90,10583493,150361696.00
2013/10/18,13.95,14.37,13.89,14.22,16455962,238243744.00
2013/10/21,14.29,14.29,13.82,14.02,28793350,409213504.00
2013/10/22,14.00,14.00,13.12,13.35,49081901,674177344.00
2013/10/23,13.36,13.59,12.99,13.15,25884762,349667648.00
2013/10/24,13.19,13.53,13.15,13.33,20614504,281017120.00
2013/10/25,13.30,13.40,12.75,12.90,22364982,296633216.00
2013/10/28,12.92,13.00,11.66,12.45,59623845,741767808.00
2013/10/29,12.31,12.74,11.75,11.97,28317184,349566592.00
2013/10/30,12.05,12.62,11.92,12.57,26674769,338089216.00
2013/10/31,12.63,13.32,12.46,12.82,33737477,445016672.00
2013/11/01,12.98,13.23,12.72,13.07,17744755,236227232.00
2013/11/04,13.06,13.19,12.88,13.01,10237377,135920048.00
2013/11/05,12.89,12.98,12.53,12.64,17939765,231600160.00
2013/11/06,12.61,12.79,12.32,12.36,17460938,224024608.00
2013/11/07,12.36,12.62,12.20,12.44,10865591,137702416.00
2013/11/08,12.40,12.49,12.04,12.13,10853456,135348944.00
2013/11/11,12.54,12.88,12.39,12.79,19811699,256009024.00
2013/11/12,12.74,12.97,12.59,12.68,14944170,194395968.00
2013/11/13,12.58,12.87,12.50,12.69,12333832,160078640.00
2013/11/21,13.34,13.62,12.85,13.20,43796044,588515264.00
2013/11/22,13.04,13.29,12.94,12.95,20296971,270771264.00
2013/11/25,13.00,13.14,12.93,13.04,14830508,197418112.00
2013/11/26,13.01,13.11,12.78,12.82,14465733,190076000.00
2013/11/27,12.95,13.40,12.95,13.34,24127697,326202464.00
2013/11/28,13.46,14.24,13.34,13.98,38840176,550929472.00
2013/11/29,13.99,14.18,13.49,13.96,23522858,332915840.00
2013/12/02,13.64,14.14,13.45,13.89,25893420,364889824.00
2013/12/03,13.84,14.09,13.84,14.01,18338699,260700640.00
2013/12/04,14.05,14.59,14.05,14.42,35710491,524321952.00
2013/12/05,14.44,14.60,14.19,14.48,25885706,380096992.00
2013/12/06,14.40,14.57,14.32,14.34,20652069,303866560.00
2013/12/09,14.34,14.58,13.94,14.06,19383327,282355840.00
2013/12/10,14.03,14.21,13.90,14.01,13442481,192281744.00
2013/12/11,13.98,14.08,13.66,14.05,17202813,242948752.00
2013/12/12,13.87,14.60,13.87,14.56,24704133,361782816.00
2013/12/13,14.55,15.07,14.54,14.68,30639706,462298624.00
2013/12/16,14.68,14.81,14.30,14.32,16259177,239891520.00
2013/12/17,14.33,14.40,13.95,14.15,9790869,141012528.00
2013/12/18,14.27,14.37,13.94,14.11,7752892,111089968.00
2013/12/19,14.17,14.34,14.10,14.16,10196150,147598480.00
2013/12/20,14.33,14.42,13.99,14.02,14485659,209367712.00
2013/12/23,14.07,14.26,13.85,14.19,11228185,161538640.00
2013/12/24,14.18,14.57,14.14,14.41,13985584,204804064.00
2013/12/25,14.64,14.91,14.42,14.59,14639674,218081920.00
2013/12/26,14.44,14.54,13.98,14.05,17885363,258117200.00
2013/12/27,14.05,14.39,13.96,14.34,15359211,222722656.00
2013/12/30,14.54,14.65,14.35,14.50,16170946,238763216.00
2013/12/31,14.54,14.69,14.30,14.61,12101839,179771472.00
2014/01/02,14.61,14.64,14.21,14.42,15963167,233430384.00
2014/01/03,14.30,14.61,14.29,14.47,11261260,165934304.00
2014/01/06,14.49,14.56,14.02,14.55,19290611,280416896.00
2014/01/07,14.64,15.60,14.64,15.24,42608176,659549504.00
2014/01/08,15.19,15.54,14.99,15.36,22854928,356315168.00
2014/01/09,15.31,15.68,15.10,15.15,17024838,266211392.00
2014/01/10,15.14,15.24,14.61,14.63,15245016,229932944.00
2014/01/13,14.60,14.98,14.44,14.73,18422164,276021024.00
2014/01/14,14.73,14.89,14.54,14.75,13908544,208321440.00
2014/01/15,14.75,14.95,14.62,14.91,14233394,213528960.00
2014/01/16,14.87,15.01,14.58,14.60,11203551,169491824.00
2014/01/17,14.50,14.70,13.92,14.07,17758746,257553616.00
2014/01/20,14.06,14.24,13.70,13.84,11045990,157269888.00
2014/01/21,13.83,14.17,13.79,13.95,8492072,120716160.00
2014/01/22,14.06,14.37,13.75,14.36,17324977,248512432.00
2014/01/23,14.32,14.49,14.23,14.28,12608981,184110208.00
2014/01/24,14.22,14.51,14.11,14.33,16400236,238560672.00
2014/01/27,14.33,14.60,14.25,14.48,13298551,195401664.00
2014/01/28,14.57,14.67,14.25,14.34,11977087,175632128.00
2014/01/29,14.41,14.42,14.14,14.27,10334171,150346336.00
2014/01/30,14.34,14.38,13.72,13.84,21567317,306677792.00
2014/02/07,13.84,14.15,13.72,13.99,14525370,205941520.00
2014/02/10,14.14,15.31,14.14,15.22,51479355,776049472.00
2014/02/11,15.15,15.32,14.85,14.97,32730356,501157088.00
2014/02/12,14.97,15.08,14.62,14.88,25452199,382818912.00
2014/02/13,14.94,15.26,14.66,14.85,28556862,436104416.00
2014/02/14,14.86,15.01,14.55,14.81,30475929,457205248.00
2014/02/17,14.86,15.92,14.86,15.75,56220157,881000384.00
2014/02/18,15.84,16.31,15.56,15.86,39603280,643039488.00
2014/02/19,15.97,16.24,15.73,16.10,33680040,547828352.00
2014/02/20,16.14,16.72,15.86,16.01,41106736,681163840.00
2014/02/21,16.09,16.30,15.54,15.92,31134945,501423456.00
2014/02/24,15.63,16.68,15.24,16.51,38485667,623511616.00
2014/02/25,17.05,17.73,16.09,16.12,69246820,1194991872.00
2014/02/26,16.59,17.68,16.35,17.64,83609530,1450380160.00
2014/02/27,17.62,18.73,17.14,17.37,91158790,1676360064.00
2014/02/28,17.34,18.62,17.25,18.48,62993249,1159844224.00
2014/03/03,19.24,19.42,18.15,18.65,54447526,1021753920.00
2014/03/04,18.42,18.89,17.85,18.07,46116920,856801664.00
2014/03/05,18.24,18.25,17.39,17.56,44757233,807451456.00
2014/03/06,17.39,17.59,17.02,17.41,32063096,562646656.00
2014/03/07,17.44,17.90,17.10,17.88,41371675,735592768.00
2014/03/10,17.64,17.64,16.34,16.38,51271564,881520064.00
2014/03/11,16.27,16.42,15.84,15.97,30369125,496543680.00
2014/03/12,15.97,16.16,15.32,16.02,32172658,517669952.00
2014/03/13,16.01,16.09,15.60,15.92,25133392,404168256.00
2014/03/14,15.75,15.86,15.56,15.71,18314377,292405120.00
2014/03/17,15.70,16.21,15.70,16.13,24203702,393414272.00
2014/03/18,16.16,16.19,15.91,15.96,22636422,368757056.00
2014/03/19,15.99,16.04,14.73,14.85,60905397,942288320.00
2014/03/20,14.89,15.32,14.54,14.71,38150430,582321216.00
2014/03/21,14.67,15.33,14.24,15.13,35724918,535456672.00
2014/03/24,15.12,15.28,14.85,15.14,25930058,396647968.00
2014/03/25,15.10,15.32,14.98,15.21,21984238,338963776.00
2014/03/26,15.32,15.84,15.24,15.70,28565526,453121952.00
2014/03/27,15.70,15.70,15.25,15.27,22366715,351868128.00
2014/03/28,15.02,15.19,14.14,14.35,40889035,605556736.00
2014/03/31,14.44,14.48,13.84,13.86,33281285,474767072.00
2014/04/01,13.88,14.13,13.77,14.03,27582220,392429728.00
2014/04/02,14.11,14.17,13.60,13.87,24191766,342541440.00
2014/04/03,13.93,14.30,13.81,13.98,28757333,410781152.00
2014/04/04,13.94,14.19,13.80,14.10,19055322,272910336.00
2014/04/08,14.10,14.56,14.03,14.54,36378159,530651200.00
2014/04/09,14.62,14.80,14.40,14.54,28208581,417396096.00
2014/04/10,14.56,14.86,14.47,14.74,28559646,425637216.00
2014/04/11,14.69,14.69,14.44,14.52,24951464,370338976.00
2014/04/14,14.60,15.11,14.52,15.07,43799188,667022656.00
2014/04/15,15.08,15.10,14.57,14.65,28269413,424642688.00
2014/04/16,14.54,15.01,14.49,14.67,23670785,355489792.00
2014/04/17,14.70,14.82,14.54,14.59,18718059,279324672.00
2014/04/18,14.64,14.97,14.54,14.96,29918432,451314560.00
2014/04/21,14.96,15.21,14.48,14.50,38393186,580691840.00
2014/04/22,14.48,14.64,14.08,14.12,33458846,485222752.00
2014/04/23,14.14,14.24,13.67,13.74,37780255,533715424.00
2014/04/24,13.76,13.97,13.76,13.88,29530307,416903744.00
2014/04/25,13.88,13.99,13.64,13.70,19228839,269597792.00
2014/04/28,13.67,13.78,12.74,13.44,27750901,373388480.00
2014/04/29,13.44,13.98,13.31,13.92,26067576,366147936.00
2014/04/30,13.89,14.21,13.72,13.76,20016115,284690528.00
2014/05/05,13.76,13.77,13.08,13.42,29755835,403754912.00
2014/05/06,13.32,13.54,13.21,13.42,16537729,226176368.00
2014/05/07,13.27,13.40,12.80,12.81,27951946,371865440.00
2014/05/08,12.79,12.82,12.36,12.67,29658372,380920960.00
2014/05/09,12.64,12.80,12.44,12.70,19758433,255898224.00
2014/05/12,12.80,13.10,12.78,13.09,19633006,260393504.00
2014/05/13,13.15,13.31,12.92,13.01,16068501,214556752.00
2014/05/14,13.04,13.10,12.95,13.07,9391433,124818064.00
2014/05/15,13.08,13.39,12.91,13.01,17378352,233270848.00
2014/05/16,12.97,13.12,12.89,13.01,10964236,145493632.00
2014/05/19,13.00,13.01,12.54,12.64,12623790,163466160.00
2014/05/20,12.78,12.89,12.40,12.54,17616344,225788656.00
2014/05/21,12.44,12.69,12.36,12.64,10719608,137225184.00
2014/05/22,12.68,12.88,12.54,12.59,16662113,216263584.00
2014/05/23,12.61,12.77,12.56,12.74,15968053,205966528.00
2014/05/26,12.90,13.22,12.90,13.13,22677053,302403328.00
2014/05/27,13.13,13.27,12.93,13.10,22787101,304312544.00
2014/05/28,13.18,13.34,13.07,13.31,22468212,303473728.00
2014/05/29,13.34,13.36,13.02,13.03,15217396,204199728.00
2014/05/30,13.02,13.05,12.74,12.90,16851841,221572368.00
2014/06/03,12.96,12.98,12.66,12.72,17004999,222459328.00
2014/06/04,12.64,12.72,12.52,12.57,15239993,195859536.00
2014/06/05,12.64,12.89,12.63,12.83,14014794,183121184.00
2014/06/06,12.84,12.87,12.60,12.70,13180778,171215856.00
2014/06/09,12.69,12.95,12.64,12.78,13724018,179732464.00
2014/06/10,12.86,12.95,12.67,12.93,16888936,221218576.00
2014/06/11,12.97,13.19,12.88,13.14,24376584,325265376.00
2014/06/12,13.16,13.19,12.89,12.99,17105007,227095184.00
2014/06/13,12.97,13.36,12.95,13.16,25786243,346657728.00
2014/06/16,13.39,13.49,13.22,13.26,30502472,414572704.00
2014/06/17,13.26,13.26,12.92,13.06,24561575,327151136.00
2014/06/18,13.06,13.08,12.94,13.07,13095852,173807616.00
2014/06/19,13.09,13.11,12.48,12.55,25053136,324034880.00
2014/06/20,12.55,12.80,12.54,12.77,12605561,162264128.00
2014/06/23,12.75,13.01,12.70,12.84,11533908,150373920.00
2014/06/24,12.84,12.91,12.75,12.89,8566304,111467000.00
2014/06/25,12.89,12.91,12.78,12.85,7690363,100032864.00
2014/06/26,12.91,13.03,12.87,13.00,11279722,148118400.00
2014/06/27,13.09,13.19,13.01,13.08,15421459,204846384.00
2014/06/30,13.13,13.33,13.12,13.17,17961010,240466352.00
2014/07/01,13.30,13.33,13.10,13.17,14324621,191095888.00
2014/07/02,13.18,13.24,13.09,13.16,20356272,270879264.00
2014/07/03,13.22,13.95,13.11,13.91,47327230,647383616.00
2014/07/04,13.84,14.32,13.76,14.04,47789620,680423552.00
2014/07/07,14.07,14.30,13.85,14.20,26145041,373409760.00
2014/07/08,14.20,14.23,13.91,14.08,19307920,274039264.00
2014/07/09,14.10,14.56,13.66,13.68,39699339,568621440.00
2014/07/10,13.94,14.42,13.70,14.33,45575990,653861696.00
2014/07/11,14.34,14.61,14.19,14.46,30776208,449690816.00
2014/07/14,14.53,14.91,14.36,14.79,32767611,488658592.00
2014/07/15,14.73,14.73,14.48,14.55,27038291,398336480.00
2014/07/16,14.43,14.65,14.30,14.38,20436687,298363232.00
2014/07/17,14.38,14.60,14.11,14.24,17418983,252513360.00
2014/07/18,14.13,14.33,14.03,14.10,14946204,213724688.00
2014/07/21,14.04,14.60,14.04,14.33,22561407,328616768.00
2014/07/22,14.33,14.87,14.33,14.71,41800545,622648832.00
2014/07/23,14.72,14.83,14.45,14.50,20333053,300067936.00
2014/07/24,14.52,14.80,14.29,14.55,19917816,293021504.00
2014/07/25,14.58,14.58,14.24,14.45,17081600,248307008.00
2014/07/28,14.40,14.69,14.28,14.57,34639764,507100064.00
2014/07/29,14.59,15.34,14.42,15.14,56366042,852773120.00
2014/07/30,15.12,15.28,14.99,15.13,23878546,364865440.00
2014/07/31,15.22,15.39,15.09,15.24,28049471,431532160.00
2014/08/01,15.14,15.34,14.84,14.85,28614906,435981216.00
2014/08/04,14.90,15.05,14.75,14.94,29365296,441355680.00
2014/08/05,14.94,14.94,14.38,14.54,58654056,861469184.00
2014/08/06,14.42,14.53,14.15,14.49,33139259,479444064.00
2014/08/07,14.48,14.59,14.24,14.27,24259259,353719744.00
2014/08/08,14.25,14.39,14.21,14.31,20909443,301753248.00
2014/08/11,14.32,14.50,14.32,14.49,25620602,374181184.00
2014/08/12,14.48,14.53,14.29,14.45,24126654,350878848.00
2014/08/13,14.44,14.49,14.24,14.33,21512323,312130912.00
2014/08/14,14.33,14.37,14.14,14.15,30807561,443187264.00
2014/08/15,14.17,14.30,14.09,14.14,29368568,420261600.00
2014/08/18,14.22,14.46,14.19,14.45,32829723,475750816.00
2014/08/19,14.47,14.53,14.31,14.42,26519457,386973792.00
2014/08/20,14.43,14.53,14.37,14.46,21454654,313781120.00
2014/08/21,14.54,14.72,14.41,14.65,32908051,485278912.00
2014/08/22,14.68,14.92,14.67,14.84,43791971,656137408.00
2014/08/25,14.83,14.83,14.17,14.25,47474949,691880064.00
2014/08/26,14.24,14.24,13.84,13.87,40756028,576892736.00
2014/08/27,13.96,14.22,13.96,14.08,23479062,334667200.00
2014/08/28,14.20,14.30,14.05,14.13,21519560,307953312.00
2014/08/29,14.14,14.32,13.96,14.28,22459966,322070848.00
2014/09/01,14.33,14.71,14.25,14.63,33796495,496876736.00
2014/09/02,14.70,14.94,14.48,14.92,51080007,759927872.00
2014/09/03,14.90,15.18,14.81,14.96,61827275,939725568.00
2014/09/04,14.96,15.13,14.74,15.00,45254376,682553024.00
2014/09/05,15.00,16.52,14.99,16.52,145647293,2337781760.00
2014/09/09,16.84,16.84,16.23,16.57,77219549,1290114688.00
2014/09/10,16.43,16.44,16.10,16.30,47010814,771422336.00
2014/09/11,16.33,16.48,15.84,16.02,52703007,861019648.00
2014/09/12,16.33,16.78,16.25,16.46,89887439,1502482432.00
2014/09/15,16.27,16.41,16.14,16.24,45727412,749665088.00
2014/09/16,16.24,16.48,15.71,15.76,48939542,794797824.00
2014/09/17,15.76,16.08,15.64,15.90,34881198,558565312.00
2014/09/18,15.90,16.07,15.74,15.92,22183201,355981952.00
2014/09/19,15.92,16.00,15.66,15.93,31898301,510103552.00
2014/09/22,15.86,16.03,15.72,15.94,35367165,567860736.00
2014/09/23,15.94,16.32,15.84,16.23,31079841,505559456.00
2014/09/24,16.14,16.43,16.06,16.17,46115008,756330496.00
2014/09/25,16.21,16.38,16.00,16.19,33595357,550027200.00
2014/09/26,16.18,16.77,16.11,16.69,60285757,1004942464.00
2014/09/29,16.69,17.33,16.54,16.92,57190972,978953344.00
2014/09/30,16.92,17.39,16.79,16.97,49466902,857334336.00
2014/10/08,17.06,17.15,16.70,16.89,37266751,633715840.00
2014/10/09,16.75,16.75,16.28,16.52,69320828,1153577600.00
2014/10/10,16.51,17.04,16.33,17.00,48396220,814851584.00
2014/10/13,16.77,17.72,16.74,17.45,68809656,1201074688.00
2014/10/14,17.29,17.69,17.05,17.34,42752243,750641408.00
2014/10/15,17.29,17.69,17.15,17.51,37924623,670412288.00
2014/10/16,17.45,17.66,16.97,17.03,34091899,596287296.00
2014/10/17,17.06,17.20,16.51,16.85,29385661,497570304.00
2014/10/20,16.85,17.28,16.70,17.15,29608533,507291904.00
2014/10/21,17.12,17.26,16.63,16.67,25644463,436802080.00
2014/10/22,16.64,16.79,16.04,16.06,31264791,517391296.00
2014/10/23,16.04,16.22,15.69,15.83,28032578,451073376.00
2014/10/24,15.83,15.96,15.52,15.59,21975504,349193856.00
2014/10/27,15.66,15.92,15.59,15.75,20873137,332065504.00
2014/10/28,15.58,16.19,15.45,16.12,37588852,603647168.00
2014/10/29,16.17,16.84,15.99,16.67,59922980,996135488.00
2014/10/30,16.66,16.74,16.14,16.26,44634632,739957888.00
2014/10/31,16.29,16.54,16.22,16.34,35612777,588592576.00
2014/11/03,16.37,16.56,16.22,16.45,30309208,501075072.00
2014/11/04,16.48,16.48,16.14,16.19,23936938,392702336.00
2014/11/05,16.24,16.50,16.15,16.24,28320856,466606720.00
2014/11/06,16.29,16.29,15.84,16.03,29235771,472908864.00
2014/11/07,16.01,16.03,15.65,15.70,48838655,782176384.00
2014/11/10,15.74,15.99,15.49,15.83,31631898,501363680.00
2014/11/11,15.82,16.37,15.77,16.20,72193630,1175891968.00
2014/11/12,16.14,16.29,15.87,16.18,26890648,435860992.00
2014/11/13,16.19,16.24,15.52,15.69,28163930,450359584.00
2014/11/14,15.64,15.79,15.33,15.41,27614276,433235712.00
2014/11/17,15.42,15.83,15.42,15.53,21082542,333397632.00
2014/11/18,15.62,15.64,15.21,15.25,24655948,381980704.00
2014/11/19,15.29,15.29,15.02,15.18,22799509,348922176.00
2014/11/20,15.14,15.27,15.05,15.26,18806115,287477824.00
2014/11/21,15.24,15.56,15.14,15.47,27076898,422309056.00
2014/11/24,15.62,15.70,15.30,15.48,36239849,565940032.00
2014/11/25,15.48,15.73,15.41,15.65,33981563,535296064.00
2014/11/26,15.76,16.24,15.76,15.97,42513829,685472896.00
2014/11/27,16.14,16.18,15.72,15.87,35983206,576256128.00
2014/11/28,15.87,15.88,15.49,15.63,34713910,547091840.00
2014/12/01,15.62,15.64,15.28,15.51,35349781,551568000.00
2014/12/02,15.61,15.81,15.52,15.75,38252324,606359232.00
2014/12/03,15.77,16.18,15.55,16.05,58218204,937457152.00
2014/12/04,16.05,16.54,15.97,16.45,61416939,1016638720.00
2014/12/05,16.43,16.70,15.73,16.00,50486375,823853696.00
2014/12/08,15.54,16.66,15.49,16.21,69999075,1137081728.00
2014/12/09,16.21,16.72,15.64,15.75,88133854,1456132992.00
2014/12/10,15.77,16.72,15.77,16.69,73570240,1219988224.00
2014/12/11,16.73,17.37,16.67,16.77,67250424,1151498496.00
2014/12/12,16.72,17.06,16.32,16.88,52138926,879517248.00
2014/12/15,16.83,17.29,16.53,16.97,46570181,798432192.00
2014/12/16,16.96,17.14,16.52,16.64,46761819,789966464.00
2014/12/17,16.59,16.80,16.12,16.33,47193497,783207232.00
2014/12/18,16.42,16.61,16.29,16.36,31354495,520199904.00
2014/12/19,16.37,16.44,15.64,16.12,43221674,699225536.00
2014/12/22,16.12,16.65,15.85,16.34,51164875,840149376.00
2014/12/23,16.29,16.29,15.29,15.36,38082810,608274176.00
2014/12/24,15.44,15.52,15.02,15.19,34727840,532203968.00
2014/12/25,15.28,15.59,14.92,15.56,40290155,617224896.00
2014/12/26,15.56,15.72,15.22,15.53,29029564,453432320.00
2014/12/29,15.54,15.54,14.43,14.62,74293749,1117500928.00
2014/12/30,14.64,14.77,13.97,14.21,49513127,715410048.00
2014/12/31,14.21,14.50,14.08,14.39,35035527,505472992.00
2015/01/05,14.42,14.99,14.09,14.82,55928098,817200256.00
2015/01/06,14.74,16.19,14.53,15.34,102734567,1609984768.00
2015/01/07,15.16,15.34,14.92,15.18,40090077,611265984.00
2015/01/08,15.18,15.25,14.75,14.94,38850050,588924352.00
2015/01/09,14.96,15.44,14.94,15.03,42427617,651905216.00
2015/01/12,15.07,15.53,15.02,15.41,42448425,658287040.00
2015/01/13,15.40,15.72,15.30,15.68,44068499,693298304.00
2015/01/14,15.68,15.68,15.25,15.35,28608159,446000576.00
2015/01/15,15.35,15.46,15.18,15.30,21615757,333818624.00
2015/01/16,15.44,16.14,15.43,15.78,53179450,850904064.00
2015/01/19,15.43,16.28,15.12,15.22,55513762,881522304.00
2015/01/20,15.19,15.76,15.19,15.65,38406001,602539328.00
2015/01/21,15.81,16.23,15.60,16.10,61655079,992522880.00
2015/01/22,16.10,16.15,15.81,16.01,43438646,700155072.00
2015/01/23,16.00,16.33,15.83,16.26,66094781,1076461056.00
2015/01/26,16.27,16.34,16.02,16.25,58141860,951314048.00
2015/01/27,16.23,16.24,15.67,15.86,50400906,811027904.00
2015/01/28,15.84,16.03,15.69,15.80,33313839,533185056.00
2015/01/29,15.71,16.27,15.58,16.26,60327987,977862528.00
2015/01/30,16.32,16.32,15.84,15.87,37870322,614695104.00
2015/02/02,15.74,15.77,15.29,15.37,42625572,668687168.00
2015/02/03,15.53,15.67,15.34,15.61,23878387,374433408.00
2015/02/04,15.63,15.82,15.44,15.44,22537805,355417280.00
2015/02/05,15.69,15.69,14.97,14.99,44249429,682937344.00
2015/02/06,15.04,15.24,14.79,14.81,20653271,312940256.00
2015/02/09,14.86,15.08,14.84,14.89,15240497,230473136.00
2015/02/10,14.99,15.13,14.90,15.05,15694115,238341696.00
2015/02/11,15.06,15.16,14.99,15.05,18144834,276349312.00
2015/02/12,15.07,15.26,14.98,15.11,20213760,308556192.00
2015/02/13,15.13,15.56,15.13,15.30,34322809,533919296.00
2015/02/16,15.44,15.58,15.34,15.52,27597415,431404544.00
2015/02/17,15.67,15.81,15.44,15.55,36449659,574573248.00
2015/02/25,15.57,15.79,15.48,15.57,29393413,465360640.00
2015/02/26,15.57,16.28,15.53,16.17,67004816,1079478400.00
2015/02/27,16.12,16.49,16.08,16.15,52799933,867117696.00
2015/03/02,16.24,16.24,15.95,16.06,50923984,827283200.00
2015/03/03,16.10,16.33,15.84,15.85,52133023,846589632.00
2015/03/04,15.85,16.24,15.84,16.17,42373429,688404608.00
2015/03/05,16.17,16.18,15.82,15.94,36978732,595575040.00
2015/03/06,15.99,16.52,15.97,16.31,68604691,1126856448.00
2015/03/09,16.18,16.42,15.91,16.38,42607050,695962176.00
2015/03/10,16.32,16.92,16.26,16.58,65324827,1098330880.00
2015/03/11,16.50,16.60,16.19,16.30,44324728,733205312.00
2015/03/12,16.42,16.65,16.15,16.55,48942980,813555072.00
2015/03/13,16.54,16.56,16.30,16.34,34077120,564671040.00
2015/03/16,16.37,16.91,16.36,16.74,64756728,1088387712.00
2015/03/17,16.74,17.22,16.65,16.95,80146950,1370215168.00
2015/03/18,17.01,17.33,16.96,17.25,76056884,1314098432.00
2015/03/19,17.25,17.38,17.05,17.20,57719107,1000237184.00
2015/03/20,17.39,18.12,17.28,18.04,96639060,1729642880.00
2015/03/23,18.29,18.44,17.76,18.12,95029192,1732859776.00
2015/03/24,18.19,18.19,17.40,17.95,83703565,1502271104.00
2015/03/25,17.96,17.96,17.34,17.56,73912398,1314491904.00
2015/03/26,17.57,17.88,17.38,17.81,65184961,1162448128.00
2015/03/27,17.81,19.61,17.70,19.61,132176691,2516034560.00
2015/03/30,20.14,21.52,20.01,20.64,190299211,3974050816.00
2015/03/31,20.64,21.34,20.14,20.58,121756984,2538626560.00
2015/04/01,20.69,22.65,20.69,22.65,80517207,1784735488.00
2015/04/02,23.64,24.54,23.04,23.50,177035425,4218132480.00
2015/04/03,23.64,24.11,22.80,23.80,116583682,2740551424.00
2015/04/07,23.69,24.11,22.97,23.23,118646852,2773586176.00
2015/04/08,23.06,23.06,21.82,22.45,120522757,2723866624.00
2015/04/09,21.99,23.43,21.98,22.95,134443674,3074307584.00
2015/04/10,22.84,23.30,22.54,22.95,83314201,1921172992.00
2015/04/13,22.85,23.48,22.35,23.18,101423529,2336917248.00
2015/04/14,23.09,23.94,22.85,23.25,104507819,2461689344.00
2015/04/15,22.93,22.94,21.24,21.36,112234438,2478416384.00
2015/04/16,21.02,22.28,20.99,21.68,80136270,1750057344.00
2015/04/17,21.86,22.36,21.73,21.96,86583414,1923892864.00
2015/04/20,22.00,23.22,21.35,22.23,115731430,2612194048.00
2015/04/21,22.59,22.80,22.04,22.73,71817437,1627040512.00
2015/04/22,23.04,25.02,23.04,24.29,145863542,3553916928.00
2015/04/23,24.34,25.02,23.56,23.98,119108019,2898855424.00
2015/04/24,23.84,24.44,23.04,23.66,94383568,2252376320.00
2015/04/27,23.89,24.61,23.60,24.55,126103030,3064904960.00
2015/04/28,24.56,24.63,22.72,23.02,103556423,2453582336.00
2015/04/29,22.35,22.94,22.15,22.82,74335004,1688578944.00
2015/04/30,22.89,23.64,22.61,23.26,84926598,1970262528.00
2015/05/04,23.24,24.03,22.85,23.67,69373001,1652294144.00
2015/05/05,23.69,23.70,21.84,22.04,62527141,1432479872.00
2015/05/06,22.44,22.71,21.02,21.31,58043909,1282694784.00
2015/05/07,21.36,21.63,20.72,20.75,40282481,857061248.00
2015/05/08,20.99,21.40,20.64,21.32,52330874,1107069184.00
2015/05/11,21.34,23.03,21.17,22.39,84461248,1884207872.00
2015/05/12,22.44,22.83,21.90,22.21,60523063,1358131840.00
2015/05/13,22.19,22.62,21.69,21.99,69012868,1537943040.00
2015/05/14,21.96,22.54,21.82,22.41,62187497,1391451392.00
2015/05/15,22.27,22.29,21.50,21.52,56518515,1241045760.00
2015/05/18,21.94,22.12,21.22,21.36,55127494,1199520640.00
2015/05/19,21.31,22.59,21.19,22.47,78472419,1741969280.00
2015/05/20,22.69,23.29,22.34,22.38,81164108,1863406592.00
2015/05/21,22.73,23.22,22.22,23.11,71883266,1653854080.00
2015/05/22,23.47,24.29,23.18,24.14,105335239,2518754048.00
2015/05/25,24.11,26.11,23.95,25.59,103383125,2625286400.00
2015/05/26,25.74,27.39,25.74,26.20,109602391,2930155776.00
2015/05/27,26.46,26.48,25.05,25.57,90181979,2319942912.00
2015/05/28,25.32,26.84,23.84,24.39,100288872,2600328192.00
2015/05/29,24.74,26.85,23.97,26.85,122157885,3198030080.00
2015/06/01,27.72,29.15,27.19,28.88,185512686,5211062784.00
2015/06/02,28.30,29.94,28.10,29.20,124115184,3598683648.00
2015/06/03,29.40,29.99,27.60,29.29,102581245,2941483776.00
2015/06/04,29.29,29.80,26.80,28.97,86514445,2471613440.00
2015/06/05,29.28,29.50,28.25,28.95,104174378,3012788992.00
2015/06/08,29.40,29.45,27.70,28.13,78938311,2240038144.00
2015/06/09,28.18,29.30,28.00,28.59,69281678,1983471616.00
2015/06/10,28.99,30.30,28.57,29.12,99792609,2946859776.00
2015/06/11,28.89,28.89,27.98,28.33,66120341,1872595328.00
2015/06/12,28.31,29.17,28.23,28.72,72579911,2077599616.00
2015/06/15,28.73,29.49,28.44,28.67,75994748,2204874240.00
2015/06/16,28.10,28.10,25.80,25.95,81579266,2189050112.00
2015/06/17,25.95,26.49,24.60,26.20,72515604,1843026176.00
2015/06/18,25.97,26.70,24.50,24.85,79369876,2031459584.00
2015/06/19,24.60,25.19,23.10,23.40,63648943,1555253504.00
2015/06/23,23.45,23.88,21.66,23.83,57162677,1318216192.00
2015/06/24,24.00,25.65,23.98,24.96,78773123,1950684032.00
2015/06/25,25.10,25.45,23.28,23.74,55214612,1357577344.00
2015/06/26,23.00,23.39,21.37,21.37,75975982,1683075200.00
2015/06/29,22.12,22.34,19.23,19.24,91833039,1865358848.00
2015/06/30,19.26,21.00,17.32,20.69,98804810,1881613184.00
2015/07/01,20.28,21.38,18.65,18.83,69348642,1417533568.00
2015/07/02,19.00,19.58,16.95,16.95,87444786,1573123328.00
2015/07/03,16.60,17.44,15.26,15.26,106729934,1691987840.00
2015/07/06,16.79,16.79,14.40,15.72,139874794,2214812672.00
2015/07/07,15.08,15.80,14.15,14.15,133205484,1913216896.00
2015/07/08,12.74,13.85,12.74,12.89,198143128,2566795008.00
2015/07/09,13.18,14.18,13.03,14.18,92897614,1292466944.00
2015/07/10,14.95,15.60,14.28,15.60,88234681,1351863680.00
2015/07/13,16.50,17.16,16.30,17.16,120511758,2025922048.00
2015/07/14,17.13,18.39,16.00,17.21,119797443,2081369728.00
2015/07/15,16.70,16.89,15.49,16.08,81944761,1310940800.00
2015/07/16,16.08,16.80,15.01,16.45,62797409,1017504768.00
2015/07/17,16.74,17.65,16.45,17.39,67741926,1158159616.00
2015/07/20,17.40,17.88,16.75,17.24,72932346,1265474432.00
2015/07/21,16.94,18.96,16.53,18.69,111125533,2021211520.00
2015/07/22,18.50,18.89,17.58,18.43,91954413,1677475840.00
2015/07/23,18.40,19.13,18.35,18.85,80162545,1507537920.00
2015/07/24,18.95,19.45,18.01,18.41,88312286,1677455744.00
2015/07/27,18.16,19.22,16.57,16.57,93296314,1697187968.00
2015/07/28,15.50,16.98,15.02,15.92,81347464,1292918400.00
2015/07/29,16.29,17.38,15.85,17.09,66403534,1084030464.00
2015/07/30,16.95,17.45,16.15,16.42,56051050,955785280.00
2015/07/31,16.10,16.84,16.09,16.74,44880210,740494848.00
2015/08/03,16.40,17.30,16.31,16.90,49658772,832240832.00
2015/08/04,16.95,18.30,16.87,18.24,59182437,1040228800.00
2015/08/05,18.02,19.05,18.02,18.12,59159880,1095506944.00
2015/08/06,17.86,18.92,17.77,18.32,50398695,926803904.00
2015/08/07,19.19,20.15,18.90,20.15,138592420,2741329920.00
2015/08/10,20.57,21.28,19.96,20.96,106964563,2205247744.00
2015/08/11,20.60,21.10,20.25,20.56,67127055,1386307840.00
2015/08/12,20.30,20.75,19.75,19.80,50379041,1017908992.00
2015/08/13,20.18,20.49,19.38,20.42,46298667,923856576.00
2015/08/14,20.64,21.15,20.36,20.57,46873803,972594432.00
2015/08/17,20.40,20.78,19.75,20.31,45648322,919755328.00
2015/08/18,20.15,20.56,18.28,18.28,52484255,1015073984.00
2015/08/19,17.32,18.88,16.45,18.40,58993027,1035026624.00
2015/08/20,18.06,18.16,17.09,17.16,35171973,623750080.00
2015/08/21,16.78,17.19,15.47,16.01,46216600,753463552.00
2015/08/24,15.10,15.50,14.41,14.41,49713347,720131968.00
2015/08/25,13.00,13.60,12.97,12.97,63813610,833348416.00
2015/08/26,13.00,13.50,11.89,12.45,56859558,729702336.00
2015/08/27,12.90,13.49,12.48,13.48,70938056,919929536.00
2015/08/28,13.70,14.49,13.60,14.47,63100660,886443328.00
2015/08/31,14.49,15.92,14.30,15.92,75451014,1139975936.00
2015/09/01,15.92,15.92,14.33,14.94,91423655,1346705280.00
2015/09/02,13.80,15.38,13.58,14.70,65588166,947086336.00
2015/09/07,15.00,15.49,14.00,14.10,62608700,919431232.00
2015/09/08,13.85,14.60,13.01,14.48,41562133,574190464.00
2015/09/09,14.69,15.41,14.50,15.06,51795058,775751040.00
2015/09/10,14.75,15.45,14.60,15.15,37589014,569761600.00
2015/09/11,14.99,15.37,14.60,14.99,26662044,401017920.00
2015/09/14,15.35,15.43,13.69,15.13,64334215,943097344.00
2015/09/15,14.76,14.76,13.62,14.21,38452424,540866944.00
2015/09/16,13.91,15.55,13.85,15.23,36176558,531078240.00
2015/09/17,15.15,15.80,14.57,14.66,42225451,650123264.00
2015/09/18,14.70,15.00,14.27,14.48,23291428,339413696.00
2015/09/21,14.10,15.28,14.10,15.24,29771244,444052416.00
2015/09/22,15.30,15.74,14.92,15.39,40139963,613120000.00
2015/09/23,15.00,15.38,14.65,15.03,38351161,575272640.00
2015/09/24,15.41,15.59,14.78,14.92,45478434,688650624.00
2015/09/25,14.83,14.92,14.05,14.29,33762422,486327200.00
2015/09/28,14.36,14.53,13.88,14.50,17054896,242592768.00
2015/09/29,14.21,14.34,13.93,14.20,16645428,235210912.00
2015/09/30,14.29,14.42,14.11,14.19,14967301,213153200.00
2015/10/08,14.75,15.61,14.61,14.88,60704573,924126976.00
2015/10/09,14.99,16.08,14.81,15.97,80457423,1256434304.00
2015/10/12,16.10,16.84,15.75,15.96,107785955,1749554432.00
2015/10/13,15.80,16.79,15.65,16.74,72636462,1187244928.00
2015/10/14,16.50,16.96,16.10,16.35,60719220,1002707584.00
2015/10/15,16.11,16.68,16.01,16.62,54839655,898514432.00
2015/10/16,16.79,17.58,16.66,16.90,59427934,1010258816.00
2015/10/19,16.98,17.11,16.21,16.50,54189490,898773952.00
2015/10/20,16.60,16.98,16.25,16.78,46110510,768211392.00
2015/10/21,16.68,16.98,15.11,16.09,67207524,1082753024.00
2015/10/22,15.80,16.35,15.55,16.26,43979860,701648448.00
2015/10/23,16.50,16.99,16.40,16.87,59927570,1002196480.00
2015/10/26,17.30,17.41,16.61,17.25,77733138,1320526592.00
2015/10/27,16.95,16.99,16.24,16.84,46579855,777601216.00
2015/10/28,16.80,17.35,16.52,16.64,48179883,816818624.00
2015/10/29,16.85,17.07,16.61,16.74,33701559,567951040.00
2015/10/30,16.70,17.37,16.41,16.99,56649405,964647936.00
2015/11/02,16.80,16.98,16.30,16.33,34937743,582946880.00
2015/11/03,16.40,16.53,15.74,15.87,34556493,555277440.00
2015/11/04,15.94,16.72,15.83,16.69,41824642,681822272.00
2015/11/05,16.70,17.40,16.55,16.77,85252408,1445664128.00
2015/11/06,16.90,17.89,16.88,17.69,84164384,1456851968.00
2015/11/09,17.52,17.84,17.12,17.53,82705646,1449037056.00
2015/11/10,17.48,17.99,17.32,17.57,59583221,1053693568.00
2015/11/11,17.70,17.77,17.24,17.54,47638109,831772928.00
2015/11/12,17.54,17.71,16.84,17.46,93914910,1623025024.00
2015/11/13,17.20,18.17,17.11,17.54,90356787,1593417600.00
2015/11/16,17.21,17.42,16.90,17.39,48282993,828918144.00
2015/11/17,17.80,17.93,17.03,17.09,78684757,1380550272.00
2015/11/18,17.29,18.12,17.13,17.21,77772616,1368144128.00
2015/11/19,17.34,17.58,17.01,17.54,41620721,718940928.00
2015/11/20,17.50,17.62,17.12,17.26,59793846,1034444928.00
2015/11/23,17.19,17.30,16.61,16.75,54303572,920598656.00
2015/11/24,16.80,16.80,16.22,16.57,37203518,612493568.00
2015/11/25,16.52,17.02,16.45,16.74,36681562,616078912.00
2015/11/26,16.71,17.19,16.71,16.85,42323665,718012224.00
2015/11/27,16.89,16.89,15.30,15.43,46164983,745747072.00
2015/11/30,15.51,15.73,14.60,15.41,37946157,580337728.00
2015/12/01,15.44,15.64,15.29,15.46,20426377,315904480.00
2015/12/02,15.50,15.74,15.15,15.72,27816818,431036480.00
2015/12/03,15.70,15.89,15.55,15.82,26038759,409252992.00
2015/12/04,15.76,15.76,15.28,15.39,26625442,412305184.00
2015/12/07,15.38,15.56,15.28,15.47,20809629,320518368.00
2015/12/08,15.38,15.39,14.88,15.00,23214909,349696544.00
2015/12/09,14.95,15.38,14.76,14.81,30777814,461582720.00
2015/12/10,14.94,15.12,14.73,14.84,20719077,309920640.00
2015/12/11,14.85,14.98,14.36,14.48,33109789,483060480.00
2015/12/14,14.40,14.85,14.29,14.78,29450809,428923744.00
2015/12/15,14.85,14.86,14.61,14.84,26236400,386902336.00
2015/12/16,14.89,15.36,14.86,15.04,39821676,603366848.00
2015/12/17,15.22,15.58,15.12,15.43,39009015,600684544.00
2015/12/18,15.43,15.45,15.10,15.15,28222140,430442016.00
2015/12/21,15.00,15.45,14.99,15.34,29577665,452696000.00
2015/12/22,15.33,15.55,15.27,15.48,24725225,380673600.00
2015/12/23,15.48,15.56,15.31,15.36,25927316,400408736.00
2015/12/24,15.37,15.66,15.12,15.63,24842686,382176512.00
2015/12/25,15.62,15.70,15.51,15.60,16195796,252500128.00
2015/12/28,15.60,15.80,14.91,14.96,30625984,472877088.00
2015/12/29,15.00,15.25,14.95,15.24,17240044,260568528.00
2015/12/30,15.40,16.28,15.38,16.15,58745727,931890496.00
2015/12/31,16.27,17.44,16.16,16.68,104954615,1778122880.00
2016/01/04,16.88,17.26,15.61,15.73,50983159,853864960.00
2016/01/05,15.75,17.30,15.44,17.30,131968994,2236040192.00
2016/01/06,17.26,17.87,17.08,17.64,134243111,2348163072.00
2016/01/07,17.21,17.33,15.88,15.90,29212118,486151200.00
2016/01/08,16.73,17.49,16.23,17.41,127057308,2177708032.00
2016/01/11,16.70,17.14,15.67,15.69,98431790,1617364352.00
2016/01/12,16.00,16.15,14.85,15.08,60673610,929791552.00
2016/01/13,15.17,15.37,13.71,13.77,54459679,802170752.00
2016/01/14,13.27,14.74,13.08,14.41,50497258,705847936.00
2016/01/15,14.42,14.79,13.54,13.88,41437354,588241472.00
2016/01/18,13.35,14.50,13.35,14.07,31596136,448886304.00
2016/01/19,14.11,15.12,14.03,14.99,43642349,636576576.00
2016/01/20,14.81,15.10,14.45,14.62,37284309,549820288.00
2016/01/21,14.32,14.70,13.71,13.79,28684098,408065024.00
2016/01/22,13.98,14.15,13.65,13.93,22600799,314821184.00
2016/01/25,14.18,14.66,14.00,14.53,31610639,455349792.00
2016/01/26,14.30,14.53,13.16,13.44,36110341,501036256.00
2016/01/27,13.50,13.70,12.61,13.40,35650093,469632064.00
2016/01/28,13.07,13.39,12.40,12.42,30758611,396811616.00
2016/01/29,12.43,13.20,12.43,12.98,26445107,339437824.00
2016/02/01,12.90,13.10,12.50,12.72,19047795,243033872.00
2016/02/02,12.79,13.34,12.72,13.27,25298750,332692512.00
2016/02/03,13.10,13.42,12.97,13.31,17643023,232796832.00
2016/02/04,13.40,13.75,13.30,13.50,23342989,315553888.00
2016/02/05,13.56,13.75,13.08,13.14,20375103,271890400.00
2016/02/15,12.64,13.08,12.56,12.96,14530219,187344480.00
2016/02/16,13.12,13.63,13.05,13.50,24713839,331735456.00
2016/02/17,13.50,13.73,13.36,13.61,27816081,377706784.00
2016/02/18,13.70,13.81,13.44,13.51,22665246,308296704.00
2016/02/19,13.40,13.71,13.39,13.55,19211902,260687472.00
2016/02/22,13.80,14.35,13.63,14.09,31540010,440949792.00
2016/02/23,14.15,14.17,13.78,13.99,17467417,243664400.00
2016/02/24,13.99,14.35,13.87,14.29,24145442,341380160.00
2016/02/25,14.43,14.43,12.87,13.13,37789842,518799392.00
2016/02/26,13.28,13.40,12.88,13.24,18673778,246267392.00
2016/02/29,13.24,13.28,12.18,12.58,25005120,313416320.00
2016/03/01,12.60,12.88,12.24,12.72,20621911,259816784.00
2016/03/02,12.73,13.40,12.64,13.27,24296624,316398976.00
2016/03/03,13.31,13.56,13.21,13.35,20635433,275441120.00
2016/03/04,13.20,13.54,12.90,13.42,29803277,394965888.00
2016/03/07,13.53,13.74,13.17,13.41,21395999,288144704.00
2016/03/08,13.30,13.39,12.65,13.37,22045683,286700224.00
2016/03/09,13.18,13.22,12.85,13.18,11629100,151665056.00
数据来源:通达信
