603718 海利生物 日线 前复权
      日期	    开盘	    最高	    最低	    收盘	    成交量	    成交额
2015/05/15,9.81,9.81,9.81,9.81,32001,313930.00
2015/05/18,10.79,10.79,10.79,10.79,9600,103584.00
2015/05/19,11.87,11.87,11.87,11.87,8500,100895.00
2015/05/20,13.06,13.06,13.06,13.06,6900,90114.00
2015/05/21,14.37,14.37,14.37,14.37,10000,143700.00
2015/05/22,15.81,15.81,15.81,15.81,7700,121737.00
2015/05/25,17.39,17.39,17.39,17.39,7500,130425.00
2015/05/26,19.13,19.13,19.13,19.13,8300,158779.00
2015/05/27,21.04,21.04,21.04,21.04,19100,401864.00
2015/05/28,23.14,23.14,23.14,23.14,45500,1052870.00
2015/05/29,25.45,25.45,25.45,25.45,120900,3076905.00
2015/06/01,28.00,28.00,28.00,28.00,25400,711200.00
2015/06/02,30.80,30.80,30.80,30.80,42200,1299760.00
2015/06/03,33.88,33.88,33.88,33.88,110700,3750516.00
2015/06/04,37.27,37.27,37.27,37.27,242500,9037975.00
2015/06/05,41.00,41.00,41.00,41.00,126700,5194700.00
2015/06/08,45.10,45.10,45.10,45.10,237300,10702230.00
2015/06/09,49.61,49.61,41.51,49.61,42348532,1978529408.00
2015/06/10,46.85,54.57,46.00,54.57,15147922,778390592.00
2015/06/11,59.58,60.03,57.56,60.03,7159103,425394816.00
2015/06/12,66.03,66.03,59.20,61.15,36780571,2365137664.00
2015/06/15,55.04,55.04,55.04,55.04,3882700,213703808.00
2015/06/16,49.54,54.98,49.54,50.77,27309439,1388746880.00
2015/06/17,51.78,51.78,45.99,48.10,14448407,695016640.00
2015/06/18,50.45,52.90,49.55,50.72,17738633,914950976.00
2015/06/19,46.00,50.80,45.65,45.65,9724470,461223488.00
2015/06/23,44.65,50.22,43.00,50.22,14353228,686633024.00
2015/06/24,50.00,53.00,48.00,49.71,10063251,509171456.00
2015/06/25,50.00,52.00,45.20,47.04,8403181,414571456.00
2015/06/26,44.02,45.08,42.34,42.34,4944309,213477760.00
2015/06/29,43.00,43.10,38.11,38.11,6210392,240952576.00
2015/06/30,35.00,40.60,34.30,38.64,8125132,301833312.00
2015/07/01,37.50,41.00,34.80,34.89,7181903,278029216.00
2015/07/02,33.80,35.87,31.40,31.40,6853328,223088544.00
2015/07/03,29.20,32.24,28.26,28.33,8133772,239970624.00
2015/07/06,31.15,31.16,25.82,28.02,7717147,224522384.00
2015/07/07,26.80,27.80,25.22,25.22,2736400,70760544.00
2015/07/13,27.74,27.74,27.74,27.74,242470,6726118.00
2015/07/14,30.51,30.51,30.51,30.51,129500,3951045.00
2015/07/15,33.56,33.56,30.01,30.87,14978550,477352800.00
2015/07/16,28.20,32.52,28.20,30.91,6411478,197351712.00
2015/07/17,31.30,33.60,30.50,33.02,6666634,214568848.00
2015/07/20,33.00,34.75,32.05,33.76,7979676,269127360.00
2015/07/21,34.07,37.14,32.50,37.14,12220290,440397248.00
2015/07/22,38.15,39.52,35.30,37.15,10193095,382305312.00
2015/07/23,36.96,40.57,35.68,39.99,10155320,386985792.00
2015/07/24,39.90,40.88,38.20,38.66,8203243,326525856.00
2015/07/27,38.39,42.53,37.00,37.05,13088373,527055008.00
2015/07/28,34.55,38.98,33.35,36.29,8943652,318531072.00
2015/07/29,37.00,39.92,35.70,39.78,7995754,304040384.00
2015/07/30,39.89,41.19,38.08,38.75,9528735,381593760.00
2015/07/31,37.30,40.60,36.62,39.01,8973722,347162144.00
2015/08/03,38.00,39.67,35.21,35.86,6181914,229871328.00
2015/08/04,35.75,38.00,35.69,37.93,5074376,187953136.00
2015/08/05,37.70,41.18,37.30,39.94,8482109,335047232.00
2015/08/06,38.39,39.44,37.60,38.41,5430122,209192128.00
2015/08/07,38.81,39.92,38.28,39.00,5166080,202396160.00
2015/08/10,39.51,42.90,39.17,42.13,12496574,523145184.00
2015/08/11,41.00,42.98,40.51,41.87,12380435,514783552.00
2015/08/12,41.33,43.90,41.00,42.04,12092423,511506048.00
2015/08/13,41.58,42.34,39.80,41.39,7181947,294567008.00
2015/08/14,41.52,41.99,40.00,40.61,6475327,263396048.00
2015/08/17,40.12,40.45,38.08,38.86,5907123,230588272.00
2015/08/18,38.91,39.17,35.00,35.12,5689504,213540160.00
2015/08/19,34.45,37.48,33.12,36.99,5742563,204222304.00
2015/08/20,36.50,36.90,35.40,36.01,4187699,151123712.00
2015/08/21,35.40,36.17,34.40,35.26,3316175,117184608.00
2015/08/24,34.03,34.03,31.73,31.73,6070313,193731632.00
2015/08/25,28.70,30.10,28.56,28.56,3859365,111244784.00
2015/08/26,28.80,30.36,26.05,26.96,4157639,118699984.00
2015/08/27,27.60,29.00,26.22,28.00,3340286,92053232.00
2015/08/28,28.38,30.30,28.02,30.25,3576027,103928224.00
2015/08/31,29.78,30.00,28.51,28.93,3720523,108801608.00
2015/09/01,28.48,28.48,26.04,26.04,2919878,77616960.00
2015/09/02,24.00,26.78,23.44,23.44,3302165,80729728.00
2015/09/07,24.20,25.20,23.62,24.10,2507322,61545544.00
2015/09/08,24.00,26.51,23.70,26.04,2802756,70280288.00
2015/09/09,26.30,27.57,26.08,27.28,3890986,104905088.00
2015/09/10,26.95,30.01,26.65,30.01,8811669,258229104.00
2015/09/11,29.33,33.01,29.33,33.01,10177922,327395616.00
2015/09/14,33.90,34.33,30.35,32.84,6974147,224611376.00
2015/09/15,31.40,35.35,30.87,35.29,10094044,339509024.00
2015/09/16,34.44,38.70,33.67,36.78,8644754,308600320.00
2015/09/17,35.60,39.00,34.90,38.65,10007545,375866400.00
2015/09/18,38.00,39.10,36.48,38.58,4792221,181643424.00
2015/09/21,37.58,39.25,37.19,38.24,3659693,140540336.00
2015/09/22,37.82,38.50,36.00,36.30,4531880,167142640.00
2015/09/23,35.25,37.58,35.15,36.27,3574989,130875656.00
2015/09/24,36.40,37.88,35.60,37.86,4105164,150679440.00
2015/09/25,37.85,38.05,35.30,37.24,3697988,136122144.00
2015/09/28,37.01,37.95,36.50,37.42,1744988,65276744.00
2015/09/29,37.75,38.57,37.10,37.58,2611937,98988496.00
2015/09/30,36.55,37.45,35.90,36.03,1745866,63471544.00
2015/10/08,37.00,38.25,36.50,38.02,2407639,90115640.00
2015/10/09,38.02,40.48,37.61,39.55,4060852,159366784.00
2015/10/12,39.90,41.59,39.15,40.49,6345885,257399792.00
2015/10/13,40.39,40.62,39.32,39.91,2687677,107100248.00
2015/10/14,39.96,41.50,39.70,39.99,3969380,161663840.00
2015/10/15,39.41,40.80,38.11,40.49,3409289,135314128.00
2015/10/16,40.59,41.97,40.08,40.68,3781285,155145456.00
2015/10/19,40.53,41.60,39.21,39.42,3324760,133975016.00
2015/10/20,39.01,40.19,38.62,39.79,3203869,125433464.00
2015/10/21,39.50,40.80,35.91,36.95,4651760,182730992.00
2015/10/22,35.80,38.50,35.17,38.20,2538397,95158728.00
2015/10/23,38.54,41.98,37.89,40.09,4793418,193013488.00
2015/10/26,40.18,40.88,39.50,40.12,2439546,97724112.00
2015/10/27,39.99,43.30,39.11,43.18,9390819,393073856.00
2015/10/28,43.40,44.44,41.85,43.19,6749412,290229216.00
2015/10/29,44.40,44.40,42.79,43.37,4531560,196465936.00
2015/10/30,43.30,44.85,41.90,43.66,8428599,369393376.00
2015/11/02,42.18,44.38,41.96,42.99,3791690,163520960.00
2015/11/03,42.00,45.15,41.92,45.06,7743763,336458752.00
2015/11/04,45.80,47.23,44.66,46.75,6780350,309751904.00
2015/11/05,46.70,47.50,45.41,46.78,3466026,160123472.00
2015/11/06,46.14,49.55,46.14,47.36,3879528,185639584.00
2015/11/09,46.75,51.20,45.40,51.18,4276953,208122144.00
2015/11/10,51.78,51.98,49.81,50.15,3322888,168976320.00
2015/11/11,50.10,52.65,49.58,52.16,3001453,153569600.00
2015/11/12,51.81,53.93,50.50,52.39,3883784,201333408.00
2015/11/13,51.27,51.78,47.70,48.60,4187672,207948608.00
2015/11/16,46.60,49.20,46.16,48.61,1853191,89030592.00
2015/11/17,49.30,50.07,47.30,47.51,1997061,97697088.00
2015/11/18,46.90,48.77,45.93,47.25,1533241,72708064.00
2015/11/19,47.38,50.88,47.25,50.76,3118026,153649312.00
2015/11/20,51.89,51.89,49.00,50.09,2387300,119327152.00
2015/11/23,49.07,51.18,48.75,49.67,1428180,70979168.00
2015/11/24,49.66,51.50,48.83,51.30,2706689,136132352.00
2015/11/25,52.00,52.00,50.61,50.89,2013349,102953176.00
2015/11/26,50.86,50.87,49.00,49.14,1896069,94578640.00
2015/11/27,49.15,49.15,44.56,45.15,1931058,91003872.00
2015/11/30,45.15,47.40,44.00,46.43,2325281,106890848.00
2015/12/01,46.40,46.98,45.03,46.38,2200589,101125840.00
2015/12/02,46.97,47.60,43.55,44.93,1615560,72707384.00
2015/12/03,45.00,47.05,44.61,46.56,1430049,66359684.00
2015/12/04,46.20,46.78,44.89,45.47,1456916,66645448.00
2015/12/07,45.81,46.60,45.53,46.28,1314762,60716452.00
2015/12/08,46.36,47.50,45.85,46.28,1632049,75888416.00
2015/12/09,46.27,46.90,45.00,46.57,1191344,55053436.00
2015/12/10,46.57,47.48,45.90,46.95,1364799,63678104.00
2015/12/11,47.30,47.30,46.66,46.96,1418615,66721744.00
2015/12/14,46.30,47.70,46.21,47.69,1087397,50984280.00
2015/12/15,47.91,49.15,47.60,48.78,1408386,68647000.00
2015/12/16,48.99,50.50,48.65,49.99,2214044,109848240.00
2015/12/17,50.50,54.99,50.50,54.99,5390027,292325888.00
2015/12/18,55.15,56.59,54.01,55.90,4864548,270079072.00
2015/12/21,56.10,56.16,53.55,53.88,2645678,143868080.00
2015/12/22,53.88,54.98,53.10,53.90,2643351,143004768.00
2015/12/23,54.50,55.87,53.11,54.52,2856501,156077712.00
2015/12/24,54.80,54.80,53.20,53.68,1658350,89316192.00
2015/12/25,53.70,54.49,53.25,53.70,1303110,70051080.00
2015/12/28,53.70,53.70,50.01,50.06,2227202,115061192.00
2015/12/29,50.00,51.00,48.20,50.95,2424150,120828648.00
2015/12/30,50.60,52.79,50.13,51.39,1962798,101484024.00
2015/12/31,50.81,51.90,50.01,51.46,800118,40793664.00
2016/01/04,51.86,51.86,46.50,46.56,604850,29895580.00
2016/01/05,47.00,48.50,43.10,48.14,2062053,96315152.00
2016/01/06,48.70,49.97,47.40,49.93,1994734,96712112.00
2016/01/07,49.00,49.00,45.11,45.82,292500,13799414.00
2016/01/08,46.00,49.77,45.90,49.02,3148102,152394944.00
2016/01/11,52.00,52.00,48.08,48.33,5177295,262249664.00
2016/01/12,49.10,49.20,43.50,43.50,4637352,205842192.00
2016/01/13,41.30,43.98,40.50,41.40,2661705,112716768.00
2016/01/14,40.90,42.42,38.38,41.68,2208800,89094552.00
2016/01/15,41.14,41.99,38.50,39.38,1613998,64834328.00
2016/01/18,37.67,40.50,37.67,39.24,1202486,47211568.00
2016/01/19,39.15,41.55,38.61,41.42,1634615,66235488.00
2016/01/20,41.48,42.88,40.98,41.37,1776641,73749792.00
2016/01/21,39.91,43.50,39.91,41.47,3258357,136401104.00
2016/01/22,41.90,42.90,40.50,41.88,1507910,62687544.00
2016/01/25,42.99,42.99,40.50,40.83,1408288,58342408.00
2016/01/26,40.80,40.87,36.75,36.75,2102800,79369712.00
2016/01/27,35.64,37.00,33.08,36.98,2125349,73450960.00
2016/01/28,35.21,36.18,34.03,34.75,804200,28316830.00
2016/01/29,34.87,36.89,34.51,35.89,1430091,51388976.00
2016/02/01,36.00,36.00,33.00,33.75,850748,29515840.00
2016/02/02,34.09,37.10,33.75,36.22,2058819,73469640.00
2016/02/03,35.85,36.20,35.18,35.89,809549,28825702.00
2016/02/04,35.88,36.94,35.85,36.56,1222389,44577856.00
2016/02/05,37.48,37.65,36.70,36.85,1662501,61776792.00
2016/02/15,35.00,36.70,35.00,36.00,585760,20988416.00
2016/02/16,37.61,38.48,36.50,37.88,1652726,62422424.00
2016/02/17,37.90,38.85,37.64,38.47,1923600,73800856.00
2016/02/18,38.98,39.50,38.42,38.99,1700800,66098604.00
2016/02/19,38.50,39.70,38.47,39.39,1242550,48593312.00
2016/02/22,39.90,40.70,39.31,39.73,1392050,55403744.00
2016/02/23,39.70,39.89,38.60,39.73,1250780,49284912.00
2016/02/24,39.75,40.50,38.70,39.45,1193477,47068288.00
2016/02/25,39.40,39.58,35.51,36.58,2031146,74934760.00
2016/02/26,37.17,37.50,35.51,36.17,1179380,43219764.00
2016/02/29,36.17,36.17,33.00,34.25,1160577,39081376.00
2016/03/01,34.51,35.00,33.38,34.74,911940,31448558.00
2016/03/02,34.74,36.89,34.28,36.53,1475150,52877172.00
2016/03/03,36.22,37.50,36.22,36.68,1069690,39471120.00
2016/03/04,36.60,37.60,35.60,36.60,1254918,45918884.00
2016/03/07,36.58,38.20,36.21,37.19,1637100,61114044.00
2016/03/08,37.59,38.16,35.88,37.80,1454527,53945056.00
2016/03/09,37.01,38.44,36.61,38.23,1151224,43456936.00
数据来源:通达信
