600053 九鼎投资 日线 前复权
      日期	    开盘	    最高	    最低	    收盘	    成交量	    成交额
2011/01/04,6.65,6.98,6.63,6.84,1370987,11459045.00
2011/01/05,6.84,6.84,6.73,6.75,1043088,8596674.00
2011/01/06,6.69,6.90,6.69,6.89,782790,6476690.00
2011/01/07,6.89,7.17,6.83,6.83,1793557,15327401.00
2011/01/10,6.85,6.88,6.64,6.65,866612,7132970.00
2011/01/11,6.58,6.78,6.53,6.73,563345,4569738.00
2011/01/12,6.79,6.86,6.72,6.83,821459,6781902.00
2011/01/13,6.84,6.88,6.66,6.75,661431,5477841.00
2011/01/14,6.77,6.85,6.68,6.78,729696,6027258.00
2011/01/17,6.68,6.75,6.24,6.25,1086259,8563640.00
2011/01/18,6.25,6.37,6.25,6.25,538430,4133020.00
2011/01/19,6.26,6.37,6.16,6.35,1066778,8136712.00
2011/01/20,6.32,6.32,6.18,6.27,984332,7493349.00
2011/01/21,6.18,6.48,6.18,6.33,795995,6150803.00
2011/01/24,6.38,6.38,6.14,6.26,533681,4062264.00
2011/01/25,6.28,6.28,6.18,6.23,450020,3423019.00
2011/01/26,6.23,6.33,6.23,6.32,353728,2711758.00
2011/01/27,6.25,6.36,6.15,6.31,530648,4056564.00
2011/01/28,6.30,6.39,6.29,6.35,316006,2442234.00
2011/01/31,6.38,6.55,6.32,6.51,748745,5906437.00
2011/02/01,6.61,6.61,6.44,6.53,280887,2232699.00
2011/02/09,6.47,6.61,6.47,6.55,377151,3005771.00
2011/02/10,6.60,6.61,6.48,6.59,591838,4724773.00
2011/02/11,6.57,6.73,6.53,6.71,1338869,10813107.00
2011/02/14,6.68,6.75,6.57,6.73,1517160,12346267.00
2011/02/15,6.69,6.75,6.65,6.66,1364968,11124800.00
2011/02/16,6.67,6.85,6.61,6.75,1633267,13413039.00
2011/02/17,6.73,6.75,6.58,6.65,953728,7727112.00
2011/02/18,6.65,6.74,6.59,6.67,1054514,8571054.00
2011/02/21,6.58,6.72,6.58,6.69,695490,5640184.00
2011/02/22,6.68,6.73,6.55,6.63,1187947,9604562.00
2011/02/23,6.63,6.71,6.58,6.65,668666,5421241.00
2011/02/24,6.65,6.79,6.62,6.76,1466017,12031175.00
2011/02/25,6.75,6.80,6.68,6.71,786405,6431278.00
2011/02/28,6.67,6.73,6.67,6.69,1529595,12473559.00
2011/03/01,6.69,6.87,6.67,6.80,2314630,19185170.00
2011/03/02,6.78,6.79,6.67,6.78,1318186,10789311.00
2011/03/03,6.77,7.04,6.70,6.93,2985291,24892664.00
2011/03/04,6.87,7.03,6.83,6.98,2225711,18802312.00
2011/03/07,6.99,7.39,6.94,7.21,4961122,43770608.00
2011/03/08,7.17,7.28,7.08,7.13,1826429,15872559.00
2011/03/09,7.15,7.19,7.01,7.02,1281682,11038187.00
2011/03/10,6.98,7.04,6.86,7.00,1248313,10562695.00
2011/03/11,6.94,7.05,6.83,6.92,1549160,13078200.00
2011/03/14,6.86,6.96,6.69,6.88,939113,7833714.00
2011/03/15,6.86,6.94,6.71,6.78,1002622,8298408.00
2011/03/16,6.78,6.94,6.74,6.91,1028033,8600961.00
2011/03/17,6.94,6.98,6.82,6.93,940840,7910728.00
2011/03/18,6.87,7.04,6.87,7.01,738673,6267672.00
2011/03/21,6.99,7.13,6.90,6.98,974341,8340563.00
2011/03/22,7.04,7.11,6.95,7.04,971642,8289900.00
2011/03/23,7.05,7.35,7.03,7.20,2821305,24753438.00
2011/03/24,7.20,7.22,7.03,7.04,1923394,16648340.00
2011/03/25,7.06,7.12,6.97,7.08,2404722,20595044.00
2011/03/28,7.09,7.60,7.07,7.56,6041283,54056604.00
2011/03/29,7.69,8.19,7.57,7.80,10529130,101000240.00
2011/03/30,7.82,8.44,7.67,8.23,11317195,112618784.00
2011/03/31,8.28,9.05,7.95,8.70,13538514,140134704.00
2011/04/19,9.07,9.07,7.83,8.06,14670099,146643136.00
2011/04/20,8.07,8.40,7.78,7.98,9580906,93265768.00
2011/04/21,7.82,8.01,7.73,7.87,6392875,60935216.00
2011/04/22,7.96,8.36,7.86,8.13,11768239,115782920.00
2011/04/25,8.17,8.48,7.90,8.44,8447116,84602624.00
2011/04/26,8.58,9.30,8.58,9.30,21182715,236647824.00
2011/04/28,9.05,9.30,8.36,8.69,12286717,130120336.00
2011/04/29,8.74,9.07,8.44,8.69,9551492,101264336.00
2011/05/03,8.77,9.23,8.55,9.07,12817081,138365680.00
2011/05/04,9.16,9.98,8.80,9.63,18055771,204309632.00
2011/05/05,9.40,9.82,9.25,9.38,12036812,138415168.00
2011/05/06,9.40,9.98,9.25,9.53,10499114,122023080.00
2011/05/09,9.73,10.38,9.58,10.15,12902927,156554416.00
2011/05/10,10.17,10.43,10.00,10.26,8542694,105618912.00
2011/05/11,10.23,10.23,9.83,9.97,10035038,121273248.00
2011/05/12,9.77,10.13,9.67,10.05,7777212,93832688.00
2011/05/13,9.95,10.17,9.92,10.05,6135496,74717672.00
2011/05/16,10.04,10.04,9.54,9.58,9019544,106252608.00
2011/05/17,9.42,9.42,8.61,8.61,13208083,141807856.00
2011/05/18,8.37,8.59,8.24,8.44,8707447,88795208.00
2011/05/19,8.44,8.78,8.38,8.77,9204823,95750368.00
2011/05/20,8.63,9.02,8.51,8.79,6432535,68691216.00
2011/05/23,8.67,8.67,7.90,8.01,6858818,67886744.00
2011/05/24,7.92,8.12,7.88,8.00,3723076,36191864.00
2011/05/25,7.97,8.05,7.73,8.00,3796924,36505688.00
2011/05/26,7.99,8.08,7.69,7.73,3746623,36021752.00
2011/05/27,7.73,7.75,7.38,7.50,5351633,48881516.00
2011/05/30,7.41,8.14,7.30,7.95,6673282,62902664.00
2011/05/31,7.94,8.41,7.81,8.13,6125867,60239632.00
2011/06/01,8.18,8.29,7.95,8.21,3591315,35403920.00
2011/06/02,8.23,8.23,7.82,7.95,3999245,38623056.00
2011/06/03,7.95,8.74,7.95,8.25,6400670,65223728.00
2011/06/07,8.48,8.90,8.28,8.78,7625378,79400320.00
2011/06/08,8.78,8.93,8.48,8.67,6600172,69360912.00
2011/06/09,8.70,8.70,8.15,8.17,3840636,32626364.00
2011/06/10,7.90,8.35,7.76,7.97,4872947,39519520.00
2011/06/13,7.93,7.93,7.60,7.72,3790200,29592406.00
2011/06/14,7.62,8.14,7.62,7.96,4591695,36884968.00
2011/06/15,7.96,8.03,7.77,7.92,2718664,21691450.00
2011/06/16,7.94,8.71,7.82,8.16,6543616,54911192.00
2011/06/17,7.98,8.38,7.80,7.92,4337413,35669984.00
2011/06/20,7.92,7.96,7.71,7.84,2414870,19065588.00
2011/06/21,7.81,8.02,7.81,7.94,2820829,22584848.00
2011/06/22,7.96,8.28,7.96,8.08,3168884,26047600.00
2011/06/23,8.00,8.12,7.82,8.10,3047915,24688546.00
2011/06/24,8.05,8.40,8.00,8.28,5519870,46044236.00
2011/06/27,8.40,8.40,8.13,8.30,3719125,31007568.00
2011/06/28,8.35,8.35,8.16,8.23,3062072,25450236.00
2011/06/29,8.22,8.35,7.95,7.96,3364955,27739632.00
2011/06/30,7.95,8.19,7.95,8.04,3008811,24558720.00
2011/07/01,8.04,8.13,7.96,8.07,2812458,22929292.00
2011/07/04,8.08,8.33,8.03,8.24,3840592,31799220.00
2011/07/05,8.25,8.67,8.16,8.57,7878256,66965540.00
2011/07/06,8.51,8.70,8.35,8.58,5103941,43701520.00
2011/07/07,8.47,8.69,8.44,8.49,4465145,38689664.00
2011/07/08,8.43,8.56,8.42,8.47,2274409,19526770.00
2011/07/11,8.46,8.85,8.38,8.73,5562289,49023752.00
2011/07/12,8.70,8.70,8.40,8.43,3586321,30991012.00
2011/07/13,8.40,8.53,8.40,8.50,3742570,32023280.00
2011/07/14,8.50,8.51,8.26,8.50,4641843,39346132.00
2011/07/15,8.45,8.89,8.36,8.75,7128483,61978688.00
2011/07/18,8.73,8.88,8.59,8.81,5347606,47178132.00
2011/07/19,8.77,8.79,8.56,8.67,3249320,28510210.00
2011/07/20,8.67,8.82,8.40,8.59,3293925,28925216.00
2011/07/21,8.64,8.83,8.47,8.75,4771854,41972516.00
2011/07/22,8.69,8.86,8.66,8.84,3442388,30544816.00
2011/07/25,8.77,8.78,8.11,8.18,3947028,33863204.00
2011/07/26,8.14,8.25,8.07,8.17,2197937,18131226.00
2011/07/27,8.12,8.32,7.99,8.18,1944595,16102346.00
2011/07/28,8.06,8.23,7.99,8.09,1698482,13906643.00
2011/07/29,8.05,8.15,8.01,8.09,1366352,11194683.00
2011/08/01,8.07,8.23,8.06,8.11,1263461,10407858.00
2011/08/02,8.10,8.10,7.82,8.02,1670193,13456966.00
2011/08/03,8.04,8.07,7.89,8.01,1071628,8677276.00
2011/08/04,8.08,8.11,7.99,8.01,1124224,9142189.00
2011/08/05,7.76,8.01,7.57,7.87,1544937,12218273.00
2011/08/08,7.75,7.97,7.37,7.42,2404566,18533676.00
2011/08/09,7.28,7.47,7.02,7.38,2503048,18507504.00
2011/08/10,7.55,8.13,7.47,8.13,2952602,24036396.00
2011/08/11,8.06,8.87,8.00,8.63,10058891,86796512.00
2011/08/12,8.50,8.87,8.41,8.80,7338703,64447272.00
2011/08/15,8.82,9.00,8.51,8.69,4808150,42549984.00
2011/08/16,8.74,8.85,8.54,8.59,3268988,28635384.00
2011/08/17,8.58,9.46,8.55,9.46,9180474,85888336.00
2011/08/18,9.63,10.06,9.12,9.47,17074310,166420624.00
2011/08/19,8.98,9.40,8.98,9.23,7050527,65308744.00
2011/08/22,9.05,9.27,8.70,8.72,7947487,71768312.00
2011/08/23,8.75,8.97,8.65,8.95,5644928,50332184.00
2011/08/24,8.98,9.01,8.66,8.69,4504839,40299468.00
2011/08/25,8.71,8.94,8.67,8.91,4958436,44394516.00
2011/08/26,8.87,9.05,8.77,8.99,3837113,34613260.00
2011/08/29,8.92,8.94,8.68,8.69,3418596,30398534.00
2011/08/30,8.73,8.94,8.63,8.79,4383587,39080656.00
2011/08/31,8.76,8.85,8.16,8.28,6495061,55398584.00
2011/09/01,8.28,8.37,8.20,8.30,2970838,24872108.00
2011/09/02,8.31,8.38,8.13,8.30,2297918,19260556.00
2011/09/05,8.12,8.57,8.12,8.51,2597464,21982236.00
2011/09/07,8.41,8.50,8.01,8.47,4389600,36880436.00
2011/09/08,8.48,8.50,8.22,8.23,2329912,19684650.00
2011/09/09,8.20,8.44,8.15,8.28,1381529,11568696.00
2011/09/13,8.15,8.15,7.97,8.07,1304806,10638260.00
2011/09/14,8.03,8.18,7.90,8.11,1548591,12605216.00
2011/09/15,8.16,8.19,8.08,8.13,1185207,9750408.00
2011/09/16,8.20,8.33,8.00,8.01,1107997,9147703.00
2011/09/19,7.90,8.01,7.58,7.78,1706759,13477930.00
2011/09/20,7.74,7.83,7.66,7.75,2146281,16798684.00
2011/09/21,7.78,7.99,7.65,7.99,2836681,22523480.00
2011/09/22,7.90,8.04,7.85,7.94,1761147,14142258.00
2011/09/23,7.84,8.12,7.72,7.95,1571851,12647475.00
2011/09/26,7.99,7.99,7.60,7.85,1437456,11367761.00
2011/09/27,8.19,8.49,8.02,8.09,3071745,25521734.00
2011/09/28,8.01,8.09,7.70,7.82,2189821,17480446.00
2011/09/29,7.69,7.80,7.48,7.51,1371907,10525138.00
2011/09/30,7.50,7.65,7.44,7.47,1329488,10116175.00
2011/10/10,7.55,7.79,7.20,7.77,1567635,11932320.00
2011/10/11,7.87,8.15,7.83,7.98,2497558,20153980.00
2011/10/12,7.98,8.18,7.86,8.17,1366121,11189090.00
2011/10/13,8.17,8.25,8.02,8.24,1900633,15666668.00
2011/10/14,8.21,8.26,8.04,8.08,1188648,9762113.00
2011/10/17,8.09,8.21,7.93,8.00,1134092,9227906.00
2011/10/18,7.89,8.00,7.71,7.77,1035427,8280064.00
2011/10/19,7.70,8.08,7.63,8.07,1116007,8907473.00
2011/10/20,8.04,8.04,7.70,7.76,854948,6781567.00
2011/10/21,7.71,7.84,7.40,7.51,1516312,11690944.00
2011/10/24,7.51,7.60,7.28,7.54,1607584,12129605.00
2011/10/25,7.50,7.72,7.40,7.61,1615395,12399215.00
2011/10/26,7.60,7.78,7.52,7.62,2201878,17056438.00
2011/10/27,7.55,7.81,7.54,7.70,2534702,19603224.00
2011/10/28,7.71,8.04,7.71,7.85,3062818,24511292.00
2011/10/31,7.81,7.90,7.73,7.81,1727247,13629678.00
2011/11/01,7.76,7.89,7.73,7.77,2042439,16134361.00
2011/11/02,7.68,7.82,7.49,7.78,2404675,18599378.00
2011/11/03,7.75,7.98,7.70,7.92,3079910,24523752.00
2011/11/04,7.95,8.00,7.84,7.96,2057581,16495574.00
2011/11/07,7.93,8.14,7.91,7.98,1985254,16136815.00
2011/11/08,7.91,7.96,7.70,7.76,2088368,16489453.00
2011/11/09,7.70,7.81,7.62,7.80,1480129,11585326.00
2011/11/10,7.71,7.75,7.63,7.63,1034490,8034945.00
2011/11/11,7.64,7.67,7.50,7.52,1282000,9821091.00
2011/11/14,7.55,7.94,7.55,7.82,2927300,23211632.00
2011/11/15,7.76,8.05,7.60,7.91,3449998,27249428.00
2011/11/16,7.86,7.90,7.70,7.79,1946968,15334101.00
2011/11/17,7.85,8.00,7.67,7.94,2850764,22731036.00
2011/11/18,7.88,7.90,7.69,7.73,1701549,13392023.00
2011/11/21,7.70,7.83,7.45,7.55,1977278,15248232.00
2011/11/22,7.52,7.58,7.40,7.51,1263706,9578644.00
2011/11/23,7.56,7.56,7.42,7.48,813554,6169412.00
2011/11/24,7.48,7.55,7.37,7.51,862715,6522743.00
2011/11/25,7.45,7.53,7.38,7.48,790168,5977127.00
2011/11/28,7.47,7.49,7.11,7.30,1796137,13261832.00
2011/11/29,7.36,7.38,7.17,7.25,1500810,11007945.00
2011/11/30,7.20,7.24,7.01,7.02,1883844,13463480.00
2011/12/01,7.24,7.56,7.12,7.33,2344904,17495146.00
2011/12/02,7.25,7.27,6.90,6.92,2237666,16004170.00
2011/12/05,6.87,6.96,6.61,6.65,2610544,17904422.00
2011/12/06,6.70,6.76,6.57,6.67,718880,4872009.00
2011/12/07,6.65,6.72,6.56,6.66,969491,6504439.00
2011/12/08,6.66,6.70,6.46,6.58,739205,4931627.00
2011/12/09,6.43,6.69,6.43,6.68,795811,5328726.00
2011/12/12,6.59,6.67,6.50,6.52,441860,2942376.00
2011/12/13,6.42,6.53,6.15,6.24,1191575,7636312.00
2011/12/14,6.17,6.38,6.11,6.14,625809,3975427.00
2011/12/15,6.15,6.26,6.10,6.16,967377,6054497.00
2011/12/16,6.24,6.31,6.13,6.30,500393,3166465.00
2011/12/19,6.28,6.28,6.04,6.23,649701,4057906.00
2011/12/20,6.17,6.30,6.15,6.19,1021633,6448762.00
2011/12/21,6.20,6.26,6.06,6.08,490469,3067295.00
2011/12/22,6.05,6.05,5.48,5.77,1136914,6695172.00
2011/12/23,5.70,5.87,5.63,5.72,491744,2879633.00
2011/12/26,5.69,5.79,5.67,5.67,289271,1682214.00
2011/12/27,5.71,5.75,5.53,5.58,794154,4508105.00
2011/12/28,5.57,5.61,5.39,5.56,525706,2937951.00
2011/12/29,5.62,5.65,5.54,5.57,328180,1873031.00
2011/12/30,5.57,5.84,5.57,5.80,864567,5070388.00
2012/01/04,5.87,5.87,5.65,5.65,450663,2634900.00
2012/01/05,5.61,5.64,5.39,5.49,562118,3156521.00
2012/01/06,5.40,5.50,5.30,5.48,395666,2174653.00
2012/01/09,5.49,5.68,5.41,5.66,348318,1986065.00
2012/01/10,5.67,6.06,5.66,5.90,884161,5244208.00
2012/01/11,5.90,5.90,5.78,5.81,632871,3754651.00
2012/01/12,5.76,6.01,5.76,5.88,732440,4407358.00
2012/01/13,5.99,5.99,5.73,5.80,682623,4038989.00
2012/01/16,5.75,5.76,5.62,5.66,327848,1896069.00
2012/01/17,5.66,6.03,5.61,6.00,641403,3853222.00
2012/01/18,6.03,6.08,5.93,5.94,619830,3757506.00
2012/01/19,5.94,6.26,5.91,6.22,1269128,7933032.00
2012/01/20,6.22,6.25,6.11,6.21,481110,3018845.00
2012/01/30,6.21,6.21,6.10,6.18,334301,2093430.00
2012/01/31,6.24,6.28,6.14,6.25,505038,3176117.00
2012/02/01,6.21,6.24,6.08,6.11,691730,4309540.00
2012/02/02,6.11,6.21,6.08,6.19,356038,2219403.00
2012/02/03,6.16,6.37,6.15,6.36,807664,5113227.00
2012/02/06,6.30,6.35,6.25,6.30,610575,3899942.00
2012/02/07,6.24,6.31,6.13,6.19,448860,2817849.00
2012/02/08,6.13,6.35,6.11,6.33,655621,4143685.00
2012/02/09,6.33,6.73,6.25,6.56,1921040,12752007.00
2012/02/10,6.55,6.71,6.46,6.65,2003173,13495485.00
2012/02/13,6.50,6.65,6.50,6.59,835780,5581132.00
2012/02/14,6.50,6.81,6.49,6.63,838124,5671762.00
2012/02/15,6.58,6.70,6.56,6.64,833504,5620755.00
2012/02/16,6.64,6.70,6.58,6.68,573354,3868691.00
2012/02/17,6.69,6.74,6.31,6.51,1733685,11443493.00
2012/02/20,6.59,6.64,6.44,6.55,1209763,8052910.00
2012/02/21,6.50,6.68,6.42,6.67,985589,6573557.00
2012/02/22,6.70,6.85,6.66,6.76,1323067,9096248.00
2012/02/23,6.77,6.88,6.68,6.87,1264083,8739074.00
2012/02/24,6.86,7.25,6.83,7.11,2417451,17344944.00
2012/02/27,7.11,7.35,6.98,7.00,2555316,18498062.00
2012/02/28,6.97,7.07,6.91,6.99,916986,6481487.00
2012/02/29,6.98,6.98,6.79,6.80,968500,6760957.00
2012/03/01,6.77,7.42,6.77,7.17,2331620,16964066.00
2012/03/02,7.15,7.40,7.03,7.29,3118672,22895258.00
2012/03/05,7.26,7.38,7.10,7.11,2185166,16024879.00
2012/03/06,7.10,7.10,6.90,6.90,1520602,10753195.00
2012/03/07,6.81,6.98,6.78,6.91,1563168,10905192.00
2012/03/08,6.90,7.04,6.89,6.93,836163,5908349.00
2012/03/09,6.97,7.02,6.86,6.96,1209209,8515517.00
2012/03/12,6.99,6.99,6.83,6.88,1146293,8011081.00
2012/03/13,6.95,7.33,6.91,7.30,3056025,22382020.00
2012/03/14,7.25,7.26,6.57,6.70,2486428,17653854.00
2012/03/15,6.70,6.74,6.28,6.29,2032368,13305666.00
2012/03/16,6.42,6.54,6.31,6.45,1047411,6856340.00
2012/03/19,6.50,6.56,6.36,6.56,930498,6100424.00
2012/03/20,6.57,6.57,6.40,6.45,736751,4835458.00
2012/03/21,6.45,6.49,6.32,6.44,761328,4962680.00
2012/03/22,6.46,6.76,6.37,6.59,1161448,7764620.00
2012/03/23,6.59,6.59,6.37,6.38,779945,5086944.00
2012/03/26,6.46,6.49,6.32,6.43,496642,3236176.00
2012/03/27,6.48,6.49,6.41,6.44,389056,2547846.00
2012/03/28,6.46,6.46,6.00,6.13,816828,5205439.00
2012/03/29,6.13,6.27,5.93,6.04,607257,3767617.00
2012/03/30,6.08,6.20,5.95,6.15,523570,3244648.00
2012/04/05,6.25,6.33,6.04,6.25,797744,5053635.00
2012/04/06,6.19,6.38,6.18,6.31,622486,3969917.00
2012/04/09,6.23,6.33,6.20,6.23,531991,3382796.00
2012/04/10,6.18,6.35,6.01,6.31,479628,3015767.00
2012/04/11,6.29,6.55,6.21,6.44,967330,6333180.00
2012/04/12,6.44,6.56,6.41,6.52,1104291,7297398.00
2012/04/13,6.54,6.77,6.52,6.57,1805598,12151287.00
2012/04/16,6.51,6.81,6.41,6.80,3022748,20509172.00
2012/04/17,6.74,6.74,6.40,6.45,2211984,14717737.00
2012/04/18,6.47,6.62,6.35,6.56,1576440,10434765.00
2012/04/19,6.55,6.65,6.43,6.50,1309393,8651255.00
2012/04/20,6.48,6.77,6.38,6.75,3413809,23013176.00
2012/04/23,6.69,6.75,6.54,6.59,1655692,11177025.00
2012/04/24,6.56,6.86,6.55,6.73,3723724,25380762.00
2012/04/25,6.74,7.09,6.73,6.99,6848951,48360288.00
2012/04/26,7.01,7.29,6.78,6.86,4123713,29307280.00
2012/04/27,6.82,6.84,6.64,6.69,1769727,12068414.00
2012/05/02,6.83,6.87,6.52,6.76,2300777,15611778.00
2012/05/03,6.71,7.18,6.64,6.99,2952880,20654986.00
2012/05/04,7.00,7.02,6.85,6.94,1638194,11535494.00
2012/05/07,6.86,7.01,6.80,6.96,1254657,8740137.00
2012/05/08,6.96,6.96,6.77,6.86,1382231,9582843.00
2012/05/09,6.85,6.85,6.55,6.57,1177679,7983783.00
2012/05/10,6.57,6.64,6.50,6.54,932821,6198191.00
2012/05/11,6.54,6.68,6.49,6.57,735000,4914928.00
2012/05/14,6.61,7.24,6.61,6.86,5583481,39927024.00
2012/05/15,6.78,6.83,6.50,6.80,2363896,15993220.00
2012/05/16,6.78,7.00,6.68,6.89,2258719,15785415.00
2012/05/17,6.90,7.11,6.82,7.02,2221262,15797142.00
2012/05/18,6.96,7.02,6.74,6.76,1612931,11228787.00
2012/05/21,6.70,6.85,6.64,6.77,693640,4753546.00
2012/05/22,6.75,7.00,6.75,6.99,1364028,9565192.00
2012/05/23,6.92,7.07,6.89,7.00,1437422,10200279.00
2012/05/24,6.95,7.00,6.85,6.93,1170180,8219908.00
2012/05/25,6.92,7.15,6.81,6.95,2061384,14648096.00
2012/05/28,6.90,7.38,6.83,7.30,5557475,40539200.00
2012/05/29,7.23,7.31,7.13,7.22,3447349,25228834.00
2012/05/30,7.22,7.38,7.17,7.25,2470742,18256078.00
2012/05/31,7.18,7.23,7.08,7.16,1563262,11313470.00
2012/06/01,7.16,7.30,7.15,7.16,897394,6547228.00
2012/06/04,7.12,7.15,6.84,6.85,1660635,11767837.00
2012/06/05,6.90,6.93,6.71,6.80,1136783,7859701.00
2012/06/06,6.88,6.90,6.71,6.87,821171,5672186.00
2012/06/07,7.02,7.02,6.79,6.83,938709,6570202.00
2012/06/08,6.95,7.01,6.85,6.85,1128582,7908631.00
2012/06/11,6.90,7.09,6.80,7.03,1207134,8515687.00
2012/06/12,7.01,7.15,6.91,7.09,1657123,11830475.00
2012/06/13,7.14,7.15,7.00,7.11,1358864,9775543.00
2012/06/14,7.08,7.10,6.90,6.91,1173287,8336326.00
2012/06/15,6.91,6.98,6.64,6.80,1496516,10360608.00
2012/06/18,6.84,6.87,6.75,6.82,652782,4507725.00
2012/06/19,6.79,6.82,6.73,6.78,572821,3932006.00
2012/06/20,6.80,6.82,6.58,6.61,1216367,8248634.00
2012/06/21,6.61,6.71,6.56,6.69,1195043,8026085.00
2012/06/25,6.62,7.09,6.62,6.98,3530358,24932916.00
2012/06/26,6.98,7.07,6.86,6.95,1854197,13132115.00
2012/06/27,6.91,7.23,6.91,7.08,2627706,18948332.00
2012/06/29,6.92,7.19,6.79,7.07,1505668,10718884.00
2012/07/02,7.05,7.17,7.01,7.07,1394974,10014773.00
2012/07/03,7.09,7.14,6.83,6.90,2076532,14726091.00
2012/07/04,6.89,6.94,6.80,6.83,1159848,8051524.00
2012/07/05,6.84,6.85,6.72,6.73,1047421,7194479.00
2012/07/06,6.80,6.93,6.74,6.92,1202191,8360160.00
2012/07/09,6.86,7.08,6.82,6.83,1437459,10131042.00
2012/07/10,6.79,6.80,6.61,6.64,841007,5694776.00
2012/07/11,6.62,6.73,6.59,6.69,447491,3024281.00
2012/07/12,6.70,6.81,6.68,6.80,452994,3106834.00
2012/07/13,6.80,6.85,6.70,6.71,506890,3491140.00
2012/07/16,6.70,6.75,6.37,6.45,1074602,7095636.00
2012/07/17,6.54,6.54,6.40,6.48,498209,3269585.00
2012/07/18,6.51,6.51,6.25,6.39,655980,4228751.00
2012/07/19,6.39,6.49,6.30,6.44,428219,2799224.00
2012/07/20,6.40,6.49,6.38,6.42,292945,1911398.00
2012/07/23,6.38,6.43,6.32,6.36,278674,1804993.00
2012/07/24,6.40,6.50,6.36,6.45,423866,2766407.00
2012/07/25,6.40,6.48,6.40,6.46,311348,2037323.00
2012/07/26,6.41,6.46,6.33,6.35,288097,1865358.00
2012/07/27,6.34,6.39,6.18,6.21,561170,3570321.00
2012/07/30,6.23,6.29,6.00,6.03,520931,3222033.00
2012/07/31,6.03,6.03,5.90,5.99,326264,1978900.00
2012/08/01,5.94,6.28,5.94,6.12,255334,1605770.00
2012/08/02,6.14,6.15,5.93,5.99,232200,1416469.00
2012/08/03,6.01,6.18,5.97,6.16,259453,1605062.00
2012/08/06,6.08,6.30,6.08,6.24,334242,2108488.00
2012/08/07,6.20,6.27,6.13,6.14,635067,3999419.00
2012/08/08,6.17,6.27,6.13,6.21,548421,3446095.00
2012/08/09,6.26,6.28,6.10,6.24,553247,3491455.00
2012/08/10,6.20,6.27,6.10,6.23,730355,4572785.00
2012/08/13,6.13,6.34,6.13,6.29,748339,4754143.00
2012/08/14,6.34,6.61,6.25,6.42,1014465,6589157.00
2012/08/15,6.41,6.41,6.18,6.20,531776,3371841.00
2012/08/16,6.19,6.24,6.15,6.15,246908,1549428.00
2012/08/17,6.11,6.19,6.10,6.18,235560,1470043.00
2012/08/20,6.18,6.18,6.01,6.11,151822,938660.00
2012/08/21,6.03,6.30,6.03,6.23,341044,2159581.00
2012/08/22,6.05,6.20,6.05,6.13,315401,1966479.00
2012/08/23,6.13,6.24,6.07,6.10,617165,3849785.00
2012/08/24,6.07,6.11,6.01,6.05,347401,2137495.00
2012/08/27,6.00,6.09,5.92,5.96,513842,3112278.00
2012/08/28,5.93,6.00,5.92,5.95,499278,3026198.00
2012/08/29,5.95,5.96,5.74,5.75,388600,2331854.00
2012/08/30,5.73,5.77,5.55,5.70,438493,2526912.00
2012/08/31,5.61,5.73,5.60,5.68,367998,2109966.00
2012/09/03,5.59,5.89,5.56,5.71,623776,3659199.00
2012/09/04,5.69,5.76,5.56,5.60,471518,2703822.00
2012/09/05,5.53,5.59,5.49,5.55,604965,3416693.00
2012/09/06,5.57,5.80,5.51,5.75,969949,5641276.00
2012/09/07,5.71,5.97,5.63,5.90,860878,5121601.00
2012/09/10,5.84,5.93,5.78,5.84,689527,4094250.00
2012/09/11,5.84,5.85,5.70,5.73,611671,3573394.00
2012/09/12,5.77,5.80,5.74,5.79,445592,2614637.00
2012/09/13,5.74,5.79,5.66,5.68,466143,2720242.00
2012/09/14,5.68,5.76,5.61,5.70,378850,2194020.00
2012/09/17,5.76,5.78,5.41,5.43,933181,5322614.00
2012/09/18,5.47,5.53,5.41,5.50,486700,2712339.00
2012/09/19,5.52,5.60,5.46,5.53,222829,1254993.00
2012/09/20,5.47,5.52,5.25,5.26,514708,2818135.00
2012/09/21,5.27,5.33,5.23,5.29,260200,1401475.00
2012/09/24,5.21,5.45,4.90,5.32,504702,2707817.00
2012/09/25,5.36,5.40,5.21,5.29,407862,2194278.00
2012/09/26,5.24,5.29,5.10,5.11,250480,1330957.00
2012/09/27,5.15,5.27,5.08,5.20,376798,1988607.00
2012/09/28,5.15,5.41,5.15,5.40,493933,2677114.00
2012/10/08,5.40,5.44,5.22,5.36,197200,1073799.00
2012/10/09,5.36,5.48,5.33,5.45,344950,1906499.00
2012/10/10,5.41,5.51,5.33,5.46,428385,2373738.00
2012/10/11,5.47,5.48,5.33,5.34,387282,2128392.00
2012/10/12,5.39,5.44,5.30,5.40,327427,1788500.00
2012/10/15,5.35,5.43,5.15,5.31,322153,1742485.00
2012/10/16,5.30,5.38,5.27,5.33,310196,1684044.00
2012/10/17,5.30,5.35,5.27,5.33,387355,2092184.00
2012/10/18,5.32,5.56,5.30,5.50,898224,4995377.00
2012/10/19,5.59,6.06,5.59,6.06,3096200,18970096.00
2012/10/22,5.93,6.68,5.83,6.68,4493494,28842836.00
2012/10/23,7.36,7.36,6.68,6.95,9641231,67812640.00
2012/10/24,6.78,6.90,6.55,6.71,5695945,38949852.00
2012/10/25,6.70,6.78,6.12,6.24,4611117,30010676.00
2012/10/26,6.23,6.65,6.05,6.30,4943769,32106656.00
2012/10/29,6.21,6.34,6.09,6.21,3157945,19843480.00
2012/10/30,6.18,6.58,6.00,6.12,3940940,25292912.00
2012/10/31,6.00,6.26,5.97,6.16,2594043,16069002.00
2012/11/01,6.13,6.79,6.02,6.50,8651898,57203780.00
2012/11/02,6.41,6.84,6.29,6.69,10401981,69708296.00
2012/11/05,6.56,6.70,6.44,6.50,4809526,32035760.00
2012/11/06,6.49,6.55,6.05,6.25,4388297,27818988.00
2012/11/07,6.14,6.28,6.10,6.23,1632464,10250782.00
2012/11/08,6.18,6.40,5.93,5.96,2192810,13812892.00
2012/11/09,5.87,6.02,5.76,5.81,2455498,14649388.00
2012/11/12,5.82,5.95,5.80,5.92,1050402,6293617.00
2012/11/13,5.92,5.92,5.48,5.57,2138277,12423065.00
2012/11/14,5.58,5.60,5.41,5.48,1281110,7191506.00
2012/11/15,5.51,5.96,5.47,5.80,3016335,17720572.00
2012/11/16,5.66,5.80,5.51,5.69,1643606,9463848.00
2012/11/19,5.60,5.69,5.43,5.60,1445442,8185763.00
2012/11/20,5.58,5.68,5.54,5.56,1422273,8110476.00
2012/11/21,5.57,5.69,5.34,5.68,1774562,10038699.00
2012/11/22,5.64,5.64,5.51,5.55,938713,5308510.00
2012/11/23,5.55,5.65,5.50,5.57,816307,4644001.00
2012/11/26,5.60,6.14,5.58,6.11,6046837,37089048.00
2012/11/27,6.05,6.05,5.68,5.77,3909006,23195112.00
2012/11/28,5.80,6.36,5.80,6.36,7551029,47628720.00
2012/11/29,6.50,7.01,6.49,7.01,12892660,90437032.00
2012/11/30,7.72,7.72,7.51,7.72,16948107,132486480.00
2012/12/03,7.72,7.72,6.98,7.16,22615584,166424432.00
2012/12/04,7.19,7.19,6.58,6.89,17607397,121781936.00
2012/12/05,6.77,7.13,6.65,6.94,17930322,125761552.00
2012/12/06,6.78,7.34,6.71,6.99,18383168,131210272.00
2012/12/07,6.84,7.15,6.42,7.13,14590333,100247376.00
2012/12/10,6.96,7.69,6.96,7.33,17810452,131466160.00
2012/12/11,7.15,7.31,6.85,6.90,10704303,77002776.00
2012/12/12,6.72,6.92,6.66,6.79,7511128,51551764.00
2012/12/13,7.04,7.33,6.82,6.84,10201559,72727408.00
2012/12/14,6.68,7.18,6.63,7.13,10960801,77600824.00
2012/12/17,7.10,7.27,6.87,7.06,7766556,55435800.00
2012/12/18,7.09,7.78,7.00,7.20,14119944,104835824.00
2012/12/19,7.11,7.55,6.84,7.53,12043407,87364080.00
2012/12/20,7.41,7.62,7.21,7.43,8584634,64532832.00
2012/12/21,7.36,7.44,7.06,7.12,6170432,45180216.00
2012/12/24,7.08,7.26,7.06,7.21,3272695,23716388.00
2012/12/25,7.11,7.67,7.00,7.35,9959474,75142776.00
2012/12/26,7.25,7.49,7.20,7.31,6946360,51397572.00
2012/12/27,7.40,7.54,7.15,7.27,6955561,51709948.00
2012/12/28,7.26,7.68,7.15,7.52,9578110,72316112.00
2012/12/31,7.44,7.90,7.29,7.53,13737927,105133096.00
2013/01/04,7.56,7.61,7.30,7.34,7506191,56283192.00
2013/01/07,7.29,7.33,7.21,7.32,4541013,33436476.00
2013/01/08,7.32,7.32,7.03,7.18,7611642,55102896.00
2013/01/09,7.15,7.16,7.01,7.10,5260493,37785272.00
2013/01/10,7.06,7.23,7.01,7.06,5450949,39220292.00
2013/01/11,7.00,7.07,6.70,6.76,4935000,34502408.00
2013/01/14,6.68,7.03,6.68,6.97,4898488,34110432.00
2013/01/15,6.97,7.04,6.90,6.98,4881687,34532856.00
2013/01/16,6.96,7.12,6.85,6.96,3641894,25798784.00
2013/01/17,6.94,7.07,6.83,6.95,3545377,25067440.00
2013/01/18,6.95,7.13,6.91,7.09,5054952,36136600.00
2013/01/21,7.13,7.35,7.05,7.08,6113324,44393496.00
2013/01/22,7.08,7.08,6.79,6.81,3989463,27918836.00
2013/01/23,6.80,6.91,6.65,6.83,2720060,18714524.00
2013/01/24,6.79,6.95,6.64,6.70,3124698,21498630.00
2013/01/25,6.62,6.74,6.50,6.53,2557872,17053924.00
2013/01/28,6.46,6.75,6.46,6.74,2603674,17594028.00
2013/01/29,6.70,6.93,6.68,6.79,2876311,19952540.00
2013/01/30,6.80,7.01,6.75,6.98,3671330,25718578.00
2013/01/31,6.95,6.98,6.76,6.77,2392014,16605779.00
2013/02/01,6.78,7.00,6.70,6.96,3541619,24789464.00
2013/02/04,7.02,7.25,6.89,6.90,4884012,35147044.00
2013/02/05,6.85,7.10,6.72,7.07,3281247,23012882.00
2013/02/06,7.07,7.10,6.96,7.09,2308697,16432462.00
2013/02/07,7.10,7.25,7.00,7.17,4547556,33020812.00
2013/02/08,7.20,7.20,7.10,7.14,2708634,19639152.00
2013/02/18,7.16,7.19,7.03,7.06,2071419,14860970.00
2013/02/19,7.02,7.05,6.82,6.87,2110856,14828928.00
2013/02/20,6.88,6.94,6.84,6.94,1339955,9367536.00
2013/02/21,6.87,6.87,6.68,6.69,2283784,15672173.00
2013/02/22,6.68,6.85,6.65,6.77,1603627,11026105.00
2013/02/25,6.72,6.89,6.71,6.85,1138953,7882703.00
2013/02/26,6.81,6.91,6.74,6.75,1388828,9590833.00
2013/02/27,6.74,6.90,6.70,6.90,1721298,11921201.00
2013/02/28,6.89,7.18,6.85,7.14,3493930,25134084.00
2013/03/01,7.14,7.18,7.03,7.13,2223836,16012977.00
2013/03/04,6.95,6.95,6.41,6.63,4009648,27126192.00
2013/03/05,6.62,6.76,6.51,6.68,1914209,12896562.00
2013/03/06,6.76,6.80,6.60,6.68,1862767,12657696.00
2013/03/07,6.67,7.36,6.58,7.36,7147092,51881368.00
2013/03/08,7.45,8.11,7.45,8.11,8479290,67825136.00
2013/05/23,7.90,8.43,7.31,8.28,13828554,109402784.00
2013/05/24,8.05,8.31,7.83,7.98,8224103,67278520.00
2013/05/27,7.90,8.09,7.77,7.90,5462815,43759736.00
2013/05/28,7.91,8.50,7.77,8.37,10206869,85250944.00
2013/05/29,8.24,8.33,8.12,8.20,5228489,43489020.00
2013/05/30,8.14,8.35,8.01,8.11,3543301,29227076.00
2013/05/31,8.08,8.20,7.80,7.88,3838835,31110572.00
2013/06/03,7.89,8.06,7.82,8.00,3012744,24214908.00
2013/06/04,8.05,8.05,7.69,7.74,2663425,21017812.00
2013/06/05,7.69,7.81,7.62,7.73,1626125,12696440.00
2013/06/06,7.73,7.73,7.41,7.43,2709914,20842108.00
2013/06/07,7.47,7.55,7.08,7.18,2681197,19760556.00
2013/06/13,7.17,7.18,6.70,6.82,2362618,16610620.00
2013/06/14,6.88,7.08,6.87,7.00,1370948,9690950.00
2013/06/17,6.99,7.27,6.87,7.16,2402670,17291164.00
2013/06/18,7.11,7.25,7.05,7.13,1757385,12690452.00
2013/06/19,7.04,7.08,6.79,7.07,1481039,10373508.00
2013/06/20,6.98,7.05,6.88,6.90,1579647,11111588.00
2013/06/21,6.73,6.92,6.67,6.84,1483920,10217784.00
2013/06/24,6.80,6.80,6.15,6.22,2066503,13439135.00
2013/06/25,6.15,6.22,5.62,6.01,2232094,13575804.00
2013/06/26,6.07,6.17,5.96,6.00,1685998,10329022.00
2013/06/27,6.07,6.15,5.72,5.72,6039760,35793948.00
2013/06/28,5.69,5.96,5.52,5.77,3681886,21593204.00
2013/07/01,5.69,5.83,5.54,5.81,2456487,14227156.00
2013/07/02,5.72,5.87,5.66,5.81,2383325,13918391.00
2013/07/03,5.76,5.93,5.73,5.86,2664407,15714224.00
2013/07/04,5.78,6.05,5.76,5.93,2849527,17115820.00
2013/07/05,5.93,6.32,5.93,6.10,3542910,22026828.00
2013/07/08,5.95,6.08,5.83,5.84,2162694,12989217.00
2013/07/09,5.82,5.84,5.63,5.77,1511750,8800521.00
2013/07/10,5.74,5.98,5.68,5.95,2361810,14093359.00
2013/07/11,5.94,6.22,5.94,6.13,3424455,21300100.00
2013/07/12,6.12,6.30,6.05,6.12,2345076,14698974.00
2013/07/15,6.08,6.25,6.08,6.18,1398962,8735305.00
2013/07/16,6.26,6.26,6.11,6.23,1672784,10445779.00
2013/07/17,6.20,6.52,6.12,6.33,3047264,19549700.00
2013/07/18,6.25,6.32,6.12,6.12,1877806,11832866.00
2013/07/19,6.15,6.15,5.82,5.86,1865089,11333175.00
2013/07/22,5.89,5.97,5.78,5.96,1335917,7926516.00
2013/07/23,5.92,6.11,5.86,6.09,1794604,10984840.00
2013/07/24,6.02,6.12,5.83,6.11,1847565,11123753.00
2013/07/25,6.15,6.32,6.03,6.30,2566610,16038277.00
2013/07/26,6.27,6.40,6.10,6.19,1969881,12444891.00
2013/07/29,6.15,6.15,5.95,5.99,1019013,6202055.00
2013/07/30,5.96,6.12,5.96,6.03,815510,4995443.00
2013/07/31,6.14,6.32,6.02,6.02,1111488,6903640.00
2013/08/01,5.97,6.18,5.95,6.14,1153622,7116209.00
2013/08/02,6.22,6.33,6.13,6.17,2012678,12704090.00
2013/08/05,6.16,6.25,6.04,6.21,1206553,7506130.00
2013/08/06,6.17,6.30,6.12,6.27,1345846,8495021.00
2013/08/07,6.27,6.39,6.22,6.22,2528116,16141733.00
2013/08/08,6.22,6.34,6.20,6.27,1211787,7693271.00
2013/08/09,6.27,6.91,6.27,6.91,4369169,29662810.00
2013/08/12,7.27,7.61,7.13,7.48,10576847,79140376.00
2013/08/13,7.32,7.42,7.18,7.39,3909179,28854352.00
2013/08/14,7.37,7.47,7.11,7.13,3037503,22312248.00
2013/08/15,7.15,7.39,7.12,7.35,2972746,21846586.00
2013/08/16,7.30,7.30,7.02,7.07,2808054,20301644.00
2013/08/19,7.08,7.17,6.98,7.14,2347963,16828124.00
2013/08/20,7.15,7.16,6.92,7.02,2561319,18227474.00
2013/08/21,6.97,7.09,6.92,7.06,1617029,11468420.00
2013/08/22,7.06,7.13,6.97,7.11,1921651,13671554.00
2013/08/23,7.11,7.15,6.91,7.05,1659395,11760073.00
2013/08/26,7.03,7.12,6.97,7.11,1391437,9940161.00
2013/08/27,7.04,7.39,7.04,7.20,2297277,16815652.00
2013/08/28,7.11,7.19,7.01,7.04,1563366,11188509.00
2013/08/29,7.03,7.17,6.95,7.13,1437442,10281465.00
2013/08/30,7.14,7.85,7.02,7.85,5504016,42450600.00
2013/09/02,7.99,7.99,7.06,7.38,4682130,35308432.00
2013/09/03,7.20,7.69,7.20,7.47,2621473,19859928.00
2013/09/04,7.47,7.58,7.22,7.31,2137068,15983103.00
2013/09/05,7.14,7.38,7.14,7.18,1545287,11318425.00
2013/09/06,7.12,7.24,7.08,7.18,1935240,13969129.00
2013/09/09,7.12,7.40,6.99,7.24,2163064,15830124.00
2013/09/10,7.22,7.37,7.12,7.30,1864807,13649716.00
2013/09/11,7.31,7.72,7.22,7.39,3446898,26055432.00
2013/09/12,7.32,7.71,7.23,7.49,2975138,22562152.00
2013/09/13,7.42,7.63,7.40,7.59,2450279,18643246.00
2013/09/16,7.64,7.68,7.35,7.36,1942479,14748738.00
2013/09/17,7.43,7.43,7.05,7.10,2488653,18048150.00
2013/09/18,7.07,7.22,6.99,7.22,1518874,10896929.00
2013/09/23,7.20,7.26,7.12,7.23,1134774,8250169.00
2013/09/24,7.20,7.23,7.07,7.15,1038314,7498027.00
2013/09/25,7.08,7.24,7.08,7.13,1263671,9169852.00
2013/09/26,7.10,7.20,7.00,7.03,1303843,9358433.00
2013/09/27,7.10,7.13,6.99,7.02,1231659,8763465.00
2013/09/30,7.10,7.12,6.98,7.10,748528,5342385.00
2013/10/08,7.07,7.17,7.04,7.14,1233977,8875738.00
2013/10/09,7.14,7.49,7.08,7.33,2170385,16074633.00
2013/10/10,7.29,7.36,7.22,7.36,1471999,10864783.00
2013/10/11,7.38,7.44,7.29,7.36,1474008,10962723.00
2013/10/14,7.34,7.41,7.27,7.38,1601944,11868765.00
2013/10/15,7.39,7.44,7.24,7.25,1314749,9704233.00
2013/10/16,7.23,7.23,7.04,7.05,1271867,9140164.00
2013/10/17,7.07,7.14,7.03,7.04,1020388,7316065.00
2013/10/18,7.04,7.15,7.02,7.12,647950,4646062.00
2013/10/21,7.10,7.18,6.96,7.10,1446646,10328486.00
2013/10/22,7.10,7.12,7.00,7.09,1185098,8450170.00
2013/10/23,7.07,7.10,6.92,6.93,1235299,8728311.00
2013/10/24,6.93,6.95,6.68,6.69,1487406,10205819.00
2013/10/25,6.70,6.72,6.52,6.64,1055565,7068856.00
2013/10/28,6.67,6.75,6.62,6.71,855556,5787206.00
2013/10/29,6.68,6.78,6.27,6.51,1299741,8621580.00
2013/10/30,6.48,6.69,6.42,6.68,906795,6041477.00
2013/10/31,6.65,6.97,6.60,6.72,1322672,9138519.00
2013/11/01,6.81,6.86,6.62,6.73,706103,4808738.00
2013/11/04,6.52,6.81,6.52,6.68,763069,5142757.00
2013/11/05,6.61,6.74,6.56,6.69,666448,4469360.00
2013/11/06,6.67,6.75,6.60,6.60,586169,3957891.00
2013/11/07,6.60,6.62,6.40,6.46,929805,6119078.00
2013/11/08,6.42,6.48,6.32,6.42,629358,4069083.00
2013/11/11,6.37,6.44,6.33,6.36,510495,3296507.00
2013/11/12,6.35,6.42,6.30,6.36,735849,4724735.00
2013/11/13,6.37,6.39,6.26,6.34,597160,3821300.00
2013/11/14,6.33,6.33,6.13,6.19,906772,5697727.00
2013/11/15,6.23,6.46,6.20,6.31,919951,5921922.00
2013/11/18,6.30,6.49,6.26,6.46,1438248,9301168.00
2013/11/19,6.46,6.51,6.33,6.42,1064847,6906022.00
2013/11/20,6.72,7.07,6.72,7.07,3619094,25503510.00
2013/11/21,6.92,7.11,6.82,6.97,4644686,32711298.00
2013/11/22,6.91,6.91,6.67,6.71,2633242,17949274.00
2013/11/25,6.60,6.77,6.57,6.71,1398246,9468062.00
2013/11/26,6.71,6.77,6.62,6.64,1234885,8362969.00
2013/11/27,6.59,6.72,6.54,6.68,1394440,9360909.00
2013/11/28,6.62,6.78,6.62,6.72,1394568,9479685.00
2013/11/29,6.69,6.87,6.69,6.77,1574930,10836332.00
2013/12/02,6.66,6.66,6.17,6.18,2690155,17436444.00
2013/12/03,6.19,6.35,6.17,6.31,971916,6190941.00
2013/12/04,6.32,6.50,6.31,6.38,1282962,8339921.00
2013/12/05,6.37,6.62,6.35,6.43,1678108,10995964.00
2013/12/06,6.57,6.57,6.36,6.39,1230804,8045236.00
2013/12/09,6.46,6.54,6.36,6.43,822221,5353305.00
2013/12/10,6.45,6.51,6.41,6.48,1032069,6751441.00
2013/12/11,6.43,6.47,6.37,6.39,765575,4973121.00
2013/12/12,6.38,6.48,6.38,6.42,587282,3817384.00
2013/12/13,6.40,6.47,6.37,6.40,732520,4758879.00
2013/12/16,6.43,6.46,6.24,6.28,1225006,7833242.00
2013/12/17,6.32,6.32,6.20,6.21,666554,4205618.00
2013/12/18,6.28,6.32,6.18,6.26,617171,3912430.00
2013/12/19,6.28,6.40,6.26,6.31,855952,5490823.00
2013/12/20,6.31,6.31,5.92,6.15,793955,4973188.00
2013/12/23,6.14,6.17,5.92,5.93,999557,6079498.00
2013/12/24,5.97,6.02,5.88,5.99,823537,4970567.00
2013/12/25,5.99,6.02,5.90,5.99,361317,2191021.00
2013/12/26,6.02,6.31,6.01,6.11,1311294,8226239.00
2014/03/24,6.07,6.69,6.06,6.44,5407965,35023408.00
2014/03/25,6.38,6.40,6.15,6.29,3882881,24621012.00
2014/03/26,6.28,6.30,6.03,6.10,2889489,17959780.00
2014/03/27,6.10,6.35,6.05,6.28,3612481,22775292.00
2014/03/28,6.57,6.92,6.42,6.60,9147546,62298968.00
2014/03/31,6.45,6.54,6.17,6.33,3761337,24189590.00
2014/04/01,6.31,6.40,6.18,6.33,1875204,11925641.00
2014/04/02,6.28,6.65,6.28,6.58,5268474,34799776.00
2014/04/03,6.56,6.56,6.33,6.38,3353384,21752920.00
2014/04/04,6.32,6.58,6.32,6.57,2116807,13841414.00
2014/04/08,6.48,6.62,6.48,6.59,2597409,17293892.00
2014/04/09,6.55,6.81,6.53,6.80,3445724,23276324.00
2014/04/10,6.82,6.83,6.67,6.68,1895867,12872021.00
2014/04/11,6.64,7.01,6.58,6.93,3365777,23133168.00
2014/04/14,6.90,6.98,6.80,6.89,2907138,20281252.00
2014/04/15,6.90,6.93,6.69,6.77,2047529,14080305.00
2014/04/16,6.70,7.00,6.70,6.95,2457699,17111188.00
2014/04/17,6.92,7.27,6.84,7.21,4876317,34972360.00
2014/04/18,7.07,7.20,7.01,7.07,1229311,8846832.00
2014/04/21,7.07,7.27,6.90,6.97,2418871,17196706.00
2014/04/22,6.96,7.01,6.72,6.94,1314003,9120678.00
2014/04/23,6.87,6.97,6.82,6.95,864888,6031902.00
2014/04/24,6.92,6.94,6.81,6.82,876364,6083649.00
2014/04/25,6.74,6.92,6.72,6.73,884268,6089985.00
2014/04/28,6.62,6.73,6.35,6.35,1080800,7108121.00
2014/04/29,6.45,6.99,6.42,6.89,2373133,16369777.00
2014/04/30,6.91,7.27,6.90,7.19,2952910,21241434.00
2014/05/05,7.09,7.20,6.98,7.13,1894341,13601659.00
2014/05/06,7.10,7.21,6.97,7.09,1192493,8519039.00
2014/05/07,7.09,7.09,6.88,6.98,983719,6937378.00
2014/05/08,6.93,7.07,6.82,6.99,2010355,14100866.00
2014/05/09,6.87,7.30,6.78,7.06,2587225,18023248.00
2014/05/12,7.04,7.13,6.94,7.09,1125757,8038531.00
2014/05/13,7.09,7.20,7.02,7.12,966608,6944872.00
2014/05/14,7.20,7.29,6.97,6.99,1391540,9996716.00
2014/05/15,6.99,6.99,6.87,6.87,931151,6512079.00
2014/05/16,6.87,7.00,6.84,6.99,910528,6336589.00
2014/05/19,6.88,6.97,6.81,6.88,486267,3380713.00
2014/05/20,6.91,6.99,6.84,6.87,589109,4111260.00
2014/05/21,6.83,6.89,6.80,6.87,422341,2928139.00
2014/05/22,6.88,7.10,6.80,7.07,1017683,7151641.00
2014/05/23,7.05,7.17,7.01,7.13,1464818,10533446.00
2014/05/26,7.06,7.19,7.02,7.07,664831,4755207.00
2014/05/27,7.11,7.11,6.93,7.09,794792,5647750.00
2014/05/28,7.09,7.14,7.02,7.10,875407,6279252.00
2014/05/29,7.07,7.09,6.92,7.01,802836,5682542.00
2014/05/30,6.93,7.32,6.89,7.19,1179330,8397042.00
2014/06/03,7.20,7.92,7.12,7.40,7001664,53892856.00
2014/06/04,7.35,7.49,7.11,7.19,2889140,21145558.00
2014/06/05,7.19,7.25,7.07,7.19,1267299,9167909.00
2014/06/06,7.22,7.32,7.06,7.29,1620309,11729598.00
2014/06/09,7.25,7.91,7.25,7.49,4571730,34951792.00
2014/06/10,7.61,7.74,7.37,7.55,1669698,12692270.00
2014/06/11,7.55,7.55,7.42,7.49,1294853,9786964.00
2014/06/12,7.46,7.47,7.36,7.40,901590,6742441.00
2014/06/13,7.39,7.70,7.37,7.43,1666989,12656610.00
2014/06/16,7.51,7.52,7.32,7.39,1132102,8498589.00
2014/06/17,7.32,7.47,7.26,7.27,1110076,8259031.00
2014/06/18,7.29,7.35,7.16,7.22,1529466,11151555.00
2014/06/19,7.19,7.26,7.09,7.16,1229645,8876744.00
2014/06/20,7.10,7.47,7.07,7.44,1410669,10325226.00
2014/06/23,7.45,7.45,7.33,7.37,527824,3948104.00
2014/06/24,7.34,7.47,7.30,7.44,649596,4849418.00
2014/06/25,7.44,7.82,7.35,7.78,2995407,22978592.00
2014/06/26,7.69,8.00,7.67,7.92,4572030,36403880.00
2014/06/27,7.84,8.31,7.82,8.27,4411964,36509520.00
2014/06/30,8.21,8.33,8.03,8.23,2554103,21041372.00
2014/07/01,8.16,8.40,8.08,8.38,1869031,15516316.00
2014/07/02,8.40,8.54,8.11,8.40,2614888,21938420.00
2014/07/03,8.36,8.36,8.19,8.21,915029,7623567.00
2014/07/04,8.28,8.32,8.12,8.23,1757193,14524604.00
2014/07/07,8.10,8.23,8.10,8.20,870765,7187248.00
2014/07/08,8.17,8.25,8.11,8.17,1217027,10045372.00
2014/07/09,8.18,8.19,7.94,8.12,2550433,20670180.00
2014/07/10,8.01,8.41,8.00,8.36,1507388,12410499.00
2014/07/11,8.31,8.49,8.13,8.33,2450164,20432096.00
2014/07/14,8.21,8.21,7.94,8.10,3830845,30999624.00
2014/07/15,7.97,8.08,7.97,8.05,927566,7488375.00
2014/07/16,8.06,8.09,7.84,7.84,1367500,10932788.00
2014/07/17,7.90,8.03,7.90,7.95,998899,7996604.00
2014/07/18,8.00,8.58,8.00,8.56,3521110,29339404.00
2014/07/21,8.46,8.46,8.29,8.39,1787497,15030902.00
2014/07/22,8.36,8.41,8.25,8.28,1873272,15653010.00
2014/07/23,8.33,8.34,8.24,8.30,853533,7130302.00
2014/07/24,8.23,8.39,8.21,8.33,2040751,17038308.00
2014/07/25,8.33,8.38,8.23,8.28,1191082,9948960.00
2014/07/28,8.29,8.38,8.24,8.35,1487727,12464832.00
2014/07/29,8.35,8.90,8.35,8.45,4076129,35211872.00
2014/07/30,8.44,8.44,8.14,8.29,3251891,27147412.00
2014/07/31,8.29,8.33,8.04,8.20,3887018,31949992.00
2014/08/01,8.14,8.38,8.04,8.20,3162291,26115848.00
2014/08/04,8.20,8.30,8.06,8.27,2034347,16785924.00
2014/08/05,8.30,8.33,8.04,8.11,4883824,40065796.00
2014/08/06,8.07,8.10,7.98,8.05,1787762,14494004.00
2014/08/07,8.04,8.24,8.03,8.05,1313123,10739890.00
2014/08/08,8.05,8.17,8.04,8.14,1374609,11234620.00
2014/08/11,8.15,8.20,8.09,8.16,1408194,11554908.00
2014/08/12,8.16,8.29,8.11,8.27,1732626,14300236.00
2014/08/13,8.25,8.49,8.19,8.48,4487870,37846816.00
2014/08/14,8.68,8.83,8.37,8.40,4625645,40132264.00
2014/08/15,8.40,8.54,8.19,8.50,3042650,25401908.00
2014/08/18,8.63,8.71,8.39,8.44,2247581,19246504.00
2014/08/19,8.46,8.48,8.29,8.37,2917031,24605312.00
2014/08/20,8.33,8.59,8.32,8.52,2599252,22223656.00
2014/08/21,8.53,8.53,8.34,8.42,2250513,19078612.00
2014/08/22,8.52,8.52,8.36,8.50,1748889,14887666.00
2014/08/25,8.50,8.77,8.47,8.60,3247437,28221404.00
2014/08/26,8.54,8.83,8.54,8.57,3116640,27301390.00
2014/08/27,8.52,8.74,8.52,8.57,2317416,20139748.00
2014/08/28,8.53,8.71,8.37,8.55,2270293,19500752.00
2014/08/29,8.49,8.67,8.43,8.63,1628309,14059005.00
2014/09/01,8.69,8.98,8.69,8.94,3298658,29477218.00
2014/09/02,8.92,9.24,8.89,9.14,3039214,27899072.00
2014/09/03,9.14,9.27,9.06,9.20,1947738,17920604.00
2014/09/04,9.20,9.33,9.08,9.25,2095208,19451514.00
2014/09/05,9.11,9.32,9.11,9.15,2229420,20584290.00
2014/09/09,9.13,9.19,8.94,9.05,2425867,22125242.00
2014/09/10,9.05,9.19,9.04,9.18,2106468,19370308.00
2014/09/11,9.22,9.38,9.05,9.14,2323471,21548612.00
2014/09/12,9.07,9.29,9.07,9.25,1538405,14231333.00
2014/09/15,9.23,9.50,9.16,9.46,2410557,22856590.00
2014/09/16,9.46,9.52,8.94,9.03,3719429,34338920.00
2014/09/17,9.04,9.15,8.94,9.09,2211724,20135812.00
2014/09/18,9.05,9.34,8.98,9.25,1805959,16706266.00
2014/09/19,9.24,9.38,9.15,9.29,1526815,14257097.00
2014/09/22,9.24,9.24,9.05,9.10,1746873,16040423.00
2014/09/23,9.27,9.27,8.95,9.05,3629858,32947904.00
2014/09/24,9.09,9.12,9.00,9.11,2235884,20402516.00
2014/09/25,9.10,9.20,9.04,9.09,2296638,21066588.00
2014/09/26,9.05,9.24,9.05,9.20,1897086,17491342.00
2014/09/29,9.28,9.28,9.09,9.18,2719353,25135230.00
2014/09/30,9.18,10.10,9.18,10.10,8863950,87922544.00
2014/10/08,10.13,10.33,9.92,9.98,6039323,61120248.00
2014/10/09,10.04,10.08,9.86,10.01,3426991,34377208.00
2014/10/10,9.94,10.46,9.82,10.02,6208930,62802104.00
2014/10/13,9.94,10.00,9.78,9.92,3547104,35269980.00
2014/10/14,9.92,10.92,9.92,10.92,7718384,80612112.00
2014/10/15,11.04,11.93,10.85,11.60,10797189,123820680.00
2014/10/16,11.66,11.68,10.95,10.97,7677154,86710008.00
2014/10/17,10.74,10.87,9.87,10.46,8978732,94996096.00
2014/10/20,10.42,10.54,10.10,10.51,4774474,49452344.00
2014/10/21,10.51,11.09,10.19,10.72,6896132,73738536.00
2014/10/22,10.59,10.82,10.26,10.28,3859019,41004916.00
2014/10/23,10.20,10.38,10.12,10.20,2246838,23148556.00
2014/10/24,10.34,10.52,10.04,10.28,1964198,20327522.00
2014/10/27,10.19,10.86,10.09,10.65,3919388,41706032.00
2014/10/28,10.58,10.81,10.50,10.77,3989848,42864604.00
2014/10/29,10.74,10.93,10.64,10.82,3718234,40369408.00
2014/10/30,10.84,11.32,10.76,10.93,5186466,57562000.00
2014/10/31,10.93,11.12,10.47,10.72,3353230,36324084.00
2014/11/03,10.74,10.80,10.44,10.60,2813401,30057026.00
2014/11/04,10.56,10.84,10.52,10.62,2465745,26456032.00
2014/11/05,10.59,10.73,10.46,10.69,1714168,18339206.00
2014/11/06,10.69,11.18,10.67,10.89,3082268,33926952.00
2014/11/07,11.21,11.22,10.70,10.93,2775172,30409516.00
2014/11/10,10.94,11.07,10.73,10.90,1881747,20524584.00
2014/11/11,10.76,10.90,9.94,10.09,4684238,48874804.00
2014/11/12,10.08,10.23,9.96,10.22,1980581,20136560.00
2014/11/13,10.10,10.32,10.02,10.08,1719660,17531596.00
2014/11/14,10.14,10.27,10.00,10.25,2012825,20442548.00
2014/12/10,9.94,10.01,9.22,9.68,9307720,88677000.00
2014/12/11,9.51,9.51,9.19,9.50,6612246,62397440.00
2014/12/12,9.44,9.64,9.36,9.48,5178123,49435432.00
2014/12/15,9.43,9.81,9.34,9.75,5126832,49445952.00
2014/12/16,9.83,9.84,9.59,9.72,4102859,39974044.00
2014/12/17,9.78,10.04,9.54,9.66,3973203,38987184.00
2014/12/18,9.70,9.72,9.16,9.18,6084888,57150688.00
2014/12/19,9.14,9.16,8.62,8.85,4710513,41874400.00
2014/12/22,8.70,8.86,8.19,8.28,5403841,46117304.00
2014/12/23,8.20,8.56,8.11,8.32,3344215,28051376.00
2014/12/24,8.32,8.50,8.28,8.46,2391534,20289450.00
2014/12/25,8.46,8.57,8.39,8.56,2366200,20138112.00
2014/12/26,8.57,8.74,8.49,8.65,2629682,22906514.00
2014/12/29,8.65,8.84,8.46,8.65,3400452,29647130.00
2014/12/30,8.65,8.71,8.24,8.33,2683865,22824164.00
2014/12/31,8.38,8.48,8.12,8.44,3622531,30223396.00
2015/01/05,8.42,9.14,8.38,8.86,7328378,65698348.00
2015/01/06,8.84,9.00,8.57,8.82,2914046,25827624.00
2015/01/07,8.84,8.92,8.63,8.78,2517672,22165264.00
2015/01/08,8.75,8.80,8.52,8.71,2158619,18883898.00
2015/01/09,8.67,8.91,8.67,8.73,2997189,26629210.00
2015/01/12,8.74,9.08,8.66,9.06,3635206,32492616.00
2015/01/13,9.08,9.09,8.87,9.00,2217850,19996414.00
2015/01/14,8.99,9.06,8.82,8.93,2314853,20810154.00
2015/01/15,8.93,9.06,8.86,8.92,1982583,17898428.00
2015/01/16,8.85,9.02,8.72,8.99,2534340,22671126.00
2015/01/19,8.86,8.86,8.27,8.44,3078533,26755578.00
2015/01/20,8.44,8.92,8.44,8.91,2640217,23188908.00
2015/02/17,8.94,9.81,8.82,9.81,14282905,135426080.00
2015/02/25,9.84,10.42,9.81,10.13,9236548,93602568.00
2015/02/26,10.10,10.10,9.74,9.89,5334616,53003864.00
2015/02/27,9.84,10.02,9.79,9.92,4330171,43048524.00
2015/03/02,10.06,10.82,10.02,10.75,10207663,105395448.00
2015/03/03,10.52,11.21,10.42,10.83,7853599,84940184.00
2015/03/04,10.82,11.10,10.76,10.81,4082439,44660580.00
2015/03/05,10.81,10.89,10.64,10.84,3484297,37800120.00
2015/03/06,10.88,11.28,10.84,11.08,4040409,44850640.00
2015/03/09,11.08,12.04,11.08,11.65,6565456,76449120.00
2015/03/10,11.66,11.87,11.33,11.73,3806714,44860368.00
2015/03/11,11.74,12.86,11.73,12.55,6395654,80682560.00
2015/03/12,12.58,12.84,11.75,11.88,5671342,69770384.00
2015/03/13,11.83,12.08,11.58,11.90,3129992,37161688.00
2015/03/16,11.94,12.02,11.46,11.81,8727941,102727840.00
2015/03/17,11.75,11.81,11.54,11.71,10518803,123106368.00
2015/03/18,11.65,11.81,11.56,11.81,8801775,103371608.00
2015/03/19,11.82,11.98,11.70,11.94,7164815,85262096.00
2015/03/20,11.95,13.14,11.94,13.14,11777010,149881728.00
2015/11/12,14.45,14.45,14.45,14.45,1520945,21977656.00
2015/11/13,15.90,15.90,15.90,15.90,114307,1817481.00
2015/11/16,17.49,17.49,17.49,17.49,175042,3061485.00
2015/11/17,19.24,19.24,19.24,19.24,216161,4158938.00
2015/11/18,21.16,21.16,21.16,21.16,97816,2069787.00
2015/11/19,23.28,23.28,23.28,23.28,99842,2324322.00
2015/11/20,25.61,25.61,25.61,25.61,272792,6986203.00
2015/11/23,28.17,28.17,28.17,28.17,305118,8595174.00
2015/11/24,30.99,30.99,30.99,30.99,835537,25893292.00
2015/11/25,34.09,34.09,34.09,34.09,382621,13043550.00
2015/11/26,37.50,37.50,37.50,37.50,189644,7111650.00
2015/11/27,41.25,41.25,41.25,41.25,489600,20196000.00
2015/11/30,45.38,45.38,45.38,45.38,311700,14144946.00
2015/12/01,49.92,49.92,49.92,49.92,262770,13117478.00
2015/12/02,54.91,54.91,51.41,53.82,59846592,3243984384.00
2015/12/03,48.51,55.00,48.51,52.39,29054677,1493314816.00
2015/12/04,55.00,57.63,54.60,57.63,8986581,507419520.00
2015/12/07,63.39,63.39,63.39,63.39,563456,35717476.00
2015/12/08,67.00,69.73,61.61,67.99,44037668,2943728384.00
2015/12/09,66.00,70.82,64.51,66.88,26876628,1798117120.00
2015/12/10,66.00,71.88,63.29,66.44,24673483,1659154048.00
2015/12/11,64.16,69.63,64.11,68.03,19629260,1319851904.00
2015/12/14,67.00,70.46,63.00,65.30,19741195,1321801472.00
2015/12/15,66.00,71.83,63.81,71.83,21674540,1466135424.00
2015/12/16,71.00,71.65,66.21,66.60,22721244,1572865920.00
2015/12/17,65.71,68.80,65.71,67.41,16487574,1109521280.00
2015/12/18,67.00,74.15,66.01,71.15,27299385,1938274688.00
2015/12/21,71.80,77.58,70.30,72.31,20423086,1495047808.00
2015/12/22,72.00,74.43,69.00,70.06,15665010,1118742912.00
2015/12/23,68.00,70.08,64.80,65.23,19015609,1265886336.00
2015/12/24,66.59,68.20,65.28,65.54,10897437,725303232.00
2015/12/25,65.38,72.00,65.38,69.60,17888339,1236600704.00
2015/12/28,69.90,74.99,68.42,70.27,19654812,1408542848.00
2015/12/29,69.59,73.36,66.51,69.89,18877778,1316629888.00
2015/12/30,68.60,68.60,64.30,65.23,14401078,956543936.00
2015/12/31,64.30,65.00,58.71,58.71,17443535,1056554368.00
2016/01/05,52.84,53.84,52.84,52.84,16219001,858823040.00
2016/01/06,51.30,53.28,50.50,53.13,16238315,846762560.00
2016/01/07,52.88,52.90,47.82,47.82,4062958,201313808.00
2016/01/08,47.82,48.40,43.88,45.36,16548526,758024000.00
2016/01/11,43.10,44.00,40.82,40.82,13002156,548413376.00
2016/01/12,41.30,43.20,40.67,41.67,10819795,456209216.00
2016/01/13,41.00,41.89,37.50,37.50,19777868,777256448.00
2016/01/14,36.01,39.20,35.55,38.72,14846051,557430464.00
2016/01/15,37.60,40.47,36.83,37.86,14182455,546380800.00
2016/01/18,36.35,40.47,36.11,39.38,13569171,524122336.00
2016/01/19,38.80,40.42,37.33,40.25,17087990,665211328.00
2016/01/20,40.00,42.80,39.31,41.13,21016213,864142208.00
2016/01/21,39.90,40.50,37.02,37.02,14728120,570388352.00
2016/01/22,37.34,38.28,35.70,38.11,13666482,506804416.00
2016/01/25,38.30,38.68,36.76,37.36,9467411,356552064.00
2016/01/26,36.91,36.92,33.62,33.62,12815633,445747040.00
2016/01/27,32.71,34.80,32.08,34.46,10651898,356470400.00
2016/01/28,34.00,34.50,33.02,33.90,7876215,265397408.00
2016/01/29,33.75,35.66,32.80,34.79,8505055,294297920.00
2016/02/01,34.82,34.85,32.80,33.56,5950399,200996656.00
2016/02/02,33.58,36.92,33.12,36.92,4890569,173010624.00
2016/02/03,37.50,39.15,37.50,37.98,12606787,480799808.00
2016/02/04,37.36,39.80,37.01,38.55,10852385,414372480.00
2016/02/05,38.00,38.40,36.93,37.01,7714021,288518368.00
2016/02/15,35.10,36.32,35.01,35.89,5050748,179647312.00
2016/02/16,36.20,39.14,36.12,38.40,9308766,352377344.00
2016/02/17,40.38,42.24,40.35,42.24,5172041,214221840.00
2016/02/18,45.00,45.62,43.51,44.09,19840879,884126464.00
2016/02/19,43.00,46.18,42.58,45.15,16198803,723424512.00
2016/02/22,45.81,46.14,44.10,44.69,11464429,514654656.00
2016/02/23,44.70,44.71,42.51,43.15,10003919,432315264.00
2016/02/24,43.00,43.37,40.70,42.23,9376498,393180544.00
2016/02/25,42.11,44.37,39.46,40.88,15497174,657792832.00
2016/02/26,41.38,42.48,39.01,41.80,10565385,433349312.00
2016/02/29,40.00,40.80,37.62,37.62,8233696,313302400.00
2016/03/01,36.28,37.70,34.60,36.76,9017911,324782208.00
2016/03/02,36.40,38.96,36.07,38.84,8443840,319020832.00
2016/03/03,38.30,40.82,38.11,38.59,9226290,364574240.00
2016/03/04,38.03,38.74,35.35,35.48,8998379,330883520.00
2016/03/07,35.41,37.43,35.41,36.55,5631179,206191072.00
2016/03/08,35.90,36.65,34.70,36.60,5526282,196576016.00
2016/03/09,35.01,36.49,35.00,35.69,3635006,130413152.00
数据来源:通达信
