600596 新安股份 日线 前复权
      日期	    开盘	    最高	    最低	    收盘	    成交量	    成交额
2011/01/04,14.75,14.84,14.61,14.80,7172098,110092040.00
2011/01/05,14.75,14.80,14.50,14.68,6315595,96278112.00
2011/01/06,14.56,14.76,14.35,14.36,6812864,102737248.00
2011/01/07,14.34,14.89,14.20,14.51,7200251,109231928.00
2011/01/10,14.50,14.54,14.06,14.13,5539525,82364976.00
2011/01/11,14.03,14.14,13.76,13.89,5615873,81315432.00
2011/01/12,13.97,14.00,13.55,13.74,5486538,78618072.00
2011/01/13,13.80,13.95,13.76,13.85,3345707,48315416.00
2011/01/14,13.86,13.86,13.40,13.74,5954888,84173112.00
2011/01/17,13.60,13.68,12.88,12.90,5599532,77330176.00
2011/01/18,12.90,12.91,12.60,12.69,3482912,46386856.00
2011/01/19,12.77,13.04,12.65,12.99,6155598,82529056.00
2011/01/20,12.90,12.91,11.97,11.99,8532116,110790536.00
2011/01/21,11.98,12.15,11.53,11.73,9714184,120802728.00
2011/01/24,11.75,11.91,11.17,11.18,9765213,117243848.00
2011/01/25,11.18,11.36,10.96,11.30,5109637,59946316.00
2011/01/26,11.29,11.52,11.25,11.48,5164939,61959988.00
2011/01/27,11.40,11.75,11.29,11.69,9044016,110289008.00
2011/01/28,11.68,12.04,11.60,11.93,8021716,99711056.00
2011/01/31,12.11,12.11,11.83,12.06,6024779,75852960.00
2011/02/01,12.20,12.25,11.98,12.20,5086914,64766124.00
2011/02/09,12.15,13.22,12.01,12.91,14895269,199963696.00
2011/02/10,12.96,13.48,12.91,13.18,10875521,150313904.00
2011/02/11,13.20,13.20,12.92,13.06,7091838,96697264.00
2011/02/14,13.10,13.37,12.93,13.29,8651904,119271448.00
2011/02/15,13.29,13.57,13.06,13.11,11533568,160714448.00
2011/02/16,13.04,13.23,12.93,13.21,7755436,106438688.00
2011/02/17,13.22,13.80,13.22,13.68,14901362,210585328.00
2011/02/18,13.60,13.68,13.33,13.38,8497010,119279424.00
2011/02/21,13.24,13.69,13.13,13.65,8968078,126582608.00
2011/02/22,13.67,14.50,13.63,13.76,22825716,333744544.00
2011/02/23,13.72,14.45,13.70,14.39,22000233,326425984.00
2011/02/24,14.30,15.19,14.20,14.70,21800239,335648032.00
2011/02/25,14.75,14.79,14.26,14.69,11536138,173658544.00
2011/02/28,14.70,15.15,14.54,14.88,12276408,188660624.00
2011/03/01,14.82,14.88,14.41,14.61,10383126,158052032.00
2011/03/02,14.55,14.65,14.21,14.48,9374675,140406320.00
2011/03/03,14.40,14.64,14.24,14.36,8686708,130483048.00
2011/03/04,14.42,14.48,14.12,14.37,7728008,114867424.00
2011/03/07,14.37,14.73,14.37,14.65,8615638,130825424.00
2011/03/08,14.61,14.73,14.43,14.53,6219736,94107024.00
2011/03/09,14.58,14.74,14.36,14.40,8983824,135642928.00
2011/03/10,14.36,14.39,13.92,13.93,10233298,150165456.00
2011/03/11,13.89,14.08,13.85,13.88,6914657,100731472.00
2011/03/14,13.81,14.05,13.76,14.05,6722051,97589816.00
2011/03/15,13.94,13.95,13.25,13.51,9269369,130844816.00
2011/03/16,13.52,13.70,13.41,13.54,9702499,137049504.00
2011/03/17,13.48,13.50,12.90,12.97,11677417,161275232.00
2011/03/18,13.18,13.27,12.98,13.01,9696755,132925976.00
2011/03/21,13.18,13.20,12.90,12.95,7021132,95703736.00
2011/03/22,13.05,13.08,12.59,12.86,7544306,100820176.00
2011/03/23,12.90,13.23,12.78,13.18,9085778,124149872.00
2011/03/24,13.25,13.30,13.01,13.03,8261418,113458168.00
2011/03/25,13.14,13.56,13.01,13.37,12080357,168278448.00
2011/03/28,13.40,13.75,13.28,13.58,13325155,187702192.00
2011/03/29,13.58,13.58,13.09,13.10,8634163,119982456.00
2011/03/30,13.08,13.30,12.69,13.29,9222915,124988480.00
2011/03/31,13.35,13.38,12.81,12.86,6354480,86513424.00
2011/04/01,12.86,13.05,12.75,12.94,4329665,58379776.00
2011/04/06,12.86,12.86,12.55,12.64,8679362,115178000.00
2011/04/07,12.62,13.06,12.61,12.87,6494497,87401488.00
2011/04/08,12.87,12.98,12.60,12.97,7566253,101653104.00
2011/04/11,13.02,13.24,12.93,13.07,7698432,105688368.00
2011/04/12,13.00,13.28,12.77,13.19,10414342,141804880.00
2011/04/13,13.10,13.49,13.00,13.43,14493018,201957888.00
2011/04/14,13.45,13.65,13.20,13.40,15483621,217391312.00
2011/04/15,13.36,13.90,13.32,13.87,20164779,287252576.00
2011/04/18,13.77,14.07,13.61,13.74,16162707,232919072.00
2011/04/19,13.65,14.24,13.27,13.97,21448217,307546016.00
2011/04/20,13.86,13.97,13.54,13.58,10817859,154748432.00
2011/04/21,13.58,13.92,13.58,13.76,9045478,129856984.00
2011/04/22,13.75,13.75,13.20,13.22,10063567,141092640.00
2011/04/25,13.07,13.07,12.70,12.75,9377419,125986384.00
2011/04/26,12.73,12.88,12.41,12.45,6235954,82093312.00
2011/04/27,12.48,12.56,11.57,11.71,13849740,174971808.00
2011/04/28,11.72,11.98,11.56,11.57,6058776,74705200.00
2011/04/29,11.60,11.92,11.60,11.87,3706087,45951076.00
2011/05/03,11.90,11.99,11.60,11.81,6488645,80146064.00
2011/05/05,11.53,11.53,11.26,11.44,7133874,85468176.00
2011/05/06,11.34,11.55,11.14,11.52,4870863,58250192.00
2011/05/09,11.50,11.73,11.50,11.65,3880053,47509132.00
2011/05/10,11.65,11.84,11.55,11.75,3398681,41794144.00
2011/05/11,11.70,11.72,11.53,11.57,3641915,44497596.00
2011/05/12,11.47,11.55,11.23,11.25,5600504,66979968.00
2011/05/13,11.25,11.38,11.03,11.36,6258743,73740080.00
2011/05/16,11.37,11.73,11.31,11.55,5993709,72848264.00
2011/05/17,11.55,11.70,11.44,11.58,3975793,48486252.00
2011/05/18,11.58,11.66,11.48,11.63,2929201,35719660.00
2011/05/19,11.64,11.78,11.59,11.59,3433958,42119152.00
2011/05/20,11.60,11.80,11.28,11.75,7868178,95486840.00
2011/05/23,11.65,11.76,11.08,11.21,5079257,60934448.00
2011/05/24,11.11,11.34,11.07,11.29,2771035,32811340.00
2011/05/25,11.27,11.40,10.91,10.93,2975382,34646520.00
2011/05/26,10.90,11.10,10.81,10.84,3465691,39732964.00
2011/05/27,10.82,10.95,10.51,10.58,4102900,45753224.00
2011/05/30,10.51,10.55,10.04,10.12,4607510,49870120.00
2011/05/31,10.15,10.40,10.11,10.36,3335445,35888328.00
2011/06/01,10.45,10.69,10.32,10.55,4225222,46529448.00
2011/06/02,10.37,10.46,10.10,10.28,3948071,42464972.00
2011/06/03,10.33,10.65,10.21,10.54,3651095,40103900.00
2011/06/07,10.56,10.56,10.36,10.54,2869601,31557352.00
2011/06/08,10.55,10.57,10.30,10.54,3138879,34352980.00
2011/06/09,10.52,10.57,10.31,10.33,3348941,36658344.00
2011/06/10,10.34,10.48,10.19,10.45,2874760,31234320.00
2011/06/13,10.30,10.46,10.20,10.37,2679500,29026192.00
2011/06/14,10.32,10.55,10.32,10.50,4631059,50761544.00
2011/06/15,10.50,10.74,10.36,10.56,6655420,73698352.00
2011/06/16,10.41,10.45,10.08,10.09,4726189,50824208.00
2011/06/17,10.05,10.23,9.90,9.90,4529416,47880484.00
2011/06/20,9.80,9.90,9.20,9.49,6707720,67207360.00
2011/06/21,9.47,9.58,9.30,9.48,5634799,55994136.00
2011/06/22,9.48,9.56,9.35,9.39,3476756,34556280.00
2011/06/23,9.38,9.60,9.10,9.54,8882714,88230296.00
2011/06/24,9.58,9.99,9.50,9.85,10782805,110568720.00
2011/06/27,9.89,10.05,9.82,9.97,6740080,70397032.00
2011/06/28,9.94,9.98,9.78,9.91,5441414,56407856.00
2011/06/29,9.91,10.08,9.87,9.89,5936663,62116712.00
2011/06/30,9.93,10.04,9.81,10.02,8376791,87528712.00
2011/07/01,10.04,10.34,9.96,10.27,10192876,109126480.00
2011/07/04,10.24,10.56,10.24,10.48,7286426,79692120.00
2011/07/05,10.45,10.63,10.32,10.46,7024736,76989176.00
2011/07/06,10.42,10.56,10.30,10.47,5234373,57368808.00
2011/07/08,10.36,10.46,10.23,10.31,4507977,48814092.00
2011/07/11,10.25,10.44,10.17,10.39,4570663,49520680.00
2011/07/12,10.25,10.25,9.97,10.01,6795601,72048056.00
2011/07/13,10.00,10.57,10.00,10.52,8480486,91699624.00
2011/07/14,10.56,10.65,10.45,10.64,8522707,94285128.00
2011/07/15,10.60,10.74,10.56,10.68,5804627,64727972.00
2011/07/18,10.68,10.90,10.64,10.73,9233422,104239376.00
2011/07/19,10.60,10.70,10.45,10.56,5114221,56585556.00
2011/07/20,10.61,10.80,10.42,10.78,5719752,63637144.00
2011/07/21,10.85,11.15,10.75,10.76,15772643,181086192.00
2011/07/22,10.73,10.86,10.48,10.54,7346806,81765192.00
2011/07/25,10.45,10.45,9.85,9.92,7062274,75000440.00
2011/07/26,9.91,10.00,9.78,9.99,5262727,54534196.00
2011/07/27,10.20,11.04,10.20,11.04,16410313,185304704.00
2011/07/28,11.29,11.30,10.80,10.94,24229875,278981792.00
2011/07/29,10.79,10.90,10.50,10.63,11970716,133806576.00
2011/08/01,10.54,10.74,10.38,10.56,7174831,79504144.00
2011/08/02,10.47,10.48,10.00,10.20,7703451,82344096.00
2011/08/03,10.02,10.34,10.02,10.31,4998519,53484428.00
2011/08/04,10.31,10.35,10.17,10.22,4274809,45918724.00
2011/08/05,9.90,9.96,9.60,9.85,5068743,52439872.00
2011/08/08,9.62,9.88,8.98,9.28,8383440,83332320.00
2011/08/09,8.81,9.25,8.50,9.09,8732745,82401664.00
2011/08/10,9.25,9.41,9.10,9.13,5437471,53151692.00
2011/08/11,8.91,9.27,8.80,9.26,7824763,74972112.00
2011/08/12,9.31,9.55,9.31,9.42,6767331,67125200.00
2011/08/15,9.49,9.60,9.40,9.56,5037045,50372804.00
2011/08/16,9.56,9.59,9.40,9.41,3952154,39388592.00
2011/08/17,9.45,9.83,9.39,9.64,6850049,69454720.00
2011/08/18,9.58,9.65,9.33,9.34,4006741,39979660.00
2011/08/19,8.97,9.20,8.84,9.18,4031359,38594580.00
2011/08/22,9.12,9.23,9.06,9.14,2692384,25970086.00
2011/08/23,9.10,9.38,9.10,9.37,3169460,31061804.00
2011/08/24,9.40,9.55,9.27,9.32,3557863,35346280.00
2011/08/25,9.33,9.74,9.33,9.71,7674545,77369856.00
2011/08/26,9.70,9.87,9.61,9.71,6225082,63946896.00
2011/08/29,9.70,9.88,9.59,9.62,5632106,57757080.00
2011/08/30,9.70,9.92,9.52,9.54,6392712,65297140.00
2011/08/31,9.60,9.74,9.47,9.54,4008696,40485868.00
2011/09/01,9.58,9.76,9.48,9.55,4004669,40545304.00
2011/09/02,9.51,9.57,9.40,9.43,3121026,31109368.00
2011/09/05,9.30,9.44,9.21,9.23,2818453,27682420.00
2011/09/06,9.18,9.25,8.89,8.98,3850261,36655128.00
2011/09/07,9.02,9.42,9.02,9.36,3727700,36359608.00
2011/09/08,9.47,9.56,9.28,9.38,6423744,63902920.00
2011/09/09,9.45,9.84,9.45,9.69,8278997,84381088.00
2011/09/13,9.50,9.83,9.38,9.67,6512582,66103888.00
2011/09/14,9.80,10.12,9.76,9.94,10322690,107309160.00
2011/09/15,9.90,10.47,9.85,10.20,17888382,192419504.00
2011/09/16,10.18,10.59,10.12,10.40,15360106,166918176.00
2011/09/19,10.30,10.47,9.95,9.96,8450549,90046512.00
2011/09/20,9.88,10.66,9.88,10.53,13843117,150608704.00
2011/09/21,10.47,10.73,10.30,10.66,14793931,163044816.00
2011/09/22,10.50,10.85,10.45,10.48,14688765,163592864.00
2011/09/23,10.20,10.40,9.98,10.20,8139250,86766280.00
2011/09/26,10.20,10.35,9.78,9.94,6234457,66152528.00
2011/09/27,10.06,10.17,9.90,10.08,5336758,56435216.00
2011/09/28,10.16,10.25,9.56,9.60,6439586,66987728.00
2011/09/29,9.49,9.49,9.10,9.16,6421183,62828352.00
2011/09/30,9.19,9.30,9.05,9.22,3117836,30161704.00
2011/10/10,9.28,9.35,9.00,9.13,3182194,30624580.00
2011/10/11,9.38,9.45,9.10,9.24,3193843,31176872.00
2011/10/12,9.19,9.75,9.12,9.70,5410947,54281052.00
2011/10/13,9.61,9.77,9.60,9.71,4306842,43829912.00
2011/10/14,9.68,9.75,9.40,9.56,3353775,33718672.00
2011/10/17,9.55,9.75,9.53,9.58,2460325,24922636.00
2011/10/18,9.50,9.56,9.20,9.21,3906306,38330108.00
2011/10/19,9.25,10.08,9.10,9.83,9032314,91352568.00
2011/10/20,9.70,9.79,9.34,9.52,4009433,40312048.00
2011/10/21,9.38,9.76,9.38,9.42,3298329,33219250.00
2011/10/24,9.36,9.68,9.13,9.66,3823178,38032628.00
2011/10/25,9.61,10.05,9.61,9.97,10236266,106628232.00
2011/10/26,9.80,10.12,9.74,9.91,9386810,97710464.00
2011/10/27,9.99,10.13,9.77,9.90,5708768,59457296.00
2011/10/28,10.05,10.09,9.83,10.00,7442720,77948336.00
2011/10/31,9.98,9.99,9.77,9.86,5906311,61072608.00
2011/11/01,9.77,10.05,9.75,9.93,6808519,70797800.00
2011/11/02,9.73,9.97,9.69,9.95,5738828,59247760.00
2011/11/03,10.05,10.33,10.00,10.12,11188341,119602960.00
2011/11/04,10.12,10.34,10.03,10.32,8772960,94112408.00
2011/11/07,10.28,10.39,10.12,10.16,6409995,68905264.00
2011/11/08,10.20,10.25,9.85,9.87,5231752,55169980.00
2011/11/09,9.94,10.06,9.83,10.05,3976024,41558372.00
2011/11/10,9.90,10.00,9.85,9.87,4121566,42898512.00
2011/11/11,9.96,10.00,9.79,9.82,3248117,33769300.00
2011/11/14,9.93,10.18,9.83,10.17,6332755,66545388.00
2011/11/15,10.15,10.25,10.04,10.19,5100742,54241308.00
2011/11/16,10.19,10.21,9.78,9.82,5807441,60711336.00
2011/11/17,9.80,9.90,9.58,9.64,3844113,39427560.00
2011/11/18,9.61,9.62,9.28,9.29,5308837,52548468.00
2011/11/21,9.32,9.40,9.21,9.31,2707885,26528292.00
2011/11/22,9.25,9.33,9.05,9.20,3387893,32776744.00
2011/11/23,9.21,9.28,9.10,9.11,2409707,23347258.00
2011/11/24,9.05,9.17,8.96,9.07,2283988,21817164.00
2011/11/25,9.08,9.24,9.03,9.08,1702742,16400668.00
2011/11/28,9.18,9.34,9.14,9.33,3457363,33796584.00
2011/11/29,9.43,9.46,9.30,9.41,2554821,25188504.00
2011/11/30,9.38,9.38,8.52,8.66,6011462,56399044.00
2011/12/01,9.07,9.10,8.68,8.74,5538723,51934368.00
2011/12/02,8.73,8.73,8.45,8.46,4560294,41166788.00
2011/12/05,8.43,8.45,7.92,7.94,5390456,46424112.00
2011/12/06,7.94,8.05,7.89,7.97,2690983,22794778.00
2011/12/07,7.98,8.04,7.90,7.99,2291749,19406402.00
2011/12/08,8.01,8.02,7.71,7.83,3869639,32215008.00
2011/12/09,7.78,7.82,7.55,7.62,3884754,31669508.00
2011/12/12,7.62,7.66,7.44,7.45,2993246,24114852.00
2011/12/13,7.45,7.45,7.01,7.07,5286184,40395200.00
2011/12/14,7.00,7.16,6.96,6.99,2815971,21259932.00
2011/12/15,6.94,7.00,6.40,6.49,8416925,60161760.00
2011/12/16,6.47,6.69,6.30,6.67,5997598,41746128.00
2011/12/19,6.52,6.57,6.21,6.43,7633325,52473772.00
2011/12/20,6.40,6.57,6.34,6.44,4181042,29161048.00
2011/12/21,6.52,6.54,6.16,6.20,5328514,36513048.00
2011/12/22,6.11,6.11,5.72,5.90,7740244,49756096.00
2011/12/23,5.85,6.07,5.83,5.96,3441835,22288466.00
2011/12/26,5.97,6.09,5.92,5.96,3280590,21374940.00
2011/12/27,5.97,6.02,5.81,5.83,2690161,17208124.00
2011/12/28,5.79,5.91,5.70,5.90,2850193,17935704.00
2011/12/29,5.86,6.04,5.80,5.94,3116684,20121424.00
2011/12/30,5.97,6.04,5.89,6.00,5426566,35189808.00
2012/01/04,6.02,6.14,5.75,5.76,4133827,26737484.00
2012/01/05,5.73,5.73,5.52,5.52,3470022,21213928.00
2012/01/06,5.52,5.60,5.39,5.59,3266614,19521800.00
2012/01/09,5.59,5.86,5.49,5.85,5301825,33082992.00
2012/01/10,5.85,6.18,5.82,6.16,8353911,54528460.00
2012/01/11,6.18,6.19,6.03,6.12,5852435,38723744.00
2012/01/13,6.12,6.13,5.73,5.80,5967382,38238600.00
2012/01/16,5.63,5.80,5.63,5.76,3265627,20295584.00
2012/01/17,5.76,6.25,5.69,6.18,6581938,42564260.00
2012/01/18,6.11,6.70,6.11,6.45,16725815,116449072.00
2012/01/19,6.35,6.61,6.30,6.44,6571770,45704400.00
2012/01/20,6.46,6.55,6.40,6.49,4558732,31867770.00
2012/01/30,6.53,6.60,6.36,6.41,3722590,25922032.00
2012/01/31,6.30,6.38,6.11,6.17,6126655,40998388.00
2012/02/01,6.13,6.26,6.03,6.12,5152557,34097988.00
2012/02/02,6.14,6.35,6.12,6.32,5266672,35407528.00
2012/02/03,6.30,6.55,6.28,6.49,8392773,58418216.00
2012/02/06,6.48,6.83,6.42,6.65,10287912,73530528.00
2012/02/07,6.61,6.61,6.33,6.34,7403968,51063152.00
2012/02/08,6.26,6.58,6.23,6.54,9501664,65636140.00
2012/02/09,6.51,6.65,6.44,6.49,8928339,62867584.00
2012/02/10,6.45,6.78,6.44,6.77,12719228,90830328.00
2012/02/13,6.70,6.86,6.60,6.77,9240473,66958324.00
2012/02/14,6.77,6.77,6.57,6.66,8319607,59503712.00
2012/02/15,6.62,6.86,6.60,6.85,8815735,64079588.00
2012/02/16,6.82,6.96,6.70,6.84,11042271,80900688.00
2012/02/17,6.86,6.90,6.60,6.72,8573379,61830928.00
2012/02/20,6.84,6.87,6.68,6.69,7540415,54703728.00
2012/02/21,6.68,6.89,6.54,6.88,9702311,70212744.00
2012/02/22,6.81,7.62,6.81,7.48,39892771,316698464.00
2012/02/23,7.40,7.46,7.27,7.34,15253911,119884456.00
2012/02/24,7.34,7.44,7.28,7.37,7759144,60847540.00
2012/02/27,7.41,7.52,7.33,7.33,11179500,88709760.00
2012/02/28,7.28,7.30,7.06,7.19,10483101,80197880.00
2012/02/29,7.14,7.32,7.10,7.18,8064108,62340744.00
2012/03/01,7.11,7.44,7.10,7.24,8604890,67136160.00
2012/03/02,7.27,7.41,7.24,7.38,7971667,62551708.00
2012/03/05,7.38,7.50,7.29,7.32,7117833,56101344.00
2012/03/06,7.32,7.33,7.07,7.10,10281854,78518472.00
2012/03/07,7.00,7.15,6.96,7.04,6296571,47559340.00
2012/03/08,7.08,7.18,7.04,7.13,5594318,42614728.00
2012/03/09,7.16,7.24,7.10,7.24,6516435,49968432.00
2012/03/12,7.25,7.29,7.15,7.27,7137009,55141676.00
2012/03/13,7.26,7.50,7.26,7.42,11225055,88747344.00
2012/03/14,7.49,7.50,6.71,6.89,13743658,105444752.00
2012/03/15,6.88,6.95,6.56,6.69,8462696,61253916.00
2012/03/16,6.72,6.87,6.69,6.80,8801946,64067468.00
2012/03/19,6.83,7.04,6.76,6.98,7791012,57629844.00
2012/03/20,6.98,6.98,6.70,6.73,5793018,42374348.00
2012/03/21,6.75,6.83,6.58,6.81,7072119,50955368.00
2012/03/22,6.79,6.87,6.71,6.77,3891309,28400132.00
2012/03/23,6.76,6.80,6.63,6.66,3929647,28247152.00
2012/03/26,6.67,6.74,6.60,6.65,2219848,15886436.00
2012/03/27,6.70,6.73,6.62,6.64,2396157,17189092.00
2012/03/28,6.62,6.62,6.16,6.17,6147783,41863568.00
2012/03/29,6.05,6.28,6.00,6.10,6346274,42161320.00
2012/03/30,6.09,6.15,5.83,5.96,4597024,29854188.00
2012/04/05,6.01,6.18,5.95,6.17,4429352,29210466.00
2012/04/06,6.17,6.37,6.11,6.25,3700477,24971252.00
2012/04/09,6.23,6.45,6.13,6.31,4547886,31006172.00
2012/04/10,6.20,6.45,6.14,6.42,6161363,41951284.00
2012/04/11,6.39,6.55,6.26,6.51,7279459,50499048.00
2012/04/12,6.55,6.80,6.46,6.77,11011543,79075048.00
2012/04/13,6.77,6.86,6.67,6.76,8364642,60794200.00
2012/04/16,6.65,6.86,6.62,6.83,9223593,66746704.00
2012/04/17,6.80,6.85,6.51,6.55,7076122,50883596.00
2012/04/18,6.55,6.75,6.55,6.69,5178784,37118700.00
2012/04/19,6.69,6.74,6.62,6.70,3998962,28708812.00
2012/04/20,6.73,6.94,6.65,6.88,12526177,91734536.00
2012/04/23,7.01,7.14,6.60,6.62,14671378,107927536.00
2012/04/24,6.50,6.68,6.29,6.52,8865402,61706136.00
2012/04/25,6.50,6.98,6.45,6.94,14720879,107665736.00
2012/04/26,6.98,7.02,6.80,6.85,11368355,84093784.00
2012/04/27,6.82,6.90,6.63,6.65,7733526,56088932.00
2012/05/02,6.70,6.75,6.45,6.63,11346010,80446872.00
2012/05/03,6.59,6.64,6.52,6.63,6107184,43182824.00
2012/05/04,6.64,6.70,6.57,6.61,5977917,42536336.00
2012/05/07,6.56,6.59,6.39,6.47,7908781,55034224.00
2012/05/08,6.47,6.49,6.31,6.44,5082407,35192712.00
2012/05/09,6.38,6.43,6.32,6.33,4511971,30927046.00
2012/05/10,6.32,6.42,6.32,6.38,3036863,20867792.00
2012/05/11,6.46,6.61,6.40,6.42,6662542,46751760.00
2012/05/14,6.43,6.49,6.29,6.31,4412833,30326878.00
2012/05/16,6.21,6.36,6.00,6.03,8255606,54999920.00
2012/05/17,6.03,6.18,6.00,6.16,4961534,32781248.00
2012/05/18,6.10,6.16,6.01,6.03,3794214,24963792.00
2012/05/21,6.02,6.07,5.82,5.95,4406178,28323204.00
2012/05/22,5.99,6.14,5.96,6.13,4275417,28014228.00
2012/05/23,6.10,6.10,5.97,6.05,3363507,21968672.00
2012/05/24,6.04,6.08,5.94,5.97,2804267,18229956.00
2012/05/25,5.97,6.00,5.82,5.87,3599581,22956174.00
2012/05/28,5.87,5.96,5.73,5.95,3694262,23444916.00
2012/05/29,5.99,6.10,5.94,6.07,3683680,23900952.00
2012/05/30,6.06,6.16,6.04,6.13,3982335,26101040.00
2012/05/31,6.08,6.14,6.04,6.11,3542559,23112144.00
2012/06/01,6.11,6.15,6.08,6.13,2513837,16498389.00
2012/06/04,6.02,6.02,5.76,5.77,5150901,32538358.00
2012/06/05,5.81,5.84,5.76,5.80,2365192,14768225.00
2012/06/06,5.81,5.85,5.76,5.78,2046096,12762192.00
2012/06/07,5.84,5.86,5.73,5.76,1808597,11288655.00
2012/06/08,5.82,5.82,5.66,5.67,3124122,19248994.00
2012/06/11,5.66,5.82,5.65,5.80,2702523,16774383.00
2012/06/12,5.76,6.29,5.75,6.18,19241703,125860896.00
2012/06/13,6.07,6.28,6.07,6.20,7080392,46842928.00
2012/06/14,6.20,6.20,6.00,6.02,6294073,40998456.00
2012/06/15,6.05,6.07,5.91,5.96,4142053,26593096.00
2012/06/18,6.06,6.25,5.98,6.19,7114240,46940312.00
2012/06/19,6.17,6.37,6.14,6.24,9124244,61473656.00
2012/06/20,6.29,6.51,6.28,6.48,12615577,86910128.00
2012/06/21,6.47,6.47,6.24,6.33,6694248,45412292.00
2012/06/25,6.31,6.31,6.06,6.11,6126420,40426868.00
2012/06/26,6.05,6.21,5.97,6.20,3829304,25002132.00
2012/06/27,6.17,6.20,6.03,6.11,3289052,21545220.00
2012/06/28,6.09,6.14,5.76,5.78,4297287,27467718.00
2012/06/29,5.80,5.83,5.51,5.75,7276843,44502224.00
2012/07/02,5.80,5.84,5.66,5.75,4006945,24835802.00
2012/07/03,5.77,5.99,5.77,5.95,5553407,35269540.00
2012/07/04,5.97,6.00,5.84,5.92,2844619,18033572.00
2012/07/05,5.92,6.20,5.86,6.05,8074266,52658064.00
2012/07/06,6.17,6.70,6.03,6.54,24426378,168191328.00
2012/07/09,6.46,6.68,6.37,6.44,16954692,118329712.00
2012/07/10,6.44,7.11,6.43,6.92,25607250,187158224.00
2012/07/11,6.97,7.27,6.76,7.18,20970361,156924128.00
2012/07/12,7.14,7.31,6.98,7.20,16663729,126670792.00
2012/07/13,7.16,7.23,6.91,6.96,13954157,104498288.00
2012/07/16,6.92,7.30,6.86,7.05,16877631,127042800.00
2012/07/17,6.96,7.70,6.87,7.63,28447343,220566848.00
2012/07/18,7.58,8.11,7.43,7.94,37305335,309109536.00
2012/07/19,7.85,7.96,7.61,7.76,21932534,180211328.00
2012/07/20,7.66,7.85,7.42,7.65,19260898,155090176.00
2012/07/23,7.55,7.69,7.38,7.49,11355205,90546976.00
2012/07/24,7.71,7.93,7.53,7.60,15581205,127018408.00
2012/07/25,7.59,7.66,7.12,7.16,17036262,131792168.00
2012/07/26,7.10,7.31,6.99,7.08,8350467,63502504.00
2012/07/27,7.15,7.28,7.08,7.19,6983770,53127432.00
2012/07/30,7.18,7.25,7.01,7.09,5721197,43095716.00
2012/07/31,7.20,7.81,7.14,7.54,19612434,156483008.00
2012/08/01,7.54,7.67,7.36,7.58,12941291,102845496.00
2012/08/02,7.48,7.74,7.39,7.60,12102476,97087488.00
2012/08/03,7.67,7.67,7.43,7.59,10047225,80050512.00
2012/08/06,7.60,7.81,7.47,7.75,12012436,97540272.00
2012/08/07,7.66,8.36,7.66,8.18,22467486,192998576.00
2012/08/08,8.07,8.14,7.82,7.92,12425808,104365328.00
2012/08/09,7.86,7.96,7.70,7.95,15202142,126040240.00
2012/08/10,7.91,8.04,7.74,7.74,8516915,70508176.00
2012/08/13,7.71,8.00,7.68,7.81,15557754,129575544.00
2012/08/14,7.81,8.21,7.61,7.73,16900673,140436864.00
2012/08/15,7.69,7.77,7.45,7.61,8359669,67118592.00
2012/08/16,7.56,7.64,7.36,7.50,5824943,46315128.00
2012/08/17,7.43,7.60,7.43,7.59,3584076,28532048.00
2012/08/20,7.53,7.75,7.52,7.72,5834041,47324576.00
2012/08/21,7.71,7.88,7.63,7.71,6384329,52214416.00
2012/08/22,7.73,7.78,7.46,7.53,5252059,42360804.00
2012/08/23,7.48,7.59,7.38,7.51,5868365,46532708.00
2012/08/24,7.54,8.04,7.46,7.86,16569846,137661824.00
2012/08/27,7.84,8.21,7.77,7.98,18397606,156367104.00
2012/08/28,7.91,8.15,7.91,8.12,9814496,83401080.00
2012/08/29,8.12,8.18,7.96,7.98,5232946,44291020.00
2012/08/30,8.04,8.66,7.85,8.07,11719035,101426744.00
2012/08/31,7.95,8.63,7.87,8.43,16659191,146650864.00
2012/09/03,8.36,9.05,8.34,8.98,20023616,186433328.00
2012/09/04,9.03,9.14,8.80,8.90,14762444,138849168.00
2012/09/05,8.86,8.92,8.62,8.85,7403382,68150384.00
2012/09/06,8.84,8.96,8.52,8.62,9109308,82947984.00
2012/09/07,8.71,9.09,8.66,8.96,13894113,130758536.00
2012/09/10,9.00,9.06,8.66,8.81,8424059,77693496.00
2012/09/11,8.75,8.96,8.66,8.84,4482590,41528308.00
2012/09/12,8.87,9.25,8.81,9.01,8382639,79548176.00
2012/09/13,9.01,9.02,8.51,8.53,9736746,88985688.00
2012/09/14,8.56,8.69,8.42,8.55,3974407,35731996.00
2012/09/17,8.59,8.70,8.39,8.61,5129707,46132600.00
2012/09/18,8.56,8.82,8.49,8.56,4328206,39448904.00
2012/09/19,8.38,8.60,8.36,8.45,4322803,38391556.00
2012/09/20,8.47,8.47,7.73,7.83,6829156,58189824.00
2012/09/21,7.83,7.83,7.44,7.60,10296821,82659768.00
2012/09/24,7.57,7.81,7.46,7.73,4695495,38047016.00
2012/09/25,7.78,7.85,7.09,7.20,9861653,77641056.00
2012/09/26,7.31,7.69,7.31,7.56,9945747,79289088.00
2012/09/27,7.57,8.32,7.45,8.15,11666703,98715328.00
2012/09/28,8.11,8.56,8.06,8.42,8263528,73189888.00
2012/10/08,8.51,8.77,8.38,8.57,8224801,74656600.00
2012/10/09,8.57,8.70,8.44,8.59,5834957,52408460.00
2012/10/10,8.59,8.60,8.38,8.41,4713670,41849924.00
2012/10/11,8.42,8.55,8.19,8.41,5145213,45154120.00
2012/10/12,8.37,8.59,8.36,8.49,4457784,39767192.00
2012/10/15,8.48,8.86,8.36,8.77,10065648,91991904.00
2012/10/16,8.73,8.84,8.62,8.79,4264766,39156528.00
2012/10/17,8.79,8.89,8.66,8.70,2934050,27036272.00
2012/10/18,8.66,8.77,8.60,8.71,4064800,37143984.00
2012/10/19,8.71,8.91,8.65,8.69,4840883,44455528.00
2012/10/22,8.67,8.82,8.60,8.72,4272246,39157040.00
2012/10/23,8.75,8.75,8.20,8.33,8097689,71431984.00
2012/10/24,8.22,8.42,8.22,8.39,2535597,22316672.00
2012/10/25,8.27,8.44,8.22,8.24,2499860,21971396.00
2012/10/26,8.23,8.32,7.97,8.01,2638330,22481152.00
2012/10/29,7.97,8.11,7.71,7.98,2155380,18085208.00
2012/10/30,8.06,8.82,8.06,8.76,7188196,64214280.00
2012/11/06,9.04,9.04,7.99,8.14,16090854,141433376.00
2012/11/07,8.06,8.33,7.88,8.11,5549849,47559668.00
2012/11/08,8.00,8.29,7.78,8.11,5013818,42549604.00
2012/11/09,8.17,8.17,7.92,8.08,2273084,19257802.00
2012/11/12,8.08,8.14,7.79,7.81,3854857,32037784.00
2012/11/13,7.82,7.82,7.41,7.46,5852820,46427148.00
2012/11/14,7.44,7.61,7.38,7.52,1789545,14215301.00
2012/11/15,7.44,7.57,7.40,7.42,1817189,14411361.00
2012/11/16,7.36,7.50,7.31,7.36,1601392,12513859.00
2012/11/19,7.44,7.46,7.22,7.39,1733627,13475791.00
2012/11/20,7.38,7.60,7.36,7.42,2708894,21423712.00
2012/11/21,7.42,7.50,7.06,7.43,3612796,28118504.00
2012/11/22,7.39,7.47,7.13,7.14,3449349,26624484.00
2012/11/23,7.15,7.28,7.14,7.19,3549484,27111494.00
2012/11/26,7.19,7.36,6.76,6.80,5296452,40041760.00
2012/11/27,6.79,6.82,6.13,6.16,6090820,42040012.00
2012/11/28,6.13,6.13,5.67,5.85,7320029,45949956.00
2012/11/29,5.86,5.95,5.74,5.75,3687194,23139050.00
2012/11/30,5.75,5.85,5.74,5.82,4607353,28683508.00
2012/12/03,5.83,6.07,5.73,5.80,6905631,43543084.00
2012/12/04,5.76,5.99,5.61,5.93,4150042,25962196.00
2012/12/05,5.91,6.32,5.86,6.27,7075617,46812240.00
2012/12/06,6.28,6.28,5.94,6.17,13766525,89360912.00
2012/12/07,6.06,6.48,5.99,6.38,11120189,74989536.00
2012/12/10,6.34,6.78,6.26,6.60,9812010,68451176.00
2012/12/11,6.51,6.74,6.45,6.58,6700406,47518164.00
2012/12/12,6.58,6.64,6.46,6.56,3883614,27156556.00
2012/12/13,6.56,6.57,6.31,6.36,2758000,18997526.00
2012/12/14,6.36,6.69,6.34,6.64,5907607,41702428.00
2012/12/17,6.63,6.84,6.63,6.72,5777294,41551228.00
2012/12/18,6.75,6.89,6.60,6.65,4649626,33480408.00
2012/12/19,6.65,6.86,6.61,6.73,3311189,23858780.00
2012/12/20,6.67,6.84,6.57,6.83,4893515,34924844.00
2012/12/21,6.88,6.89,6.72,6.75,3240435,23420776.00
2012/12/24,6.71,6.78,6.67,6.70,1978079,14152240.00
2012/12/25,6.68,6.89,6.67,6.84,5563268,40403156.00
2012/12/26,6.84,6.96,6.76,6.93,5321939,39088156.00
2012/12/27,6.88,6.93,6.73,6.84,7211683,52202188.00
2012/12/28,6.81,7.02,6.79,6.99,9470659,69652312.00
2012/12/31,6.99,7.15,6.89,7.06,6300816,46764736.00
2013/01/04,7.06,7.08,6.73,6.82,7351831,53798188.00
2013/01/07,6.83,6.85,6.74,6.82,5349476,38647200.00
2013/01/08,6.81,7.00,6.76,6.88,9793891,71775336.00
2013/01/09,6.97,7.31,6.87,7.24,23203389,175426256.00
2013/01/10,7.31,8.01,7.31,8.01,17906270,148715200.00
2013/01/11,8.32,8.43,7.81,8.09,35441300,302535808.00
2013/01/14,7.89,8.86,7.87,8.60,29187882,258975296.00
2013/01/15,8.46,8.77,8.33,8.51,14665795,130941880.00
2013/01/16,8.50,8.94,8.46,8.69,23829570,218422624.00
2013/01/17,8.69,8.83,8.48,8.79,12275857,111902128.00
2013/01/18,8.77,8.96,8.65,8.84,12256382,113544960.00
2013/01/21,8.82,8.86,8.45,8.52,14400575,130045024.00
2013/01/22,8.44,8.73,8.42,8.48,11043132,99601192.00
2013/01/23,8.41,8.82,8.37,8.76,10068515,91084464.00
2013/01/24,9.06,9.68,8.97,9.22,38299888,375706368.00
2013/01/25,9.06,9.25,8.86,8.99,12985076,122871664.00
2013/01/28,8.97,9.82,8.97,9.57,22135156,219751920.00
2013/01/29,9.50,10.11,9.50,9.98,18279665,188646528.00
2013/01/30,9.92,10.00,9.69,9.98,12037467,123908056.00
2013/01/31,9.91,9.96,9.66,9.82,7321054,74627816.00
2013/02/01,9.80,9.92,9.70,9.86,7844182,80522080.00
2013/02/04,9.86,9.86,9.31,9.55,12727346,126748808.00
2013/02/05,9.36,9.87,9.14,9.87,12051513,119808880.00
2013/02/06,9.81,10.41,9.74,10.21,13771983,147964416.00
2013/02/07,10.06,10.46,10.04,10.30,7727733,82625152.00
2013/02/08,10.22,10.60,10.16,10.47,5507418,60140804.00
2013/02/18,10.52,10.86,10.47,10.67,7499526,83572056.00
2013/02/19,10.60,10.66,9.99,10.08,8109537,86448248.00
2013/02/20,10.08,10.63,9.84,10.58,11141331,119240560.00
2013/02/21,10.46,10.51,10.21,10.37,9907162,107342360.00
2013/02/22,10.36,10.37,9.86,9.88,9139400,96393936.00
2013/02/25,9.87,10.35,9.56,10.33,17248387,178465360.00
2013/02/26,10.15,10.46,9.90,10.01,8707264,92597424.00
2013/02/27,9.88,10.46,9.88,10.22,11455477,122473624.00
2013/02/28,10.27,10.71,10.27,10.62,9844645,108340128.00
2013/03/01,10.62,11.22,10.46,11.12,16012743,182592304.00
2013/03/04,10.94,11.43,10.64,10.80,19650512,226140960.00
2013/03/05,10.56,11.08,10.56,11.04,8204654,93138944.00
2013/03/06,10.96,12.19,10.96,12.19,24170120,297581120.00
2013/03/07,12.44,12.56,11.91,12.24,22720827,288111616.00
2013/03/08,12.19,13.16,12.11,12.20,17736331,232400576.00
2013/03/11,12.20,12.20,10.96,11.68,15578903,185903472.00
2013/03/12,11.66,11.74,10.81,11.30,14794756,172072960.00
2013/03/13,11.28,11.66,10.93,11.60,11406629,134225520.00
2013/03/14,11.48,12.09,11.27,11.92,9580407,117582936.00
2013/03/15,11.95,12.21,11.66,11.88,11245913,139681424.00
2013/03/18,11.76,12.04,11.35,11.45,9471723,114146648.00
2013/03/19,11.36,11.84,11.11,11.62,8261572,98907592.00
2013/03/20,11.57,12.54,11.51,12.40,11584850,145626512.00
2013/03/21,12.42,13.20,12.42,12.76,19212634,255727344.00
2013/03/22,12.76,12.97,12.56,12.88,7648307,101266944.00
2013/03/25,12.96,13.33,12.84,12.95,7670716,103608376.00
2013/03/26,12.82,13.68,12.65,13.66,14638646,200408304.00
2013/03/27,13.41,13.91,13.26,13.55,12240011,171397936.00
2013/03/28,13.37,13.79,12.93,13.69,15613034,215919056.00
2013/03/29,13.47,13.69,13.19,13.22,8576631,119375064.00
2013/04/01,13.21,13.64,12.68,12.80,11281901,152039744.00
2013/04/02,12.92,12.96,11.83,11.91,14197473,181235056.00
2013/04/03,11.88,11.96,11.16,11.43,17253588,205276512.00
2013/04/08,11.36,12.54,10.95,12.35,14783777,179472944.00
2013/04/09,12.33,12.99,12.27,12.70,13545298,177408608.00
2013/04/10,12.76,12.95,12.36,12.82,10677174,140411776.00
2013/04/11,12.81,13.03,12.50,12.57,6429003,84161728.00
2013/04/12,12.91,13.87,12.91,13.19,17451217,241186144.00
2013/04/15,13.19,13.45,12.16,12.50,14222915,187006912.00
2013/04/16,11.97,12.69,11.66,12.44,11508898,146569824.00
2013/04/17,12.39,12.52,12.09,12.40,11911383,151431280.00
2013/04/18,12.26,12.89,12.23,12.87,11933146,156024000.00
2013/04/19,13.06,13.44,12.79,13.12,13074946,177341952.00
2013/04/22,13.01,13.41,12.80,13.39,10676344,144978048.00
2013/04/23,13.36,13.86,12.86,13.07,15885527,219279280.00
2013/04/24,13.11,13.68,12.90,13.59,13369619,184482272.00
2013/04/25,13.59,13.81,12.98,13.02,12285005,170191696.00
2013/04/26,13.00,13.02,12.11,12.22,15879384,203634528.00
2013/05/02,12.11,12.49,11.94,12.36,12300414,155403664.00
2013/05/03,12.36,12.69,11.91,12.03,11627297,148066720.00
2013/05/06,12.15,12.32,11.67,12.15,23592648,291434528.00
2013/05/07,12.09,12.11,11.14,11.37,29448173,353120384.00
2013/05/08,11.36,11.66,11.27,11.56,13977570,166589216.00
2013/05/09,11.56,11.89,11.42,11.87,15915650,193418272.00
2013/05/10,11.84,11.96,11.62,11.72,8687272,105932544.00
2013/05/13,11.67,11.88,11.61,11.70,7642152,93020448.00
2013/05/14,11.64,11.79,11.02,11.04,15014994,174351776.00
2013/05/15,11.03,11.13,10.76,11.05,11151815,127028592.00
2013/05/16,10.96,11.12,10.76,11.05,15412913,175120912.00
2013/05/17,11.07,11.24,11.05,11.16,14835545,171907216.00
2013/05/20,11.19,11.84,11.16,11.74,20559669,247214800.00
2013/05/21,11.78,12.30,11.66,12.10,21725922,270047968.00
2013/05/22,12.09,12.11,11.54,11.68,18151518,221290976.00
2013/05/23,11.64,11.83,11.34,11.50,17387075,208636336.00
2013/05/24,11.43,11.63,11.37,11.56,8338264,99559448.00
2013/05/27,11.76,12.76,11.76,12.76,37739281,488607488.00
2013/05/28,13.16,13.31,12.76,13.04,45048211,606920640.00
2013/05/29,12.97,13.95,12.76,13.69,44144966,609356736.00
2013/05/30,13.36,14.00,13.35,13.60,26894310,381035264.00
2013/05/31,13.66,14.08,13.26,13.51,22620469,318856512.00
2013/06/03,13.59,13.76,12.98,13.15,16922743,229912976.00
2013/06/04,13.13,13.41,12.57,12.85,16361144,216966240.00
2013/06/05,12.83,13.28,12.77,12.96,12959920,173007744.00
2013/06/06,12.78,12.83,12.24,12.31,13656895,175417088.00
2013/06/07,12.45,12.45,11.62,11.78,14475433,177117344.00
2013/06/13,11.60,12.38,11.02,12.26,18398421,222113552.00
2013/06/14,12.11,12.28,11.84,12.06,13186669,163610448.00
2013/06/17,12.07,12.54,12.07,12.11,12889395,162495248.00
2013/06/18,11.98,11.98,11.53,11.82,12226812,147905872.00
2013/06/19,11.67,12.27,11.53,12.23,13827568,170669424.00
2013/06/20,11.74,11.92,11.51,11.54,16053855,193508048.00
2013/06/21,11.17,11.37,10.38,11.11,13397972,151657184.00
2013/06/24,10.94,11.34,10.28,10.64,12179619,136581536.00
2013/06/25,10.38,10.46,9.54,10.05,26287113,266295072.00
2013/06/26,10.05,10.47,9.68,10.29,19610424,204205568.00
2013/06/27,10.33,11.14,10.33,10.40,19257366,213223136.00
2013/06/28,10.31,10.69,9.98,10.23,11629725,124648920.00
2013/07/01,10.28,10.83,10.19,10.82,13311756,145860288.00
2013/07/02,10.93,11.88,10.93,11.76,18625244,219828928.00
2013/07/03,11.68,12.16,11.52,11.95,19750782,241416288.00
2013/07/04,12.15,12.34,11.82,11.90,15958315,198976448.00
2013/07/05,11.98,12.12,11.71,11.76,11365112,138439808.00
2013/07/08,11.38,11.96,11.20,11.46,14151988,168302768.00
2013/07/09,11.61,11.66,11.27,11.45,9533718,112248672.00
2013/07/10,11.31,11.58,10.94,11.48,16122636,187569008.00
2013/07/11,11.48,11.93,11.33,11.77,15685479,188468160.00
2013/07/12,11.62,12.10,11.54,11.65,15301732,185916992.00
2013/07/15,11.46,12.02,11.28,11.97,16620172,199676208.00
2013/07/16,12.08,12.88,12.00,12.77,26653441,343433760.00
2013/07/17,12.77,13.03,12.48,12.50,19853394,259454160.00
2013/07/18,12.49,13.28,12.31,13.08,24009290,320801824.00
2013/07/19,13.05,13.84,12.91,12.93,26585396,366726432.00
2013/07/22,12.78,13.76,12.71,13.58,18069418,249171600.00
2013/07/23,13.71,14.41,13.71,14.29,28015551,406684224.00
2013/07/24,14.38,14.48,14.08,14.40,21581332,315788736.00
2013/07/25,14.40,15.18,14.38,14.44,23898627,361887712.00
2013/07/26,14.44,14.92,14.07,14.18,16010301,235579024.00
2013/07/29,14.19,14.47,13.88,14.06,13746882,199075200.00
2013/07/30,14.03,14.37,13.38,13.47,16140187,226578416.00
2013/07/31,13.66,13.83,13.44,13.69,9613650,134333584.00
2013/08/01,13.58,14.65,13.57,14.54,16486939,235676352.00
2013/08/02,14.67,14.98,14.38,14.68,16255037,243728224.00
2013/08/05,14.73,15.93,14.73,15.87,22534236,355007552.00
2013/08/06,15.68,16.36,15.63,15.88,19810742,322249408.00
2013/08/07,15.78,16.53,15.71,16.00,19441709,319966752.00
2013/08/08,15.81,16.29,15.58,15.95,11571301,188079808.00
2013/08/09,15.88,16.83,15.83,16.62,19664079,330217600.00
2013/08/12,16.59,16.85,16.21,16.49,17915117,301355392.00
2013/08/13,16.48,16.56,15.83,15.86,12032448,197279968.00
2013/08/14,15.86,16.36,15.72,16.09,12202474,199075152.00
2013/08/15,15.93,16.08,15.33,15.35,13988051,221395520.00
2013/08/16,15.28,15.69,14.86,14.93,10988869,172121408.00
2013/08/19,14.68,15.68,14.44,15.66,17496644,267399744.00
2013/08/20,15.49,16.12,15.48,15.71,12557882,202374080.00
2013/08/21,15.88,16.01,15.29,15.47,7452851,118151544.00
2013/08/22,15.49,16.06,15.38,15.70,8992744,144669568.00
2013/08/23,15.50,15.78,14.83,14.96,14317825,221820272.00
2013/08/26,15.14,15.36,14.96,15.21,10814016,167536192.00
2013/08/27,15.13,15.21,14.48,14.94,18453710,278717824.00
2013/08/28,14.69,14.94,14.50,14.53,9894350,148275200.00
2013/08/29,14.58,14.88,14.52,14.62,7194343,107983832.00
2013/08/30,14.57,14.66,13.61,13.97,14797490,213449296.00
2013/09/02,13.88,14.54,13.88,14.41,8573650,125183072.00
2013/09/03,14.53,14.95,14.41,14.92,11350516,171924160.00
2013/09/04,15.05,15.32,14.82,14.88,9847544,151220512.00
2013/09/05,15.06,15.06,14.57,14.64,8789656,132120832.00
2013/09/06,14.52,14.52,13.93,14.01,16763684,241876288.00
2013/09/09,14.06,14.13,13.14,13.79,29469150,408044736.00
2013/09/10,13.63,13.85,13.48,13.83,16506236,230637472.00
2013/09/11,13.82,13.83,13.31,13.50,12248758,169645936.00
2013/09/12,13.41,13.73,13.41,13.62,9903950,137492768.00
2013/09/13,13.58,14.62,13.54,14.43,26574324,387264704.00
2013/09/16,14.28,14.41,13.89,14.21,13043633,189114288.00
2013/09/17,14.17,14.20,13.35,13.50,16846290,235096256.00
2013/09/18,13.48,13.57,12.79,12.97,20486403,273850624.00
2013/09/23,13.03,13.28,12.84,13.25,15392170,205708912.00
2013/09/24,13.14,13.17,12.83,12.87,15389576,203620512.00
2013/09/25,12.83,13.00,12.33,12.46,24810515,321962848.00
2013/09/26,12.40,12.63,12.18,12.31,14728015,187566400.00
2013/09/27,12.34,12.86,12.29,12.77,15980419,207024944.00
2013/09/30,12.69,13.19,12.40,13.03,17946790,235228208.00
2013/10/08,12.90,13.25,12.72,13.22,16381737,218948000.00
2013/10/09,13.20,13.33,12.91,13.07,13516294,181171664.00
2013/10/10,13.04,13.04,12.54,12.71,22051186,286855104.00
2013/10/11,12.77,12.95,12.69,12.81,12497566,164103712.00
2013/10/14,12.85,13.47,12.83,13.46,26256311,355455360.00
2013/10/15,13.53,13.56,13.03,13.12,16891581,228926032.00
2013/10/16,13.06,13.08,12.43,12.56,17243634,224450592.00
2013/10/17,12.67,12.78,11.92,12.06,19840453,250421552.00
2013/10/18,12.12,12.14,11.82,11.92,14103506,173159168.00
2013/10/21,11.98,12.22,11.74,12.20,22473533,276108896.00
2013/10/22,12.12,12.30,12.01,12.23,19423127,241338848.00
2013/10/23,12.14,12.21,11.52,11.55,19369916,234081344.00
2013/10/24,11.63,11.78,11.46,11.61,8183285,97765280.00
2013/10/25,11.63,11.66,10.70,10.79,22635973,257356368.00
2013/10/28,10.84,11.04,10.79,10.97,10864736,121915304.00
2013/10/29,10.90,11.03,10.19,10.52,17176376,187051248.00
2013/10/30,10.48,10.60,10.39,10.58,9385868,101749312.00
2013/10/31,10.55,10.55,10.25,10.33,12767748,136178368.00
2013/11/01,10.33,10.38,10.04,10.26,12124464,127324768.00
2013/11/04,10.29,10.60,10.29,10.46,13292659,143237968.00
2013/11/05,10.46,10.82,10.18,10.72,19242958,210466352.00
2013/11/06,10.60,10.72,10.35,10.36,17147455,186458992.00
2013/11/07,10.28,10.37,10.03,10.05,10737271,112737424.00
2013/11/08,10.14,10.44,10.14,10.17,14426938,152716368.00
2013/11/11,10.16,10.38,10.04,10.30,9801486,103189232.00
2013/11/12,10.29,10.60,10.16,10.57,16880001,180768128.00
2013/11/13,10.48,10.52,10.16,10.18,11570784,123180480.00
2013/11/14,10.08,10.31,10.04,10.27,7764925,81658224.00
2013/11/15,10.27,10.72,10.24,10.56,17738724,192935920.00
2013/11/18,10.56,10.90,10.53,10.89,20319010,224696528.00
2013/11/19,10.88,11.10,10.80,11.00,18590803,209765200.00
2013/11/20,11.02,11.09,10.90,11.01,13807471,155934464.00
2013/11/21,11.02,11.11,10.86,10.93,14689281,165857024.00
2013/11/22,11.00,11.93,10.89,11.85,43847872,521537920.00
2013/11/25,11.62,11.75,11.51,11.61,21618234,258419216.00
2013/11/26,11.53,12.02,11.53,11.63,18732221,226721392.00
2013/11/27,11.58,11.66,11.28,11.56,17735016,208891120.00
2013/11/28,11.52,11.76,11.49,11.53,18045770,215762128.00
2013/11/29,11.60,11.94,11.55,11.66,16405478,197905360.00
2013/12/02,11.37,11.50,10.74,10.88,20405040,234403776.00
2013/12/03,10.74,11.23,10.70,11.19,15386710,173327744.00
2013/12/04,11.19,11.66,11.09,11.63,21417959,253443776.00
2013/12/05,11.58,11.75,11.50,11.70,13332907,159366976.00
2013/12/06,11.70,11.78,11.49,11.53,10641870,127027752.00
2013/12/09,11.62,11.82,11.55,11.78,12879784,155009760.00
2013/12/10,11.74,11.85,11.59,11.81,13827253,166595216.00
2013/12/11,11.81,12.52,11.81,12.25,42866554,538259584.00
2013/12/12,12.22,12.34,12.04,12.17,17943624,224389536.00
2013/12/13,12.16,12.45,12.03,12.23,15104463,190351664.00
2013/12/16,12.23,12.33,11.80,11.83,12830985,157665056.00
2013/12/17,11.83,11.89,11.53,11.58,10027827,120647312.00
2013/12/18,11.55,11.63,11.19,11.45,11164359,131015760.00
2013/12/19,11.45,11.77,11.42,11.45,7997100,95232192.00
2013/12/20,11.47,11.54,11.23,11.30,7896543,92290064.00
2013/12/23,11.21,11.33,10.44,10.58,18439735,202873296.00
2013/12/24,10.60,10.75,10.41,10.63,12647888,138480128.00
2013/12/25,10.66,10.78,10.58,10.74,7178989,78978448.00
2013/12/26,10.73,10.79,10.35,10.38,8963458,97449712.00
2013/12/27,10.28,10.29,9.49,10.25,21986648,225269648.00
2013/12/30,10.13,10.34,10.08,10.15,9861957,103649560.00
2013/12/31,10.15,10.36,10.12,10.27,6411576,67934776.00
2014/01/02,10.30,10.67,10.26,10.64,10984111,118692192.00
2014/01/03,10.57,10.72,10.39,10.53,7629994,82574560.00
2014/01/06,10.51,10.51,9.68,9.78,14364700,147145168.00
2014/01/07,9.73,9.90,9.63,9.79,5219131,52782528.00
2014/01/08,9.86,9.96,9.72,9.74,5764269,58409424.00
2014/01/09,9.78,9.86,9.52,9.56,7950634,79680376.00
2014/01/10,9.49,9.58,8.99,9.09,11868167,112963448.00
2014/01/13,9.09,9.26,8.93,8.97,7538010,70836688.00
2014/01/14,9.04,9.18,8.88,9.17,8988304,83878112.00
2014/01/15,9.21,9.44,9.18,9.34,8741917,84219592.00
2014/01/16,9.35,9.49,9.32,9.35,5597881,54295964.00
2014/01/17,9.33,9.34,9.10,9.17,4847610,46205044.00
2014/01/20,9.14,9.44,9.14,9.38,6860891,66380060.00
2014/01/21,9.39,9.86,9.38,9.83,10702130,106841344.00
2014/01/22,9.90,10.29,9.90,10.11,13210754,137773888.00
2014/01/23,10.08,10.20,9.94,10.09,8763192,91156464.00
2014/01/24,10.07,10.47,10.01,10.28,10541868,112077440.00
2014/01/27,10.19,10.47,10.12,10.38,9048979,96562256.00
2014/01/28,10.54,10.60,10.09,10.16,10326693,108982280.00
2014/01/29,10.20,10.36,10.20,10.30,5569224,59009980.00
2014/01/30,10.25,10.33,10.10,10.12,4457440,46886444.00
2014/02/07,10.02,10.37,9.86,10.36,7711722,80547640.00
2014/02/10,10.36,10.64,10.36,10.62,10953553,119230208.00
2014/02/11,10.83,11.04,10.55,10.72,20065946,223483472.00
2014/02/12,10.79,11.49,10.70,11.42,22220703,253860928.00
2014/02/13,11.28,11.58,11.18,11.22,16864281,197471232.00
2014/02/14,11.21,11.42,11.08,11.26,12356732,142625824.00
2014/02/17,11.31,11.44,11.19,11.35,14269768,165681872.00
2014/02/18,11.46,11.77,11.36,11.44,26104682,310259008.00
2014/02/19,11.43,11.44,11.09,11.16,17603099,203101568.00
2014/02/20,11.13,11.24,10.79,10.83,14341824,161355792.00
2014/02/21,10.80,11.11,10.76,10.95,11624727,130708544.00
2014/02/24,10.88,10.90,10.69,10.83,9094666,101152080.00
2014/02/25,10.90,11.06,10.38,10.48,13079496,145985680.00
2014/02/26,10.40,10.46,10.08,10.32,10959641,115728728.00
2014/02/27,10.35,10.42,9.85,9.92,13378462,139992720.00
2014/02/28,9.92,10.09,9.63,10.01,12228744,124143440.00
2014/03/03,10.08,10.66,10.04,10.65,17361836,186288560.00
2014/03/04,10.58,10.93,10.45,10.74,15830807,174451728.00
2014/03/05,10.77,10.85,10.55,10.57,8176882,89504640.00
2014/03/06,10.58,10.58,10.18,10.32,9647560,102710576.00
2014/03/07,10.32,10.56,10.19,10.33,9052634,97138480.00
2014/03/10,10.29,10.29,9.90,9.94,6652157,68917888.00
2014/03/11,10.13,10.97,10.13,10.87,33152605,365909504.00
2014/03/12,10.89,11.16,10.48,11.15,37224295,417617120.00
2014/03/13,11.23,11.63,11.22,11.31,35784498,419374464.00
2014/03/14,11.18,11.96,11.08,11.92,41907927,497522912.00
2014/03/17,11.91,12.18,11.71,12.02,37275308,456229472.00
2014/03/18,11.98,12.12,11.70,11.74,27483334,334149824.00
2014/03/19,11.59,12.01,11.51,11.74,28365172,343012352.00
2014/03/20,11.67,11.87,11.26,11.28,24677063,292332640.00
2014/03/21,11.29,12.35,11.18,12.16,40184049,485617632.00
2014/03/24,12.04,12.68,12.01,12.48,45004786,569881664.00
2014/03/25,12.48,12.62,12.21,12.30,27406018,347268096.00
2014/03/26,12.28,12.85,12.19,12.69,37003944,477010944.00
2014/03/27,12.78,12.93,12.46,12.57,37193432,485357408.00
2014/03/28,12.48,12.72,11.83,11.86,37019187,468691200.00
2014/03/31,11.88,12.53,11.56,12.50,29063009,360614784.00
2014/04/01,12.34,13.08,12.34,12.64,43260725,565909952.00
2014/04/02,12.67,12.88,12.51,12.66,29389185,381811648.00
2014/04/03,12.78,13.02,12.54,12.77,29874324,392111936.00
2014/04/04,12.69,13.48,12.59,13.26,51633124,698350528.00
2014/04/08,13.08,13.75,13.06,13.18,49792019,682414848.00
2014/04/09,13.06,13.47,12.90,13.45,34975745,470257088.00
2014/04/10,13.44,13.44,12.95,13.00,33012329,445261920.00
2014/04/11,12.88,13.17,12.82,12.97,17088886,227725520.00
2014/04/14,12.97,13.08,12.58,12.99,21745334,286405344.00
2014/04/15,12.90,12.93,12.19,12.20,39981246,511044960.00
2014/04/16,12.08,12.42,12.04,12.28,19981056,250636752.00
2014/04/17,12.27,12.54,12.20,12.22,16441611,208504608.00
2014/04/18,12.17,12.31,11.99,12.12,12922975,161187616.00
2014/04/21,12.00,12.33,11.89,12.15,13643124,170294800.00
2014/04/22,11.89,12.04,11.38,11.64,25137534,300634208.00
2014/04/23,11.63,11.65,11.44,11.50,12809431,151691056.00
2014/04/24,11.45,11.59,11.39,11.41,10408191,122896088.00
2014/04/25,11.40,11.47,10.81,10.88,16699720,191642016.00
2014/04/28,10.91,10.91,10.37,10.41,13217218,143361728.00
2014/04/29,10.36,10.63,10.24,10.59,14137275,151820608.00
2014/04/30,10.15,10.15,9.50,9.50,11883800,117896712.00
2014/05/05,8.91,9.32,8.91,9.25,28264536,265470496.00
2014/05/06,9.17,9.36,9.10,9.23,18757977,179778784.00
2014/05/07,9.27,9.30,9.05,9.09,13593102,129204928.00
2014/05/08,9.14,9.25,9.02,9.04,13972297,132043760.00
2014/05/09,9.00,9.11,8.71,8.83,13671682,126167328.00
2014/05/12,8.92,9.13,8.84,9.10,17383465,162318576.00
2014/05/13,9.12,9.24,9.05,9.13,12079361,114172416.00
2014/05/14,9.17,9.18,9.06,9.11,7835814,73894216.00
2014/05/15,9.11,9.12,8.74,8.80,15148493,139247392.00
2014/05/16,8.78,8.84,8.39,8.55,14981524,133644112.00
2014/05/19,8.57,8.70,8.38,8.68,8612818,76582224.00
2014/05/20,8.70,8.80,8.65,8.71,8414751,76140008.00
2014/05/21,8.74,8.82,8.53,8.80,6422946,57995440.00
2014/05/22,8.83,8.95,8.73,8.77,9679773,88714864.00
2014/05/23,8.77,8.87,8.75,8.86,6022797,54950036.00
2014/05/26,8.87,8.97,8.81,8.96,8161903,75109512.00
2014/05/27,8.97,8.97,8.74,8.78,8764872,80437184.00
2014/05/28,8.78,8.83,8.65,8.82,9617825,87160232.00
2014/05/29,8.82,8.82,8.60,8.61,8846296,79688104.00
2014/05/30,8.61,8.71,8.58,8.66,6448023,57744080.00
2014/06/03,8.68,8.78,8.63,8.66,7142051,64457216.00
2014/06/04,8.66,8.70,8.52,8.57,5614711,50026696.00
2014/06/05,8.57,8.69,8.54,8.67,5721236,51225296.00
2014/06/06,8.68,8.69,8.54,8.56,5119041,45675156.00
2014/06/09,8.55,8.63,8.46,8.47,6005667,53215128.00
2014/06/10,8.47,8.49,7.76,8.01,26377992,219491904.00
2014/06/11,7.98,8.08,7.95,8.02,10114537,84402448.00
2014/06/12,8.01,8.76,8.00,8.71,29037147,255846224.00
2014/06/13,8.68,8.76,8.53,8.72,17572477,157751088.00
2014/06/16,8.73,8.76,8.60,8.67,10456788,93955448.00
2014/06/17,8.70,9.03,8.67,8.89,27462741,253396304.00
2014/06/18,8.90,8.90,8.59,8.61,12742284,111874288.00
2014/06/19,8.56,8.63,8.15,8.25,12775061,108080072.00
2014/06/20,8.25,8.34,8.20,8.32,5133396,43034448.00
2014/06/23,8.37,8.46,8.28,8.29,6271790,53130184.00
2014/06/24,8.29,8.99,8.29,8.75,20573520,180085152.00
2014/06/25,8.70,8.75,8.53,8.67,10806961,94268416.00
2014/06/26,8.70,8.93,8.65,8.75,14723551,131065704.00
2014/06/27,8.77,9.13,8.73,9.00,25122951,229180304.00
2014/06/30,9.00,9.09,8.89,9.05,12957511,117968184.00
2014/07/01,9.01,9.07,8.84,8.95,13320581,120387400.00
2014/07/02,8.97,9.02,8.80,8.88,13186948,118377336.00
2014/07/03,8.88,9.08,8.81,9.01,17326393,157876224.00
2014/07/04,9.03,9.26,8.97,9.14,22780742,210687664.00
2014/07/07,9.11,9.14,8.96,9.06,10166499,92904544.00
2014/07/08,9.05,9.05,8.90,9.02,7983425,72461792.00
2014/07/09,9.02,9.07,8.77,8.78,11308608,102096984.00
2014/07/10,8.78,8.85,8.63,8.67,12753306,112674176.00
2014/07/11,8.64,8.85,8.61,8.78,6667515,59137244.00
2014/07/14,8.82,9.05,8.78,9.02,10973028,99615192.00
2014/07/15,9.02,9.06,8.90,8.99,8815816,79881544.00
2014/07/16,8.96,9.02,8.89,8.93,6880809,62263360.00
2014/07/17,8.99,9.12,8.91,9.06,13468678,122911568.00
2014/07/18,8.98,8.98,8.50,8.68,22951706,201654624.00
2014/07/21,8.53,8.64,8.38,8.46,13171979,112801048.00
2014/07/22,8.45,8.50,8.32,8.49,15009181,127673992.00
2014/07/23,8.46,8.50,8.26,8.34,12062831,102147800.00
2014/07/24,8.35,8.41,8.28,8.40,8263375,69965424.00
2014/07/25,8.40,8.52,8.35,8.51,8837636,75412664.00
2014/07/28,8.51,8.79,8.51,8.72,14833786,130068112.00
2014/07/29,8.75,8.95,8.72,8.94,21377453,191534576.00
2014/07/30,9.00,9.03,8.81,8.93,15877289,142895168.00
2014/07/31,8.93,9.00,8.86,8.99,14321320,129482520.00
2014/08/01,8.98,9.14,8.92,8.96,21089750,192029216.00
2014/08/04,8.95,9.10,8.92,9.10,18460466,168638848.00
2014/08/05,9.11,9.46,9.02,9.40,40803836,384347360.00
2014/08/06,9.32,9.52,9.24,9.39,23300704,221045824.00
2014/08/07,9.36,9.46,9.21,9.24,17549621,165420768.00
2014/08/08,9.25,9.34,9.12,9.22,12620920,117428856.00
2014/08/11,9.30,9.55,9.27,9.48,22607830,215629744.00
2014/08/12,9.47,9.54,9.40,9.51,14464817,138471744.00
2014/08/13,9.50,9.52,9.24,9.36,15064271,142680224.00
2014/08/14,9.35,9.41,9.19,9.21,14436350,135904272.00
2014/08/15,9.36,10.14,9.35,10.14,67822903,678355200.00
2014/08/18,10.35,10.84,10.29,10.65,72517001,773325952.00
2014/08/19,10.58,10.58,10.33,10.50,39148085,412769856.00
2014/08/20,10.43,10.46,10.22,10.38,24304942,253676800.00
2014/08/21,10.42,10.61,10.30,10.47,30274792,320240992.00
2014/08/22,10.47,10.48,10.25,10.32,18221334,189953744.00
2014/08/25,10.35,10.38,10.14,10.19,16230973,167365232.00
2014/08/26,10.19,10.19,9.65,9.71,27457081,273626176.00
2014/08/27,9.65,9.79,9.62,9.68,12385258,121345928.00
2014/08/28,9.69,9.70,9.41,9.52,13809290,133094032.00
2014/08/29,9.54,9.65,9.45,9.65,9826600,95150088.00
2014/09/01,9.67,9.93,9.61,9.86,13475792,133235216.00
2014/09/02,9.90,9.96,9.82,9.93,17867339,178452576.00
2014/09/03,9.93,10.28,9.90,10.19,27933257,284859200.00
2014/09/04,10.12,10.21,10.07,10.17,16248551,166509664.00
2014/09/05,10.17,10.27,10.01,10.14,15246034,155851472.00
2014/09/09,10.14,10.25,9.93,10.22,17861109,181952896.00
2014/09/10,10.19,10.19,10.01,10.13,12735271,129990376.00
2014/09/11,10.14,10.39,10.07,10.35,32613982,338063008.00
2014/09/12,10.30,10.38,10.24,10.38,18454863,192448368.00
2014/09/15,10.40,10.46,10.26,10.38,19633631,205674240.00
2014/09/16,10.40,10.43,9.79,9.86,26572794,271326048.00
2014/09/17,9.85,9.96,9.63,9.84,15647668,155218512.00
2014/09/18,9.83,9.93,9.75,9.90,10284377,102495712.00
2014/09/19,9.90,10.05,9.78,10.01,13669482,136931120.00
2014/09/22,9.97,9.97,9.72,9.75,11484721,113721760.00
2014/09/23,9.75,9.86,9.75,9.86,10628053,105323984.00
2014/09/24,9.83,10.05,9.77,10.03,14251060,143039680.00
2014/09/25,10.11,10.77,10.06,10.49,49571126,521126880.00
2014/09/26,10.30,10.45,10.25,10.31,21220934,221260480.00
2014/09/29,10.38,10.59,10.31,10.42,22684943,239166976.00
2014/09/30,10.42,10.50,10.33,10.35,15713552,164815280.00
2014/10/08,10.41,10.60,10.38,10.59,25262004,268475264.00
2014/10/09,10.58,10.63,10.33,10.50,22481162,237833248.00
2014/10/10,10.41,10.46,10.28,10.31,16383218,171476944.00
2014/10/13,10.30,10.40,10.13,10.40,15235809,157872544.00
2014/10/14,10.37,10.48,10.23,10.34,13963888,146300528.00
2014/10/15,10.34,10.39,10.21,10.33,11844390,123337600.00
2014/10/16,10.30,10.34,10.06,10.07,14748548,152293840.00
2014/10/17,10.04,10.07,9.81,9.93,16252013,163018784.00
2014/10/20,9.97,10.07,9.95,10.04,7002958,70874656.00
2014/10/21,10.05,10.06,9.85,9.87,8933415,89699040.00
2014/10/22,9.88,9.99,9.74,9.75,8767212,87555808.00
2014/10/23,9.70,9.78,9.33,9.38,16363162,156781392.00
2014/10/24,9.41,9.45,9.32,9.40,6212607,58967564.00
2014/10/27,9.65,9.97,9.54,9.75,16304649,161303136.00
2014/10/28,9.70,9.94,9.68,9.91,10512554,104300608.00
2014/10/29,9.92,10.07,9.76,9.95,17338895,173531200.00
2014/10/31,9.70,10.26,9.59,10.13,28059209,282279424.00
2014/11/03,10.09,10.19,10.00,10.04,18551631,188447792.00
2014/11/04,10.04,10.20,10.01,10.09,13917710,141865056.00
2014/11/05,10.08,10.10,9.93,9.96,11276070,113624992.00
2014/11/06,9.95,10.01,9.84,9.90,9964137,99804384.00
2014/11/07,9.94,9.98,9.68,9.73,12399119,123359432.00
2014/11/10,9.77,9.88,9.68,9.85,8675178,85757720.00
2014/11/11,9.85,9.95,9.49,9.54,13660868,133708296.00
2014/11/12,9.56,9.68,9.50,9.64,7891489,76816632.00
2014/11/13,9.65,9.94,9.63,9.85,17825450,177010576.00
2014/11/14,9.84,9.91,9.75,9.85,8504015,84506928.00
2014/11/17,9.89,9.98,9.81,9.93,9765367,97854432.00
2014/11/18,9.93,9.93,9.78,9.83,8155431,80886304.00
2014/11/19,9.84,9.85,9.68,9.76,8576022,84440640.00
2014/11/20,9.73,9.76,9.66,9.69,6586738,64599420.00
2014/11/21,9.71,9.77,9.67,9.76,7091318,69738280.00
2014/11/24,9.83,9.92,9.78,9.89,13196656,131396960.00
2014/11/25,9.89,10.10,9.85,10.08,18875637,190443920.00
2014/11/26,10.08,10.12,9.93,10.02,16232189,164309472.00
2014/11/27,10.04,10.32,10.00,10.16,24236584,249049776.00
2014/11/28,10.13,10.23,9.93,10.08,18774170,190991056.00
2014/12/01,10.09,10.37,10.08,10.32,30292956,313041184.00
2014/12/02,10.36,10.49,10.29,10.40,30774918,322597408.00
2014/12/03,10.38,10.77,10.31,10.56,41511879,440852384.00
2014/12/04,10.58,10.80,10.51,10.75,38615974,417012064.00
2014/12/05,10.76,10.80,10.02,10.28,36220863,380235744.00
2014/12/08,10.29,10.42,10.06,10.31,25150367,261499408.00
2014/12/09,10.29,10.76,10.14,10.44,47171926,497083680.00
2014/12/10,10.49,10.99,10.32,10.97,52574599,571495616.00
2014/12/11,10.83,11.05,10.71,10.94,36458715,400806528.00
2014/12/12,11.03,11.03,10.78,10.90,22219347,243814416.00
2014/12/15,10.89,11.34,10.83,11.29,38654996,435768480.00
2014/12/16,11.30,11.32,11.06,11.19,22895599,257588400.00
2014/12/17,11.19,11.22,10.65,10.77,28277864,310106496.00
2014/12/18,10.76,10.89,10.70,10.77,15358598,167474592.00
2014/12/19,10.70,10.77,10.26,10.54,23456592,249055504.00
2014/12/22,10.56,10.56,10.17,10.18,19725126,204913696.00
2014/12/23,10.16,10.37,10.12,10.20,13436062,139423952.00
2014/12/24,10.19,10.65,10.19,10.64,21089903,223043328.00
2014/12/25,10.63,10.68,10.51,10.64,15921357,169941904.00
2014/12/26,10.64,10.83,10.56,10.68,17922383,193857328.00
2014/12/29,10.68,10.73,10.35,10.38,18974976,200698480.00
2014/12/30,10.37,10.45,10.21,10.22,12004745,124767128.00
2014/12/31,10.22,10.34,10.14,10.28,9438995,97569792.00
2015/01/05,10.28,10.58,10.25,10.53,19165259,202718144.00
2015/01/06,10.50,10.75,10.31,10.73,23854003,253716480.00
2015/01/07,10.68,10.98,10.54,10.86,26269421,285153344.00
2015/01/08,10.80,10.98,10.72,10.84,23634095,258792848.00
2015/01/09,10.78,10.90,10.42,10.45,18648687,201962448.00
2015/01/12,10.39,10.44,10.25,10.39,10939212,114332216.00
2015/01/13,10.41,10.66,10.38,10.62,11386205,121035896.00
2015/01/14,10.62,10.65,10.35,10.39,9655038,102237088.00
2015/01/15,10.33,10.52,10.33,10.48,8279144,87413792.00
2015/01/16,10.47,10.84,10.42,10.79,22556924,243692544.00
2015/01/19,10.40,10.75,9.98,10.21,23011839,243597520.00
2015/01/20,10.22,10.44,10.22,10.39,16507720,172367152.00
2015/01/21,10.39,10.75,10.34,10.67,21187523,226305872.00
2015/01/22,10.66,11.05,10.59,10.99,38998434,427287168.00
2015/01/23,10.96,11.01,10.74,10.78,26551788,290719136.00
2015/01/26,10.78,11.29,10.77,11.28,40228974,451940288.00
2015/01/27,11.29,11.29,10.99,11.22,30058641,337870912.00
2015/01/28,11.11,11.50,10.92,11.42,51502290,583237248.00
2015/01/29,11.29,11.48,11.10,11.13,30899911,352757632.00
2015/01/30,11.09,11.23,10.96,10.97,16820381,188152032.00
2015/02/02,11.10,11.14,10.90,11.03,11976955,133514408.00
2015/02/03,11.09,11.35,11.08,11.25,19176692,217657552.00
2015/02/04,11.25,11.27,10.90,10.92,18327771,204191728.00
2015/02/05,11.02,11.07,10.70,10.74,15551742,170446640.00
2015/02/06,10.71,10.79,10.53,10.63,11557993,124385848.00
2015/02/09,10.65,10.82,10.64,10.74,7616772,82605912.00
2015/02/10,10.74,10.82,10.61,10.63,8358680,90423112.00
2015/02/11,10.67,10.78,10.60,10.78,9383073,101392784.00
2015/02/12,10.77,10.86,10.72,10.82,9401400,102389744.00
2015/02/13,10.83,10.99,10.81,10.92,17886365,197119408.00
2015/02/16,10.94,11.09,10.90,11.01,12497825,138676400.00
2015/02/17,11.04,11.14,10.91,10.92,13989871,155288192.00
2015/02/25,10.88,11.13,10.84,11.08,14380259,159380016.00
2015/02/26,11.10,11.18,11.02,11.17,15994338,179500208.00
2015/02/27,11.19,11.27,11.07,11.10,20501560,231276624.00
2015/03/02,11.12,11.23,11.07,11.22,18946991,213134912.00
2015/03/03,11.21,11.42,11.12,11.13,24741129,281801184.00
2015/03/04,11.13,11.40,11.06,11.38,22239189,252650560.00
2015/03/05,11.37,11.66,11.22,11.60,32132779,371573920.00
2015/03/06,11.53,11.70,11.40,11.45,17362853,202014848.00
2015/03/09,11.46,11.69,11.30,11.66,16650650,193930368.00
2015/03/10,11.66,11.86,11.59,11.66,18515916,218812096.00
2015/03/11,11.79,12.18,11.68,11.98,32570517,392099744.00
2015/03/12,11.90,11.96,11.60,11.62,27907015,330958720.00
2015/03/13,11.62,11.71,11.55,11.64,13964804,163896192.00
2015/03/16,11.65,11.87,11.65,11.83,19224784,228802800.00
2015/03/17,11.89,12.04,11.63,11.79,34825875,417460064.00
2015/03/18,11.76,12.34,11.73,12.22,42642308,521111360.00
2015/03/19,12.16,12.40,12.06,12.20,31573447,388757984.00
2015/03/20,12.20,12.50,12.09,12.48,31986226,396048384.00
2015/03/23,12.43,12.60,12.30,12.58,32509415,407597504.00
2015/03/24,12.60,12.62,11.91,12.21,39198425,483615776.00
2015/03/25,12.19,12.36,12.03,12.25,27294769,335477120.00
2015/03/26,12.19,12.55,12.05,12.50,38321662,478146720.00
2015/03/27,12.50,12.84,12.35,12.40,31097304,393233152.00
2015/03/30,12.50,12.64,12.33,12.59,28467677,358772832.00
2015/03/31,12.60,12.78,12.42,12.53,34003554,431863968.00
2015/04/01,12.55,12.73,12.46,12.70,29568243,376555520.00
2015/04/02,12.79,13.16,12.69,13.06,50760039,662084352.00
2015/04/03,12.97,13.21,12.90,13.10,31029394,408380224.00
2015/04/07,13.10,13.39,13.01,13.38,32528294,434330080.00
2015/04/08,13.40,13.43,12.90,13.00,36114006,477779040.00
2015/04/09,13.00,13.05,12.41,12.66,30419710,388805152.00
2015/04/10,12.66,13.00,12.57,12.90,28650460,370962752.00
2015/04/13,12.91,13.18,12.85,13.11,32630845,428806304.00
2015/04/14,13.00,13.11,12.70,12.91,39885649,518569568.00
2015/04/15,12.86,12.90,12.15,12.17,37572100,472619456.00
2015/04/16,12.13,12.42,11.95,12.35,25707713,316815328.00
2015/04/17,12.40,12.62,12.35,12.49,31921168,401728480.00
2015/04/20,12.40,12.71,12.17,12.32,37346263,468318176.00
2015/04/21,12.32,12.75,12.29,12.69,32086326,406680096.00
2015/04/22,12.72,13.04,12.70,13.01,42387848,551630336.00
2015/04/23,13.10,13.25,12.85,13.23,49426260,649786112.00
2015/04/24,13.18,13.99,13.06,13.57,60361541,826769344.00
2015/04/27,13.73,13.81,13.40,13.64,40785427,557608000.00
2015/04/28,13.72,13.73,12.96,13.10,39331924,527763808.00
2015/04/29,13.07,13.54,12.97,13.42,26600198,356724832.00
2015/04/30,13.45,13.65,13.23,13.24,27383699,371047776.00
2015/05/04,13.18,13.32,13.02,13.28,22059360,292963904.00
2015/05/05,13.24,13.24,12.61,12.66,29493203,383170496.00
2015/05/06,12.67,12.83,12.28,12.36,21718998,276401376.00
2015/05/07,12.30,12.59,12.21,12.42,17781386,222087744.00
2015/05/08,12.53,12.65,12.44,12.62,14821296,187560496.00
2015/05/11,12.70,12.89,12.65,12.87,22024794,283771072.00
2015/05/12,12.87,12.93,12.69,12.87,22139161,285793984.00
2015/05/13,12.90,13.23,12.82,13.18,34236145,450795616.00
2015/05/14,13.18,13.37,13.00,13.26,26297685,349496704.00
2015/05/15,13.25,13.29,12.78,13.07,25720212,336932544.00
2015/05/18,12.88,13.33,12.83,13.32,28100243,368968512.00
2015/05/19,13.35,13.69,13.22,13.53,37632478,509926688.00
2015/05/20,13.45,13.87,13.45,13.53,39820548,548317248.00
2015/05/21,14.28,14.79,13.88,14.48,58454450,850241152.00
2015/05/22,14.51,15.23,14.31,14.83,58635143,869580096.00
2015/05/25,14.51,15.44,14.41,15.14,57764636,875658112.00
2015/05/26,15.35,15.75,15.13,15.57,56465763,877784448.00
2015/05/27,15.55,15.55,15.07,15.29,42072295,646072960.00
2015/05/28,15.29,15.98,14.56,14.58,63853604,986164224.00
2015/05/29,14.53,15.00,13.91,14.69,42747094,625407872.00
2015/06/01,15.40,16.17,15.20,16.17,45561483,731476800.00
2015/06/02,17.20,17.80,17.20,17.80,26778483,475505600.00
2015/06/03,18.90,19.50,17.70,18.14,100512482,1877032064.00
2015/06/04,18.40,19.89,17.28,19.62,84343399,1590998272.00
2015/06/05,19.70,20.34,18.70,19.17,63986570,1248093312.00
2015/06/08,19.09,19.09,18.11,18.41,43911288,816278528.00
2015/06/09,18.35,18.85,18.05,18.55,30099646,559214720.00
2015/06/10,18.47,19.65,18.00,19.11,49795467,958315392.00
2015/06/11,18.98,19.40,18.56,19.34,36329536,692047168.00
2015/06/12,19.30,21.09,18.99,20.54,56026767,1128494464.00
2015/06/15,20.86,21.40,20.00,20.73,52245936,1084128128.00
2015/06/16,20.31,20.33,18.80,19.54,41662391,826981312.00
2015/06/17,19.40,19.64,18.31,19.38,32884160,628841536.00
2015/06/18,19.56,19.86,18.48,18.51,24096231,463200064.00
2015/06/19,17.98,18.25,16.66,16.66,35208886,608890560.00
2015/06/23,16.48,17.00,14.99,16.47,40919266,655178112.00
2015/06/24,16.80,16.98,15.95,16.78,42883490,711238912.00
2015/06/25,16.80,17.17,15.90,16.05,39680406,663174976.00
2015/06/26,15.59,15.59,14.45,14.45,38180540,565012736.00
2015/06/29,14.70,14.84,13.01,13.09,49328258,673704704.00
2015/06/30,13.08,14.00,11.85,13.94,45941009,598366208.00
2015/07/01,13.70,14.58,12.85,12.99,42080422,585868416.00
2015/07/02,12.83,13.21,11.69,11.69,44378870,542131776.00
2015/07/03,11.01,11.72,10.52,10.52,52677704,569726080.00
2015/07/06,11.55,11.55,9.47,9.58,59439007,604776384.00
2015/07/07,9.00,9.17,8.62,8.62,25443244,223360384.00
2015/07/13,9.48,9.48,9.48,9.48,2944809,27916788.00
2015/07/14,10.43,10.43,10.43,10.43,2393524,24964456.00
2015/07/15,11.00,11.00,9.39,9.39,84043139,861750784.00
2015/07/16,9.35,10.11,8.62,9.87,50873635,484526368.00
2015/07/17,9.93,10.78,9.88,10.68,44402161,459319648.00
2015/07/20,10.68,11.25,10.50,11.01,59620256,647714496.00
2015/07/21,10.75,11.29,10.60,11.09,50078481,550003328.00
2015/07/22,11.02,11.60,10.90,11.28,62437136,703066688.00
2015/07/23,11.30,11.80,11.15,11.71,57339612,659053760.00
2015/07/24,11.67,12.14,11.18,11.35,61338960,719594880.00
2015/07/27,11.01,11.32,10.22,10.22,51093193,554262592.00
2015/07/28,9.65,10.12,9.20,9.82,51527229,498498784.00
2015/07/29,10.00,10.58,9.62,10.55,30769728,308775008.00
2015/07/30,10.51,10.86,10.05,10.17,32659584,343964032.00
2015/07/31,10.01,10.39,9.83,10.12,25684655,258877376.00
2015/08/03,9.99,10.11,9.41,10.05,24262518,238872928.00
2015/08/04,10.03,10.87,10.01,10.86,25895164,271685856.00
2015/08/05,10.80,10.95,10.44,10.59,22985918,246708032.00
2015/08/06,10.42,10.80,10.36,10.78,17663830,187658624.00
2015/08/07,10.88,11.16,10.80,11.09,25740245,283261632.00
2015/08/10,11.18,11.67,11.09,11.59,38171305,435678080.00
2015/08/11,11.57,11.65,11.28,11.46,34156342,392006912.00
2015/08/12,11.30,11.74,11.24,11.39,27703801,319548640.00
2015/08/13,11.31,11.65,11.05,11.63,24711335,281668128.00
2015/08/14,11.70,11.95,11.62,11.68,33307651,392021440.00
2015/08/17,11.55,11.98,11.38,11.96,30649108,358243200.00
2015/08/18,12.02,12.21,10.76,10.76,43359084,501190752.00
2015/08/19,10.36,10.98,9.93,10.91,28546186,299018656.00
2015/08/20,10.71,11.13,10.40,10.63,20259599,217615520.00
2015/08/21,10.20,10.58,9.89,9.91,19999977,204416336.00
2015/08/24,9.40,9.49,8.92,8.92,14534428,131173576.00
2015/08/25,8.03,8.25,8.03,8.03,23784134,191632880.00
2015/08/26,8.00,8.17,7.23,7.26,36666029,281479136.00
2015/08/27,7.50,7.69,7.04,7.67,29585351,219881808.00
2015/08/28,7.77,8.24,7.64,8.16,34142862,268333200.00
2015/08/31,8.02,8.05,7.72,7.74,21773439,170975504.00
2015/09/01,7.70,7.70,7.06,7.19,21074624,154003168.00
2015/09/02,6.83,7.48,6.51,6.91,20084325,142168656.00
2015/09/07,7.08,7.40,7.01,7.11,17491330,126223736.00
2015/09/08,7.10,7.59,7.01,7.54,17250096,125618792.00
2015/09/09,7.56,7.96,7.53,7.85,27512750,213890336.00
2015/09/10,7.77,7.80,7.59,7.67,15092835,116408256.00
2015/09/11,7.60,7.83,7.53,7.72,14261678,109529488.00
2015/09/14,7.74,7.78,6.95,6.95,25203402,182062688.00
2015/09/15,6.76,6.89,6.48,6.50,18008391,120743024.00
2015/09/16,6.57,7.15,6.50,7.12,20087588,136635168.00
2015/09/17,7.11,7.30,6.98,7.01,19327500,138279328.00
2015/09/18,7.03,7.14,6.91,7.06,11186989,78558208.00
2015/09/21,6.97,7.34,6.92,7.33,13550935,97211936.00
2015/09/22,7.38,7.53,7.28,7.40,17668067,130527344.00
2015/09/23,7.28,7.34,7.10,7.16,15899742,114749768.00
2015/09/24,7.18,7.35,7.18,7.32,15843382,115036176.00
2015/09/25,7.29,7.34,6.90,7.05,18134751,129154360.00
2015/09/28,7.07,7.22,6.94,7.21,15807196,112134496.00
2015/09/29,7.05,7.12,6.98,7.05,12784222,90145008.00
2015/09/30,7.05,7.16,7.04,7.08,6969203,49486572.00
2015/10/08,7.33,7.43,7.26,7.37,16856503,123967448.00
2015/10/09,7.32,7.56,7.32,7.51,21212958,157955936.00
2015/10/12,7.62,7.99,7.54,7.90,31316971,244669264.00
2015/10/13,7.88,8.11,7.81,8.01,22945544,182374688.00
2015/10/14,7.96,8.18,7.88,7.89,22733085,181963120.00
2015/10/15,7.84,8.14,7.83,8.12,22819204,183514816.00
2015/10/16,8.20,8.28,8.02,8.20,30665130,249714480.00
2015/10/19,8.26,8.44,8.09,8.23,27501892,227603072.00
2015/10/20,8.26,8.42,8.11,8.39,26317179,218353568.00
2015/10/21,8.45,8.48,7.60,7.72,33518640,272419008.00
2015/10/22,7.72,8.03,7.70,7.98,20618115,162039664.00
2015/10/23,8.01,8.26,7.95,8.21,25816758,209882512.00
2015/10/26,8.87,9.03,8.87,9.03,17115590,153920592.00
2015/10/27,9.10,9.81,8.78,9.50,101031921,939998528.00
2015/10/28,9.25,9.99,9.14,9.64,68669110,666588224.00
2015/10/29,9.50,10.15,9.26,10.01,57342431,555662976.00
2015/10/30,9.80,9.90,9.30,9.39,37864014,364765440.00
2015/11/02,9.09,9.44,8.78,8.90,30328080,275742976.00
2015/11/03,9.10,9.16,8.68,8.97,27159351,242488816.00
2015/11/04,9.10,9.48,8.97,9.46,54003864,496107648.00
2015/11/05,9.29,9.43,9.11,9.25,38529490,356872832.00
2015/11/06,9.26,9.54,9.20,9.51,33877811,317630528.00
2015/11/09,9.48,9.71,9.29,9.54,34368898,327933056.00
2015/11/10,9.47,9.84,9.41,9.69,36640191,353032992.00
2015/11/11,9.68,9.95,9.60,9.80,28595240,279943680.00
2015/11/12,9.80,9.91,9.44,9.52,26060380,250357280.00
2015/11/13,9.35,9.40,9.05,9.16,22149453,204406848.00
2015/11/16,8.97,9.31,8.91,9.30,18499489,169218096.00
2015/11/17,9.50,10.23,9.43,10.23,34751796,345586336.00
2015/11/18,10.30,10.94,9.80,9.90,86364146,898602432.00
2015/11/19,9.76,10.02,9.62,9.96,37875714,370412672.00
2015/11/20,10.03,10.65,10.02,10.26,51429770,533384288.00
2015/11/23,10.21,10.67,10.00,10.11,37823456,391115424.00
2015/11/24,10.15,10.50,9.90,10.48,29474899,301866624.00
2015/11/25,10.39,11.20,10.30,10.91,43217199,467976704.00
2015/11/26,11.55,12.00,11.55,12.00,16756812,199198496.00
2015/11/27,12.06,12.59,10.99,11.38,76240837,907082944.00
2015/11/30,11.70,11.96,10.31,11.57,52004177,586411072.00
2015/12/01,11.45,12.50,11.00,12.44,66764827,794597248.00
2015/12/02,12.00,12.29,11.30,11.68,38698846,459748128.00
2015/12/03,11.61,12.40,11.60,11.94,31495525,377457696.00
2015/12/04,11.71,12.22,11.51,12.08,35554410,420714944.00
2015/12/07,12.02,12.38,11.80,12.02,33590026,406514528.00
2015/12/08,11.85,11.87,11.00,11.10,37981291,430875808.00
2015/12/09,10.95,11.23,10.56,10.70,24417203,264595728.00
2015/12/10,10.88,11.11,10.75,10.99,18628704,203474256.00
2015/12/11,11.10,11.10,10.58,10.60,14604361,157204944.00
2015/12/14,10.38,10.60,10.10,10.52,23264239,239287024.00
2015/12/15,10.55,10.73,10.51,10.63,14003961,148870560.00
2015/12/16,10.69,10.73,10.38,10.53,16600907,174466080.00
2015/12/17,10.54,10.94,10.54,10.90,24692792,265795088.00
2015/12/18,10.82,10.96,10.59,10.67,16066705,172554624.00
2015/12/21,10.62,10.85,10.61,10.82,15797058,169986880.00
2015/12/22,10.90,11.00,10.73,10.94,17360896,188546384.00
2015/12/23,10.88,11.05,10.60,10.61,21490036,233758224.00
2015/12/24,10.64,10.64,10.11,10.31,22754124,233794784.00
2015/12/25,10.31,10.50,10.24,10.48,12388277,128625408.00
2015/12/28,10.72,10.72,10.07,10.09,16805816,175324704.00
2015/12/29,10.17,10.35,10.08,10.35,11196383,114478200.00
2015/12/30,10.37,10.39,10.13,10.31,12142611,124782960.00
2015/12/31,10.30,10.39,10.17,10.20,12928200,133200656.00
2016/01/04,10.20,10.22,9.18,9.18,12992581,124671248.00
2016/01/05,8.68,9.18,8.29,8.74,22674153,199330944.00
2016/01/06,8.80,8.97,8.73,8.92,13885488,123177928.00
2016/01/07,8.82,8.82,8.03,8.03,5453000,45189856.00
2016/01/08,8.05,8.30,7.58,8.10,25576408,205776144.00
2016/01/11,8.00,8.15,7.29,7.37,17436530,135364656.00
2016/01/12,7.39,7.60,7.21,7.52,13923749,103687152.00
2016/01/13,7.55,7.69,7.07,7.19,12141920,90667712.00
2016/01/14,6.93,7.54,6.81,7.46,13224125,95357272.00
2016/01/15,7.42,7.51,6.90,7.11,12145855,87626544.00
2016/01/18,6.90,7.35,6.90,7.23,8638752,61933816.00
2016/01/19,7.22,7.60,7.18,7.54,13297823,99020376.00
2016/01/20,7.50,7.61,7.35,7.44,10483359,78357888.00
2016/01/21,7.36,7.51,7.10,7.13,11545242,84379080.00
2016/01/22,7.21,7.28,6.96,7.22,9840348,70405248.00
2016/01/25,7.30,7.42,7.23,7.34,7798811,57130668.00
2016/01/26,7.21,7.34,6.63,6.68,14038593,98525544.00
2016/01/27,6.76,6.85,6.32,6.79,14200796,94561400.00
2016/01/28,6.77,6.98,6.51,6.59,12206629,83127072.00
2016/01/29,6.61,6.92,6.45,6.87,11474589,77617768.00
2016/02/01,6.87,6.96,6.65,6.81,8759172,59718464.00
2016/02/02,6.81,7.10,6.80,7.08,9252807,64717132.00
2016/02/03,6.96,7.10,6.78,7.07,8341406,57956796.00
2016/02/04,7.02,7.29,7.01,7.19,8163910,58714768.00
2016/02/05,7.22,7.30,7.11,7.12,8316602,59963276.00
2016/02/15,6.90,7.11,6.83,7.03,6410443,44642652.00
2016/02/16,7.08,7.42,7.07,7.40,11678361,85228912.00
2016/02/17,7.40,7.49,7.25,7.43,13279633,97963984.00
2016/02/18,7.48,7.53,7.36,7.40,10524100,78175568.00
2016/02/19,7.36,7.47,7.31,7.43,8440733,62419360.00
2016/02/22,7.50,7.66,7.49,7.62,12944275,98294512.00
2016/02/23,7.65,7.66,7.40,7.56,11051610,83094840.00
2016/02/24,7.53,7.69,7.38,7.66,12549138,94447392.00
2016/02/25,7.60,7.64,6.89,6.89,17082193,123904640.00
2016/02/26,6.96,7.10,6.76,7.04,14799410,102816224.00
2016/02/29,6.95,6.99,6.51,6.75,11982545,80267568.00
2016/03/01,6.73,7.00,6.63,6.93,8958644,61122944.00
2016/03/02,6.95,7.51,6.91,7.42,17961968,129969696.00
2016/03/03,7.42,7.97,7.42,7.77,29728480,230501328.00
2016/03/04,7.73,7.98,7.30,7.53,20617624,157333904.00
2016/03/07,7.68,7.97,7.64,7.74,21861854,170850736.00
2016/03/08,7.80,8.32,7.46,8.31,28948784,228505536.00
2016/03/09,8.08,8.19,7.78,7.89,21819475,174565072.00
数据来源:通达信
