600790 轻纺城 日线 前复权
      日期	    开盘	    最高	    最低	    收盘	    成交量	    成交额
2011/01/04,7.30,7.43,7.18,7.37,4372481,43799940.00
2011/01/05,7.35,7.51,7.21,7.42,6148515,62165016.00
2011/01/06,7.43,7.45,7.32,7.32,2633100,26592942.00
2011/01/07,7.32,7.67,7.15,7.44,17586620,178217952.00
2011/01/10,7.35,7.46,7.22,7.28,5194221,52348628.00
2011/01/11,7.29,7.75,7.29,7.38,33627771,345642016.00
2011/01/12,7.29,7.45,7.10,7.35,9776854,98042504.00
2011/01/13,7.38,7.48,7.22,7.35,10823963,108867216.00
2011/01/14,7.34,7.38,7.12,7.29,5748426,57028884.00
2011/01/17,7.28,7.29,7.01,7.06,6569806,64154908.00
2011/01/18,7.06,7.12,6.88,7.04,7564572,72415280.00
2011/01/19,7.05,7.18,6.92,7.08,17573707,170112864.00
2011/01/20,7.05,7.05,6.50,6.51,14287058,131656720.00
2011/01/21,6.45,6.48,6.23,6.29,8898121,77913376.00
2011/01/24,6.28,6.48,6.12,6.24,8637619,75425416.00
2011/01/25,6.29,6.29,6.06,6.20,3600130,30647700.00
2011/01/26,6.20,6.32,6.16,6.28,2784368,24132588.00
2011/01/27,6.28,6.72,6.18,6.67,14660224,131254176.00
2011/01/28,6.59,6.67,6.52,6.56,10665248,96461224.00
2011/01/31,6.53,6.58,6.46,6.55,5288331,47692956.00
2011/02/01,6.56,6.75,6.56,6.67,4710252,43171248.00
2011/02/09,6.58,6.62,6.42,6.48,4261820,38434084.00
2011/02/10,6.64,6.64,6.48,6.58,4986480,45305792.00
2011/02/11,6.58,6.78,6.58,6.69,5182602,47859996.00
2011/02/14,6.72,6.85,6.65,6.84,7294615,67852920.00
2011/02/15,6.85,6.97,6.74,6.75,8406888,79282584.00
2011/02/16,6.72,6.86,6.68,6.81,6718679,62552848.00
2011/02/17,6.85,6.89,6.66,6.89,11140457,104223056.00
2011/02/18,6.89,6.95,6.78,6.89,9895739,93517960.00
2011/02/21,6.75,7.06,6.74,7.05,11719110,112216000.00
2011/02/22,7.05,7.05,6.79,6.84,8513883,80754864.00
2011/02/23,6.83,7.03,6.83,6.91,6648281,63311800.00
2011/02/24,6.90,6.95,6.75,6.89,7843495,73788480.00
2011/02/25,6.88,6.92,6.75,6.82,5714166,53837960.00
2011/02/28,6.82,6.92,6.82,6.90,7183857,67962464.00
2011/03/01,6.87,7.02,6.87,6.93,11985829,114573872.00
2011/03/02,6.93,7.12,6.85,7.10,12534422,119957184.00
2011/03/03,7.08,7.43,7.06,7.26,22792518,226586944.00
2011/03/04,7.26,7.36,7.15,7.27,8403988,83530168.00
2011/03/07,7.22,7.95,7.22,7.82,46090678,472344192.00
2011/03/08,7.62,7.71,7.46,7.61,28058026,290744512.00
2011/03/09,7.63,7.71,7.49,7.58,14783243,153792320.00
2011/03/10,7.57,7.58,7.35,7.47,14429123,146890576.00
2011/03/11,7.37,7.52,7.34,7.41,8933699,90743096.00
2011/03/14,7.35,7.44,7.28,7.42,11056041,112056440.00
2011/03/15,7.47,7.57,7.31,7.50,18726566,191353424.00
2011/03/16,7.50,7.60,7.42,7.55,12007719,123611600.00
2011/03/17,7.47,7.56,7.22,7.28,11560172,117055056.00
2011/03/18,7.33,7.55,7.33,7.52,13243882,135157200.00
2011/03/21,7.45,7.72,7.45,7.54,14870023,154850320.00
2011/03/22,7.56,7.62,7.39,7.47,8547615,87384880.00
2011/03/23,7.48,7.52,7.38,7.47,7087444,72325512.00
2011/03/24,7.48,7.62,7.42,7.54,11647652,120067872.00
2011/03/25,7.53,7.65,7.48,7.59,11655565,120901600.00
2011/03/28,7.60,7.80,7.51,7.69,18993305,199343072.00
2011/03/29,7.68,7.87,7.56,7.73,18798970,198743696.00
2011/03/30,7.77,7.85,7.58,7.66,10428166,109848304.00
2011/03/31,7.65,7.68,7.27,7.34,13848214,140988784.00
2011/04/01,7.29,7.49,7.28,7.42,7286802,73585120.00
2011/04/06,7.37,7.47,7.26,7.28,8887114,89354792.00
2011/04/07,7.29,7.36,7.15,7.22,10340927,102443272.00
2011/04/08,7.18,7.40,7.12,7.33,11691048,115993360.00
2011/04/11,7.39,7.56,7.32,7.52,21446116,219405728.00
2011/04/12,7.52,7.58,7.36,7.43,10753553,109675120.00
2011/04/13,7.48,8.05,7.44,7.88,34003300,361310784.00
2011/04/14,7.79,8.11,7.73,7.84,23763153,256928272.00
2011/04/15,7.78,8.18,7.78,8.11,30211497,330475648.00
2011/04/18,8.06,8.16,7.91,8.05,21494158,235122400.00
2011/04/19,7.92,8.01,7.70,7.89,17138583,183645360.00
2011/04/20,7.87,8.06,7.79,8.02,16743460,182326400.00
2011/04/21,7.99,8.01,7.69,7.74,17434421,186403664.00
2011/04/22,7.71,7.80,7.58,7.75,12005088,126251944.00
2011/04/25,7.72,8.09,7.50,7.77,22987439,246978048.00
2011/04/26,7.68,8.17,7.61,7.95,30100279,328388640.00
2011/04/27,7.95,8.41,7.84,8.27,45522392,508099424.00
2011/04/28,8.18,8.35,7.40,7.53,33446361,362511200.00
2011/05/03,7.59,7.66,7.40,7.64,17122297,176430752.00
2011/05/04,7.60,7.60,7.38,7.39,11773254,119931424.00
2011/05/05,7.35,7.51,7.33,7.45,8737431,89118472.00
2011/05/06,7.37,7.37,6.68,6.75,32012388,303695552.00
2011/05/09,6.66,6.87,6.57,6.71,14967491,138433840.00
2011/05/10,6.72,6.88,6.60,6.82,11323962,105339016.00
2011/05/11,6.83,6.89,6.68,6.82,8440630,78913360.00
2011/05/12,6.78,6.94,6.68,6.75,12035770,113314000.00
2011/05/13,6.75,6.82,6.60,6.77,8848075,81914736.00
2011/05/16,6.75,6.91,6.70,6.82,7408626,69336296.00
2011/05/17,6.85,6.90,6.75,6.83,7631156,71797536.00
2011/05/18,6.82,6.88,6.77,6.83,7640902,71763080.00
2011/05/19,6.80,6.97,6.80,6.85,7418379,70141176.00
2011/05/20,6.85,6.87,6.60,6.71,8173132,75364768.00
2011/05/23,6.68,6.70,6.22,6.25,11110669,98073544.00
2011/05/24,6.24,6.37,6.18,6.34,6174970,53491984.00
2011/05/25,6.33,6.33,6.15,6.18,5766451,49719820.00
2011/05/26,6.25,6.45,6.06,6.21,7758570,67227664.00
2011/05/27,6.25,6.25,5.94,5.95,5807055,48873900.00
2011/05/30,5.93,5.94,5.75,5.79,3866847,31352984.00
2011/05/31,5.82,5.94,5.74,5.92,4585144,37182804.00
2011/06/01,5.92,5.97,5.84,5.96,3992756,32717304.00
2011/06/02,5.89,5.89,5.75,5.82,4370387,35342032.00
2011/06/03,5.82,5.94,5.79,5.91,4827328,39573768.00
2011/06/07,5.91,6.06,5.90,6.02,6792383,56385932.00
2011/06/08,5.99,6.02,5.88,5.99,4429854,36592900.00
2011/06/09,5.97,6.04,5.87,5.92,4322292,35695248.00
2011/06/10,5.91,5.94,5.76,5.92,3437972,27927216.00
2011/06/13,5.89,5.89,5.75,5.85,3033700,24533228.00
2011/06/14,5.84,5.96,5.84,5.93,3451716,28354976.00
2011/06/15,5.92,5.96,5.88,5.88,2380069,19556796.00
2011/06/16,5.83,5.85,5.55,5.57,6216567,49287520.00
2011/06/17,5.53,5.62,5.45,5.47,3918244,30344528.00
2011/06/20,5.47,5.48,5.24,5.32,4509461,33623400.00
2011/06/21,5.32,5.40,5.30,5.39,2890667,21602492.00
2011/06/22,5.38,5.42,5.29,5.35,2989575,22369228.00
2011/06/23,5.35,5.59,5.26,5.57,7466562,56662124.00
2011/06/24,5.50,6.15,5.47,5.81,12670117,102648888.00
2011/06/27,5.82,5.90,5.72,5.75,7475540,60257476.00
2011/06/28,5.74,5.85,5.72,5.82,4406878,35435188.00
2011/06/29,5.79,5.85,5.62,5.66,4400458,35062820.00
2011/06/30,5.66,5.82,5.65,5.78,4883693,39070616.00
2011/07/01,5.78,5.95,5.76,5.83,9629253,78340152.00
2011/09/28,6.37,6.37,5.55,5.58,23711178,197748960.00
2011/09/29,5.31,5.43,4.98,4.98,10353511,74083600.00
2011/09/30,4.92,5.12,4.79,4.85,5656894,39059232.00
2011/10/10,4.93,4.97,4.81,4.83,3121206,21342368.00
2011/10/11,4.99,5.01,4.68,4.77,4865872,33348672.00
2011/10/12,4.77,5.28,4.71,5.13,9227502,65115188.00
2011/10/13,5.04,5.32,5.04,5.24,6546496,47602240.00
2011/10/14,5.21,5.38,5.14,5.27,6007736,44247848.00
2011/10/17,5.27,5.42,5.19,5.34,9120748,67541848.00
2011/10/18,5.35,5.45,5.18,5.26,6825882,50632800.00
2011/10/19,5.28,5.31,5.12,5.23,4486686,32628184.00
2011/10/20,5.23,5.23,4.89,5.05,3682806,26065430.00
2011/10/21,5.06,5.06,4.89,4.90,1906160,13348156.00
2011/10/24,4.92,5.21,4.86,5.12,5363580,38129960.00
2011/10/25,5.10,5.30,5.02,5.28,8661626,63343952.00
2011/10/26,5.23,5.37,5.23,5.28,9936843,73740232.00
2011/10/27,5.37,5.37,5.24,5.31,7941011,59185448.00
2011/10/28,5.37,5.48,5.32,5.48,9509406,71808840.00
2011/10/31,5.51,5.53,5.35,5.47,7576981,57618340.00
2011/11/01,5.38,5.51,5.37,5.42,6857830,52143244.00
2011/11/02,5.36,5.48,5.28,5.48,8783021,66229420.00
2011/11/03,5.48,5.75,5.48,5.62,10352286,80735976.00
2011/11/04,5.68,5.72,5.53,5.62,6779017,53013152.00
2011/11/07,5.57,5.62,5.54,5.55,3439652,26704036.00
2011/11/08,5.55,5.61,5.44,5.55,7108845,54889568.00
2011/11/09,5.55,5.91,5.52,5.88,20498477,163377744.00
2011/11/10,5.76,5.82,5.68,5.72,7617821,60917872.00
2011/11/11,5.75,5.82,5.68,5.75,4408697,35319276.00
2011/11/14,5.78,5.95,5.78,5.84,5048434,41011816.00
2011/11/15,5.85,5.95,5.81,5.92,8323673,68089096.00
2011/11/16,5.93,5.97,5.68,5.74,6228860,50569880.00
2011/11/17,5.74,5.86,5.69,5.76,5072415,40657508.00
2011/11/18,5.73,5.74,5.48,5.54,4077873,31711420.00
2011/11/21,5.53,5.58,5.37,5.54,4172785,31953740.00
2011/11/22,5.52,5.59,5.45,5.57,5107423,39387732.00
2011/11/23,5.56,5.63,5.51,5.52,3397128,26370952.00
2011/11/24,5.40,5.50,5.28,5.41,6054415,45595852.00
2011/11/25,5.44,5.48,5.32,5.33,3074448,23175218.00
2011/11/28,5.34,5.37,5.11,5.24,5774468,42450336.00
2011/11/29,5.29,5.43,5.24,5.38,7509639,56107904.00
2011/11/30,5.43,5.43,5.06,5.18,5129192,37345168.00
2011/12/01,5.32,5.42,5.24,5.32,5972071,44629160.00
2011/12/02,5.25,5.33,5.12,5.22,4825226,35106204.00
2011/12/05,5.22,5.22,5.02,5.09,4265930,30473276.00
2011/12/06,5.03,5.17,5.03,5.11,3135576,22484354.00
2011/12/07,5.18,5.18,4.92,4.95,6980747,49010516.00
2011/12/08,4.96,4.96,4.68,4.80,5263215,35666224.00
2011/12/09,4.73,4.97,4.68,4.79,4879613,33062516.00
2011/12/12,4.72,4.82,4.62,4.64,2574712,17094322.00
2011/12/13,4.63,4.65,4.28,4.31,5370507,33565296.00
2011/12/14,4.35,4.38,4.08,4.17,3476732,20883584.00
2011/12/15,4.14,4.28,4.01,4.09,5096205,30137016.00
2011/12/16,4.10,4.32,4.04,4.28,4666642,27796452.00
2011/12/19,4.26,4.26,4.05,4.16,4132605,24395982.00
2011/12/20,4.18,4.25,4.15,4.18,3105295,18565840.00
2011/12/21,4.18,4.33,3.98,4.02,5936023,35125324.00
2011/12/22,3.98,4.06,3.78,3.93,5098014,28824964.00
2011/12/23,3.92,4.03,3.87,3.95,4538093,25655464.00
2011/12/26,3.93,4.06,3.88,3.92,3414409,19388928.00
2011/12/27,3.91,3.93,3.82,3.88,1958532,10863793.00
2011/12/28,3.89,3.90,3.77,3.88,2952549,16262511.00
2011/12/29,3.84,3.91,3.83,3.83,1773854,9829285.00
2011/12/30,3.93,4.10,3.91,3.97,7058106,40176008.00
2012/01/04,3.98,4.00,3.81,3.82,3732370,21008232.00
2012/01/05,3.78,3.84,3.40,3.40,9890370,50449008.00
2012/01/06,3.33,3.44,3.27,3.40,4218541,20565100.00
2012/01/09,3.45,3.58,3.35,3.55,6725151,34090744.00
2012/01/10,3.68,3.93,3.65,3.82,15670948,84951344.00
2012/01/11,3.82,3.85,3.70,3.78,7203021,39160704.00
2012/01/12,3.78,3.88,3.72,3.82,8001879,43971160.00
2012/01/13,3.82,3.84,3.56,3.66,5449936,28923196.00
2012/01/16,3.66,4.02,3.62,3.66,7533037,41186356.00
2012/01/17,3.56,3.88,3.54,3.86,9188283,49755580.00
2012/01/18,3.81,3.92,3.69,3.78,7921432,43264700.00
2012/01/19,3.81,3.85,3.73,3.80,3301297,18037408.00
2012/01/20,3.83,3.85,3.80,3.82,3492724,19203772.00
2012/01/30,3.82,3.85,3.65,3.69,5069033,27268764.00
2012/01/31,3.71,3.71,3.61,3.70,2507810,13208177.00
2012/02/01,3.66,3.74,3.63,3.65,2428170,12868646.00
2012/02/02,3.65,3.73,3.63,3.72,2358730,12535400.00
2012/02/03,3.72,3.87,3.69,3.85,6425751,35173352.00
2012/02/06,3.86,3.88,3.81,3.87,5136819,28384380.00
2012/02/07,3.85,3.90,3.75,3.79,3946667,21574074.00
2012/02/08,3.78,3.94,3.76,3.92,5336835,29631628.00
2012/02/09,3.92,4.04,3.89,3.97,7793277,44256712.00
2012/02/10,3.95,4.02,3.92,3.97,5706675,32376146.00
2012/02/13,3.95,4.08,3.89,4.07,6178849,35337388.00
2012/02/14,4.03,4.07,3.99,4.04,4285948,24664484.00
2012/02/15,4.02,4.14,4.02,4.12,5729684,33491772.00
2012/02/16,4.13,4.28,4.09,4.23,12619015,75454320.00
2012/02/17,4.25,4.64,4.23,4.45,23410987,147205632.00
2012/02/20,4.52,4.70,4.38,4.40,20799295,133682432.00
2012/02/21,4.42,4.46,4.28,4.44,8956429,55658712.00
2012/02/22,4.45,4.52,4.40,4.48,7196333,45589312.00
2012/02/23,4.48,4.57,4.39,4.44,7722239,49085248.00
2012/02/24,4.43,4.51,4.37,4.50,8307802,52347104.00
2012/02/27,4.49,4.57,4.47,4.48,7421546,47454448.00
2012/02/28,4.48,4.50,4.36,4.46,5164309,32387774.00
2012/02/29,4.45,4.45,4.29,4.32,5447053,33837680.00
2012/03/01,4.31,4.39,4.29,4.34,4331630,26709544.00
2012/03/02,4.39,4.49,4.39,4.47,5550203,34985972.00
2012/03/05,4.48,4.51,4.44,4.48,5525090,34944704.00
2012/03/06,4.45,4.45,4.33,4.38,4436346,27563628.00
2012/03/07,4.36,4.41,4.32,4.35,4199540,26001048.00
2012/03/08,4.34,4.53,4.34,4.48,7767395,49045052.00
2012/03/12,4.56,4.58,4.46,4.54,6319746,40383968.00
2012/03/13,4.52,4.60,4.48,4.59,6517484,42120432.00
2012/03/14,4.60,4.85,4.47,4.52,18986594,125485960.00
2012/03/16,4.52,5.01,4.47,5.01,16844912,114671424.00
2012/03/19,5.23,5.24,4.93,5.02,22869310,161924288.00
2012/03/20,4.98,4.99,4.75,4.76,12169466,83014808.00
2012/03/21,4.78,4.82,4.61,4.75,9710707,64544792.00
2012/03/22,4.77,4.80,4.65,4.71,5812865,38685356.00
2012/03/23,4.68,4.78,4.56,4.60,6060912,39956984.00
2012/03/26,4.59,4.65,4.50,4.55,4650376,30036504.00
2012/03/27,4.59,4.62,4.42,4.45,5583808,35731520.00
2012/03/28,4.45,4.45,4.17,4.29,8420064,51031904.00
2012/03/29,4.25,4.28,4.03,4.10,5362047,31874684.00
2012/03/30,4.06,4.15,4.05,4.11,4017214,23504376.00
2012/04/05,4.15,4.28,4.11,4.28,4686958,28177796.00
2012/04/06,4.25,4.34,4.22,4.28,4495176,27361428.00
2012/04/09,4.30,4.31,4.18,4.18,3320449,20001952.00
2012/04/10,4.18,4.29,4.07,4.28,5138814,30820162.00
2012/04/11,4.28,4.75,4.23,4.75,11194379,73413408.00
2012/04/12,5.26,5.27,5.15,5.27,22710334,167148672.00
2012/04/13,5.68,5.68,5.12,5.24,70014255,521645952.00
2012/04/16,5.28,5.80,5.15,5.57,97968857,764262784.00
2012/04/17,5.42,5.43,4.97,5.17,64653313,467694336.00
2012/04/18,5.13,5.48,5.07,5.28,48269515,355420032.00
2012/04/19,5.18,5.28,5.06,5.25,28856339,208717104.00
2012/04/20,5.25,5.44,5.18,5.25,41916915,311381472.00
2012/04/23,5.14,5.36,5.04,5.08,32278984,234485440.00
2012/04/24,4.98,5.56,4.94,5.42,52984274,390836256.00
2012/04/25,5.26,6.01,5.22,6.01,92914106,749651072.00
2012/04/26,6.11,6.11,5.57,5.62,67415448,544901120.00
2012/04/27,5.42,5.81,5.34,5.52,34019366,264437744.00
2012/05/02,5.57,5.79,5.40,5.67,27345277,213787088.00
2012/05/03,5.58,5.95,5.52,5.77,35246930,281610592.00
2012/05/04,5.70,5.77,5.61,5.68,24716481,195398800.00
2012/05/07,5.60,5.72,5.57,5.60,14814774,116097912.00
2012/05/09,5.49,5.64,5.34,5.51,16643119,128330048.00
2012/05/10,5.49,5.61,5.44,5.55,10916803,84113472.00
2012/05/11,5.53,5.87,5.49,5.67,23980220,190676464.00
2012/05/14,5.68,5.83,5.57,5.58,19148840,152035824.00
2012/05/15,5.84,6.05,5.62,5.75,24668970,198346736.00
2012/05/16,5.75,6.26,5.68,5.96,49533510,410252160.00
2012/05/17,5.95,6.17,5.88,6.02,39134956,326891488.00
2012/05/18,5.95,6.00,5.65,5.65,31176392,251095952.00
2012/05/21,5.65,5.76,5.53,5.75,15867846,124913224.00
2012/05/22,5.76,6.02,5.68,5.98,32579811,266773952.00
2012/05/23,5.90,6.28,5.88,6.17,44131805,371623808.00
2012/05/24,6.06,6.24,5.92,6.02,27918357,234708192.00
2012/05/25,6.01,6.08,5.88,6.01,15035108,124862568.00
2012/05/28,5.95,6.20,5.85,6.19,24085793,202819968.00
2012/05/29,6.14,6.23,6.05,6.11,21693539,184073648.00
2012/05/30,6.11,6.12,5.91,5.94,18292273,152051888.00
2012/05/31,5.91,6.07,5.87,5.94,16180776,133707904.00
2012/06/01,5.94,5.97,5.73,5.74,17793457,144072272.00
2012/06/11,5.45,5.52,5.19,5.39,17970138,134116752.00
2012/06/12,5.31,5.34,5.19,5.21,9366763,68684216.00
2012/06/13,5.22,5.42,5.22,5.35,9902269,73834632.00
2012/06/14,5.37,5.40,5.24,5.24,7132100,53143720.00
2012/06/15,5.25,5.36,5.15,5.20,6506783,47819424.00
2012/06/18,5.23,5.26,5.07,5.14,12059572,86606224.00
2012/06/19,5.13,5.18,5.07,5.10,10376442,74628752.00
2012/06/20,5.15,5.17,4.94,4.95,9291910,65711136.00
2012/06/21,4.94,5.02,4.87,4.99,6283269,43741320.00
2012/06/25,4.99,4.99,4.69,4.72,5564239,37269400.00
2012/06/26,4.68,4.78,4.60,4.72,6392137,41872496.00
2012/06/27,4.78,4.89,4.72,4.75,7067876,47266024.00
2012/06/28,4.76,4.84,4.61,4.62,5879014,38793780.00
2012/06/29,4.62,4.72,4.56,4.71,5725335,37019664.00
2012/07/02,4.74,4.96,4.69,4.87,11778934,79384696.00
2012/07/03,4.86,5.00,4.81,4.97,8255826,56158340.00
2012/07/04,4.99,5.02,4.87,4.91,6670098,45615476.00
2012/07/05,4.85,4.88,4.62,4.67,6751599,44250248.00
2012/07/06,4.70,4.88,4.62,4.85,8219912,54466552.00
2012/07/09,4.78,4.81,4.65,4.65,6960200,45742608.00
2012/07/10,4.65,4.70,4.56,4.58,3770187,24224248.00
2012/07/11,4.53,4.75,4.52,4.73,4428796,28559848.00
2012/07/12,4.70,4.95,4.69,4.86,10305146,69377472.00
2012/07/13,4.82,5.02,4.81,4.98,11492155,78693560.00
2012/07/16,4.95,4.97,4.68,4.70,8440670,56514908.00
2012/07/17,4.68,4.80,4.62,4.75,4848295,31718688.00
2012/07/18,4.75,4.97,4.71,4.96,9985910,67595120.00
2012/07/19,4.91,5.09,4.85,5.02,14414566,99797464.00
2012/07/20,5.03,5.12,4.93,4.98,9396413,65186612.00
2012/07/23,5.08,5.16,5.00,5.07,17889475,126149960.00
2012/07/24,4.97,5.09,4.88,4.98,10111494,69623424.00
2012/07/25,4.94,4.98,4.84,4.85,6238978,42400680.00
2012/07/26,4.82,4.93,4.69,4.72,4812168,32233092.00
2012/07/27,4.75,4.79,4.58,4.59,5908238,38123824.00
2012/07/30,4.61,4.66,4.48,4.50,4440183,28219408.00
2012/07/31,4.50,4.54,4.30,4.37,4787830,29383836.00
2012/08/01,4.37,4.54,4.37,4.48,4347718,27104728.00
2012/08/02,4.48,4.50,4.36,4.40,2791417,17218974.00
2012/08/03,4.42,4.59,4.38,4.58,5226479,32760136.00
2012/08/06,4.52,4.66,4.50,4.64,5392246,34602720.00
2012/08/07,4.63,4.70,4.62,4.68,3637068,23584660.00
2012/08/08,4.67,4.72,4.62,4.63,4067248,26344330.00
2012/08/09,4.63,4.81,4.57,4.76,6372338,41522760.00
2012/08/10,4.77,4.77,4.65,4.68,4017407,26213848.00
2012/08/13,4.68,4.69,4.50,4.51,4038209,25843854.00
2012/08/14,4.53,4.62,4.48,4.62,4025746,25605968.00
2012/08/15,4.62,4.68,4.58,4.66,3793008,24435562.00
2012/08/16,4.68,4.72,4.57,4.58,4350585,28015640.00
2012/08/17,4.55,4.58,4.44,4.51,3647418,22875018.00
2012/08/20,4.47,4.52,4.37,4.46,5509493,34014828.00
2012/08/21,4.44,4.54,4.42,4.52,4800282,30081588.00
2012/08/22,4.50,4.54,4.45,4.51,3785835,23663700.00
2012/08/23,4.47,4.52,4.45,4.50,3419100,21395902.00
2012/08/24,4.47,4.53,4.41,4.42,4436654,27727408.00
2012/08/27,4.40,4.42,4.26,4.26,4307654,25945282.00
2012/08/28,4.26,4.37,4.24,4.30,3414779,20470942.00
2012/08/29,4.32,4.34,4.22,4.24,2824666,16883500.00
2012/08/30,4.24,4.26,4.07,4.12,3450164,20119294.00
2012/08/31,4.14,4.18,4.09,4.15,1819293,10554504.00
2012/09/03,4.08,4.24,4.08,4.23,2757004,16250244.00
2012/09/04,4.26,4.27,4.16,4.21,3500309,20673176.00
2012/09/05,4.22,4.24,4.18,4.20,1574502,9273795.00
2012/09/06,4.20,4.27,4.20,4.26,2120062,12586206.00
2012/09/07,4.29,4.47,4.29,4.42,6004141,36854264.00
2012/09/10,4.42,4.48,4.38,4.48,4660448,28820898.00
2012/09/11,4.45,4.49,4.42,4.45,2905392,18019256.00
2012/09/12,4.46,4.50,4.43,4.50,3815108,23794594.00
2012/09/13,4.51,4.54,4.43,4.45,4644365,29023484.00
2012/09/14,4.48,4.50,4.38,4.45,5007575,31048252.00
2012/09/17,4.48,4.52,4.32,4.35,3496278,21633312.00
2012/09/18,4.32,4.33,4.21,4.23,2775684,16545753.00
2012/09/19,4.25,4.30,4.25,4.28,1667129,9964476.00
2012/09/20,4.28,4.28,4.14,4.16,3189587,18704252.00
2012/09/21,4.11,4.20,4.11,4.14,1606800,9344203.00
2012/09/24,4.12,4.26,4.05,4.24,3552382,20692118.00
2012/09/25,4.18,4.24,4.12,4.17,1350973,7920143.00
2012/09/26,4.17,4.21,3.98,4.02,1949120,11236703.00
2012/09/27,4.00,4.18,4.00,4.10,1755399,10119948.00
2012/09/28,4.08,4.33,4.07,4.28,3548992,21023336.00
2012/10/08,4.28,4.36,4.22,4.25,1828862,10939318.00
2012/10/09,4.26,4.40,4.26,4.38,3813648,23159068.00
2012/10/10,4.38,4.40,4.35,4.39,2118124,12936307.00
2012/10/11,4.36,4.39,4.27,4.27,2386247,14418009.00
2012/10/12,4.28,4.33,4.22,4.29,1344430,8041027.00
2012/10/15,4.28,4.31,4.23,4.27,1505782,8992515.00
2012/10/16,4.28,4.39,4.25,4.32,3087544,18725224.00
2012/10/17,4.34,4.36,4.29,4.35,1963859,11879828.00
2012/10/18,4.35,4.43,4.33,4.41,3974136,24389068.00
2012/10/19,4.41,4.48,4.38,4.42,3755408,23148472.00
2012/10/22,4.38,4.58,4.37,4.52,6083331,38014748.00
2012/10/23,4.51,4.53,4.38,4.41,4185203,25981540.00
2012/10/24,4.38,4.45,4.34,4.38,3412103,20949960.00
2012/10/25,4.36,4.44,4.33,4.34,2758166,16872924.00
2012/10/26,4.35,4.35,4.22,4.26,3262402,19502736.00
2012/10/29,4.25,4.40,4.24,4.32,3813432,23127042.00
2012/10/30,4.35,4.41,4.32,4.35,3020745,18377938.00
2012/10/31,4.34,4.39,4.32,4.35,2973208,18067976.00
2012/11/01,4.38,4.56,4.36,4.52,9522805,59333672.00
2012/11/02,4.64,4.68,4.46,4.52,11109286,70236752.00
2012/11/05,4.48,4.55,4.46,4.52,4132921,25914988.00
2012/11/06,4.52,4.52,4.37,4.43,4240837,26217512.00
2012/11/07,4.42,4.52,4.39,4.43,2756867,17100930.00
2012/11/08,4.39,4.44,4.22,4.27,3712311,22564854.00
2012/11/09,4.27,4.32,4.25,4.25,2291945,13697027.00
2012/11/12,4.25,4.31,4.24,4.28,2365053,14109851.00
2012/11/13,4.28,4.29,4.22,4.25,2642701,15734266.00
2012/11/14,4.25,4.25,4.18,4.22,1754000,10336752.00
2012/11/15,4.23,4.23,4.13,4.13,2763800,16139941.00
2012/11/16,4.12,4.15,4.05,4.09,1521581,8721202.00
2012/11/19,4.09,4.13,4.05,4.09,1543107,8850537.00
2012/11/20,4.12,4.15,4.06,4.08,1148600,6607335.00
2012/11/21,4.10,4.20,4.04,4.15,2064623,11899239.00
2012/11/22,4.14,4.15,4.08,4.11,1608905,9286704.00
2012/11/23,4.13,4.18,4.10,4.15,1653470,9623201.00
2012/11/26,4.12,4.14,4.06,4.07,1330289,7623007.00
2012/11/27,4.05,4.07,3.83,3.84,2371324,13146193.00
2012/11/28,3.82,3.82,3.68,3.69,1973509,10411150.00
2012/11/29,3.73,3.75,3.60,3.61,1312437,6846067.00
2012/11/30,3.63,3.82,3.60,3.77,3554474,18707568.00
2012/12/03,3.77,3.77,3.60,3.61,2793731,14590684.00
2012/12/04,3.56,3.75,3.56,3.72,2894199,14986755.00
2012/12/05,3.70,3.88,3.70,3.83,4561072,24603236.00
2012/12/06,3.82,3.93,3.75,3.84,6354071,34316616.00
2012/12/07,3.83,3.90,3.77,3.88,7031659,38109328.00
2012/12/10,3.88,3.95,3.86,3.92,5693219,31327576.00
2012/12/11,3.91,3.96,3.88,3.91,3696115,20364488.00
2012/12/12,3.91,3.95,3.85,3.88,2711636,14865319.00
2012/12/13,3.88,3.89,3.76,3.78,3215262,17347488.00
2012/12/14,3.78,4.13,3.75,4.04,9146567,50928840.00
2012/12/17,4.11,4.17,4.04,4.07,8354433,48026776.00
2012/12/18,4.07,4.12,3.98,4.01,5087925,28946776.00
2012/12/19,4.01,4.06,3.98,4.02,3356372,19019040.00
2012/12/20,4.01,4.10,3.95,4.09,6030495,34124328.00
2012/12/21,4.08,4.22,4.03,4.18,8664478,50295168.00
2012/12/24,4.15,4.33,4.10,4.17,6190273,36399912.00
2012/12/25,4.12,4.45,4.10,4.34,10761099,64642932.00
2012/12/26,4.36,4.39,4.26,4.32,7432833,44939568.00
2012/12/27,4.30,4.36,4.22,4.23,4294293,25666242.00
2012/12/28,4.23,4.33,4.22,4.32,5552996,33357318.00
2012/12/31,4.35,4.39,4.30,4.38,5569867,33896348.00
2013/01/04,4.40,4.48,4.32,4.40,4939230,30234892.00
2013/01/07,4.38,4.55,4.35,4.45,7042388,43796064.00
2013/01/08,4.43,4.48,4.40,4.44,4984349,30803264.00
2013/01/09,4.41,4.46,4.35,4.38,6593740,40503272.00
2013/01/10,4.37,4.40,4.32,4.38,5580412,34028696.00
2013/01/11,4.38,4.38,4.08,4.12,11422467,67572064.00
2013/01/14,4.12,4.28,4.12,4.26,7610815,44899052.00
2013/01/15,4.26,4.36,4.25,4.35,8245711,49797692.00
2013/01/16,4.33,4.41,4.24,4.30,7545475,45393048.00
2013/01/17,4.30,4.32,4.18,4.22,6623953,39245648.00
2013/01/18,4.24,4.33,4.23,4.32,7708380,46293256.00
2013/01/21,4.34,4.38,4.32,4.36,5035202,30591054.00
2013/01/22,4.35,4.37,4.21,4.22,8296353,49561092.00
2013/01/23,4.24,4.32,4.18,4.31,6701878,39794192.00
2013/01/24,4.30,4.35,4.17,4.21,7989983,47696248.00
2013/01/25,4.20,4.22,4.14,4.16,3290676,19232094.00
2013/01/28,4.18,4.32,4.18,4.30,6742738,40100384.00
2013/01/29,4.36,4.37,4.30,4.32,8558590,51890280.00
2013/01/30,4.32,4.48,4.29,4.45,17501546,108165624.00
2013/01/31,4.42,4.48,4.37,4.42,7126883,43901496.00
2013/02/01,4.43,4.48,4.35,4.43,7470169,46004452.00
2013/02/04,4.47,4.55,4.42,4.45,10928739,68254864.00
2013/02/05,4.38,4.51,4.37,4.48,7209609,44566788.00
2013/02/06,4.47,4.50,4.42,4.45,5904550,36718748.00
2013/02/07,4.44,4.47,4.39,4.45,4579983,28262048.00
2013/02/08,4.45,4.49,4.42,4.47,4684548,29199184.00
2013/02/18,4.49,4.50,4.45,4.49,5308593,33120680.00
2013/02/19,4.49,4.51,4.38,4.39,5401314,33263184.00
2013/02/20,4.41,4.47,4.35,4.46,6115627,37622888.00
2013/02/21,4.43,4.50,4.38,4.42,7586618,47019980.00
2013/02/22,4.41,4.51,4.38,4.45,6277644,39006876.00
2013/02/25,4.45,4.55,4.45,4.54,8682931,54583996.00
2013/02/26,4.52,4.62,4.41,4.42,9529651,60281280.00
2013/02/27,4.42,4.47,4.29,4.35,7829393,47873020.00
2013/02/28,4.38,4.45,4.35,4.44,4967257,30517412.00
2013/03/01,4.45,4.49,4.41,4.46,5834670,36159664.00
2013/03/04,4.42,4.42,4.23,4.29,7754122,47009588.00
2013/03/05,4.29,4.35,4.24,4.32,5390718,32386140.00
2013/03/06,4.35,4.40,4.32,4.34,9264671,56201616.00
2013/03/07,4.33,4.45,4.33,4.38,10027702,61275936.00
2013/03/08,4.39,4.41,4.32,4.36,4291049,26146300.00
2013/03/11,4.38,4.43,4.33,4.40,4343272,26533988.00
2013/03/12,4.38,4.42,4.14,4.22,7538892,45020860.00
2013/03/13,4.22,4.23,4.10,4.15,3967185,23083104.00
2013/03/14,4.15,4.18,4.11,4.14,3070062,17822272.00
2013/03/15,4.14,4.20,4.06,4.08,4056598,23415344.00
2013/03/18,4.10,4.12,4.05,4.05,2835464,16232624.00
2013/03/19,4.05,4.10,3.97,4.08,2555223,14476322.00
2013/03/20,4.08,4.17,4.06,4.15,6246481,36077596.00
2013/03/21,4.14,4.21,4.11,4.15,3842235,22388766.00
2013/03/22,4.15,4.18,4.12,4.17,2944198,17136452.00
2013/03/25,4.15,4.18,4.12,4.16,2843586,16557748.00
2013/03/26,4.15,4.20,4.07,4.18,4956283,28752072.00
2013/03/27,4.22,4.24,4.12,4.14,3640600,21254440.00
2013/03/28,4.12,4.12,3.95,4.00,3552991,20137994.00
2013/03/29,4.01,4.11,3.99,4.01,3056481,17358524.00
2013/04/01,4.00,4.17,3.98,4.08,3183997,18259520.00
2013/04/02,4.09,4.09,3.93,3.97,4498696,25313450.00
2013/04/03,3.97,4.01,3.94,3.97,2227918,12430226.00
2013/04/08,3.93,3.93,3.83,3.92,4012737,21909216.00
2013/04/09,3.92,3.97,3.88,3.95,2576999,14262972.00
2013/04/10,3.92,3.99,3.92,3.98,2478436,13801586.00
2013/04/11,3.97,4.02,3.95,3.95,2482099,13922535.00
2013/04/12,3.98,3.98,3.90,3.93,1483167,8218040.00
2013/04/15,3.92,3.93,3.76,3.82,2464911,13341670.00
2013/04/16,3.79,3.87,3.78,3.87,2402327,12980411.00
2013/04/17,3.86,3.88,3.83,3.85,2072962,11230405.00
2013/04/18,3.85,3.88,3.81,3.88,3146143,17065768.00
2013/04/19,3.88,3.97,3.88,3.95,3977516,21991296.00
2013/04/22,3.94,3.94,3.90,3.94,2802074,15443205.00
2013/04/23,3.94,4.00,3.82,3.84,2735523,14996728.00
2013/04/24,3.84,3.90,3.82,3.88,2942143,16013036.00
2013/04/25,3.89,3.92,3.79,3.84,3211011,17486648.00
2013/04/26,3.85,3.85,3.72,3.74,2844619,15234499.00
2013/05/02,3.79,3.88,3.74,3.81,2848668,15321680.00
2013/05/03,3.82,3.89,3.80,3.87,2690155,14659028.00
2013/05/06,3.88,3.94,3.87,3.92,3135177,17252840.00
2013/05/07,3.92,3.94,3.89,3.91,2636883,14530167.00
2013/05/08,3.95,3.95,3.89,3.93,3008725,16567831.00
2013/05/09,3.94,3.95,3.87,3.90,2568810,14080419.00
2013/05/10,3.89,3.93,3.88,3.93,3041431,16732802.00
2013/05/13,3.93,4.00,3.90,3.98,4375377,24316098.00
2013/05/14,3.98,4.13,3.93,4.07,7985808,45369888.00
2013/05/15,4.06,4.08,4.01,4.06,3460784,19664006.00
2013/05/16,4.06,4.21,4.03,4.15,7037679,40844728.00
2013/05/17,4.15,4.18,4.11,4.15,4838269,28150436.00
2013/05/20,4.15,4.18,4.10,4.15,5847732,33950868.00
2013/05/21,4.15,4.18,4.12,4.15,4351027,25270674.00
2013/05/22,4.14,4.20,4.12,4.15,5183805,30227780.00
2013/05/23,4.14,4.18,4.10,4.15,4656782,27005700.00
2013/05/24,4.15,4.36,4.15,4.32,12717879,76010744.00
2013/05/27,4.29,4.35,4.25,4.34,5974980,36005288.00
2013/05/28,4.32,4.38,4.28,4.34,5559425,33675912.00
2013/05/29,4.33,4.42,4.31,4.40,6811772,41434400.00
2013/05/30,4.38,4.76,4.33,4.53,14930336,92838528.00
2013/05/31,4.54,4.59,4.42,4.43,21232201,133746104.00
2013/06/03,4.45,4.57,4.43,4.55,13063388,82032784.00
2013/06/04,4.54,4.94,4.44,4.87,25149501,162775248.00
2013/06/05,4.76,4.89,4.65,4.67,28290984,185588080.00
2013/06/06,4.61,4.65,4.48,4.55,9235216,58418288.00
2013/06/07,4.63,4.63,4.45,4.47,6278657,38412392.00
2013/06/13,4.42,4.42,4.22,4.28,5973986,34700552.00
2013/06/14,4.32,4.36,4.30,4.35,4139164,24232602.00
2013/06/17,4.35,4.47,4.24,4.46,7964729,47027544.00
2013/06/18,4.42,4.65,4.40,4.55,14810586,90731968.00
2013/06/19,4.52,4.65,4.43,4.53,8848990,54237748.00
2013/06/20,4.52,4.52,4.34,4.35,4948974,29637952.00
2013/06/21,4.28,4.55,4.28,4.50,13812541,83104240.00
2013/06/24,4.46,4.50,4.10,4.19,7025848,40963740.00
2013/06/25,4.14,4.23,3.80,4.12,8832049,48516884.00
2013/06/26,4.13,4.44,4.03,4.29,11226633,63638228.00
2013/06/27,4.25,4.38,4.23,4.32,16696331,97668600.00
2013/06/28,4.29,4.64,4.25,4.48,19419048,116179384.00
2013/07/01,4.45,4.56,4.38,4.46,13756588,82747432.00
2013/07/02,4.45,4.51,4.35,4.42,13224028,79163512.00
2013/07/03,4.42,4.45,4.28,4.35,6428065,37753792.00
2013/07/04,4.34,4.42,4.29,4.37,5971785,35192344.00
2013/07/05,4.35,4.50,4.31,4.41,13517019,80662832.00
2013/07/08,4.36,4.36,4.09,4.11,6884784,39419800.00
2013/07/09,4.08,4.14,4.02,4.08,3989466,22058350.00
2013/07/10,4.08,4.25,4.07,4.22,4156564,23505488.00
2013/07/11,4.21,4.38,4.20,4.30,6483977,37637520.00
2013/07/12,4.30,4.39,4.22,4.32,8218167,47907040.00
2013/07/15,4.31,4.40,4.29,4.38,9575060,56487696.00
2013/07/16,4.37,4.56,4.33,4.48,13335434,80365624.00
2013/07/17,4.48,4.50,4.35,4.38,9638878,57651496.00
2013/07/18,4.38,4.46,4.28,4.32,5843517,34232808.00
2013/07/19,4.37,4.47,4.28,4.29,7897850,46522604.00
2013/07/22,4.26,4.35,4.15,4.34,5435697,31290872.00
2013/07/23,4.34,4.46,4.33,4.40,7899906,46954948.00
2013/07/24,4.51,4.55,4.42,4.49,15887909,96269776.00
2013/07/25,4.47,4.52,4.38,4.42,7667071,45974720.00
2013/07/26,4.42,4.54,4.36,4.49,9484085,57189772.00
2013/07/29,4.48,4.56,4.45,4.51,8426301,51304416.00
2013/07/30,4.52,4.54,4.38,4.43,8818606,53038248.00
2013/07/31,4.45,4.54,4.44,4.47,7775133,47105240.00
2013/08/01,4.45,4.53,4.45,4.52,11807378,71758416.00
2013/08/02,4.52,4.63,4.52,4.54,13213465,81368464.00
2013/08/05,4.55,4.62,4.51,4.59,8640247,53374716.00
2013/08/06,4.58,4.73,4.57,4.69,15807964,99374352.00
2013/08/07,4.67,4.72,4.58,4.62,11555858,72081784.00
2013/08/08,4.61,4.65,4.57,4.65,7651957,47551040.00
2013/08/09,4.68,4.69,4.51,4.53,13892368,85524088.00
2013/08/12,4.53,4.59,4.52,4.58,9211286,56662028.00
2013/08/13,4.59,4.65,4.58,4.63,10617871,66049796.00
2013/08/14,4.64,4.66,4.54,4.56,8062466,49951168.00
2013/08/15,4.57,4.65,4.52,4.56,8438162,52098396.00
2013/08/16,4.50,4.63,4.47,4.50,9232132,56621720.00
2013/08/19,4.48,4.56,4.46,4.56,5447619,33288138.00
2013/08/20,4.56,4.60,4.52,4.55,5146388,31665796.00
2013/08/21,4.52,4.55,4.50,4.55,4071859,24860492.00
2013/08/22,4.54,4.58,4.49,4.52,5154825,31565326.00
2013/08/23,4.52,4.55,4.39,4.40,8133325,48951596.00
2013/08/26,4.42,4.51,4.40,4.50,6067251,36637476.00
2013/08/27,4.48,4.54,4.46,4.53,6279122,38178896.00
2013/08/28,4.50,4.55,4.45,4.51,8737498,53020188.00
2013/08/29,4.51,4.64,4.49,4.59,11858082,73137200.00
2013/08/30,4.58,4.62,4.54,4.55,11756615,72683408.00
2013/09/02,4.56,4.59,4.42,4.51,6488960,39400224.00
2013/09/03,4.52,4.55,4.48,4.55,5940264,36266368.00
2013/09/04,4.56,4.65,4.53,4.60,14747308,91461984.00
2013/09/05,4.61,4.61,4.52,4.55,7362174,45177016.00
2013/09/06,4.55,4.58,4.51,4.55,6199808,38008300.00
2013/09/09,4.53,4.65,4.52,4.61,10584910,65532300.00
2013/09/10,4.61,4.72,4.58,4.70,16194289,101444008.00
2013/09/11,4.70,4.74,4.63,4.68,12467056,78508304.00
2013/09/12,4.67,4.85,4.65,4.85,25483487,163741264.00
2013/09/13,4.95,5.20,4.85,4.88,43744892,295812352.00
2013/09/16,4.87,5.09,4.78,5.08,31040389,206616096.00
2013/09/17,4.98,5.02,4.75,4.78,20899938,137996384.00
2013/09/18,4.80,4.95,4.75,4.84,11955218,77792920.00
2013/09/23,4.85,4.87,4.72,4.83,13103039,84582992.00
2013/09/24,4.82,4.97,4.70,4.94,20659583,134072624.00
2013/09/25,4.88,4.95,4.82,4.83,13754490,90279928.00
2013/09/26,4.82,4.82,4.70,4.72,9894756,63191176.00
2013/09/27,4.73,4.78,4.68,4.69,8306311,53004016.00
2013/09/30,4.72,4.78,4.70,4.73,6629509,42288352.00
2013/10/08,4.75,4.90,4.74,4.85,11096547,72465344.00
2013/10/09,4.83,4.92,4.81,4.86,9148468,59903892.00
2013/10/10,4.86,5.02,4.85,4.88,14601761,96883008.00
2013/10/11,4.90,5.02,4.88,4.99,14346868,95719184.00
2013/10/14,5.01,5.06,4.95,5.02,14686956,98800304.00
2013/10/15,4.98,5.02,4.88,4.95,12823375,85045208.00
2013/10/16,4.92,4.94,4.75,4.78,12229732,79460864.00
2013/10/17,4.82,4.85,4.75,4.78,8641729,55884668.00
2013/10/18,4.77,4.84,4.76,4.80,4586818,29667512.00
2013/10/21,4.83,4.98,4.83,4.95,10392954,68842984.00
2013/10/22,4.94,4.98,4.84,4.87,9332993,61504456.00
2013/10/23,4.87,4.92,4.70,4.73,8732723,56313380.00
2013/10/24,4.73,4.78,4.66,4.73,6026747,38276896.00
2013/10/25,4.73,4.78,4.65,4.76,6935214,44067816.00
2013/10/28,4.76,4.77,4.66,4.69,4537435,28737134.00
2013/10/29,4.69,4.76,4.48,4.58,8172337,50884312.00
2013/10/30,4.58,4.68,4.58,4.65,5289472,33033488.00
2013/10/31,4.66,4.67,4.55,4.59,5430966,33624576.00
2013/11/01,4.55,4.66,4.55,4.62,4105860,25488256.00
2013/11/04,4.74,4.80,4.71,4.72,8481410,54234548.00
2013/11/05,4.72,4.78,4.67,4.77,6216525,39706264.00
2013/11/06,4.77,4.77,4.70,4.72,4705754,29958772.00
2013/11/07,4.73,4.73,4.61,4.62,4695541,29405418.00
2013/11/08,4.62,4.65,4.52,4.55,3833327,23662520.00
2013/11/11,4.52,4.62,4.52,4.56,3193763,19708260.00
2013/11/12,4.58,4.62,4.56,4.61,2318995,14349190.00
2013/11/13,4.61,4.61,4.50,4.51,3593033,22033368.00
2013/11/14,4.51,4.55,4.45,4.50,4321333,26169854.00
2013/11/15,4.50,4.62,4.48,4.58,4751369,29327666.00
2013/11/18,4.62,4.68,4.58,4.66,5523734,34520524.00
2013/11/19,4.68,4.70,4.58,4.68,5347348,33594080.00
2013/11/20,4.70,4.71,4.64,4.69,3851684,24225816.00
2013/11/21,4.67,4.70,4.64,4.67,4027511,25315632.00
2013/11/22,4.67,4.67,4.61,4.63,3725506,23291218.00
2013/11/25,4.62,4.66,4.60,4.61,3198166,19924056.00
2013/11/26,4.61,4.64,4.58,4.60,3594138,22291278.00
2013/11/27,4.60,4.65,4.58,4.65,4350991,27154892.00
2013/11/28,4.63,4.73,4.63,4.69,6528214,41201420.00
2013/11/29,4.70,4.72,4.65,4.70,4384313,27645880.00
2013/12/02,4.68,4.70,4.48,4.58,9552765,59236688.00
2013/12/03,4.61,4.72,4.58,4.71,8510736,53329000.00
2013/12/04,4.71,4.81,4.68,4.77,11066512,71072656.00
2013/12/05,4.77,4.91,4.69,4.87,13703344,89212336.00
2013/12/06,4.87,4.93,4.84,4.86,7750346,50863520.00
2013/12/09,4.86,4.93,4.82,4.87,5006622,32710470.00
2013/12/10,4.92,4.95,4.85,4.88,6442078,42416544.00
2013/12/11,4.87,4.87,4.75,4.77,6562781,42331832.00
2013/12/12,4.77,4.82,4.74,4.78,3782312,24379664.00
2013/12/13,4.78,4.88,4.78,4.86,5877209,38263520.00
2013/12/16,4.85,4.96,4.82,4.84,7930767,52162712.00
2013/12/17,4.82,4.85,4.75,4.78,4035068,26050934.00
2013/12/18,4.78,4.81,4.73,4.75,3840487,24649780.00
2013/12/19,4.75,4.80,4.73,4.75,3061116,19630956.00
2013/12/20,4.76,4.80,4.72,4.72,4433131,28372428.00
2013/12/23,4.72,4.75,4.61,4.67,2960418,18612970.00
2013/12/24,4.72,4.75,4.65,4.71,2571189,16303023.00
2013/12/25,4.72,4.80,4.69,4.80,4559092,29203330.00
2013/12/26,4.78,4.81,4.64,4.67,3862327,24621424.00
2013/12/27,4.65,4.76,4.65,4.72,2606086,16578154.00
2013/12/30,4.75,4.77,4.67,4.68,3030562,19229628.00
2013/12/31,4.68,4.72,4.63,4.71,2408169,15193286.00
2014/01/02,4.71,4.72,4.66,4.71,2435077,15381227.00
2014/01/03,4.68,4.75,4.58,4.59,5453320,34197620.00
2014/01/06,4.60,4.60,4.44,4.45,5956215,35985892.00
2014/01/07,4.45,4.52,4.42,4.45,2779102,16691027.00
2014/01/08,4.45,4.47,4.38,4.40,3178468,18995142.00
2014/01/09,4.40,4.42,4.32,4.32,2708430,15997493.00
2014/01/10,4.32,4.32,4.20,4.23,3274413,18876640.00
2014/01/13,4.26,4.28,4.15,4.20,2089798,11890109.00
2014/01/14,4.21,4.32,4.18,4.31,2856055,16479360.00
2014/01/15,4.31,4.32,4.23,4.31,2552459,14732190.00
2014/01/16,4.31,4.33,4.25,4.28,2013506,11691303.00
2014/01/17,4.26,4.28,4.22,4.23,1535169,8801309.00
2014/01/20,4.20,4.25,4.18,4.22,1421516,8096208.00
2014/01/21,4.25,4.30,4.22,4.30,2273020,13113795.00
2014/01/22,4.31,4.41,4.29,4.38,3971071,23416412.00
2014/01/23,4.39,4.39,4.33,4.35,3348685,19680408.00
2014/01/24,4.33,4.42,4.33,4.40,3429525,20330272.00
2014/01/27,4.49,4.58,4.48,4.51,7377213,45038568.00
2014/01/28,4.53,4.55,4.45,4.49,2784192,16867720.00
2014/01/29,4.48,4.52,4.47,4.49,2361595,14312434.00
2014/01/30,4.51,4.52,4.42,4.50,2659234,16062821.00
2014/02/07,4.46,4.55,4.45,4.55,3009263,18221814.00
2014/02/10,4.56,4.62,4.53,4.59,4944964,30620494.00
2014/02/11,4.58,4.62,4.57,4.58,4643454,28751464.00
2014/02/12,4.58,4.64,4.57,4.62,4922928,30566944.00
2014/02/13,4.63,4.64,4.56,4.57,5543615,34403904.00
2014/02/14,4.57,4.66,4.56,4.65,4931916,30758664.00
2014/02/17,4.68,4.71,4.63,4.65,5305962,33340860.00
2014/02/18,4.65,4.66,4.58,4.62,6282428,39068768.00
2014/02/19,4.62,4.64,4.56,4.60,5359894,33184672.00
2014/02/20,4.60,4.66,4.56,4.58,5230868,32526136.00
2014/02/21,4.59,4.61,4.52,4.54,3946932,24277820.00
2014/02/24,4.52,4.54,4.41,4.43,5848326,35110536.00
2014/02/25,4.42,4.46,4.25,4.28,5384796,31769814.00
2014/02/26,4.28,4.32,4.23,4.32,4577187,26491820.00
2014/02/27,4.30,4.35,4.27,4.28,3965161,23089844.00
2014/02/28,4.28,4.32,4.25,4.32,2573368,14916752.00
2014/03/03,4.32,4.43,4.32,4.39,4077353,24117782.00
2014/03/04,4.37,4.40,4.33,4.37,3329355,19616370.00
2014/03/05,4.41,4.46,4.38,4.39,4699631,28043212.00
2014/03/06,4.39,4.43,4.32,4.39,3626057,21408444.00
2014/03/07,4.39,4.40,4.32,4.35,4551324,26755558.00
2014/03/10,4.32,4.32,4.18,4.19,4064847,23283504.00
2014/03/11,4.22,4.31,4.18,4.26,2868602,16485890.00
2014/03/12,4.23,4.37,4.23,4.34,4390710,25529542.00
2014/03/13,4.34,4.38,4.30,4.35,2639197,15488540.00
2014/03/14,4.32,4.35,4.28,4.32,1876984,10928192.00
2014/03/17,4.34,4.38,4.29,4.38,2608712,15337882.00
2014/03/18,4.38,4.45,4.36,4.44,4299424,25674570.00
2014/03/19,4.45,4.49,4.42,4.47,4991285,30050686.00
2014/03/20,4.47,4.48,4.32,4.32,4089769,24350380.00
2014/03/21,4.33,4.45,4.32,4.45,3572777,21250814.00
2014/03/24,4.46,4.55,4.46,4.52,5820889,35468168.00
2014/03/25,4.50,4.52,4.48,4.51,3266467,19822928.00
2014/03/26,4.51,4.53,4.45,4.48,3137393,18975230.00
2014/03/27,4.50,4.54,4.46,4.49,3720646,22581016.00
2014/03/28,4.45,4.48,4.32,4.33,6379902,37788780.00
2014/03/31,4.33,4.35,4.23,4.29,4362363,25215096.00
2014/04/01,4.29,4.33,4.25,4.32,2323455,13503757.00
2014/04/02,4.32,4.37,4.31,4.34,2697957,15797614.00
2014/04/03,4.35,4.36,4.30,4.33,1713267,10026611.00
2014/04/04,4.33,4.35,4.30,4.32,2453241,14316460.00
2014/04/08,4.34,4.42,4.31,4.40,5041876,29722468.00
2014/04/09,4.39,4.42,4.38,4.41,2611894,15509313.00
2014/04/10,4.39,4.45,4.38,4.41,3552647,21180080.00
2014/04/11,4.41,4.48,4.40,4.44,4226153,25316376.00
2014/04/14,4.43,4.46,4.41,4.45,2034720,12161717.00
2014/04/15,4.45,4.45,4.35,4.37,3423502,20308616.00
2014/04/16,4.36,4.47,4.33,4.43,4304531,25566964.00
2014/04/17,4.41,4.45,4.37,4.42,4935410,29416176.00
2014/04/18,4.41,4.44,4.38,4.43,2514355,14970362.00
2014/04/21,4.42,4.45,4.37,4.38,3011017,17966662.00
2014/04/22,4.58,4.72,4.54,4.63,26241298,162851264.00
2014/04/23,4.64,4.82,4.62,4.72,24502359,155784784.00
2014/04/24,4.72,4.72,4.62,4.64,11115356,69750264.00
2014/04/25,4.67,4.72,4.61,4.62,9122950,57193976.00
2014/04/28,4.77,4.88,4.64,4.72,19676364,125770392.00
2014/04/29,4.64,4.77,4.52,4.75,11256761,70490312.00
2014/04/30,4.74,4.82,4.69,4.76,10923543,70090984.00
2014/05/05,5.03,5.12,4.83,4.98,34152220,229199776.00
2014/05/06,4.92,5.06,4.89,5.02,18405805,122944536.00
2014/05/07,4.95,4.99,4.78,4.82,16065214,105523280.00
2014/05/08,4.78,4.86,4.74,4.75,11993471,77390792.00
2014/05/09,4.74,4.77,4.58,4.65,10661354,67064756.00
2014/05/12,4.70,4.80,4.65,4.77,8847414,56369360.00
2014/05/13,4.78,4.80,4.70,4.74,6059159,38669024.00
2014/05/14,4.75,4.78,4.66,4.71,6359996,40491008.00
2014/05/15,4.72,4.78,4.67,4.78,9991129,63742760.00
2014/05/16,4.75,4.78,4.70,4.76,6197335,39585512.00
2014/05/19,4.76,4.76,4.68,4.70,5423552,34479680.00
2014/05/20,4.76,4.89,4.74,4.75,8126516,52527336.00
2014/05/21,4.72,4.75,4.60,4.73,6747805,42673468.00
2014/05/22,4.72,4.78,4.72,4.74,6020448,38504732.00
2014/05/23,4.73,4.76,4.69,4.75,4143837,26383740.00
2014/05/26,4.76,4.79,4.71,4.73,4516760,28839012.00
2014/05/27,4.72,4.79,4.69,4.79,8754888,56003492.00
2014/05/28,4.79,4.81,4.75,4.79,6004272,38616052.00
2014/05/29,4.79,4.81,4.72,4.72,6441138,41238728.00
2014/05/30,4.72,4.74,4.65,4.72,5174591,32671036.00
2014/06/03,4.70,4.72,4.67,4.68,3783003,23919206.00
2014/06/04,4.65,4.67,4.62,4.66,3295509,20626264.00
2014/06/05,4.65,4.72,4.62,4.71,3696698,23305744.00
2014/06/06,4.72,4.85,4.68,4.82,10988654,70673648.00
2014/06/09,4.77,4.85,4.75,4.79,7696702,49836756.00
2014/06/10,4.80,4.88,4.76,4.85,8586293,55833312.00
2014/06/11,4.85,4.91,4.83,4.86,6979363,45685152.00
2014/06/12,4.83,4.87,4.79,4.82,5570145,36130792.00
2014/06/13,4.82,5.01,4.80,4.97,13785667,91231592.00
2014/06/16,4.98,5.07,4.92,4.96,12406272,80352448.00
2014/06/17,4.93,5.15,4.93,5.03,13776940,90817328.00
2014/06/18,5.01,5.53,5.00,5.48,49272544,348464032.00
2014/06/19,5.62,5.68,5.15,5.22,32875008,228923968.00
2014/06/20,5.27,5.45,5.20,5.42,21897920,151565424.00
2014/06/23,5.47,5.89,5.47,5.58,31685156,232336112.00
2014/06/24,5.54,5.72,5.48,5.61,26359491,191390704.00
2014/06/25,5.55,5.82,5.49,5.68,30409428,222994640.00
2014/06/26,5.74,6.25,5.65,6.25,62472684,494465056.00
2014/06/27,6.42,6.87,6.39,6.87,91998862,799310656.00
2014/06/30,7.14,7.31,6.87,6.91,92550216,846917504.00
2014/07/01,6.81,6.83,6.62,6.73,58548462,511588096.00
2014/07/02,6.67,6.73,6.25,6.32,68153349,565580480.00
2014/07/03,6.28,6.53,6.28,6.42,47268853,393384480.00
2014/07/04,6.43,6.74,6.34,6.57,49336730,418224032.00
2014/07/07,6.48,6.73,6.41,6.58,38416069,325684704.00
2014/07/08,6.59,7.25,6.54,7.00,84484488,767540928.00
2014/07/09,6.88,7.15,6.82,7.02,61662138,559419392.00
2014/07/10,7.02,7.28,6.92,7.08,50176633,461976448.00
2014/07/11,7.01,7.39,6.92,6.96,40100136,368181824.00
2014/07/14,6.92,7.00,6.72,6.98,34162589,304292736.00
2014/07/15,7.43,7.68,7.22,7.42,112892577,1097965184.00
2014/07/16,7.18,7.31,6.68,6.68,73283831,661881472.00
2014/07/17,6.50,6.60,6.22,6.52,51346676,426686528.00
2014/07/18,6.38,6.53,6.35,6.46,24950029,209170224.00
2014/07/21,6.54,6.68,6.46,6.62,27834657,239157488.00
2014/07/22,6.58,6.59,6.37,6.52,31931399,268667936.00
2014/07/23,6.32,6.41,5.92,5.98,55400604,441008160.00
2014/07/24,5.92,6.06,5.82,5.96,28227391,218562624.00
2014/07/25,5.93,5.99,5.85,5.96,17732366,136965344.00
2014/07/28,6.04,6.08,5.98,6.08,26180660,205730624.00
2014/07/29,6.08,6.31,6.05,6.27,27867646,225601872.00
2014/07/30,6.28,6.29,6.16,6.23,18819325,152132144.00
2014/07/31,6.28,6.48,6.20,6.45,24501510,202427584.00
2014/08/01,6.38,6.52,6.28,6.35,22873656,190553952.00
2014/08/04,6.36,6.45,6.32,6.43,16087641,134043736.00
2014/08/05,6.42,6.48,6.37,6.45,16912917,141130080.00
2014/08/06,6.42,6.70,6.41,6.62,26050545,223955808.00
2014/08/07,6.66,6.75,6.59,6.64,18945962,163693120.00
2014/08/08,6.63,6.68,6.48,6.67,19499509,166974272.00
2014/08/11,6.73,7.14,6.71,7.08,39436698,359608288.00
2014/08/12,7.08,7.13,6.98,7.10,22984164,210888080.00
2014/08/13,7.14,7.14,6.69,6.94,31917454,287391168.00
2014/08/14,6.92,6.93,6.52,6.56,34210969,298601760.00
2014/08/15,6.60,6.77,6.49,6.71,21536540,185088512.00
2014/08/18,6.76,6.82,6.62,6.70,15255301,132893424.00
2014/08/19,6.75,6.76,6.58,6.65,16233229,140151216.00
2014/08/20,6.65,6.82,6.61,6.75,20984187,184400576.00
2014/08/21,6.75,6.88,6.69,6.88,17815965,157058256.00
2014/08/22,6.91,7.15,6.89,7.05,37070424,339919136.00
2014/08/25,6.98,6.99,6.35,6.35,51358218,436492608.00
2014/08/26,6.25,6.31,6.01,6.10,30589045,244272272.00
2014/08/27,6.08,6.18,6.04,6.09,14552711,115686688.00
2014/08/28,6.09,6.10,5.88,5.92,21231177,164471744.00
2014/08/29,5.92,6.03,5.92,6.02,11442805,88966224.00
2014/09/01,6.02,6.13,6.02,6.06,11555814,91426336.00
2014/09/02,6.11,6.23,6.07,6.22,18841733,151316736.00
2014/09/03,6.22,6.27,6.18,6.20,19449954,156940608.00
2014/09/04,6.19,6.24,6.09,6.22,19713725,158579504.00
2014/09/05,6.22,6.25,6.19,6.23,15494982,125445488.00
2014/09/09,6.23,6.34,6.12,6.33,30501779,247072384.00
2014/09/10,6.31,6.49,6.25,6.43,35674243,296075680.00
2014/09/11,6.40,6.52,6.27,6.31,31920224,265828544.00
2014/09/12,6.29,6.35,6.24,6.34,16087839,131403656.00
2014/09/15,6.32,6.41,6.26,6.35,19434804,159725152.00
2014/09/16,6.35,6.42,6.08,6.09,19705062,160260464.00
2014/09/17,6.08,6.14,5.95,6.04,15795810,123424264.00
2014/09/18,6.00,6.11,6.00,6.05,11690988,91916224.00
2014/09/19,6.05,6.65,6.05,6.65,36679256,312421408.00
2014/09/22,7.00,7.12,6.62,6.64,93768888,829236864.00
2014/09/23,6.56,6.67,6.45,6.54,36074168,305730624.00
2014/09/24,6.52,6.65,6.49,6.58,27729981,236930224.00
2014/09/25,6.62,6.65,6.47,6.51,24025664,204800608.00
2014/09/26,6.45,6.46,6.39,6.45,15220057,127186904.00
2014/09/29,6.48,6.57,6.46,6.52,16059773,135814944.00
2014/09/30,6.52,6.60,6.46,6.55,18213854,155001568.00
2014/10/08,6.57,6.61,6.51,6.60,18050457,154071872.00
2014/10/09,6.62,6.63,6.49,6.56,19883523,169701392.00
2014/10/10,6.53,6.58,6.45,6.48,16035026,135805376.00
2014/10/13,6.48,6.48,6.30,6.35,15148065,125182824.00
2014/10/14,6.35,6.42,6.28,6.32,13305399,109967408.00
2014/10/15,6.32,6.33,6.22,6.32,12900089,105334752.00
2014/10/16,6.24,6.32,6.24,6.25,10319995,84253336.00
2014/10/17,6.25,6.28,6.05,6.18,11556658,92676920.00
2014/10/20,6.18,6.29,6.18,6.28,7443243,60490992.00
2014/10/21,6.29,6.31,6.21,6.22,6688992,54448820.00
2014/10/22,6.23,6.26,6.12,6.15,7746749,62437440.00
2014/10/23,6.15,6.17,5.96,5.97,9287117,73008704.00
2014/10/24,5.98,6.02,5.90,5.96,7095622,55193068.00
2014/10/27,5.97,6.01,5.92,6.00,5343179,41532776.00
2014/10/28,6.02,6.15,6.02,6.14,7322073,58112784.00
2014/10/29,6.14,6.23,6.11,6.20,12419704,99604024.00
2014/10/30,6.21,6.22,6.14,6.15,10643721,85394360.00
2014/10/31,6.17,6.22,6.09,6.21,13647648,109556600.00
2014/11/03,6.18,6.32,6.18,6.26,14213827,115658096.00
2014/11/04,6.23,6.28,6.17,6.18,10752449,86829456.00
2014/11/05,6.18,6.19,6.08,6.10,11054415,87980656.00
2014/11/06,6.10,6.14,6.08,6.13,8246056,65424864.00
2014/11/07,6.12,6.45,6.10,6.38,41235782,340677056.00
2014/11/10,6.37,6.46,6.31,6.42,18425769,152756320.00
2014/11/11,6.41,6.45,6.14,6.17,18156007,147746288.00
2014/11/12,6.18,6.28,6.15,6.28,8932947,72259768.00
2014/11/13,6.27,6.41,6.22,6.32,19402240,159946736.00
2014/11/14,6.27,6.32,6.18,6.22,10306242,83468896.00
2014/11/17,6.27,6.41,6.14,6.32,13881599,113980312.00
2014/11/18,6.32,6.35,6.25,6.28,8616444,70436880.00
2014/11/19,6.36,6.52,6.31,6.49,34581725,289253952.00
2014/11/20,6.42,6.45,6.36,6.39,15959344,132802680.00
2014/11/21,6.38,6.48,6.36,6.42,14854172,124162976.00
2014/11/24,6.49,6.52,6.38,6.45,22160122,185970848.00
2014/11/25,6.45,6.53,6.40,6.51,24055317,202398656.00
2014/11/26,6.54,6.55,6.35,6.42,23307109,195520976.00
2014/11/27,6.43,6.72,6.42,6.62,37401187,319641888.00
2014/11/28,6.58,6.65,6.48,6.55,24815913,211065360.00
2014/12/01,6.59,6.60,6.42,6.46,21505107,181597536.00
2014/12/02,6.45,6.55,6.43,6.54,19544432,165229440.00
2014/12/03,6.56,6.74,6.48,6.61,31900624,273360864.00
2014/12/04,6.62,7.05,6.62,6.95,54363578,484166752.00
2014/12/05,6.86,6.92,6.48,6.66,40027921,349955680.00
2014/12/08,6.62,6.74,6.50,6.67,24724891,213231008.00
2014/12/09,6.61,6.75,6.39,6.42,34558851,295228288.00
2014/12/10,6.38,6.57,6.38,6.56,18919350,159787712.00
2014/12/11,6.54,6.64,6.48,6.58,20009356,170363904.00
2014/12/12,6.61,6.82,6.58,6.72,26574915,231737728.00
2014/12/15,6.71,6.91,6.68,6.84,28351852,251462944.00
2014/12/16,6.84,6.89,6.71,6.77,19960106,175583184.00
2014/12/17,6.76,6.76,6.54,6.62,23975387,206866336.00
2014/12/18,6.62,6.65,6.54,6.55,15724764,134682720.00
2014/12/19,6.55,6.60,6.40,6.48,17044711,143573888.00
2014/12/22,6.47,6.48,6.09,6.18,21918476,178252816.00
2014/12/23,6.18,6.28,6.13,6.15,10230984,82535336.00
2014/12/24,6.20,6.25,6.14,6.25,8999656,72515152.00
2014/12/25,6.25,6.35,6.25,6.29,8970049,73371496.00
2014/12/26,6.28,6.31,6.23,6.27,11531251,93907064.00
2014/12/29,6.28,6.38,6.25,6.33,16739741,137169968.00
2014/12/30,6.32,6.42,6.19,6.28,14929899,122422040.00
2014/12/31,6.29,6.33,6.23,6.32,10400234,84763184.00
2015/01/05,6.32,6.43,6.25,6.40,17823518,147162256.00
2015/01/06,6.35,6.41,6.30,6.38,12136155,100159544.00
2015/01/07,6.38,6.43,6.31,6.38,12258968,101544584.00
2015/01/08,6.37,6.38,6.25,6.26,11190931,91504704.00
2015/01/09,6.25,6.30,6.20,6.21,10457643,85186720.00
2015/01/12,6.18,6.18,6.00,6.02,10813312,85452552.00
2015/01/13,6.00,6.07,5.98,6.05,5772588,45308864.00
2015/01/14,6.08,6.09,6.02,6.05,6086241,47936528.00
2015/01/15,6.06,6.22,6.03,6.20,10452903,83294040.00
2015/01/16,6.18,6.19,6.12,6.15,10300863,82270312.00
2015/01/19,6.00,6.10,5.82,5.90,13573577,105580336.00
2015/01/20,5.95,6.11,5.95,6.06,7403015,58032940.00
2015/01/21,6.07,6.18,6.07,6.18,10835095,86457744.00
2015/01/22,6.18,6.28,6.15,6.23,12099447,97899688.00
2015/01/23,6.25,6.25,6.15,6.19,10504393,84587584.00
2015/01/26,6.18,6.28,6.18,6.28,11272835,91382760.00
2015/01/27,6.31,6.37,6.23,6.35,16587171,136149968.00
2015/01/28,6.31,6.42,6.30,6.35,13898802,115012200.00
2015/01/29,6.32,6.33,6.22,6.25,10362777,84483664.00
2015/01/30,6.25,6.28,6.16,6.16,8209146,66400848.00
2015/02/02,6.06,6.21,5.97,6.18,7022197,55884560.00
2015/02/03,6.16,6.33,6.16,6.31,11292382,91831208.00
2015/02/04,6.30,6.38,6.25,6.35,12359880,101642416.00
2015/02/05,6.41,6.45,6.31,6.35,19313691,160435104.00
2015/02/06,6.34,6.86,6.32,6.58,53401585,460630112.00
2015/02/09,6.46,6.55,6.28,6.32,24163688,201229328.00
2015/02/10,6.28,6.46,6.26,6.45,13478243,111185864.00
2015/02/11,6.45,6.72,6.42,6.58,24366544,209050064.00
2015/02/12,6.60,6.69,6.53,6.54,17544540,150694288.00
2015/02/13,6.59,6.90,6.59,6.85,41433389,365635200.00
2015/02/16,6.92,6.96,6.80,6.92,29556134,264671808.00
2015/02/17,6.92,6.95,6.75,6.79,23283411,206462368.00
2015/02/25,6.83,6.94,6.75,6.83,19124639,170139664.00
2015/02/26,6.86,7.12,6.81,6.99,29338960,267235312.00
2015/02/27,6.95,7.07,6.93,6.96,18879729,171596832.00
2015/03/02,6.97,7.12,6.92,7.09,28193994,256604512.00
2015/03/03,7.05,7.08,6.78,6.83,29543592,266601264.00
2015/03/04,6.82,6.94,6.79,6.89,19740749,176012320.00
2015/03/05,6.94,7.58,6.92,7.58,66290398,648350592.00
2015/03/06,7.63,8.03,7.58,7.60,90303547,911437376.00
2015/03/09,7.54,7.57,7.30,7.48,38009539,367104544.00
2015/03/10,7.48,7.84,7.41,7.65,37394467,372993824.00
2015/03/11,7.55,8.31,7.55,8.07,52140806,537964416.00
2015/03/12,8.02,8.18,7.72,7.98,35070458,361414592.00
2015/03/13,8.08,8.15,7.88,7.95,23082333,239582976.00
2015/03/16,8.05,8.30,8.00,8.12,31157999,329604352.00
2015/03/17,8.19,8.28,7.85,7.98,40915534,428004640.00
2015/03/18,7.92,8.11,7.88,8.09,30419382,316009152.00
2015/03/19,8.07,8.27,7.90,8.06,29071746,305143072.00
2015/03/20,8.06,8.52,7.94,8.34,44321644,473316416.00
2015/03/23,8.31,8.44,8.21,8.34,34930212,377865920.00
2015/03/24,8.36,8.37,7.88,8.12,41614271,440492096.00
2015/03/25,8.15,8.66,8.02,8.45,45925692,497633120.00
2015/03/26,8.50,8.81,8.32,8.38,36015422,400740416.00
2015/03/27,8.38,8.70,8.24,8.60,30354953,333960352.00
2015/03/30,8.68,9.46,8.66,9.41,56639685,674084480.00
2015/03/31,8.98,9.26,8.69,9.07,56562873,665530752.00
2015/04/01,9.08,9.32,8.97,9.22,35170130,419217120.00
2015/04/02,9.56,9.83,9.32,9.49,50124294,622308608.00
2015/04/03,9.42,10.44,9.36,10.16,50440308,659940096.00
2015/04/07,10.12,10.45,10.08,10.28,37185519,495877600.00
2015/04/08,10.62,11.19,10.38,10.75,46975529,657579200.00
2015/04/09,10.75,11.17,10.29,11.07,54126133,763969280.00
2015/04/10,11.08,12.18,10.97,11.99,76804780,1186668160.00
2015/04/13,12.18,13.00,11.60,12.42,66161073,1050082496.00
2015/04/14,12.37,12.66,12.14,12.31,35669471,576112320.00
2015/04/15,12.15,12.30,11.31,11.35,46316312,704518016.00
2015/04/16,11.16,11.78,11.05,11.42,30710617,460359840.00
2015/04/17,11.38,11.65,11.00,11.08,50702851,743790400.00
2015/04/20,11.00,11.00,10.35,10.40,59934901,832902336.00
2015/04/21,10.46,11.08,10.46,11.07,37816001,531602528.00
2015/04/22,11.27,11.36,11.09,11.26,35019331,510943456.00
2015/04/23,11.25,11.73,11.15,11.70,40900223,605804672.00
2015/04/24,11.50,11.59,11.13,11.36,31772824,469584032.00
2015/04/27,11.31,11.52,11.22,11.29,28189169,415365344.00
2015/04/28,11.42,11.52,10.62,10.86,34374293,494400672.00
2015/04/29,10.76,11.18,10.55,11.11,21457561,305033056.00
2015/04/30,11.15,11.53,11.12,11.36,32818140,485052448.00
2015/05/04,11.35,11.73,11.15,11.55,28022418,417720704.00
2015/05/05,11.54,11.58,10.65,10.72,25635051,370030816.00
2015/05/06,10.77,11.10,10.16,10.53,18484589,260053552.00
2015/05/07,10.47,10.75,10.32,10.58,14679724,200312048.00
2015/05/08,11.15,11.54,10.90,11.35,39536418,578723456.00
2015/05/11,11.38,11.92,11.18,11.88,45194689,686018944.00
2015/05/12,12.00,12.12,11.47,11.72,40843150,621237568.00
2015/05/13,11.72,12.34,11.47,12.10,49929013,774375744.00
2015/05/14,12.18,12.27,11.82,11.97,28841383,451089728.00
2015/05/15,11.98,12.21,11.39,11.64,24634616,374049312.00
2015/05/18,11.46,11.87,11.38,11.78,22872246,347524832.00
2015/05/19,11.84,12.77,11.82,12.59,38722119,624586496.00
2015/05/20,12.60,13.37,12.37,12.93,41298080,694519360.00
2015/05/21,13.30,13.97,12.99,13.57,32633492,440650112.00
2015/05/22,13.58,13.61,13.05,13.38,50627486,671757696.00
2015/08/18,12.04,12.04,12.04,12.04,3942600,47468904.00
2015/08/19,10.84,11.51,10.84,11.06,138158228,1517814656.00
2015/08/20,10.71,10.71,9.95,9.95,89586700,920297920.00
2015/08/21,9.75,10.21,8.98,9.00,56539550,537414784.00
2015/08/24,8.58,8.60,8.10,8.10,47159564,384561600.00
2015/08/25,7.29,7.54,7.29,7.29,65285908,477703584.00
2015/08/26,7.43,7.86,6.86,7.15,56990553,422425120.00
2015/08/27,7.34,7.87,7.20,7.87,59500111,446467840.00
2015/08/28,8.15,8.46,7.98,8.24,62040058,507501440.00
2015/08/31,8.03,8.13,7.42,7.44,46527056,363751296.00
2015/09/01,7.45,7.45,6.70,6.70,45731019,315534336.00
2015/09/02,6.25,6.98,6.13,6.68,44802625,293263264.00
2015/09/07,6.92,7.15,6.70,6.76,28297635,196630688.00
2015/09/08,6.72,7.15,6.56,7.11,24782660,170155888.00
2015/09/09,7.14,7.51,7.02,7.42,43347564,317315776.00
2015/09/10,7.20,7.34,7.05,7.14,29711352,214590144.00
2015/09/11,7.20,7.26,6.93,7.12,19248251,137107232.00
2015/09/14,7.24,7.27,6.41,6.41,37919402,252545536.00
2015/09/15,6.30,6.42,5.77,5.77,28515509,172502480.00
2015/09/16,5.86,6.35,5.73,6.30,32957512,199601952.00
2015/09/17,6.21,6.53,6.09,6.11,36022191,227743344.00
2015/09/18,6.15,6.25,6.08,6.18,15663231,96667288.00
2015/09/21,6.07,6.45,6.06,6.39,19613623,123192024.00
2015/09/22,6.41,6.97,6.35,6.68,35686663,236084848.00
2015/09/23,6.47,6.56,6.33,6.40,23428038,151244976.00
2015/09/24,6.46,6.57,6.42,6.51,16551645,107580536.00
2015/09/25,6.54,6.68,6.20,6.25,20188225,130166104.00
2015/09/28,6.26,6.41,6.21,6.39,10913270,69102728.00
2015/09/29,6.29,6.34,6.11,6.17,11470859,71410944.00
2015/09/30,6.24,6.27,6.16,6.18,8469521,52693076.00
2015/10/08,6.40,6.53,6.35,6.44,18377169,118354360.00
2015/10/09,6.44,6.69,6.41,6.62,22920275,149856528.00
2015/10/12,6.66,7.10,6.65,7.01,39191535,270745888.00
2015/10/13,7.00,7.17,6.92,7.09,30780018,216710304.00
2015/10/14,7.06,7.09,6.88,6.94,24890587,173739232.00
2015/10/15,6.94,7.23,6.90,7.21,31454517,222883776.00
2015/10/16,7.30,7.34,7.06,7.25,37210721,267799632.00
2015/10/19,7.28,7.35,7.10,7.18,27429356,198080864.00
2015/10/20,7.15,7.80,7.14,7.59,51696067,387341952.00
2015/10/21,7.56,7.67,6.83,6.84,48707428,355269664.00
2015/10/22,6.87,7.18,6.81,7.15,31122911,219012032.00
2015/10/23,7.16,7.48,7.13,7.40,39585983,289128000.00
2015/10/26,7.45,7.56,7.28,7.43,47757551,354833792.00
2015/10/27,7.35,7.41,7.02,7.34,33219260,240650784.00
2015/10/28,7.35,7.54,7.27,7.31,33884835,251107760.00
2015/10/29,7.36,7.77,7.33,7.69,52807566,399083744.00
2015/10/30,7.50,7.63,7.38,7.48,34792096,261119952.00
2015/11/02,7.25,7.54,7.21,7.27,23324037,171745792.00
2015/11/03,7.31,7.48,7.21,7.39,23037446,169401408.00
2015/11/04,7.36,7.79,7.36,7.78,46917634,358843008.00
2015/11/05,7.79,7.88,7.63,7.69,59584504,461856384.00
2015/11/06,7.72,7.98,7.70,7.87,41813337,328081152.00
2015/11/09,7.80,8.09,7.77,8.04,67086325,532126112.00
2015/11/10,7.98,8.10,7.79,7.92,48532032,386025056.00
2015/11/11,7.89,7.99,7.86,7.97,34117770,270382528.00
2015/11/12,8.03,8.05,7.76,7.93,39059102,307341472.00
2015/11/13,7.82,7.86,7.66,7.70,30100365,233142528.00
2015/11/16,7.57,7.85,7.52,7.85,25537526,197049680.00
2015/11/17,7.89,8.07,7.80,7.87,43331092,345030944.00
2015/11/18,7.88,8.06,7.80,7.94,35461882,281167552.00
2015/11/19,7.98,8.08,7.91,8.07,30493060,243672704.00
2015/11/20,8.07,8.27,8.03,8.14,42515632,346307008.00
2015/11/23,8.12,8.57,8.12,8.33,55457289,464939840.00
2015/11/24,8.28,8.83,8.23,8.71,56662865,486223104.00
2015/11/25,8.71,8.73,8.52,8.68,41642541,358404160.00
2015/11/26,8.70,8.73,8.35,8.41,37643044,321961632.00
2015/11/27,8.32,8.63,7.76,7.93,36337007,299515104.00
2015/11/30,7.93,8.03,7.41,7.80,29105548,226256352.00
2015/12/01,7.78,8.10,7.74,8.03,25040183,198055568.00
2015/12/02,7.98,8.04,7.69,7.94,18983600,149786752.00
2015/12/03,7.97,8.38,7.94,8.35,36244553,298649120.00
2015/12/04,8.26,8.35,8.03,8.11,23951575,195602800.00
2015/12/07,8.15,8.66,8.10,8.62,38832716,325503648.00
2015/12/08,8.49,8.55,8.23,8.29,27696171,231599552.00
2015/12/09,8.18,8.29,7.96,8.07,24360815,197915504.00
2015/12/10,8.15,8.28,7.92,7.95,17553003,142341984.00
2015/12/11,7.95,8.14,7.70,8.02,19531738,154353568.00
2015/12/14,7.92,8.19,7.86,8.18,17734105,142500656.00
2015/12/15,8.15,8.38,8.13,8.26,22850088,188310352.00
2015/12/16,8.28,8.49,8.20,8.27,20133290,167865728.00
2015/12/17,8.26,8.46,8.26,8.39,30026386,251893616.00
2015/12/18,8.40,8.49,8.23,8.29,21704499,180647152.00
2015/12/21,8.27,8.55,8.22,8.48,27053450,227645664.00
2015/12/22,8.50,8.59,8.36,8.50,22471741,190012112.00
2015/12/23,8.51,8.81,8.40,8.70,44331522,383665248.00
2015/12/24,8.62,8.69,8.38,8.56,23743915,202108480.00
2015/12/25,8.53,8.68,8.51,8.57,17654242,151688288.00
2015/12/28,8.58,8.74,8.17,8.19,31176749,263982592.00
2015/12/29,8.27,8.39,8.16,8.35,17574263,145554416.00
2015/12/30,8.32,8.42,8.23,8.36,15186671,126615192.00
2015/12/31,8.36,8.40,8.09,8.13,19256052,158541152.00
2016/01/04,8.07,8.16,7.32,7.32,16069376,125016576.00
2016/01/05,7.00,7.36,6.90,7.22,20329526,145445712.00
2016/01/06,7.35,7.42,7.23,7.38,15161763,111342896.00
2016/01/07,7.28,7.28,6.64,6.64,5329000,36907192.00
2016/01/08,6.81,6.95,6.25,6.70,19137630,128835088.00
2016/01/11,6.61,6.65,6.03,6.03,21622211,136307696.00
2016/01/12,6.12,6.18,5.92,6.06,16307812,98903600.00
2016/01/13,6.13,6.22,5.86,5.89,15548522,94171480.00
2016/01/14,5.75,6.09,5.70,6.07,14798810,87544960.00
2016/01/15,6.03,6.12,5.72,5.77,17323612,102846080.00
2016/01/18,5.70,5.99,5.67,5.89,15277414,89602192.00
2016/01/19,5.85,6.14,5.85,6.11,14956614,90028432.00
2016/01/20,6.08,6.19,5.98,6.05,15173155,92339000.00
2016/01/21,5.95,6.09,5.75,5.81,16371626,97183672.00
2016/01/22,5.90,5.96,5.72,5.90,10422152,61192092.00
2016/01/25,5.95,6.03,5.91,5.97,9261608,55225156.00
2016/01/26,5.90,5.93,5.39,5.41,19255208,109191232.00
2016/01/27,5.46,5.48,5.04,5.29,19505623,102722720.00
2016/01/28,5.25,5.33,4.95,4.98,14444490,74402312.00
2016/01/29,5.00,5.26,4.97,5.19,12850565,65989792.00
2016/02/01,5.18,5.22,5.09,5.19,10457795,54014332.00
2016/02/02,5.19,5.38,5.18,5.36,11843958,62991488.00
2016/02/03,5.28,5.38,5.21,5.35,9297246,49204416.00
2016/02/04,5.40,5.53,5.37,5.48,15007525,81920432.00
2016/02/05,5.53,5.57,5.44,5.45,10450332,57431740.00
2016/02/15,5.28,5.41,5.12,5.37,8245061,43636928.00
2016/02/16,5.45,5.72,5.40,5.66,15396287,85973800.00
2016/02/17,5.64,5.77,5.61,5.73,16442566,93956952.00
2016/02/18,5.95,6.07,5.75,5.80,24354389,143711872.00
2016/02/19,5.74,5.99,5.70,5.92,20584782,120073344.00
2016/02/22,5.95,6.04,5.91,6.00,19279456,115169800.00
2016/02/23,5.96,6.04,5.82,5.92,14259898,84455056.00
2016/02/24,5.87,5.97,5.80,5.94,13695625,80763896.00
2016/02/25,5.93,5.94,5.35,5.35,27959176,154984096.00
2016/02/26,5.42,5.43,5.26,5.36,13079285,70164760.00
2016/02/29,5.36,5.40,4.90,5.04,19774825,100307032.00
2016/03/01,5.07,5.25,5.03,5.21,14340662,73806344.00
2016/03/02,5.20,5.52,5.20,5.51,19421300,104903400.00
2016/03/03,5.49,5.65,5.48,5.56,17544723,97586456.00
2016/03/04,5.51,5.59,5.29,5.42,18200291,99251896.00
2016/03/07,5.48,5.64,5.46,5.61,14328381,79728400.00
2016/03/08,5.63,5.63,5.33,5.62,15984494,87927888.00
2016/03/09,5.53,5.59,5.43,5.46,9642515,53012852.00
数据来源:通达信
