600686 金龙汽车 日线 前复权
      日期	    开盘	    最高	    最低	    收盘	    成交量	    成交额
2011/01/04,8.50,8.79,8.40,8.75,6497393,60069376.00
2011/01/05,8.90,8.96,8.46,8.75,7376931,69450408.00
2011/01/06,8.72,9.11,8.61,8.98,10127053,96695216.00
2011/01/07,8.91,9.20,8.85,8.95,6275599,60099280.00
2011/01/10,8.71,9.22,8.60,9.02,12401771,120517824.00
2011/01/11,9.01,9.03,8.70,8.89,4634175,43829572.00
2011/01/12,8.89,9.10,8.82,9.08,5461792,52356612.00
2011/01/13,9.02,9.28,9.00,9.21,10867321,106299704.00
2011/01/14,9.18,9.39,9.12,9.27,12624494,124725968.00
2011/01/17,9.25,9.41,8.89,9.01,15227596,148235872.00
2011/01/18,9.01,9.18,8.87,9.15,9338828,90305336.00
2011/01/19,9.13,9.55,8.91,9.41,18283531,180109088.00
2011/01/20,9.30,9.34,8.70,8.73,13055714,126469800.00
2011/01/21,8.70,8.87,8.40,8.80,9328641,86311272.00
2011/01/24,8.80,8.80,8.47,8.52,5699136,52358048.00
2011/01/25,8.49,8.54,8.21,8.27,4886138,43592116.00
2011/01/26,8.30,8.47,8.30,8.41,2838469,25538992.00
2011/01/27,8.38,8.75,8.31,8.68,5329846,49029032.00
2011/01/28,8.63,8.95,8.63,8.87,6379493,60140688.00
2011/01/31,8.79,9.25,8.78,9.07,8998372,86333080.00
2011/02/01,9.00,9.15,8.90,8.93,5123880,49400600.00
2011/02/09,8.93,9.16,8.83,8.90,5333478,51135372.00
2011/02/10,8.86,9.50,8.86,9.45,15344689,152178272.00
2011/02/11,9.45,9.58,9.35,9.43,12709210,127994128.00
2011/02/14,9.41,9.74,9.39,9.50,17732253,180357136.00
2011/02/15,9.50,9.86,9.40,9.60,13243143,135945056.00
2011/02/16,9.56,10.52,9.52,10.30,29301333,314869984.00
2011/02/17,10.20,10.69,10.20,10.49,22040041,243274784.00
2011/02/18,10.36,10.47,10.09,10.10,11915033,128912720.00
2011/02/21,10.06,10.81,10.05,10.79,14895570,164816064.00
2011/02/22,10.79,10.97,10.19,10.24,20012685,223000336.00
2011/02/23,10.18,10.34,9.98,10.15,14197784,151968816.00
2011/02/24,10.10,10.19,9.90,10.12,8649270,92150288.00
2011/02/25,10.30,10.45,10.10,10.23,12720947,138033840.00
2011/02/28,10.15,10.88,9.97,10.79,18355700,201621408.00
2011/03/01,10.65,10.83,10.35,10.48,15530110,173947776.00
2011/03/02,10.43,10.43,10.05,10.33,11066093,119626488.00
2011/03/03,10.28,10.77,10.15,10.49,17237296,191245520.00
2011/03/04,10.40,11.28,10.25,11.08,22210341,254159728.00
2011/03/07,11.21,11.45,10.96,11.18,18550956,218714240.00
2011/03/08,11.20,11.37,10.97,11.32,9183061,108194112.00
2011/03/09,11.28,11.60,11.10,11.19,12929927,154113696.00
2011/03/10,11.20,11.24,10.88,10.91,8680983,100779200.00
2011/03/11,10.81,11.02,10.56,10.61,13306620,151306144.00
2011/03/14,10.51,10.62,10.20,10.43,16559992,181435600.00
2011/03/15,10.35,10.39,9.98,10.25,11495650,123623144.00
2011/03/16,10.25,10.47,10.20,10.40,10050818,110068088.00
2011/03/17,10.28,10.30,10.01,10.03,6883664,73978272.00
2011/03/18,10.20,10.40,10.12,10.19,6698783,72667848.00
2011/03/21,10.18,10.47,10.18,10.37,8265477,90594416.00
2011/03/22,10.40,10.46,10.01,10.26,6252827,67537920.00
2011/03/23,10.26,10.41,10.12,10.34,5477161,59684372.00
2011/03/24,10.36,10.47,10.20,10.46,8262422,90492528.00
2011/03/25,10.45,10.59,10.41,10.52,11563239,128336320.00
2011/03/28,10.53,10.82,10.17,10.24,12345003,135986992.00
2011/03/29,10.20,10.38,9.73,9.78,14687096,154530656.00
2011/03/30,9.76,9.92,9.68,9.82,6599616,68727504.00
2011/03/31,9.86,10.02,9.68,9.68,5905308,61702532.00
2011/04/01,9.69,9.86,9.61,9.81,4870314,50416656.00
2011/04/06,9.81,9.96,9.70,9.88,4627697,48249176.00
2011/04/07,9.87,9.91,9.73,9.89,4399935,45876888.00
2011/04/08,9.90,10.13,9.85,10.07,8031165,85086832.00
2011/04/11,10.06,10.06,9.62,9.64,10777628,111914968.00
2011/04/12,9.65,9.69,9.47,9.56,6743412,68591592.00
2011/04/13,9.64,9.74,9.54,9.72,3962210,40693616.00
2011/04/14,9.73,9.82,9.66,9.73,4225983,43741528.00
2011/04/15,9.70,9.88,9.70,9.80,5748710,59878600.00
2011/04/18,9.80,9.80,9.58,9.64,6908687,70807528.00
2011/04/19,9.60,9.61,9.41,9.50,5049660,51025328.00
2011/04/20,9.46,9.59,9.46,9.56,4291135,43403400.00
2011/04/21,9.59,9.65,9.55,9.61,3798473,38747840.00
2011/04/22,9.63,9.68,9.50,9.60,6898761,70065560.00
2011/04/25,9.61,9.79,9.50,9.74,11807847,121258688.00
2011/04/26,9.70,9.83,9.37,9.65,8413620,86078960.00
2011/04/27,9.59,9.93,9.25,9.36,19982072,200813184.00
2011/04/28,9.34,9.37,8.50,8.68,15346920,145893296.00
2011/04/29,8.60,8.80,8.53,8.72,5928294,55018372.00
2011/05/03,8.74,8.78,8.64,8.77,2961971,27635120.00
2011/05/04,8.71,8.73,8.27,8.33,7280004,66072560.00
2011/05/05,8.33,8.44,8.31,8.40,2828105,25417476.00
2011/05/06,8.42,8.70,8.34,8.65,5225876,47860984.00
2011/05/09,8.64,8.67,8.47,8.55,4833839,44232896.00
2011/05/11,8.59,8.63,8.43,8.55,3747807,34225560.00
2011/05/12,8.47,8.48,8.35,8.37,3979691,35873960.00
2011/05/13,8.39,8.49,8.29,8.48,3080500,27644114.00
2011/05/16,8.45,8.51,8.33,8.36,3158211,28433430.00
2011/05/17,8.40,8.49,8.28,8.44,3236281,29100534.00
2011/05/18,8.43,8.59,8.39,8.52,3542412,32269990.00
2011/05/19,8.52,8.58,8.39,8.40,3643994,33045468.00
2011/05/20,8.40,8.43,8.30,8.33,2615596,23384862.00
2011/05/23,8.28,8.32,7.84,7.86,5338575,46154140.00
2011/05/24,7.87,7.89,7.64,7.85,2728460,22846032.00
2011/05/25,7.85,7.90,7.69,7.80,2237973,18813718.00
2011/05/26,7.80,7.90,7.71,7.73,2002413,16818308.00
2011/05/27,7.72,7.78,7.54,7.56,2278415,18880388.00
2011/05/30,7.48,7.61,7.47,7.53,2402644,19551608.00
2011/05/31,7.57,7.75,7.48,7.73,3303794,27130336.00
2011/06/01,7.66,8.07,7.66,7.98,7528758,63975744.00
2011/06/02,7.84,8.02,7.74,7.80,6135808,52033776.00
2011/06/03,7.87,7.96,7.79,7.89,1723758,14639066.00
2011/06/07,7.83,7.94,7.80,7.90,1504615,12739152.00
2011/06/08,7.90,7.90,7.71,7.86,1726231,14506338.00
2011/06/09,7.84,7.85,7.55,7.56,2323016,19313268.00
2011/06/10,7.55,7.65,7.48,7.64,2009351,16396470.00
2011/06/13,7.55,7.58,7.47,7.53,2223100,18028116.00
2011/06/14,7.53,7.68,7.52,7.65,2914547,23956068.00
2011/06/15,7.60,7.70,7.56,7.60,2393917,19700652.00
2011/06/16,7.50,7.82,7.47,7.50,3570160,29334424.00
2011/06/17,7.50,7.55,7.30,7.31,2749750,22066210.00
2011/06/20,7.21,7.34,7.14,7.18,2520004,19660600.00
2011/06/21,7.19,7.61,7.19,7.54,5044606,40603836.00
2011/06/22,7.54,7.70,7.40,7.53,4234405,34490464.00
2011/06/23,7.52,7.74,7.43,7.70,2991876,24646004.00
2011/06/24,7.70,7.89,7.62,7.82,4417703,37123824.00
2011/06/27,7.83,7.90,7.75,7.84,3401822,28682268.00
2011/06/28,7.85,8.05,7.70,8.02,5384795,45596844.00
2011/06/29,8.00,8.14,7.86,7.98,4578268,39161816.00
2011/06/30,7.99,8.04,7.94,7.98,6814021,58537388.00
2011/07/01,8.00,8.05,7.86,7.95,3590678,30298978.00
2011/07/04,8.00,8.26,8.00,8.23,6504732,56504404.00
2011/07/05,8.23,8.24,8.11,8.18,3314278,28733420.00
2011/07/06,8.18,8.18,8.01,8.11,2754311,23634852.00
2011/07/07,8.12,8.16,8.04,8.04,2693655,23166584.00
2011/07/08,8.05,8.09,7.88,7.95,3438874,29126444.00
2011/07/11,7.95,8.17,7.89,8.08,4416038,37804696.00
2011/07/12,8.00,8.03,7.90,7.93,3010095,25436584.00
2011/07/13,7.93,8.08,7.93,8.07,2545049,21697984.00
2011/07/14,8.07,8.12,7.98,8.10,2791310,23920064.00
2011/07/15,8.10,8.20,8.08,8.19,4052065,35107416.00
2011/07/18,8.20,8.24,8.10,8.13,3070439,26594452.00
2011/07/19,8.06,8.15,8.02,8.03,2570064,22024868.00
2011/07/20,8.07,8.21,8.01,8.20,3762855,32513464.00
2011/07/21,8.24,8.24,7.96,7.97,2900673,24874520.00
2011/07/22,8.01,8.03,7.89,7.90,3156041,26648284.00
2011/07/25,7.87,7.90,7.46,7.48,4040455,32924888.00
2011/07/26,7.48,7.95,7.48,7.93,10470858,86589056.00
2011/07/27,7.91,7.91,7.75,7.85,3898832,32474590.00
2011/07/28,7.77,7.84,7.66,7.72,2088362,17174862.00
2011/08/01,7.72,7.72,7.50,7.65,2177152,17681112.00
2011/08/02,7.64,7.64,7.52,7.61,1916138,15446151.00
2011/08/03,7.55,7.64,7.50,7.61,1523550,12333727.00
2011/08/04,7.65,7.70,7.61,7.69,1793787,14646596.00
2011/08/05,7.48,7.61,7.35,7.55,2543476,20359832.00
2011/08/08,7.49,7.49,6.88,6.98,3549896,27150132.00
2011/08/09,6.78,6.93,6.60,6.89,3230038,23456832.00
2011/08/10,7.00,7.14,6.96,7.00,3317554,24952812.00
2011/08/11,6.80,7.20,6.80,7.16,3129179,23680300.00
2011/08/12,7.20,7.25,7.14,7.21,4300832,33110756.00
2011/08/15,7.22,7.36,7.17,7.36,3704422,28889098.00
2011/08/16,7.35,7.41,7.24,7.34,2497647,19507616.00
2011/08/17,7.34,7.34,7.21,7.28,2423612,18802816.00
2011/08/18,7.24,7.47,7.18,7.37,3811005,29655632.00
2011/08/19,7.33,7.53,7.18,7.46,11341119,89514288.00
2011/08/22,7.45,7.49,7.09,7.11,8855304,69136728.00
2011/08/23,7.10,7.14,6.98,7.12,6214834,46910760.00
2011/08/24,7.17,7.23,7.02,7.03,6639545,50621832.00
2011/08/25,7.04,7.24,7.04,7.24,5914214,45455352.00
2011/08/26,7.21,7.28,7.18,7.20,6295233,48570932.00
2011/08/29,7.19,7.21,7.11,7.13,3219565,24650232.00
2011/08/30,7.20,7.24,7.07,7.07,6655164,50996712.00
2011/08/31,7.05,7.10,6.98,7.09,2627870,19792444.00
2011/09/01,7.11,7.14,6.87,6.92,5459998,41009168.00
2011/09/02,6.90,7.01,6.88,6.97,5112802,38197952.00
2011/09/05,6.89,7.02,6.85,6.88,3246604,24155002.00
2011/09/06,6.83,6.90,6.75,6.79,2382343,17422608.00
2011/09/07,6.85,7.05,6.84,7.02,4551917,33954328.00
2011/09/08,7.05,7.15,6.99,7.01,4237153,32134700.00
2011/09/09,7.04,7.10,6.96,7.05,3558480,26856600.00
2011/09/13,6.95,6.96,6.78,6.85,2820858,20738028.00
2011/09/14,6.87,7.00,6.79,7.00,2288196,16945090.00
2011/09/15,6.98,7.05,6.94,6.94,2241675,16811778.00
2011/09/16,6.98,7.04,6.95,6.98,2038419,15276020.00
2011/09/19,6.93,7.20,6.80,7.07,8758309,66223384.00
2011/09/20,7.02,7.28,6.96,7.24,6225324,47755892.00
2011/09/21,7.23,7.39,7.17,7.32,7051346,55149948.00
2011/09/22,7.26,7.27,7.05,7.08,4538894,34844016.00
2011/09/23,6.93,7.17,6.89,7.10,2880157,21729910.00
2011/09/26,7.10,7.14,6.90,6.96,1820869,13704773.00
2011/09/27,7.01,7.29,6.95,7.25,5905616,45157576.00
2011/09/28,7.24,7.38,7.17,7.20,6092599,47438676.00
2011/09/29,7.18,7.18,6.89,6.90,3510543,26300212.00
2011/09/30,6.92,6.97,6.75,6.90,1984632,14590706.00
2011/10/10,6.99,6.99,6.80,6.81,1520954,11191418.00
2011/10/11,6.94,7.04,6.72,6.81,2455051,18168044.00
2011/10/12,6.74,7.05,6.67,7.04,2436821,18139274.00
2011/10/13,7.02,7.17,6.99,7.17,3489400,26487012.00
2011/10/14,7.15,7.15,7.04,7.11,2483993,18859942.00
2011/10/17,7.14,7.19,7.04,7.13,1809469,13793899.00
2011/10/18,7.08,7.08,6.77,6.80,2508302,18605836.00
2011/10/19,6.84,6.86,6.76,6.82,1195180,8729378.00
2011/10/20,6.80,6.80,6.50,6.60,2306812,16393620.00
2011/10/21,6.60,6.64,6.50,6.52,1023925,7235443.00
2011/10/24,6.49,6.64,6.35,6.60,2555110,17951456.00
2011/10/25,6.59,6.80,6.55,6.75,2285814,16463013.00
2011/10/26,6.71,6.88,6.68,6.77,2170536,15851997.00
2011/10/27,6.76,6.87,6.75,6.77,1397731,10220981.00
2011/10/28,6.88,6.95,6.85,6.93,2131028,15768333.00
2011/10/31,6.80,6.95,6.76,6.91,3253877,23909992.00
2011/11/01,6.86,7.09,6.81,7.04,4574225,34254000.00
2011/11/02,6.89,7.05,6.81,7.03,3529985,26226692.00
2011/11/03,7.06,7.12,6.99,7.03,5462382,41333100.00
2011/11/04,7.07,7.18,6.99,7.14,3916441,29721108.00
2011/11/07,7.07,7.14,6.98,6.99,2649103,19993078.00
2011/11/08,6.99,7.05,6.89,6.91,2407635,17966594.00
2011/11/09,6.93,6.98,6.85,6.95,2570645,19054236.00
2011/11/10,6.89,6.99,6.84,6.85,2526147,18686728.00
2011/11/11,6.88,6.93,6.81,6.83,2705349,19909372.00
2011/11/14,6.88,7.04,6.87,7.04,9457622,70590752.00
2011/11/15,7.04,7.07,6.98,7.03,4901988,36888584.00
2011/11/16,7.03,7.05,6.75,6.77,5070555,37449592.00
2011/11/17,6.74,6.84,6.72,6.73,2199099,15985459.00
2011/11/18,6.72,6.94,6.61,6.70,4434118,32274428.00
2011/11/21,6.76,7.35,6.76,6.95,13650867,102840232.00
2011/11/22,6.85,6.87,6.59,6.60,8514302,61026408.00
2011/11/23,6.63,6.66,6.52,6.55,3631461,25694184.00
2011/11/24,6.43,6.56,6.41,6.55,2576773,17983264.00
2011/11/25,6.52,6.55,6.42,6.47,1980405,13813496.00
2011/11/28,6.70,6.90,6.53,6.64,10618291,76680272.00
2011/11/29,6.69,6.88,6.69,6.87,10216157,74544080.00
2011/11/30,6.81,6.84,6.47,6.54,5726652,40949112.00
2011/12/01,6.76,6.85,6.68,6.69,5631508,40913968.00
2011/12/02,6.65,6.65,6.47,6.52,3617917,25414720.00
2011/12/05,6.48,6.52,6.20,6.25,3175116,21712956.00
2011/12/06,6.27,6.41,6.21,6.36,3124021,21375514.00
2011/12/07,6.36,6.45,6.30,6.41,1239281,8543587.00
2011/12/08,6.40,6.53,6.33,6.48,2790067,19349408.00
2011/12/09,6.48,6.60,6.43,6.55,1893866,13252860.00
2011/12/12,6.58,6.75,6.46,6.50,2316128,16451768.00
2011/12/13,6.48,6.65,6.38,6.41,3314800,23195880.00
2011/12/14,6.41,6.41,6.17,6.22,2029998,13677424.00
2011/12/15,6.24,6.31,6.03,6.26,3420438,22936982.00
2011/12/16,6.22,6.49,6.22,6.47,2336884,15907268.00
2011/12/19,6.40,6.57,6.33,6.54,2452669,17120464.00
2011/12/20,6.49,6.58,6.38,6.41,1648056,11536604.00
2011/12/21,6.41,6.59,6.27,6.32,2026927,14164953.00
2011/12/22,6.28,6.33,6.05,6.19,1785119,11940568.00
2011/12/23,6.14,6.50,6.14,6.43,2718330,18717540.00
2011/12/26,6.43,6.55,6.35,6.46,1208503,8444030.00
2011/12/27,6.44,6.50,6.28,6.34,1017342,6995096.00
2011/12/28,6.38,6.38,6.21,6.32,1311357,8885016.00
2011/12/29,6.31,6.40,6.23,6.35,990661,6772229.00
2011/12/30,6.36,6.52,6.36,6.49,1776480,12358260.00
2012/01/04,6.53,6.55,6.10,6.19,3324648,22648984.00
2012/01/05,6.20,6.25,5.82,5.84,2960794,19328314.00
2012/01/06,5.83,5.84,5.60,5.78,3396584,21039160.00
2012/01/09,5.78,6.00,5.72,5.99,2755949,17664674.00
2012/01/10,6.00,6.30,5.92,6.27,5101341,34085656.00
2012/01/11,6.20,6.40,6.20,6.38,3553538,24212428.00
2012/01/12,6.29,6.39,6.24,6.27,2720934,18471694.00
2012/01/13,6.26,6.33,6.00,6.15,2302488,15372865.00
2012/01/16,6.13,6.18,5.94,5.96,1661857,10874504.00
2012/01/17,5.96,6.29,5.96,6.28,1953493,13004712.00
2012/01/18,6.30,6.35,6.17,6.24,2240841,15139383.00
2012/01/19,6.21,6.31,6.16,6.29,1922451,13015775.00
2012/01/20,6.31,6.41,6.26,6.34,1904502,13079357.00
2012/01/30,6.38,6.58,6.31,6.42,3042370,21180412.00
2012/01/31,6.42,6.43,6.31,6.42,869348,5976114.00
2012/02/01,6.39,6.44,6.31,6.31,1344693,9230296.00
2012/02/02,6.32,6.40,6.25,6.38,2497059,17035040.00
2012/02/03,6.39,6.41,6.29,6.38,3450407,23699442.00
2012/02/06,6.38,6.42,6.35,6.41,2142136,14751465.00
2012/02/07,6.37,6.37,6.25,6.29,1861522,12624930.00
2012/02/08,6.26,6.42,6.25,6.41,2903557,19869158.00
2012/02/09,6.40,6.51,6.38,6.44,2564622,17808012.00
2012/02/10,6.45,6.52,6.39,6.45,2915820,20272156.00
2012/02/13,6.38,6.50,6.35,6.46,2844549,19730768.00
2012/02/14,6.46,6.68,6.46,6.62,6771233,47968624.00
2012/02/15,6.60,6.68,6.55,6.64,2995880,21346770.00
2012/02/16,6.64,6.81,6.61,6.76,5603129,40623792.00
2012/02/17,6.76,6.92,6.75,6.82,4344192,31873924.00
2012/02/20,6.98,7.10,6.81,6.91,7789977,58384624.00
2012/02/21,6.92,7.05,6.81,6.99,3245858,24067306.00
2012/02/22,6.97,7.14,6.95,7.07,3940071,29839616.00
2012/02/23,7.04,7.25,7.02,7.22,4543502,34858096.00
2012/02/24,7.21,7.25,7.13,7.22,3665009,28182588.00
2012/02/27,7.28,7.51,7.28,7.31,7628332,60302952.00
2012/02/28,7.31,7.75,7.28,7.61,15649433,126617360.00
2012/02/29,7.62,7.85,7.55,7.73,8686537,71536040.00
2012/03/01,7.64,7.80,7.58,7.75,4848218,39863816.00
2012/03/02,7.74,7.79,7.58,7.78,7304113,59822040.00
2012/03/05,7.78,7.78,7.52,7.59,9149899,74234848.00
2012/03/06,7.57,7.70,7.53,7.60,5043233,40909800.00
2012/03/07,7.51,7.68,7.43,7.56,4157718,33561552.00
2012/03/08,7.59,7.66,7.47,7.65,5550307,44779856.00
2012/03/09,7.67,7.72,7.54,7.64,3542283,28702944.00
2012/03/12,7.65,7.65,7.49,7.59,4021974,32489668.00
2012/03/13,7.56,7.71,7.56,7.70,4110487,33504608.00
2012/03/14,7.71,7.76,7.21,7.23,10003093,80145344.00
2012/03/15,7.19,7.28,6.99,7.22,5235737,40178260.00
2012/03/16,7.25,7.41,7.11,7.26,4770090,37016852.00
2012/03/19,7.28,7.33,7.08,7.30,3687082,28474756.00
2012/03/20,7.28,7.28,7.10,7.13,3408795,26114192.00
2012/03/21,7.14,7.16,7.00,7.09,1893268,14348869.00
2012/03/22,7.19,7.32,7.15,7.30,2766146,21424824.00
2012/03/23,7.28,7.34,7.15,7.19,1613019,12484860.00
2012/03/26,7.17,7.41,7.11,7.39,2219490,17382590.00
2012/03/27,7.45,7.72,7.40,7.56,4392756,35663600.00
2012/03/28,7.52,7.60,7.25,7.32,2844469,22406406.00
2012/03/29,7.18,7.38,7.15,7.23,1706430,13267566.00
2012/03/30,7.30,7.33,6.73,7.01,6106021,45300780.00
2012/04/05,6.92,7.17,6.81,7.14,2819076,21276816.00
2012/04/06,7.13,7.30,7.00,7.17,1758428,13445414.00
2012/04/09,7.08,7.23,6.94,6.96,2632598,19826512.00
2012/04/10,6.92,7.00,6.52,6.76,5429399,39183468.00
2012/04/11,6.70,6.90,6.64,6.81,3767177,27507532.00
2012/04/12,6.83,6.98,6.79,6.96,3488750,25783052.00
2012/04/13,6.96,7.03,6.90,7.00,2925243,21844400.00
2012/04/16,6.99,7.09,6.87,6.99,3314933,24777922.00
2012/04/17,7.00,7.05,6.79,6.81,3238407,24081692.00
2012/04/18,6.86,7.05,6.80,7.03,4925871,36563036.00
2012/04/19,7.32,7.50,7.06,7.14,11920737,92765496.00
2012/04/20,7.08,7.21,7.03,7.15,5517657,42123980.00
2012/04/23,7.00,7.00,6.55,6.58,15101654,109078392.00
2012/04/24,6.56,6.60,6.30,6.44,7895085,54850768.00
2012/04/25,6.40,6.54,6.40,6.51,4835288,33790128.00
2012/04/26,6.52,6.58,6.38,6.41,6040632,41974288.00
2012/04/27,6.44,6.44,6.32,6.34,3359035,23132496.00
2012/05/02,6.42,6.54,6.36,6.45,5820777,40313324.00
2012/05/03,6.45,6.50,6.38,6.47,4472494,31060632.00
2012/05/04,6.50,6.55,6.47,6.53,4639311,32576378.00
2012/05/07,6.54,6.57,6.44,6.56,4386618,30721808.00
2012/05/08,6.54,6.56,6.47,6.52,3436913,24141700.00
2012/05/09,6.49,6.49,6.38,6.40,3876696,26811384.00
2012/05/10,6.39,6.40,6.30,6.35,3586101,24554238.00
2012/05/14,6.37,6.42,6.25,6.27,3912586,26658396.00
2012/05/15,6.25,6.25,6.07,6.22,2888395,19200724.00
2012/05/16,6.22,6.23,6.11,6.13,2244890,14964599.00
2012/05/17,6.13,6.24,6.12,6.23,2186702,14651090.00
2012/05/18,6.18,6.28,6.14,6.17,2472326,16575427.00
2012/05/21,6.17,6.26,6.15,6.23,2022098,13575489.00
2012/05/22,6.26,6.29,6.19,6.27,2456623,16581849.00
2012/05/23,6.27,6.31,6.13,6.19,2413798,16226563.00
2012/05/24,6.17,6.27,6.13,6.17,2079853,13936868.00
2012/05/25,6.17,6.19,5.99,6.04,2242756,14763817.00
2012/05/28,6.00,6.15,5.86,6.14,5206523,33762952.00
2012/05/29,6.16,6.35,6.12,6.30,6315269,42763116.00
2012/05/30,6.29,6.32,6.23,6.27,2126905,14406301.00
2012/05/31,6.24,6.33,6.19,6.29,3096651,21006436.00
2012/06/01,6.32,6.53,6.28,6.52,9187412,63671220.00
2012/06/04,6.42,6.61,6.37,6.44,6163112,42912272.00
2012/06/05,6.41,6.58,6.41,6.48,5483236,38531900.00
2012/06/06,6.48,6.54,6.25,6.30,3824358,26381806.00
2012/06/07,6.34,6.46,6.25,6.27,2919972,19992200.00
2012/06/08,6.35,6.37,6.14,6.17,2612292,17637626.00
2012/06/11,6.20,6.40,6.20,6.38,2613628,17796780.00
2012/06/12,6.38,6.41,6.30,6.31,1596963,10953539.00
2012/06/13,6.39,6.53,6.31,6.51,3770370,26249680.00
2012/06/14,6.60,6.65,6.40,6.44,4667846,32930544.00
2012/06/15,6.43,6.51,6.40,6.51,2814534,19635390.00
2012/06/18,6.51,6.60,6.42,6.46,2520908,17679496.00
2012/06/19,6.48,6.53,6.32,6.35,2355248,16277893.00
2012/06/20,6.31,6.37,6.27,6.30,1565553,10665791.00
2012/06/21,6.30,6.32,6.22,6.26,2069789,13994297.00
2012/06/25,6.25,6.29,6.18,6.27,2241336,15121693.00
2012/06/26,6.25,6.33,6.23,6.32,978578,6630529.00
2012/06/27,6.35,6.42,6.30,6.38,1405892,9657608.00
2012/06/28,6.40,6.41,6.11,6.17,2679041,18107228.00
2012/06/29,6.17,6.22,5.99,6.06,2580085,16876534.00
2012/07/03,5.95,6.04,5.85,6.02,4120881,26072456.00
2012/07/04,6.05,6.05,5.92,6.00,1993784,12709454.00
2012/07/05,5.98,5.98,5.81,5.85,1515792,9506324.00
2012/07/06,5.87,5.92,5.74,5.90,2073912,12917440.00
2012/07/09,5.90,5.90,5.66,5.71,1131932,6981531.00
2012/07/10,5.73,5.83,5.68,5.72,2156019,13259927.00
2012/07/11,5.84,5.87,5.75,5.80,1603868,9974155.00
2012/07/12,5.80,5.92,5.72,5.86,1938099,12096137.00
2012/07/13,5.85,5.94,5.85,5.91,1106622,6974895.00
2012/07/16,5.91,5.91,5.65,5.70,1809239,11086169.00
2012/07/17,5.70,5.80,5.61,5.75,1133823,6927295.00
2012/07/18,5.73,5.85,5.73,5.85,1077654,6681668.00
2012/07/19,5.86,6.02,5.85,5.93,2030765,12910364.00
2012/07/20,5.88,5.98,5.87,5.92,848035,5383180.00
2012/07/23,5.87,5.99,5.85,5.87,1103216,6942586.00
2012/07/24,5.86,5.98,5.86,5.92,1187139,7512048.00
2012/07/25,5.92,5.94,5.79,5.79,944291,5935467.00
2012/07/26,5.80,5.90,5.73,5.83,1229169,7659694.00
2012/07/27,5.87,5.87,5.76,5.82,1007082,6265762.00
2012/07/30,5.82,5.86,5.75,5.79,1026093,6372035.00
2012/07/31,5.77,5.84,5.66,5.66,1279846,7834084.00
2012/08/01,5.66,5.75,5.57,5.60,1972033,11925612.00
2012/08/02,5.56,5.60,5.46,5.51,2001732,11817457.00
2012/08/03,5.51,5.58,4.95,5.52,2434793,14324528.00
2012/08/06,5.45,5.63,5.43,5.60,2316987,13748616.00
2012/08/07,5.60,5.65,5.56,5.61,1606530,9638419.00
2012/08/08,5.61,5.62,5.40,5.50,1934295,11413362.00
2012/08/09,5.49,5.56,5.43,5.55,2012566,11851496.00
2012/08/10,5.54,5.64,5.50,5.63,2298152,13759260.00
2012/08/13,5.61,5.61,5.43,5.43,2320949,13734404.00
2012/08/14,5.42,5.46,5.35,5.39,1360439,7877050.00
2012/08/15,5.39,5.41,5.26,5.26,1258349,7185401.00
2012/08/16,5.26,5.34,5.17,5.20,1168615,6576840.00
2012/08/17,5.25,5.25,5.16,5.24,741559,4156025.00
2012/08/20,5.19,5.19,4.96,5.12,3041311,16614837.00
2012/08/21,5.11,5.17,5.06,5.15,2076700,11485661.00
2012/08/22,5.16,5.16,5.02,5.06,1801334,9865862.00
2012/08/23,5.08,5.13,4.95,5.01,6006542,32478132.00
2012/08/24,4.97,5.00,4.94,4.96,2525145,13544737.00
2012/08/27,4.91,4.94,4.82,4.85,2345946,12338643.00
2012/08/28,4.85,4.88,4.75,4.79,3355762,17461604.00
2012/08/29,4.78,4.80,4.72,4.78,1477562,7641066.00
2012/08/30,4.76,4.81,4.69,4.76,1695118,8742538.00
2012/08/31,4.77,4.85,4.72,4.77,1194752,6206308.00
2012/09/03,4.77,4.86,4.76,4.80,2089551,10884158.00
2012/09/04,4.84,4.85,4.72,4.73,1949568,10143465.00
2012/09/05,4.74,4.76,4.68,4.71,1600516,8184787.00
2012/09/06,4.71,4.85,4.71,4.82,2791473,14508252.00
2012/09/07,4.86,5.06,4.82,4.93,9774550,52195052.00
2012/09/10,4.92,4.99,4.89,4.97,5305566,28346516.00
2012/09/11,4.95,5.02,4.86,4.98,6070282,32514384.00
2012/09/12,4.96,5.04,4.95,5.01,5195486,27996102.00
2012/09/13,5.02,5.04,4.94,4.95,3271394,17599392.00
2012/09/14,5.00,5.01,4.90,4.96,2776303,14870366.00
2012/09/17,4.98,5.01,4.85,4.86,4134411,22024982.00
2012/09/18,4.86,4.86,4.73,4.77,3684663,19066768.00
2012/09/19,4.77,4.83,4.69,4.75,5823810,29902644.00
2012/09/20,4.73,4.74,4.55,4.55,2469149,12499730.00
2012/09/21,4.52,4.59,4.48,4.57,2558441,12647531.00
2012/09/24,4.53,4.75,4.51,4.67,3343318,16902320.00
2012/09/25,4.62,4.66,4.57,4.60,1384555,6956060.00
2012/09/26,4.60,4.62,4.40,4.41,1543686,7567985.00
2012/09/27,4.45,4.58,4.41,4.54,1671120,8220122.00
2012/09/28,4.50,4.66,4.50,4.64,2244698,11248933.00
2012/10/08,4.66,4.69,4.59,4.61,1433647,7204408.00
2012/10/09,4.61,4.76,4.61,4.76,2469728,12641329.00
2012/10/10,4.76,4.94,4.74,4.89,5578203,29458940.00
2012/10/11,5.01,5.11,4.87,4.88,7669736,41445324.00
2012/10/12,4.85,4.93,4.75,4.81,3653200,19099464.00
2012/10/15,4.80,4.81,4.66,4.71,2672359,13648928.00
2012/10/16,4.72,4.78,4.68,4.71,1971327,10113220.00
2012/10/17,4.72,4.74,4.59,4.66,3685267,18632238.00
2012/10/18,4.66,4.83,4.65,4.82,4407468,22788056.00
2012/10/19,4.82,4.89,4.79,4.81,2654117,13902875.00
2012/10/22,4.79,4.95,4.70,4.94,4060975,21387524.00
2012/10/23,4.93,5.11,4.88,4.97,8479897,46012728.00
2012/10/24,4.93,5.12,4.89,5.10,7136620,38744624.00
2012/10/25,5.10,5.17,4.87,4.91,6210009,33708472.00
2012/10/26,4.87,4.91,4.73,4.78,3052426,15901040.00
2012/10/29,4.87,5.30,4.85,5.30,14075761,79560968.00
2012/10/30,5.40,5.86,5.36,5.54,42795921,256761552.00
2012/10/31,5.44,5.44,5.20,5.34,17973658,102581904.00
2012/11/01,5.33,5.46,5.24,5.38,15305832,87924728.00
2012/11/02,5.32,5.70,5.25,5.61,20225869,119715016.00
2012/11/05,5.50,5.59,5.43,5.53,10313550,60947420.00
2012/11/06,5.51,5.51,5.23,5.37,8983963,51736536.00
2012/11/07,5.32,5.65,5.31,5.48,10540165,62385144.00
2012/11/08,5.38,6.07,5.31,5.82,23345768,143739120.00
2012/11/09,5.73,6.04,5.62,5.83,17420914,109317584.00
2012/11/12,5.81,5.90,5.63,5.76,9169493,56165140.00
2012/11/13,5.75,5.76,5.51,5.62,7743356,46468388.00
2012/11/14,5.58,5.66,5.40,5.56,6657654,39539164.00
2012/11/15,5.47,5.62,5.42,5.49,4774958,28190724.00
2012/11/16,5.44,5.56,5.42,5.50,3361838,19806828.00
2012/11/19,5.58,5.58,5.27,5.40,5585186,32313496.00
2012/11/20,5.38,5.44,5.26,5.29,3975856,22802804.00
2012/11/21,5.25,5.36,5.16,5.35,4354767,24626338.00
2012/11/22,5.33,5.33,5.20,5.21,3944306,22294408.00
2012/11/23,5.22,5.28,5.18,5.22,3361078,18937672.00
2012/11/26,5.22,5.60,5.11,5.59,11284147,65585072.00
2012/11/27,5.50,5.60,5.42,5.47,4978064,29340844.00
2012/11/28,5.42,5.55,5.14,5.18,3966009,22595094.00
2012/11/29,5.14,5.36,5.14,5.23,3261744,18449024.00
2012/11/30,5.26,5.35,5.15,5.32,3305625,18791738.00
2012/12/03,5.25,5.43,5.17,5.18,3551038,20169460.00
2012/12/04,5.13,5.28,4.90,5.20,6763335,36991456.00
2012/12/05,5.23,5.63,5.17,5.50,8663687,50772420.00
2012/12/06,5.45,5.55,5.35,5.46,5969847,34835120.00
2012/12/07,5.42,5.70,5.40,5.68,9929604,59426764.00
2012/12/10,5.68,5.75,5.54,5.66,10095722,61017156.00
2012/12/11,5.61,5.71,5.55,5.62,5803478,34896160.00
2012/12/12,5.56,5.78,5.55,5.74,5729777,34864164.00
2012/12/13,5.73,5.78,5.57,5.72,6428615,39077088.00
2012/12/14,5.63,5.98,5.63,5.88,8795901,55107724.00
2012/12/17,5.87,6.14,5.83,6.03,8340739,53365444.00
2012/12/18,6.01,6.10,5.90,5.94,5000816,32025058.00
2012/12/19,5.93,6.35,5.88,6.18,7628992,49766728.00
2012/12/20,6.15,6.16,5.99,6.07,6354852,41039844.00
2012/12/21,6.07,6.13,5.90,5.92,6089819,39044184.00
2012/12/24,5.92,6.22,5.90,6.18,12771165,83182120.00
2012/12/25,6.15,6.32,6.12,6.24,7081307,47055208.00
2012/12/26,6.26,6.52,6.24,6.42,9347442,63516656.00
2012/12/27,6.42,6.49,6.28,6.36,4919075,33209998.00
2012/12/28,6.36,6.43,6.26,6.37,3307492,22288540.00
2012/12/31,6.38,6.43,6.31,6.37,3416344,23154622.00
2013/01/04,6.41,6.44,6.12,6.19,4596462,30498006.00
2013/01/07,6.19,6.30,6.12,6.20,3698880,24326240.00
2013/01/08,6.15,6.42,6.15,6.34,5071656,34202392.00
2013/01/09,6.35,6.62,6.27,6.48,6520386,44692188.00
2013/01/10,6.46,6.51,6.36,6.50,4692725,32112636.00
2013/01/11,6.48,6.50,6.23,6.32,3572329,24105342.00
2013/01/14,6.30,6.58,6.21,6.53,5099181,34986864.00
2013/01/15,6.53,6.63,6.48,6.58,3838229,26748400.00
2013/01/16,6.56,6.60,6.30,6.43,3474608,23814340.00
2013/01/17,6.40,6.44,6.29,6.36,2537295,17145520.00
2013/01/18,6.42,6.64,6.37,6.62,4756560,33088722.00
2013/01/21,6.61,7.12,6.58,7.11,11332426,83153032.00
2013/01/22,7.10,7.26,7.01,7.18,7267431,54728192.00
2013/01/23,7.21,7.37,7.10,7.19,6723346,51542648.00
2013/01/24,7.14,7.39,6.90,6.98,7963251,59857080.00
2013/01/25,7.25,7.72,6.92,7.18,13975690,106878976.00
2013/01/28,7.09,7.48,7.00,7.37,10860598,83733112.00
2013/01/29,7.35,7.61,7.32,7.51,7888946,62454008.00
2013/01/30,7.56,7.57,7.33,7.48,5006965,39233088.00
2013/01/31,7.45,7.51,7.30,7.49,3179765,24819846.00
2013/02/01,7.50,7.68,7.37,7.58,6362798,50748576.00
2013/02/04,7.51,8.00,7.47,7.96,9900504,81271856.00
2013/02/05,7.82,7.99,7.69,7.86,6000195,49455504.00
2013/02/06,7.79,8.30,7.76,8.29,5909986,50156432.00
2013/02/07,8.20,8.60,8.16,8.27,7080378,61994128.00
2013/02/08,8.20,8.77,8.20,8.70,6287951,56496888.00
2013/02/18,8.74,8.90,8.55,8.60,5088896,46404408.00
2013/02/19,8.59,8.59,8.11,8.19,7786896,67460496.00
2013/02/20,8.19,8.53,8.13,8.44,3367789,29480042.00
2013/02/21,8.40,8.40,7.75,7.87,9674699,81231280.00
2013/02/22,7.81,7.92,7.50,7.57,7327980,59342280.00
2013/02/25,7.50,7.95,7.45,7.78,9101662,73385648.00
2013/02/26,7.72,8.14,7.64,7.89,5466756,45565800.00
2013/02/27,7.90,8.05,7.78,7.97,2319952,19222076.00
2013/02/28,7.99,8.13,7.86,8.05,3469539,29180386.00
2013/03/01,8.05,8.13,7.83,7.94,3856904,32200992.00
2013/03/04,7.90,7.90,7.38,7.52,6137654,48806404.00
2013/03/05,7.50,7.67,7.41,7.66,2472643,19767968.00
2013/03/06,7.68,8.15,7.68,8.08,8968666,75337672.00
2013/03/07,8.08,8.34,8.03,8.23,5988136,51387364.00
2013/03/08,8.16,8.38,7.94,8.06,3550605,30018072.00
2013/03/11,8.10,8.13,7.78,7.97,3126138,26076954.00
2013/03/12,7.93,7.98,7.54,7.56,2918212,23637498.00
2013/03/13,7.60,7.61,7.08,7.15,8430583,64286444.00
2013/03/14,7.14,7.35,7.14,7.20,5569711,42607372.00
2013/03/15,7.25,7.40,7.15,7.24,4319624,33092588.00
2013/03/18,7.10,7.10,6.82,6.87,5292951,38781112.00
2013/03/19,6.94,6.99,6.77,6.92,2705196,19631638.00
2013/03/20,6.92,7.28,6.89,7.25,5111370,38739512.00
2013/03/21,7.24,7.44,7.19,7.35,3507120,27075014.00
2013/03/22,7.34,7.40,7.28,7.33,1589651,12279873.00
2013/03/25,7.35,7.55,7.30,7.43,2250654,17586692.00
2013/03/26,7.41,7.54,7.23,7.39,2364003,18355240.00
2013/03/27,7.38,7.56,7.30,7.47,2543421,20095896.00
2013/03/28,7.40,7.40,7.00,7.01,3321800,25114628.00
2013/03/29,7.07,7.22,7.05,7.09,1399645,10535805.00
2013/04/01,7.05,7.27,7.02,7.21,1685882,12750152.00
2013/04/02,7.20,7.23,7.00,7.07,3661233,27472576.00
2013/04/03,7.05,7.10,6.78,6.90,1785537,13124418.00
2013/04/08,6.75,6.90,6.48,6.79,5499280,38767924.00
2013/04/09,6.77,7.12,6.77,7.01,4311498,31606716.00
2013/04/10,6.95,7.20,6.95,7.07,3309747,24885764.00
2013/04/11,7.08,7.55,7.08,7.45,4542407,35278400.00
2013/04/12,7.28,7.55,7.28,7.52,5496190,43171112.00
2013/04/15,7.45,7.64,7.30,7.36,2612051,20509774.00
2013/04/16,7.26,7.52,7.18,7.49,2849603,22248236.00
2013/04/17,7.52,7.83,7.41,7.55,5308416,42482944.00
2013/04/18,7.48,7.55,7.35,7.50,2111201,16637577.00
2013/04/19,7.51,7.68,7.40,7.60,4201417,33542714.00
2013/04/22,7.51,7.92,7.50,7.86,5384613,43742540.00
2013/04/23,7.86,7.95,7.60,7.65,4969536,40431736.00
2013/04/24,7.67,7.75,7.46,7.73,3804774,30431720.00
2013/04/25,7.65,7.85,7.63,7.73,4233016,34609980.00
2013/04/26,7.40,7.82,7.20,7.50,8460048,67683712.00
2013/05/02,7.40,7.62,7.30,7.58,2876347,22714616.00
2013/05/03,7.49,7.79,7.49,7.74,2674446,21649080.00
2013/05/06,7.79,8.13,7.72,8.02,6465345,54399612.00
2013/05/07,8.00,8.14,7.88,8.04,4846778,40674564.00
2013/05/08,8.05,8.29,7.99,8.18,5091105,43705864.00
2013/05/09,8.16,8.90,8.15,8.52,15075062,133685928.00
2013/05/10,8.75,9.15,8.70,8.72,11632138,107750984.00
2013/05/13,8.70,8.82,8.40,8.61,10311599,92925072.00
2013/05/14,8.78,8.95,8.31,8.70,8386060,76299304.00
2013/05/15,8.80,9.24,8.80,9.13,13726589,129524808.00
2013/05/16,8.90,9.72,8.90,9.68,12863903,126429792.00
2013/05/17,9.60,10.20,9.56,9.99,10823960,112163984.00
2013/05/20,10.02,10.15,9.60,10.07,9280704,95291384.00
2013/05/21,10.08,10.09,9.74,9.97,5976730,61602756.00
2013/05/22,9.99,10.04,9.50,9.51,9986424,100966400.00
2013/05/23,9.48,9.80,9.45,9.52,5200445,52039776.00
2013/05/24,9.49,9.75,9.13,9.46,5261779,51460984.00
2013/05/27,9.46,9.78,9.45,9.51,6923559,69289720.00
2013/05/28,9.75,9.97,9.65,9.95,8258360,84504768.00
2013/05/29,9.88,10.74,9.86,10.62,11942921,129905560.00
2013/05/30,10.53,11.01,10.48,10.62,7950996,88326336.00
2013/05/31,10.63,10.79,10.49,10.50,4887562,53589472.00
2013/06/03,10.48,10.74,10.38,10.58,3379919,36933480.00
2013/06/04,10.43,10.58,9.80,10.12,4274690,45082944.00
2013/06/05,10.13,10.36,9.81,10.28,2426085,25335132.00
2013/06/06,10.20,10.70,10.15,10.63,6217825,68162448.00
2013/06/07,10.68,10.74,9.81,10.06,6085393,64781904.00
2013/06/13,9.62,9.69,9.18,9.37,5233658,51405508.00
2013/06/14,9.26,9.64,9.25,9.58,4511973,44444524.00
2013/06/17,9.54,9.97,9.48,9.94,6171786,62782560.00
2013/06/18,9.94,10.24,9.86,9.91,2403808,25015132.00
2013/06/19,9.85,9.85,9.60,9.68,1783001,17945324.00
2013/06/20,9.67,9.67,9.25,9.26,3465762,34304676.00
2013/06/21,9.05,9.68,8.72,9.46,4697871,44346104.00
2013/06/24,9.45,9.58,8.75,8.95,1855380,17501904.00
2013/06/25,8.95,9.03,8.03,8.71,6325354,54278376.00
2013/06/26,8.71,8.80,8.40,8.58,3375056,29783776.00
2013/06/27,8.56,9.10,8.56,8.65,2678984,24379554.00
2013/06/28,8.65,9.11,8.65,9.10,8610970,79694512.00
2013/07/01,9.13,9.40,8.95,9.13,4106423,38991948.00
2013/07/02,9.11,9.53,8.95,9.44,3921767,37511748.00
2013/07/03,9.38,9.50,9.25,9.38,2158879,20719100.00
2013/07/04,9.25,9.51,9.23,9.33,2227190,21502564.00
2013/07/05,9.32,9.83,9.32,9.58,2312592,22648216.00
2013/07/08,9.50,9.83,9.25,9.70,3871674,38487548.00
2013/07/09,9.56,9.64,8.97,9.06,2477621,23548748.00
2013/07/10,9.06,9.14,8.41,8.84,6701528,59778756.00
2013/07/11,8.77,9.12,8.66,9.00,4113717,37692576.00
2013/07/12,8.96,8.98,8.65,8.66,2714776,24548392.00
2013/07/15,8.99,9.04,8.65,8.76,3352950,30416016.00
2013/07/16,8.78,8.97,8.56,8.93,3640843,32983754.00
2013/07/17,8.90,8.97,8.73,8.76,2256630,20465714.00
2013/07/18,8.76,8.79,8.55,8.64,1406846,12537537.00
2013/07/19,8.70,8.70,8.13,8.30,2077066,18086876.00
2013/07/22,8.25,8.40,8.16,8.32,2717715,23280528.00
2013/07/23,8.34,8.56,8.33,8.49,2061905,17963008.00
2013/07/24,8.47,8.74,8.45,8.72,3450924,30563056.00
2013/07/25,8.75,8.82,8.38,8.39,1818342,16011355.00
2013/07/26,8.27,8.44,8.15,8.29,1391612,11837224.00
2013/07/29,8.28,8.28,7.84,7.88,2072359,17102884.00
2013/07/30,7.93,7.95,7.58,7.68,3618121,28687728.00
2013/07/31,7.68,7.99,7.68,7.94,3556134,28968820.00
2013/08/01,7.95,8.22,7.95,8.17,2959143,24814928.00
2013/08/02,8.21,8.31,8.02,8.03,2170310,18381720.00
2013/08/05,8.03,8.10,7.75,8.07,7092173,57988364.00
2013/08/06,7.98,8.89,7.79,8.72,8713466,74109280.00
2013/08/07,8.54,8.58,8.30,8.36,5064757,44035264.00
2013/08/08,8.35,8.61,8.29,8.49,3546754,31018912.00
2013/08/09,8.40,8.57,8.25,8.41,1786514,15499509.00
2013/08/12,8.43,8.53,8.39,8.46,2738250,23829192.00
2013/08/13,8.41,8.53,8.40,8.49,1681797,14657936.00
2013/08/14,8.49,8.94,8.49,8.81,6398234,57811348.00
2013/08/15,8.78,8.95,8.51,8.56,3041613,27171116.00
2013/08/16,8.53,8.74,8.41,8.41,2870771,25336572.00
2013/08/19,8.28,8.58,8.26,8.51,1581533,13819464.00
2013/08/20,8.50,8.71,8.49,8.54,1845470,16336588.00
2013/08/21,8.50,8.60,8.35,8.39,2133848,18486306.00
2013/08/22,8.39,8.55,8.33,8.46,2270504,19727272.00
2013/08/23,8.53,8.60,8.06,8.24,2370516,20341380.00
2013/08/26,8.23,8.44,8.15,8.42,3242524,27773376.00
2013/08/27,8.45,8.52,8.35,8.47,3484022,30237964.00
2013/08/28,8.41,8.44,8.22,8.23,5074138,43310720.00
2013/08/29,8.17,8.29,7.98,8.01,3665405,30549676.00
2013/08/30,8.08,8.18,7.93,7.99,2741215,22802754.00
2013/09/02,8.05,8.14,7.85,8.10,2570087,21207272.00
2013/09/03,8.11,8.42,8.08,8.35,3588842,30718366.00
2013/09/04,8.32,8.52,8.32,8.41,2840008,24574498.00
2013/09/05,8.43,8.44,8.28,8.33,1456923,12517733.00
2013/09/06,8.38,8.76,8.16,8.74,5685280,49842932.00
2013/09/09,8.85,9.01,8.75,8.91,6478268,58942764.00
2013/09/10,8.90,8.93,8.69,8.92,3253859,29595176.00
2013/09/11,8.91,9.25,8.76,9.04,4628559,42908300.00
2013/09/12,9.05,9.05,8.82,8.83,2847267,26085268.00
2013/09/13,8.83,8.95,8.75,8.80,1625909,14732662.00
2013/09/16,8.85,9.03,8.84,8.94,2879528,26450352.00
2013/09/17,8.91,9.49,8.88,9.33,7297680,69163464.00
2013/09/18,9.49,9.63,9.13,9.35,3854094,36885128.00
2013/09/23,9.23,9.50,9.23,9.47,4764037,45834392.00
2013/09/24,9.40,9.50,9.25,9.36,3049051,29414584.00
2013/09/25,9.63,9.63,9.12,9.15,3015255,28933060.00
2013/09/26,9.07,9.40,8.95,9.11,4609634,43453408.00
2013/09/27,9.11,9.28,9.05,9.23,2753401,26061408.00
2013/09/30,9.22,9.50,9.15,9.30,4021200,38564528.00
2013/10/08,9.25,9.25,8.95,9.09,5155454,48021772.00
2013/10/09,9.05,9.05,8.83,8.89,4718495,43189412.00
2013/10/10,8.93,8.95,8.74,8.75,3072356,27890172.00
2013/10/11,8.79,8.97,8.72,8.94,2284801,20834712.00
2013/10/14,8.95,9.03,8.91,8.99,2173797,20040770.00
2013/10/15,9.02,9.11,8.93,9.00,5313329,49247620.00
2013/10/16,9.04,9.34,9.00,9.24,6475742,61173840.00
2013/10/17,9.30,9.44,9.23,9.35,4418802,42433320.00
2013/10/18,9.37,9.39,9.20,9.24,3510406,33573688.00
2013/10/21,9.29,9.50,9.10,9.49,3007827,28735046.00
2013/10/22,9.55,9.59,9.19,9.23,2303867,22092176.00
2013/10/23,9.21,9.30,8.73,8.75,3051542,28055840.00
2013/10/24,8.83,8.86,8.65,8.79,2189395,19699976.00
2013/10/25,8.75,8.76,8.32,8.49,2702444,23594128.00
2013/10/28,8.55,8.55,8.40,8.45,1036022,9019734.00
2013/10/29,8.54,8.56,7.99,8.19,1247492,10711192.00
2013/10/30,8.19,8.45,8.15,8.27,1037054,8859821.00
2013/10/31,8.23,8.42,8.23,8.29,885141,7593254.00
2013/11/01,8.38,8.52,8.34,8.43,1087230,9433506.00
2013/11/04,8.45,8.80,8.45,8.77,2726398,24286196.00
2013/11/05,8.78,8.85,8.68,8.79,1325247,11936798.00
2013/11/06,8.73,8.90,8.73,8.84,2048112,18573658.00
2013/11/07,8.81,9.06,8.79,8.97,3273396,30014916.00
2013/11/08,8.95,9.05,8.57,8.61,2921082,26439714.00
2013/11/11,8.59,8.91,8.55,8.86,1489466,13473279.00
2013/11/12,8.93,9.13,8.70,8.78,1846789,16820846.00
2013/11/13,8.75,8.75,8.43,8.51,1813237,15865936.00
2013/11/14,8.51,8.55,8.41,8.45,1434514,12472528.00
2013/11/15,8.53,8.68,8.45,8.48,1387712,12235201.00
2014/03/20,9.35,9.35,9.35,9.35,625203,6001949.00
2014/03/21,10.31,10.31,9.49,9.79,46722373,465582304.00
2014/03/24,9.62,9.93,9.28,9.59,25446014,247930112.00
2014/03/25,9.52,9.72,9.27,9.37,15719869,153570720.00
2014/03/26,9.42,10.18,9.37,9.84,25153538,253303056.00
2014/03/27,9.63,9.83,9.28,9.32,13186183,129149048.00
2014/03/28,9.32,9.43,8.69,8.71,13714064,126800016.00
2014/03/31,8.65,8.75,8.15,8.35,12601384,108039352.00
2014/04/01,8.25,8.38,8.18,8.31,8395224,71728112.00
2014/04/02,8.31,8.40,8.26,8.37,8387838,72156080.00
2014/04/03,8.38,8.71,8.31,8.54,8880982,78100432.00
2014/04/04,8.59,8.83,8.45,8.70,6101449,54674432.00
2014/04/08,8.65,8.80,8.48,8.72,7161871,63758100.00
2014/04/09,8.72,9.04,8.62,8.92,8102682,73373952.00
2014/04/10,8.92,9.12,8.90,8.98,6748168,62622320.00
2014/04/11,8.89,8.95,8.53,8.61,10822479,96512592.00
2014/04/14,8.57,8.76,8.57,8.64,6459705,57539856.00
2014/04/15,8.61,8.92,8.60,8.85,8350132,75925936.00
2014/04/16,8.81,9.13,8.77,9.11,7370795,68106936.00
2014/04/17,9.50,9.75,9.18,9.40,17886724,172955664.00
2014/04/18,9.38,9.61,9.27,9.43,7934990,77208544.00
2014/04/21,9.35,9.53,9.10,9.11,8425590,80127960.00
2014/04/22,9.06,9.24,8.93,9.18,5360262,50111544.00
2014/04/23,9.09,9.17,8.97,9.07,4882181,45498924.00
2014/04/24,9.07,9.15,8.94,8.95,2446924,22730016.00
2014/04/25,8.86,9.02,8.57,8.70,5770187,52273168.00
2014/04/28,8.68,8.68,8.29,8.35,4717822,41028860.00
2014/04/29,8.35,8.81,8.35,8.75,4789280,42338136.00
2014/04/30,8.80,8.83,8.59,8.65,3688898,32852832.00
2014/05/05,8.65,8.74,8.55,8.70,1599596,14286591.00
2014/05/06,8.71,8.82,8.65,8.71,2741303,24593748.00
2014/05/07,8.71,8.71,8.39,8.43,3226886,28167386.00
2014/05/08,8.41,8.59,8.24,8.30,5075373,44117560.00
2014/05/09,8.27,8.31,7.91,7.98,6280084,51949416.00
2014/05/12,8.04,8.19,7.83,8.15,5198129,43057088.00
2014/05/13,8.17,8.19,8.09,8.17,1804793,15123352.00
2014/05/14,8.16,8.32,8.10,8.17,2623876,22217244.00
2014/05/15,8.17,8.21,7.93,7.95,2110341,17566212.00
2014/05/16,7.99,7.99,7.82,7.94,2235456,18177752.00
2014/05/19,7.94,7.97,7.66,7.76,3265690,26191412.00
2014/05/20,7.79,7.87,7.52,7.63,5156064,40687192.00
2014/05/21,7.57,7.71,7.52,7.69,2579390,20386528.00
2014/05/22,7.69,7.81,7.66,7.73,3151965,25230690.00
2014/05/23,7.70,7.83,7.68,7.77,1981911,15873853.00
2014/05/26,7.91,8.12,7.88,7.96,5496931,45337672.00
2014/05/27,7.88,8.10,7.88,8.03,4412301,36492712.00
2014/05/28,8.03,8.51,7.94,8.24,6807833,57749688.00
2014/05/29,8.17,8.40,8.15,8.16,2861405,24351664.00
2014/05/30,8.17,8.21,8.10,8.14,1507020,12647116.00
2014/06/03,8.15,8.25,8.03,8.06,2033156,17074008.00
2014/06/04,8.05,8.05,7.75,7.83,3245022,26307552.00
2014/06/05,7.85,7.93,7.75,7.90,2271150,18390326.00
2014/06/06,7.91,7.91,7.77,7.84,1077244,8702904.00
2014/06/09,7.84,7.88,7.78,7.80,1785755,14429041.00
2014/06/10,7.83,7.86,7.75,7.82,1715494,13814125.00
2014/06/11,7.82,8.23,7.81,7.96,6620159,54562148.00
2014/06/12,8.00,8.22,7.91,8.13,3566378,29794324.00
2014/06/13,8.10,8.38,8.09,8.34,5575947,47645760.00
2014/06/16,8.32,8.36,8.17,8.24,3585173,30500924.00
2014/06/17,8.24,8.24,8.03,8.06,1878166,15695133.00
2014/06/18,8.07,8.17,7.89,7.93,2996382,24645596.00
2014/06/19,7.95,8.04,7.77,7.88,2181719,17859556.00
2014/06/20,7.85,7.98,7.84,7.94,1743800,14217023.00
2014/06/23,7.97,8.12,7.91,8.07,3182263,26362340.00
2014/06/24,8.10,8.10,7.95,8.04,2176918,18021208.00
2014/06/25,8.17,8.83,8.03,8.61,13331542,115969520.00
2014/06/26,8.48,8.85,8.48,8.67,6872929,61374176.00
2014/06/27,8.76,9.03,8.71,8.98,7667723,68628952.00
2014/06/30,9.00,9.00,8.81,8.90,4334243,38645636.00
2014/07/01,8.90,9.34,8.88,9.24,7723672,71176888.00
2014/07/02,9.30,9.88,9.26,9.81,14847073,144866192.00
2014/07/03,9.83,9.98,9.54,9.85,11004439,108424496.00
2014/07/04,9.80,9.87,9.58,9.71,11823687,115214528.00
2014/07/07,9.67,9.80,9.57,9.63,4660361,45531328.00
2014/07/08,9.63,10.33,9.45,10.19,13068222,131003048.00
2014/07/09,9.97,10.74,9.97,10.08,11179475,116363776.00
2014/07/10,10.08,10.77,9.95,10.70,12168696,128977664.00
2014/07/11,10.75,11.43,10.56,10.78,9759696,107413872.00
2014/07/14,10.83,11.40,10.83,11.21,8382466,94092488.00
2014/07/15,11.12,11.20,10.33,10.57,15393524,164897424.00
2014/07/16,10.42,10.75,10.27,10.44,6513421,68831712.00
2014/07/17,10.48,10.62,10.33,10.36,4105607,42941172.00
2014/07/18,10.40,10.60,10.29,10.53,3320812,35003900.00
2014/07/21,10.60,11.28,10.60,11.04,10336785,114377600.00
2014/07/22,11.14,11.54,11.06,11.27,9994054,113296856.00
2014/07/23,11.20,11.40,11.05,11.13,10069424,113378168.00
2014/07/24,11.06,11.40,10.82,11.05,8129083,90173992.00
2014/07/25,11.11,12.05,10.97,12.01,13606984,159634096.00
2014/07/28,12.05,12.30,11.70,11.99,9184880,110777264.00
2014/07/29,11.99,12.54,11.73,12.04,8339723,100776632.00
2014/07/30,11.95,12.34,11.87,11.98,4659051,56299332.00
2014/07/31,11.96,12.12,11.76,11.98,4915002,58882500.00
2014/08/01,11.96,11.96,11.50,11.51,6994936,82070208.00
2014/08/04,11.46,11.75,11.25,11.70,9183263,105928960.00
2014/08/05,11.70,11.75,11.33,11.44,7330057,84869496.00
2014/08/06,11.36,11.75,11.33,11.53,6340574,73708032.00
2014/08/07,11.50,11.83,11.39,11.65,6525294,76371384.00
2014/08/08,11.57,12.04,11.55,11.80,5462908,65087676.00
2014/08/11,11.74,12.37,11.58,12.22,6819036,82533160.00
2014/08/12,12.22,12.30,12.05,12.26,3737983,45724688.00
2014/08/13,12.23,12.29,11.77,11.85,6171501,74277336.00
2014/08/14,11.90,12.11,11.84,11.95,7114577,85324520.00
2014/08/15,11.94,11.94,11.60,11.80,3793304,44844896.00
2014/08/18,11.81,12.00,11.53,11.96,7244681,85296616.00
2014/08/19,11.91,12.15,11.74,12.08,6844607,81916248.00
2014/08/20,12.10,12.45,12.10,12.23,6601677,81236136.00
2014/08/21,12.13,12.22,11.83,11.86,3941922,47124136.00
2014/08/22,11.86,11.94,11.56,11.66,6046943,70758512.00
2014/08/25,11.65,11.67,11.23,11.32,10446440,119247624.00
2014/08/26,11.33,11.59,11.09,11.18,6876206,77858712.00
2014/08/27,11.17,11.28,11.12,11.17,2667471,29993100.00
2014/08/28,11.17,11.17,10.96,10.99,4107826,45566712.00
2014/08/29,11.05,11.27,10.83,11.24,5701132,62978680.00
2014/09/01,11.29,11.55,11.20,11.48,5016798,57464184.00
2014/09/02,11.48,11.48,11.13,11.39,10245214,116061024.00
2014/09/03,11.41,11.54,11.33,11.43,8054251,92422712.00
2014/09/04,11.36,11.45,11.17,11.25,6739544,76250504.00
2014/09/05,11.25,11.33,11.18,11.20,5704427,64339656.00
2014/09/09,11.22,11.80,11.20,11.78,14212595,164021872.00
2014/09/10,11.70,11.73,11.50,11.59,7250124,84339312.00
2014/09/11,11.60,11.62,11.15,11.27,9664565,110095536.00
2014/09/12,11.24,11.27,11.06,11.15,9507147,106359656.00
2014/09/15,11.14,11.37,11.09,11.36,6618060,74771480.00
2014/09/16,11.33,11.37,10.88,10.89,8107477,90434928.00
2014/09/17,10.89,10.90,10.58,10.72,5901701,63494124.00
2014/09/18,10.76,10.81,10.57,10.72,6381059,68409552.00
2014/09/19,10.67,10.77,10.59,10.75,5269333,56537712.00
2014/09/22,10.83,11.17,10.70,10.92,14801602,162735856.00
2014/09/23,10.92,11.45,10.85,11.41,11559468,129874608.00
2014/09/24,11.45,12.25,11.25,12.21,18383245,217994016.00
2014/09/25,12.18,12.95,11.96,12.23,12111840,150834448.00
2014/09/26,12.27,12.74,12.05,12.57,9747968,121481320.00
2014/09/29,12.59,12.85,12.36,12.54,6895657,87104304.00
2014/09/30,12.46,12.63,12.31,12.61,5755584,72185656.00
2014/10/08,12.64,12.72,12.49,12.63,4984789,62960360.00
2014/10/09,12.70,12.78,12.20,12.65,9544005,120031424.00
2014/10/10,12.51,12.59,12.15,12.25,6381329,79329992.00
2014/10/13,12.23,12.40,12.00,12.27,5039125,61593284.00
2014/10/14,12.25,12.57,12.22,12.38,5221857,64881584.00
2014/10/15,12.31,12.50,12.08,12.41,4667017,57502216.00
2014/10/16,12.34,12.36,12.07,12.17,3433829,42106516.00
2014/10/17,12.13,12.24,11.60,11.88,7506809,89244184.00
2014/10/20,11.78,12.34,11.70,12.28,5534488,66901120.00
2014/10/21,12.23,12.44,11.86,12.10,6083334,74020896.00
2014/10/22,12.08,12.49,11.98,12.14,8054467,99224832.00
2014/10/23,12.17,12.36,11.96,12.14,5285318,64616492.00
2014/10/24,12.17,12.57,12.01,12.51,7420191,92367432.00
2014/10/27,12.59,12.69,12.37,12.51,5123224,64359276.00
2014/10/28,12.53,12.78,12.43,12.77,5689428,71976800.00
2014/10/29,12.80,14.00,12.80,13.56,16373863,220046576.00
2014/10/30,13.52,13.81,13.31,13.40,9718651,132288560.00
2014/10/31,13.39,13.69,13.15,13.44,7333650,98459176.00
2014/11/03,13.90,13.90,13.34,13.53,7837784,106053248.00
2014/11/04,13.51,13.53,13.05,13.11,5928563,78691424.00
2014/11/05,13.00,13.16,12.83,13.11,4615404,60163280.00
2014/11/06,13.15,13.34,13.01,13.33,3450532,45602124.00
2014/11/07,13.33,13.45,12.55,12.71,7697592,101046160.00
2014/11/10,12.78,12.92,12.58,12.75,4876695,62372912.00
2014/11/11,12.75,12.98,12.36,12.54,7363136,93899568.00
2014/11/12,12.54,12.92,12.44,12.86,8092250,103255632.00
2014/11/13,12.86,13.13,12.59,13.00,4753744,61451252.00
2014/11/14,12.96,12.96,12.71,12.83,2488366,32064912.00
2014/11/17,12.83,13.05,12.83,12.85,3139562,40710208.00
2014/11/18,12.85,12.98,12.70,12.89,2624256,33863872.00
2014/11/19,12.80,12.92,12.75,12.75,2780631,35809420.00
2014/11/20,12.74,12.74,12.33,12.49,4021467,50280460.00
2014/11/21,12.43,12.55,12.18,12.53,3585238,44577596.00
2014/11/24,12.61,12.99,12.40,12.91,6003966,76464984.00
2014/11/25,12.81,13.04,12.74,12.91,6817000,88151256.00
2014/11/26,12.83,13.64,12.83,13.41,9437194,125977248.00
2014/11/27,13.43,13.56,13.01,13.26,6116140,81084424.00
2014/11/28,13.26,13.26,12.58,12.73,11626404,150063824.00
2014/12/01,12.74,12.78,12.35,12.50,9708977,122155776.00
2014/12/02,12.50,12.75,12.46,12.59,7350500,92962480.00
2014/12/03,12.62,12.74,12.53,12.71,7028961,89163616.00
2014/12/04,12.66,12.82,12.64,12.71,9875158,126073872.00
2014/12/05,12.72,12.82,11.81,12.18,12921159,159037280.00
2014/12/08,12.14,12.39,11.84,12.09,8474405,102914632.00
2014/12/09,12.06,12.63,11.90,12.25,11590181,142448480.00
2014/12/10,12.15,12.37,12.00,12.33,9624593,117779584.00
2014/12/11,12.32,12.55,12.19,12.54,7338895,91679936.00
2014/12/12,12.58,13.37,12.58,13.23,16502828,217606864.00
2014/12/15,13.16,13.31,12.88,13.25,8075913,106204088.00
2014/12/16,13.18,13.28,12.88,13.00,7411518,96878016.00
2014/12/17,13.01,13.15,12.66,12.85,9160969,118835024.00
2014/12/18,12.78,12.89,12.45,12.65,5390298,68749984.00
2014/12/19,12.50,12.60,12.18,12.32,6945480,86050880.00
2014/12/22,12.32,12.42,11.46,11.69,7786278,92394960.00
2014/12/23,11.70,11.95,11.55,11.72,5479665,64643980.00
2014/12/24,11.74,11.99,11.74,11.75,4766391,56707128.00
2014/12/25,11.78,12.03,11.73,11.82,5486365,65315508.00
2014/12/26,11.74,11.98,11.70,11.84,5583702,66324780.00
2014/12/29,11.84,11.89,11.45,11.64,10057923,117391592.00
2014/12/30,11.58,11.82,11.46,11.54,8439672,98743192.00
2014/12/31,11.56,11.94,11.45,11.87,5311160,62360120.00
2015/01/05,11.87,12.65,11.85,12.63,13070196,161011328.00
2015/01/06,12.58,13.02,12.32,12.63,8684409,110818432.00
2015/01/07,12.68,12.95,12.55,12.80,7177128,91805808.00
2015/01/08,12.84,12.94,12.66,12.82,7192944,92567952.00
2015/01/09,12.84,12.86,12.57,12.65,5293952,67572256.00
2015/01/12,12.54,12.79,12.40,12.70,5244213,66579452.00
2015/01/13,12.76,12.96,12.70,12.93,5818667,75227352.00
2015/01/14,12.75,12.85,12.60,12.65,3221946,41104720.00
2015/01/15,12.65,12.87,12.61,12.83,2807546,35929172.00
2015/01/16,12.81,13.06,12.66,13.01,4962766,64419844.00
2015/01/19,12.75,13.30,12.53,12.73,9366904,121491400.00
2015/01/20,12.87,13.27,12.72,13.25,6447053,84705808.00
2015/01/21,13.35,13.64,13.21,13.43,6696420,90458624.00
2015/01/22,13.35,14.78,13.35,14.78,18800296,276341184.00
2015/01/23,14.80,15.32,14.60,15.20,16949572,253453600.00
2015/01/26,15.07,15.54,14.80,15.48,10320216,156478240.00
2015/01/27,15.51,15.85,14.97,15.69,10070929,156696880.00
2015/01/28,15.35,15.77,15.00,15.37,9579479,148476272.00
2015/01/29,15.23,15.67,15.05,15.21,4750419,73356808.00
2015/01/30,15.20,15.41,14.90,14.96,3581643,54267988.00
2015/02/02,14.57,14.84,14.33,14.55,6466609,94353624.00
2015/02/03,14.62,15.19,14.61,15.05,3145094,46950432.00
2015/02/04,15.15,15.57,14.90,15.01,3796504,58270316.00
2015/02/05,15.05,15.15,14.50,14.66,3238942,47996552.00
2015/02/06,14.66,14.88,14.54,14.58,2213916,32711922.00
2015/02/09,14.58,15.35,14.58,14.65,2479656,37090624.00
2015/02/10,14.55,14.85,14.47,14.76,2395960,35335268.00
2015/02/11,14.90,15.25,14.71,15.19,3817550,57777144.00
2015/02/12,15.16,16.40,15.15,16.12,6392418,100649224.00
2015/02/13,16.12,16.57,15.80,16.09,6848975,111863032.00
2015/02/16,15.88,17.25,15.88,17.11,10512130,177597136.00
2015/02/17,17.40,18.83,17.25,18.33,16795224,307098016.00
2015/02/25,17.95,18.29,17.55,17.78,4861164,87116744.00
2015/02/26,17.68,17.95,17.15,17.38,4157676,73062904.00
2015/02/27,17.36,17.98,17.25,17.95,4460670,79137000.00
2015/03/02,18.18,18.72,17.47,17.76,5061145,91621400.00
2015/03/03,17.66,17.70,16.93,17.05,6574581,113484456.00
2015/03/04,17.15,17.39,16.70,17.21,5770193,98095776.00
2015/03/05,17.25,18.43,16.70,18.09,10876588,191080960.00
2015/03/06,17.76,17.95,16.97,17.12,5466941,94986320.00
2015/03/09,17.25,17.25,16.70,17.22,2725731,46299600.00
2015/03/10,17.40,18.57,17.31,18.54,13848057,252590640.00
2015/03/11,18.57,18.82,17.97,18.25,6430764,118866312.00
2015/03/12,17.80,17.95,17.50,17.87,4835709,85969552.00
2015/03/13,17.93,18.35,17.80,18.29,5085192,92165424.00
2015/03/16,18.45,18.70,17.95,18.40,8750865,160008288.00
2015/03/17,18.34,18.52,18.12,18.33,3966222,72641168.00
2015/03/18,18.43,18.47,17.79,18.13,10539351,190184352.00
2015/03/19,18.16,19.90,18.16,19.86,18580779,350228320.00
2015/03/20,19.61,20.61,19.26,20.38,9600042,191835968.00
2015/03/23,20.35,20.40,19.81,19.95,10174977,203633376.00
2015/03/24,19.95,19.95,18.95,19.62,6599604,129188680.00
2015/03/25,19.55,19.91,19.30,19.88,5082608,100409576.00
2015/03/26,19.95,19.95,19.14,19.24,4744640,92236480.00
2015/03/27,19.34,19.88,19.15,19.50,5376875,105516288.00
2015/03/30,19.35,19.87,19.25,19.83,5886242,115518640.00
2015/03/31,19.75,20.39,19.62,20.01,10125142,203949152.00
2015/04/01,20.04,21.75,20.04,20.99,10952845,232110944.00
2015/04/02,21.00,21.45,20.61,20.80,5573985,117175632.00
2015/04/03,20.85,21.02,20.65,20.96,3426074,71598544.00
2015/04/07,20.94,21.23,20.15,21.22,9963355,205522096.00
2015/04/08,20.95,21.15,20.36,20.81,7417512,153978080.00
2015/04/09,20.83,20.83,19.25,19.88,7506499,149646784.00
2015/04/10,19.88,20.07,19.49,19.90,8248220,163400512.00
2015/04/13,19.91,20.55,18.95,20.31,9911212,196339104.00
2015/04/14,20.18,20.22,19.74,19.95,7080005,141596464.00
2015/04/15,19.95,19.95,18.95,19.09,6456093,124719520.00
2015/04/16,18.85,20.05,18.04,19.71,8877314,170736960.00
2015/04/17,19.73,19.94,18.95,19.65,9018489,176945264.00
2015/04/20,19.45,19.45,18.75,18.83,8490926,161882256.00
2015/04/21,18.75,19.30,18.65,19.19,5485095,104898240.00
2015/04/22,19.27,20.03,19.26,19.84,7726813,152495872.00
2015/04/23,19.84,21.36,19.80,20.84,10313633,212640064.00
2015/04/24,20.63,21.05,19.90,20.36,7840249,161713536.00
2015/04/27,20.40,20.84,19.95,20.34,7128183,144851312.00
2015/04/28,20.36,20.63,19.82,20.05,6173567,124618768.00
2015/04/29,20.50,22.06,20.35,22.06,21214753,463600384.00
2015/04/30,22.72,23.97,22.05,23.12,17231342,400113504.00
2015/05/04,22.95,25.13,22.60,23.37,10293773,246564464.00
2015/05/05,23.35,23.37,21.95,22.47,7432631,168570288.00
2015/05/06,22.60,24.53,22.13,23.72,6679304,155938944.00
2015/05/07,23.70,24.83,23.19,24.60,10782520,260692768.00
2015/05/08,24.18,25.25,23.62,25.09,12265462,301094592.00
2015/05/11,25.09,25.74,24.25,25.62,11715921,291938368.00
2015/05/12,25.53,25.94,24.80,25.54,6801086,172056480.00
2015/05/13,25.18,25.25,24.05,24.74,6115052,151743744.00
2015/05/14,24.65,24.78,23.55,24.76,6512457,157232688.00
2015/05/15,24.79,25.23,24.23,24.56,5324619,132090640.00
2015/05/18,24.45,24.75,23.41,23.57,7655471,181782240.00
2015/05/19,23.85,24.35,23.30,24.03,4910200,117148232.00
2015/05/20,23.80,25.69,23.80,24.59,7320804,180872496.00
2015/05/21,24.22,25.70,24.15,25.62,7230343,183386336.00
2015/05/22,25.61,28.14,25.26,28.07,9759298,260889920.00
2015/05/25,27.75,30.12,26.99,29.03,11246076,326254784.00
2015/05/26,30.15,30.15,28.81,29.16,10597893,312831424.00
2015/05/27,29.84,30.00,28.44,29.11,9419980,276068512.00
2015/05/28,29.10,29.95,26.90,27.06,11051321,318330400.00
2015/05/29,26.45,27.45,25.05,26.88,8777215,233287536.00
2015/06/01,26.95,28.95,26.81,28.43,6597450,186056160.00
2015/06/02,28.55,31.07,28.16,30.65,8480243,252632400.00
2015/06/03,30.23,32.75,30.03,31.93,8432393,263702112.00
2015/06/04,31.54,31.95,29.10,31.22,5784034,176660768.00
2015/06/05,31.22,31.92,30.01,30.45,6475348,199197376.00
2015/06/08,30.45,30.45,28.96,29.39,5620186,165671392.00
2015/06/09,29.42,30.24,29.32,29.95,3954760,118150304.00
2015/06/10,29.95,29.95,29.15,29.44,5041152,148142624.00
2015/06/11,29.40,29.43,28.50,29.16,5956093,171941552.00
2015/06/12,29.45,29.98,28.96,29.38,8797659,259467040.00
2015/06/15,29.78,32.32,29.61,31.75,14746551,459158208.00
2015/06/16,31.72,32.20,29.60,31.10,10540192,325342464.00
2015/06/17,30.84,32.93,29.71,31.91,9892683,313425344.00
2015/06/18,31.74,34.10,30.95,33.23,10451996,345011936.00
2015/06/19,31.71,32.55,29.90,30.48,6185134,192423312.00
2015/06/23,30.60,30.61,27.45,29.87,6693444,194722832.00
2015/06/24,29.88,32.71,29.88,32.44,10732887,336486336.00
2015/06/25,32.00,32.94,29.19,29.50,8650410,269010304.00
2015/06/26,27.60,28.64,26.55,28.35,10747977,295811680.00
2015/06/29,28.75,28.75,25.51,25.51,9975336,262041200.00
2015/06/30,23.55,26.45,22.95,25.69,15747331,389527488.00
2015/07/01,25.60,26.96,23.25,23.88,10235018,263960608.00
2015/07/02,24.15,24.16,21.49,21.49,6880832,155299424.00
2015/07/03,19.95,21.48,19.34,19.73,8210423,162236528.00
2015/07/06,21.60,21.60,17.75,17.75,7306088,141047760.00
2015/07/07,16.65,16.65,15.97,15.97,1541500,24711948.00
2015/07/08,14.37,14.37,14.37,14.37,2675900,38586480.00
2015/07/09,12.93,15.81,12.93,15.81,40985865,585758848.00
2015/07/10,16.69,17.40,16.15,17.40,7296193,125938120.00
2015/07/13,18.30,19.15,18.30,19.15,10155011,193341552.00
2015/07/14,19.95,20.78,18.75,19.55,21449697,427365056.00
2015/07/15,19.02,19.96,17.59,17.63,15472978,287470208.00
2015/07/16,16.38,18.84,16.05,18.78,8224839,147702144.00
2015/07/17,18.76,20.60,18.76,20.55,9773981,194275872.00
2015/07/20,21.20,21.63,20.54,20.81,8450657,177964512.00
2015/07/21,20.55,22.90,20.15,22.90,8506554,190449136.00
2015/07/22,22.95,25.20,22.60,24.50,9345424,225500368.00
2015/08/05,22.44,25.91,22.16,23.07,12023575,280788800.00
2015/08/06,22.65,24.50,21.25,23.24,10657279,250773808.00
2015/08/07,22.75,23.90,22.48,23.75,8409510,195292000.00
2015/08/10,23.75,25.39,23.75,25.09,11057416,271634144.00
2015/08/11,24.93,26.93,24.45,25.24,7286175,187100224.00
2015/08/12,24.78,25.34,24.37,24.53,4051606,100363112.00
2015/08/13,24.53,24.81,23.66,24.71,4872503,118216000.00
2015/08/14,25.06,25.93,24.43,24.57,4821905,121712168.00
2015/08/17,24.45,25.34,23.55,25.26,5906918,143751040.00
2015/08/18,25.45,25.55,22.73,23.74,6855927,166194384.00
2015/08/19,22.58,24.93,21.53,24.74,6715575,159321120.00
2015/08/20,24.45,25.31,23.62,24.03,4896211,119604408.00
2015/08/21,23.71,23.73,21.62,21.62,7050915,154873632.00
2015/08/24,19.52,19.95,19.45,19.45,633300,12373234.00
2015/08/25,17.50,18.04,17.50,17.50,9719788,171535504.00
2015/08/26,17.53,17.74,15.75,16.67,10541852,174788288.00
2015/08/27,16.90,17.31,15.73,17.20,8353579,137905744.00
2015/08/28,17.15,18.62,16.96,18.60,6303881,112292536.00
2015/08/31,18.24,18.43,16.96,17.88,5308344,94225480.00
2015/09/01,17.33,17.33,16.09,16.09,5031963,81791880.00
2015/09/02,14.75,15.94,14.48,14.86,9534498,142665296.00
2015/09/07,14.90,16.10,14.90,15.37,5944535,93010240.00
2015/09/08,15.31,16.55,14.95,16.13,4114898,64250684.00
2015/09/09,16.30,17.75,16.23,17.39,7411783,126482080.00
2015/09/10,17.00,17.91,16.85,17.11,4263510,74105952.00
2015/09/11,17.11,17.30,16.45,16.80,3000996,50405896.00
2015/09/14,16.99,16.99,15.12,15.12,3414768,53802360.00
2015/09/15,14.86,14.86,13.60,13.60,8073397,112684208.00
2015/09/16,13.60,14.97,13.10,14.68,6613167,92701128.00
2015/09/17,14.65,15.38,14.25,14.35,6942144,103327208.00
2015/09/18,14.38,15.79,14.14,15.79,8217574,124375904.00
2015/09/21,15.63,16.60,15.25,16.27,7020690,113894400.00
2015/09/22,16.45,16.73,15.95,16.36,6713673,110515880.00
2015/09/23,16.07,17.09,15.86,16.36,3728566,62022904.00
2015/09/24,16.65,16.73,15.75,16.03,3639598,58823232.00
2015/09/25,16.03,16.03,14.53,15.31,4820465,74431304.00
2015/09/28,15.31,16.75,15.25,16.20,4576839,73436336.00
2015/09/29,15.83,16.94,15.56,16.54,6803870,112111592.00
2015/09/30,17.90,18.20,17.45,17.73,18056858,326953600.00
2015/10/08,17.59,18.51,17.50,18.03,19119812,345988128.00
2015/10/09,17.72,19.24,17.03,19.18,15260202,273787328.00
2015/10/12,18.75,19.88,18.58,19.45,13668850,263862400.00
2015/10/13,19.15,19.19,18.46,18.92,12059350,228096288.00
2015/10/14,18.75,18.75,17.97,18.29,9420558,173359392.00
2015/10/15,18.20,19.00,18.16,18.97,6892359,128570352.00
2015/10/16,19.02,19.43,18.47,19.09,6703888,126829264.00
2015/10/19,19.09,21.00,18.60,20.57,15304836,301141408.00
2015/10/20,20.61,20.65,19.71,20.11,9998591,201863456.00
2015/10/21,20.10,20.58,18.09,18.10,9551470,185547456.00
2015/10/22,18.15,18.81,17.82,18.65,7163697,132285944.00
2015/10/23,19.42,19.62,18.85,19.22,8547829,165012256.00
2015/10/26,19.61,20.26,19.06,19.92,15816589,314475744.00
2015/10/27,19.65,19.85,18.75,19.51,7638858,148256768.00
2015/10/28,20.65,21.47,20.35,21.47,50621212,1085439232.00
2015/10/29,21.95,21.95,20.57,21.14,26188691,562019520.00
2015/10/30,20.51,21.79,19.78,20.88,20461014,428191168.00
2015/11/02,19.80,20.46,19.63,19.67,14069939,280809920.00
2015/11/03,19.58,19.92,18.92,19.28,13562232,261016816.00
2015/11/04,19.46,20.46,19.33,20.35,18018184,356545792.00
2015/11/05,20.29,20.53,19.76,20.21,14968904,301926464.00
2015/11/06,20.69,20.70,20.15,20.42,11583192,236292480.00
2015/11/09,20.16,21.05,20.00,20.72,14941877,306785376.00
2015/11/10,20.61,21.05,20.48,20.85,11512125,239119920.00
2015/11/11,21.00,21.17,20.30,20.57,10690501,219926976.00
2015/11/12,20.56,20.56,19.95,20.22,10553560,213536224.00
2015/11/13,20.01,21.30,20.01,20.44,19435345,403694432.00
2015/11/16,20.10,21.16,20.02,21.13,13670134,283315904.00
2015/11/17,21.40,21.47,20.40,20.50,13473080,282740256.00
2015/11/18,20.61,20.68,19.65,19.85,7696353,155709376.00
2015/11/19,19.85,20.11,19.54,20.05,7586680,150752208.00
2015/11/20,20.08,20.14,19.75,20.02,8448940,168212528.00
2015/11/23,19.98,20.30,19.77,19.88,5578152,111687040.00
2015/11/24,19.82,20.63,19.54,20.59,9239258,185858080.00
2015/11/25,20.50,21.49,20.29,21.43,14641355,307354816.00
2015/11/26,21.59,21.68,21.00,21.12,10065613,214986272.00
2015/11/27,21.02,21.24,19.10,19.20,9801820,198810352.00
2015/11/30,19.48,19.48,18.01,18.90,6983148,131284832.00
2015/12/01,19.00,19.27,18.70,18.94,5309199,100952096.00
2015/12/02,19.12,19.29,18.65,19.18,4265356,81134312.00
2015/12/03,19.10,19.39,19.02,19.36,5127511,98358400.00
2015/12/04,19.20,19.60,18.88,19.05,4598629,88319504.00
2015/12/07,19.15,19.23,18.93,19.15,3425369,65423936.00
2015/12/08,19.08,19.08,18.25,18.38,3845663,71989328.00
2015/12/09,18.36,18.58,17.95,18.02,4957269,90449360.00
2015/12/10,18.13,18.19,17.67,17.73,4139888,74371888.00
2015/12/11,17.60,17.79,17.31,17.67,3839488,67462288.00
2015/12/14,17.52,18.09,17.48,18.09,4603341,81994736.00
2015/12/15,18.21,18.39,18.01,18.12,3375711,61298184.00
2015/12/16,18.21,18.52,18.12,18.25,2944776,53992980.00
2015/12/17,18.18,18.70,18.18,18.69,3870866,71936856.00
2015/12/18,18.58,18.88,18.23,18.53,3888518,72080736.00
2015/12/21,18.50,18.95,18.40,18.87,6408563,120157096.00
2015/12/22,18.79,18.97,18.53,18.73,3890688,72733640.00
2015/12/23,18.84,18.84,18.52,18.65,5436686,101275768.00
2015/12/24,18.46,18.68,18.40,18.49,4264971,79025936.00
2015/12/25,18.48,18.66,18.45,18.54,3970122,73730880.00
2015/12/28,18.63,18.89,18.36,18.54,7516945,139551152.00
2015/12/29,18.54,18.90,18.41,18.88,5651331,105346016.00
2015/12/30,18.99,19.25,18.75,18.80,3507510,66320052.00
2015/12/31,18.95,19.39,18.75,19.19,9998505,191898384.00
2016/01/04,19.29,19.29,17.81,17.94,9311067,170530688.00
2016/01/05,17.30,18.70,16.91,18.48,6623665,119057456.00
2016/01/06,18.51,19.92,18.28,19.59,8476204,163861776.00
2016/01/07,19.33,19.33,17.63,17.70,1217600,22542130.00
2016/01/08,18.25,19.03,16.76,18.59,8277287,152076048.00
2016/01/11,17.99,18.18,16.86,17.60,8512472,149116080.00
2016/01/12,17.50,17.65,16.60,16.81,5338798,90889352.00
2016/01/13,16.88,17.15,15.60,15.68,4936204,80201688.00
2016/01/14,14.90,16.42,14.48,16.10,3337966,52015824.00
2016/01/15,16.00,16.30,14.96,15.03,3985848,61900584.00
2016/01/18,14.58,15.60,14.49,15.38,4566047,69640784.00
2016/01/19,15.95,16.48,15.88,16.26,6551493,106008992.00
2016/01/20,16.05,16.55,15.96,16.06,3622858,58727048.00
2016/01/21,15.80,16.25,15.00,15.01,3636784,56936576.00
2016/01/22,15.35,15.35,14.33,15.02,4768457,70641696.00
2016/01/25,15.10,15.87,14.80,15.67,3483147,53521944.00
2016/01/26,15.20,15.60,14.35,14.41,3314246,49816856.00
2016/01/27,14.69,14.75,13.61,14.51,3410692,48538796.00
2016/01/28,14.48,14.62,13.65,13.94,2818704,39911116.00
2016/01/29,13.80,14.66,13.80,14.44,3839970,55018108.00
2016/02/01,14.55,14.64,13.83,14.09,3204837,45571904.00
2016/02/02,14.08,14.70,14.05,14.52,3313768,48077624.00
2016/02/03,14.50,14.77,14.16,14.68,2423739,34952168.00
2016/02/04,14.68,15.15,14.57,14.96,3097127,46355328.00
2016/02/05,15.10,15.35,14.80,15.08,2412707,36570612.00
2016/02/15,14.70,15.08,14.65,14.93,2239564,33158874.00
2016/02/16,14.98,15.50,14.98,15.44,3782808,57916924.00
2016/02/17,15.39,15.69,15.19,15.60,3166542,49082932.00
2016/02/18,15.65,15.77,15.10,15.21,4373798,66995536.00
2016/02/19,15.23,15.40,15.17,15.24,2151638,32880570.00
2016/02/22,15.36,16.05,15.36,15.62,5578639,87536904.00
2016/02/23,15.62,15.74,15.10,15.42,3528435,54457152.00
2016/02/24,15.44,16.09,15.24,16.06,5679692,88903248.00
2016/02/25,16.06,16.39,14.75,15.18,8846530,140704976.00
2016/02/26,15.12,15.33,14.50,15.02,3447104,51673528.00
2016/02/29,15.00,15.00,13.52,13.64,4443118,61861928.00
2016/03/01,13.65,13.85,12.91,13.52,7587989,102093904.00
2016/03/02,13.59,14.18,13.46,14.10,8610269,119218216.00
2016/03/03,13.95,14.38,13.95,14.12,5350122,75880016.00
2016/03/04,14.08,14.32,13.37,13.56,5850259,81732768.00
2016/03/07,13.63,14.05,13.59,13.72,4452645,61551588.00
2016/03/08,13.80,13.95,13.02,13.82,4853355,65742340.00
2016/03/09,13.57,13.85,13.35,13.69,3347664,45842212.00
数据来源:通达信
