601111 中国国航 日线 前复权
      日期	    开盘	    最高	    最低	    收盘	    成交量	    成交额
2011/01/04,13.39,13.69,13.22,13.46,48414537,671219712.00
2011/01/05,13.39,13.39,12.85,12.98,55253596,743147840.00
2011/01/06,12.94,13.04,12.59,12.64,35139066,460902240.00
2011/01/07,12.63,13.03,12.61,12.71,43349618,570872640.00
2011/01/10,12.71,12.71,12.11,12.26,50785080,647402240.00
2011/01/11,12.27,12.27,12.02,12.18,30637167,383347584.00
2011/01/12,12.26,12.51,12.13,12.49,24362987,309071296.00
2011/01/13,12.56,12.86,12.50,12.70,38608564,504375488.00
2011/01/14,12.80,12.94,12.59,12.60,40388307,530638336.00
2011/01/17,12.46,12.69,11.77,11.92,48877919,618118080.00
2011/01/18,11.88,11.88,11.03,11.44,63044363,739894784.00
2011/01/19,11.31,11.68,11.06,11.63,47180608,554331776.00
2011/01/20,11.59,11.59,10.86,10.88,58448221,674290048.00
2011/01/21,10.81,11.05,10.61,10.92,52474703,589421888.00
2011/01/24,10.94,11.02,10.61,10.70,28041487,314184192.00
2011/01/25,10.74,10.87,10.67,10.77,20370567,227147168.00
2011/01/26,10.84,11.18,10.80,11.15,31043247,354827840.00
2011/01/27,11.01,11.49,10.97,11.25,44672885,522032288.00
2011/01/28,11.25,11.32,11.08,11.28,29325815,339556800.00
2011/01/31,11.21,11.40,11.15,11.30,31640735,369252032.00
2011/02/01,11.30,11.31,11.12,11.18,22909089,265280736.00
2011/02/09,11.11,11.26,10.79,10.85,26622745,303371008.00
2011/02/10,10.84,11.37,10.65,11.32,44919277,512050688.00
2011/02/11,11.32,11.60,11.14,11.35,49379863,580664064.00
2011/02/14,11.42,11.93,11.42,11.81,68891533,838014656.00
2011/02/15,11.87,12.46,11.86,11.90,73001084,914943616.00
2011/02/16,11.90,12.29,11.84,12.15,40151556,501071200.00
2011/02/17,12.34,12.50,11.91,12.13,44697727,561262016.00
2011/02/18,12.19,12.26,11.88,11.99,32682027,406498272.00
2011/02/21,11.81,12.05,11.74,12.03,37605777,461765376.00
2011/02/22,12.05,12.15,11.35,11.40,72806142,874951488.00
2011/02/23,11.34,11.34,11.02,11.25,48269336,557359360.00
2011/02/24,11.13,11.40,10.97,11.34,33687445,391373760.00
2011/02/25,11.34,11.40,11.15,11.31,28138253,328226400.00
2011/02/28,11.36,11.53,11.06,11.44,45302605,528717984.00
2011/03/01,11.45,11.72,11.37,11.54,43448374,519299136.00
2011/03/02,11.41,11.42,11.11,11.29,36446665,424589824.00
2011/03/03,11.23,11.28,11.06,11.08,42961285,496283040.00
2011/03/04,11.11,11.40,11.07,11.39,43802712,510398112.00
2011/03/07,11.39,11.77,11.35,11.69,73725271,884623168.00
2011/03/08,11.70,11.86,11.45,11.71,48548987,583464768.00
2011/03/09,11.77,11.88,11.61,11.68,33595742,406406624.00
2011/03/10,11.73,11.73,11.37,11.40,33146662,393464064.00
2011/03/11,11.31,11.49,11.28,11.31,23190841,272758176.00
2011/03/14,11.21,11.29,10.61,11.15,32398325,371338400.00
2011/03/15,11.12,11.14,10.77,10.92,35277464,398512160.00
2011/03/16,10.94,11.09,10.94,11.07,18454948,210753072.00
2011/03/17,10.98,10.98,10.71,10.76,35998229,403638208.00
2011/03/18,10.86,10.92,10.76,10.85,15028203,168574320.00
2011/03/21,10.84,10.86,10.62,10.70,27975723,310324064.00
2011/03/22,10.75,10.82,10.60,10.75,32254123,357277440.00
2011/03/23,10.73,10.95,10.66,10.91,28808107,322485568.00
2011/03/24,10.93,10.93,10.76,10.78,20053558,224715184.00
2011/03/25,10.79,11.08,10.79,10.94,36537594,415747104.00
2011/03/28,10.98,11.03,10.85,10.89,27216072,307983360.00
2011/03/29,10.90,10.98,10.81,10.86,28511587,321295200.00
2011/03/30,10.85,10.95,10.64,10.82,29865055,332995552.00
2011/03/31,10.87,10.91,10.59,10.62,33484474,369940096.00
2011/04/01,10.61,10.68,10.48,10.67,28769439,315787552.00
2011/04/06,10.65,10.65,10.28,10.38,45232197,486938560.00
2011/04/07,10.36,10.45,10.17,10.41,37304950,397652096.00
2011/04/08,10.38,10.45,10.29,10.41,29172323,314098048.00
2011/04/11,10.42,10.45,10.26,10.27,30853826,330566624.00
2011/04/12,10.27,10.85,10.27,10.83,66662654,734106368.00
2011/04/13,10.83,10.99,10.75,10.85,44926337,504867808.00
2011/04/14,10.86,10.89,10.65,10.67,30487673,338741504.00
2011/04/15,10.67,10.74,10.57,10.67,24147456,266930144.00
2011/04/18,10.58,10.92,10.55,10.86,39237467,439300256.00
2011/04/19,10.79,10.85,10.61,10.64,27451423,304464512.00
2011/04/20,10.70,10.94,10.62,10.90,32746316,365267424.00
2011/04/21,10.87,11.11,10.84,11.10,74315556,847893888.00
2011/04/22,11.09,11.60,10.98,11.27,99776537,1177777408.00
2011/04/25,11.31,11.56,11.06,11.08,52002731,608574592.00
2011/04/26,11.06,11.22,10.91,11.20,34732800,398400192.00
2011/04/27,11.23,11.35,11.01,11.14,31279202,363020160.00
2011/04/28,11.16,11.22,10.55,10.56,39684989,445348768.00
2011/04/29,10.44,10.81,10.39,10.71,27361471,302535456.00
2011/05/03,10.73,10.79,10.58,10.68,20085568,222108352.00
2011/05/04,10.69,10.69,10.36,10.38,25030837,271407936.00
2011/05/05,10.40,10.57,10.35,10.42,12435973,134730320.00
2011/05/06,10.59,10.79,10.54,10.59,30909455,341906208.00
2011/05/09,10.67,10.74,10.49,10.54,19127105,209822560.00
2011/05/10,10.46,10.49,10.21,10.47,14188743,152834848.00
2011/05/11,10.44,10.64,10.39,10.49,26494270,288960096.00
2011/05/12,10.48,10.57,10.27,10.28,21033862,227054192.00
2011/05/13,10.31,10.40,10.13,10.34,17126400,181933856.00
2011/05/16,10.33,10.33,10.15,10.18,15413154,163085072.00
2011/05/17,10.21,10.24,9.91,10.07,17928959,187389280.00
2011/05/18,10.09,10.25,10.03,10.24,12526130,131942032.00
2011/05/19,10.20,10.21,10.02,10.05,11214656,117715808.00
2011/05/20,10.07,10.07,9.91,9.95,14379047,148946720.00
2011/05/23,9.91,9.94,9.45,9.48,27606747,275951328.00
2011/05/24,9.48,9.56,9.38,9.50,11940240,117671912.00
2011/05/25,9.50,9.50,9.10,9.12,18024054,174410384.00
2011/05/27,9.22,9.24,8.99,9.01,14575639,137890528.00
2011/05/30,9.00,9.13,8.81,8.91,14151221,132476400.00
2011/05/31,8.89,9.16,8.86,9.12,16624027,157523408.00
2011/06/01,9.11,9.11,9.02,9.08,8991297,84999344.00
2011/06/02,9.01,9.05,8.86,8.92,14528506,135429488.00
2011/06/03,8.94,9.18,8.94,9.08,14313562,135688976.00
2011/06/07,9.06,9.15,9.02,9.12,7251323,68883616.00
2011/06/08,9.12,9.17,8.93,9.14,13163957,123994312.00
2011/06/09,9.09,9.10,8.77,8.82,15836557,147374048.00
2011/06/10,8.87,9.02,8.81,8.89,7865711,71969968.00
2011/06/13,8.84,8.85,8.63,8.70,13621700,122094960.00
2011/06/14,8.69,8.88,8.66,8.80,12144272,110117960.00
2011/06/15,8.81,8.86,8.73,8.73,10944981,99085024.00
2011/06/16,8.73,9.16,8.69,9.03,44915718,417595904.00
2011/06/17,8.91,9.13,8.91,9.03,17975278,167631056.00
2011/06/20,9.08,9.10,8.85,8.89,9674268,88992992.00
2011/06/21,8.87,8.96,8.82,8.87,11369200,103992864.00
2011/06/22,8.88,8.97,8.77,8.95,16271235,148789360.00
2011/06/23,8.87,9.10,8.79,9.02,12132510,111915688.00
2011/06/24,9.18,9.68,9.18,9.61,47237487,458525184.00
2011/06/27,9.74,9.89,9.51,9.58,31755393,316027616.00
2011/06/28,9.53,9.67,9.49,9.56,16047806,158025344.00
2011/06/29,9.53,9.58,9.23,9.24,19770088,190564256.00
2011/06/30,9.23,9.44,9.21,9.32,25035948,239901136.00
2011/07/01,9.32,9.40,9.24,9.31,13358589,128214032.00
2011/07/04,9.41,9.63,9.36,9.60,22366180,219424048.00
2011/07/05,9.61,9.85,9.61,9.70,23691685,236594160.00
2011/07/06,9.65,9.79,9.54,9.72,16691840,165905344.00
2011/07/07,9.66,10.25,9.64,9.95,52475092,538059904.00
2011/07/08,9.95,10.04,9.82,9.93,16243787,165632560.00
2011/07/11,9.98,10.20,9.95,10.10,21889421,227371104.00
2011/07/12,10.01,10.01,9.74,9.75,15779467,159904528.00
2011/07/13,9.77,10.09,9.76,10.06,33253419,338956288.00
2011/07/14,10.06,10.12,9.87,10.06,22227490,228107520.00
2011/07/15,10.03,10.28,9.98,10.14,22266890,232564336.00
2011/07/18,10.17,10.23,10.08,10.15,15370732,160233168.00
2011/07/19,10.09,10.11,9.79,9.88,15044320,152880496.00
2011/07/20,9.90,9.97,9.65,9.70,16577073,166034864.00
2011/07/21,9.77,9.77,9.53,9.55,12748474,126002552.00
2011/07/22,9.56,9.65,9.46,9.54,9832884,96707240.00
2011/07/25,9.85,9.93,9.40,9.43,41451897,413293888.00
2011/07/26,9.43,10.29,9.40,10.10,53108294,541914304.00
2011/07/27,10.00,10.00,9.68,9.80,31061766,312893632.00
2011/07/28,9.71,10.08,9.63,9.88,25754001,262131744.00
2011/07/29,9.88,9.93,9.59,9.68,15473163,154388416.00
2011/08/01,9.66,9.78,9.53,9.58,12297364,121537152.00
2011/08/02,9.55,9.62,9.22,9.31,17839324,170859552.00
2011/08/03,9.18,9.21,9.03,9.13,17456194,163964816.00
2011/08/04,9.13,9.27,9.13,9.24,8762068,82842416.00
2011/08/05,9.01,9.41,8.81,9.11,19337202,183004448.00
2011/08/08,8.93,9.01,8.35,8.55,27776780,249004592.00
2011/08/09,8.35,8.69,8.29,8.64,21154064,185506960.00
2011/08/10,8.78,8.91,8.65,8.71,13941345,126616872.00
2011/08/11,8.63,9.31,8.53,9.15,35499793,330627200.00
2011/08/12,9.20,9.36,9.07,9.14,22148901,210254288.00
2011/08/15,9.18,9.28,9.04,9.23,11807721,111293176.00
2011/08/16,9.32,9.37,9.13,9.16,19114607,182365136.00
2011/08/17,9.17,9.34,9.13,9.23,20606151,196028144.00
2011/08/18,9.20,9.20,8.91,8.92,12652606,117456968.00
2011/08/19,8.83,8.99,8.70,8.80,14572449,132196200.00
2011/08/22,8.76,8.85,8.64,8.71,9726654,87540568.00
2011/08/23,8.74,8.87,8.68,8.80,10584039,95498408.00
2011/08/24,8.86,8.86,8.73,8.75,7516755,68084456.00
2011/08/25,8.73,9.44,8.73,9.35,43860395,413438560.00
2011/08/26,9.23,9.37,9.11,9.27,21995801,209553952.00
2011/08/29,9.13,9.23,9.06,9.11,9844437,92405200.00
2011/08/30,9.18,9.29,9.07,9.09,11742708,111143984.00
2011/08/31,9.03,9.13,8.91,8.96,11404788,105534056.00
2011/09/01,9.11,9.11,8.72,8.75,20008209,182458256.00
2011/09/02,8.76,8.80,8.42,8.45,29196440,257394160.00
2011/09/05,8.39,8.53,8.33,8.45,10901228,94976920.00
2011/09/06,8.51,8.60,8.35,8.47,10678829,93329904.00
2011/09/07,8.56,8.60,8.43,8.59,11590492,102028944.00
2011/09/08,8.61,8.66,8.48,8.51,8450923,74675504.00
2011/09/09,8.61,8.65,8.41,8.51,6572623,57714520.00
2011/09/13,8.40,8.41,8.32,8.38,5544218,47818340.00
2011/09/14,8.43,8.47,8.27,8.42,6057996,52332836.00
2011/09/15,8.43,8.56,8.39,8.47,7664863,67082680.00
2011/09/16,8.53,8.56,8.38,8.42,7918504,68950304.00
2011/09/19,8.38,8.39,8.16,8.18,8351661,71078352.00
2011/09/20,8.18,8.27,8.08,8.18,5781540,48754004.00
2011/09/21,8.20,8.42,8.11,8.38,17105485,146976528.00
2011/09/22,8.29,8.32,8.05,8.07,13636823,115156072.00
2011/09/23,7.93,8.07,7.85,7.91,14152878,116109968.00
2011/09/26,7.88,8.00,7.75,7.78,8949934,72741256.00
2011/09/27,7.88,7.91,7.76,7.84,9732729,78846744.00
2011/09/28,7.92,7.95,7.70,7.72,8042774,64936160.00
2011/09/29,7.71,7.73,7.56,7.58,7809125,61786056.00
2011/09/30,7.58,7.67,7.53,7.59,6417977,50538688.00
2011/10/10,7.68,7.78,7.63,7.64,5700027,45360376.00
2011/10/11,7.85,7.90,7.57,7.67,8821400,70759520.00
2011/10/12,7.68,8.05,7.63,7.99,19980085,163424192.00
2011/10/13,7.98,8.05,7.93,8.01,11488665,94766528.00
2011/10/14,7.99,8.01,7.86,7.92,6537326,53574432.00
2011/10/17,7.95,7.98,7.73,7.79,15975470,129332560.00
2011/10/18,7.76,7.78,7.53,7.55,11153692,88245392.00
2011/10/19,7.61,7.65,7.53,7.55,6808547,53345680.00
2011/10/20,7.53,7.55,7.25,7.30,9177212,69792992.00
2011/10/21,7.33,7.36,7.25,7.27,5396714,40878088.00
2011/10/24,7.33,7.50,7.23,7.47,8340857,63842640.00
2011/10/25,7.43,7.60,7.36,7.58,13055779,101710000.00
2011/10/26,7.53,7.75,7.50,7.65,16531081,130762448.00
2011/10/27,7.71,7.85,7.61,7.70,18163019,144964656.00
2011/10/28,7.80,7.88,7.74,7.78,21509511,173757760.00
2011/10/31,7.79,7.81,7.62,7.71,13977294,111329264.00
2011/11/01,7.71,7.77,7.61,7.67,16605802,132355696.00
2011/11/02,7.54,7.76,7.51,7.73,14944834,118153144.00
2011/11/03,7.77,8.10,7.77,7.99,37789797,309808288.00
2011/11/04,7.98,8.06,7.93,7.98,20621278,170220864.00
2011/11/07,7.95,7.98,7.86,7.88,9299800,76067624.00
2011/11/08,7.93,7.95,7.81,7.91,10414582,84885376.00
2011/11/09,7.97,8.00,7.82,7.93,13917829,113885768.00
2011/11/10,7.86,7.86,7.73,7.73,10307582,82976432.00
2011/11/11,7.78,7.79,7.65,7.67,5822536,46522320.00
2011/11/14,7.74,7.87,7.71,7.84,7340615,59246692.00
2011/11/15,7.86,7.93,7.83,7.90,9654955,78749504.00
2011/11/16,7.90,7.93,7.68,7.70,9906431,79658632.00
2011/11/17,7.73,7.75,7.63,7.67,6663499,53019960.00
2011/11/18,7.63,7.70,7.48,7.49,7872264,61579772.00
2011/11/21,7.53,7.55,7.34,7.39,7234684,55434580.00
2011/11/22,7.36,7.41,6.87,6.97,45707073,334182048.00
2011/11/23,6.99,7.00,6.86,6.92,13463302,96641120.00
2011/11/24,6.87,6.96,6.78,6.91,9936782,70942032.00
2011/11/28,6.83,6.91,6.79,6.83,8059652,57351416.00
2011/11/29,6.92,6.95,6.81,6.93,11172102,80056264.00
2011/11/30,6.89,6.92,6.51,6.57,15582319,108300096.00
2011/12/01,6.83,6.84,6.65,6.69,18214832,127778272.00
2011/12/02,6.70,6.70,6.46,6.53,10223235,69510736.00
2011/12/05,6.56,6.56,6.23,6.31,13356038,88743552.00
2011/12/06,6.28,6.32,6.16,6.20,12184634,79051528.00
2011/12/07,6.21,6.23,6.12,6.18,8821747,56910056.00
2011/12/08,6.18,6.27,6.10,6.24,10997418,71059440.00
2011/12/09,6.18,6.31,6.17,6.26,9190980,59860664.00
2011/12/12,6.23,6.30,6.18,6.19,5152124,33541040.00
2011/12/13,6.18,6.19,5.98,5.99,9126633,57681008.00
2011/12/14,5.99,6.02,5.82,5.85,7100069,43955980.00
2011/12/15,5.83,5.84,5.55,5.57,11493174,68614128.00
2011/12/16,5.58,5.92,5.48,5.84,17197882,101627704.00
2011/12/19,5.75,5.85,5.53,5.74,11431802,67871576.00
2011/12/20,5.73,5.85,5.66,5.68,11957225,71835336.00
2011/12/21,5.73,5.83,5.69,5.82,24730266,149484336.00
2011/12/22,5.77,5.96,5.63,5.95,31742048,193240288.00
2011/12/23,5.93,6.11,5.88,6.06,23085646,145052096.00
2011/12/26,6.03,6.09,5.95,6.07,8853095,55573008.00
2011/12/27,6.06,6.09,5.97,6.01,8151102,51357048.00
2011/12/28,5.98,6.06,5.94,6.05,10076387,63135280.00
2011/12/29,6.02,6.10,5.99,6.05,9743478,61616032.00
2011/12/30,6.08,6.13,6.04,6.10,10699879,68070496.00
2012/01/04,6.16,6.23,6.04,6.07,8716934,55752460.00
2012/01/05,6.06,6.07,5.92,6.01,15076004,94357360.00
2012/01/06,5.96,6.03,5.95,6.02,8694378,54359168.00
2012/01/09,6.06,6.23,5.98,6.22,16719197,107193264.00
2012/01/10,6.23,6.61,6.21,6.57,24699128,165785648.00
2012/01/11,6.57,6.61,6.41,6.56,16708555,113061344.00
2012/01/12,6.51,6.58,6.47,6.51,11186793,75987728.00
2012/01/13,6.51,6.54,6.37,6.40,12103954,81086736.00
2012/01/16,6.33,6.41,6.26,6.29,9615825,63449680.00
2012/01/17,6.29,6.61,6.28,6.59,14763717,99890552.00
2012/01/18,6.53,6.74,6.47,6.50,14630950,100575120.00
2012/01/19,6.53,7.08,6.49,6.73,37598493,266464944.00
2012/01/30,6.64,6.72,6.54,6.56,10967494,75640960.00
2012/01/31,6.61,6.62,6.47,6.53,4824302,32745968.00
2012/02/01,6.53,6.58,6.39,6.41,5762718,38845632.00
2012/02/02,6.41,6.52,6.36,6.50,9515127,63725128.00
2012/02/03,6.45,6.62,6.45,6.56,12335703,83995264.00
2012/02/06,6.58,6.77,6.44,6.51,14849651,101051240.00
2012/02/07,6.44,6.46,6.15,6.23,17242387,112772840.00
2012/02/08,6.23,6.43,6.18,6.38,16198741,106752840.00
2012/02/09,6.35,6.48,6.34,6.44,11515171,77074728.00
2012/02/10,6.44,6.57,6.39,6.43,14566838,98181200.00
2012/02/13,6.39,6.53,6.32,6.43,14502795,97335968.00
2012/02/14,6.43,6.46,6.25,6.30,21403877,140898256.00
2012/02/15,6.28,6.52,6.27,6.43,30745240,206198384.00
2012/02/16,6.41,6.49,6.30,6.36,16809317,111992288.00
2012/02/17,6.41,6.45,6.35,6.42,10961218,73208368.00
2012/02/20,6.48,6.51,6.39,6.40,12802518,86141480.00
2012/02/21,6.42,6.43,6.31,6.42,9256094,61490384.00
2012/02/22,6.43,6.60,6.39,6.59,26132840,177158208.00
2012/02/23,6.58,6.67,6.53,6.59,18602888,127493352.00
2012/02/24,6.60,6.83,6.54,6.79,32774505,227891232.00
2012/02/27,6.80,7.16,6.76,6.99,61233577,445008960.00
2012/02/28,6.98,7.02,6.84,6.91,25275216,181464208.00
2012/02/29,6.86,6.93,6.74,6.74,17171466,121734064.00
2012/03/01,6.74,6.81,6.70,6.73,15888421,111765312.00
2012/03/02,6.74,6.84,6.74,6.83,17281513,122162344.00
2012/03/05,6.87,6.88,6.76,6.78,18255727,129183880.00
2012/03/06,6.78,6.78,6.63,6.64,13138015,91408256.00
2012/03/07,6.56,6.68,6.55,6.61,11005932,75809024.00
2012/03/08,6.57,6.72,6.57,6.67,11601664,80431272.00
2012/03/09,6.68,6.75,6.62,6.74,15206705,105473704.00
2012/03/12,6.73,6.74,6.59,6.65,16848459,116797208.00
2012/03/13,6.65,6.73,6.60,6.73,12821419,89088976.00
2012/03/14,6.79,6.84,6.45,6.50,23913981,166368256.00
2012/03/15,6.49,6.55,6.31,6.36,17527942,117491408.00
2012/03/16,6.40,6.47,6.30,6.46,13963310,92885520.00
2012/03/19,6.44,6.46,6.38,6.45,10424034,69796824.00
2012/03/20,6.37,6.42,6.22,6.27,12750065,83617904.00
2012/03/21,6.32,6.35,6.19,6.26,10442416,68240416.00
2012/03/22,6.26,6.30,6.23,6.27,7453871,48735640.00
2012/03/23,6.26,6.27,6.16,6.18,8632117,55816212.00
2012/03/26,6.18,6.22,6.12,6.13,9037444,58202448.00
2012/03/27,6.18,6.19,5.98,6.00,11968675,76129680.00
2012/03/28,5.95,6.04,5.72,5.73,19548104,119215936.00
2012/03/29,5.73,5.74,5.53,5.57,16418867,96850240.00
2012/03/30,5.53,5.66,5.53,5.61,7988064,47006136.00
2012/04/05,5.63,5.75,5.61,5.72,10464856,62363964.00
2012/04/06,5.72,5.73,5.65,5.69,9528953,56760668.00
2012/04/09,5.69,5.88,5.62,5.77,15511810,93474968.00
2012/04/10,5.71,5.79,5.67,5.79,8748528,52512220.00
2012/04/11,5.74,5.83,5.68,5.77,7225888,43471760.00
2012/04/12,5.78,5.90,5.77,5.89,10910973,66782364.00
2012/04/13,5.91,5.96,5.88,5.92,8587041,53249272.00
2012/04/16,5.92,5.96,5.83,5.90,12833785,79140632.00
2012/04/17,5.88,5.93,5.83,5.86,7541709,46351480.00
2012/04/18,5.84,6.01,5.84,5.99,9284029,57737444.00
2012/04/19,5.99,6.02,5.95,5.98,7971215,49884520.00
2012/04/27,6.06,6.25,6.03,6.08,27369270,175517584.00
2012/05/02,6.23,6.41,6.08,6.31,28906684,189149216.00
2012/05/03,6.35,6.62,6.35,6.44,45099237,304780224.00
2012/05/04,6.44,6.52,6.39,6.44,19725612,132882288.00
2012/05/07,6.46,6.58,6.30,6.42,29402582,196869152.00
2012/05/08,6.36,6.38,6.24,6.30,19113688,125598832.00
2012/05/09,6.23,6.26,6.13,6.18,17338545,111786056.00
2012/05/10,6.23,6.25,6.02,6.07,21215421,135522352.00
2012/05/11,6.08,6.09,5.96,6.01,12785002,80406608.00
2012/05/14,6.05,6.07,5.88,5.88,20239307,125473328.00
2012/05/15,5.83,5.83,5.74,5.81,14287084,86391560.00
2012/05/16,5.82,5.82,5.70,5.74,16980808,102167472.00
2012/05/17,5.74,5.94,5.66,5.92,23659008,144071088.00
2012/05/18,5.84,5.93,5.79,5.84,15992459,98081272.00
2012/05/21,5.85,5.88,5.71,5.77,11547270,69721360.00
2012/05/22,5.81,5.85,5.76,5.84,11773362,71433024.00
2012/05/23,5.81,5.85,5.75,5.80,12626727,76648304.00
2012/05/25,5.83,5.88,5.74,5.76,15857654,96396152.00
2012/05/28,5.75,5.85,5.60,5.81,32674323,194094016.00
2012/05/29,5.80,6.02,5.77,6.00,36229825,224385200.00
2012/05/30,5.97,6.03,5.91,5.96,17992511,112191120.00
2012/05/31,5.96,6.05,5.92,5.98,17568446,110161744.00
2012/06/01,6.02,6.11,6.00,6.04,14862952,93994000.00
2012/06/04,5.97,5.97,5.71,5.73,14922960,91003920.00
2012/06/05,5.72,6.13,5.72,5.95,24030946,149103840.00
2012/06/06,5.93,5.98,5.89,5.97,9856223,61148968.00
2012/06/07,6.01,6.03,5.90,5.94,9523063,59449084.00
2012/06/08,6.00,6.09,5.95,6.02,22027373,138378560.00
2012/06/11,6.00,6.00,5.82,5.94,12644764,78179088.00
2012/06/12,5.91,5.93,5.79,5.80,9328636,57019728.00
2012/06/13,5.82,5.92,5.74,5.88,11898643,73022848.00
2012/06/14,5.85,5.89,5.80,5.82,6699137,40901800.00
2012/06/15,5.84,5.85,5.77,5.78,7276674,44189628.00
2012/06/18,5.83,5.86,5.79,5.84,6403239,39057808.00
2012/06/19,5.83,5.84,5.78,5.83,4956309,30168328.00
2012/06/20,5.83,5.92,5.81,5.90,10923115,67096384.00
2012/06/21,5.91,5.95,5.80,5.83,14847536,91328840.00
2012/06/25,5.82,5.90,5.75,5.75,12525106,76345992.00
2012/06/27,5.77,5.91,5.73,5.73,18109210,110340576.00
2012/06/28,5.73,5.85,5.68,5.73,19462055,116892176.00
2012/06/29,5.73,5.93,5.68,5.88,24298664,147469248.00
2012/07/02,5.85,5.97,5.83,5.92,15596340,96505224.00
2012/07/03,5.93,5.98,5.90,5.93,15343994,95313832.00
2012/07/04,5.93,5.97,5.91,5.96,9886938,61406768.00
2012/07/05,5.92,5.96,5.80,5.84,14457836,88741208.00
2012/07/06,5.85,5.94,5.80,5.88,15936354,98015600.00
2012/07/09,5.86,6.02,5.85,5.93,24555416,152239088.00
2012/07/10,5.98,6.08,5.96,6.08,22778073,143351808.00
2012/07/11,6.07,6.09,5.97,6.06,15259642,96462056.00
2012/07/12,6.04,6.23,5.94,6.19,22178406,141437200.00
2012/07/13,6.15,6.25,6.12,6.16,14365449,92691944.00
2012/07/16,6.17,6.34,6.03,6.14,25809373,167323616.00
2012/07/17,6.17,6.24,6.09,6.19,9713356,61820408.00
2012/07/18,6.13,6.27,6.05,6.20,13839163,87367232.00
2012/07/19,6.21,6.38,6.11,6.34,19846882,128692760.00
2012/07/20,6.32,6.34,6.22,6.28,13971184,89917928.00
2012/07/23,6.17,6.22,6.12,6.17,7403848,46879184.00
2012/07/24,6.12,6.24,6.07,6.08,12509946,78563664.00
2012/07/25,6.09,6.12,5.84,5.91,14420641,88247816.00
2012/07/26,5.92,5.93,5.74,5.76,9967400,59743032.00
2012/07/27,5.78,5.85,5.77,5.84,6845163,40916280.00
2012/07/30,5.90,5.95,5.83,5.88,8082922,49003612.00
2012/07/31,5.84,5.94,5.82,5.89,6593118,39917140.00
2012/08/01,5.90,5.98,5.86,5.89,6338225,38567548.00
2012/08/02,5.89,5.92,5.66,5.78,9182462,54742360.00
2012/08/03,5.78,5.81,5.72,5.78,5013605,29691128.00
2012/08/06,5.78,5.81,5.53,5.70,35391964,205379120.00
2012/08/07,5.64,5.65,5.57,5.64,16906674,97507840.00
2012/08/08,5.64,5.64,5.58,5.61,13366284,77051688.00
2012/08/09,5.61,5.64,5.59,5.63,10220795,59030712.00
2012/08/10,5.62,5.66,5.56,5.61,9805881,56634136.00
2012/08/13,5.59,5.61,5.54,5.55,7238513,41532532.00
2012/08/14,5.56,5.58,5.33,5.43,15877021,88953560.00
2012/08/15,5.40,5.42,5.33,5.35,9161430,50477580.00
2012/08/16,5.36,5.36,5.22,5.26,12638825,68896256.00
2012/08/17,5.26,5.26,5.08,5.16,15778043,83770896.00
2012/08/20,5.10,5.11,5.01,5.04,15157349,78855656.00
2012/08/21,5.04,5.09,5.03,5.08,14356544,75090768.00
2012/08/22,5.08,5.08,4.92,4.93,15640646,80183264.00
2012/08/23,4.94,4.95,4.87,4.94,13817644,70209384.00
2012/08/24,4.89,4.93,4.84,4.86,11444698,57708424.00
2012/08/27,4.86,4.86,4.71,4.72,12602242,61905260.00
2012/08/28,4.71,4.76,4.63,4.73,11070615,53725708.00
2012/08/29,4.71,4.74,4.64,4.64,6110978,29627224.00
2012/08/30,4.66,4.69,4.61,4.67,6886435,33133928.00
2012/08/31,4.66,4.69,4.64,4.68,5044103,24350936.00
2012/09/03,4.66,4.67,4.56,4.64,11719436,56184192.00
2012/09/04,4.64,4.65,4.49,4.50,13378102,63265108.00
2012/09/05,4.51,4.52,4.36,4.37,16247628,74305672.00
2012/09/06,4.37,4.49,4.36,4.49,15210543,69851976.00
2012/09/07,4.51,4.89,4.51,4.81,41678775,203694496.00
2012/09/10,4.81,4.83,4.72,4.82,19037126,93943896.00
2012/09/11,4.77,4.79,4.70,4.79,12727768,62414252.00
2012/09/12,4.83,4.97,4.80,4.87,14987560,75291208.00
2012/09/13,4.86,4.88,4.79,4.83,11439454,57331992.00
2012/09/14,4.87,4.90,4.79,4.83,9732299,48610500.00
2012/09/17,4.84,4.84,4.66,4.67,9124071,44740976.00
2012/09/18,4.64,4.65,4.54,4.57,9893450,46891248.00
2012/09/19,4.56,4.61,4.53,4.55,8446807,39851948.00
2012/09/20,4.55,4.67,4.49,4.49,12514239,59131792.00
2012/09/21,4.48,4.74,4.45,4.66,22627503,109257272.00
2012/09/24,4.63,4.67,4.50,4.64,10251500,48743480.00
2012/09/25,4.65,4.68,4.56,4.58,5419742,25879382.00
2012/09/26,4.57,4.63,4.52,4.53,6324776,29932986.00
2012/09/27,4.54,4.89,4.53,4.76,19654250,96381840.00
2012/09/28,4.70,4.86,4.70,4.82,19358261,95862320.00
2012/10/08,4.85,4.92,4.77,4.81,11276982,56396640.00
2012/10/23,4.92,4.96,4.73,4.76,23357751,116331296.00
2012/10/24,4.74,4.86,4.72,4.84,17239536,85988784.00
2012/10/25,4.82,5.24,4.82,4.94,29823604,153929040.00
2012/10/26,4.93,4.96,4.75,4.88,18525454,92687424.00
2012/10/29,4.86,4.94,4.77,4.85,9586487,48071624.00
2012/10/30,4.85,5.08,4.85,4.90,14272667,72682816.00
2012/10/31,4.89,5.04,4.85,4.90,13471981,68323776.00
2012/11/01,4.93,4.96,4.88,4.95,16310757,83109336.00
2012/11/02,4.96,4.98,4.87,4.94,10438249,53104332.00
2012/11/05,4.94,5.01,4.92,4.97,11716633,60124128.00
2012/11/06,4.96,4.96,4.82,4.85,11979536,60171840.00
2012/11/07,4.84,4.87,4.80,4.81,7912852,39487004.00
2012/11/08,4.81,4.81,4.69,4.70,7675257,37749232.00
2012/11/09,4.67,4.72,4.59,4.66,7311184,35113580.00
2012/11/12,4.67,4.69,4.61,4.69,9911578,47758784.00
2012/11/13,4.70,4.72,4.55,4.58,9811901,46736516.00
2012/11/14,4.59,4.62,4.55,4.61,8788466,41793112.00
2012/11/15,4.57,4.59,4.51,4.53,4785441,22555648.00
2012/11/16,4.54,4.55,4.37,4.46,11879222,54731500.00
2012/11/19,4.45,4.45,4.34,4.41,7673221,34948420.00
2012/11/20,4.42,4.44,4.34,4.39,7547744,34281096.00
2012/11/21,4.40,4.48,4.37,4.47,7551716,34600596.00
2012/11/22,4.44,4.46,4.42,4.46,4570845,21032064.00
2012/11/23,4.47,4.51,4.43,4.49,6518319,30223550.00
2012/11/26,4.49,4.49,4.44,4.46,5907913,27310448.00
2012/11/27,4.44,4.47,4.37,4.38,6858720,31388064.00
2012/11/28,4.35,4.43,4.34,4.39,6231627,28322552.00
2012/11/29,4.40,4.56,4.39,4.53,11058630,51438180.00
2012/11/30,4.51,4.56,4.46,4.50,19672519,92178344.00
2012/12/03,4.50,4.55,4.48,4.49,6099614,28506696.00
2012/12/04,4.50,4.53,4.38,4.50,7415324,34166152.00
2012/12/05,4.51,4.79,4.46,4.75,22286027,107880208.00
2012/12/06,4.75,4.84,4.69,4.80,12634079,62138820.00
2012/12/07,4.78,4.94,4.75,4.87,15953411,80322240.00
2012/12/10,4.91,4.97,4.84,4.91,14259355,72245520.00
2012/12/11,4.91,4.91,4.84,4.86,9448007,47484244.00
2012/12/12,4.86,4.91,4.82,4.88,9038981,45317376.00
2012/12/13,4.88,4.92,4.85,4.87,9999795,50483368.00
2012/12/14,4.92,5.22,4.89,5.19,31316487,164226384.00
2012/12/17,5.19,5.51,5.19,5.45,36988623,205796544.00
2012/12/18,5.45,5.69,5.36,5.45,28987492,164835776.00
2012/12/19,5.45,5.52,5.33,5.41,15530591,86391648.00
2012/12/20,5.36,5.51,5.34,5.49,21957807,122825416.00
2012/12/21,5.49,5.67,5.44,5.45,15382135,88014088.00
2012/12/24,5.45,5.50,5.33,5.36,11970929,66707676.00
2012/12/25,5.36,5.60,5.32,5.55,23291597,131907104.00
2012/12/26,5.54,5.61,5.48,5.55,12253345,69692680.00
2012/12/27,5.57,5.63,5.51,5.61,13548567,77871496.00
2012/12/28,5.61,5.70,5.54,5.69,11992392,69192728.00
2012/12/31,5.69,5.85,5.64,5.84,17654080,104119248.00
2013/01/04,5.88,5.91,5.54,5.65,27060812,158217968.00
2013/01/07,5.65,5.69,5.48,5.57,19769979,112691368.00
2013/01/08,5.54,5.57,5.42,5.53,17292240,97916752.00
2013/01/09,5.50,5.56,5.45,5.52,16472381,93307800.00
2013/01/10,5.53,5.64,5.49,5.62,24046040,138063968.00
2013/01/11,5.61,5.73,5.47,5.51,21295167,123135984.00
2013/01/14,5.52,5.68,5.48,5.63,23653994,136433744.00
2013/01/15,5.64,5.69,5.56,5.63,43429538,251142368.00
2013/01/16,5.59,5.72,5.49,5.58,37849137,218248320.00
2013/01/17,5.52,5.60,5.47,5.51,21707091,123677656.00
2013/01/18,5.54,5.76,5.51,5.74,29272547,170256448.00
2013/01/21,5.75,6.03,5.74,5.89,49407959,299845024.00
2013/01/22,5.96,6.03,5.76,5.83,36552485,220749920.00
2013/01/23,5.76,5.91,5.75,5.88,21970490,132191528.00
2013/01/24,5.89,5.95,5.75,5.80,31196914,188298624.00
2013/01/25,5.77,5.87,5.70,5.77,18990691,112548152.00
2013/01/28,5.77,5.99,5.74,5.96,33613916,202755616.00
2013/01/29,5.98,5.98,5.78,5.84,25547173,153811296.00
2013/01/30,5.84,5.90,5.77,5.86,17247880,103322824.00
2013/01/31,5.86,5.99,5.75,5.80,34703988,208831584.00
2013/02/01,5.76,5.88,5.73,5.74,26835924,159370928.00
2013/02/04,5.76,5.83,5.72,5.82,19285793,114526768.00
2013/02/05,5.82,5.99,5.74,5.92,34357349,206940272.00
2013/02/06,5.92,5.97,5.88,5.89,14539436,88215904.00
2013/02/07,5.86,5.95,5.78,5.93,23496523,141802736.00
2013/02/08,5.93,5.95,5.87,5.90,16877927,102491424.00
2013/02/18,5.86,5.92,5.80,5.87,23587051,142445440.00
2013/02/19,5.86,5.91,5.75,5.78,15009072,90014512.00
2013/02/20,5.77,5.83,5.54,5.62,28166264,163798272.00
2013/02/21,5.57,5.58,5.36,5.39,37445464,209101632.00
2013/02/22,5.38,5.42,5.30,5.31,17037294,93838976.00
2013/02/25,5.31,5.38,5.29,5.35,12296180,67602200.00
2013/02/26,5.34,5.36,5.19,5.25,18418616,100809256.00
2013/02/27,5.23,5.32,5.12,5.20,18302096,97925712.00
2013/02/28,5.20,5.39,5.19,5.39,16011015,87700008.00
2013/03/01,5.39,5.39,5.22,5.35,15997485,87574120.00
2013/03/04,5.23,5.30,5.14,5.17,22239121,119587056.00
2013/03/05,5.19,5.40,5.19,5.37,19953797,109126976.00
2013/03/06,5.41,5.55,5.24,5.53,25612379,142228464.00
2013/03/07,5.47,5.54,5.35,5.45,22195071,124736680.00
2013/03/08,5.43,5.47,5.39,5.44,7702665,43062724.00
2013/03/11,5.42,5.44,5.31,5.35,12172685,67237144.00
2013/03/12,5.34,5.38,5.19,5.27,17003143,92254000.00
2013/03/13,5.27,5.27,5.11,5.14,13845625,73640592.00
2013/03/14,5.11,5.25,5.10,5.17,11360840,60920864.00
2013/03/15,5.27,5.53,5.27,5.51,39199597,219174640.00
2013/03/18,5.47,5.49,5.34,5.38,13069561,72944976.00
2013/03/19,5.45,5.46,5.37,5.41,9884202,55167648.00
2013/03/20,5.42,5.56,5.37,5.52,11830433,67100736.00
2013/03/21,5.55,5.61,5.53,5.60,14114401,81029920.00
2013/03/22,5.60,5.66,5.55,5.64,10712630,61907996.00
2013/03/25,5.67,5.71,5.63,5.68,12309564,71964792.00
2013/03/26,5.64,5.67,5.46,5.55,8371594,47772760.00
2013/03/27,5.57,5.67,5.54,5.63,11653238,67298592.00
2013/03/28,5.46,5.62,5.44,5.54,11145145,63381584.00
2013/03/29,5.58,5.58,5.39,5.40,6585165,37044840.00
2013/04/01,5.34,5.41,5.22,5.24,13570839,74248560.00
2013/04/02,5.24,5.36,5.20,5.30,8165377,44383816.00
2013/04/03,5.33,5.33,5.13,5.17,14837358,79525496.00
2013/04/08,4.84,5.04,4.72,4.99,31213028,156771056.00
2013/04/09,4.99,5.11,4.95,5.03,10694318,55690672.00
2013/04/10,5.02,5.06,4.99,5.00,5801801,30009914.00
2013/04/11,5.06,5.09,5.00,5.01,8110262,42161500.00
2013/04/12,5.01,5.04,4.90,4.96,11111854,56652780.00
2013/04/15,4.93,4.99,4.86,4.97,7748941,39450216.00
2013/04/16,4.97,5.08,4.88,5.05,14713985,75773248.00
2013/04/17,5.04,5.15,5.00,5.15,17262903,90727176.00
2013/04/18,5.12,5.29,5.11,5.28,14300577,77377496.00
2013/04/19,5.26,5.37,5.25,5.35,13584743,74604552.00
2013/04/22,5.28,5.35,5.22,5.31,13726851,74610048.00
2013/04/23,5.31,5.31,5.09,5.12,14406045,76591544.00
2013/04/24,5.12,5.23,5.12,5.23,10735209,57173372.00
2013/04/25,5.26,5.26,5.13,5.15,7487076,39966684.00
2013/04/26,5.17,5.21,5.04,5.07,5166291,27123900.00
2013/05/02,5.04,5.14,5.01,5.10,5911404,30952734.00
2013/05/03,5.14,5.30,5.11,5.24,10537779,56981780.00
2013/05/06,5.23,5.34,5.22,5.32,7001350,38317348.00
2013/05/07,5.26,5.28,5.19,5.27,6263599,33836128.00
2013/05/08,5.34,5.39,5.31,5.35,7839575,43258092.00
2013/05/09,5.39,5.39,5.23,5.27,6219147,33899432.00
2013/05/10,5.24,5.35,5.24,5.31,8340890,45655120.00
2013/05/13,5.31,5.35,5.28,5.32,5561229,30432864.00
2013/05/14,5.31,5.36,5.15,5.18,7204369,38833612.00
2013/05/15,5.21,5.21,5.15,5.18,6404585,34147272.00
2013/05/16,5.14,5.29,5.14,5.22,5752013,30842800.00
2013/05/17,5.22,5.38,5.18,5.36,10040805,54759748.00
2013/05/20,5.37,5.42,5.31,5.37,8095552,44746688.00
2013/05/21,5.36,5.39,5.32,5.38,6354766,35063296.00
2013/05/22,5.38,5.40,5.32,5.35,6106637,33702768.00
2013/05/23,5.31,5.34,5.24,5.25,8528874,46451492.00
2013/05/24,5.29,5.32,5.22,5.27,5463839,29696528.00
2013/05/27,5.28,5.30,5.23,5.27,5679385,30755700.00
2013/05/28,5.28,5.37,5.21,5.35,16179095,88397136.00
2013/05/29,5.37,5.39,5.30,5.32,14499303,79726936.00
2013/05/30,5.32,5.36,5.27,5.30,8670073,47480984.00
2013/05/31,5.32,5.33,5.13,5.15,16510349,88748192.00
2013/06/03,5.17,5.21,5.11,5.15,10523322,56078880.00
2013/06/04,5.17,5.17,5.11,5.15,9656927,51135740.00
2013/06/05,5.14,5.15,5.10,5.11,4681637,24726568.00
2013/06/06,5.10,5.12,5.01,5.06,7936807,41445584.00
2013/06/07,5.06,5.07,4.89,4.95,10750833,55477604.00
2013/06/13,4.89,4.91,4.66,4.72,15101735,74011848.00
2013/06/14,4.71,4.75,4.69,4.72,9676599,47192096.00
2013/06/17,4.73,4.78,4.69,4.69,8291163,40396220.00
2013/06/18,4.70,4.73,4.60,4.65,10188294,48962012.00
2013/06/19,4.64,4.64,4.45,4.59,7435523,35013624.00
2013/06/20,4.55,4.55,4.40,4.43,9750334,45115816.00
2013/06/21,4.37,4.42,4.31,4.37,9586677,43433816.00
2013/06/24,4.36,4.37,4.06,4.07,15895393,69333384.00
2013/06/25,4.07,4.11,3.84,4.04,23045931,95906856.00
2013/06/26,4.04,4.04,3.92,4.00,16855844,69673512.00
2013/06/27,4.02,4.09,4.00,4.03,14964238,63016288.00
2013/06/28,4.02,4.16,3.99,4.08,17359501,73795440.00
2013/07/01,4.09,4.11,3.93,3.99,16332058,67657000.00
2013/07/02,3.99,3.99,3.89,3.94,16572816,67747192.00
2013/07/03,3.92,3.93,3.85,3.88,8268269,33393512.00
2013/07/04,3.90,4.06,3.85,3.97,13192081,54161736.00
2013/07/05,3.99,4.01,3.92,3.93,10596081,43604976.00
2013/07/08,3.88,3.89,3.76,3.77,16119577,63839684.00
2013/07/09,3.75,3.82,3.74,3.78,9405314,37123920.00
2013/07/10,3.82,3.88,3.78,3.87,13005461,51129772.00
2013/07/11,3.88,4.09,3.86,4.03,27007539,110353072.00
2013/07/12,4.03,4.04,3.90,3.94,21308130,86790288.00
2013/07/15,3.96,4.03,3.92,3.98,26131207,106152688.00
2013/07/16,3.98,3.98,3.87,3.94,17821018,71560584.00
2013/07/17,3.93,3.97,3.88,3.89,17591372,70611408.00
2013/07/18,3.87,3.89,3.83,3.83,14076017,55545240.00
2013/07/19,3.84,3.85,3.75,3.76,14691975,57461044.00
2013/07/22,3.75,3.78,3.71,3.75,9510908,36491680.00
2013/07/23,3.76,3.87,3.74,3.87,14419535,56704900.00
2013/07/24,3.86,3.87,3.66,3.76,22991351,88911512.00
2013/07/25,3.76,3.80,3.71,3.74,21912659,84173952.00
2013/07/26,3.73,3.77,3.70,3.74,11939069,45767116.00
2013/07/29,3.72,3.73,3.64,3.66,10477392,39639952.00
2013/07/30,3.66,3.76,3.65,3.73,11217978,42809104.00
2013/07/31,3.74,3.76,3.72,3.74,7923645,30465920.00
2013/08/01,3.76,3.80,3.73,3.79,11140907,43162320.00
2013/08/02,3.80,3.81,3.74,3.77,10869717,42078504.00
2013/08/05,3.77,3.81,3.73,3.80,12952869,50184576.00
2013/08/06,3.78,3.83,3.75,3.82,11687805,45452980.00
2013/08/07,3.79,3.84,3.77,3.80,14042291,54864788.00
2013/08/08,3.80,3.82,3.76,3.78,9056508,35189192.00
2013/08/09,3.80,3.82,3.75,3.79,12382252,48051044.00
2013/08/12,3.79,3.94,3.78,3.92,25409527,100742032.00
2013/08/13,3.96,4.09,3.93,4.07,49034409,202805376.00
2013/08/14,4.04,4.11,4.03,4.05,18850104,78486496.00
2013/08/15,4.06,4.09,3.99,4.04,18184975,75290544.00
2013/08/16,4.04,4.45,4.00,4.01,27940122,117218632.00
2013/08/19,3.98,4.07,3.96,4.04,12043869,49557368.00
2013/08/20,4.04,4.06,3.86,3.90,21110251,85425832.00
2013/08/21,3.90,3.91,3.84,3.88,12606519,50079736.00
2013/08/22,3.88,3.91,3.79,3.83,12292931,48713056.00
2013/08/23,3.83,3.87,3.78,3.85,12502422,49120264.00
2013/08/26,3.82,3.93,3.82,3.92,12627466,50479032.00
2013/08/27,3.90,4.13,3.89,4.00,31428804,129656632.00
2013/08/28,3.97,4.14,3.91,4.05,37490615,154375552.00
2013/08/29,4.03,4.03,3.96,3.98,14968392,61250808.00
2013/08/30,3.98,4.10,3.97,4.05,29899862,124064032.00
2013/09/02,4.06,4.12,3.95,4.02,18501230,76110352.00
2013/09/03,4.02,4.06,3.98,4.05,16670035,68740400.00
2013/09/04,4.04,4.08,3.98,4.00,24472791,100481136.00
2013/09/05,4.00,4.01,3.89,3.91,22406724,90453544.00
2013/09/06,3.90,3.98,3.89,3.96,15767119,63843032.00
2013/09/09,3.94,4.14,3.94,4.10,55231255,230217376.00
2013/09/10,4.11,4.43,4.08,4.29,76577291,335745632.00
2013/09/11,4.30,4.55,4.26,4.35,84131297,376404160.00
2013/09/12,4.35,4.43,4.30,4.33,36665935,163155840.00
2013/09/13,4.40,4.51,4.29,4.34,48670891,218531632.00
2013/09/16,4.32,4.32,4.17,4.19,31729916,136889200.00
2013/09/17,4.20,4.20,4.05,4.07,28720139,120819496.00
2013/09/18,4.07,4.12,4.02,4.03,34226362,142549696.00
2013/09/23,4.05,4.10,4.01,4.09,38726893,160728032.00
2013/09/24,4.08,4.09,3.98,4.03,26734435,110380464.00
2013/09/25,4.05,4.06,3.96,3.98,33803266,138929888.00
2013/09/26,3.97,3.98,3.88,3.89,28442072,114394344.00
2013/09/27,3.89,3.92,3.89,3.92,14166009,56750804.00
2013/09/30,3.94,3.96,3.93,3.94,11079088,44759440.00
2013/10/08,3.92,3.96,3.87,3.96,16760078,67472288.00
2013/10/09,3.94,3.97,3.89,3.96,20267671,81648072.00
2013/10/10,3.97,3.98,3.90,3.93,22093624,88932264.00
2013/10/11,3.94,4.04,3.93,4.01,27878903,114030280.00
2013/10/14,4.01,4.03,3.98,4.01,21110773,86624128.00
2013/10/15,4.01,4.03,3.96,3.99,18645192,76226480.00
2013/10/16,3.98,3.98,3.91,3.93,19188362,77482600.00
2013/10/17,3.92,3.97,3.91,3.92,13089858,52762336.00
2013/10/18,3.93,3.94,3.90,3.91,16916328,67977400.00
2013/10/21,3.93,3.94,3.88,3.94,20835163,83595592.00
2013/10/22,3.93,3.96,3.91,3.94,20222930,81570224.00
2013/10/23,3.93,4.02,3.90,3.91,19213802,77858136.00
2013/10/24,3.91,3.92,3.88,3.89,14173344,56660408.00
2013/10/25,3.90,3.91,3.80,3.82,24913380,97998752.00
2013/10/28,3.82,3.84,3.78,3.82,10827255,42358664.00
2013/10/29,3.82,3.87,3.74,3.79,20615735,80386744.00
2013/10/30,3.80,3.88,3.78,3.87,19166461,75629392.00
2013/10/31,3.84,3.86,3.82,3.84,14772183,58138836.00
2013/11/01,3.83,3.86,3.82,3.86,8575024,33832044.00
2013/11/04,3.88,3.89,3.81,3.83,9307335,36738896.00
2013/11/05,3.81,3.84,3.78,3.83,9959267,38959336.00
2013/11/06,3.83,3.84,3.80,3.81,9221152,36153916.00
2013/11/07,3.81,3.82,3.79,3.81,7985978,31203756.00
2013/11/08,3.80,3.81,3.77,3.78,9278480,36063024.00
2013/11/11,3.78,3.79,3.74,3.77,7849841,30361662.00
2013/11/12,3.78,3.81,3.77,3.80,6615223,25703942.00
2013/11/13,3.79,3.79,3.74,3.76,10818730,41792272.00
2013/11/14,3.76,3.80,3.74,3.77,7149699,27651604.00
2013/11/15,3.79,3.87,3.78,3.82,18048778,71056736.00
2013/11/18,3.84,3.91,3.82,3.91,24238567,96213472.00
2013/11/19,3.91,3.93,3.87,3.88,19203136,76681440.00
2013/11/20,3.89,4.04,3.88,4.02,44931261,182938288.00
2013/11/21,4.00,4.18,3.99,4.11,68149490,286013376.00
2013/11/22,4.14,4.16,4.04,4.05,33040795,138514304.00
2013/11/25,4.03,4.09,4.00,4.01,21165101,87578512.00
2013/11/26,4.01,4.06,3.99,4.02,19888750,82288320.00
2013/11/27,4.03,4.07,4.00,4.05,17549689,72575008.00
2013/11/28,4.06,4.13,4.04,4.07,20955470,87613352.00
2013/11/29,4.08,4.14,4.07,4.09,22980146,96576704.00
2013/12/02,4.06,4.10,3.97,4.03,27266256,113036080.00
2013/12/03,4.03,4.05,3.98,4.04,14808970,60912428.00
2013/12/04,4.03,4.21,4.01,4.17,39130252,166712496.00
2013/12/05,4.17,4.17,4.09,4.11,23671678,99956936.00
2013/12/06,4.10,4.12,4.04,4.09,19266815,80533440.00
2013/12/09,4.10,4.12,4.05,4.06,11590291,48356888.00
2013/12/10,4.06,4.10,4.03,4.05,13371469,55567592.00
2013/12/11,4.03,4.04,3.94,3.96,19712614,80410856.00
2013/12/12,3.95,3.99,3.94,3.97,9622497,39081900.00
2013/12/13,3.92,3.97,3.90,3.97,11431279,46304580.00
2013/12/16,3.97,3.98,3.85,3.89,17292027,69355232.00
2013/12/17,3.89,3.90,3.86,3.88,8389214,33392978.00
2013/12/18,3.88,3.89,3.86,3.89,8344770,33211252.00
2013/12/19,3.89,3.91,3.85,3.86,8957176,35607048.00
2013/12/20,3.87,3.87,3.78,3.79,14359092,56093072.00
2013/12/23,3.80,3.81,3.75,3.78,8135660,31597284.00
2013/12/24,3.82,3.85,3.80,3.82,7785734,30547482.00
2013/12/25,3.83,3.84,3.79,3.83,5809759,22768102.00
2013/12/26,3.81,3.82,3.76,3.77,6656701,25886540.00
2013/12/27,3.78,3.85,3.73,3.84,13601260,52892256.00
2013/12/30,3.84,3.85,3.81,3.82,7235816,28406504.00
2013/12/31,3.80,3.86,3.78,3.85,12745752,50047404.00
2014/01/02,3.84,3.85,3.81,3.83,7585375,29804666.00
2014/01/03,3.81,3.82,3.76,3.78,8782098,34071908.00
2014/01/06,3.77,3.77,3.69,3.72,12474590,47593912.00
2014/01/07,3.70,3.73,3.68,3.71,5107651,19454868.00
2014/01/08,3.72,3.75,3.68,3.70,8266673,31427624.00
2014/01/09,3.70,3.72,3.65,3.65,7499379,28378550.00
2014/01/10,3.65,3.66,3.61,3.64,7856847,29330676.00
2014/01/13,3.64,3.67,3.61,3.63,6018908,22474724.00
2014/01/14,3.62,3.67,3.61,3.65,8309259,31075380.00
2014/01/15,3.64,3.67,3.62,3.65,5271306,19725432.00
2014/01/16,3.65,3.67,3.62,3.66,5919737,22200516.00
2014/01/17,3.66,3.66,3.61,3.62,6367971,23701024.00
2014/01/20,3.62,3.63,3.60,3.63,4879978,18136072.00
2014/01/21,3.64,3.69,3.62,3.66,7540730,28363664.00
2014/01/22,3.67,3.74,3.65,3.73,11596325,44133880.00
2014/01/23,3.72,3.73,3.69,3.71,8173216,31098320.00
2014/01/24,3.68,3.74,3.65,3.71,9801060,37332532.00
2014/01/27,3.69,3.69,3.65,3.66,9854378,37100088.00
2014/01/28,3.66,3.69,3.64,3.69,10143414,38201352.00
2014/01/29,3.69,3.71,3.64,3.65,11136481,41971972.00
2014/01/30,3.65,3.67,3.62,3.63,7998269,29953180.00
2014/02/07,3.61,3.65,3.59,3.64,5795804,21569108.00
2014/02/10,3.64,3.72,3.63,3.71,12475351,47349844.00
2014/02/11,3.70,3.75,3.69,3.74,12921415,49358964.00
2014/02/12,3.72,3.75,3.71,3.73,9740036,37292700.00
2014/02/13,3.72,3.79,3.70,3.73,23194044,89373704.00
2014/02/14,3.73,3.80,3.73,3.78,14427837,55880684.00
2014/02/17,3.79,3.81,3.75,3.79,10572171,40987180.00
2014/02/18,3.78,3.81,3.71,3.73,14062151,54062408.00
2014/02/19,3.72,3.84,3.71,3.80,24327902,94830704.00
2014/02/20,3.77,3.82,3.75,3.75,16384133,63545804.00
2014/02/21,3.77,3.80,3.70,3.72,14002541,53876168.00
2014/02/24,3.71,3.71,3.62,3.64,12279304,45964352.00
2014/02/25,3.64,3.65,3.58,3.59,13098070,48709260.00
2014/02/26,3.60,3.60,3.55,3.58,11065440,40636600.00
2014/02/27,3.59,3.59,3.53,3.56,14749305,54031168.00
2014/02/28,3.55,3.60,3.53,3.59,9099436,33361772.00
2014/03/03,3.58,3.65,3.56,3.61,12395499,46005116.00
2014/03/04,3.61,3.61,3.55,3.59,8772498,32247868.00
2014/03/05,3.58,3.60,3.54,3.55,7489894,27474276.00
2014/03/06,3.56,3.57,3.52,3.55,7343093,26743300.00
2014/03/07,3.54,3.58,3.54,3.54,7160605,26160474.00
2014/03/10,3.49,3.49,3.35,3.36,24754752,86917640.00
2014/03/11,3.36,3.39,3.33,3.39,9802352,33937904.00
2014/03/12,3.39,3.42,3.36,3.39,6638453,23123224.00
2014/03/13,3.39,3.43,3.38,3.42,6661648,23372976.00
2014/03/14,3.40,3.41,3.37,3.40,5282074,18417352.00
2014/03/17,3.41,3.48,3.38,3.44,7085756,24971960.00
2014/03/18,3.43,3.44,3.39,3.41,7649624,26851100.00
2014/03/19,3.40,3.40,3.33,3.37,10533445,36402016.00
2014/03/20,3.36,3.38,3.33,3.34,9124258,31562464.00
2014/03/21,3.31,3.42,3.31,3.41,16133271,55906304.00
2014/03/24,3.41,3.48,3.38,3.48,23876092,84287784.00
2014/03/25,3.48,3.50,3.43,3.46,22546909,80285480.00
2014/03/26,3.44,3.47,3.41,3.43,21777543,76955320.00
2014/03/27,3.42,3.45,3.34,3.41,30394632,106486624.00
2014/03/28,3.41,3.41,3.36,3.37,14484277,50498416.00
2014/03/31,3.37,3.37,3.32,3.34,14741699,50854016.00
2014/04/01,3.34,3.38,3.33,3.36,10011023,34594420.00
2014/04/02,3.36,3.41,3.35,3.40,11999943,41841008.00
2014/04/03,3.43,3.43,3.37,3.37,8128888,28452382.00
2014/04/04,3.36,3.39,3.35,3.38,7991474,27745790.00
2014/04/08,3.36,3.43,3.36,3.41,19622593,68719968.00
2014/04/09,3.43,3.44,3.40,3.43,17287906,60823812.00
2014/04/10,3.44,3.55,3.42,3.51,52503527,188300896.00
2014/04/11,3.52,3.54,3.44,3.47,33982297,121281776.00
2014/04/14,3.46,3.47,3.42,3.46,9579050,33962764.00
2014/04/15,3.45,3.45,3.41,3.42,16511011,58198512.00
2014/04/16,3.40,3.43,3.39,3.40,10242031,35926216.00
2014/04/17,3.40,3.42,3.39,3.41,8784471,30782164.00
2014/04/18,3.39,3.40,3.37,3.38,12845483,44706784.00
2014/04/21,3.37,3.39,3.35,3.35,10162843,35260972.00
2014/04/22,3.34,3.35,3.30,3.31,18153417,62079308.00
2014/04/23,3.31,3.33,3.30,3.32,7193581,24563242.00
2014/04/24,3.32,3.33,3.31,3.33,8351285,28542260.00
2014/04/25,3.33,3.33,3.25,3.26,21368646,71946208.00
2014/04/28,3.25,3.25,3.20,3.22,17344911,57604416.00
2014/04/29,3.23,3.24,3.19,3.23,6530401,21681424.00
2014/04/30,3.23,3.24,3.21,3.21,8553799,28381372.00
2014/05/05,3.21,3.22,3.18,3.21,7933844,26132892.00
2014/05/06,3.21,3.24,3.19,3.22,9304615,30841532.00
2014/05/07,3.22,3.22,3.18,3.19,7771643,25626036.00
2014/05/08,3.20,3.23,3.18,3.20,9246403,30599834.00
2014/05/09,3.20,3.21,3.18,3.19,8087736,26599828.00
2014/05/12,3.21,3.31,3.18,3.30,31656266,106597704.00
2014/05/13,3.29,3.29,3.25,3.26,12780585,43023400.00
2014/05/14,3.26,3.28,3.25,3.27,7423856,24997488.00
2014/05/15,3.27,3.28,3.22,3.23,6854945,22959214.00
2014/05/16,3.24,3.24,3.20,3.23,5941361,19718924.00
2014/05/19,3.22,3.22,3.18,3.19,5571366,18379186.00
2014/05/20,3.21,3.22,3.18,3.20,7815772,25797064.00
2014/05/21,3.19,3.22,3.16,3.22,10841237,35711428.00
2014/05/22,3.22,3.25,3.19,3.20,8575573,28483524.00
2014/05/23,3.19,3.22,3.18,3.21,4964660,16375401.00
2014/05/26,3.21,3.23,3.21,3.23,4833314,16042319.00
2014/05/27,3.22,3.24,3.20,3.21,5838394,19379802.00
2014/05/28,3.21,3.22,3.18,3.22,9917824,32728308.00
2014/05/29,3.22,3.23,3.19,3.20,8323300,27543312.00
2014/05/30,3.19,3.21,3.18,3.18,9898363,32618008.00
2014/06/03,3.20,3.20,3.17,3.17,9588805,31501524.00
2014/06/04,3.18,3.19,3.13,3.15,11416026,37187220.00
2014/06/05,3.14,3.17,3.13,3.16,8840101,28686244.00
2014/06/06,3.16,3.18,3.14,3.17,9150403,29782652.00
2014/06/09,3.16,3.18,3.14,3.16,9810102,32000528.00
2014/06/10,3.17,3.21,3.14,3.21,13609124,44691164.00
2014/06/11,3.21,3.27,3.19,3.23,23228383,77625456.00
2014/06/12,3.22,3.23,3.19,3.21,7748864,25601166.00
2014/06/13,3.20,3.24,3.19,3.22,10291198,34150256.00
2014/06/16,3.23,3.24,3.21,3.23,9031410,30065392.00
2014/06/17,3.22,3.23,3.19,3.20,6028471,19937616.00
2014/06/18,3.19,3.21,3.18,3.18,5906224,19428152.00
2014/06/19,3.18,3.19,3.12,3.14,11426189,37143864.00
2014/06/20,3.14,3.15,3.11,3.14,10586368,34160000.00
2014/06/23,3.14,3.15,3.13,3.13,9278626,30056096.00
2014/06/24,3.13,3.16,3.12,3.16,9442472,30549674.00
2014/06/25,3.15,3.15,3.12,3.14,5172835,16738581.00
2014/06/26,3.14,3.17,3.13,3.15,7038087,22895300.00
2014/06/27,3.15,3.19,3.14,3.16,11633320,37976448.00
2014/06/30,3.16,3.20,3.16,3.19,8600580,28223744.00
2014/07/01,3.18,3.20,3.17,3.18,9473947,31104264.00
2014/07/02,3.18,3.21,3.17,3.20,9077995,29874792.00
2014/07/03,3.20,3.30,3.18,3.25,27361465,91759336.00
2014/07/04,3.24,3.25,3.22,3.22,10386671,34652356.00
2014/07/07,3.21,3.22,3.19,3.20,7190140,23741314.00
2014/07/08,3.21,3.28,3.19,3.25,18010725,60334692.00
2014/07/09,3.25,3.25,3.20,3.20,8887604,29569234.00
2014/07/10,3.20,3.23,3.19,3.22,5907366,19560700.00
2014/07/11,3.21,3.24,3.20,3.24,12537066,41637020.00
2014/07/14,3.24,3.27,3.22,3.26,11702401,39102428.00
2014/07/15,3.28,3.33,3.25,3.28,18671853,62106904.00
2014/07/16,3.28,3.37,3.27,3.31,29318787,99059232.00
2014/07/17,3.31,3.32,3.27,3.28,12301521,41048256.00
2014/07/18,3.25,3.32,3.23,3.30,17383356,57999664.00
2014/07/21,3.30,3.32,3.28,3.32,10871978,36459092.00
2014/07/22,3.32,3.36,3.30,3.34,16974113,57610056.00
2014/07/23,3.34,3.36,3.31,3.33,13247705,44778840.00
2014/07/24,3.33,3.43,3.32,3.38,28918308,99117784.00
2014/07/25,3.40,3.41,3.37,3.40,15345711,52776852.00
2014/07/28,3.40,3.55,3.40,3.54,62428323,221279968.00
2014/07/29,3.53,3.54,3.50,3.52,20049189,71499568.00
2014/07/30,3.50,3.59,3.49,3.55,31952713,114679904.00
2014/07/31,3.54,3.57,3.51,3.56,19302719,69152944.00
2014/08/01,3.55,3.57,3.48,3.49,28170462,100737440.00
2014/08/04,3.49,3.63,3.48,3.62,36442248,131436416.00
2014/08/05,3.61,3.65,3.57,3.60,26644500,97436760.00
2014/08/06,3.59,3.67,3.54,3.65,33157643,121616784.00
2014/08/07,3.66,3.68,3.56,3.57,24998261,91590304.00
2014/08/08,3.56,3.59,3.55,3.56,13087155,47337640.00
2014/08/11,3.57,3.65,3.56,3.64,23885063,87572944.00
2014/08/12,3.62,3.64,3.60,3.64,12188398,44714628.00
2014/08/13,3.64,3.64,3.54,3.59,31288819,113627320.00
2014/08/14,3.58,3.62,3.53,3.54,22124570,80235648.00
2014/08/15,3.55,3.59,3.54,3.59,21808040,78953280.00
2014/08/18,3.58,3.61,3.54,3.57,32446193,117419352.00
2014/08/19,3.57,3.60,3.54,3.59,29705477,107377232.00
2014/08/20,3.59,3.60,3.56,3.59,15005279,54438892.00
2014/08/21,3.58,3.58,3.53,3.56,24433950,87973632.00
2014/08/22,3.56,3.57,3.54,3.56,11431478,41238616.00
2014/08/25,3.57,3.83,3.51,3.67,68839957,255772992.00
2014/08/26,3.62,3.63,3.53,3.53,41780500,151333184.00
2014/08/27,3.52,3.54,3.50,3.51,15766099,56258568.00
2014/08/28,3.51,3.52,3.47,3.50,14623459,51849476.00
2014/08/29,3.50,3.52,3.48,3.52,9407349,33361308.00
2014/09/01,3.52,3.54,3.50,3.53,12212562,43614744.00
2014/09/02,3.54,3.59,3.53,3.58,27720821,100103328.00
2014/09/03,3.59,3.63,3.58,3.61,32830392,120073984.00
2014/09/04,3.63,3.65,3.60,3.65,28881712,106331400.00
2014/09/05,3.66,3.72,3.63,3.68,40146264,149827472.00
2014/09/09,3.71,3.78,3.68,3.75,70074723,264712656.00
2014/09/10,3.72,3.80,3.69,3.74,30779369,116733264.00
2014/09/11,3.74,3.77,3.67,3.70,27395757,103218264.00
2014/09/12,3.69,3.81,3.67,3.78,47255443,180241328.00
2014/09/15,3.77,3.91,3.75,3.86,60730863,237207552.00
2014/09/16,3.87,3.97,3.78,3.79,83280688,328504896.00
2014/09/17,3.79,3.83,3.73,3.79,32307741,123874720.00
2014/09/18,3.77,3.86,3.76,3.79,28846274,111138576.00
2014/09/19,3.79,3.86,3.77,3.83,26026669,100558560.00
2014/09/22,3.82,3.82,3.71,3.74,21959634,83628656.00
2014/09/23,3.73,3.77,3.72,3.76,11979223,45482412.00
2014/09/24,3.75,3.82,3.73,3.81,20227854,77674016.00
2014/09/25,3.83,3.95,3.82,3.87,41116445,161608064.00
2014/09/26,3.85,4.00,3.84,3.95,42812812,170303936.00
2014/09/29,3.95,3.99,3.90,3.94,48963578,195333920.00
2014/09/30,3.99,4.05,3.91,3.94,59263113,238266080.00
2014/10/08,3.94,3.95,3.86,3.93,27865393,110277896.00
2014/10/09,3.93,3.95,3.89,3.92,20189747,80088712.00
2014/10/10,3.90,3.98,3.90,3.95,39609184,158112944.00
2014/10/13,3.93,3.93,3.86,3.92,20414211,80521576.00
2014/10/14,3.88,3.94,3.85,3.88,18388799,72625320.00
2014/10/15,3.89,4.27,3.89,4.27,148481992,638015296.00
2014/10/16,4.26,4.62,4.20,4.36,214877726,951791680.00
2014/10/17,4.27,4.34,4.15,4.23,94711039,404798208.00
2014/10/20,4.17,4.22,4.09,4.19,80891960,339115360.00
2014/10/21,4.16,4.24,4.10,4.17,52901429,223380240.00
2014/10/22,4.15,4.21,4.12,4.14,40716916,171185408.00
2014/10/23,4.14,4.17,4.01,4.02,44056247,181564432.00
2014/10/24,4.00,4.04,3.94,3.96,28619834,115593520.00
2014/10/27,3.95,4.06,3.89,4.02,35457410,143153680.00
2014/10/28,4.05,4.17,4.03,4.15,47316982,196825920.00
2014/10/29,4.17,4.43,4.13,4.31,125496683,545456640.00
2014/10/30,4.25,4.56,4.15,4.42,137221308,606614784.00
2014/10/31,4.37,4.50,4.32,4.37,87238058,388343904.00
2014/11/03,4.37,4.75,4.36,4.58,146710228,677584832.00
2014/11/04,4.59,4.81,4.51,4.61,107605962,505076704.00
2014/11/05,4.69,4.73,4.51,4.57,68467427,317351040.00
2014/11/06,4.53,4.56,4.41,4.49,57376448,259220560.00
2014/11/07,4.52,4.68,4.48,4.52,84882040,392532960.00
2014/11/10,4.54,4.74,4.49,4.71,99218901,464614368.00
2014/11/11,4.74,5.00,4.53,4.67,143386993,690584704.00
2014/11/12,4.66,4.91,4.60,4.83,92135197,446856512.00
2014/11/13,4.85,5.03,4.83,4.98,93939059,468179872.00
2014/11/14,5.13,5.17,4.89,4.93,89589573,451716832.00
2014/11/17,4.96,4.98,4.69,4.81,52615858,256423648.00
2014/11/18,4.81,4.81,4.63,4.71,47089444,223907808.00
2014/11/19,4.72,4.82,4.71,4.76,34109014,164361104.00
2014/11/20,4.75,4.76,4.64,4.71,18888657,89702200.00
2014/11/21,4.67,4.78,4.59,4.77,54907132,260014000.00
2014/11/24,4.81,4.99,4.72,4.90,95410887,468952448.00
2014/11/25,4.89,5.02,4.83,4.94,79968136,399113888.00
2014/11/26,4.97,4.99,4.83,4.91,66614343,330518880.00
2014/11/27,4.94,5.08,4.88,5.06,78808951,394129440.00
2014/11/28,5.46,5.57,5.41,5.57,224929688,1257968768.00
2014/12/01,5.80,6.13,5.80,6.13,212111030,1292297856.00
2014/12/02,5.95,6.51,5.75,6.27,218839953,1337879552.00
2014/12/03,6.23,6.45,5.96,6.12,170187423,1059168896.00
2014/12/04,6.08,6.34,5.96,6.28,122222926,760010304.00
2014/12/05,6.30,6.47,5.99,6.09,150382155,937371392.00
2014/12/08,6.13,6.42,6.10,6.29,159426437,1004275392.00
2014/12/09,6.65,6.81,5.96,6.10,213310507,1399471872.00
2014/12/10,6.02,6.31,5.82,6.28,128565927,785112640.00
2014/12/11,6.63,6.91,6.50,6.91,136186162,925824256.00
2014/12/12,7.33,7.40,6.80,7.04,203119686,1442638208.00
2014/12/15,7.27,7.33,6.89,7.01,129528714,921421440.00
2014/12/16,7.20,7.30,6.93,7.24,158084850,1133005696.00
2014/12/17,7.25,7.81,7.05,7.61,208523421,1573479936.00
2014/12/18,7.34,7.94,7.26,7.68,189361003,1456509568.00
2014/12/19,7.61,8.45,7.61,8.45,258935411,2156238080.00
2014/12/22,8.30,8.46,7.80,7.93,246090718,2004633728.00
2014/12/23,8.12,8.22,7.41,7.50,142424749,1129139456.00
2014/12/24,7.33,7.42,6.90,7.04,179964952,1286874496.00
2014/12/25,7.15,7.50,7.00,7.49,131118705,955139584.00
2014/12/26,7.53,7.94,7.26,7.75,152014244,1171100928.00
2014/12/29,7.73,8.05,7.61,7.78,146006051,1143076736.00
2014/12/30,7.89,7.99,7.57,7.76,110445612,861387584.00
2014/12/31,7.67,7.87,7.57,7.79,96096254,747777344.00
2015/01/05,7.93,8.57,7.93,8.57,231611758,1954000896.00
2015/01/06,8.95,9.30,8.61,8.93,226387392,2035689216.00
2015/01/07,9.22,9.52,9.00,9.12,164205392,1523493504.00
2015/01/08,8.97,8.99,8.60,8.75,111971272,989441152.00
2015/01/09,8.58,9.14,8.57,8.73,106096607,944273600.00
2015/01/12,8.74,8.91,8.36,8.89,84105002,728123392.00
2015/01/13,9.07,9.33,8.89,8.91,100246560,916688192.00
2015/01/14,8.87,8.87,8.41,8.64,78939843,683461248.00
2015/01/15,8.41,8.69,8.15,8.68,93094804,786596928.00
2015/01/16,8.69,8.74,8.44,8.54,84450077,727436160.00
2015/01/19,7.85,8.19,7.68,7.68,108312424,856759232.00
2015/01/20,7.60,7.90,7.59,7.89,92891743,724690368.00
2015/01/21,8.03,8.19,7.96,8.18,97808260,795287936.00
2015/01/22,8.11,8.20,7.98,8.09,65075433,529326976.00
2015/01/23,8.11,8.38,8.05,8.21,83991964,695600768.00
2015/01/26,8.35,8.53,8.14,8.50,92436802,772733056.00
2015/01/27,8.42,8.43,7.99,8.22,92547862,763824320.00
2015/01/28,8.05,8.11,7.95,7.97,61740781,496818592.00
2015/01/29,7.82,8.07,7.76,7.87,45075402,359523360.00
2015/01/30,7.87,7.98,7.60,7.64,61877792,481157696.00
2015/02/02,7.40,7.46,7.20,7.24,57952168,426873600.00
2015/02/03,7.24,7.40,7.01,7.36,74340632,539057024.00
2015/02/04,7.23,7.32,7.12,7.14,55131167,401077024.00
2015/02/05,7.36,7.46,7.12,7.16,58525474,430421856.00
2015/02/06,7.05,7.10,6.64,6.85,88555722,607298048.00
2015/02/09,6.75,6.88,6.66,6.79,38619482,263909568.00
2015/02/10,6.76,7.11,6.72,7.04,53177766,373865664.00
2015/02/11,7.12,7.15,7.00,7.08,33054385,235476032.00
2015/02/12,7.11,7.35,7.01,7.26,39071706,283130464.00
2015/02/13,7.26,7.33,7.15,7.26,42936036,313493536.00
2015/02/16,7.20,7.29,7.12,7.23,37696906,273902720.00
2015/02/17,7.22,7.80,7.22,7.70,86883944,658539968.00
2015/02/25,7.73,7.77,7.55,7.60,44627376,342976256.00
2015/02/26,7.55,7.67,7.33,7.62,50410267,381521984.00
2015/02/27,7.67,8.00,7.67,7.85,83818602,660706112.00
2015/03/02,7.84,7.84,7.62,7.77,48440374,376632000.00
2015/03/03,7.68,7.74,7.41,7.43,53612800,406994592.00
2015/03/04,7.41,7.50,7.33,7.41,31289791,233360256.00
2015/03/05,7.35,7.40,7.10,7.20,57677427,417902496.00
2015/03/06,7.20,7.60,7.18,7.27,45295092,334686208.00
2015/03/09,7.21,7.40,7.06,7.35,33709024,245583072.00
2015/03/10,7.31,7.61,7.29,7.52,52757606,397501760.00
2015/03/11,7.56,8.13,7.55,7.86,116008415,926420288.00
2015/03/12,7.87,8.05,7.70,7.86,68327296,541564224.00
2015/03/13,7.99,8.63,7.99,8.34,133804064,1120187264.00
2015/03/16,8.58,8.80,8.29,8.73,139405235,1194764416.00
2015/03/17,8.77,9.61,8.60,9.61,231667123,2190311424.00
2015/03/18,9.95,10.58,9.87,9.98,306301089,3130348800.00
2015/03/19,9.66,9.72,9.49,9.63,159326119,1534296064.00
2015/03/20,9.65,9.68,9.18,9.32,145686629,1373541760.00
2015/03/23,9.25,9.45,9.19,9.36,111652061,1047643840.00
2015/03/24,9.28,9.94,9.20,9.81,199387256,1914615680.00
2015/03/25,9.54,9.56,9.31,9.37,109442132,1035131200.00
2015/03/26,9.31,9.32,9.00,9.13,108500398,994224000.00
2015/03/27,9.05,9.24,8.95,9.15,67642107,617888320.00
2015/03/30,9.28,9.71,9.19,9.64,142538895,1362303104.00
2015/03/31,9.65,9.70,9.25,9.38,83165279,794959424.00
2015/04/01,9.33,10.06,9.33,9.93,132794517,1310614400.00
2015/04/02,9.75,9.87,9.56,9.79,90056090,878273600.00
2015/04/03,9.81,10.10,9.72,9.84,79689070,792528320.00
2015/04/07,9.65,10.83,9.55,10.50,193210802,1998105344.00
2015/04/08,10.41,10.83,10.01,10.37,168803942,1772743936.00
2015/04/09,10.54,10.60,9.96,10.22,107299826,1108507776.00
2015/04/10,10.21,10.55,10.07,10.39,78459052,818249088.00
2015/04/13,10.57,10.66,10.40,10.46,88014104,930424512.00
2015/04/14,10.56,10.66,10.25,10.37,72583038,759603456.00
2015/04/15,10.30,10.35,9.97,10.05,75256921,765848704.00
2015/04/16,9.81,10.20,9.66,10.09,82696526,828401280.00
2015/04/17,10.45,10.90,10.31,10.64,201450524,2131952384.00
2015/04/20,10.51,11.65,10.36,11.02,243271062,2687098880.00
2015/04/21,11.03,11.13,10.70,11.11,115450562,1268023168.00
2015/04/22,11.45,11.55,11.16,11.24,120612807,1368551936.00
2015/04/23,11.32,11.37,10.88,11.04,110707068,1231065344.00
2015/04/24,10.95,11.94,10.75,11.91,211316118,2426898688.00
2015/04/27,12.38,13.11,12.25,13.11,283458371,3651062784.00
2015/04/28,13.15,14.23,12.70,13.54,307440834,4136139264.00
2015/04/29,13.15,13.43,12.76,13.07,141311675,1853796992.00
2015/04/30,13.09,13.95,12.95,13.00,151944964,2033484160.00
2015/05/04,13.00,13.22,12.44,12.77,114719880,1473669632.00
2015/05/05,12.91,12.96,11.59,11.96,124483133,1528198912.00
2015/05/06,11.75,12.06,10.96,11.29,107211610,1255871488.00
2015/05/07,11.07,11.25,10.47,10.51,88642717,964849088.00
2015/05/08,10.65,11.57,10.65,11.56,128475041,1422026240.00
2015/05/11,11.65,11.93,11.32,11.74,140299213,1637203968.00
2015/05/12,11.73,11.80,11.32,11.70,105563277,1227503104.00
2015/05/13,11.50,11.65,11.15,11.24,88609865,1012175360.00
2015/05/14,11.24,11.68,11.10,11.63,102307259,1174122368.00
2015/05/15,11.45,11.56,11.00,11.10,65811020,739783296.00
2015/05/18,10.90,11.24,10.75,10.78,65826784,725035008.00
2015/05/19,10.68,11.25,10.66,11.12,66378981,736730816.00
2015/05/20,11.30,11.65,11.05,11.20,91167375,1051926528.00
2015/05/21,11.22,11.79,10.85,11.56,93725675,1069561472.00
2015/05/22,11.74,11.95,11.39,11.92,127035227,1486646272.00
2015/05/25,11.85,12.71,11.78,12.50,130516934,1620073600.00
2015/05/26,12.52,12.76,12.17,12.66,135507209,1700565760.00
2015/05/27,12.70,13.48,12.70,12.74,136794659,1789107968.00
2015/05/28,12.65,12.65,11.46,11.47,159107280,1932771968.00
2015/05/29,11.37,11.60,10.63,11.14,95731211,1079627264.00
2015/06/01,11.09,11.83,10.96,11.67,82253174,942123264.00
2015/06/02,11.60,11.95,11.47,11.94,84692791,995616064.00
2015/06/03,11.88,12.08,11.50,11.83,88816550,1049431680.00
2015/06/04,11.92,12.01,10.95,11.74,81726692,954283648.00
2015/06/05,11.94,12.35,11.80,12.20,131893061,1602295040.00
2015/06/08,12.35,13.43,12.32,13.43,218415591,2882029568.00
2015/06/09,13.93,14.04,13.24,13.28,259766911,3546548736.00
2015/06/10,12.79,14.13,12.54,13.49,200639609,2694254848.00
2015/06/11,13.06,13.45,12.95,13.09,101020678,1333392128.00
2015/06/12,13.06,13.33,12.71,12.85,82105129,1062717120.00
2015/06/15,12.91,13.44,12.85,13.04,111405347,1479141248.00
2015/06/16,12.84,13.38,12.42,12.88,106644462,1389004288.00
2015/06/17,12.70,12.87,12.01,12.67,100853015,1265977216.00
2015/06/18,12.75,13.93,12.61,13.16,179859559,2447767296.00
2015/06/19,12.45,13.15,11.84,11.84,121438571,1504275968.00
2015/06/23,11.74,12.98,11.25,12.93,123202838,1521384064.00
2015/06/24,13.13,14.23,13.13,14.23,239963545,3379646976.00
2015/06/25,14.51,15.20,13.75,14.24,271276077,3978721280.00
2015/06/26,13.50,15.10,13.03,13.91,266134696,3797832704.00
2015/06/29,14.53,15.31,14.33,15.31,359940102,5436006400.00
2015/07/29,13.78,14.89,13.78,14.50,555724754,7782455808.00
2015/07/30,13.69,13.87,13.05,13.05,300972497,4010730240.00
2015/07/31,12.69,12.69,11.75,11.75,233678473,2812576512.00
2015/08/03,11.75,12.27,10.78,11.23,198688314,2319736320.00
2015/08/04,11.35,12.29,11.18,12.28,261990377,3079942912.00
2015/08/05,12.19,12.23,11.36,11.53,211580841,2494860544.00
2015/08/06,11.00,11.47,10.90,11.13,104747312,1169577472.00
2015/08/07,11.28,11.74,11.21,11.41,132146297,1513049600.00
2015/08/10,11.75,12.49,11.55,12.23,194055801,2340259584.00
2015/08/11,12.08,12.19,11.20,11.50,298307965,3472001024.00
2015/08/12,10.98,11.24,10.60,10.92,231638649,2538659840.00
2015/08/13,10.94,11.23,10.92,11.22,135104691,1501520256.00
2015/08/14,11.46,11.50,11.05,11.10,121875095,1368129280.00
2015/08/17,11.20,12.10,11.03,12.06,244674670,2793359104.00
2015/08/18,11.90,11.90,10.85,10.85,213025429,2420675584.00
2015/08/19,10.49,11.29,10.14,11.04,138236950,1478777216.00
2015/08/20,10.85,10.97,10.24,10.31,92736031,985525952.00
2015/08/21,10.10,10.38,9.28,9.39,125301228,1218917632.00
2015/08/24,8.97,8.97,8.45,8.45,91798572,782522048.00
2015/08/25,7.61,8.02,7.61,7.61,134615996,1039983616.00
2015/08/26,7.61,7.85,6.85,6.85,147882824,1078530560.00
2015/08/27,7.00,7.25,6.53,7.19,121043342,847507392.00
2015/08/28,7.24,7.85,7.13,7.83,166281649,1245754368.00
2015/08/31,7.60,7.80,7.31,7.74,130394613,986885632.00
2015/09/01,7.50,8.06,7.05,8.01,157750239,1202686848.00
2015/09/02,7.60,8.81,7.51,8.59,217489225,1816849792.00
2015/09/07,8.40,8.94,8.00,8.06,99576087,846097792.00
2015/09/08,7.89,8.40,7.61,8.23,62101092,498798144.00
2015/09/09,8.30,8.63,8.23,8.35,72356399,609336192.00
2015/09/10,8.26,8.57,8.18,8.21,47039795,393382688.00
2015/09/11,8.31,8.40,8.07,8.24,36284242,298778848.00
2015/09/14,8.41,8.47,7.47,7.99,72143708,575748800.00
2015/09/15,7.65,7.89,7.19,7.21,49051782,368654016.00
2015/09/16,7.25,7.90,7.23,7.81,46151342,348260608.00
2015/09/17,7.78,7.98,7.42,7.44,47551694,368287296.00
2015/09/18,7.59,7.65,7.43,7.50,26529237,199852560.00
2015/09/21,7.50,7.92,7.44,7.80,37130494,287037152.00
2015/09/22,7.80,8.32,7.73,8.15,64873867,519418528.00
2015/09/23,7.90,8.08,7.81,7.83,40811402,323796416.00
2015/09/24,7.86,8.05,7.77,7.89,29920537,236185792.00
2015/09/25,7.86,7.95,7.50,7.56,29682315,228565232.00
2015/09/28,7.59,7.66,7.45,7.64,20865181,158210432.00
2015/09/29,7.53,7.59,7.40,7.42,21850840,163905808.00
2015/09/30,7.48,7.76,7.42,7.54,25375011,192441488.00
2015/10/08,7.70,7.85,7.60,7.77,37592019,291158208.00
2015/10/09,7.73,8.10,7.69,7.92,41965349,330685280.00
2015/10/12,7.91,8.37,7.91,8.34,66580393,546522304.00
2015/10/13,8.30,8.52,8.21,8.37,59082989,495464800.00
2015/10/14,8.28,8.32,8.06,8.10,43757229,357778912.00
2015/10/15,8.05,8.36,8.01,8.31,57098582,470450784.00
2015/10/16,8.58,9.00,8.52,8.78,108221420,947211712.00
2015/10/19,8.75,9.19,8.53,9.00,105185972,936084544.00
2015/10/20,8.96,9.18,8.77,9.12,98961115,890670848.00
2015/10/21,9.17,9.27,8.38,8.60,117336195,1050512192.00
2015/10/22,8.97,9.46,8.80,9.46,163751698,1499430784.00
2015/10/23,9.40,9.49,8.90,9.40,153213931,1413256064.00
2015/10/26,9.41,9.46,9.05,9.18,103933203,954338368.00
2015/10/27,9.09,9.09,8.62,9.06,82415784,731496704.00
2015/10/28,9.05,9.19,8.80,8.87,65811216,596636288.00
2015/10/29,8.82,9.05,8.80,8.94,40086842,358030688.00
2015/10/30,9.00,9.03,8.82,8.94,36488615,326033568.00
2015/11/02,8.70,8.86,8.51,8.67,36068258,315845472.00
2015/11/03,8.80,8.80,8.60,8.68,23758501,206597680.00
2015/11/04,8.69,9.14,8.65,9.07,59907255,534843168.00
2015/11/05,9.08,9.98,8.98,9.79,230513917,2230628352.00
2015/11/06,9.53,9.96,9.48,9.85,132471859,1284861824.00
2015/11/09,9.75,10.36,9.66,9.86,178317734,1790248704.00
2015/11/10,9.73,9.85,9.59,9.66,81143326,786575168.00
2015/11/11,9.60,9.77,9.53,9.66,50456141,486985824.00
2015/11/12,9.72,9.84,9.53,9.59,53046536,513474656.00
2015/11/13,9.51,9.80,9.50,9.60,63414758,611648256.00
2015/11/16,9.30,9.38,9.18,9.37,69729543,644838208.00
2015/11/17,9.42,9.75,9.30,9.37,78050396,744524928.00
2015/11/18,9.38,9.42,9.05,9.10,48693107,449833984.00
2015/11/19,9.13,9.30,9.08,9.29,32556249,298682336.00
2015/11/20,9.32,9.36,9.17,9.25,36012681,332826016.00
2015/11/23,9.26,9.27,9.02,9.07,41087206,376019040.00
2015/11/24,9.04,9.04,8.81,8.92,41456633,368667136.00
2015/11/25,8.81,9.04,8.78,9.03,33749451,301656384.00
2015/11/26,9.03,9.06,8.89,8.92,29193027,261971552.00
2015/11/27,8.86,8.89,8.14,8.21,66151468,564696576.00
2015/11/30,8.19,8.36,7.77,8.07,46956539,378372032.00
2015/12/01,8.12,8.40,8.07,8.36,40342890,331800480.00
2015/12/02,8.32,8.66,8.17,8.60,51768479,437496512.00
2015/12/03,8.75,8.84,8.51,8.63,43084114,373241696.00
2015/12/04,8.49,8.54,8.21,8.31,51724731,432524416.00
2015/12/07,8.35,8.40,8.23,8.33,29053645,242399344.00
2015/12/08,8.50,9.12,8.49,8.67,110692491,975861696.00
2015/12/09,8.51,8.57,8.22,8.35,64969396,545553152.00
2015/12/10,8.36,8.41,8.18,8.20,37678734,311288896.00
2015/12/11,8.23,8.25,8.00,8.11,28276969,228765856.00
2015/12/14,8.08,8.48,8.02,8.42,37814751,313334240.00
2015/12/15,8.41,8.50,8.25,8.38,31217900,261294432.00
2015/12/16,8.28,8.38,8.24,8.29,28156715,233673104.00
2015/12/17,8.41,8.65,8.38,8.57,59125844,503772064.00
2015/12/18,8.65,9.39,8.65,8.86,116330630,1048060160.00
2015/12/21,8.80,9.29,8.69,9.03,72241761,652886912.00
2015/12/22,9.10,9.11,8.85,8.99,46381020,414877664.00
2015/12/23,8.97,9.04,8.85,8.88,43472498,389395712.00
2015/12/24,8.81,8.86,8.56,8.73,36047781,313380416.00
2015/12/25,8.76,8.90,8.70,8.79,24821142,218385024.00
2015/12/28,8.81,8.91,8.54,8.57,31208170,272828032.00
2015/12/29,8.58,8.76,8.57,8.74,22899890,198876128.00
2015/12/30,8.74,8.74,8.55,8.63,26896023,232089968.00
2015/12/31,8.68,8.68,8.56,8.58,18197535,156832032.00
2016/01/04,8.50,8.50,7.79,7.81,30834338,252102112.00
2016/01/05,7.57,7.90,7.42,7.60,41358286,316494816.00
2016/01/06,7.67,7.87,7.66,7.86,32931271,255897008.00
2016/01/07,7.82,8.02,7.52,7.54,15837617,122876176.00
2016/01/08,7.70,8.05,7.30,7.80,48295494,374211744.00
2016/01/11,7.67,8.26,7.61,7.67,77408225,617950720.00
2016/01/12,7.91,8.04,7.53,7.76,49895887,387531520.00
2016/01/13,7.87,7.90,7.49,7.51,34982510,268364912.00
2016/01/14,7.29,7.57,7.10,7.48,42905462,313635392.00
2016/01/15,7.37,7.44,6.73,6.73,54732819,382178048.00
2016/01/18,6.71,7.11,6.66,6.92,39200359,270167072.00
2016/01/19,6.94,7.24,6.86,7.15,31190926,221104848.00
2016/01/20,7.15,7.87,7.11,7.87,139691019,1085306368.00
2016/01/21,7.92,7.99,7.36,7.41,133395291,1030226304.00
2016/01/22,7.36,7.55,6.95,7.38,68133706,497275232.00
2016/01/25,7.29,7.40,7.15,7.28,47439118,346030944.00
2016/01/26,7.30,7.39,6.78,6.84,61165883,435080736.00
2016/01/27,6.79,6.85,6.25,6.55,46482116,304024768.00
2016/01/28,6.50,6.50,6.11,6.21,29840445,189296512.00
2016/01/29,6.23,6.60,6.10,6.47,37099775,236801568.00
2016/02/01,6.48,6.48,6.21,6.32,24851418,158237616.00
2016/02/02,6.38,6.75,6.36,6.56,34388145,226320480.00
2016/02/03,6.57,6.79,6.50,6.74,39845464,266895904.00
2016/02/04,6.73,6.90,6.64,6.80,31057149,210842368.00
2016/02/05,6.90,7.10,6.80,6.82,38281596,266577904.00
2016/02/15,6.66,7.05,6.55,6.89,32872102,224126576.00
2016/02/16,6.94,7.10,6.90,7.05,32295470,226741728.00
2016/02/17,7.04,7.11,6.94,7.09,28535047,201105088.00
2016/02/18,7.05,7.11,6.95,6.98,29825074,209034848.00
2016/02/19,7.00,7.02,6.80,6.88,20364746,140299840.00
2016/02/22,6.96,7.14,6.96,7.09,31920599,225216656.00
2016/02/23,7.07,7.08,6.82,6.93,25277692,175201792.00
2016/02/24,6.97,7.06,6.86,7.04,25851379,179791184.00
2016/02/25,7.00,7.00,6.34,6.40,37400990,248838416.00
2016/02/26,6.52,6.55,6.35,6.48,22828630,147719808.00
2016/02/29,6.43,6.43,5.98,6.14,38007474,231274176.00
2016/03/01,6.12,6.26,6.05,6.23,22861231,140905120.00
2016/03/02,6.23,6.53,6.20,6.51,32781543,209816240.00
2016/03/03,6.53,6.65,6.44,6.59,38813098,254206480.00
2016/03/04,6.55,6.69,6.45,6.62,46559704,306815392.00
2016/03/07,6.59,6.72,6.53,6.66,22656923,150227936.00
2016/03/08,6.58,6.63,6.21,6.61,30195172,193591808.00
2016/03/09,6.43,6.63,6.36,6.62,24227807,157231648.00
数据来源:通达信
