600015 华夏银行 日线 前复权
      日期	    开盘	    最高	    最低	    收盘	    成交量	    成交额
2011/01/04,5.70,5.92,5.65,5.82,51603092,572304064.00
2011/01/05,5.80,5.88,5.76,5.79,27876579,310066368.00
2011/01/06,5.80,5.86,5.68,5.73,20446553,225401712.00
2011/01/07,5.73,6.28,5.67,6.03,112478863,1289151360.00
2011/01/10,5.96,6.10,5.88,5.92,41934775,477919072.00
2011/01/11,5.94,6.08,5.90,6.04,44628754,508588384.00
2011/01/12,6.06,6.22,5.99,6.21,56358022,652110400.00
2011/01/13,6.25,6.31,6.14,6.16,40040881,470678368.00
2011/01/14,6.12,6.19,5.99,6.09,29925086,345772256.00
2011/01/17,6.00,6.06,5.78,5.79,28988965,326787776.00
2011/01/18,5.79,5.89,5.78,5.85,13608262,151809088.00
2011/01/19,5.86,5.95,5.75,5.92,18106805,202856208.00
2011/01/20,5.90,5.90,5.54,5.63,38829777,424543840.00
2011/01/21,5.62,5.97,5.60,5.76,41452389,458461984.00
2011/01/24,5.70,5.78,5.64,5.69,20750978,227235024.00
2011/01/25,5.70,5.88,5.69,5.79,30177124,334820832.00
2011/01/26,5.79,5.95,5.79,5.92,28668584,321493216.00
2011/01/27,5.83,6.02,5.80,5.94,38034493,429561632.00
2011/01/28,5.92,5.92,5.74,5.81,34642888,385020032.00
2011/01/31,5.81,5.86,5.76,5.83,15811315,176167936.00
2011/02/01,5.84,5.87,5.81,5.86,14175763,158347040.00
2011/02/09,5.81,5.92,5.79,5.81,22722216,253675152.00
2011/02/10,5.80,5.94,5.80,5.94,22446910,252205440.00
2011/02/11,5.92,6.02,5.85,5.95,31635838,357132288.00
2011/02/14,5.94,6.23,5.93,6.19,53068715,614082816.00
2011/02/15,6.19,6.24,6.06,6.08,37892816,441690528.00
2011/02/16,6.06,6.19,6.02,6.08,32751048,377293824.00
2011/02/17,6.14,6.32,6.08,6.22,51324653,601427968.00
2011/02/18,6.20,6.21,6.09,6.17,25407822,295720864.00
2011/02/21,6.08,6.17,6.04,6.16,31862200,368365984.00
2011/02/22,6.16,6.16,5.88,5.90,40295476,459960352.00
2011/02/23,5.90,6.01,5.88,5.97,30394327,344428096.00
2011/02/24,5.94,5.99,5.89,5.97,27699088,313068864.00
2011/02/25,5.96,6.04,5.79,5.97,29102637,328870688.00
2011/02/28,5.96,6.04,5.88,6.00,21755536,247365584.00
2011/03/01,6.00,6.17,5.99,6.12,40184027,464393536.00
2011/03/02,6.07,6.31,6.04,6.20,59486978,696201088.00
2011/03/03,6.23,6.65,6.18,6.44,110615107,1341305728.00
2011/03/04,6.45,6.74,6.41,6.70,80658380,990022720.00
2011/03/07,6.75,6.83,6.60,6.69,62553026,783377408.00
2011/03/08,6.63,6.83,6.63,6.73,42988609,539791104.00
2011/03/09,6.76,6.87,6.56,6.61,41819874,523260224.00
2011/03/10,6.60,6.60,6.39,6.42,37612848,456443712.00
2011/03/11,6.42,6.48,6.33,6.33,28488752,343130624.00
2011/03/14,6.38,6.44,6.35,6.40,17689275,212484800.00
2011/03/15,6.36,6.36,6.04,6.17,41439977,482656608.00
2011/03/16,6.19,6.30,6.06,6.24,30857911,360664512.00
2011/03/17,6.13,6.23,6.09,6.14,21492683,250481744.00
2011/03/18,6.22,6.31,6.15,6.17,21944257,258517728.00
2011/03/21,6.22,6.26,6.12,6.19,22583750,264290832.00
2011/03/22,6.23,6.51,6.14,6.47,47302647,567454656.00
2011/03/23,6.43,6.60,6.40,6.53,42768707,522245216.00
2011/03/24,6.51,6.55,6.40,6.47,24558886,297870592.00
2011/03/25,6.48,6.76,6.46,6.69,45159550,561330496.00
2011/03/28,6.73,6.96,6.64,6.72,82234052,1045735488.00
2011/03/29,6.72,7.01,6.71,6.84,60500113,773952768.00
2011/03/30,6.82,6.95,6.70,6.76,41851675,531126400.00
2011/03/31,6.73,6.83,6.58,6.73,30936798,387589984.00
2011/04/01,6.72,7.08,6.72,6.98,50906151,656288768.00
2011/04/06,7.02,7.36,7.02,7.34,77482086,1039164032.00
2011/04/07,7.34,7.47,7.27,7.36,52070045,705310592.00
2011/04/08,7.36,7.44,7.25,7.43,32375250,437042976.00
2011/04/11,7.39,7.57,7.24,7.32,48001979,653287872.00
2011/04/12,7.27,7.33,7.10,7.21,31595608,420029792.00
2011/04/13,7.18,7.52,7.04,7.51,41949397,561215808.00
2011/04/14,7.50,7.61,7.42,7.45,29102772,400106496.00
2011/04/18,7.45,7.52,7.24,7.36,28134124,381148800.00
2011/04/19,7.28,7.31,7.12,7.17,30453538,404127808.00
2011/04/20,7.21,7.24,6.99,7.11,21402059,280939904.00
2011/04/21,7.20,7.25,7.08,7.15,14408387,187437392.00
2011/04/22,7.11,7.21,7.08,7.14,16800954,218195568.00
2011/04/25,7.08,7.26,6.97,7.20,24512543,317922688.00
2011/04/26,7.20,7.39,7.17,7.36,36609667,485496608.00
2011/04/27,7.41,7.41,7.20,7.29,30691214,407678112.00
2011/04/28,7.31,7.62,7.17,7.29,49709419,666969920.00
2011/04/29,7.15,7.19,6.78,6.84,42418494,535203488.00
2011/05/03,6.83,6.83,6.67,6.81,23120508,286205408.00
2011/05/04,6.74,6.88,6.52,6.63,27446054,337398496.00
2011/05/05,6.57,6.69,6.53,6.66,23441095,285376672.00
2011/05/06,6.57,6.70,6.54,6.56,14443649,175960720.00
2011/05/09,6.58,6.68,6.55,6.61,11470556,139320864.00
2011/05/10,6.61,6.73,6.55,6.71,13813343,169021840.00
2011/05/11,6.70,6.73,6.56,6.61,15462967,189364608.00
2011/05/12,6.58,6.74,6.53,6.56,19444826,237464880.00
2011/05/13,6.60,6.63,6.48,6.60,14690710,177418592.00
2011/05/16,6.60,6.63,6.28,6.32,20732237,247215488.00
2011/05/17,6.32,6.56,6.32,6.42,24536004,291996224.00
2011/05/18,6.44,6.71,6.39,6.65,21910602,266720960.00
2011/05/19,6.65,6.71,6.56,6.63,12655435,154473168.00
2011/05/20,6.63,6.83,6.61,6.76,23059037,285705024.00
2011/05/23,6.72,6.74,6.46,6.48,18509145,224700384.00
2011/05/24,6.48,6.65,6.47,6.51,16374977,197560672.00
2011/05/25,6.47,6.51,6.35,6.35,8208692,97319072.00
2011/05/26,6.39,6.60,6.36,6.47,21117863,252609184.00
2011/05/27,6.44,6.65,6.44,6.51,17806195,215399264.00
2011/05/30,6.47,6.66,6.42,6.63,13935410,168984928.00
2011/05/31,6.60,6.79,6.56,6.74,15972707,196236960.00
2011/06/01,6.70,6.73,6.57,6.63,13367436,162814560.00
2011/06/02,6.53,6.61,6.17,6.22,39992413,467183584.00
2011/06/03,6.22,6.31,6.19,6.30,16497614,191665648.00
2011/06/07,6.26,6.31,6.20,6.28,7744849,89943000.00
2011/06/08,6.25,6.28,6.03,6.13,23382729,265641088.00
2011/06/09,6.10,6.11,5.90,5.92,16597703,186062640.00
2011/06/10,5.94,6.02,5.86,5.96,12088443,134217408.00
2011/06/13,5.90,5.96,5.76,5.95,21399700,234882944.00
2011/06/14,5.90,6.05,5.86,5.94,30977186,345493216.00
2011/06/15,5.90,5.94,5.74,5.76,26954085,294392288.00
2011/06/16,5.69,5.72,5.54,5.57,23371908,248458160.00
2011/06/17,5.57,5.67,5.57,5.60,14886295,158366928.00
2011/06/20,5.63,5.67,5.60,5.63,16208326,172245920.00
2011/06/21,5.66,5.82,5.65,5.80,20056450,217306992.00
2011/06/22,5.80,5.82,5.69,5.76,9561396,103383320.00
2011/06/23,5.72,5.84,5.69,5.81,13783541,149568096.00
2011/06/24,5.77,6.04,5.77,5.97,30415265,337784448.00
2011/06/27,5.93,6.03,5.92,5.95,15298558,170841840.00
2011/06/28,5.96,5.96,5.76,5.85,25380009,277761120.00
2011/06/29,5.85,5.85,5.69,5.71,21474431,232280304.00
2011/06/30,5.73,5.91,5.71,5.78,26980011,294213056.00
2011/07/01,5.80,5.86,5.71,5.76,25083908,272359808.00
2011/07/04,5.81,5.99,5.79,5.99,31009366,343574688.00
2011/07/05,5.99,6.02,5.92,5.95,14537089,161884112.00
2011/07/06,5.94,5.94,5.79,5.85,23527610,257641056.00
2011/07/07,5.93,6.03,5.84,5.86,39452497,438028416.00
2011/07/08,5.85,6.03,5.85,5.95,26564863,295663136.00
2011/07/11,5.90,5.99,5.86,5.88,36858818,408007328.00
2011/07/12,5.83,5.86,5.62,5.66,37273658,401498848.00
2011/07/13,5.70,5.93,5.67,5.90,36257074,396720000.00
2011/07/14,5.86,5.92,5.83,5.91,18871288,207889680.00
2011/07/15,5.86,5.99,5.81,5.96,17715241,196673168.00
2011/07/18,5.96,5.98,5.89,5.91,16554775,183486192.00
2011/07/19,5.88,5.89,5.80,5.88,12024478,131871640.00
2011/07/20,5.91,5.92,5.81,5.88,14363718,158034800.00
2011/07/21,5.87,5.91,5.75,5.78,16422166,178627952.00
2011/07/22,5.80,5.81,5.74,5.76,6762873,73400512.00
2011/07/25,5.73,5.74,5.36,5.47,53468718,557650688.00
2011/07/26,5.47,5.53,5.35,5.42,32668604,336931616.00
2011/07/27,5.36,5.40,5.28,5.37,33310697,338577536.00
2011/07/28,5.29,5.31,5.24,5.28,15925538,160648224.00
2011/07/29,5.31,5.57,5.27,5.42,34111814,351588224.00
2011/08/01,5.38,5.44,5.31,5.37,20717563,212126960.00
2011/08/02,5.32,5.35,5.24,5.35,13861290,140049952.00
2011/08/03,5.29,5.41,5.29,5.36,13951468,142110720.00
2011/08/04,5.39,5.43,5.33,5.36,9029590,92469456.00
2011/08/05,5.21,5.28,5.16,5.19,20896909,209205344.00
2011/08/08,5.13,5.24,4.89,4.94,23911543,232565872.00
2011/08/09,4.81,5.13,4.81,5.06,34000987,327912704.00
2011/08/10,5.17,5.22,4.95,4.99,35879999,350759200.00
2011/08/11,4.90,5.13,4.90,5.11,25792694,250608608.00
2011/08/12,5.19,5.34,5.19,5.22,52978564,531859616.00
2011/08/15,5.24,5.65,5.24,5.64,54364186,564427904.00
2011/08/16,5.59,5.76,5.56,5.67,48820544,521693408.00
2011/08/17,5.67,5.76,5.58,5.58,26213915,279947264.00
2011/08/18,5.59,5.63,5.39,5.47,23538624,244768672.00
2011/08/19,5.40,5.54,5.37,5.54,22935062,237048592.00
2011/08/22,5.51,5.61,5.40,5.45,15113697,157592944.00
2011/08/23,5.48,5.69,5.42,5.68,27610721,293070208.00
2011/08/24,5.67,5.72,5.58,5.58,16107181,172284304.00
2011/08/25,5.62,6.11,5.61,6.07,65577644,729156608.00
2011/08/26,6.02,6.08,5.88,6.02,45029516,502636992.00
2011/08/29,5.83,5.83,5.65,5.69,55987631,603976320.00
2011/08/30,5.74,5.86,5.61,5.64,61419609,664645312.00
2011/08/31,5.61,5.65,5.52,5.57,53901461,569580160.00
2011/09/01,5.60,5.69,5.55,5.60,35810327,379859680.00
2011/09/02,5.60,5.61,5.44,5.45,24016127,250923616.00
2011/09/05,5.39,5.50,5.33,5.42,20026690,205784160.00
2011/09/06,5.37,5.51,5.37,5.47,20751654,215308048.00
2011/09/07,5.51,5.70,5.47,5.67,26712547,283407360.00
2011/09/08,5.70,5.71,5.60,5.63,18030159,192176640.00
2011/09/09,5.63,5.75,5.50,5.56,26331555,280095840.00
2011/09/13,5.43,5.63,5.40,5.62,19089399,199695904.00
2011/09/14,5.60,5.65,5.45,5.62,16071652,169638368.00
2011/09/15,5.61,5.65,5.51,5.53,15040316,158982080.00
2011/09/16,5.58,5.68,5.51,5.55,18896642,199846064.00
2011/09/19,5.51,5.51,5.33,5.34,19351116,198290816.00
2011/09/20,5.35,5.45,5.33,5.38,11656916,119441816.00
2011/09/21,5.40,5.63,5.33,5.56,25535405,267149440.00
2011/09/22,5.51,5.51,5.29,5.31,26209747,268663392.00
2011/09/23,5.22,5.36,5.15,5.28,17392837,174487328.00
2011/09/26,5.22,5.30,5.11,5.13,18910946,188163008.00
2011/09/27,5.21,5.25,5.13,5.18,15648570,155703680.00
2011/09/28,5.22,5.25,5.06,5.10,13127279,130178240.00
2011/09/29,5.07,5.24,5.06,5.17,19517645,193168256.00
2011/09/30,5.21,5.38,5.17,5.29,35316403,357593792.00
2011/10/10,5.28,5.29,5.17,5.24,15375282,153393648.00
2011/10/11,5.49,5.53,5.22,5.35,36942994,378831168.00
2011/10/12,5.29,5.78,5.25,5.72,54964100,584015296.00
2011/10/13,5.67,5.74,5.60,5.72,29772817,318628992.00
2011/10/14,5.70,5.81,5.64,5.77,33165559,358813184.00
2011/10/17,5.77,5.94,5.74,5.90,43135506,475318368.00
2011/10/18,5.83,5.88,5.66,5.70,30273122,329187328.00
2011/10/19,5.71,5.87,5.65,5.82,38058039,413496160.00
2011/10/20,5.78,5.83,5.65,5.78,21784450,235664864.00
2011/10/21,5.74,6.00,5.72,5.92,35451737,393309568.00
2011/10/24,5.97,6.19,5.90,6.06,42513029,479895744.00
2011/10/25,6.07,6.15,5.97,6.04,38449502,434120288.00
2011/10/26,6.01,6.19,5.99,6.06,34489219,391170752.00
2011/10/27,6.06,6.17,5.92,6.15,25589814,288466400.00
2011/10/28,6.23,6.31,6.06,6.16,31007598,357555680.00
2011/10/31,6.10,6.13,5.90,5.93,36898353,411929312.00
2011/11/01,5.88,6.09,5.86,6.02,31681891,354900480.00
2011/11/02,5.92,6.25,5.89,6.21,26670769,302344768.00
2011/11/03,6.22,6.24,6.01,6.04,45164657,513979744.00
2011/11/04,6.10,6.12,5.97,6.06,26024545,292937696.00
2011/11/07,5.98,6.03,5.86,5.88,26949743,298999072.00
2011/11/08,5.92,5.97,5.87,5.94,16166697,179425696.00
2011/11/09,5.97,6.01,5.88,5.96,14900219,165938752.00
2011/11/10,5.91,5.97,5.84,5.85,29736264,329260416.00
2011/11/11,5.86,5.94,5.73,5.78,27161876,296874592.00
2011/11/14,5.83,5.90,5.78,5.88,27700656,304245312.00
2011/11/15,5.88,5.88,5.76,5.80,18865072,205654528.00
2011/11/16,5.79,5.80,5.53,5.63,30986793,330354624.00
2011/11/17,5.63,5.65,5.56,5.57,15082224,159763648.00
2011/11/18,5.53,5.65,5.51,5.54,14402609,151698592.00
2011/11/21,5.55,5.58,5.42,5.53,11717839,122121112.00
2011/11/22,5.51,5.66,5.48,5.63,19093438,201587568.00
2011/11/23,5.63,5.63,5.44,5.51,17681974,184901600.00
2011/11/24,5.48,5.62,5.46,5.58,16010105,168347776.00
2011/11/25,5.54,5.61,5.48,5.61,11160087,117419704.00
2011/11/28,5.61,5.66,5.54,5.55,11590704,122781872.00
2011/11/29,5.63,5.65,5.51,5.63,15922371,168233808.00
2011/11/30,5.60,5.60,5.37,5.47,20172256,209961888.00
2011/12/01,5.70,5.93,5.67,5.72,54698368,594474688.00
2011/12/02,5.69,5.85,5.67,5.79,20714566,224818080.00
2011/12/05,5.81,5.93,5.74,5.85,23629403,260115824.00
2011/12/06,5.81,5.94,5.79,5.82,20537650,226310976.00
2011/12/07,5.82,6.01,5.78,5.95,25030243,277534144.00
2011/12/08,5.94,6.00,5.91,5.94,20308999,226389776.00
2011/12/09,5.87,5.92,5.79,5.82,12477166,136673552.00
2011/12/12,5.79,5.91,5.70,5.79,15260670,166632704.00
2011/12/13,5.77,5.87,5.70,5.71,19247301,209422208.00
2011/12/14,5.70,5.80,5.69,5.75,14804258,160159952.00
2011/12/15,5.73,5.78,5.67,5.70,16082891,173518752.00
2011/12/16,5.75,6.07,5.66,6.03,52307379,577467648.00
2011/12/19,5.97,6.06,5.83,6.01,21128488,235305056.00
2011/12/20,5.96,6.31,5.95,6.09,27269891,312465120.00
2011/12/21,6.15,6.21,5.96,6.05,17709181,201234016.00
2011/12/22,5.94,6.17,5.94,6.06,18230758,206192144.00
2011/12/23,6.04,6.15,5.94,6.01,15825140,178436432.00
2011/12/26,5.94,6.03,5.93,5.98,12466082,139263984.00
2011/12/27,6.01,6.03,5.89,5.93,8480646,94490784.00
2011/12/28,5.90,5.99,5.77,5.94,13201859,145339072.00
2011/12/29,5.89,5.92,5.78,5.82,13538832,148327424.00
2011/12/30,5.83,6.04,5.83,6.01,22447162,249300336.00
2012/01/04,6.03,6.14,5.94,5.94,18122685,204549216.00
2012/01/05,5.99,6.21,5.95,6.08,26723053,304018336.00
2012/01/06,6.05,6.17,6.02,6.11,19617137,222349840.00
2012/01/09,6.11,6.32,6.06,6.31,41732586,483532928.00
2012/01/10,6.31,6.40,6.23,6.37,23773681,278288160.00
2012/01/11,6.38,6.38,6.27,6.28,13406018,156954752.00
2012/01/12,6.26,6.43,6.25,6.35,25422253,299982304.00
2012/01/13,6.36,6.40,6.22,6.23,19017874,222176160.00
2012/01/16,6.19,6.32,6.12,6.18,17057328,198167376.00
2012/01/17,6.22,6.41,6.09,6.41,25793048,301439712.00
2012/01/18,6.38,6.40,6.24,6.31,16074203,188245936.00
2012/01/19,6.29,6.45,6.23,6.36,21836441,256529040.00
2012/01/20,6.42,6.60,6.34,6.58,45304354,541252352.00
2012/01/30,6.57,6.58,6.44,6.47,22604375,271512608.00
2012/01/31,6.51,6.54,6.37,6.45,9723875,115678368.00
2012/02/01,6.38,6.45,6.22,6.26,22569957,264108320.00
2012/02/02,6.28,6.51,6.25,6.47,24185663,285388896.00
2012/02/03,6.44,6.58,6.42,6.51,37145863,445058368.00
2012/02/06,6.53,6.54,6.31,6.38,31523295,372926912.00
2012/02/07,6.34,6.35,6.18,6.22,21793480,252330528.00
2012/02/08,6.24,6.42,6.20,6.38,33865792,396307136.00
2012/02/09,6.36,6.38,6.28,6.36,30837484,361574464.00
2012/02/10,6.31,6.40,6.25,6.29,30577375,357875648.00
2012/02/13,6.15,6.30,6.12,6.19,39393031,452591616.00
2012/02/14,6.18,6.18,6.05,6.16,28462331,323699360.00
2012/02/15,6.15,6.22,6.10,6.16,35155804,402258176.00
2012/02/16,6.16,6.18,6.08,6.13,26058391,297196800.00
2012/02/17,6.17,6.19,6.06,6.10,31759159,361491360.00
2012/02/20,6.23,6.23,6.07,6.11,48636850,556099520.00
2012/02/21,6.13,6.14,6.06,6.13,31530628,358557056.00
2012/02/22,6.13,6.20,6.08,6.19,51117585,583661952.00
2012/02/23,6.18,6.21,6.13,6.17,40856230,469165312.00
2012/02/24,6.17,6.34,6.12,6.32,69530274,804111488.00
2012/02/27,6.32,6.38,6.26,6.27,68123872,796574208.00
2012/02/28,6.27,6.39,6.26,6.33,59402161,696563840.00
2012/02/29,6.32,6.32,6.22,6.23,27048027,314519360.00
2012/03/01,6.20,6.26,6.17,6.20,19210467,221937200.00
2012/03/02,6.20,6.31,6.20,6.30,30462974,354220256.00
2012/03/05,6.34,6.35,6.19,6.20,35321858,409736384.00
2012/03/06,6.19,6.22,5.99,6.01,33103407,374433312.00
2012/03/07,5.96,6.00,5.90,5.91,32854146,366220064.00
2012/03/08,5.94,6.03,5.92,5.95,36350099,405026112.00
2012/03/09,5.97,6.03,5.92,6.01,31966703,357222144.00
2012/03/12,5.99,6.00,5.87,5.92,35665467,395084512.00
2012/03/13,5.92,6.06,5.91,6.03,40496298,454858048.00
2012/03/14,6.07,6.10,5.86,5.90,45467217,509545696.00
2012/03/15,5.89,5.95,5.83,5.83,26163137,288925280.00
2012/03/16,5.88,5.91,5.79,5.88,21434735,235268288.00
2012/03/19,5.86,5.88,5.79,5.85,21599873,236556320.00
2012/03/20,5.83,5.86,5.74,5.76,17911086,195377344.00
2012/03/21,5.81,5.82,5.72,5.77,14989073,162749920.00
2012/03/22,5.77,5.90,5.67,5.83,37206319,405295264.00
2012/03/23,5.77,5.83,5.70,5.74,20181342,218750512.00
2012/03/26,5.74,5.85,5.74,5.83,16129407,175787152.00
2012/03/27,5.84,5.90,5.81,5.86,26882760,295371648.00
2012/03/28,5.85,5.92,5.66,5.69,44998097,491639232.00
2012/03/29,5.67,5.77,5.55,5.59,31734808,339421312.00
2012/03/30,5.65,5.69,5.61,5.69,14440840,154046896.00
2012/04/05,5.63,5.78,5.57,5.72,31132172,332669824.00
2012/04/06,5.70,5.79,5.65,5.78,20175386,217624400.00
2012/04/09,5.74,5.74,5.59,5.60,16098658,172070832.00
2012/04/10,5.60,5.83,5.60,5.82,28316291,304371360.00
2012/04/11,5.78,5.90,5.74,5.83,23053960,252101312.00
2012/04/12,5.80,5.97,5.75,5.92,29224269,322109120.00
2012/04/13,5.92,5.94,5.86,5.90,16587300,183199872.00
2012/04/16,5.86,5.89,5.79,5.83,11960639,130825912.00
2012/04/18,5.79,5.92,5.70,5.86,32717456,357314240.00
2012/04/19,5.84,5.88,5.80,5.85,22171620,243048288.00
2012/04/20,5.84,5.99,5.80,5.97,38479658,427445152.00
2012/04/23,5.94,6.00,5.88,5.92,22836169,253910912.00
2012/04/24,5.93,6.24,5.92,6.08,69450402,784362816.00
2012/04/25,6.03,6.08,5.97,6.02,36503565,410466464.00
2012/04/26,6.05,6.07,5.99,6.03,20677545,232417456.00
2012/04/27,6.03,6.08,5.99,6.00,23440050,264229456.00
2012/05/02,6.02,6.03,5.87,5.91,85772906,953203904.00
2012/05/03,5.88,5.92,5.75,5.76,65358454,712717184.00
2012/05/04,5.78,5.82,5.76,5.81,38376451,417739456.00
2012/05/07,5.77,5.84,5.77,5.83,32946531,359097472.00
2012/05/08,5.81,5.84,5.76,5.79,33970568,369737280.00
2012/05/09,5.76,5.78,5.65,5.67,30057646,323508224.00
2012/05/10,5.70,5.71,5.64,5.67,18656720,199816448.00
2012/05/11,5.69,5.72,5.65,5.69,15489528,166122976.00
2012/05/14,5.75,5.75,5.58,5.59,44422927,474636384.00
2012/05/15,5.56,5.60,5.53,5.59,25455335,268092448.00
2012/05/16,5.58,5.58,5.45,5.45,29389293,306908864.00
2012/05/17,5.47,5.54,5.46,5.53,26338533,274938528.00
2012/05/18,5.51,5.51,5.35,5.36,26766333,268940608.00
2012/05/21,5.37,5.40,5.22,5.25,40200242,397038368.00
2012/05/22,5.28,5.36,5.26,5.35,30180433,298731744.00
2012/05/23,5.33,5.35,5.27,5.29,26238890,259163040.00
2012/05/24,5.29,5.35,5.26,5.29,24355179,240647952.00
2012/05/25,5.31,5.33,5.26,5.29,15578064,153550096.00
2012/05/28,5.30,5.35,5.27,5.34,28642771,282946080.00
2012/05/29,5.35,5.45,5.32,5.44,42191728,422206016.00
2012/05/30,5.42,5.43,5.34,5.36,32500842,324325152.00
2012/05/31,5.35,5.35,5.28,5.29,29058825,286502720.00
2012/06/01,5.29,5.33,5.24,5.26,36725917,361095136.00
2012/06/04,5.19,5.20,5.08,5.09,32115669,309492864.00
2012/06/05,5.11,5.13,5.07,5.11,34956927,334438944.00
2012/06/06,5.12,5.22,5.10,5.19,38394195,370662144.00
2012/06/07,5.26,5.27,5.12,5.14,28378150,274774336.00
2012/06/08,5.13,5.13,4.96,4.99,42495315,400125248.00
2012/06/11,4.99,5.01,4.95,4.98,26057305,244030336.00
2012/06/12,4.97,4.97,4.84,4.90,42616886,393785472.00
2012/06/13,4.91,4.99,4.86,4.95,42790210,397678720.00
2012/06/14,4.92,4.94,4.84,4.85,30866997,284954944.00
2012/06/15,4.88,5.11,4.87,5.06,69985470,656322368.00
2012/06/18,5.05,5.06,5.00,5.02,27982976,263961920.00
2012/06/19,5.02,5.11,4.98,5.03,23290654,220130128.00
2012/06/20,5.04,5.13,5.03,5.06,36736028,350472704.00
2012/06/21,5.06,5.06,4.96,4.97,16810867,158095856.00
2012/06/25,4.97,5.02,4.91,4.92,16491032,154275872.00
2012/06/26,4.93,5.03,4.92,5.00,27810659,260928592.00
2012/06/27,4.99,5.03,4.96,4.99,15869322,149065840.00
2012/06/28,5.00,5.03,4.85,4.90,19615940,183160240.00
2012/06/29,4.90,5.07,4.88,5.04,30479213,286501536.00
2012/07/02,5.06,5.06,4.97,5.01,21607287,202938704.00
2012/07/03,5.01,5.06,4.97,5.03,16578925,156357904.00
2012/07/04,5.03,5.11,4.99,5.08,27250904,258976560.00
2012/07/05,5.04,5.06,4.97,5.01,15767157,148485968.00
2012/07/06,4.91,4.93,4.79,4.88,38313289,351524256.00
2012/07/09,4.86,4.88,4.65,4.65,32715866,294864704.00
2012/07/10,4.65,4.71,4.63,4.67,13189614,117343480.00
2012/07/11,4.67,4.69,4.63,4.65,14343739,127470616.00
2012/07/12,4.67,4.67,4.54,4.61,35390541,310928928.00
2012/07/13,4.61,4.70,4.58,4.64,15145613,134024400.00
2012/07/16,4.65,4.65,4.46,4.49,26722851,231482832.00
2012/07/17,4.47,4.57,4.47,4.53,14251568,123460424.00
2012/07/18,4.53,4.58,4.45,4.56,21613019,186671600.00
2012/07/19,4.54,4.65,4.53,4.60,24241435,212826288.00
2012/07/20,4.58,4.59,4.51,4.54,13350751,116068368.00
2012/07/23,4.49,4.50,4.33,4.37,26496428,224186848.00
2012/07/24,4.34,4.38,4.31,4.34,20558885,172201840.00
2012/07/25,4.33,4.40,4.32,4.35,15154807,127069776.00
2012/07/26,4.35,4.39,4.33,4.34,14958882,125525096.00
2012/07/27,4.36,4.46,4.35,4.40,21539788,182724176.00
2012/07/30,4.42,4.53,4.40,4.44,24317381,207945696.00
2012/07/31,4.44,4.65,4.44,4.61,57124782,497777888.00
2012/08/01,4.61,4.65,4.58,4.64,33471927,294368640.00
2012/08/02,4.63,4.69,4.59,4.66,27068040,239341840.00
2012/08/03,4.67,4.67,4.61,4.65,17683919,156199984.00
2012/08/06,4.64,4.67,4.59,4.65,18676695,164784112.00
2012/08/07,4.63,4.65,4.60,4.63,12836719,113157000.00
2012/08/08,4.63,4.72,4.63,4.72,21521086,191915888.00
2012/08/09,4.72,4.77,4.67,4.76,19455126,174212400.00
2012/08/10,4.85,4.87,4.76,4.77,35062279,319329280.00
2012/08/13,4.77,4.79,4.72,4.73,17183286,155108912.00
2012/08/14,4.72,4.77,4.70,4.75,12455008,111947216.00
2012/08/15,4.73,4.75,4.61,4.61,18666821,165237312.00
2012/08/16,4.61,4.64,4.54,4.56,12851108,112396912.00
2012/08/17,4.56,4.63,4.56,4.63,12940736,113619840.00
2012/08/20,4.61,4.63,4.51,4.56,10869082,94595288.00
2012/08/21,4.56,4.58,4.54,4.55,14473038,126109960.00
2012/08/22,4.56,4.57,4.51,4.55,11574433,100551632.00
2012/08/23,4.56,4.59,4.52,4.57,10860689,94626480.00
2012/08/24,4.57,4.57,4.51,4.53,9351671,81209216.00
2012/08/27,4.51,4.53,4.44,4.48,14031554,120465728.00
2012/08/28,4.50,4.68,4.48,4.63,22373217,195985776.00
2012/08/29,4.60,4.63,4.58,4.60,12361712,108495320.00
2012/08/30,4.54,4.66,4.52,4.63,15879334,139757152.00
2012/08/31,4.61,4.65,4.56,4.58,10305784,90553656.00
2012/09/03,4.58,4.60,4.54,4.54,17077328,148769520.00
2012/09/04,4.54,4.56,4.34,4.38,29247009,248815280.00
2012/09/05,4.36,4.38,4.22,4.24,36180515,299519968.00
2012/09/06,4.26,4.30,4.22,4.29,19266310,159094688.00
2012/09/07,4.31,4.55,4.28,4.47,55286124,469673088.00
2012/09/10,4.44,4.47,4.40,4.42,36388600,309249344.00
2012/09/11,4.40,4.41,4.33,4.35,23380590,196545296.00
2012/09/12,4.40,4.43,4.33,4.36,20663655,174234048.00
2012/09/13,4.37,4.40,4.35,4.35,12291407,103507520.00
2012/09/14,4.38,4.44,4.35,4.40,24915692,210946816.00
2012/09/17,4.39,4.40,4.28,4.29,19714047,164947088.00
2012/09/18,4.28,4.29,4.24,4.25,12985291,107094240.00
2012/09/19,4.26,4.28,4.22,4.25,16070055,132063312.00
2012/09/20,4.24,4.24,4.08,4.09,30990915,250222352.00
2012/09/21,4.08,4.11,4.03,4.06,24835430,197243984.00
2012/09/24,4.02,4.07,3.97,4.04,17152785,135038880.00
2012/09/25,4.03,4.05,3.99,4.01,8264355,65081716.00
2012/09/26,3.99,4.03,3.97,3.97,11479992,89871696.00
2012/09/27,3.97,4.15,3.96,4.08,32909396,261516960.00
2012/09/28,4.04,4.13,4.04,4.13,24704568,197049872.00
2012/10/08,4.11,4.16,4.08,4.12,16740223,134396080.00
2012/10/09,4.13,4.26,4.12,4.24,29195696,238578816.00
2012/10/10,4.22,4.24,4.19,4.23,12959508,106015656.00
2012/10/11,4.22,4.23,4.20,4.21,11956398,97748848.00
2012/10/12,4.23,4.30,4.22,4.25,24472752,201792640.00
2012/10/15,4.25,4.26,4.16,4.19,12286302,100248576.00
2012/10/16,4.20,4.38,4.20,4.33,43363925,361588608.00
2012/10/17,4.33,4.36,4.29,4.34,23009897,192366976.00
2012/10/18,4.35,4.41,4.34,4.40,20531027,173335872.00
2012/10/19,4.39,4.40,4.36,4.38,11545189,97320168.00
2012/10/22,4.36,4.45,4.35,4.44,18104853,153518176.00
2012/10/23,4.44,4.45,4.35,4.36,12931665,109545672.00
2012/10/24,4.37,4.42,4.35,4.38,12289080,103784912.00
2012/10/25,4.38,4.41,4.35,4.35,15026513,126627976.00
2012/10/26,4.38,4.40,4.26,4.28,21827664,182002784.00
2012/10/29,4.27,4.33,4.26,4.29,8675168,72084712.00
2012/10/30,4.30,4.36,4.26,4.31,13348950,111007168.00
2012/10/31,4.33,4.36,4.29,4.33,13685693,114320720.00
2012/11/01,4.34,4.47,4.33,4.44,29978151,254172080.00
2012/11/02,4.43,4.60,4.42,4.58,64874679,561200640.00
2012/11/05,4.56,4.65,4.52,4.60,44064028,386373312.00
2012/11/06,4.59,4.60,4.47,4.56,26134081,226222672.00
2012/11/07,4.54,4.57,4.49,4.54,12983073,112657888.00
2012/11/08,4.48,4.53,4.42,4.43,18854298,161623248.00
2012/11/09,4.42,4.46,4.40,4.42,9632439,82030496.00
2012/11/12,4.45,4.53,4.44,4.52,18568029,159760384.00
2012/11/13,4.52,4.52,4.38,4.39,18440385,156769088.00
2012/11/14,4.39,4.45,4.37,4.43,13310690,112901344.00
2012/11/15,4.39,4.41,4.33,4.33,9913598,83475800.00
2012/11/16,4.33,4.35,4.28,4.29,13682499,113780024.00
2012/11/19,4.30,4.35,4.29,4.33,7840712,65418424.00
2012/11/20,4.36,4.38,4.31,4.31,8940852,74828040.00
2012/11/21,4.32,4.42,4.31,4.41,13979785,117748168.00
2012/11/22,4.39,4.41,4.33,4.37,10290290,86636712.00
2012/11/23,4.38,4.51,4.37,4.49,32401935,277833248.00
2012/11/26,4.45,4.50,4.45,4.45,10326566,88561232.00
2012/11/27,4.45,4.50,4.44,4.45,22728132,194974928.00
2012/11/28,4.44,4.46,4.38,4.40,12693059,107818480.00
2012/11/29,4.39,4.42,4.33,4.37,16249245,136600736.00
2012/11/30,4.35,4.40,4.31,4.38,18555356,155954208.00
2012/12/03,4.36,4.36,4.12,4.15,74841539,608852992.00
2012/12/04,4.11,4.22,4.07,4.20,27491020,222002288.00
2012/12/05,4.19,4.51,4.17,4.47,77216901,654457280.00
2012/12/06,4.44,4.56,4.44,4.54,47255211,408087424.00
2012/12/07,4.54,4.83,4.51,4.81,80534336,721037120.00
2012/12/10,4.86,4.88,4.78,4.84,64111837,586296192.00
2012/12/11,4.83,4.89,4.77,4.85,35513426,324556736.00
2012/12/12,4.83,4.95,4.81,4.90,34418216,318159488.00
2012/12/13,4.89,4.93,4.81,4.82,26667299,245492288.00
2012/12/14,4.79,5.39,4.79,5.29,84120450,808934080.00
2012/12/17,5.33,5.34,5.20,5.28,56454021,555142400.00
2012/12/18,5.25,5.39,5.19,5.30,58998292,583554496.00
2012/12/19,5.28,5.33,5.27,5.28,33027086,325920800.00
2012/12/20,5.26,5.28,5.08,5.21,56697372,547607232.00
2012/12/21,5.21,5.23,5.10,5.13,34753092,335006144.00
2012/12/24,5.12,5.26,5.11,5.20,42952907,417705152.00
2012/12/25,5.19,5.56,5.14,5.47,82680709,829177600.00
2012/12/26,5.46,5.48,5.35,5.41,44266662,444292416.00
2012/12/27,5.42,5.50,5.32,5.38,34854348,349679520.00
2012/12/28,5.40,5.51,5.38,5.47,25635987,259007072.00
2012/12/31,5.49,5.63,5.49,5.61,53961371,556460736.00
2013/01/04,5.76,5.81,5.55,5.60,62240129,647400128.00
2013/01/07,5.59,5.76,5.56,5.67,29429329,307059392.00
2013/01/08,5.69,5.72,5.48,5.53,40073802,410805984.00
2013/01/09,5.52,5.54,5.42,5.45,34803651,352892960.00
2013/01/10,5.45,5.54,5.43,5.47,25982163,263361728.00
2013/01/11,5.47,5.49,5.33,5.36,27125736,272079840.00
2013/01/14,5.33,5.72,5.32,5.68,59575128,612251136.00
2013/01/15,5.67,5.78,5.65,5.72,41841953,438985056.00
2013/01/16,5.70,5.70,5.48,5.58,29059849,300088672.00
2013/01/17,5.56,5.67,5.48,5.61,26747111,274610368.00
2013/01/18,5.64,5.81,5.63,5.74,38960749,409751840.00
2013/01/21,5.77,5.89,5.67,5.88,60097653,642175040.00
2013/01/22,5.88,6.19,5.80,6.11,105110526,1158996480.00
2013/01/23,6.06,6.21,6.02,6.15,54969842,612357824.00
2013/01/24,6.15,6.41,5.90,6.02,83466002,937974144.00
2013/01/25,6.03,6.10,5.95,6.05,37667923,414908768.00
2013/01/28,6.07,6.37,6.07,6.33,65020986,741294528.00
2013/01/29,6.36,6.55,6.26,6.45,94112374,1090865920.00
2013/01/30,6.45,6.45,6.15,6.37,48773601,561878784.00
2013/01/31,6.40,6.45,6.28,6.44,54137084,624545664.00
2013/02/01,6.38,6.67,6.35,6.65,76800916,905997184.00
2013/02/04,6.71,6.94,6.67,6.72,95440806,1162773760.00
2013/02/05,6.67,6.74,6.47,6.60,56002368,666001024.00
2013/02/06,6.59,6.82,6.53,6.79,57144236,684762176.00
2013/02/07,6.76,6.80,6.29,6.48,81253673,954667968.00
2013/02/08,6.46,6.56,6.30,6.55,55368790,646925440.00
2013/02/18,6.60,6.60,6.31,6.34,45887539,533290816.00
2013/02/19,6.34,6.39,6.17,6.25,41229942,468874624.00
2013/02/20,6.26,6.27,5.95,6.12,52840648,585218880.00
2013/02/21,6.03,6.06,5.75,5.81,58656592,631663744.00
2013/02/22,5.78,5.92,5.74,5.77,41436373,443868000.00
2013/02/25,5.84,5.94,5.82,5.90,31639207,341033344.00
2013/02/26,5.83,6.15,5.81,5.85,48174562,527937888.00
2013/02/27,5.88,6.04,5.74,5.90,42109646,454163872.00
2013/02/28,5.96,6.19,5.86,6.18,51877092,573159808.00
2013/03/01,6.18,6.25,5.99,6.14,46358774,518808992.00
2013/03/04,5.99,6.03,5.65,5.71,52362701,559638144.00
2013/03/05,5.71,6.13,5.70,6.06,53887893,584748416.00
2013/03/06,6.11,6.18,6.01,6.08,45636681,507332064.00
2013/03/07,6.03,6.06,5.74,5.84,44663434,484815520.00
2013/03/08,5.87,5.99,5.80,5.90,29351299,316983360.00
2013/03/11,5.88,5.91,5.76,5.82,26214979,280494528.00
2013/03/12,5.81,5.88,5.52,5.58,45296115,472714496.00
2013/03/13,5.57,5.66,5.54,5.58,27117760,279969728.00
2013/03/14,5.59,5.68,5.56,5.62,20223335,209748352.00
2013/03/15,5.63,5.92,5.55,5.65,44355636,468257280.00
2013/03/18,5.61,5.74,5.58,5.65,28548256,298505728.00
2013/03/19,5.68,5.77,5.63,5.76,25074634,262788752.00
2013/03/20,5.77,6.17,5.75,6.14,63762653,698582528.00
2013/03/21,6.14,6.20,6.03,6.10,55541559,619620928.00
2013/03/22,6.08,6.17,6.04,6.15,34383177,383106560.00
2013/03/25,6.16,6.25,6.06,6.07,27784612,310343360.00
2013/03/26,6.03,6.05,5.80,5.84,42142318,453588640.00
2013/03/27,5.86,6.02,5.84,5.91,31212061,338108384.00
2013/03/28,5.64,5.64,5.22,5.48,88640119,893535616.00
2013/03/29,5.47,5.69,5.40,5.68,74351075,765829824.00
2013/04/01,5.62,5.65,5.54,5.54,18084637,186563216.00
2013/04/02,5.58,5.65,5.54,5.58,24064853,248542032.00
2013/04/03,5.60,5.71,5.60,5.64,23497537,244940928.00
2013/04/08,5.50,5.58,5.46,5.55,18271556,186847216.00
2013/04/09,5.57,5.63,5.52,5.54,24358562,250771008.00
2013/04/10,5.54,5.56,5.42,5.47,14169893,143902416.00
2013/04/11,5.55,5.56,5.46,5.49,11342935,115474192.00
2013/04/12,5.49,5.54,5.45,5.51,18849991,192153280.00
2013/04/15,5.51,5.54,5.46,5.49,16866437,171545136.00
2013/04/16,5.45,5.53,5.36,5.49,21615487,218204912.00
2013/04/17,5.50,5.50,5.36,5.43,16304679,163856256.00
2013/04/18,5.36,5.54,5.26,5.50,33119645,333660416.00
2013/04/19,5.50,5.86,5.49,5.78,51958149,545063104.00
2013/04/22,5.75,5.82,5.72,5.77,25703109,272193280.00
2013/04/23,5.85,5.86,5.44,5.47,39088286,402398656.00
2013/04/24,5.51,5.74,5.44,5.63,32544777,334516224.00
2013/04/25,5.62,5.62,5.49,5.51,22562431,231343728.00
2013/04/26,5.66,5.81,5.63,5.69,50156004,528552992.00
2013/05/02,5.64,5.80,5.62,5.76,28839493,304139648.00
2013/05/03,5.80,6.03,5.78,5.89,38019862,411740704.00
2013/05/06,5.93,6.00,5.85,5.93,45325537,491382496.00
2013/05/07,5.89,5.89,5.78,5.83,30934046,330398784.00
2013/05/08,5.87,5.94,5.81,5.83,27727326,297923328.00
2013/05/09,5.83,5.85,5.66,5.72,27860745,294055392.00
2013/05/10,5.72,5.81,5.69,5.78,18108813,191639152.00
2013/05/13,5.78,5.81,5.72,5.76,14977210,158581792.00
2013/05/14,5.76,5.76,5.65,5.70,16170260,169690048.00
2013/05/15,5.70,5.75,5.68,5.71,16092626,169226848.00
2013/05/16,5.70,5.90,5.65,5.90,37653329,400926656.00
2013/05/17,5.88,5.95,5.83,5.94,49385048,533778976.00
2013/05/20,5.96,6.11,5.91,6.00,52953796,581787776.00
2013/05/21,5.98,6.01,5.91,5.95,25640007,279138944.00
2013/05/22,5.95,6.01,5.94,5.99,24477245,266831648.00
2013/05/23,5.96,6.00,5.85,5.86,24094033,261121472.00
2013/05/24,5.86,5.94,5.80,5.85,32310447,346325632.00
2013/05/27,5.83,5.88,5.76,5.79,29237201,311838208.00
2013/05/28,5.79,5.99,5.76,5.98,39938384,430774432.00
2013/05/29,6.00,6.03,5.91,5.92,30015794,327217472.00
2013/05/30,5.91,5.95,5.85,5.87,31033052,334352800.00
2013/05/31,5.90,5.92,5.81,5.83,21616442,232595488.00
2013/06/03,5.86,5.92,5.82,5.84,18041132,194010512.00
2013/06/04,5.84,5.88,5.81,5.83,20813458,222889184.00
2013/06/05,5.82,5.84,5.74,5.76,18508786,196615680.00
2013/06/06,5.75,5.78,5.63,5.63,22532526,235908352.00
2013/06/07,5.66,5.68,5.54,5.55,18708737,193277136.00
2013/06/13,5.52,5.52,5.33,5.38,27548549,275073472.00
2013/06/14,5.40,5.44,5.37,5.42,18984573,190358624.00
2013/06/17,5.46,5.47,5.38,5.40,12688805,127646008.00
2013/06/18,5.45,5.50,5.41,5.45,11160821,112843376.00
2013/06/19,5.44,5.44,5.29,5.36,13720982,136320048.00
2013/06/20,5.33,5.35,5.06,5.08,25026768,243108640.00
2013/06/21,4.98,5.15,4.96,5.05,18585108,176604816.00
2013/06/24,5.04,5.04,4.53,4.54,45202123,406700896.00
2013/06/25,4.53,4.57,4.09,4.54,70095909,589290752.00
2013/06/26,4.58,4.62,4.39,4.47,39230665,338028480.00
2013/06/27,4.52,4.57,4.46,4.53,31926081,275988096.00
2013/06/28,4.50,4.78,4.46,4.76,37393435,330926528.00
2013/07/01,4.69,4.74,4.60,4.69,19706104,175354048.00
2013/07/02,4.70,4.72,4.62,4.67,16458997,146009792.00
2013/07/03,4.65,4.65,4.46,4.54,24566432,213055216.00
2013/07/04,4.49,4.67,4.47,4.58,25616741,224277216.00
2013/07/05,4.60,4.67,4.58,4.58,14493519,127641056.00
2013/07/08,4.51,4.56,4.47,4.48,18828915,162314656.00
2013/07/09,4.49,4.54,4.49,4.52,8255702,71337400.00
2013/07/10,4.51,4.67,4.51,4.67,16348913,143512352.00
2013/07/11,4.69,5.19,4.69,5.09,67967729,636287808.00
2013/07/12,5.03,5.09,4.85,4.88,40000324,374274560.00
2013/07/15,4.92,5.10,4.90,4.98,30910516,290841088.00
2013/07/16,4.98,5.02,4.87,5.02,21694186,202014944.00
2013/07/17,4.99,5.03,4.89,4.92,25210522,235431248.00
2013/07/18,4.96,4.99,4.84,4.85,28783876,266734240.00
2013/07/19,4.87,4.92,4.76,4.76,23540852,215675712.00
2013/07/22,4.68,4.79,4.62,4.76,21466572,192053808.00
2013/07/23,4.78,4.97,4.74,4.92,35500035,327573504.00
2013/07/24,4.90,4.93,4.65,4.78,45560930,299728096.00
2013/07/25,4.75,4.79,4.66,4.71,29542597,193233376.00
2013/07/26,4.68,4.71,4.63,4.65,17191718,111102280.00
2013/07/29,4.58,4.58,4.38,4.43,44766415,278276256.00
2013/07/30,4.47,4.60,4.45,4.51,34227476,215102224.00
2013/07/31,4.54,4.62,4.48,4.57,22425767,141513168.00
2013/08/01,4.57,4.66,4.55,4.63,29149138,186645104.00
2013/08/02,4.68,4.72,4.62,4.65,29430755,190190048.00
2013/08/05,4.66,4.77,4.64,4.76,28121451,183004080.00
2013/08/06,4.73,4.79,4.69,4.77,22833969,149510656.00
2013/08/07,4.77,4.84,4.75,4.79,24096872,159691120.00
2013/08/08,4.78,4.86,4.73,4.84,27318048,181093648.00
2013/08/09,4.89,4.98,4.83,4.86,51779016,348834464.00
2013/08/12,4.88,5.04,4.86,5.02,55771721,380909248.00
2013/08/13,4.99,5.08,4.98,5.06,40775995,281778112.00
2013/08/14,5.06,5.16,5.01,5.03,43992767,307010144.00
2013/08/15,5.01,5.07,4.91,4.94,32945860,225745584.00
2013/08/16,4.90,5.51,4.85,5.00,100140859,701038912.00
2013/08/19,4.91,5.13,4.88,5.07,42520997,292665184.00
2013/08/20,5.05,5.19,5.03,5.08,54564649,382267008.00
2013/08/21,5.09,5.13,5.00,5.02,29053917,200922592.00
2013/08/22,5.01,5.13,5.00,5.03,25046500,174031776.00
2013/08/23,5.07,5.11,4.88,4.98,33803480,232326880.00
2013/08/26,5.00,5.11,4.95,5.09,43611559,303014848.00
2013/08/27,5.09,5.16,5.05,5.11,32379467,226442016.00
2013/08/28,5.08,5.12,5.01,5.08,34146456,237249200.00
2013/08/29,5.12,5.15,5.03,5.08,28824496,200969120.00
2013/08/30,5.08,5.13,5.03,5.09,33255828,231871552.00
2013/09/02,5.11,5.15,5.05,5.12,36798128,257676512.00
2013/09/03,5.14,5.28,5.11,5.27,63604523,453575680.00
2013/09/04,5.25,5.34,5.23,5.25,40395943,291160640.00
2013/09/05,5.27,5.27,5.20,5.21,20203529,144227968.00
2013/09/06,5.19,5.33,5.18,5.28,39044372,280049504.00
2013/09/09,5.37,5.83,5.36,5.74,139679234,1067339456.00
2013/09/10,5.78,5.83,5.60,5.80,106643907,826152768.00
2013/09/11,5.81,5.93,5.78,5.80,69381994,547247104.00
2013/09/12,5.80,6.26,5.73,6.08,114067781,925008704.00
2013/09/13,6.03,6.19,5.98,6.04,70375366,574049536.00
2013/09/16,6.12,6.13,5.91,6.00,62616830,506606112.00
2013/09/17,6.02,6.04,5.77,5.78,53403979,423309088.00
2013/09/18,5.77,5.87,5.70,5.83,32783582,256784272.00
2013/09/23,5.86,5.89,5.77,5.85,34488924,271111424.00
2013/09/24,5.80,5.82,5.62,5.66,43219003,332229312.00
2013/09/25,5.65,5.73,5.59,5.62,27189158,208080560.00
2013/09/26,5.59,5.61,5.43,5.44,30490103,227314320.00
2013/09/27,5.42,5.51,5.40,5.48,20621683,153011712.00
2013/09/30,5.52,5.57,5.48,5.50,20279942,151998864.00
2013/10/08,5.48,5.63,5.40,5.58,26319261,197328048.00
2013/10/09,5.54,5.68,5.53,5.66,30270192,230843600.00
2013/10/10,5.69,5.71,5.53,5.54,28328188,215072080.00
2013/10/11,5.60,5.71,5.57,5.69,38980852,297815936.00
2013/10/14,5.68,5.68,5.58,5.61,26650977,202775104.00
2013/10/15,5.61,5.63,5.50,5.53,22919079,172545680.00
2013/10/16,5.51,5.53,5.41,5.43,21278158,157882672.00
2013/10/17,5.48,5.51,5.42,5.43,17250765,128034352.00
2013/10/18,5.45,5.55,5.43,5.48,18760548,139876128.00
2013/10/21,5.49,5.58,5.43,5.56,31448625,234827392.00
2013/10/22,5.53,5.53,5.43,5.45,20587220,153101232.00
2013/10/23,5.48,5.69,5.46,5.49,39279813,296542272.00
2013/10/24,5.48,5.59,5.45,5.49,25521316,190977168.00
2013/10/25,5.52,5.67,5.51,5.58,45379022,343877280.00
2013/10/28,5.61,5.63,5.54,5.60,22145042,167619136.00
2013/10/29,5.63,5.97,5.62,5.83,88878286,694685440.00
2013/10/30,5.87,5.94,5.79,5.93,59015793,466808192.00
2013/10/31,5.95,5.95,5.79,5.80,56116030,443130272.00
2013/11/01,5.80,5.92,5.76,5.86,45282874,356977824.00
2013/11/04,5.91,5.93,5.78,5.79,37291560,294568896.00
2013/11/05,5.74,5.78,5.64,5.73,36869141,284333504.00
2013/11/06,5.69,5.70,5.58,5.58,32593876,249190224.00
2013/11/07,5.58,5.66,5.57,5.61,23180796,176349584.00
2013/11/08,5.58,5.66,5.57,5.58,20334336,154570368.00
2013/11/11,5.61,5.73,5.57,5.68,25238188,192847120.00
2013/11/12,5.70,5.83,5.68,5.82,39275471,306131872.00
2013/11/13,5.76,5.78,5.64,5.65,36355035,280380128.00
2013/11/14,5.68,5.68,5.55,5.60,31878683,242775024.00
2013/11/15,5.61,5.82,5.58,5.75,49396016,383596896.00
2013/11/18,5.78,6.01,5.74,6.00,78149725,619702848.00
2013/11/19,6.00,6.01,5.90,5.92,44861981,359288192.00
2013/11/20,5.96,6.05,5.93,6.01,39184992,315671392.00
2013/11/21,5.98,6.02,5.88,6.01,40905668,326815776.00
2013/11/22,6.01,6.03,5.92,5.93,25303246,203246704.00
2013/11/25,5.89,6.01,5.89,5.92,24206205,193890288.00
2013/11/26,5.93,5.98,5.91,5.94,21294318,170919808.00
2013/11/27,5.95,6.08,5.93,6.03,33366955,269988544.00
2013/11/28,6.03,6.24,6.03,6.16,47334255,389726432.00
2013/11/29,6.22,6.25,6.10,6.13,28868164,238750592.00
2013/12/02,6.12,6.50,6.12,6.29,84908508,717027072.00
2013/12/03,6.28,6.53,6.23,6.46,79497392,678365376.00
2013/12/04,6.43,6.63,6.40,6.60,87273770,762160512.00
2013/12/05,6.61,6.61,6.34,6.38,112917863,974232064.00
2013/12/06,6.33,6.38,6.28,6.34,35467630,300132160.00
2013/12/09,6.38,6.42,6.18,6.19,45035039,377585536.00
2013/12/10,6.21,6.26,6.16,6.21,24089506,200501792.00
2013/12/11,6.18,6.18,6.04,6.10,31893288,261626896.00
2013/12/12,6.08,6.14,6.07,6.09,19457602,159522816.00
2013/12/13,6.03,6.11,5.98,6.08,20649349,167929200.00
2013/12/16,6.12,6.24,6.01,6.06,29751103,244550304.00
2013/12/17,6.08,6.11,6.03,6.04,15450000,125763720.00
2013/12/18,6.05,6.13,6.03,6.06,15180608,123608776.00
2013/12/19,6.09,6.11,5.82,5.83,35429831,283198336.00
2013/12/20,5.83,5.85,5.57,5.58,48577640,372865600.00
2013/12/23,5.63,5.72,5.53,5.64,24679544,188329104.00
2013/12/24,5.68,5.73,5.57,5.64,17931775,137483840.00
2013/12/25,5.65,5.73,5.58,5.67,20781631,159337408.00
2013/12/26,5.66,5.98,5.62,5.88,95777426,751759680.00
2013/12/27,5.86,6.23,5.83,6.11,62749151,508387776.00
2013/12/30,6.11,6.31,6.05,6.25,74845879,623828096.00
2013/12/31,6.20,6.46,6.18,6.42,89627584,761296384.00
2014/01/02,6.37,6.37,6.14,6.19,37610633,312566016.00
2014/01/03,6.15,6.15,5.94,5.99,29878459,241173984.00
2014/01/06,6.03,6.07,5.78,5.83,34358547,272247264.00
2014/01/07,5.79,5.87,5.73,5.81,21266442,166163360.00
2014/01/08,5.83,5.98,5.78,5.95,29337361,233617792.00
2014/01/09,5.93,6.08,5.91,5.95,26248054,211751680.00
2014/01/10,5.91,6.11,5.85,6.08,32096672,259806064.00
2014/01/13,6.08,6.16,6.03,6.11,27266972,222984160.00
2014/01/14,6.12,6.18,6.04,6.12,23792053,194998112.00
2014/01/15,6.11,6.11,5.88,5.95,27939691,224945184.00
2014/01/16,5.95,6.08,5.85,6.02,20272185,163137168.00
2014/01/17,5.97,6.02,5.89,5.91,18778027,150125536.00
2014/01/20,5.90,5.94,5.85,5.87,11868693,94156744.00
2014/01/21,5.89,6.01,5.87,5.92,12237490,97770104.00
2014/01/22,5.92,6.08,5.89,6.07,25776460,208499424.00
2014/01/23,6.03,6.06,5.96,5.96,16970887,136868560.00
2014/01/24,5.93,6.13,5.93,6.04,24239418,197143760.00
2014/01/27,6.08,6.13,5.94,6.03,23722233,192428016.00
2014/01/28,6.07,6.15,6.03,6.15,25465200,208564128.00
2014/01/29,6.17,6.27,6.13,6.23,27992665,233568448.00
2014/01/30,6.20,6.23,6.08,6.08,17118027,141074784.00
2014/02/07,6.03,6.06,5.94,6.03,18269518,147590848.00
2014/02/10,6.07,6.16,6.03,6.14,23922411,196477024.00
2014/02/11,6.15,6.42,6.08,6.30,55031301,463085920.00
2014/02/12,6.26,6.36,6.19,6.23,36288626,304453536.00
2014/02/13,6.21,6.46,6.15,6.32,66872880,566285056.00
2014/02/14,6.27,6.33,6.23,6.29,27056193,227420240.00
2014/02/17,6.33,6.38,6.20,6.26,32564999,272694816.00
2014/02/18,6.23,6.24,6.01,6.03,41720479,341117152.00
2014/02/19,6.03,6.33,6.01,6.27,57648770,479213696.00
2014/02/20,6.28,6.35,6.09,6.11,41782550,348641984.00
2014/02/21,6.11,6.12,6.03,6.07,26753329,217925264.00
2014/02/24,6.03,6.03,5.86,5.89,26806107,213209376.00
2014/02/25,5.89,5.98,5.78,5.81,27150726,215322736.00
2014/02/26,5.82,5.88,5.73,5.78,20097040,157228144.00
2014/02/27,5.80,6.28,5.75,6.10,72150360,589840576.00
2014/02/28,6.03,6.15,5.95,6.08,31441001,255761200.00
2014/03/03,6.02,6.11,5.93,5.98,27673892,223640560.00
2014/03/04,6.01,6.11,5.92,6.03,25744446,207936656.00
2014/03/05,6.07,6.15,6.00,6.05,26294830,214624016.00
2014/03/06,6.02,6.22,5.99,6.13,36830162,303028672.00
2014/03/07,6.09,6.21,5.98,6.00,31910151,261827488.00
2014/03/10,5.94,5.98,5.74,5.75,43085042,339189440.00
2014/03/11,5.75,5.88,5.75,5.84,32559343,255752800.00
2014/03/12,5.83,6.03,5.81,5.94,36018850,287088000.00
2014/03/13,5.98,6.18,5.98,6.04,26511546,216373472.00
2014/03/14,6.00,6.08,5.93,5.98,21285065,171623168.00
2014/03/17,6.08,6.09,5.96,5.99,14860494,119891288.00
2014/03/18,5.99,6.03,5.93,5.94,15761617,126638976.00
2014/03/19,5.93,5.94,5.88,5.93,16372322,130213088.00
2014/03/20,5.93,6.01,5.89,5.89,16834492,135115776.00
2014/03/21,5.86,6.23,5.86,6.20,56885939,466414944.00
2014/03/24,6.27,6.35,6.22,6.24,55730008,469086848.00
2014/03/25,6.23,6.25,6.12,6.15,21954813,182173728.00
2014/03/26,6.17,6.21,6.08,6.10,17227636,141592544.00
2014/03/27,6.09,6.28,6.03,6.21,37906786,313849344.00
2014/03/28,6.18,6.29,6.14,6.18,23741244,197869776.00
2014/03/31,6.23,6.33,6.13,6.31,29770625,249240560.00
2014/04/01,6.27,6.33,6.21,6.27,15317856,128625984.00
2014/04/02,6.28,6.36,6.26,6.32,26849761,226981376.00
2014/04/03,6.34,6.42,6.22,6.27,26771300,226788320.00
2014/04/04,6.22,6.43,6.21,6.38,29934058,254159552.00
2014/04/08,6.38,6.88,6.36,6.72,84638290,747976832.00
2014/04/09,6.69,6.73,6.64,6.69,33677750,299412704.00
2014/04/10,6.70,6.85,6.67,6.72,57613000,516387808.00
2014/04/11,6.70,6.75,6.62,6.68,40490334,359845152.00
2014/04/14,6.66,6.68,6.53,6.57,26765435,234458112.00
2014/04/15,6.53,6.55,6.29,6.37,31406467,268428048.00
2014/04/16,6.34,6.47,6.33,6.43,22950043,196881280.00
2014/04/17,6.45,6.48,6.31,6.39,25497727,217051280.00
2014/04/18,6.33,6.36,6.22,6.32,36865102,310191392.00
2014/04/21,6.28,6.34,6.18,6.18,33390851,279778944.00
2014/04/22,6.18,6.35,6.17,6.33,28424428,238190016.00
2014/04/23,6.32,6.33,6.23,6.24,23120877,193880896.00
2014/04/24,6.25,6.33,6.20,6.27,26160558,219774000.00
2014/04/25,6.31,6.68,6.27,6.33,83114476,713404736.00
2014/04/28,6.39,6.59,6.33,6.48,58668861,505297696.00
2014/04/29,6.50,6.50,6.34,6.45,35208400,301883104.00
2014/04/30,6.46,6.47,6.32,6.35,25559085,217874736.00
2014/05/05,6.28,6.34,6.19,6.28,29540788,247260528.00
2014/05/06,6.26,6.37,6.23,6.28,22524120,189649088.00
2014/05/07,6.26,6.28,6.21,6.21,13012404,108699184.00
2014/05/08,6.19,6.30,6.18,6.18,24640029,205546208.00
2014/05/09,6.23,6.23,6.15,6.18,14638149,121393696.00
2014/05/12,6.21,6.31,6.17,6.27,21009136,176075632.00
2014/05/13,6.27,6.29,6.24,6.28,10900268,91408264.00
2014/05/14,6.28,6.33,6.23,6.26,12283504,103133224.00
2014/05/15,6.25,6.32,6.22,6.23,11774923,98792464.00
2014/05/16,6.25,6.36,6.23,6.34,25771226,217870624.00
2014/05/19,6.30,6.32,6.18,6.22,15536944,129571496.00
2014/05/20,6.25,6.27,6.18,6.22,8383469,69855672.00
2014/05/21,6.18,6.27,6.12,6.24,13103259,109150240.00
2014/05/22,6.23,6.47,6.22,6.23,40081782,339416480.00
2014/05/23,6.21,6.31,6.21,6.28,21894959,183360080.00
2014/05/26,6.34,6.36,6.24,6.28,15809528,132966240.00
2014/05/27,6.28,6.29,6.19,6.22,19706852,164657088.00
2014/05/28,6.22,6.24,6.18,6.23,23588368,196222288.00
2014/05/29,6.24,6.25,6.16,6.18,15030520,124952056.00
2014/05/30,6.17,6.21,6.15,6.16,11838175,98049704.00
2014/06/03,6.17,6.21,6.10,6.11,15215672,125654440.00
2014/06/04,6.11,6.11,5.95,6.00,26563818,214334944.00
2014/06/05,6.00,6.08,5.98,6.07,14194146,115156472.00
2014/06/06,6.07,6.11,6.00,6.03,11898959,96846512.00
2014/06/09,6.03,6.12,6.01,6.06,11251208,91640592.00
2014/06/10,6.08,6.13,6.01,6.10,18389831,150082880.00
2014/06/11,6.09,6.10,6.04,6.05,12889505,104963264.00
2014/06/12,6.05,6.09,6.04,6.06,7799548,63617552.00
2014/06/13,6.06,6.21,6.04,6.18,26352684,217132400.00
2014/06/16,6.18,6.27,6.13,6.25,21816209,181605568.00
2014/06/17,6.23,6.23,6.12,6.17,15284757,126499904.00
2014/06/18,6.15,6.21,6.14,6.15,11238337,93060648.00
2014/06/19,6.16,6.18,6.06,6.08,11065000,90766840.00
2014/06/20,6.08,6.17,6.08,6.15,10833403,88922648.00
2014/06/23,6.14,6.17,6.06,6.08,13513981,110638648.00
2014/06/24,6.09,6.12,6.05,6.08,14082239,114944448.00
2014/06/25,6.08,6.09,6.03,6.06,12253036,99701888.00
2014/06/26,6.08,6.13,6.06,6.08,9945007,81382240.00
2014/06/27,6.09,6.11,6.06,6.07,12565244,102514248.00
2014/06/30,6.08,6.12,6.06,6.11,12952756,105939000.00
2014/07/01,6.13,6.14,6.07,6.09,11118262,90953240.00
2014/07/02,6.09,6.10,6.04,6.08,16474408,134299168.00
2014/07/03,6.08,6.11,6.06,6.11,16129485,131906000.00
2014/07/04,6.13,6.14,6.10,6.13,19020270,156327248.00
2014/07/07,6.13,6.14,6.08,6.12,14919224,122318904.00
2014/07/08,6.11,6.12,6.07,6.12,15827840,129429288.00
2014/07/09,6.11,6.12,6.03,6.04,23773611,193614992.00
2014/07/10,6.05,6.06,6.00,6.00,17549346,134657344.00
2014/07/11,6.00,6.10,5.99,6.04,12996357,100126920.00
2014/07/14,6.04,6.10,6.03,6.09,11210595,86584064.00
2014/07/15,6.10,6.16,6.08,6.09,20347728,158154944.00
2014/07/16,6.10,6.14,6.09,6.13,19531334,151854064.00
2014/07/17,6.15,6.15,6.08,6.10,9575565,74304512.00
2014/07/18,6.10,6.16,6.08,6.13,16186394,126147008.00
2014/07/21,6.12,6.15,6.11,6.14,11772045,91744568.00
2014/07/22,6.13,6.22,6.10,6.18,17937992,140827600.00
2014/07/23,6.18,6.25,6.16,6.18,20984534,165404320.00
2014/07/24,6.20,6.45,6.16,6.38,46741095,376680960.00
2014/07/25,6.39,6.49,6.36,6.43,28308941,230453488.00
2014/07/28,6.46,7.03,6.46,6.93,128710855,1104090496.00
2014/07/29,6.95,7.03,6.82,6.95,69205625,606738624.00
2014/07/30,6.91,7.18,6.82,6.85,59420847,522760256.00
2014/07/31,6.85,7.00,6.84,6.97,48122448,419532512.00
2014/08/01,6.95,7.12,6.93,6.95,69846215,618568768.00
2014/08/04,6.98,7.06,6.91,7.05,49718269,439392736.00
2014/08/05,7.04,7.05,6.92,6.98,39157563,345027872.00
2014/08/06,6.93,7.04,6.85,6.99,42137267,368770976.00
2014/08/07,7.02,7.02,6.85,6.87,39723273,346714240.00
2014/08/08,6.88,6.90,6.81,6.84,28735661,249123248.00
2014/08/11,6.87,6.96,6.84,6.93,27368445,238918256.00
2014/08/12,6.89,6.92,6.79,6.83,32487411,280129024.00
2014/08/13,6.82,6.85,6.72,6.77,36743654,314803232.00
2014/08/14,6.78,6.80,6.72,6.73,25410022,216727312.00
2014/08/15,6.74,6.80,6.72,6.77,22879470,195778736.00
2014/08/18,6.79,6.82,6.73,6.78,25480194,218058832.00
2014/08/19,6.78,6.80,6.74,6.80,24322608,208084176.00
2014/08/20,6.80,6.81,6.73,6.74,22037714,188380352.00
2014/08/21,6.74,6.75,6.58,6.65,33828583,284387872.00
2014/08/22,6.64,6.75,6.61,6.74,21040615,178009936.00
2014/08/25,6.74,6.74,6.60,6.61,29135055,244558016.00
2014/08/26,6.61,6.72,6.59,6.65,20975361,176663888.00
2014/08/27,6.65,6.69,6.61,6.65,17337419,145798304.00
2014/08/28,6.64,6.66,6.55,6.55,20013274,167011328.00
2014/08/29,6.60,6.67,6.57,6.66,17798456,148868032.00
2014/09/01,6.67,6.70,6.61,6.67,24162873,203639056.00
2014/09/02,6.69,6.80,6.64,6.79,37454835,317914912.00
2014/09/03,6.80,6.91,6.77,6.81,38244879,330583008.00
2014/09/04,6.83,6.85,6.75,6.83,36530657,313444608.00
2014/09/05,6.83,6.90,6.80,6.89,35394620,306790816.00
2014/09/09,6.89,6.90,6.80,6.83,25876911,223582848.00
2014/09/10,6.80,6.80,6.73,6.75,27248759,232901216.00
2014/09/11,6.76,6.85,6.73,6.75,30333410,260111712.00
2014/09/12,6.73,6.73,6.67,6.72,23810494,201713088.00
2014/09/15,6.69,6.70,6.65,6.68,39758979,335756864.00
2014/09/16,6.70,6.85,6.66,6.68,60255254,512037088.00
2014/09/17,6.70,6.72,6.62,6.65,35045471,295409120.00
2014/09/18,6.63,6.75,6.60,6.66,54322081,458948480.00
2014/09/19,6.68,6.72,6.64,6.68,30633581,259154272.00
2014/09/22,6.68,6.68,6.50,6.54,36727664,306362240.00
2014/09/23,6.53,6.61,6.53,6.60,20249647,168537456.00
2014/09/24,6.57,6.71,6.56,6.68,40123562,337952672.00
2014/09/25,6.72,6.74,6.63,6.65,32188267,272223712.00
2014/09/26,6.64,6.69,6.61,6.68,16892088,142233504.00
2014/09/29,6.69,6.72,6.67,6.71,32930908,279042368.00
2014/09/30,6.73,6.74,6.68,6.71,26503721,224769776.00
2014/10/08,6.73,6.75,6.66,6.75,40470656,343845120.00
2014/10/09,6.76,6.76,6.70,6.72,32291526,274957568.00
2014/10/10,6.70,6.83,6.68,6.74,44089036,375113344.00
2014/10/13,6.70,6.75,6.66,6.70,25283224,214043712.00
2014/10/14,6.69,6.74,6.66,6.70,24456775,207172080.00
2014/10/15,6.68,6.76,6.66,6.74,30037106,255440704.00
2014/10/16,6.70,6.87,6.70,6.76,75105655,645750336.00
2014/10/17,6.76,6.81,6.65,6.71,37258249,317087904.00
2014/10/20,6.75,6.76,6.69,6.75,26048646,221325312.00
2014/10/21,6.74,6.76,6.71,6.72,27574646,235053184.00
2014/10/22,6.72,6.77,6.68,6.69,36218334,307881568.00
2014/10/23,6.68,6.75,6.61,6.62,37614707,318053696.00
2014/10/24,6.64,6.65,6.58,6.60,20720987,173301472.00
2014/10/27,6.58,6.58,6.45,6.48,31704857,260764992.00
2014/10/28,6.50,6.55,6.47,6.53,48227405,397933248.00
2014/10/29,6.55,6.65,6.53,6.60,54739715,456066304.00
2014/10/30,6.60,6.73,6.56,6.68,88640910,744832512.00
2014/10/31,6.73,7.11,6.70,6.95,259667961,2268953856.00
2014/11/03,7.04,7.05,6.93,6.97,180544928,1590813568.00
2014/11/04,6.96,6.96,6.84,6.86,100168574,873397440.00
2014/11/05,6.90,6.90,6.75,6.77,114282757,980616576.00
2014/11/06,6.77,6.80,6.72,6.77,76525925,653168512.00
2014/11/07,6.77,6.96,6.75,6.80,192928868,1669162880.00
2014/11/10,6.88,7.00,6.83,6.99,199983020,1743919232.00
2014/11/11,7.05,7.37,7.00,7.18,291988813,2647920128.00
2014/11/12,7.10,7.22,7.06,7.21,105769811,951246784.00
2014/11/13,7.25,7.34,7.11,7.15,136344105,1238980608.00
2014/11/14,7.12,7.18,7.00,7.08,82684418,736724928.00
2014/11/17,7.13,7.18,6.98,6.99,73885572,657720320.00
2014/11/18,6.99,7.01,6.83,6.84,89566374,779029056.00
2014/11/19,6.83,6.85,6.77,6.80,71351173,613252480.00
2014/11/20,6.78,6.85,6.75,6.84,54647531,470177568.00
2014/11/21,6.84,6.96,6.73,6.93,109670701,947892608.00
2014/11/24,6.80,7.03,6.75,6.95,186557935,1624302976.00
2014/11/25,6.93,7.05,6.87,7.03,117949922,1034647040.00
2014/11/26,7.05,7.30,7.02,7.22,169517257,1530717184.00
2014/11/27,7.31,7.45,7.22,7.35,185699852,1716364928.00
2014/11/28,7.37,8.12,7.31,8.12,397206363,3884925696.00
2014/12/01,8.26,8.68,8.15,8.25,366054838,3845761536.00
2014/12/02,8.15,9.07,8.12,8.95,340551770,3691697152.00
2014/12/03,8.95,9.39,8.55,8.71,368915867,4128460800.00
2014/12/04,8.71,9.30,8.63,9.29,319103927,3578339584.00
2014/12/05,9.39,9.89,8.95,9.45,351567898,4125640960.00
2014/12/08,9.29,9.92,9.13,9.65,299924931,3554985984.00
2014/12/09,9.45,9.85,8.65,8.65,340409944,3981746432.00
2014/12/10,8.72,9.11,8.20,8.95,280376451,3030242816.00
2014/12/11,8.80,9.13,8.73,8.80,174334274,1943675904.00
2014/12/12,8.85,9.00,8.62,8.72,116155572,1279516544.00
2014/12/15,8.57,8.71,8.40,8.59,121296733,1291643904.00
2014/12/16,8.61,8.99,8.56,8.99,195070747,2143391232.00
2014/12/17,9.09,9.85,8.97,9.69,378870289,4455090688.00
2014/12/18,9.72,9.84,9.35,9.50,210264359,2503752960.00
2014/12/19,9.46,9.68,9.20,9.56,199726372,2364030208.00
2014/12/22,9.55,10.35,9.51,9.92,323858818,4005943296.00
2014/12/23,9.64,9.99,9.37,9.39,172970689,2085574144.00
2014/12/24,9.44,9.49,8.81,8.99,143599007,1635488000.00
2014/12/25,9.15,9.92,9.05,9.92,388298883,4703796224.00
2014/12/26,9.87,10.34,9.68,10.25,363912486,4528606720.00
2014/12/29,10.70,10.97,10.20,10.32,358146589,4714455040.00
2014/12/30,10.29,10.94,10.19,10.73,262004440,3472144640.00
2014/12/31,10.75,10.94,10.51,10.85,220222569,2942213376.00
2015/01/05,10.94,11.17,10.64,10.92,233031763,3157864448.00
2015/01/06,10.77,11.19,10.58,10.72,194576573,2614867968.00
2015/01/07,10.60,10.80,10.32,10.59,164144053,2147939328.00
2015/01/08,10.60,10.64,10.15,10.18,133523977,1707294976.00
2015/01/09,10.16,10.95,10.07,10.34,230177628,3010164736.00
2015/01/12,10.25,10.44,9.95,10.19,153002941,1938072704.00
2015/01/13,10.15,10.29,10.06,10.12,82844964,1046745856.00
2015/01/14,10.21,10.51,10.19,10.31,116269058,1493569664.00
2015/01/15,10.35,10.96,10.27,10.95,182221361,2406622208.00
2015/01/16,10.96,11.14,10.76,10.94,195295094,2659698176.00
2015/01/19,10.10,10.36,9.80,9.80,200568202,2502721280.00
2015/01/20,9.80,9.96,9.57,9.80,166576084,2029657088.00
2015/01/21,9.87,10.45,9.72,10.44,201647512,2527002624.00
2015/01/22,10.35,10.42,10.14,10.33,118712032,1515342976.00
2015/01/23,10.35,10.75,10.27,10.52,168409823,2194532096.00
2015/01/26,10.45,10.51,10.18,10.42,100653648,1288436224.00
2015/01/27,10.39,10.40,9.90,10.15,127278191,1600858752.00
2015/01/28,10.02,10.18,9.90,10.00,97380005,1212240640.00
2015/01/29,9.85,9.90,9.65,9.76,100572636,1222244992.00
2015/01/30,9.82,9.87,9.61,9.76,87223535,1057813760.00
2015/02/02,9.48,9.68,9.44,9.56,71015891,843192704.00
2015/02/03,9.65,9.79,9.45,9.78,100184623,1195219584.00
2015/02/04,9.71,9.78,9.47,9.50,77228863,927925184.00
2015/02/05,9.90,9.90,9.44,9.51,166165506,2014176512.00
2015/02/06,9.40,9.53,9.24,9.34,72797999,851798208.00
2015/02/09,9.31,9.49,9.18,9.40,80421021,936370688.00
2015/02/10,9.36,9.62,9.33,9.60,78265482,927319680.00
2015/02/11,9.57,9.62,9.48,9.55,46106924,547353600.00
2015/02/12,9.56,9.70,9.35,9.60,64935440,769107264.00
2015/02/13,9.75,10.19,9.65,9.94,214106418,2644279808.00
2015/02/16,9.83,9.89,9.71,9.80,83420225,1016806528.00
2015/02/17,9.85,9.99,9.80,9.84,70653811,867947584.00
2015/02/25,9.85,9.85,9.51,9.53,72106129,866828416.00
2015/02/26,9.54,9.85,9.43,9.82,88337104,1062140288.00
2015/02/27,9.83,9.85,9.63,9.65,125007347,1513821056.00
2015/03/02,9.69,9.72,9.56,9.65,98882346,1184452352.00
2015/03/03,9.60,9.60,9.30,9.31,95652621,1126107648.00
2015/03/04,9.31,9.40,9.22,9.27,66622493,772398208.00
2015/03/05,9.23,9.25,9.00,9.06,82613346,938000320.00
2015/03/06,9.06,9.16,9.03,9.10,51356289,583694528.00
2015/03/09,9.14,9.80,9.03,9.62,192011845,2264851200.00
2015/03/10,9.51,9.56,9.35,9.38,101868051,1197526656.00
2015/03/11,9.39,9.60,9.39,9.42,83912285,992060544.00
2015/03/12,9.64,10.25,9.59,9.94,259650819,3199457280.00
2015/03/13,10.04,10.37,9.84,9.95,191639415,2409617408.00
2015/03/16,10.08,10.20,9.89,10.07,142179539,1777500032.00
2015/03/17,10.22,10.28,10.07,10.20,141480823,1787772672.00
2015/03/18,10.22,10.40,10.16,10.39,156062374,1996701824.00
2015/03/19,10.30,10.35,10.17,10.21,115827693,1474193536.00
2015/03/20,10.18,10.50,10.04,10.29,211701852,2699671296.00
2015/03/23,10.35,10.46,10.25,10.40,152776394,1968310656.00
2015/03/24,10.35,10.46,10.22,10.30,142935150,1828445056.00
2015/03/25,10.22,10.29,10.01,10.05,132250158,1663523456.00
2015/03/26,9.97,10.27,9.90,10.11,114034425,1435803776.00
2015/03/27,10.07,10.43,9.97,10.27,139008285,1768542848.00
2015/03/30,10.37,10.74,10.33,10.63,204086828,2673458176.00
2015/03/31,10.80,10.93,10.34,10.39,188878625,2497976832.00
2015/04/01,10.37,10.60,10.33,10.45,114772257,1490906752.00
2015/04/02,10.49,10.65,10.36,10.52,131537510,1712076288.00
2015/04/03,10.49,10.69,10.43,10.67,155219802,2039263872.00
2015/04/07,10.88,11.20,10.81,11.06,212319147,2892855552.00
2015/04/08,11.06,11.28,10.86,11.27,207298675,2850318848.00
2015/04/09,11.27,11.69,11.18,11.27,234051271,3296415744.00
2015/04/10,11.27,11.88,11.15,11.80,197780701,2821689600.00
2015/04/13,12.06,12.37,11.81,12.03,219832641,3275271680.00
2015/04/14,11.96,12.69,11.66,12.42,256122871,3842567168.00
2015/04/15,12.73,13.70,12.73,13.70,249523542,4134371072.00
2015/04/16,13.91,14.12,13.39,13.94,327793724,5544304640.00
2015/04/17,14.29,14.38,13.61,13.70,236924383,4052537344.00
2015/04/20,13.79,13.83,12.75,13.11,262634642,4314239488.00
2015/04/21,12.97,13.45,12.85,13.40,182912653,2965267968.00
2015/04/22,13.47,13.60,13.24,13.55,184153878,3049918464.00
2015/04/23,13.55,13.90,13.38,13.50,186746684,3141952000.00
2015/04/24,13.14,13.58,12.87,13.07,166031028,2700092416.00
2015/04/27,13.08,13.47,13.08,13.45,147467909,2424367616.00
2015/04/28,13.43,14.60,13.43,13.83,304266593,5225890816.00
2015/04/29,13.64,13.86,13.50,13.65,132190219,2227868160.00
2015/04/30,13.65,13.80,13.05,13.14,153536919,2537645056.00
2015/05/04,13.14,13.18,12.92,13.11,132859937,2135905664.00
2015/05/05,13.10,13.10,12.13,12.26,185561316,2874355456.00
2015/05/06,12.30,12.62,11.97,12.06,120637832,1841379584.00
2015/05/07,12.05,12.27,12.00,12.15,74114989,1113754880.00
2015/05/08,12.30,12.37,11.98,12.19,83506051,1256514816.00
2015/05/11,12.14,12.54,11.85,12.49,180184653,2702931456.00
2015/05/12,12.39,12.63,12.35,12.53,133509382,2056506624.00
2015/05/13,12.68,12.73,12.22,12.33,113395157,1742798208.00
2015/05/14,12.40,12.51,12.25,12.30,91948656,1404353920.00
2015/05/15,12.22,12.34,11.87,11.99,89191779,1332936320.00
2015/05/18,11.91,12.09,11.72,11.76,79642898,1173776000.00
2015/05/19,11.76,12.36,11.75,12.31,111578593,1674959104.00
2015/05/20,12.33,12.79,12.22,12.45,144269665,2226516736.00
2015/05/21,12.55,12.60,12.36,12.51,63613601,981172736.00
2015/05/22,12.63,13.20,12.63,13.12,173026780,2779728896.00
2015/05/25,13.22,13.50,13.19,13.38,152984719,2513054976.00
2015/05/26,13.45,13.45,13.20,13.35,122826591,2014987520.00
2015/05/27,13.35,13.44,13.05,13.19,120981754,1975528576.00
2015/05/28,13.12,13.20,12.16,12.22,153125703,2434249472.00
2015/05/29,12.25,12.44,11.89,12.15,128761432,1938458880.00
2015/06/01,12.22,12.86,12.05,12.80,125705711,1938491904.00
2015/06/02,12.72,12.93,12.58,12.90,118388728,1864804864.00
2015/06/03,12.96,13.51,12.64,13.39,182262834,2942551552.00
2015/06/04,13.43,14.07,13.01,13.92,230559772,3874507008.00
2015/06/05,14.14,14.22,13.39,13.63,176170724,2980468224.00
2015/06/08,13.67,14.54,13.54,14.43,281611083,4905225216.00
2015/06/09,14.57,14.75,13.97,14.15,203811685,3601699328.00
2015/06/10,14.01,14.15,13.73,13.85,149701290,2566223360.00
2015/06/11,13.88,14.00,13.64,13.95,111894588,1904115200.00
2015/06/12,13.95,14.05,13.70,13.95,129218483,2209441280.00
2015/06/15,14.02,14.02,13.30,13.40,135728504,2291340544.00
2015/06/16,13.30,13.50,12.91,13.05,102668781,1676118272.00
2015/06/17,13.24,13.26,12.99,13.11,123602829,2000290304.00
2015/06/18,13.05,13.09,12.57,12.63,94107456,1495503232.00
2015/06/19,12.63,12.85,11.58,11.90,127427623,1952317056.00
2015/06/23,12.02,12.38,11.58,12.35,90624223,1351711104.00
2015/06/24,12.29,12.52,12.14,12.47,99592390,1516999680.00
2015/06/25,12.80,12.94,12.06,12.16,128563124,2009797888.00
2015/06/26,11.90,12.36,10.91,11.35,148495395,2151943424.00
2015/06/29,11.68,11.79,10.37,11.44,190407718,2680213248.00
2015/06/30,11.44,12.36,11.38,12.31,159862395,2347939584.00
2015/07/01,12.16,12.32,11.75,11.95,112552876,1684669440.00
2015/07/02,12.12,12.76,11.79,12.16,212865187,3250361088.00
2015/07/03,12.26,12.65,11.14,11.80,174653742,2602054912.00
2015/07/06,12.95,12.95,12.10,12.62,266286750,4116790016.00
2015/07/07,12.47,13.35,12.21,13.31,304610343,4858439168.00
2015/07/08,12.30,13.76,11.98,12.63,338487874,4365073920.00
2015/07/09,12.63,13.66,11.65,13.23,306128420,3945222400.00
2015/07/10,12.82,14.15,12.65,13.46,308901313,4207386368.00
2015/07/13,13.01,13.50,12.70,13.04,208417172,2723654400.00
2015/07/14,12.85,13.18,12.54,12.92,172387145,2202200064.00
2015/07/15,12.79,13.23,12.70,13.19,195156735,2530850560.00
2015/07/16,13.19,13.24,12.80,12.93,118614287,1545298944.00
2015/07/17,12.99,13.29,12.81,13.18,117931005,1538774400.00
2015/07/20,13.10,13.30,12.95,13.09,92841453,1215699840.00
2015/07/21,12.98,13.20,12.77,12.83,91168884,1180632192.00
2015/07/22,12.71,12.87,12.56,12.58,77957359,991618688.00
2015/07/23,12.43,12.72,12.43,12.65,67950742,858480448.00
2015/07/24,12.60,12.65,12.25,12.27,70141634,877927424.00
2015/07/27,12.09,12.19,11.04,11.04,134762389,1576857600.00
2015/07/28,10.81,11.36,10.81,11.24,113791873,1265581696.00
2015/07/29,11.18,11.24,11.06,11.20,56883515,634896960.00
2015/07/30,11.20,11.27,10.82,10.83,54836804,608472576.00
2015/07/31,10.80,10.93,10.58,10.82,64013741,685944640.00
2015/08/03,10.70,11.12,10.63,11.10,60796052,663393792.00
2015/08/04,11.09,11.23,11.01,11.21,34884346,387959904.00
2015/08/05,11.15,11.20,10.92,10.94,29601070,327983264.00
2015/08/06,10.89,11.10,10.82,10.87,24029872,263201216.00
2015/08/07,10.99,11.17,10.92,11.03,39646105,438645056.00
2015/08/10,10.99,11.39,10.84,11.37,76085883,845499392.00
2015/08/11,11.28,11.34,11.10,11.17,59007235,661511360.00
2015/08/12,11.02,11.18,10.96,10.97,40785988,451004960.00
2015/08/13,10.92,11.11,10.85,10.99,37835036,414689696.00
2015/08/14,11.02,11.05,10.88,10.94,40951093,448604352.00
2015/08/17,10.88,10.90,10.72,10.78,44329494,477957952.00
2015/08/18,10.79,10.92,10.15,10.21,66279277,703393280.00
2015/08/19,10.17,10.48,9.92,10.46,68358379,695570432.00
2015/08/20,10.31,10.43,10.18,10.25,38177397,393473024.00
2015/08/21,10.18,10.36,10.01,10.03,44588965,452863456.00
2015/08/24,9.73,9.77,9.03,9.11,114064221,1047710528.00
2015/08/25,8.73,9.23,8.58,8.61,118551883,1054564544.00
2015/08/26,8.78,9.32,8.62,9.11,90129937,811480448.00
2015/08/27,9.21,9.93,9.05,9.85,94340741,885924608.00
2015/08/28,9.86,10.15,9.63,9.88,90474140,895669248.00
2015/08/31,9.82,10.40,9.66,10.37,163132207,1638472064.00
2015/09/01,10.16,10.71,9.87,10.70,154040383,1602572800.00
2015/09/02,10.38,10.89,10.27,10.87,148796712,1580662784.00
2015/09/07,10.66,10.67,10.03,10.11,56303563,583142080.00
2015/09/08,10.05,10.47,10.02,10.35,33864323,346939552.00
2015/09/09,10.35,10.45,10.26,10.38,35999596,373278336.00
2015/09/10,10.28,10.48,10.26,10.46,30877835,320771712.00
2015/09/11,10.40,10.48,10.33,10.40,20399922,211764608.00
2015/09/14,10.37,10.73,9.95,10.70,80475475,838212032.00
2015/09/15,10.50,10.66,10.31,10.59,51956496,545545024.00
2015/09/16,10.45,10.88,10.33,10.67,36165680,381641696.00
2015/09/17,10.63,10.66,10.41,10.42,24179770,255222064.00
2015/09/18,10.41,10.46,10.29,10.31,14482769,150223776.00
2015/09/21,10.25,10.30,10.18,10.28,15791610,161706112.00
2015/09/22,10.28,10.47,10.25,10.37,18924313,196450304.00
2015/09/23,10.29,10.37,10.10,10.12,14895359,152102192.00
2015/09/24,10.17,10.23,10.12,10.15,8310920,84461752.00
2015/09/25,10.16,10.35,10.00,10.32,24570100,250305328.00
2015/09/28,10.23,10.27,10.13,10.21,10912895,111359216.00
2015/09/29,10.17,10.17,10.01,10.03,10249483,103388224.00
2015/09/30,10.06,10.19,10.04,10.11,14306103,144720176.00
2015/10/08,10.36,10.38,10.24,10.26,15515493,159846624.00
2015/10/09,10.27,10.35,10.22,10.30,25407662,261763040.00
2015/10/12,10.33,10.62,10.32,10.49,43577126,456806272.00
2015/10/13,10.46,10.54,10.39,10.43,21545227,224962256.00
2015/10/14,10.40,10.44,10.26,10.27,20164296,208789968.00
2015/10/15,10.27,10.51,10.26,10.47,28113719,292955136.00
2015/10/16,10.52,10.58,10.44,10.51,29788348,313191360.00
2015/10/19,10.51,10.62,10.38,10.51,36532498,383592832.00
2015/10/20,10.52,10.59,10.44,10.58,31610826,332494464.00
2015/10/21,10.58,10.97,10.47,10.83,76329661,817265792.00
2015/10/22,10.69,10.69,10.53,10.61,43051196,456442784.00
2015/10/23,10.59,10.65,10.55,10.64,29072962,308183872.00
2015/10/26,10.66,10.83,10.61,10.67,37977171,406817056.00
2015/10/27,10.61,10.71,10.46,10.63,27771515,294635488.00
2015/10/28,10.62,10.65,10.49,10.51,22344799,236458848.00
2015/10/29,10.52,10.57,10.47,10.53,15458386,162599792.00
2015/10/30,10.54,10.63,10.50,10.56,35804475,377862528.00
2015/11/02,10.52,10.62,10.46,10.47,33487787,352976192.00
2015/11/03,10.47,10.55,10.35,10.38,22489905,235848320.00
2015/11/04,10.40,10.85,10.39,10.77,50934938,541778880.00
2015/11/05,10.75,11.49,10.67,11.05,156923683,1753063168.00
2015/11/06,10.96,11.36,10.94,11.32,75576112,843953856.00
2015/11/09,11.40,12.15,11.40,11.66,164980051,1952215680.00
2015/11/10,11.51,11.74,11.39,11.52,73787675,850061888.00
2015/11/11,11.53,11.53,11.21,11.35,57286213,650008640.00
2015/11/12,11.39,11.42,11.08,11.17,34933670,392349760.00
2015/11/13,11.09,11.33,11.07,11.09,37449073,418713984.00
2015/11/16,10.92,11.16,10.90,11.14,33482316,370161440.00
2015/11/17,11.22,11.50,11.17,11.26,56535176,641621248.00
2015/11/18,11.24,11.56,11.07,11.29,53317117,602385920.00
2015/11/19,11.31,11.34,11.22,11.31,30899744,348596544.00
2015/11/20,11.33,11.45,11.24,11.30,41453260,470143008.00
2015/11/23,11.30,11.39,11.16,11.19,32691616,368763008.00
2015/11/24,11.17,11.18,10.91,11.06,37914629,418048608.00
2015/11/25,11.03,11.17,10.90,11.09,37789099,416801472.00
2015/11/26,11.16,11.30,11.11,11.11,38885814,435540736.00
2015/11/27,11.04,11.10,10.65,10.82,46172228,501554016.00
2015/11/30,10.83,11.25,10.71,11.07,65524643,719803520.00
2015/12/01,11.09,11.23,10.84,11.21,67384722,745752128.00
2015/12/02,11.15,12.00,11.10,11.92,158414229,1838098048.00
2015/12/03,11.78,12.08,11.54,11.67,111830864,1318308096.00
2015/12/04,11.60,11.64,11.20,11.26,71996889,818934336.00
2015/12/07,11.31,11.38,11.18,11.30,37120539,418672576.00
2015/12/08,11.21,11.31,11.11,11.19,33180142,371360288.00
2015/12/09,11.17,11.33,11.13,11.25,33639869,378436384.00
2015/12/10,11.23,11.44,11.10,11.12,35103182,396065408.00
2015/12/11,11.12,11.15,10.97,11.09,25256536,279148896.00
2015/12/14,10.97,11.47,10.93,11.37,43232614,486291296.00
2015/12/15,11.35,11.39,11.15,11.21,29176049,328709824.00
2015/12/16,11.26,11.27,11.16,11.18,17137099,191987040.00
2015/12/17,11.22,11.36,11.21,11.28,35596281,401783680.00
2015/12/18,11.25,12.20,11.24,11.48,111389654,1296295040.00
2015/12/21,11.40,12.12,11.36,11.98,129017006,1530396928.00
2015/12/22,11.90,12.18,11.79,11.85,77733319,927660800.00
2015/12/23,11.91,12.22,11.75,11.98,80573382,965062848.00
2015/12/24,11.97,12.07,11.73,11.98,59734272,711572032.00
2015/12/25,11.99,12.07,11.89,11.97,34590499,414439808.00
2015/12/28,12.01,12.03,11.40,11.44,51807037,606365504.00
2015/12/29,11.64,11.98,11.55,11.80,59101138,695317696.00
2015/12/30,11.75,11.95,11.67,11.92,43377055,512401856.00
2015/12/31,11.90,12.23,11.68,12.14,111977293,1347298048.00
2016/01/04,12.00,12.04,11.40,11.43,40111596,470269312.00
2016/01/05,11.22,11.73,11.18,11.49,62471678,717805696.00
2016/01/06,11.44,11.54,11.27,11.51,45649576,520875008.00
2016/01/07,11.30,11.33,10.70,10.73,13282709,147031616.00
2016/01/08,10.98,11.14,10.52,10.83,48348103,526523648.00
2016/01/11,10.70,10.75,10.32,10.34,45184048,477505024.00
2016/01/12,10.45,10.49,10.28,10.34,27156765,281734624.00
2016/01/13,10.36,10.43,10.06,10.07,27904964,287180032.00
2016/01/14,9.91,10.20,9.86,10.15,32031116,321236000.00
2016/01/15,10.15,10.27,9.82,9.83,30531254,306226912.00
2016/01/18,9.69,10.07,9.68,9.95,32560635,321521184.00
2016/01/19,9.92,10.22,9.84,10.15,29691061,298595008.00
2016/01/20,10.11,10.15,9.88,9.95,26886345,269440416.00
2016/01/21,9.89,10.20,9.81,9.82,28519699,285398656.00
2016/01/22,9.90,9.96,9.80,9.93,17776643,175706880.00
2016/01/25,9.94,9.96,9.83,9.91,15242876,151014320.00
2016/01/26,9.86,9.93,9.34,9.40,25656135,247964448.00
2016/01/27,9.44,9.59,9.25,9.47,34644316,325927168.00
2016/01/28,9.41,9.53,9.22,9.27,21350113,200741440.00
2016/01/29,9.29,9.60,9.29,9.53,28340374,268229872.00
2016/02/01,9.50,9.57,9.21,9.31,22527017,211189728.00
2016/02/02,9.31,9.53,9.30,9.48,20478391,193744080.00
2016/02/03,9.41,9.47,9.31,9.42,15049287,141195664.00
2016/02/04,9.43,9.56,9.42,9.53,17244371,163837216.00
2016/02/05,9.51,9.58,9.48,9.50,13964608,132989680.00
2016/02/15,9.36,9.36,9.20,9.30,23685428,219691136.00
2016/02/16,9.35,9.60,9.33,9.57,25086723,238371984.00
2016/02/17,9.54,9.67,9.53,9.64,29102843,279452960.00
2016/02/18,9.67,9.75,9.58,9.59,23218830,224497904.00
2016/02/19,9.58,9.63,9.49,9.54,17407670,166471680.00
2016/02/22,9.60,9.86,9.57,9.82,39582168,384832896.00
2016/02/23,9.76,9.78,9.60,9.67,23851772,230884736.00
2016/02/24,9.65,9.70,9.57,9.70,16909714,162992768.00
2016/02/25,9.68,9.68,9.12,9.21,31769302,299341952.00
2016/02/26,9.29,9.38,9.23,9.33,19707849,183171328.00
2016/02/29,9.32,9.41,9.01,9.31,36491466,335632480.00
2016/03/01,9.27,9.46,9.23,9.39,19364143,180593424.00
2016/03/02,9.44,9.77,9.38,9.71,46238101,443086944.00
2016/03/03,9.66,9.80,9.64,9.79,34705768,337504704.00
2016/03/04,9.74,10.30,9.69,10.27,107926526,1085179648.00
2016/03/07,10.17,10.25,10.06,10.11,39569915,400960544.00
2016/03/08,10.08,10.23,9.83,10.20,34295606,342646400.00
2016/03/09,10.03,10.30,9.89,10.28,44635292,449726400.00
数据来源:通达信
