601991 大唐发电 日线 前复权
      日期	    开盘	    最高	    最低	    收盘	    成交量	    成交额
2011/01/04,5.60,5.66,5.48,5.63,9658533,59079284.00
2011/01/05,5.60,5.64,5.57,5.61,4406226,27032376.00
2011/01/06,5.62,5.70,5.62,5.65,6019114,37277064.00
2011/01/07,5.65,5.70,5.62,5.66,4579388,28321168.00
2011/01/10,5.67,5.68,5.50,5.52,4366297,26784864.00
2011/01/11,5.52,5.56,5.48,5.56,2934812,17775384.00
2011/01/12,5.56,5.61,5.54,5.60,2977140,18165112.00
2011/01/13,5.61,5.65,5.58,5.59,3105138,19064800.00
2011/01/14,5.62,5.65,5.58,5.63,4963049,30537548.00
2011/01/17,5.58,5.61,5.47,5.49,4333577,26117110.00
2011/01/18,5.47,5.49,5.34,5.44,3282505,19548608.00
2011/01/19,5.44,5.52,5.38,5.52,2575253,15427817.00
2011/01/20,5.50,5.62,5.48,5.54,5900403,35900900.00
2011/01/21,5.53,5.61,5.50,5.60,4346264,26475424.00
2011/01/24,5.61,5.65,5.49,5.53,3352095,20439180.00
2011/01/25,5.54,5.54,5.43,5.52,3136172,18840964.00
2011/01/26,5.51,6.13,5.49,5.77,17606103,111620320.00
2011/01/27,5.70,5.81,5.68,5.76,12946434,80985800.00
2011/01/28,5.75,5.76,5.64,5.70,5729214,35623260.00
2011/01/31,5.68,5.74,5.64,5.71,4785863,29877116.00
2011/02/01,5.75,5.76,5.65,5.68,3704870,23012754.00
2011/02/09,5.66,5.68,5.57,5.59,4345756,26723230.00
2011/02/10,5.57,5.65,5.57,5.65,4165240,25595684.00
2011/02/11,5.66,5.73,5.63,5.71,6376796,39675616.00
2011/02/14,5.72,5.82,5.72,5.81,9862743,62204108.00
2011/02/15,5.82,5.92,5.77,5.86,12432893,79265136.00
2011/02/16,5.86,5.86,5.75,5.84,7803076,49410828.00
2011/02/17,5.84,5.89,5.76,5.83,7187891,45547252.00
2011/02/18,5.84,5.84,5.75,5.76,4836204,30488324.00
2011/02/21,5.73,5.86,5.72,5.83,7284314,46228640.00
2011/02/22,5.86,5.86,5.64,5.66,7429044,46587128.00
2011/02/23,5.65,5.70,5.63,5.68,4186443,25893152.00
2011/02/24,5.64,5.68,5.62,5.67,5687811,35149988.00
2011/02/25,5.66,5.69,5.62,5.68,4596688,28427396.00
2011/02/28,5.68,5.76,5.63,5.75,5701627,35641496.00
2011/03/01,5.75,6.27,5.72,6.00,24973538,162715424.00
2011/03/02,5.91,6.22,5.88,6.02,13755038,90320968.00
2011/03/03,6.03,6.04,5.92,5.94,7075761,45922012.00
2011/03/04,5.92,6.23,5.86,6.06,19835503,129874392.00
2011/03/07,6.01,6.09,6.01,6.06,14977633,98506144.00
2011/03/08,6.06,6.06,5.93,6.01,8640228,56322272.00
2011/03/09,6.00,6.01,5.94,5.98,5693801,36974640.00
2011/03/10,5.97,5.97,5.86,5.88,7257494,46647284.00
2011/03/11,5.87,5.88,5.81,5.82,8033404,51163016.00
2011/03/14,5.78,5.82,5.73,5.77,11292280,70934616.00
2011/03/15,5.77,5.77,5.52,5.59,16353097,100598688.00
2011/03/16,5.59,5.69,5.57,5.69,14477127,89441304.00
2011/03/17,5.65,6.01,5.60,5.84,44078865,280339744.00
2011/03/18,5.84,5.86,5.20,5.68,37231423,231883888.00
2011/03/21,5.67,5.73,5.54,5.70,13508719,83708416.00
2011/03/23,5.69,5.83,5.65,5.82,28587338,178860896.00
2011/03/24,5.81,5.83,5.72,5.75,9052204,56933264.00
2011/03/25,5.75,5.78,5.72,5.75,10118047,63504916.00
2011/03/28,5.80,5.82,5.69,5.71,15127524,95056248.00
2011/03/29,5.70,5.76,5.64,5.67,11717790,73016720.00
2011/03/30,5.66,5.70,5.59,5.59,7645141,47209436.00
2011/03/31,5.61,5.65,5.50,5.55,8557296,52173200.00
2011/04/01,5.52,5.61,5.48,5.51,26640430,160953392.00
2011/04/06,5.51,5.54,5.39,5.54,18673709,112125528.00
2011/04/07,5.53,5.54,5.47,5.53,7793063,47030016.00
2011/04/08,5.51,5.58,5.50,5.58,8431192,51354104.00
2011/04/11,5.59,5.62,5.54,5.56,9473894,57885100.00
2011/04/12,5.56,5.88,5.53,5.85,43628633,274916064.00
2011/04/13,5.82,5.87,5.75,5.82,17488370,110705752.00
2011/04/14,5.83,5.96,5.76,5.86,24700102,158161136.00
2011/04/15,5.90,5.91,5.73,5.82,11461316,72638304.00
2011/04/18,5.81,5.98,5.78,5.91,23274459,149984128.00
2011/04/19,5.89,5.89,5.75,5.76,11968639,75600280.00
2011/04/20,5.76,5.85,5.73,5.81,9615849,60670280.00
2011/04/21,5.86,5.97,5.78,5.96,22417152,144087072.00
2011/04/22,6.01,6.11,5.91,6.08,35309250,230858896.00
2011/04/25,6.02,6.22,5.94,6.09,28386900,187743664.00
2011/04/26,6.06,6.13,5.88,5.95,15947865,104686896.00
2011/04/27,5.98,6.05,5.84,5.88,14474458,94092224.00
2011/04/28,5.91,6.10,5.84,5.87,20681681,134408080.00
2011/04/29,5.87,6.51,5.82,6.48,62971784,431248736.00
2011/05/03,6.37,6.62,6.32,6.54,40231371,281725984.00
2011/05/04,6.49,6.61,6.36,6.53,25336291,177760768.00
2011/05/05,6.48,6.55,6.37,6.46,17000548,118833016.00
2011/05/06,6.40,6.72,6.34,6.67,34497740,247001600.00
2011/05/09,6.74,7.05,6.69,6.91,53975884,398353536.00
2011/05/10,6.90,7.10,6.71,7.06,39572757,295568640.00
2011/05/11,6.99,7.01,6.82,6.97,27995141,208409744.00
2011/05/12,6.89,7.02,6.80,6.98,31334883,233447968.00
2011/05/13,6.94,6.96,6.76,6.92,27420621,202861824.00
2011/05/16,6.91,7.08,6.65,6.99,55805668,412360256.00
2011/05/17,6.88,6.96,6.60,6.93,46644338,342221280.00
2011/05/18,6.73,6.85,6.72,6.74,11137465,81527024.00
2011/05/19,6.72,6.75,6.53,6.54,15592555,111205936.00
2011/05/20,6.54,6.54,6.07,6.19,41037270,277235648.00
2011/05/23,6.15,6.22,5.96,6.01,17808200,117884200.00
2011/05/24,6.05,6.07,5.89,5.99,12208553,79225064.00
2011/05/25,5.98,5.98,5.84,5.89,12506865,80237680.00
2011/05/26,5.91,6.02,5.77,5.78,21121487,135602240.00
2011/05/27,5.79,5.85,5.58,5.61,14804490,91714600.00
2011/05/30,5.58,5.67,5.57,5.59,11426750,70082144.00
2011/05/31,5.72,5.72,5.60,5.68,12277607,76037600.00
2011/06/01,5.70,5.78,5.65,5.71,12344326,77106776.00
2011/06/02,5.67,5.67,5.53,5.56,10220067,62527988.00
2011/06/07,5.60,5.66,5.56,5.62,9551127,58527240.00
2011/06/08,5.63,5.65,5.54,5.61,6895220,42090304.00
2011/06/09,5.60,5.60,5.47,5.47,12683863,76621024.00
2011/06/10,5.45,5.47,5.25,5.41,20548533,120738640.00
2011/06/13,5.40,5.40,5.08,5.22,25460000,145594560.00
2011/06/14,5.23,5.31,5.18,5.23,21009526,121363848.00
2011/06/15,5.24,5.36,5.20,5.22,10942397,63290320.00
2011/06/16,5.18,5.18,5.07,5.09,9497891,53534884.00
2011/06/17,5.10,5.14,5.01,5.02,8053762,44953816.00
2011/06/20,5.03,5.03,4.84,4.89,8409718,45651208.00
2011/06/21,4.88,4.94,4.78,4.94,8057692,43628832.00
2011/06/22,4.94,4.95,4.88,4.92,4382697,23853586.00
2011/06/23,4.92,4.99,4.83,4.97,6524164,35609376.00
2011/06/24,4.98,5.12,4.92,5.12,11679032,65175280.00
2011/06/27,5.12,5.19,5.09,5.14,9395528,53223844.00
2011/06/28,5.15,5.16,5.07,5.12,6785283,38236320.00
2011/06/29,5.12,5.13,5.02,5.02,7341793,41115168.00
2011/06/30,5.02,5.08,5.01,5.05,7410032,41353752.00
2011/07/01,5.07,5.10,5.02,5.06,7701253,43049024.00
2011/07/04,5.06,5.30,5.06,5.25,17278154,98698112.00
2011/07/05,5.26,5.26,5.15,5.21,9217948,52803192.00
2011/07/06,5.20,5.31,5.14,5.31,13531719,78038928.00
2011/07/07,5.27,5.34,5.23,5.25,10976585,63795444.00
2011/07/08,5.24,5.24,5.18,5.20,6121766,35131404.00
2011/07/11,5.14,5.20,5.10,5.19,5349785,30440654.00
2011/07/12,5.15,5.15,5.00,5.03,8066223,45147780.00
2011/07/13,5.02,5.12,5.01,5.09,5977669,33492164.00
2011/07/14,5.09,5.11,5.05,5.11,5412680,30336270.00
2011/07/15,5.11,5.11,5.04,5.11,5597023,31389384.00
2011/07/18,5.09,5.39,5.09,5.30,21217367,123343616.00
2011/07/19,5.29,5.36,5.19,5.35,11083005,64223908.00
2011/07/20,5.35,5.40,5.29,5.31,14229163,83426360.00
2011/07/21,5.32,5.35,5.17,5.17,6269700,36064132.00
2011/07/22,5.17,5.19,5.13,5.15,4351564,24738744.00
2011/07/25,5.15,5.15,4.81,4.89,8345448,45972628.00
2011/07/26,4.89,4.96,4.88,4.95,4108138,22405240.00
2011/07/27,4.94,4.98,4.88,4.96,4445093,24268164.00
2011/07/28,4.94,4.94,4.86,4.88,4304314,23346396.00
2011/07/29,4.88,4.92,4.86,4.90,3873508,20982312.00
2011/08/01,4.91,5.04,4.89,4.96,4181573,22988184.00
2011/08/02,4.96,4.96,4.85,4.90,3454132,18688988.00
2011/08/03,4.87,4.98,4.80,4.91,3744427,20307012.00
2011/08/04,4.91,4.96,4.90,4.93,2194413,11963655.00
2011/08/05,4.79,4.83,4.72,4.81,3842575,20488636.00
2011/08/08,4.75,4.75,4.29,4.43,7750190,39178856.00
2011/08/09,4.31,4.35,4.07,4.32,6694213,31869776.00
2011/08/10,4.38,4.45,4.35,4.38,4704340,23202508.00
2011/08/11,4.32,4.41,4.22,4.40,3833774,18713656.00
2011/08/12,4.42,4.55,4.42,4.48,6183115,30953072.00
2011/08/15,4.52,4.54,4.47,4.52,4759968,23933924.00
2011/08/16,4.52,4.55,4.46,4.47,3555278,17874412.00
2011/08/17,4.47,4.49,4.40,4.41,3111956,15437182.00
2011/08/18,4.41,4.44,4.32,4.33,3634266,17729116.00
2011/08/19,4.27,4.30,4.19,4.24,3785799,18102170.00
2011/08/22,4.23,4.31,4.22,4.27,2587986,12432505.00
2011/08/23,4.28,4.34,4.26,4.33,3046944,14739674.00
2011/08/24,4.34,4.40,4.31,4.33,3402835,16627748.00
2011/08/25,4.33,4.55,4.31,4.48,7170324,35791576.00
2011/08/29,4.48,4.48,4.35,4.38,4943755,24327254.00
2011/08/30,4.39,4.44,4.34,4.34,3731655,18364296.00
2011/08/31,4.33,4.37,4.28,4.36,2458737,11921127.00
2011/09/01,4.37,4.39,4.28,4.32,2401174,11667140.00
2011/09/02,4.31,4.31,4.21,4.25,3770695,17979524.00
2011/09/05,4.23,4.23,4.12,4.14,2754700,12898706.00
2011/09/06,4.11,4.15,4.07,4.13,1936321,9014006.00
2011/09/07,4.14,4.23,4.14,4.21,1937087,9129019.00
2011/09/08,4.21,4.26,4.18,4.19,2063994,9781485.00
2011/09/09,4.18,4.24,4.17,4.19,1615015,7638797.00
2011/09/13,4.13,4.15,4.08,4.11,2313857,10721587.00
2011/09/14,4.13,4.14,4.06,4.14,3707253,17152336.00
2011/09/15,4.13,4.16,4.09,4.14,3132413,14585308.00
2011/09/16,4.14,4.16,4.06,4.07,5660215,26141664.00
2011/09/19,4.07,4.08,3.92,3.94,4854381,21876874.00
2011/09/20,3.94,3.96,3.88,3.92,3147121,13999914.00
2011/09/21,3.92,4.09,3.89,4.07,5871198,26696922.00
2011/09/22,4.01,4.06,3.96,3.98,4113147,18642638.00
2011/09/23,3.88,3.95,3.87,3.94,2056466,9144687.00
2011/09/26,3.93,3.99,3.90,3.90,1717340,7671469.00
2011/09/27,3.96,4.01,3.92,3.94,2291185,10264282.00
2011/09/28,3.99,3.99,3.88,3.89,3295281,14632427.00
2011/09/29,3.89,3.89,3.83,3.85,2678123,11745174.00
2011/09/30,3.87,3.99,3.81,3.96,3842180,17062692.00
2011/10/10,3.97,4.00,3.92,3.96,2374584,10645676.00
2011/10/11,4.03,4.08,3.93,3.97,2191619,9904193.00
2011/10/12,3.96,4.14,3.90,4.09,6022055,27683692.00
2011/10/13,4.07,4.22,4.06,4.16,4681495,21873860.00
2011/10/14,4.15,4.15,4.08,4.11,2418414,11227090.00
2011/10/17,4.16,4.17,4.11,4.11,2028028,9438507.00
2011/10/18,4.07,4.09,3.97,3.98,2542699,11584176.00
2011/10/19,4.02,4.04,3.97,3.99,1433516,6409508.00
2011/10/20,3.98,4.06,3.88,3.93,2098689,9225704.00
2011/10/21,3.97,3.98,3.91,3.97,1381582,6067723.00
2011/10/24,3.97,4.13,3.92,4.11,2520555,11245505.00
2011/10/26,4.11,4.23,4.10,4.12,6093620,28149600.00
2011/10/27,4.13,4.35,4.13,4.22,12368016,58184808.00
2011/10/28,4.24,4.29,4.20,4.24,7872035,36932132.00
2011/10/31,4.24,4.36,4.17,4.34,7496009,35457872.00
2011/11/01,4.29,4.45,4.24,4.38,9092427,43852004.00
2011/11/02,4.29,4.50,4.24,4.49,9621544,46631436.00
2011/11/03,4.46,4.51,4.42,4.43,6732983,33133466.00
2011/11/04,4.42,4.46,4.40,4.43,3652416,17824802.00
2011/11/07,4.43,4.43,4.35,4.35,3777429,18320170.00
2011/11/08,4.34,4.54,4.32,4.43,8659901,42602464.00
2011/11/09,4.45,4.47,4.31,4.39,4627684,22397110.00
2011/11/10,4.37,4.54,4.31,4.42,7007121,34226484.00
2011/11/11,4.41,4.45,4.32,4.44,6628068,32088802.00
2011/11/14,4.50,4.54,4.47,4.51,7124933,35462396.00
2011/11/15,4.57,4.85,4.57,4.70,21474248,111350480.00
2011/11/16,4.70,4.74,4.46,4.50,9065680,45889628.00
2011/11/17,4.49,4.59,4.47,4.55,6941738,34676712.00
2011/11/18,4.53,4.53,4.34,4.35,4852043,23614030.00
2011/11/21,4.35,4.37,4.29,4.33,2245773,10754123.00
2011/11/22,4.30,4.42,4.27,4.40,4689671,22700808.00
2011/11/23,4.40,4.56,4.39,4.46,5501733,27263160.00
2011/11/24,4.42,4.43,4.33,4.39,2874082,13902281.00
2011/11/25,4.44,4.51,4.34,4.38,3000484,14690941.00
2011/11/28,4.38,4.47,4.30,4.35,3392729,16367948.00
2011/11/29,4.39,4.42,4.34,4.41,3746057,18144236.00
2011/11/30,4.45,4.46,4.04,4.17,7023154,33029508.00
2011/12/01,4.29,4.37,4.14,4.20,9452006,44346240.00
2011/12/02,4.18,4.18,4.00,4.03,4586077,20692296.00
2011/12/05,4.03,4.09,3.94,3.95,2764080,12299843.00
2011/12/07,3.94,4.02,3.94,3.99,2335179,10352884.00
2011/12/08,3.98,4.05,3.94,3.96,2426265,10806406.00
2011/12/09,3.97,4.00,3.95,3.98,2077832,9221947.00
2011/12/12,3.96,4.03,3.95,4.02,3127129,13945163.00
2011/12/13,4.01,4.06,3.94,4.04,8143406,36306916.00
2011/12/14,4.04,4.19,3.95,4.14,7682457,35267256.00
2011/12/15,4.09,4.42,4.05,4.27,15315655,72716248.00
2011/12/16,4.28,4.40,4.24,4.39,10191807,48595068.00
2011/12/19,4.39,4.43,4.28,4.34,6967325,33513596.00
2011/12/20,4.34,4.41,4.31,4.39,6653199,32202706.00
2011/12/21,4.39,4.58,4.36,4.41,12157354,60284720.00
2011/12/22,4.39,4.48,4.17,4.29,6098607,29012484.00
2011/12/23,4.30,4.48,4.26,4.46,6723260,32878100.00
2011/12/26,4.44,4.58,4.42,4.49,8985298,44817392.00
2011/12/27,4.48,4.78,4.42,4.57,11307170,57057388.00
2011/12/28,4.57,4.63,4.50,4.59,8187313,41155480.00
2011/12/29,4.59,4.62,4.50,4.53,6284323,31513726.00
2011/12/30,4.51,4.72,4.50,4.70,10216399,52387768.00
2012/01/04,4.71,4.93,4.66,4.79,14526838,76547752.00
2012/01/05,4.75,5.03,4.72,4.73,10234676,54208440.00
2012/01/06,4.74,4.96,4.73,4.82,7404871,39043180.00
2012/01/09,4.80,4.87,4.69,4.86,9136182,47813312.00
2012/01/10,4.84,4.84,4.72,4.81,17559134,92169064.00
2012/01/11,4.79,4.93,4.75,4.78,11564984,60994396.00
2012/01/12,4.73,4.80,4.66,4.68,7888662,40799112.00
2012/01/13,4.66,4.71,4.50,4.55,7307016,36771080.00
2012/01/16,4.53,4.59,4.46,4.51,3623478,18101486.00
2012/01/17,4.50,4.89,4.49,4.79,9094835,46903748.00
2012/01/18,4.78,4.78,4.62,4.64,5399970,27986248.00
2012/01/19,4.70,4.88,4.62,4.70,5490572,28607030.00
2012/01/20,4.76,4.82,4.69,4.75,3502534,18230754.00
2012/01/30,4.74,4.78,4.64,4.65,3363476,17257566.00
2012/01/31,4.65,4.78,4.64,4.74,2798917,14490656.00
2012/02/01,4.74,4.78,4.69,4.69,1916428,9957494.00
2012/02/02,4.72,4.80,4.69,4.76,3179821,16567401.00
2012/02/03,4.75,4.79,4.70,4.76,2804954,14601788.00
2012/02/06,4.78,4.84,4.73,4.76,3425269,17921080.00
2012/02/07,4.76,4.82,4.64,4.67,2842804,14709019.00
2012/02/08,4.66,4.81,4.61,4.77,3381473,17523834.00
2012/02/09,4.77,4.79,4.68,4.71,3777948,19564702.00
2012/02/10,4.69,4.74,4.63,4.68,4944797,25397062.00
2012/02/13,4.64,4.75,4.63,4.70,4304699,22161616.00
2012/02/14,4.68,4.72,4.65,4.68,2311172,11875101.00
2012/02/15,4.69,4.73,4.66,4.72,3636667,18804632.00
2012/02/16,4.72,5.04,4.69,4.96,18931270,100173400.00
2012/02/17,4.91,4.98,4.82,4.91,9489286,50886692.00
2012/02/20,4.97,4.99,4.87,4.88,3648661,19588508.00
2012/02/21,4.91,5.09,4.87,5.01,10853483,59210168.00
2012/02/22,5.01,5.02,4.92,5.00,5094230,27624736.00
2012/02/23,4.99,5.00,4.87,4.93,7374396,39649852.00
2012/02/24,4.93,4.97,4.88,4.95,6006448,32364710.00
2012/02/27,4.94,5.09,4.92,4.96,8604211,46930560.00
2012/02/28,4.99,5.19,4.94,5.14,16699000,92623008.00
2012/02/29,5.14,5.14,5.04,5.07,5061063,28007614.00
2012/03/01,5.09,5.12,5.04,5.09,2791975,15474472.00
2012/03/02,5.07,5.14,5.06,5.13,5225617,29110936.00
2012/03/05,5.15,5.16,4.97,4.98,8569705,47092208.00
2012/03/06,4.97,5.14,4.94,4.97,7981187,43810368.00
2012/03/07,4.95,5.02,4.92,4.94,3848728,20869618.00
2012/03/08,4.95,4.98,4.88,4.90,6144213,33079544.00
2012/03/09,4.90,4.99,4.90,4.96,3339810,18058156.00
2012/03/12,4.94,4.97,4.90,4.92,3574448,19272606.00
2012/03/13,4.93,4.96,4.90,4.94,2458857,13274451.00
2012/03/14,5.01,5.01,4.73,4.75,7216122,38628432.00
2012/03/15,4.79,4.89,4.72,4.78,5947283,31454906.00
2012/03/16,4.76,4.81,4.70,4.77,4546415,23703672.00
2012/03/19,4.75,4.76,4.66,4.70,5702692,29376516.00
2012/03/20,4.70,4.95,4.70,4.79,11164585,58982376.00
2012/03/21,4.79,4.89,4.78,4.84,9013469,47793844.00
2012/03/22,4.92,5.04,4.88,5.02,12979559,70596800.00
2012/03/23,4.98,5.14,4.95,5.03,14971855,82660264.00
2012/03/26,5.03,5.06,4.82,4.86,6747892,36292248.00
2012/03/27,4.82,4.86,4.69,4.74,4709304,24588044.00
2012/03/28,4.77,4.82,4.70,4.70,5188922,27179688.00
2012/03/29,4.73,4.89,4.62,4.64,5104590,26502316.00
2012/03/30,4.66,4.70,4.55,4.57,4112584,20787000.00
2012/04/05,4.54,4.64,4.51,4.62,5267222,26442182.00
2012/04/06,4.60,4.62,4.54,4.56,5514417,27641476.00
2012/04/09,4.54,4.56,4.46,4.49,3017187,14947060.00
2012/04/10,4.48,4.58,4.46,4.57,2017349,10028990.00
2012/04/11,4.56,4.58,4.43,4.50,5897952,29143012.00
2012/04/12,4.50,4.59,4.45,4.56,5339359,26629132.00
2012/04/13,4.57,4.58,4.50,4.53,7948010,39791596.00
2012/04/16,4.53,4.58,4.52,4.53,6987012,34935280.00
2012/04/17,4.55,4.61,4.54,4.58,6823490,34428176.00
2012/04/18,4.62,4.65,4.57,4.64,6730214,34158296.00
2012/04/19,4.64,4.67,4.58,4.61,6743447,34186936.00
2012/04/20,4.61,4.62,4.57,4.61,2968284,15009388.00
2012/04/23,4.61,4.70,4.59,4.67,5706264,29136740.00
2012/04/24,4.66,4.73,4.58,4.67,9158187,46914384.00
2012/04/25,4.64,4.69,4.60,4.66,3669019,18714250.00
2012/04/26,4.68,4.69,4.63,4.63,2914155,14911872.00
2012/04/27,4.66,4.85,4.61,4.78,12029224,62439216.00
2012/05/02,4.81,5.02,4.79,4.89,12726280,68566448.00
2012/05/03,4.86,4.90,4.80,4.83,7987772,42504900.00
2012/05/04,4.84,4.98,4.81,4.85,9023447,48416096.00
2012/05/07,4.87,5.01,4.85,4.96,10499837,56732720.00
2012/05/08,4.97,5.05,4.94,4.99,11906265,64913696.00
2012/05/09,4.94,5.00,4.74,4.88,8564675,45770296.00
2012/05/10,4.87,4.99,4.80,4.97,7438643,40018000.00
2012/05/11,4.96,4.97,4.81,4.85,5243152,28046242.00
2012/05/14,4.89,5.16,4.84,5.04,16863184,92812392.00
2012/05/15,4.99,5.11,4.93,5.01,5527618,30281980.00
2012/05/16,4.97,5.01,4.85,4.85,4370810,23419442.00
2012/05/17,4.84,4.92,4.79,4.87,2336150,12429121.00
2012/05/18,4.86,4.92,4.79,4.89,3209846,17022272.00
2012/05/21,4.87,4.92,4.81,4.86,1875676,9985950.00
2012/05/22,4.84,4.86,4.73,4.79,4565252,23951948.00
2012/05/23,4.79,4.81,4.73,4.79,2636948,13794715.00
2012/05/24,4.78,4.79,4.64,4.66,4245312,21872312.00
2012/05/25,4.67,4.78,4.56,4.64,3670775,18815956.00
2012/05/28,4.64,4.74,4.56,4.70,4448534,22795488.00
2012/05/29,4.70,4.83,4.65,4.73,6081303,31544248.00
2012/05/30,4.72,4.72,4.55,4.57,14653237,74361360.00
2012/05/31,4.57,4.61,4.53,4.59,5407485,27150146.00
2012/06/01,4.59,4.63,4.58,4.61,3745354,18984436.00
2012/06/04,4.57,4.62,4.47,4.58,6471460,32374102.00
2012/06/05,4.59,4.84,4.54,4.78,17915207,93469576.00
2012/06/07,4.84,4.93,4.78,4.86,18086828,96041864.00
2012/06/08,4.86,4.90,4.80,4.86,7054559,37623992.00
2012/06/11,4.85,4.89,4.78,4.85,4771478,25248156.00
2012/06/12,4.81,5.01,4.81,4.90,8235181,44264696.00
2012/06/13,4.90,5.34,4.87,5.32,20332876,113216136.00
2012/06/14,5.27,5.30,5.18,5.19,19203935,109507992.00
2012/06/15,5.17,5.43,5.11,5.39,14186654,82102960.00
2012/06/18,5.39,5.53,5.27,5.40,10518176,61928680.00
2012/06/19,5.38,5.38,5.26,5.34,4019725,23224008.00
2012/06/20,5.30,5.38,5.19,5.28,5769364,33024568.00
2012/06/21,5.23,5.41,5.18,5.32,3804545,21896176.00
2012/06/25,5.29,5.41,5.27,5.34,7132613,41435692.00
2012/06/26,5.34,5.38,5.18,5.19,3168654,18096160.00
2012/06/27,5.15,5.28,5.15,5.21,4208925,23864078.00
2012/06/28,5.15,5.36,5.15,5.21,5393595,30778628.00
2012/06/29,5.21,5.33,5.13,5.17,5815619,33260228.00
2012/07/02,5.17,5.29,5.01,5.28,6183287,34649216.00
2012/07/03,5.24,5.29,5.17,5.20,2641463,15020880.00
2012/07/04,5.21,5.25,5.03,5.14,6678238,37164004.00
2012/07/05,5.09,5.14,4.99,5.00,4399366,24265508.00
2012/07/06,5.03,5.20,5.01,5.19,5695914,31625830.00
2012/07/09,5.16,5.27,5.12,5.25,14750219,83481088.00
2012/07/10,5.23,5.23,5.00,5.09,9097214,50379856.00
2012/07/11,5.09,5.20,4.92,4.96,7095527,38871588.00
2012/07/12,4.93,4.94,4.70,4.80,10642930,55780444.00
2012/07/13,4.80,4.83,4.65,4.74,7598590,39362712.00
2012/07/16,4.74,4.82,4.68,4.76,5818049,30339362.00
2012/07/17,4.76,4.80,4.68,4.74,3387590,17588802.00
2012/07/18,4.74,5.05,4.71,4.95,10606526,57209408.00
2012/07/19,4.95,4.96,4.82,4.91,6649616,35458232.00
2012/07/20,4.84,4.91,4.79,4.83,4295772,22660008.00
2012/07/23,4.79,4.84,4.66,4.84,7551984,39169716.00
2012/07/24,4.76,4.82,4.68,4.69,6476127,33478188.00
2012/07/25,4.69,4.73,4.61,4.63,3131231,16066165.00
2012/07/26,4.64,4.66,4.52,4.56,4912881,24773440.00
2012/07/27,4.63,4.63,4.51,4.56,3024959,14882894.00
2012/07/30,4.57,4.60,4.51,4.54,2656645,12991869.00
2012/07/31,4.55,4.71,4.55,4.65,3676872,18334800.00
2012/08/01,4.65,4.71,4.58,4.64,3738025,18648776.00
2012/08/02,4.65,4.70,4.62,4.69,2610162,13084940.00
2012/08/03,4.69,4.75,4.63,4.71,3528300,17795824.00
2012/08/06,4.69,4.71,4.61,4.67,5714245,28583872.00
2012/08/07,4.68,4.68,4.60,4.62,5545670,27580356.00
2012/08/08,4.62,4.64,4.54,4.58,5448562,26798946.00
2012/08/09,4.57,4.62,4.56,4.60,2938523,14514297.00
2012/08/10,4.60,4.66,4.58,4.66,7700789,38274068.00
2012/08/13,4.66,4.66,4.54,4.56,5604937,27695860.00
2012/08/14,4.56,4.63,4.46,4.49,5906648,28722616.00
2012/08/15,4.50,4.50,4.36,4.38,4248239,20253472.00
2012/08/16,4.37,4.42,4.36,4.38,2917062,13808495.00
2012/08/17,4.38,4.40,4.27,4.36,5256529,24585904.00
2012/08/20,4.38,4.40,4.28,4.30,4192874,19525134.00
2012/08/21,4.31,4.35,4.30,4.31,5061218,23663732.00
2012/08/22,4.31,4.32,4.24,4.29,3781465,17488088.00
2012/08/23,4.28,4.32,4.27,4.31,2360571,10954879.00
2012/08/24,4.30,4.31,4.25,4.26,1750077,8079178.00
2012/08/27,4.26,4.28,4.04,4.13,12481396,55571296.00
2012/08/28,4.13,4.15,4.03,4.12,2792745,12419375.00
2012/08/29,4.09,4.10,4.06,4.07,1508340,6679763.00
2012/08/30,4.13,4.13,4.05,4.09,2256905,10031994.00
2012/08/31,4.07,4.16,4.05,4.08,1975330,8795414.00
2012/09/03,4.06,4.10,4.05,4.09,3265193,14445617.00
2012/09/04,4.07,4.09,4.03,4.03,2366426,10434242.00
2012/09/05,4.03,4.15,4.02,4.08,3191149,14163428.00
2012/09/06,4.10,4.11,4.06,4.10,2310689,10244798.00
2012/09/07,4.13,4.52,4.10,4.37,14016903,65514436.00
2012/09/10,4.36,4.36,4.27,4.30,6310562,29338350.00
2012/09/11,4.28,4.30,4.19,4.29,5589451,25558300.00
2012/09/12,4.30,4.33,4.15,4.22,5925237,27063672.00
2012/09/13,4.21,4.22,4.14,4.14,5962963,26913812.00
2012/09/14,4.16,4.18,4.11,4.15,5936330,26675844.00
2012/09/17,4.15,4.31,4.12,4.13,6144828,27979068.00
2012/09/18,4.14,4.16,4.06,4.08,2596662,11507718.00
2012/09/19,4.10,4.10,4.06,4.08,2562116,11324518.00
2012/09/20,4.06,4.07,3.98,4.00,4262547,18618294.00
2012/09/21,3.99,4.07,3.97,4.05,4363106,19060964.00
2012/09/24,3.98,4.05,3.93,4.04,3901248,16922860.00
2012/09/25,4.03,4.03,3.96,3.97,1870623,8111119.00
2012/09/26,4.00,4.00,3.91,3.92,1648208,7078522.00
2012/09/27,3.97,4.07,3.90,4.01,4148673,18021456.00
2012/09/28,3.96,4.15,3.95,4.07,6653132,29319592.00
2012/10/08,4.07,4.09,3.95,4.01,3702767,16143570.00
2012/10/09,4.04,4.11,4.02,4.09,5217750,23103918.00
2012/10/10,4.09,4.12,4.06,4.11,4179788,18571574.00
2012/10/11,4.11,4.11,4.02,4.05,4489971,19781776.00
2012/10/12,4.05,4.09,4.01,4.05,4081114,17960436.00
2012/10/15,4.05,4.05,3.97,4.02,3184797,13893327.00
2012/10/16,4.00,4.03,3.96,4.00,4614218,20008220.00
2012/10/17,4.02,4.02,3.94,3.98,3336533,14411040.00
2012/10/18,4.00,4.03,3.99,4.03,7356843,32102496.00
2012/10/19,4.03,4.04,3.98,4.00,4523872,19665760.00
2012/10/22,3.99,4.04,3.96,4.02,4053828,17629160.00
2012/10/23,4.00,4.01,3.97,3.98,3932496,17082868.00
2012/10/24,3.99,4.11,3.99,4.09,10232595,45228548.00
2012/10/25,4.09,4.14,4.06,4.09,7407945,32946948.00
2012/10/26,4.09,4.11,3.95,3.96,5850637,25497940.00
2012/10/29,3.95,3.98,3.89,3.91,5219350,22345902.00
2012/10/30,3.92,3.94,3.78,3.80,9029054,37850444.00
2012/10/31,3.80,3.82,3.67,3.73,9027984,36758724.00
2012/11/01,3.74,3.81,3.73,3.79,5151345,21267828.00
2012/11/02,3.81,3.82,3.77,3.82,3465309,14383070.00
2012/11/05,3.82,3.85,3.79,3.84,3623907,15127498.00
2012/11/06,3.83,3.88,3.77,3.83,3175946,13244101.00
2012/11/07,3.83,3.88,3.81,3.85,2939016,12311421.00
2012/11/08,3.85,3.85,3.75,3.78,2997735,12414249.00
2012/11/09,3.77,3.79,3.72,3.78,2982205,12247945.00
2012/11/12,3.77,3.82,3.75,3.80,2582044,10699703.00
2012/11/13,3.80,3.80,3.74,3.74,2481240,10187756.00
2012/11/14,3.74,3.85,3.73,3.83,3882477,16134878.00
2012/11/15,3.81,3.83,3.73,3.74,2549752,10545647.00
2012/11/16,3.73,3.76,3.69,3.71,2865604,11672207.00
2012/11/19,3.71,3.75,3.68,3.74,2305862,9373378.00
2012/11/20,3.77,3.77,3.68,3.70,2260703,9182335.00
2012/11/21,3.72,3.74,3.68,3.73,2400446,9753547.00
2012/11/22,3.71,3.72,3.69,3.71,1650131,6692923.00
2012/11/23,3.71,3.75,3.70,3.71,2034891,8279019.00
2012/11/26,3.69,3.72,3.67,3.68,2313725,9337130.00
2012/11/27,3.66,3.72,3.65,3.66,4900214,19808200.00
2012/11/28,3.66,3.69,3.59,3.60,3174486,12632916.00
2012/11/29,3.60,3.65,3.59,3.61,2365615,9395201.00
2012/11/30,3.61,3.64,3.58,3.61,3355527,13273216.00
2012/12/03,3.61,3.61,3.40,3.42,7754020,29664120.00
2012/12/04,3.44,3.45,3.40,3.41,5412340,20423688.00
2012/12/05,3.42,3.58,3.33,3.53,26382026,100235816.00
2012/12/06,3.48,3.49,3.41,3.44,12378220,47010588.00
2012/12/07,3.44,3.50,3.42,3.48,17422122,66487736.00
2012/12/10,3.49,3.56,3.48,3.56,14960787,57932708.00
2012/12/11,3.54,3.55,3.50,3.51,9201001,35626772.00
2012/12/12,3.51,3.53,3.45,3.48,9160260,35059920.00
2012/12/13,3.47,3.47,3.42,3.43,7625894,28919032.00
2012/12/14,3.44,3.58,3.43,3.57,21137204,82076632.00
2012/12/17,3.57,3.68,3.56,3.63,22735765,90511656.00
2012/12/18,3.64,3.65,3.58,3.64,18042583,71601568.00
2012/12/19,3.63,3.66,3.60,3.63,11695830,46582040.00
2012/12/20,3.62,3.69,3.60,3.65,11329661,45361804.00
2012/12/21,3.65,3.70,3.58,3.59,16996148,67725680.00
2012/12/24,3.60,3.63,3.58,3.60,7392549,29198356.00
2012/12/25,3.60,3.69,3.56,3.68,30165052,120314712.00
2012/12/26,3.67,3.70,3.65,3.69,19037891,76487296.00
2012/12/27,3.69,3.73,3.64,3.70,22092363,89174392.00
2012/12/28,3.70,3.70,3.64,3.69,24344079,97798576.00
2012/12/31,3.69,3.73,3.67,3.68,34944261,141328000.00
2013/01/04,3.69,3.72,3.63,3.64,28106286,112733104.00
2013/01/07,3.63,3.67,3.62,3.67,15638965,62533752.00
2013/01/08,3.67,3.68,3.63,3.67,15569894,62349220.00
2013/01/09,3.67,3.72,3.65,3.70,18705694,75506016.00
2013/01/10,3.70,3.77,3.69,3.76,33711158,137056720.00
2013/01/11,3.76,3.76,3.64,3.65,24212249,97894544.00
2013/01/14,3.63,3.73,3.62,3.72,23638730,95375136.00
2013/01/15,3.71,3.79,3.71,3.77,28127242,115556616.00
2013/01/16,3.76,3.79,3.73,3.79,28332608,116594560.00
2013/01/17,3.78,3.96,3.77,3.88,38553863,162853904.00
2013/01/18,3.89,3.95,3.83,3.92,28266380,120100696.00
2013/01/21,3.92,3.92,3.86,3.88,17836215,75450064.00
2013/01/22,3.89,3.90,3.76,3.79,20831648,86763776.00
2013/01/23,3.77,3.80,3.70,3.75,16266738,66697824.00
2013/01/24,3.75,3.80,3.69,3.72,17504173,71746536.00
2013/01/25,3.72,3.74,3.70,3.72,7049658,28661204.00
2013/01/28,3.72,3.79,3.71,3.78,15900097,65279996.00
2013/01/29,3.79,3.88,3.79,3.84,18349533,76826008.00
2013/01/30,3.87,3.87,3.76,3.83,16177349,67319392.00
2013/01/31,3.93,3.97,3.86,3.97,45936190,196379328.00
2013/02/01,3.96,3.98,3.86,3.93,31568283,134583200.00
2013/02/04,3.94,3.97,3.88,3.94,23898632,102053112.00
2013/02/05,3.92,3.98,3.88,3.97,21782263,93301880.00
2013/02/06,3.98,4.06,3.93,3.95,25040430,108911184.00
2013/02/07,3.93,3.96,3.90,3.93,10711907,45745384.00
2013/02/08,3.92,3.99,3.92,3.96,12222662,52733904.00
2013/02/18,3.98,3.99,3.92,3.94,10386160,44638416.00
2013/02/19,3.95,3.95,3.86,3.87,12842316,54547432.00
2013/02/20,3.87,3.91,3.86,3.90,8535810,36188304.00
2013/02/21,3.89,3.89,3.79,3.79,19137721,80035104.00
2013/02/22,3.79,3.81,3.76,3.77,8390960,34722440.00
2013/02/25,3.77,3.83,3.77,3.82,7902798,32839708.00
2013/02/26,3.80,3.84,3.75,3.76,9530327,39445256.00
2013/02/27,3.77,3.81,3.76,3.77,8120620,33504158.00
2013/02/28,3.79,3.86,3.77,3.85,8717165,36330988.00
2013/03/01,3.85,3.85,3.79,3.82,8565527,35690180.00
2013/03/04,3.81,3.91,3.70,3.74,23420629,97670304.00
2013/03/05,3.75,3.80,3.67,3.80,16596441,67953624.00
2013/03/06,3.81,3.95,3.80,3.92,29370986,124769952.00
2013/03/07,3.94,4.05,3.90,4.02,44059288,191261472.00
2013/03/08,4.08,4.08,3.99,4.02,23015693,100812192.00
2013/03/11,4.03,4.09,4.01,4.04,13528375,59414184.00
2013/03/12,4.05,4.27,4.05,4.19,42377084,191662272.00
2013/03/13,4.14,4.22,4.05,4.10,17542908,78415464.00
2013/03/14,4.06,4.10,3.92,3.95,17360382,75446344.00
2013/03/15,3.95,4.06,3.94,3.98,17251694,74864160.00
2013/03/18,3.98,4.03,3.92,4.00,13287196,57397360.00
2013/03/19,4.01,4.12,3.99,4.08,11483182,50738408.00
2013/03/20,4.10,4.16,4.04,4.15,14001637,62224160.00
2013/03/21,4.20,4.20,4.09,4.13,8148216,36464488.00
2013/03/22,4.14,4.18,4.11,4.13,7577643,34034232.00
2013/03/25,4.15,4.25,4.13,4.18,8523887,38612684.00
2013/03/26,4.13,4.14,4.00,4.05,14881439,65305712.00
2013/03/27,4.04,4.08,3.99,4.03,8072711,35320076.00
2013/03/28,4.00,4.01,3.93,3.96,10666559,45903492.00
2013/03/29,3.96,4.00,3.95,3.97,3847567,16645499.00
2013/04/01,3.97,4.12,3.95,4.09,10331919,45427520.00
2013/04/02,4.10,4.11,4.03,4.05,4374883,19305428.00
2013/04/03,4.03,4.08,3.90,3.97,5499634,23878912.00
2013/04/08,3.95,4.03,3.85,4.00,5471280,23604976.00
2013/04/09,4.00,4.12,3.98,4.06,5702535,25184844.00
2013/04/10,4.07,4.09,4.01,4.06,5573003,24556836.00
2013/04/11,4.07,4.18,4.05,4.10,14675415,65904396.00
2013/04/12,4.11,4.24,4.09,4.22,15977040,72425984.00
2013/04/15,4.24,4.28,4.13,4.15,7169163,32523036.00
2013/04/16,4.12,4.16,4.06,4.15,5715411,25534386.00
2013/04/17,4.13,4.14,3.99,4.05,7366903,32331202.00
2013/04/18,4.01,4.05,3.97,4.02,4560080,19871872.00
2013/04/19,4.01,4.10,4.00,4.08,5697287,25177880.00
2013/04/22,4.05,4.08,4.02,4.07,4910287,21555036.00
2013/04/23,4.07,4.10,3.97,3.98,8008623,34899344.00
2013/04/24,4.02,4.05,3.99,4.03,4368699,19098626.00
2013/04/25,4.02,4.07,3.94,3.95,5751794,24975552.00
2013/04/26,3.97,4.03,3.89,4.00,6565666,28336192.00
2013/05/02,3.97,4.06,3.96,4.00,4924007,21467892.00
2013/05/03,4.02,4.10,4.01,4.08,7174625,31717696.00
2013/05/06,4.11,4.14,4.08,4.09,6398343,28470940.00
2013/05/07,4.09,4.20,4.06,4.18,11704413,52720368.00
2013/05/08,4.18,4.25,4.15,4.22,13762635,62787352.00
2013/05/09,4.21,4.27,4.18,4.22,14702332,67507616.00
2013/05/10,4.23,4.61,4.22,4.42,37775448,181325616.00
2013/05/13,4.43,4.61,4.40,4.52,23889430,116760176.00
2013/05/14,4.53,4.86,4.53,4.62,30566425,153792192.00
2013/05/15,4.62,4.66,4.47,4.57,11830139,57908096.00
2013/05/16,4.55,4.59,4.43,4.58,13474840,65538448.00
2013/05/17,4.55,4.74,4.54,4.62,12970240,64879148.00
2013/05/20,4.64,4.65,4.50,4.57,14472448,71013120.00
2013/05/21,4.58,4.58,4.43,4.52,14462967,70030704.00
2013/05/22,4.51,4.51,4.33,4.37,20040599,95157560.00
2013/05/23,4.37,4.38,4.31,4.34,18079371,84731432.00
2013/05/24,4.33,4.39,4.32,4.39,9087572,42861804.00
2013/05/27,4.38,4.43,4.34,4.43,11020470,52239668.00
2013/05/28,4.43,4.44,4.35,4.41,9382303,44496088.00
2013/05/29,4.42,4.53,4.41,4.53,19182530,92870264.00
2013/05/30,4.54,4.60,4.48,4.56,14414927,70501432.00
2013/05/31,4.56,4.57,4.46,4.48,7552292,36588568.00
2013/06/03,4.48,4.49,4.36,4.38,9566336,45802700.00
2013/06/04,4.37,4.39,4.22,4.26,16174432,74599448.00
2013/06/05,4.26,4.34,4.23,4.30,5932070,27597098.00
2013/06/06,4.31,4.38,4.13,4.27,10479656,48438204.00
2013/06/07,4.25,4.36,4.10,4.21,9838215,45110072.00
2013/06/13,4.15,4.21,3.99,4.16,8810777,38937136.00
2013/06/14,4.18,4.34,4.17,4.33,9935114,45973960.00
2013/06/17,4.33,4.62,4.32,4.53,21942752,106116000.00
2013/06/18,4.54,4.68,4.52,4.65,21508088,106714960.00
2013/06/19,4.65,4.69,4.53,4.63,16100336,80162904.00
2013/06/20,4.63,4.71,4.55,4.60,13887933,69407376.00
2013/06/21,4.55,4.85,4.53,4.80,22327180,114192152.00
2013/06/24,4.80,4.80,4.46,4.50,20690301,103304592.00
2013/06/25,4.48,4.63,4.30,4.60,17108829,83031232.00
2013/06/26,4.59,4.91,4.51,4.86,27271493,137354656.00
2013/06/27,4.85,5.00,4.77,4.82,28660351,150551952.00
2013/06/28,4.79,4.92,4.69,4.79,24536918,127421264.00
2013/07/01,4.77,5.15,4.77,5.08,26086715,140294768.00
2013/07/02,5.05,5.21,5.02,5.09,13209361,72191264.00
2013/07/03,5.05,5.18,4.95,5.08,10296177,55337780.00
2013/07/04,5.06,5.07,4.83,4.87,14153326,75232432.00
2013/07/05,4.86,5.17,4.85,4.96,16578970,89203536.00
2013/07/08,4.95,5.14,4.85,5.02,16400352,88402000.00
2013/07/09,4.95,5.13,4.90,4.92,11044343,59291020.00
2013/07/10,4.86,4.97,4.67,4.83,18699039,96207456.00
2013/07/11,4.76,4.91,4.76,4.84,25457750,132777696.00
2013/07/12,4.80,4.90,4.73,4.73,12192193,62903212.00
2013/07/15,4.69,4.85,4.69,4.80,7085011,36364100.00
2013/07/16,4.80,4.85,4.70,4.85,10119572,52064932.00
2013/07/17,4.85,5.09,4.85,5.03,20007973,107221816.00
2013/07/18,5.00,5.07,4.91,4.96,11113563,59349576.00
2013/07/19,4.99,5.06,4.86,4.88,9676168,51674008.00
2013/07/22,4.77,4.86,4.75,4.83,8320262,42897788.00
2013/07/23,4.83,5.04,4.77,4.94,7537464,39790336.00
2013/07/24,4.88,4.99,4.78,4.86,9672340,50496688.00
2013/07/25,4.92,4.94,4.79,4.80,6041675,31344626.00
2013/07/26,4.74,4.95,4.74,4.91,8386799,43717656.00
2013/07/29,4.90,4.99,4.82,4.91,7519191,39679328.00
2013/07/30,4.94,5.04,4.85,5.02,8946247,47747864.00
2013/07/31,5.03,5.10,4.80,4.82,8375396,44015944.00
2013/08/01,4.84,5.00,4.83,4.94,8993139,47563860.00
2013/08/02,4.99,5.03,4.91,4.94,4923879,26206934.00
2013/08/05,4.93,5.00,4.90,4.97,3702081,19593162.00
2013/08/06,4.95,5.04,4.86,5.03,8969183,47366976.00
2013/08/07,5.01,5.01,4.92,4.93,5595371,29712606.00
2013/08/08,4.93,4.99,4.91,4.96,3820741,20238622.00
2013/08/09,5.01,5.02,4.83,4.86,6462570,33216142.00
2013/08/12,4.92,4.97,4.87,4.94,5444977,28141172.00
2013/08/13,4.92,4.96,4.89,4.94,3883818,20087072.00
2013/08/14,4.97,5.03,4.91,4.99,5309749,27806264.00
2013/08/15,5.02,5.05,4.91,4.94,4505141,23589120.00
2013/08/16,4.93,4.98,4.75,4.76,10404301,53186764.00
2013/08/19,4.75,4.84,4.70,4.81,4864687,24498418.00
2013/08/20,4.80,4.85,4.61,4.64,7562550,37554008.00
2013/08/21,4.67,4.68,4.51,4.55,6999483,33799140.00
2013/08/22,4.55,4.62,4.53,4.55,4723780,22780840.00
2013/08/23,4.56,4.61,4.29,4.42,9805614,45933728.00
2013/08/26,4.43,4.53,4.40,4.43,12403955,58200084.00
2013/08/27,4.44,4.50,4.35,4.46,8548525,39891008.00
2013/08/28,4.45,4.45,4.36,4.39,6448084,29959636.00
2013/08/29,4.34,4.40,4.31,4.35,7397850,34003380.00
2013/08/30,4.33,4.39,4.31,4.35,5893479,27125844.00
2013/09/02,4.35,4.41,4.32,4.36,8592630,39611704.00
2013/09/03,4.40,4.40,4.33,4.40,5654960,26167796.00
2013/09/04,4.40,4.48,4.36,4.45,6619952,30927530.00
2013/09/05,4.45,4.50,4.45,4.46,7708912,36406168.00
2013/09/06,4.46,4.51,4.36,4.38,8622711,40185640.00
2013/09/09,4.38,4.44,4.34,4.43,8199460,38088168.00
2013/09/10,4.43,4.50,4.40,4.49,8824033,41642028.00
2013/09/11,4.51,4.63,4.49,4.61,16724980,80624912.00
2013/09/12,4.62,4.62,4.53,4.61,10429971,50316592.00
2013/09/13,4.61,4.65,4.55,4.58,7665957,37088472.00
2013/09/16,4.61,4.61,4.45,4.50,6754973,32474204.00
2013/09/17,4.48,4.50,4.39,4.40,5213215,24453574.00
2013/09/18,4.42,4.47,4.38,4.47,3673010,17247160.00
2013/09/23,4.46,4.53,4.40,4.50,4418599,20876680.00
2013/09/24,4.47,4.49,4.38,4.40,5517038,25741024.00
2013/09/25,4.39,4.39,4.32,4.35,5437775,25006990.00
2013/09/26,4.32,4.34,4.20,4.21,8609706,38749600.00
2013/09/27,4.20,4.23,4.16,4.20,3458394,15349752.00
2013/09/30,4.23,4.24,4.17,4.22,3361039,14966814.00
2013/10/08,4.23,4.26,4.18,4.26,3745767,16795692.00
2013/10/09,4.26,4.27,4.23,4.26,4104106,18459116.00
2013/10/10,4.26,4.26,4.17,4.18,6350799,28279490.00
2013/10/11,4.18,4.24,4.16,4.22,4988129,22220828.00
2013/10/14,4.24,4.29,4.18,4.28,5981138,26733702.00
2013/10/15,4.29,4.45,4.25,4.36,11542596,53008600.00
2013/10/16,4.36,4.36,4.21,4.24,8264867,37296848.00
2013/10/17,4.24,4.29,4.22,4.22,4258791,19204984.00
2013/10/18,4.22,4.25,4.17,4.19,5386985,23985240.00
2013/10/21,4.20,4.25,4.17,4.24,3926780,17485682.00
2013/10/22,4.24,4.24,4.19,4.21,2911074,12985092.00
2013/10/23,4.22,4.24,4.11,4.16,7458083,32932840.00
2013/10/24,4.17,4.20,4.11,4.13,5574954,24506228.00
2013/10/25,4.13,4.13,3.96,3.99,7836964,33590344.00
2013/10/28,4.00,4.05,3.96,4.05,3103151,13237763.00
2013/10/29,4.05,4.14,4.05,4.12,7663015,33359812.00
2013/10/30,4.14,4.49,4.14,4.31,19131496,87503696.00
2013/10/31,4.30,4.30,4.19,4.23,7176484,32165312.00
2013/11/01,4.30,4.31,4.20,4.24,6062273,27302922.00
2013/11/04,4.34,4.35,4.26,4.28,4037573,18337372.00
2013/11/05,4.23,4.26,4.12,4.25,6246030,27853416.00
2013/11/06,4.20,4.30,4.20,4.22,5090185,22891780.00
2013/11/07,4.24,4.35,4.18,4.33,8675798,39298840.00
2013/11/08,4.33,4.39,4.20,4.23,7736679,35150656.00
2013/11/11,4.20,4.29,4.17,4.26,3765555,16951692.00
2013/11/12,4.26,4.29,4.21,4.22,3080066,13792291.00
2013/11/13,4.15,4.20,4.05,4.07,4885144,21214076.00
2013/11/14,4.13,4.13,4.02,4.04,4205227,18086568.00
2013/11/15,4.05,4.10,4.00,4.08,10189551,43885928.00
2013/11/18,4.07,4.20,4.02,4.16,22791499,98377696.00
2013/11/19,4.17,4.17,4.08,4.12,13942612,60969612.00
2013/11/20,4.15,4.16,4.09,4.15,8095369,35431808.00
2013/11/21,4.13,4.14,4.08,4.11,5615124,24446944.00
2013/11/22,4.13,4.17,4.10,4.13,5979900,26193544.00
2013/11/25,4.11,4.16,4.08,4.10,7667291,33582140.00
2013/11/26,4.10,4.11,4.06,4.07,5027980,21768426.00
2013/11/27,4.09,4.10,4.04,4.06,8908010,38430552.00
2013/11/28,4.06,4.13,4.05,4.12,10153598,44105300.00
2013/11/29,4.12,4.12,4.06,4.10,6943045,30108058.00
2013/12/02,4.08,4.16,4.07,4.11,12192651,53151512.00
2013/12/03,4.12,4.55,4.11,4.45,47127343,219668064.00
2013/12/04,4.43,4.57,4.36,4.47,29044923,137717520.00
2013/12/05,4.45,4.60,4.43,4.47,14696640,70067712.00
2013/12/06,4.47,4.52,4.37,4.49,9970140,46826856.00
2013/12/09,4.47,4.50,4.35,4.41,8105032,37787080.00
2013/12/10,4.41,4.54,4.38,4.51,12577666,59736600.00
2013/12/11,4.53,4.60,4.46,4.48,11484106,54802280.00
2013/12/12,4.45,4.50,4.43,4.46,7265625,34291272.00
2013/12/13,4.40,4.45,4.31,4.35,8626447,39965992.00
2013/12/16,4.38,4.38,4.24,4.25,7250331,32934884.00
2013/12/17,4.26,4.28,4.17,4.18,6003062,26736408.00
2013/12/18,4.20,4.22,4.08,4.11,7421663,32609358.00
2013/12/19,4.15,4.16,4.09,4.11,6204245,27125932.00
2013/12/20,4.11,4.14,3.99,4.03,8030588,34660840.00
2013/12/23,4.00,4.04,3.87,3.93,14175813,59323544.00
2013/12/24,3.93,3.97,3.87,3.89,10553673,43941508.00
2013/12/25,3.90,3.94,3.88,3.93,4383808,18289172.00
2013/12/26,3.92,3.96,3.89,3.94,5084234,21189724.00
2013/12/27,3.96,4.00,3.94,3.98,6830235,28857148.00
2013/12/30,3.98,4.01,3.94,3.99,4714190,19939910.00
2013/12/31,3.95,4.01,3.93,3.99,5153006,21748642.00
2014/01/02,3.97,3.98,3.90,3.93,5112468,21340644.00
2014/01/03,3.90,3.92,3.79,3.80,10520771,42959272.00
2014/01/06,3.80,3.80,3.64,3.69,10236001,40362992.00
2014/01/07,3.65,3.78,3.62,3.76,5037294,20003180.00
2014/01/08,3.79,3.79,3.71,3.72,3967137,15827178.00
2014/01/09,3.72,3.75,3.61,3.62,3956279,15583274.00
2014/01/10,3.63,3.64,3.53,3.56,8023058,30617420.00
2014/01/13,3.59,3.62,3.55,3.59,4554275,17475200.00
2014/01/14,3.59,3.67,3.57,3.64,3922598,15162931.00
2014/01/15,3.64,3.65,3.60,3.64,2292067,8866767.00
2014/01/16,3.64,3.69,3.61,3.64,6007391,23392512.00
2014/01/17,3.63,3.63,3.55,3.55,5921467,22602796.00
2014/01/20,3.57,3.58,3.53,3.56,3107851,11841413.00
2014/01/21,3.58,3.63,3.56,3.62,3795753,14666950.00
2014/01/22,3.63,3.72,3.61,3.71,6226731,24445580.00
2014/01/23,3.71,3.72,3.64,3.66,10587678,41618748.00
2014/01/24,3.65,3.68,3.61,3.64,14526639,56484708.00
2014/01/27,3.61,3.61,3.56,3.59,6874275,26381978.00
2014/01/28,3.59,3.63,3.55,3.62,9851392,37746616.00
2014/01/29,3.62,3.62,3.51,3.55,12277000,46645680.00
2014/01/30,3.54,3.54,3.48,3.50,4530102,16976770.00
2014/02/07,3.48,3.55,3.46,3.55,5060444,18975172.00
2014/02/10,3.55,3.60,3.53,3.59,17000496,64984548.00
2014/02/11,3.58,3.66,3.56,3.64,16461515,63524200.00
2014/02/12,3.64,3.65,3.61,3.64,8819665,34157116.00
2014/02/13,3.62,3.75,3.62,3.74,21303133,83954664.00
2014/02/14,3.73,3.74,3.66,3.71,9642888,38074648.00
2014/02/17,3.71,3.77,3.69,3.72,9223870,36562696.00
2014/02/18,3.72,3.73,3.63,3.64,10162586,39772876.00
2014/02/19,3.64,3.69,3.62,3.69,8170570,31953148.00
2014/02/20,3.70,3.74,3.67,3.69,11446680,45274996.00
2014/02/21,3.69,3.70,3.57,3.59,12742190,49306876.00
2014/02/24,3.56,3.58,3.49,3.52,7796491,29401964.00
2014/02/25,3.53,3.60,3.51,3.53,9774747,37116752.00
2014/02/26,3.52,3.54,3.48,3.53,5925408,22276344.00
2014/02/27,3.52,3.69,3.49,3.64,13546480,51907920.00
2014/02/28,3.62,3.70,3.61,3.67,13142965,51393464.00
2014/03/03,3.67,3.71,3.60,3.70,13098539,51453352.00
2014/03/04,3.67,3.68,3.61,3.68,9266970,36154012.00
2014/03/05,3.67,3.70,3.62,3.64,8155242,31867520.00
2014/03/06,3.62,3.63,3.56,3.59,6705316,25815128.00
2014/03/07,3.58,3.64,3.55,3.60,7731610,29797820.00
2014/03/10,3.56,3.56,3.47,3.49,8202627,30836072.00
2014/03/11,3.49,3.49,3.40,3.44,9997425,36921568.00
2014/03/12,3.42,3.46,3.37,3.44,5991461,21963980.00
2014/03/13,3.46,3.50,3.45,3.48,8634641,32179684.00
2014/03/14,3.45,3.45,3.39,3.44,7455559,27390356.00
2014/03/17,3.48,3.48,3.45,3.46,5371312,19962418.00
2014/03/18,3.47,3.52,3.45,3.51,7307276,27302014.00
2014/03/19,3.48,3.50,3.46,3.49,5860212,21865692.00
2014/03/20,3.47,3.50,3.41,3.41,5881600,21808500.00
2014/03/21,3.40,3.53,3.40,3.52,8595079,32016552.00
2014/03/24,3.52,3.58,3.50,3.56,15089760,57223776.00
2014/03/25,3.56,3.65,3.54,3.60,14977689,57595116.00
2014/03/26,3.57,3.58,3.50,3.53,11001150,41581828.00
2014/03/27,3.53,3.53,3.47,3.48,6813192,25522188.00
2014/03/28,3.48,3.52,3.45,3.48,5651833,21096752.00
2014/03/31,3.49,3.52,3.44,3.46,6748803,25154260.00
2014/04/01,3.46,3.50,3.40,3.48,9674390,35930616.00
2014/04/02,3.45,3.47,3.41,3.43,27978233,103049024.00
2014/04/03,3.43,3.46,3.41,3.43,9606670,35367856.00
2014/04/04,3.42,3.46,3.40,3.45,6182226,22755446.00
2014/04/08,3.45,3.52,3.43,3.51,11475766,42876824.00
2014/04/09,3.52,3.57,3.51,3.53,17429571,66122440.00
2014/04/10,3.53,3.60,3.51,3.56,16545169,62820324.00
2014/04/11,3.55,3.56,3.49,3.51,10193359,38391608.00
2014/04/14,3.51,3.54,3.50,3.53,5390074,20322828.00
2014/04/15,3.52,3.53,3.48,3.50,6639317,24969400.00
2014/04/16,3.51,3.52,3.47,3.49,4731244,17710880.00
2014/04/17,3.51,3.51,3.45,3.46,5026020,18701314.00
2014/04/18,3.47,3.49,3.44,3.49,5276234,19649010.00
2014/04/21,3.47,3.49,3.42,3.43,6615828,24514516.00
2014/04/22,3.44,3.45,3.42,3.45,5131004,18934034.00
2014/04/23,3.45,3.46,3.42,3.43,5451359,20081184.00
2014/04/24,3.44,3.45,3.41,3.42,5478443,20115824.00
2014/04/25,3.43,3.43,3.36,3.37,9671305,35197680.00
2014/04/28,3.37,3.38,3.27,3.30,9188088,32811400.00
2014/04/29,3.30,3.33,3.27,3.33,4430595,15706440.00
2014/04/30,3.33,3.33,3.29,3.32,3605772,12828447.00
2014/05/05,3.30,3.31,3.24,3.28,6497290,22831692.00
2014/05/06,3.28,3.31,3.27,3.29,4936745,17481140.00
2014/05/07,3.28,3.28,3.24,3.27,8734039,30597522.00
2014/05/08,3.27,3.31,3.25,3.28,8452800,29865302.00
2014/05/09,3.29,3.30,3.26,3.28,5376810,18985182.00
2014/05/12,3.28,3.38,3.28,3.37,10251899,36792272.00
2014/05/13,3.38,3.38,3.34,3.35,7023407,25324036.00
2014/05/14,3.35,3.37,3.33,3.34,3941795,14175497.00
2014/05/15,3.34,3.35,3.28,3.29,5236576,18646244.00
2014/05/16,3.30,3.31,3.27,3.29,4193660,14834596.00
2014/05/19,3.29,3.30,3.25,3.28,3195605,11266417.00
2014/05/20,3.28,3.31,3.28,3.28,3473048,12308221.00
2014/05/21,3.28,3.33,3.26,3.32,3806066,13539679.00
2014/05/22,3.32,3.35,3.29,3.32,6150444,21983892.00
2014/05/23,3.32,3.33,3.29,3.33,2740249,9753611.00
2014/05/26,3.35,3.36,3.31,3.32,3326772,11916769.00
2014/05/27,3.32,3.33,3.28,3.29,4118360,14622301.00
2014/05/28,3.31,3.32,3.28,3.30,3797017,13476788.00
2014/05/29,3.32,3.34,3.29,3.32,5399684,19291676.00
2014/05/30,3.33,3.35,3.31,3.33,4582062,16422711.00
2014/06/03,3.34,3.38,3.32,3.32,3791095,13619928.00
2014/06/04,3.32,3.32,3.26,3.27,4972692,17541264.00
2014/06/05,3.27,3.31,3.26,3.31,2990020,10591235.00
2014/06/06,3.31,3.32,3.26,3.28,3182965,11227022.00
2014/06/09,3.28,3.31,3.25,3.26,4386347,15453901.00
2014/06/10,3.27,3.29,3.25,3.29,5304727,18699956.00
2014/06/11,3.27,3.31,3.27,3.29,3861864,13666759.00
2014/06/12,3.29,3.30,3.27,3.28,2153922,7606125.00
2014/06/13,3.27,3.32,3.27,3.30,5621983,19972412.00
2014/06/16,3.30,3.34,3.29,3.34,6409566,22914836.00
2014/06/17,3.33,3.33,3.30,3.32,5279660,18841784.00
2014/06/18,3.33,3.38,3.30,3.35,8781276,31554572.00
2014/06/19,3.35,3.37,3.28,3.30,5735750,20526932.00
2014/06/20,3.30,3.33,3.27,3.30,4994959,17713460.00
2014/06/23,3.30,3.30,3.26,3.27,4283296,15102589.00
2014/06/24,3.28,3.28,3.25,3.27,4288847,15072977.00
2014/06/25,3.27,3.31,3.25,3.30,5327148,18745120.00
2014/06/26,3.30,3.31,3.28,3.29,4147626,14691002.00
2014/06/27,3.28,3.31,3.26,3.30,6341846,22411364.00
2014/06/30,3.30,3.32,3.28,3.31,6777634,24116384.00
2014/07/08,3.45,3.67,3.41,3.67,52448878,200309664.00
2014/07/09,3.92,3.93,3.58,3.61,72579344,292856512.00
2014/07/10,3.58,3.75,3.43,3.63,45254644,173869200.00
2014/07/11,3.57,3.57,3.45,3.50,27320527,102987288.00
2014/07/14,3.51,3.55,3.47,3.53,22045169,82911936.00
2014/07/15,3.51,3.54,3.41,3.48,33458636,124264880.00
2014/07/16,3.46,3.60,3.44,3.56,43523123,164779376.00
2014/07/17,3.54,3.55,3.46,3.50,21867739,81727912.00
2014/07/18,3.48,3.53,3.46,3.48,15694974,58753808.00
2014/07/21,3.48,3.51,3.45,3.46,12930940,48170780.00
2014/07/22,3.45,3.50,3.44,3.49,15394120,57429560.00
2014/07/23,3.51,3.51,3.46,3.49,12933933,48281440.00
2014/07/24,3.50,3.54,3.47,3.54,20715522,78056224.00
2014/07/25,3.55,3.58,3.52,3.57,21906336,83225312.00
2014/07/28,3.58,3.67,3.55,3.63,30330291,117485344.00
2014/07/29,3.63,3.67,3.60,3.62,24642671,95690280.00
2014/07/30,3.60,3.68,3.60,3.67,23845757,92987704.00
2014/07/31,3.66,3.67,3.61,3.64,15433210,59905856.00
2014/08/01,3.64,3.72,3.62,3.63,20168826,78900792.00
2014/08/04,3.64,3.69,3.63,3.69,14917408,58377084.00
2014/08/05,3.69,3.70,3.65,3.69,12457913,48886940.00
2014/08/06,3.66,3.72,3.63,3.72,17717189,69572616.00
2014/08/07,3.72,3.72,3.63,3.65,17715823,69509504.00
2014/08/08,3.66,3.67,3.63,3.64,9338575,35285140.00
2014/08/11,3.65,3.68,3.63,3.66,14303617,54196032.00
2014/08/12,3.66,3.66,3.61,3.63,13499733,50732968.00
2014/08/13,3.63,3.67,3.61,3.63,17692104,66606624.00
2014/08/14,3.63,3.66,3.60,3.62,13756318,51695736.00
2014/08/15,3.62,3.69,3.60,3.66,17965859,67950392.00
2014/08/18,3.67,3.69,3.66,3.68,13468456,51212308.00
2014/08/19,3.68,3.69,3.65,3.69,12175372,46249212.00
2014/08/20,3.68,3.73,3.66,3.70,20997694,80319448.00
2014/08/21,3.70,3.71,3.65,3.67,12785036,48653176.00
2014/08/22,3.67,3.75,3.66,3.73,23570284,90585728.00
2014/08/25,3.74,3.75,3.67,3.69,12431274,47713308.00
2014/08/26,3.69,3.77,3.67,3.70,21350977,82232704.00
2014/08/27,3.68,3.74,3.68,3.73,14266588,54897432.00
2014/08/28,3.73,3.74,3.66,3.66,10518882,40180812.00
2014/08/29,3.66,3.68,3.63,3.68,8305368,31371206.00
2014/09/01,3.67,3.71,3.67,3.71,11441570,43724864.00
2014/09/02,3.72,3.75,3.69,3.75,18586829,71843616.00
2014/09/03,3.75,3.79,3.73,3.78,22639689,88179824.00
2014/09/04,3.77,3.85,3.75,3.82,18764391,73695064.00
2014/09/05,3.84,3.84,3.79,3.82,18427138,72570272.00
2014/09/09,3.82,3.84,3.79,3.83,13069712,51545192.00
2014/09/10,3.80,3.81,3.74,3.80,18321602,71577056.00
2014/09/11,3.78,3.85,3.77,3.79,24130170,94890648.00
2014/09/12,3.79,3.87,3.77,3.87,41932179,166402448.00
2014/09/15,3.85,3.89,3.83,3.88,25175741,100488512.00
2014/09/16,3.88,4.02,3.83,3.86,56150071,227666496.00
2014/09/17,3.86,3.95,3.82,3.91,27250594,109505504.00
2014/09/18,3.90,3.95,3.86,3.91,24178854,97617440.00
2014/09/19,3.90,3.95,3.85,3.92,23560751,94985320.00
2014/09/22,3.91,3.93,3.78,3.82,20483797,81257688.00
2014/09/23,3.81,3.83,3.76,3.82,18174348,71459912.00
2014/09/24,3.80,3.87,3.78,3.86,22579401,89529464.00
2014/09/25,3.88,3.94,3.86,3.88,26404927,106172912.00
2014/09/26,3.90,3.97,3.85,3.94,25561960,103822296.00
2014/09/29,3.95,4.01,3.91,3.97,23813405,97348720.00
2014/09/30,3.96,3.98,3.94,3.96,14948669,61122384.00
2014/10/08,3.95,3.96,3.89,3.94,22590516,91466048.00
2014/10/09,3.95,4.01,3.92,4.00,27614275,113009056.00
2014/10/10,3.99,3.99,3.91,3.95,24477901,99855056.00
2014/10/13,3.94,3.94,3.86,3.94,20826404,83912248.00
2014/10/14,3.91,3.96,3.90,3.93,17316882,70378256.00
2014/10/15,3.94,3.99,3.89,3.99,23495197,95640456.00
2014/10/16,3.96,4.03,3.92,3.94,29809052,122449712.00
2014/10/17,3.93,3.95,3.83,3.88,26043697,104435328.00
2014/10/20,3.91,3.91,3.86,3.89,13101021,52609848.00
2014/10/21,3.89,3.98,3.88,3.90,18104016,73406232.00
2014/10/22,3.89,3.91,3.83,3.84,12939138,51824868.00
2014/10/23,3.83,3.85,3.70,3.71,18262204,71238640.00
2014/10/24,3.71,3.75,3.70,3.73,9485477,36556180.00
2014/10/27,3.73,3.75,3.70,3.72,6904132,26655868.00
2014/10/28,3.72,3.81,3.72,3.80,10331870,40308552.00
2014/10/29,3.81,3.94,3.80,3.89,27809214,111707360.00
2014/10/30,3.89,4.23,3.88,4.15,70312510,294923008.00
2014/10/31,4.07,4.15,4.04,4.12,50392122,213084112.00
2014/11/03,4.12,4.21,4.06,4.13,38357342,163515712.00
2014/11/04,4.12,4.29,4.08,4.26,55985023,242450768.00
2014/11/05,4.26,4.35,4.14,4.16,43763186,190479824.00
2014/11/06,4.14,4.16,4.06,4.13,26376568,111851800.00
2014/11/07,4.13,4.30,4.11,4.14,44662558,193847744.00
2014/11/10,4.16,4.34,4.12,4.33,50413853,220573792.00
2014/11/11,4.34,4.43,4.19,4.25,57485048,255137376.00
2014/11/12,4.24,4.30,4.18,4.27,36199312,158184000.00
2014/11/13,4.27,4.27,4.17,4.18,34292661,149115408.00
2014/11/14,4.19,4.23,4.12,4.21,22792981,98710632.00
2014/11/17,4.34,4.35,4.17,4.18,21587236,94195424.00
2014/11/18,4.17,4.18,4.08,4.13,21395255,90864328.00
2014/11/19,4.11,4.19,4.08,4.15,20569218,87814080.00
2014/11/20,4.12,4.17,4.11,4.14,11212248,47879800.00
2014/11/21,4.14,4.18,4.09,4.17,14485580,61907412.00
2014/11/24,4.24,4.32,4.20,4.28,37752091,166162592.00
2014/11/25,4.25,4.35,4.25,4.34,25818928,114559336.00
2014/11/26,4.36,4.46,4.30,4.36,32249216,145251808.00
2014/11/27,4.37,4.39,4.26,4.30,35970836,159692064.00
2014/11/28,4.30,4.47,4.25,4.46,56427686,251908576.00
2014/12/01,4.48,4.61,4.40,4.46,80266755,370789888.00
2014/12/02,4.45,4.56,4.42,4.51,43428691,200619600.00
2014/12/03,4.51,4.73,4.51,4.64,69530120,330259872.00
2014/12/04,4.67,4.86,4.63,4.84,65514845,318384448.00
2014/12/05,4.87,4.96,4.57,4.71,74923303,369861792.00
2014/12/08,4.68,5.19,4.64,5.19,94963288,486110720.00
2014/12/09,5.22,5.61,4.97,5.07,148484803,807859456.00
2014/12/10,5.09,5.27,4.97,5.22,70288194,370319200.00
2014/12/11,5.17,5.42,5.11,5.23,66454920,356570880.00
2014/12/12,5.25,5.31,5.11,5.14,56610962,300446368.00
2014/12/15,5.13,5.13,4.97,5.08,49442569,254928144.00
2014/12/16,5.06,5.55,5.02,5.42,88615833,478499200.00
2014/12/17,5.37,5.52,5.19,5.37,76675540,422125056.00
2014/12/18,5.37,5.57,5.31,5.48,64607300,361673280.00
2014/12/19,5.46,6.04,5.42,6.04,134297501,795325248.00
2014/12/22,6.22,6.66,6.22,6.66,209162667,1409099264.00
2014/12/23,6.67,6.96,5.98,6.27,230455568,1533260416.00
2014/12/24,6.20,6.91,6.16,6.91,310850624,2159521024.00
2014/12/25,6.67,7.11,6.45,7.03,267750945,1846384512.00
2014/12/26,6.87,7.00,6.55,6.88,197783085,1371736064.00
2014/12/29,6.81,7.17,6.57,6.76,204092931,1428902912.00
2014/12/30,6.72,6.72,6.47,6.54,98705498,661126080.00
2014/12/31,6.57,6.92,6.42,6.75,142915474,979058112.00
2015/01/05,6.73,7.05,6.58,7.00,235866017,1644303232.00
2015/01/06,6.88,7.01,6.64,6.74,156192152,1075539072.00
2015/01/07,6.71,6.84,6.59,6.79,104222910,713890304.00
2015/01/08,6.73,6.76,6.46,6.49,74716497,500726976.00
2015/01/09,6.37,6.59,6.33,6.35,72752743,478656544.00
2015/01/12,6.23,6.23,5.88,5.94,70278024,432145216.00
2015/01/13,5.94,6.02,5.88,5.96,46253918,281140224.00
2015/01/14,5.97,6.00,5.82,5.88,41224356,249424032.00
2015/01/15,5.90,6.11,5.87,6.10,50845878,311194240.00
2015/01/16,6.17,6.32,6.07,6.12,69591514,440483232.00
2015/01/19,5.74,5.85,5.50,5.50,70405606,406474016.00
2015/01/20,5.42,5.62,5.42,5.58,56706859,321327072.00
2015/01/21,5.60,5.95,5.52,5.86,72746290,424642816.00
2015/01/22,5.70,5.92,5.65,5.86,63648608,377207168.00
2015/01/23,5.84,5.91,5.73,5.79,52996980,315612512.00
2015/01/26,5.71,5.85,5.71,5.84,44747742,264074080.00
2015/01/27,5.82,5.82,5.62,5.74,52163758,305888384.00
2015/01/28,5.68,5.82,5.67,5.74,39115202,229868960.00
2015/01/29,5.67,6.30,5.64,6.29,175295009,1087114880.00
2015/01/30,6.27,6.66,6.07,6.27,191093831,1251360256.00
2015/02/02,6.08,6.09,5.65,5.78,73413826,438762784.00
2015/02/03,5.78,6.07,5.73,5.90,55761522,336495712.00
2015/02/04,5.91,6.16,5.90,5.94,71690239,440569056.00
2015/02/05,6.04,6.12,5.77,5.77,65559095,398166208.00
2015/02/06,5.67,5.72,5.37,5.44,76264495,428993888.00
2015/02/09,5.42,5.42,5.11,5.24,54809703,293256416.00
2015/02/10,5.22,5.44,5.21,5.43,34198006,186804560.00
2015/02/11,5.45,5.46,5.34,5.38,22950362,126575544.00
2015/02/12,5.38,5.52,5.23,5.46,36836634,202920384.00
2015/02/13,5.46,5.55,5.43,5.49,33478249,188688240.00
2015/02/16,5.50,5.52,5.47,5.51,20837970,117300096.00
2015/02/17,5.51,5.55,5.50,5.51,24208227,136817824.00
2015/02/25,5.51,5.66,5.47,5.58,31617747,180446976.00
2015/02/26,5.54,5.72,5.52,5.71,34197372,197513920.00
2015/02/27,5.73,5.83,5.71,5.73,36173782,212912160.00
2015/03/02,5.77,5.97,5.74,5.94,48629558,290441376.00
2015/03/03,5.92,5.95,5.77,5.79,44696876,266893232.00
2015/03/04,5.77,5.83,5.71,5.78,33899552,199671616.00
2015/03/05,5.77,5.77,5.51,5.56,43193002,248021904.00
2015/03/06,5.53,5.69,5.50,5.59,34790601,198828720.00
2015/03/09,5.56,5.67,5.46,5.65,30249227,172101040.00
2015/03/10,5.67,5.86,5.62,5.74,52094506,307002528.00
2015/03/11,5.72,5.86,5.69,5.75,33926536,200341600.00
2015/03/12,5.78,5.84,5.72,5.82,41696429,246881488.00
2015/03/13,5.82,6.06,5.79,5.99,84438852,512387808.00
2015/03/16,5.99,6.06,5.92,6.04,70396506,431603584.00
2015/03/17,6.04,6.26,6.00,6.19,94806879,594737152.00
2015/03/18,6.18,6.37,6.12,6.27,93534168,594937792.00
2015/03/19,6.20,6.45,6.12,6.33,122565169,785935104.00
2015/03/20,6.34,6.39,6.19,6.28,83623702,535502304.00
2015/03/23,6.30,6.53,6.22,6.45,135822227,881980416.00
2015/03/24,6.42,6.53,6.15,6.32,130714452,845979968.00
2015/03/25,6.30,6.30,6.15,6.19,67185028,425827744.00
2015/03/26,6.17,6.38,6.09,6.26,89015445,571299968.00
2015/03/27,6.25,6.30,6.18,6.24,55398904,353448512.00
2015/03/30,6.27,6.46,6.22,6.41,108919229,707613824.00
2015/03/31,6.43,6.48,6.25,6.27,83762054,544494656.00
2015/04/01,6.23,6.63,6.22,6.60,147194754,967491584.00
2015/04/02,6.55,6.59,6.42,6.55,97521945,647701248.00
2015/04/03,6.50,6.55,6.42,6.52,80906496,535641792.00
2015/04/07,6.53,6.73,6.52,6.72,125993231,850919616.00
2015/04/08,6.76,6.76,6.46,6.66,99774643,672373376.00
2015/04/09,6.66,6.66,6.07,6.37,83709940,548168512.00
2015/04/10,6.29,6.52,6.29,6.46,59566959,391211488.00
2015/04/13,6.44,6.61,6.42,6.59,85803680,571190848.00
2015/04/14,6.57,7.02,6.50,6.86,177785057,1234785536.00
2015/04/15,6.83,6.84,6.52,6.54,101399133,689487040.00
2015/04/16,6.52,7.01,6.39,6.97,157055148,1092812544.00
2015/04/17,7.05,7.36,6.98,7.21,237862486,1739351040.00
2015/04/20,7.16,7.64,6.96,7.15,268817745,1986158208.00
2015/04/21,7.09,7.33,6.98,7.26,133615244,972951360.00
2015/04/22,7.27,7.84,7.26,7.70,243945644,1889048832.00
2015/04/23,7.75,8.10,7.58,7.71,243558536,1937897216.00
2015/04/24,7.57,7.86,7.38,7.81,154167722,1205194112.00
2015/04/27,7.97,8.32,7.75,8.22,231729080,1890668416.00
2015/04/28,8.21,8.71,7.98,8.29,237844357,2005750400.00
2015/04/29,8.26,8.26,7.74,8.08,143762189,1172541056.00
2015/04/30,8.02,8.46,7.98,8.10,171582096,1444836224.00
2015/05/04,8.10,8.92,7.99,8.92,274615805,2395541248.00
2015/05/05,9.15,9.25,8.02,8.09,318580877,2804361216.00
2015/05/06,7.97,8.22,7.47,7.68,186550319,1477875712.00
2015/05/07,7.64,7.64,6.93,7.00,136914098,1007429312.00
2015/05/08,7.02,7.19,6.95,7.18,100343622,724487552.00
2015/05/11,7.23,7.51,7.22,7.47,105838072,794073984.00
2015/05/12,7.48,7.90,7.48,7.86,152612008,1197872128.00
2015/05/13,7.87,7.91,7.49,7.57,118106322,919274496.00
2015/05/14,7.55,7.81,7.47,7.65,95065436,741132992.00
2015/05/15,7.65,7.65,7.20,7.29,97032125,726252160.00
2015/05/18,7.17,7.31,7.08,7.13,69305484,506959840.00
2015/05/19,7.13,7.41,7.09,7.36,72446018,538488128.00
2015/05/20,7.37,7.58,7.28,7.37,90718952,688044800.00
2015/05/21,7.38,7.52,7.20,7.51,100907095,755877312.00
2015/05/22,7.57,7.85,7.51,7.80,155240224,1215100800.00
2015/05/25,7.82,8.22,7.82,8.16,173363573,1425491840.00
2015/05/26,8.23,8.32,7.95,8.26,199315168,1658257408.00
2015/05/27,8.26,8.48,8.07,8.44,224616150,1890670336.00
2015/05/28,8.47,8.77,7.68,7.76,286492686,2444692480.00
2015/05/29,7.68,7.89,7.21,7.61,163623718,1267157248.00
2015/06/01,7.61,8.38,7.61,8.38,179491255,1501509504.00
2015/06/02,8.82,8.99,8.43,8.62,347039851,3058110720.00
2015/06/03,8.64,8.64,8.16,8.33,204711098,1734157312.00
2015/06/04,8.33,8.49,7.77,8.48,176791758,1482419456.00
2015/06/05,8.67,8.75,8.35,8.62,275174723,2410612224.00
2015/06/08,8.62,8.96,8.62,8.94,275990014,2470414336.00
2015/06/09,9.05,9.38,8.94,9.31,366785990,3412028416.00
2015/06/10,9.21,9.21,8.82,8.94,232770042,2120800896.00
2015/06/11,8.87,8.87,8.58,8.76,175036572,1546257664.00
2015/06/12,8.72,9.02,8.69,8.97,208787762,1886860928.00
2015/06/15,8.98,9.02,8.55,8.67,184403662,1648793856.00
2015/06/16,8.58,8.82,8.17,8.33,154676269,1344609920.00
2015/06/17,8.32,8.86,7.97,8.82,217667030,1864358272.00
2015/06/18,8.67,8.75,8.27,8.29,147602330,1282484864.00
2015/06/19,8.02,8.21,7.46,7.56,128142377,1029956608.00
2015/06/23,7.56,7.83,7.12,7.81,119144615,919692736.00
2015/06/24,7.86,8.60,7.86,8.37,221613078,1868256512.00
2015/06/25,8.35,8.68,8.13,8.23,208484326,1778647936.00
2015/06/26,7.91,8.15,7.39,7.39,151439509,1190473600.00
2015/06/29,7.67,7.79,6.66,7.44,173468419,1307783680.00
2015/06/30,7.33,7.86,6.82,7.85,168124716,1260610688.00
2015/07/01,7.65,7.96,7.14,7.26,139086214,1083800704.00
2015/07/02,7.22,7.34,6.52,6.53,131813710,922529664.00
2015/07/03,6.43,6.45,5.86,5.86,131253130,808982336.00
2015/07/06,6.45,6.45,5.39,6.03,147249377,897124992.00
2015/07/07,5.87,6.42,5.43,6.36,230922500,1420798336.00
2015/07/08,5.86,6.09,5.71,5.71,129554509,774369216.00
2015/07/09,5.71,6.29,5.47,6.29,146044810,902955008.00
2015/07/10,6.44,6.93,6.33,6.93,154910287,1075917568.00
2015/07/13,6.97,7.64,6.97,7.64,213679415,1583449984.00
2015/07/14,7.46,7.64,6.98,7.02,161351911,1198087680.00
2015/07/15,6.85,6.85,6.31,6.31,108469829,721284288.00
2015/07/16,6.31,6.70,6.07,6.45,81104639,531841120.00
2015/07/17,6.46,6.86,6.46,6.77,77689842,528785216.00
2015/07/20,6.80,6.94,6.60,6.75,79882181,551273536.00
2015/07/21,6.60,6.85,6.53,6.71,77449868,528641696.00
2015/07/22,6.67,6.81,6.42,6.67,95352723,643482816.00
2015/07/23,6.58,6.82,6.57,6.77,101737988,697409344.00
2015/07/24,6.82,7.07,6.60,6.71,117428470,823648960.00
2015/07/27,6.57,6.66,6.03,6.03,86867492,567163776.00
2015/07/28,5.90,6.20,5.54,6.12,100518154,604238016.00
2015/07/29,6.14,6.52,6.06,6.46,67859931,433339168.00
2015/07/30,6.44,6.50,6.00,6.07,66251732,429882784.00
2015/07/31,5.97,6.47,5.95,6.25,43646743,274473120.00
2015/08/03,6.19,6.54,6.11,6.53,64729500,414133568.00
2015/08/04,6.49,6.67,6.37,6.63,64476713,431109440.00
2015/08/05,6.53,6.62,6.25,6.34,44078537,291121920.00
2015/08/06,6.22,6.38,6.19,6.25,22625445,145069648.00
2015/08/07,6.30,6.44,6.29,6.38,32775952,213308816.00
2015/08/10,6.48,7.03,6.48,7.03,148608586,1036582976.00
2015/08/11,7.03,7.25,6.91,7.04,147703176,1068929408.00
2015/08/12,7.05,7.57,6.95,7.18,157896738,1170129280.00
2015/08/13,7.20,7.48,7.05,7.41,109837000,814507072.00
2015/08/14,7.50,8.00,7.47,7.57,161207579,1259117056.00
2015/08/17,7.56,7.67,7.24,7.55,110693982,842698560.00
2015/08/18,7.49,7.54,6.78,6.78,117508449,854603392.00
2015/08/19,6.43,7.04,6.17,6.90,85440826,581601984.00
2015/08/20,6.81,6.92,6.57,6.60,48037373,330919936.00
2015/08/21,6.61,6.74,6.05,6.17,62138405,396336032.00
2015/08/24,5.98,6.08,5.55,5.55,70305558,395821248.00
2015/08/25,5.01,5.21,5.00,5.00,58171872,294091776.00
2015/08/26,4.91,5.25,4.65,4.89,79280337,395229888.00
2015/08/27,5.05,5.19,4.88,5.18,47793411,240848336.00
2015/08/28,5.23,5.57,5.20,5.53,62971351,339649984.00
2015/08/31,5.55,5.69,5.19,5.68,66075300,358207968.00
2015/09/01,5.50,6.04,5.28,5.88,95912640,552420864.00
2015/09/02,5.56,6.47,5.56,6.38,165840416,1026562816.00
2015/09/07,6.22,6.55,5.90,5.92,61219230,380733888.00
2015/09/08,5.80,6.06,5.60,6.03,32569513,190935200.00
2015/09/09,6.03,6.19,5.93,6.10,37979557,230651536.00
2015/09/10,6.00,6.20,5.91,5.97,23980917,144625792.00
2015/09/11,5.98,6.04,5.83,5.89,16193342,96090376.00
2015/09/14,6.01,6.12,5.40,5.67,40805658,240206272.00
2015/09/15,5.59,5.70,5.29,5.35,23064483,125815184.00
2015/09/16,5.34,5.89,5.23,5.73,30156508,166665776.00
2015/09/17,5.70,5.98,5.50,5.53,28851102,166186544.00
2015/09/18,5.55,5.70,5.51,5.57,14967209,83728424.00
2015/09/21,5.50,5.72,5.45,5.71,18064646,102086784.00
2015/09/22,5.71,5.77,5.66,5.72,18072014,103461728.00
2015/09/23,5.65,5.66,5.46,5.50,17418811,96923960.00
2015/09/24,5.53,5.63,5.51,5.57,11735735,65249092.00
2015/09/25,5.60,5.65,5.41,5.47,14048138,77507480.00
2015/09/28,5.52,5.54,5.41,5.52,7698332,42207336.00
2015/09/29,5.48,5.48,5.28,5.32,11505386,61704628.00
2015/09/30,5.36,5.40,5.26,5.29,9063050,48182464.00
2015/10/08,5.44,5.55,5.43,5.47,15520579,85284240.00
2015/10/09,5.49,5.56,5.44,5.53,17762895,97819080.00
2015/10/12,5.55,5.82,5.53,5.78,34103454,194269728.00
2015/10/13,5.73,5.78,5.69,5.74,24095425,138059344.00
2015/10/14,5.66,5.75,5.64,5.66,20061377,114192952.00
2015/10/15,5.64,5.83,5.64,5.80,30650755,176377776.00
2015/10/16,5.82,5.88,5.74,5.82,31748050,184108768.00
2015/10/19,5.82,5.84,5.68,5.73,31286451,180470176.00
2015/10/20,5.70,5.77,5.62,5.76,37183041,211096768.00
2015/10/21,5.77,5.87,5.40,5.51,57640172,331264000.00
2015/10/22,5.50,5.64,5.43,5.60,28189632,155711280.00
2015/10/23,5.60,5.64,5.53,5.61,30481094,169885104.00
2015/10/26,5.67,5.70,5.59,5.63,27871599,157020352.00
2015/10/27,5.62,5.62,5.45,5.59,21888566,120926448.00
2015/10/28,5.57,5.66,5.53,5.59,24198436,135740544.00
2015/10/29,5.56,5.63,5.53,5.57,18641706,104047760.00
2015/10/30,5.54,5.54,5.37,5.44,23508179,128204568.00
2015/11/02,5.42,5.44,5.30,5.30,16722221,89829216.00
2015/11/03,5.33,5.38,5.27,5.30,12638354,67147056.00
2015/11/04,5.30,5.50,5.30,5.49,23045380,125143296.00
2015/11/05,5.51,5.85,5.47,5.66,61052881,345564416.00
2015/11/06,5.66,5.72,5.60,5.68,39970204,226162144.00
2015/11/09,5.68,5.82,5.64,5.78,46734992,269219776.00
2015/11/10,5.73,5.79,5.69,5.76,36729305,210517648.00
2015/11/11,5.75,5.81,5.71,5.78,27856440,160535696.00
2015/11/12,5.79,5.80,5.66,5.70,27003720,154218016.00
2015/11/13,5.70,5.87,5.67,5.72,53651251,310650016.00
2015/11/16,5.58,5.66,5.45,5.65,30387328,169036112.00
2015/11/17,5.66,5.81,5.65,5.71,41514058,238035328.00
2015/11/18,5.74,5.82,5.71,5.74,29626110,170805184.00
2015/11/19,5.65,5.76,5.65,5.76,22108133,126125304.00
2015/11/20,5.78,5.78,5.69,5.73,26727068,153266976.00
2015/11/23,5.74,5.78,5.55,5.59,30607744,174334304.00
2015/11/24,5.55,5.61,5.54,5.59,14973133,83453640.00
2015/11/25,5.58,5.59,5.53,5.59,22464382,124759064.00
2015/11/26,5.62,5.62,5.55,5.56,17161838,95796160.00
2015/11/27,5.53,5.58,5.17,5.24,32355971,173967184.00
2015/11/30,5.28,5.38,5.12,5.29,22828871,120377088.00
2015/12/01,5.30,5.37,5.24,5.35,16821967,89376448.00
2015/12/02,5.36,5.49,5.23,5.47,21052719,113223264.00
2015/12/03,5.43,5.48,5.42,5.47,15894486,86552544.00
2015/12/04,5.45,5.45,5.32,5.34,15144829,81399208.00
2015/12/07,5.35,5.37,5.27,5.32,12260794,65306104.00
2015/12/08,5.31,5.31,5.20,5.20,16530502,86578824.00
2015/12/09,5.20,5.24,5.13,5.18,12811417,66325704.00
2015/12/10,5.18,5.21,5.11,5.12,13014976,67114392.00
2015/12/11,5.11,5.11,5.04,5.08,14301545,72459552.00
2015/12/14,5.06,5.22,5.04,5.21,18203644,93424656.00
2015/12/15,5.18,5.21,5.08,5.12,21969665,113135224.00
2015/12/16,5.13,5.17,5.12,5.12,10834879,55765112.00
2015/12/17,5.15,5.24,5.15,5.22,21523333,111975232.00
2015/12/18,5.22,5.23,5.16,5.18,17118765,88897336.00
2015/12/21,5.17,5.28,5.15,5.27,22623058,118611456.00
2015/12/22,5.28,5.31,5.22,5.28,20782881,109287008.00
2015/12/23,5.28,5.32,5.20,5.23,18702452,98537424.00
2015/12/24,5.21,5.26,5.12,5.15,16123304,83556776.00
2015/12/25,5.15,5.19,5.14,5.17,11179135,57696372.00
2015/12/28,5.18,5.21,5.10,5.10,17111033,88365448.00
2015/12/29,5.10,5.18,5.08,5.17,13041453,66771496.00
2015/12/30,5.15,5.18,5.13,5.15,9457868,48666124.00
2015/12/31,5.16,5.19,5.12,5.14,9994535,51484720.00
2016/01/04,5.13,5.15,4.70,4.78,15246520,76473232.00
2016/01/05,4.70,4.83,4.30,4.78,22065397,103693072.00
2016/01/06,4.75,5.00,4.74,4.97,18957062,92858960.00
2016/01/07,4.88,4.90,4.51,4.55,4475988,21233940.00
2016/01/08,4.66,4.80,4.52,4.75,23054157,108760032.00
2016/01/11,4.72,5.03,4.62,4.78,34730893,169994448.00
2016/01/12,4.78,4.88,4.65,4.74,17488637,83257008.00
2016/01/13,4.79,4.84,4.64,4.65,12900693,61428296.00
2016/01/14,4.50,4.72,4.50,4.70,14663538,67142128.00
2016/01/15,4.70,4.70,4.40,4.46,13129300,59590424.00
2016/01/18,4.40,4.50,4.34,4.42,11761268,52166320.00
2016/01/19,4.40,4.56,4.34,4.52,17327315,77162464.00
2016/01/20,4.47,4.97,4.39,4.69,36838524,171627184.00
2016/01/21,4.55,4.61,4.44,4.45,24812580,112429408.00
2016/01/22,4.47,4.55,4.35,4.50,13240164,59180216.00
2016/01/25,4.54,4.55,4.45,4.49,10474353,47178852.00
2016/01/26,4.44,4.47,4.06,4.10,17218564,73900432.00
2016/01/27,4.16,4.17,3.83,3.98,18897796,75483312.00
2016/01/28,3.98,4.04,3.91,3.92,14820295,59206144.00
2016/01/29,3.92,4.10,3.91,4.02,12664362,50885136.00
2016/02/01,4.10,4.10,3.98,4.01,8236940,33247544.00
2016/02/02,4.00,4.14,3.98,4.07,29211057,118061152.00
2016/02/03,4.00,4.03,3.94,4.03,15685059,62334224.00
2016/02/04,4.03,4.08,4.02,4.06,14845878,60144792.00
2016/02/05,4.07,4.07,4.00,4.02,11533713,46537812.00
2016/02/15,3.92,4.00,3.86,3.98,9363020,36843416.00
2016/02/16,4.00,4.13,4.00,4.10,16298609,66483224.00
2016/02/17,4.10,4.22,4.07,4.15,19463204,80585552.00
2016/02/18,4.18,4.22,4.14,4.16,17684027,73813208.00
2016/02/19,4.15,4.16,4.09,4.13,11772102,48516836.00
2016/02/22,4.18,4.27,4.15,4.24,16546402,69805728.00
2016/02/23,4.24,4.26,4.15,4.24,15475837,65040936.00
2016/02/24,4.22,4.35,4.20,4.31,22818867,97699240.00
2016/02/25,4.31,4.31,3.88,4.02,26221642,107913392.00
2016/02/26,4.02,4.09,3.93,4.04,16118924,64818184.00
2016/02/29,4.05,4.06,3.85,3.89,14167185,55304960.00
2016/03/01,3.90,4.00,3.90,3.98,12725479,50137232.00
2016/03/02,3.98,4.18,3.98,4.16,21213372,86843696.00
2016/03/03,4.15,4.20,4.13,4.16,18771369,78222016.00
2016/03/04,4.15,4.28,4.07,4.26,32860685,137085744.00
2016/03/07,4.24,4.30,4.21,4.27,27613861,117536712.00
2016/03/08,4.24,4.26,4.08,4.22,20998655,87439816.00
2016/03/09,4.17,4.21,4.08,4.20,18618745,77071096.00
数据来源:通达信
