600884 杉杉股份 日线 前复权
      日期	    开盘	    最高	    最低	    收盘	    成交量	    成交额
2011/01/04,24.74,25.16,24.46,24.82,8701782,218208736.00
2011/01/05,24.57,25.28,24.27,24.89,9756071,246070656.00
2011/01/06,24.89,25.10,24.16,24.20,8421796,208803936.00
2011/01/07,24.06,25.02,23.87,24.27,9613212,238737792.00
2011/01/10,23.96,24.35,23.06,23.18,9390780,225431216.00
2011/01/11,23.06,23.06,22.36,22.75,7961097,183532752.00
2011/01/12,22.83,23.12,22.36,22.94,5173989,119372928.00
2011/01/13,23.06,23.20,22.58,22.66,3985986,92398544.00
2011/01/14,22.66,22.66,21.63,21.64,7960184,177232752.00
2011/01/17,21.55,21.63,20.20,20.54,8453625,178062336.00
2011/01/18,20.50,20.80,20.24,20.61,3457203,72250672.00
2011/01/19,20.65,21.26,20.51,21.23,5508621,117440640.00
2011/01/20,21.20,21.63,19.76,19.83,8605969,181452272.00
2011/01/21,19.88,20.70,19.86,20.33,5869187,121244912.00
2011/01/24,20.21,20.54,19.64,19.67,6098665,123881256.00
2011/01/25,19.66,19.76,18.76,19.04,4670761,90974656.00
2011/01/26,19.16,19.58,19.06,19.48,3055114,60377168.00
2011/01/27,19.27,20.13,19.26,19.93,3886083,78417136.00
2011/01/28,19.89,20.54,19.84,20.40,4347357,89514320.00
2011/01/31,20.31,20.66,20.26,20.54,4874125,101368400.00
2011/02/01,20.61,21.26,20.44,21.00,5901326,126142824.00
2011/02/09,20.75,21.14,20.44,20.53,4657538,98361840.00
2011/02/10,20.38,21.06,20.27,21.04,4956996,104762872.00
2011/02/11,21.08,21.65,20.97,21.19,6043863,131243128.00
2011/02/14,21.20,21.63,21.01,21.49,7498720,162687904.00
2011/02/15,21.44,22.11,21.23,21.55,9177307,202574784.00
2011/02/16,21.55,22.09,21.41,22.06,7537549,167413472.00
2011/02/17,22.06,23.28,22.06,23.06,17881185,412017472.00
2011/02/18,23.06,23.30,22.34,22.38,13501616,312909440.00
2011/02/21,22.23,23.15,22.10,23.05,8514299,196892848.00
2011/02/22,23.06,23.16,21.91,21.94,10935927,249321376.00
2011/02/23,21.82,22.33,21.64,22.10,7066123,157325600.00
2011/02/24,21.96,22.42,21.86,22.22,5366954,121148848.00
2011/02/25,22.26,22.99,22.16,22.80,9380219,216293856.00
2011/02/28,22.90,23.41,22.66,23.28,10686588,250509664.00
2011/03/01,23.35,24.12,23.11,23.60,12839910,308425280.00
2011/03/02,23.46,23.62,22.82,23.35,7533008,177589504.00
2011/03/03,23.41,24.10,23.29,23.48,10600399,254978496.00
2011/03/04,23.46,23.48,22.91,23.34,7307246,171451312.00
2011/03/07,23.39,23.77,22.97,23.70,9856997,234909456.00
2011/03/08,23.66,24.34,23.46,23.95,11733472,285706304.00
2011/03/09,24.04,24.04,23.42,23.64,8828980,212266576.00
2011/03/10,23.46,23.61,23.04,23.05,7529845,177762320.00
2011/03/11,23.04,23.43,22.92,23.06,5526374,130239696.00
2011/03/14,22.82,23.00,22.59,22.87,6895913,159224288.00
2011/03/15,22.92,22.92,21.56,22.35,10546317,236274896.00
2011/03/16,22.28,22.66,22.08,22.59,7387003,168473888.00
2011/03/17,22.21,22.32,21.67,21.76,6960380,155425456.00
2011/03/18,21.91,22.35,21.88,22.14,4723789,105823496.00
2011/03/21,22.02,22.08,21.57,21.72,5797650,128073928.00
2011/03/22,21.82,22.04,21.30,21.75,4200747,92383384.00
2011/03/23,21.77,22.27,21.77,22.17,4515608,101309376.00
2011/03/24,22.34,22.34,21.87,21.88,4682958,105024960.00
2011/03/25,21.85,22.08,21.56,21.95,5201071,115629656.00
2011/03/28,22.16,22.53,22.16,22.37,7720352,175322720.00
2011/03/29,22.34,22.40,21.39,21.45,7327246,162320144.00
2011/03/30,21.32,21.80,21.04,21.07,6003030,129931864.00
2011/03/31,20.99,22.06,20.99,21.60,7536215,165589328.00
2011/04/01,21.66,21.66,20.83,21.18,6055277,130019264.00
2011/04/06,20.96,21.41,20.89,21.19,5217402,112243280.00
2011/04/07,21.41,21.72,21.29,21.59,4607760,100724552.00
2011/04/08,21.56,21.80,21.36,21.76,4437247,97595024.00
2011/04/11,21.75,22.14,21.46,21.49,6130248,135900272.00
2011/04/12,21.44,21.86,21.23,21.63,4488397,98349376.00
2011/04/13,21.54,21.55,21.22,21.55,3979209,86342680.00
2011/04/14,21.58,21.71,21.06,21.12,7506767,162109232.00
2011/04/15,21.03,21.12,20.33,20.49,9654424,202162544.00
2011/04/18,20.36,20.42,20.06,20.39,5920592,121519016.00
2011/04/19,20.18,20.61,20.12,20.36,4951932,102566448.00
2011/04/20,20.39,20.60,20.21,20.51,3605330,74770960.00
2011/04/21,20.63,20.63,20.21,20.32,4116024,85105760.00
2011/04/22,20.23,20.32,19.74,19.84,6212108,126178560.00
2011/04/26,19.46,19.53,19.16,19.28,5081341,99896216.00
2011/04/27,19.46,19.47,18.79,18.95,4603963,89826800.00
2011/04/28,19.05,19.28,18.16,18.29,4301470,81953248.00
2011/04/29,18.32,18.84,18.32,18.84,3393705,64257100.00
2011/05/03,18.86,19.14,18.67,19.13,3247212,62698228.00
2011/05/04,19.11,19.11,18.46,18.77,3828017,73003032.00
2011/05/05,18.74,19.04,18.64,18.91,2233941,42932216.00
2011/05/06,18.74,19.04,18.52,18.87,2510467,48042288.00
2011/05/09,19.15,19.54,19.06,19.44,3822739,75511744.00
2011/05/10,19.56,19.63,19.16,19.37,3208854,63107996.00
2011/05/11,19.44,19.46,18.96,19.05,4187105,81379760.00
2011/05/12,18.76,18.88,18.34,18.35,4929394,93392840.00
2011/05/13,18.30,18.56,18.21,18.50,3579384,66949548.00
2011/05/16,18.52,18.66,18.41,18.42,2327894,43920056.00
2011/05/17,18.44,18.81,18.36,18.62,3753843,71037648.00
2011/05/18,18.66,18.92,18.66,18.78,3012698,57701176.00
2011/05/19,18.78,19.06,18.57,18.59,3425571,65572816.00
2011/05/20,18.46,18.66,18.32,18.52,2308635,43344624.00
2011/05/23,18.58,18.64,17.72,17.73,3470435,64269812.00
2011/05/24,17.74,17.94,17.26,17.85,2991803,53733520.00
2011/05/25,17.66,17.85,16.70,16.98,3796050,67187760.00
2011/05/26,17.10,17.19,16.52,16.54,4328757,74317896.00
2011/05/27,16.57,16.65,16.16,16.21,3262069,54449184.00
2011/05/30,16.17,16.26,15.77,15.79,3248877,53004900.00
2011/05/31,15.82,16.24,15.82,16.20,2406203,39433352.00
2011/06/01,16.27,17.02,16.24,16.75,5111534,86994912.00
2011/06/02,16.46,17.06,16.34,16.65,4715429,80291312.00
2011/06/03,16.65,16.84,16.56,16.70,2726200,46462212.00
2011/06/07,16.53,16.81,16.53,16.71,2660371,45321820.00
2011/06/08,16.71,17.05,16.41,17.02,4166655,71402536.00
2011/06/09,16.89,17.01,16.26,16.34,3759495,63683816.00
2011/06/10,16.31,16.42,16.09,16.35,2186745,36283812.00
2011/06/13,16.22,16.41,16.03,16.34,1459500,24158346.00
2011/06/14,16.40,17.01,16.27,16.83,3492086,59502704.00
2011/06/15,16.71,16.93,16.51,16.53,3114870,53154616.00
2011/06/16,16.41,16.81,16.27,16.65,4293508,72772608.00
2011/06/17,16.59,16.67,16.01,16.21,3052251,50451192.00
2011/06/20,16.14,16.19,15.79,15.90,2543560,41218592.00
2011/06/21,16.34,17.44,16.34,16.84,11289323,193327952.00
2011/06/22,16.69,16.93,16.60,16.81,4453313,75702312.00
2011/06/23,16.75,17.94,16.74,17.82,15550842,277987616.00
2011/06/24,17.64,18.19,17.54,18.03,13185670,239847904.00
2011/06/27,18.02,18.34,17.84,18.25,9630329,176635664.00
2011/06/28,18.12,18.16,17.65,17.89,7822973,142115040.00
2011/06/29,17.90,18.22,17.64,17.65,5820107,105952664.00
2011/06/30,17.62,18.34,17.59,18.01,7363257,135321744.00
2011/07/01,18.15,18.97,18.09,18.43,12164943,228926912.00
2011/07/04,18.76,19.73,18.67,19.50,15858890,310951104.00
2011/07/05,19.64,19.72,19.02,19.29,13008002,253884560.00
2011/07/06,19.23,19.33,18.85,19.20,8798589,170208096.00
2011/07/07,19.24,19.67,18.91,18.95,8480811,165508096.00
2011/07/08,19.05,19.05,18.61,18.79,5436652,103298200.00
2011/07/11,18.64,19.02,18.55,18.86,4248409,81297472.00
2011/07/12,18.69,18.84,18.25,18.34,6100340,114256064.00
2011/07/13,18.31,18.97,18.29,18.93,5560085,105086096.00
2011/07/14,18.97,19.29,18.80,19.06,6123799,118303472.00
2011/07/15,19.10,19.10,18.77,18.87,4990057,95626288.00
2011/07/18,18.90,19.24,18.88,19.08,5519804,106815008.00
2011/07/19,18.94,18.94,18.62,18.64,4108643,77988368.00
2011/07/20,18.85,18.98,18.33,18.53,4110404,77386080.00
2011/07/21,18.54,18.62,17.87,17.90,5682381,104415024.00
2011/07/22,18.01,18.13,17.87,17.92,3055492,55781036.00
2011/07/25,17.93,18.14,16.94,17.17,4649407,82733928.00
2011/07/26,17.17,17.31,17.05,17.20,2527230,44051088.00
2011/07/27,17.20,17.74,17.04,17.55,3174767,56376520.00
2011/07/28,17.31,17.31,17.02,17.24,3140320,54715000.00
2011/07/29,17.24,17.37,16.92,17.01,2916955,50522228.00
2011/08/01,17.12,17.43,16.99,17.19,2947019,51621120.00
2011/08/02,17.04,17.30,16.75,17.27,3625474,62545032.00
2011/08/03,17.04,17.41,16.86,17.27,2396259,41841056.00
2011/08/04,17.53,17.57,17.32,17.47,3116202,55220132.00
2011/08/05,16.72,17.04,16.52,16.91,4124948,70564472.00
2011/08/08,16.54,16.67,15.25,15.67,6039189,98274848.00
2011/08/09,15.04,15.67,14.74,15.51,6123454,94631040.00
2011/08/10,15.91,16.01,15.46,15.58,4868772,78098344.00
2011/08/11,15.09,15.83,15.06,15.82,4013328,63576944.00
2011/08/12,15.94,16.18,15.87,15.98,3751405,61141332.00
2011/08/15,16.16,17.13,16.16,16.91,8148144,139245792.00
2011/08/16,17.01,17.01,16.56,16.65,4559994,77466800.00
2011/08/17,16.72,16.99,16.57,16.73,4089157,69802728.00
2011/08/18,16.66,16.73,16.20,16.29,3385735,56497720.00
2011/08/19,15.79,16.14,15.65,15.92,4150390,66867584.00
2011/08/22,15.94,16.22,15.87,15.93,2652520,43187392.00
2011/08/23,16.02,16.26,15.92,16.25,3075227,50365644.00
2011/08/24,16.43,16.51,16.10,16.14,2923595,48444900.00
2011/08/25,16.19,16.54,16.10,16.53,3908400,65065212.00
2011/08/26,16.48,16.87,16.42,16.74,4113508,69626664.00
2011/08/29,16.60,16.72,16.48,16.55,2695689,45370680.00
2011/08/30,16.68,16.78,16.24,16.29,3194259,53706056.00
2011/08/31,16.35,16.35,15.83,16.15,2580554,42161584.00
2011/09/01,16.24,16.29,15.87,16.04,2696240,44104712.00
2011/09/02,16.02,16.09,15.78,15.90,2093386,33821140.00
2011/09/05,15.89,15.89,15.44,15.53,2393079,38008008.00
2011/09/06,15.35,15.85,15.35,15.76,2384000,38055056.00
2011/09/07,15.80,16.57,15.73,16.36,4387639,72145296.00
2011/09/08,16.52,16.69,16.02,16.03,3637266,60533276.00
2011/09/09,16.05,16.22,15.77,15.89,2402595,38896800.00
2011/09/13,15.61,15.69,15.39,15.66,2135912,33726244.00
2011/09/14,15.88,15.96,15.56,15.93,1967065,31607812.00
2011/09/15,15.95,16.32,15.94,16.02,2337321,38333828.00
2011/09/16,16.20,16.84,16.04,16.66,8826945,148572304.00
2011/09/19,16.72,16.82,16.26,16.29,4428949,73972664.00
2011/09/20,16.14,16.84,16.14,16.74,5345341,90164648.00
2011/09/21,16.74,17.10,16.44,17.01,7703094,132091864.00
2011/09/22,16.84,16.94,16.25,16.33,7138682,120390464.00
2011/09/23,15.82,16.19,15.80,16.11,4083237,66398604.00
2011/09/26,16.07,16.48,15.89,16.01,3172938,52091188.00
2011/09/27,16.11,16.38,15.83,16.23,3139902,51615572.00
2011/09/28,16.42,16.49,16.19,16.24,5238362,87017448.00
2011/09/29,15.99,16.07,15.55,15.80,4160439,66994424.00
2011/09/30,15.77,15.91,15.14,15.46,3676009,57687032.00
2011/10/10,15.60,15.63,15.32,15.49,1937032,30493800.00
2011/10/11,16.09,16.09,15.23,15.49,2615148,41433372.00
2011/10/12,15.53,16.16,15.24,16.08,3710012,59913244.00
2011/10/13,15.99,16.54,15.94,16.38,4678023,77716200.00
2011/10/14,16.27,16.45,15.96,16.17,2739542,44905624.00
2011/10/18,16.12,16.12,15.46,15.51,3490716,55697072.00
2011/10/19,15.54,15.71,15.34,15.43,2020746,31810208.00
2011/10/20,15.34,15.43,14.93,15.18,2079462,31996394.00
2011/10/21,15.13,15.27,14.25,14.48,2912947,43427592.00
2011/10/24,14.44,14.55,13.74,14.49,3767101,54635740.00
2011/10/25,14.52,14.89,14.26,14.88,4333597,64836580.00
2011/10/26,14.71,15.19,14.70,14.88,3660582,55706992.00
2011/10/27,14.86,15.18,14.78,14.93,2970135,45360252.00
2011/10/28,15.11,15.24,14.97,15.19,3897272,59903964.00
2011/10/31,15.25,15.88,15.25,15.63,6534928,104153712.00
2011/11/01,15.54,16.50,15.46,16.34,12955238,213489232.00
2011/11/02,15.92,16.49,15.90,16.46,6684448,109633976.00
2011/11/03,16.39,16.64,16.19,16.24,7596661,126282560.00
2011/11/04,16.29,16.42,16.10,16.25,3960065,65275296.00
2011/11/07,16.22,16.39,16.04,16.05,2619316,43099332.00
2011/11/08,16.05,16.24,15.89,15.95,2383731,38917000.00
2011/11/09,15.97,16.50,15.97,16.43,5185194,85843648.00
2011/11/10,16.14,16.30,16.07,16.08,4166339,68498880.00
2011/11/11,16.11,16.19,15.82,15.97,3457953,56243816.00
2011/11/14,16.24,17.11,16.23,17.08,13516864,231190624.00
2011/11/15,16.99,17.19,16.75,17.05,8415051,144973280.00
2011/11/16,17.04,17.04,16.29,16.43,7215958,121686832.00
2011/11/17,16.43,16.60,16.24,16.25,4131863,68816232.00
2011/11/18,16.06,16.24,15.29,15.33,5759889,92394928.00
2011/11/22,15.30,15.51,15.13,15.44,2399654,37454184.00
2011/11/23,15.46,15.69,15.30,15.41,2340606,36816560.00
2011/11/24,15.27,15.42,15.06,15.24,1801411,27902302.00
2011/11/25,15.30,15.43,15.09,15.13,1803917,27946820.00
2011/11/28,15.13,15.32,14.94,15.26,1681106,25899802.00
2011/11/29,15.49,15.58,15.30,15.56,2514127,39523612.00
2011/11/30,15.56,15.62,14.60,14.73,3401064,51948576.00
2011/12/01,15.24,15.48,15.04,15.04,3385695,52603760.00
2011/12/02,14.99,15.09,14.71,14.86,1895449,28634992.00
2011/12/05,14.74,14.86,14.22,14.26,1934738,28515712.00
2011/12/06,14.29,14.44,13.94,14.19,2541747,36621744.00
2011/12/07,14.28,14.42,14.15,14.29,1253010,18239404.00
2011/12/08,14.11,14.44,13.90,14.34,1714395,24760112.00
2011/12/09,14.12,14.33,14.06,14.21,1333419,19243208.00
2011/12/12,14.21,14.50,14.20,14.27,1909342,27887984.00
2011/12/13,14.10,14.10,13.69,13.74,1991072,28082048.00
2011/12/14,13.75,13.89,13.41,13.64,2635624,36612232.00
2011/12/15,13.54,13.60,12.74,12.89,2390515,32182852.00
2011/12/16,12.84,13.22,12.82,13.21,2183485,29009636.00
2011/12/19,13.18,13.33,12.89,13.27,1990910,26748172.00
2011/12/20,13.24,13.42,13.14,13.16,1596694,21633670.00
2011/12/21,13.34,13.44,12.64,12.73,1752008,23458464.00
2011/12/22,12.68,12.68,11.61,12.21,3873669,47512336.00
2011/12/23,11.82,12.39,11.82,12.26,2161509,26967982.00
2011/12/26,12.27,12.39,11.96,12.08,1401287,17466948.00
2011/12/27,12.10,12.10,11.72,11.73,1507051,18299716.00
2011/12/28,11.67,11.97,11.18,11.95,2594188,30745028.00
2011/12/29,11.77,12.08,11.74,11.88,2288084,27933344.00
2011/12/30,11.93,12.02,11.79,12.02,3749042,45590468.00
2012/01/04,12.09,12.16,11.48,11.49,2191860,26665336.00
2012/01/05,11.39,11.48,10.92,10.94,2072751,23801694.00
2012/01/06,11.02,11.02,10.58,10.96,2545163,28159572.00
2012/01/09,10.98,11.52,10.85,11.50,2415724,27829256.00
2012/01/10,11.52,12.11,11.43,12.07,4432560,53816332.00
2012/01/11,12.11,12.62,11.95,12.14,4742248,59288848.00
2012/01/12,12.12,12.43,12.04,12.20,3437794,42847140.00
2012/01/13,12.20,12.24,11.62,11.71,4070193,49182128.00
2012/01/16,11.52,11.62,11.13,11.14,2063767,24101280.00
2012/01/17,11.07,11.98,11.07,11.93,3266028,39083612.00
2012/01/18,11.93,12.26,11.75,11.78,3362615,41235040.00
2012/01/19,11.77,12.19,11.62,12.12,2488187,30454120.00
2012/01/20,12.14,12.23,12.00,12.19,2392914,29677346.00
2012/01/30,12.20,12.28,11.94,12.00,2378401,29319808.00
2012/01/31,11.96,12.13,11.86,12.01,1444294,17668416.00
2012/02/01,12.01,12.10,11.74,11.77,1893775,23055744.00
2012/02/02,11.83,12.16,11.71,12.14,2183886,26587580.00
2012/02/03,12.12,12.47,12.04,12.43,5130317,64231368.00
2012/02/06,12.40,12.57,12.23,12.56,4216230,53315320.00
2012/02/07,12.39,12.71,12.18,12.41,3655195,46124576.00
2012/02/08,12.32,12.89,12.32,12.87,6137625,79095104.00
2012/02/09,12.84,13.01,12.74,12.81,5658579,74359184.00
2012/02/10,12.72,12.98,12.65,12.87,4051394,53132308.00
2012/02/13,12.74,13.05,12.66,12.94,3199599,41981720.00
2012/02/14,12.94,12.95,12.71,12.92,3287439,43017348.00
2012/02/15,12.90,13.07,12.77,13.02,4209064,55630036.00
2012/02/16,13.00,13.13,12.83,13.03,4426673,58702980.00
2012/02/17,12.94,13.48,12.94,13.12,6646736,89680720.00
2012/02/20,13.31,13.32,12.92,12.93,4765500,63941644.00
2012/02/21,12.92,13.08,12.69,13.07,3556139,46762012.00
2012/02/22,13.06,13.39,13.01,13.34,5291615,71459712.00
2012/02/23,13.39,13.59,13.25,13.34,4804059,65775444.00
2012/02/24,13.34,13.61,13.27,13.60,5093925,69925136.00
2012/02/27,13.80,14.07,13.66,13.68,7939940,112005224.00
2012/02/28,13.55,13.74,13.31,13.51,4832059,66586428.00
2012/02/29,13.52,13.69,13.35,13.44,3847917,53118192.00
2012/03/01,13.44,13.90,13.36,13.79,3794852,52731464.00
2012/03/02,13.74,13.97,13.65,13.95,4345762,61437680.00
2012/03/05,13.94,14.43,13.84,14.27,7471193,107730240.00
2012/03/06,14.21,14.32,13.87,14.06,5537003,79367392.00
2012/03/07,13.88,14.41,13.85,14.15,5982736,86320768.00
2012/03/08,14.36,14.61,14.17,14.32,6814287,99862016.00
2012/03/09,14.34,14.44,14.20,14.43,5322570,77580936.00
2012/03/12,14.46,14.81,14.46,14.59,5997863,89287584.00
2012/03/13,14.65,14.66,14.48,14.63,3876500,57516348.00
2012/03/14,14.75,14.82,13.63,13.65,8596339,123806072.00
2012/03/15,13.65,13.79,13.16,13.28,7554775,103388744.00
2012/03/16,13.28,13.88,13.14,13.85,7183401,99411576.00
2012/03/19,13.75,14.13,13.64,14.05,5366487,76006608.00
2012/03/20,14.12,14.37,13.82,13.91,5853559,84028600.00
2012/03/21,13.96,14.45,13.75,14.35,8067503,116251392.00
2012/03/22,14.30,14.41,14.01,14.19,4545311,65643520.00
2012/03/23,14.15,14.15,13.47,13.58,5288507,74049128.00
2012/03/26,13.59,13.76,13.29,13.53,2719602,37591436.00
2012/03/27,13.70,13.82,13.45,13.53,2453807,34082124.00
2012/03/28,13.39,13.50,12.80,12.83,4261196,56715892.00
2012/03/29,12.82,12.88,12.32,12.47,4105318,52608028.00
2012/03/30,12.44,12.56,12.18,12.23,3130772,39545152.00
2012/04/05,12.30,12.66,12.28,12.63,5225060,66274988.00
2012/04/06,12.57,12.89,12.57,12.70,3895999,50611800.00
2012/04/09,12.63,12.63,12.26,12.32,3461326,43928504.00
2012/04/10,12.18,12.38,11.81,12.37,4625464,57161748.00
2012/04/11,12.14,13.22,12.07,13.02,8048658,104475088.00
2012/04/12,12.97,13.50,12.79,13.29,9010442,121093528.00
2012/04/13,13.21,13.65,13.16,13.56,8889556,121422464.00
2012/04/16,13.37,14.09,13.33,13.92,8390342,118500448.00
2012/04/17,13.92,13.92,13.57,13.70,6249783,87282776.00
2012/04/18,13.69,14.13,13.59,14.06,6401373,90778800.00
2012/04/19,14.49,14.54,13.57,13.63,10598843,150947280.00
2012/04/23,13.63,14.22,13.57,13.88,7319281,104003664.00
2012/04/24,13.77,14.68,13.49,14.54,18035264,259791824.00
2012/04/25,14.34,14.59,14.18,14.39,12290110,180339472.00
2012/04/26,14.46,14.53,13.70,13.79,10979236,156882688.00
2012/04/27,13.65,13.79,13.39,13.50,6469830,89310184.00
2012/05/02,13.74,13.78,13.34,13.66,6088794,84399600.00
2012/05/03,13.64,13.83,13.54,13.72,3885882,54253064.00
2012/05/04,13.72,13.87,13.68,13.81,3708324,52033544.00
2012/05/07,13.67,13.92,13.64,13.89,3932371,55350528.00
2012/05/08,13.89,13.89,13.64,13.68,3410388,47731744.00
2012/05/09,13.55,13.58,13.09,13.14,6086054,82576864.00
2012/05/10,13.11,13.46,12.96,13.31,3499364,47444372.00
2012/05/11,13.31,13.38,13.12,13.13,2312101,31130004.00
2012/05/14,13.29,13.30,12.99,13.02,2088235,27957316.00
2012/05/15,12.94,12.94,12.59,12.87,3539002,46133420.00
2012/05/16,12.86,12.94,12.67,12.68,1594651,20879588.00
2012/05/17,12.65,13.84,12.65,13.73,8877667,121444688.00
2012/05/18,13.64,14.19,13.55,13.64,12625053,178520352.00
2012/05/21,13.49,13.80,13.30,13.68,5351459,73957384.00
2012/05/22,13.74,13.80,13.61,13.79,4802700,67178592.00
2012/05/23,13.79,13.79,13.50,13.73,4146635,57605344.00
2012/05/24,13.74,13.92,13.63,13.65,4388150,61624452.00
2012/05/25,13.67,13.73,13.04,13.13,4896660,66618348.00
2012/05/28,13.04,13.54,12.82,13.49,3809105,51361880.00
2012/05/29,13.46,13.71,13.40,13.64,4371696,60572228.00
2012/05/30,13.61,14.06,13.61,13.83,7462739,105410024.00
2012/05/31,13.82,14.09,13.61,13.88,7853809,111314344.00
2012/06/01,13.92,13.99,13.71,13.77,4278743,60258540.00
2012/06/04,13.35,13.74,13.24,13.27,4686468,63925140.00
2012/06/05,13.29,13.43,13.09,13.12,2457790,33121546.00
2012/06/06,13.19,13.30,12.94,13.01,2525036,33707612.00
2012/06/07,13.24,13.28,12.90,13.00,1897265,25313870.00
2012/06/08,13.20,13.42,12.94,12.98,3970944,53430840.00
2012/06/11,13.00,13.14,12.70,13.10,2648268,34758624.00
2012/06/12,13.00,13.00,12.76,12.81,2057247,26900692.00
2012/06/13,12.90,13.05,12.83,13.03,1566931,20601982.00
2012/06/14,13.00,13.09,12.85,12.87,2341666,30835078.00
2012/06/15,13.00,13.05,12.85,12.97,1861308,24455896.00
2012/06/18,13.03,13.19,13.01,13.07,1719052,22839680.00
2012/06/19,13.07,13.11,12.80,12.84,2320680,30552824.00
2012/06/20,12.88,12.99,12.78,12.79,1609786,21059398.00
2012/06/21,12.90,12.90,12.46,12.53,2331071,29850464.00
2012/06/25,12.50,12.55,11.98,12.01,2056323,25504842.00
2012/06/26,11.98,12.19,11.84,12.01,1760992,21554232.00
2012/06/28,11.98,12.07,11.40,11.49,3175750,37952936.00
2012/06/29,11.52,11.70,11.11,11.69,3378523,39170156.00
2012/07/02,11.76,11.82,11.53,11.68,1820689,21670492.00
2012/07/03,11.68,11.77,11.51,11.65,1751836,20760592.00
2012/07/04,11.68,11.83,11.55,11.67,1558817,18529348.00
2012/07/05,11.62,11.62,11.05,11.10,3765948,42896928.00
2012/07/06,11.16,11.40,10.92,11.35,2657130,30246602.00
2012/07/09,11.20,11.28,10.92,10.95,1668010,18867942.00
2012/07/10,11.07,11.10,10.85,10.96,1539182,17257604.00
2012/07/11,11.00,11.13,10.93,11.08,1437446,16165520.00
2012/07/12,11.05,11.38,10.95,11.36,2933179,33488676.00
2012/07/13,11.30,11.42,11.22,11.23,1667646,19179608.00
2012/07/16,11.26,11.36,10.81,10.83,2665280,30057968.00
2012/07/17,10.81,10.96,10.76,10.92,1469340,16277437.00
2012/07/18,10.97,11.20,10.92,11.20,2205894,24881144.00
2012/07/19,11.20,11.42,11.16,11.29,2852507,32867160.00
2012/07/20,11.25,11.89,11.21,11.45,3898725,45727736.00
2012/07/23,11.46,11.59,11.25,11.31,2510724,29190284.00
2012/07/24,11.25,11.43,11.15,11.32,1825395,20965128.00
2012/07/25,11.32,11.32,11.08,11.10,1310191,14937477.00
2012/07/26,11.11,11.24,10.89,10.89,1699621,19096938.00
2012/07/27,10.92,11.10,10.90,10.93,1454764,16258869.00
2012/07/30,10.93,11.10,10.81,10.83,1218340,13583123.00
2012/07/31,10.83,10.91,10.52,10.64,1618491,17616834.00
2012/08/01,10.68,11.00,10.68,10.93,1742561,19389632.00
2012/08/02,10.89,10.96,10.64,10.71,1540570,16906308.00
2012/08/03,10.76,10.97,10.67,10.95,1335312,14763805.00
2012/08/06,10.93,11.25,10.89,11.21,2108943,23844032.00
2012/08/07,11.20,11.38,11.09,11.27,2770398,31738628.00
2012/08/08,11.29,11.37,11.17,11.24,1877537,21516198.00
2012/08/09,11.19,11.35,11.10,11.26,3487111,39806980.00
2012/08/10,11.22,11.35,11.17,11.29,2630918,30187692.00
2012/08/13,11.32,11.65,11.11,11.14,6100376,70731208.00
2012/08/14,11.11,11.25,10.80,11.15,3911285,43938720.00
2012/08/15,11.16,11.16,10.90,10.94,2975083,33269128.00
2012/08/16,10.94,11.10,10.87,10.90,2261172,25171080.00
2012/08/17,10.93,10.97,10.82,10.91,1518386,16838434.00
2012/08/20,10.83,10.92,10.74,10.88,1829397,20150232.00
2012/08/21,10.84,11.09,10.84,11.07,2881099,32320160.00
2012/08/22,11.08,11.17,10.97,11.05,2885185,32497108.00
2012/08/23,11.01,11.16,10.99,11.13,2260433,25510638.00
2012/08/24,11.06,11.10,10.81,10.84,2374895,26476202.00
2012/08/27,10.79,10.83,10.47,10.48,2803085,30324446.00
2012/08/28,10.42,10.67,10.42,10.56,1739337,18669100.00
2012/08/29,10.52,10.63,10.46,10.48,1440197,15459392.00
2012/08/30,10.48,10.59,10.17,10.39,1844229,19520820.00
2012/08/31,10.33,10.43,10.21,10.31,1108353,11661773.00
2012/09/03,10.30,10.54,10.20,10.49,1634384,17373976.00
2012/09/04,10.52,10.62,10.30,10.34,2136503,22796112.00
2012/09/05,10.40,10.45,10.20,10.38,1743902,18371512.00
2012/09/06,10.38,10.68,10.35,10.62,3275259,35328192.00
2012/09/07,10.69,11.13,10.65,11.03,5873203,65424248.00
2012/09/10,11.05,11.18,10.98,11.07,3933800,44358860.00
2012/09/11,11.07,11.08,10.90,10.95,3118820,34833508.00
2012/09/12,11.01,11.08,10.88,11.01,3077690,34364048.00
2012/09/13,11.03,11.08,10.71,10.72,3123208,34743236.00
2012/09/14,10.83,11.03,10.78,10.91,3510800,39044996.00
2012/09/17,10.95,10.96,10.48,10.50,2984111,32567174.00
2012/09/18,10.44,10.56,10.36,10.38,1640530,17436964.00
2012/09/19,10.45,10.54,10.38,10.48,1073093,11427478.00
2012/09/20,10.50,10.50,10.10,10.18,2186256,22933574.00
2012/09/21,10.20,10.41,10.11,10.16,1625478,16940780.00
2012/09/24,10.12,10.15,9.85,10.14,1878983,19177584.00
2012/09/25,10.09,10.10,9.80,9.90,1886968,19145556.00
2012/09/26,9.89,9.94,9.65,9.71,2130142,21211596.00
2012/09/27,9.70,10.00,9.66,9.90,2211129,22249088.00
2012/09/28,9.80,10.08,9.79,10.08,2128562,21675920.00
2012/10/08,10.08,10.18,9.93,9.96,1409670,14417563.00
2012/10/09,10.04,10.23,9.97,10.22,2353969,24380568.00
2012/10/10,10.21,10.31,10.16,10.31,2337163,24417364.00
2012/10/11,10.28,10.33,10.08,10.09,1818950,18948768.00
2012/10/12,10.14,10.28,10.00,10.08,1572024,16224286.00
2012/10/15,10.13,10.17,10.03,10.07,1667569,17135308.00
2012/10/16,10.07,10.24,10.04,10.08,1297431,13393216.00
2012/10/17,10.10,10.25,10.04,10.21,2496736,25912274.00
2012/10/18,10.21,10.35,10.20,10.32,3180842,33413008.00
2012/10/19,10.34,10.35,10.15,10.19,2370872,24713244.00
2012/10/22,10.15,10.20,10.07,10.16,1753300,18106462.00
2012/10/23,10.17,10.26,10.05,10.06,1899182,19668916.00
2012/10/24,10.05,10.10,9.98,10.00,1403811,14360520.00
2012/10/25,10.01,10.21,9.99,10.03,1820380,18724374.00
2012/10/26,10.08,10.16,9.68,9.72,2647218,26552312.00
2012/10/29,9.72,9.79,9.49,9.55,2268445,22247898.00
2012/10/30,9.60,9.65,9.10,9.16,3072108,29499700.00
2012/10/31,9.20,9.25,8.97,9.12,2979494,27699810.00
2012/11/01,9.10,9.44,9.08,9.37,2702121,25671980.00
2012/11/02,9.40,9.40,9.18,9.36,2202684,20955066.00
2012/11/05,9.36,9.55,9.36,9.41,1849621,17845258.00
2012/11/06,9.42,9.42,9.17,9.35,2642261,25011700.00
2012/11/07,9.33,9.48,9.26,9.33,2021408,19315206.00
2012/11/08,9.34,9.34,8.95,8.99,2172976,20222236.00
2012/11/09,8.99,9.11,8.90,8.98,1574549,14466511.00
2012/11/12,9.07,9.16,8.98,9.09,1591959,14716156.00
2012/11/13,9.08,9.08,8.81,8.84,1589952,14500292.00
2012/11/14,8.86,9.04,8.77,8.96,1757804,16017389.00
2012/11/15,8.88,8.92,8.72,8.73,1817577,16386501.00
2012/11/16,8.73,8.78,8.30,8.65,2471694,21583344.00
2012/11/19,8.57,8.63,8.36,8.60,2141014,18641396.00
2012/11/20,8.63,8.68,8.50,8.57,1705741,14975662.00
2012/11/21,8.47,8.75,8.43,8.73,1927700,16976240.00
2012/11/22,8.65,8.69,8.55,8.59,1319603,11630096.00
2012/11/23,8.59,8.68,8.54,8.59,1270033,11204327.00
2012/11/26,8.53,8.63,8.43,8.48,1296212,11345073.00
2012/11/27,8.47,8.47,8.11,8.14,1811464,15312929.00
2012/11/28,8.12,8.17,7.83,7.88,1974468,16055727.00
2012/11/29,7.89,7.96,7.78,7.79,1391745,11216813.00
2012/11/30,7.80,7.92,7.78,7.87,1363775,10977764.00
2012/12/03,7.86,7.87,7.58,7.59,1350361,10747236.00
2012/12/04,7.60,7.68,7.36,7.67,2098474,16169541.00
2012/12/05,7.62,8.09,7.56,8.03,3525234,28662568.00
2012/12/06,8.03,8.26,7.97,8.24,4383855,36646716.00
2012/12/07,8.28,8.54,8.25,8.45,4368799,37604304.00
2012/12/10,8.47,8.56,8.35,8.55,4084746,35419660.00
2012/12/11,8.55,8.73,8.44,8.57,4479121,39237728.00
2012/12/12,8.58,8.92,8.58,8.86,6829104,61311360.00
2012/12/13,8.80,8.80,8.50,8.61,4612242,40703064.00
2012/12/14,8.61,9.02,8.60,8.97,6878116,62328920.00
2012/12/17,9.04,9.04,8.88,8.95,4673847,42756320.00
2012/12/18,8.90,9.09,8.80,8.98,4474282,40907188.00
2012/12/19,8.95,9.02,8.87,8.88,2663357,24297760.00
2012/12/20,8.85,8.97,8.71,8.87,3277921,29624792.00
2012/12/21,8.92,9.01,8.80,8.90,3744932,34076204.00
2012/12/24,8.85,9.22,8.85,9.20,6305656,58681672.00
2012/12/25,9.23,10.14,9.22,9.96,19926261,198830832.00
2012/12/26,9.97,10.35,9.90,10.22,14536375,150416848.00
2012/12/27,10.25,10.38,9.97,10.01,9372586,96434976.00
2012/12/28,10.02,10.17,9.90,10.04,5735659,58621640.00
2012/12/31,10.10,10.17,10.02,10.07,4501667,46333396.00
2013/01/04,10.17,10.28,9.72,9.90,6013422,61228196.00
2013/01/07,9.89,10.12,9.80,10.08,5016334,51421556.00
2013/01/08,10.11,10.58,10.08,10.40,7915901,84130696.00
2013/01/09,10.34,10.59,10.16,10.42,6552687,69165840.00
2013/01/10,10.43,10.65,10.36,10.47,5188773,55584080.00
2013/01/11,10.50,10.56,9.95,10.01,7564639,78340544.00
2013/01/14,9.96,10.45,9.94,10.37,6007074,62806952.00
2013/01/15,10.32,11.08,10.32,11.00,11582384,128022208.00
2013/01/16,10.90,11.16,10.61,10.98,7337942,81622984.00
2013/01/17,10.89,10.94,10.60,10.65,5531915,60330712.00
2013/01/18,10.65,10.94,10.50,10.90,5135758,56294012.00
2013/01/21,10.93,11.05,10.80,11.02,4537385,50478308.00
2013/01/22,11.00,11.27,10.77,10.88,7977793,89998240.00
2013/01/23,10.85,10.94,10.58,10.80,4663482,51082296.00
2013/01/24,10.72,11.00,10.28,10.38,6373632,69127960.00
2013/01/25,10.39,10.56,10.29,10.45,3464148,36743896.00
2013/01/28,10.45,10.97,10.42,10.90,4873156,53553724.00
2013/01/29,10.91,10.98,10.84,10.96,4219341,46882728.00
2013/01/30,11.13,11.35,11.00,11.06,7894556,89614688.00
2013/01/31,11.05,11.09,10.70,10.79,4654288,51350336.00
2013/02/01,10.73,11.10,10.71,11.09,6263514,69600824.00
2013/02/04,11.21,11.56,11.08,11.13,11234971,129047248.00
2013/02/05,10.97,11.10,10.85,11.04,4539937,50786016.00
2013/02/06,11.01,11.25,10.96,10.98,3648375,41175292.00
2013/02/07,10.93,11.05,10.83,10.97,2827814,31528156.00
2013/02/08,10.97,11.10,10.93,11.04,2766921,31057940.00
2013/02/18,11.10,11.25,11.04,11.18,4272890,48464268.00
2013/02/19,11.18,11.18,10.58,10.64,5911134,65142464.00
2013/02/20,10.64,10.77,10.58,10.76,3325839,36170760.00
2013/02/21,10.68,10.68,10.20,10.31,5319235,56537064.00
2013/02/22,10.36,10.42,10.25,10.32,2440310,25635606.00
2013/02/25,10.27,10.42,10.20,10.34,2241521,23610768.00
2013/02/26,10.26,10.42,10.06,10.08,3465597,36218068.00
2013/02/27,10.09,10.25,10.01,10.12,2783828,28716184.00
2013/02/28,10.24,10.43,10.09,10.43,4059100,42657832.00
2013/03/01,10.44,10.46,10.23,10.34,3819771,40259904.00
2013/03/04,10.26,10.26,9.86,9.91,4517733,46283660.00
2013/03/05,9.90,10.25,9.85,10.23,4111988,42133348.00
2013/03/06,10.27,10.52,10.20,10.39,4937898,52326912.00
2013/03/07,10.43,10.46,10.10,10.20,3823509,40067568.00
2013/03/08,10.20,10.78,10.20,10.44,6530433,70349232.00
2013/03/11,10.50,10.58,10.30,10.41,3716083,39498832.00
2013/03/12,10.41,10.56,9.78,9.92,6289762,65070408.00
2013/03/13,9.91,9.95,9.67,9.73,3084702,30751592.00
2013/03/14,9.73,10.10,9.73,9.94,2832059,28689798.00
2013/03/15,9.97,10.15,9.82,9.94,3274982,33431970.00
2013/03/18,9.88,9.99,9.81,9.91,2089946,21127110.00
2013/03/19,9.90,9.95,9.65,9.80,2895470,28857596.00
2013/03/20,9.82,10.13,9.79,10.13,3530406,36100744.00
2013/03/21,10.16,10.26,10.09,10.18,2932120,30405378.00
2013/03/22,10.19,10.30,10.09,10.27,3232486,33677704.00
2013/03/25,10.28,10.29,9.86,9.96,5280767,53811576.00
2013/03/26,9.98,10.22,9.98,10.18,6944762,71610856.00
2013/03/27,10.18,11.18,10.16,10.79,14420106,158558576.00
2013/03/28,10.65,10.96,10.35,10.78,11970479,129923888.00
2013/03/29,10.75,10.97,10.54,10.60,7683359,84257168.00
2013/04/01,10.52,10.88,10.51,10.72,5740871,62855448.00
2013/04/02,10.72,10.82,10.25,10.39,5713316,61395488.00
2013/04/03,10.43,10.68,10.32,10.45,3717554,39663896.00
2013/04/08,10.30,10.94,10.15,10.90,7551649,81938168.00
2013/04/09,10.91,11.47,10.88,11.18,10473524,119583488.00
2013/04/10,11.10,11.34,11.01,11.13,6875266,78249184.00
2013/04/11,11.18,11.43,10.99,11.00,5794917,66081108.00
2013/04/12,10.96,11.05,10.66,10.67,4649271,51314020.00
2013/04/15,10.70,10.79,10.54,10.74,3019395,32869900.00
2013/04/16,10.69,10.73,10.27,10.60,4777573,51051816.00
2013/04/17,10.63,10.72,10.38,10.71,3924991,42166532.00
2013/04/18,10.60,10.77,10.54,10.70,2725624,29666518.00
2013/04/19,10.71,11.40,10.71,11.28,11038890,125559904.00
2013/04/22,11.27,11.53,11.19,11.37,11041253,127589960.00
2013/04/23,11.37,11.42,10.78,11.00,8920687,100190008.00
2013/04/24,11.01,12.12,11.00,12.12,16044864,193964272.00
2013/04/25,12.50,12.79,12.20,12.47,32750232,415582528.00
2013/04/26,12.61,13.20,12.41,12.60,25098062,326440960.00
2013/05/02,12.28,12.90,12.03,12.78,20746120,262056544.00
2013/05/03,12.75,14.08,12.70,13.87,45081597,632514176.00
2013/05/06,13.92,14.95,13.66,14.52,40990405,592986368.00
2013/05/07,14.50,14.95,14.20,14.60,20435561,301132896.00
2013/05/08,14.45,14.60,14.19,14.52,12453548,181711184.00
2013/05/09,14.52,15.51,14.52,14.87,23687197,359077888.00
2013/05/10,14.65,14.92,14.25,14.86,16518627,244327728.00
2013/05/13,14.78,14.79,14.36,14.66,9241176,136635696.00
2013/05/14,14.53,14.67,14.20,14.40,8853115,129389448.00
2013/05/15,14.30,14.42,13.98,14.31,9941363,142949936.00
2013/05/16,14.25,14.85,14.06,14.39,14581751,214520128.00
2013/05/17,14.25,14.56,14.00,14.33,8644040,125270272.00
2013/05/20,14.31,14.88,14.31,14.84,10040570,149046064.00
2013/05/21,14.85,14.85,14.16,14.25,14382361,209791568.00
2013/05/22,14.21,14.37,13.61,13.74,16885907,237872752.00
2013/05/23,13.62,13.74,13.38,13.46,11217648,154280784.00
2013/05/24,13.46,13.77,13.29,13.67,13517787,185173584.00
2013/05/27,13.70,13.94,13.54,13.74,11110576,155229680.00
2013/05/28,13.80,13.82,13.17,13.48,9499810,129176688.00
2013/05/29,13.56,14.31,13.44,14.30,17900727,254312848.00
2013/05/30,14.20,14.20,13.79,13.84,13535317,191316688.00
2013/05/31,13.80,14.04,13.60,13.83,7870727,110558688.00
2013/06/03,13.53,13.78,13.30,13.50,6288528,86256408.00
2013/06/04,13.45,13.64,13.18,13.21,5828114,78893392.00
2013/06/05,13.25,13.42,13.10,13.26,3250779,43748124.00
2013/06/06,13.20,13.68,13.14,13.19,5365141,72691696.00
2013/06/07,13.20,13.49,12.65,12.97,5347277,70841104.00
2013/06/13,12.70,12.70,11.65,11.83,9156797,111701072.00
2013/06/14,11.90,12.22,11.87,12.01,8731042,107164360.00
2013/06/17,12.10,12.56,11.92,12.45,7856145,97577616.00
2013/06/18,12.46,12.63,12.11,12.23,5558440,69421032.00
2013/06/19,12.12,12.75,12.01,12.66,8708472,110148624.00
2013/06/20,12.48,12.61,11.76,11.83,6019771,74320064.00
2013/06/21,11.46,11.71,11.24,11.59,4898056,56901876.00
2013/06/24,11.56,11.56,10.47,10.53,6210076,68600696.00
2013/06/25,10.44,10.82,9.66,10.54,10331874,106997184.00
2013/06/26,10.56,11.11,10.43,11.10,10578130,116156072.00
2013/06/27,11.10,11.25,10.71,10.73,7064141,78534728.00
2013/06/28,10.66,11.01,10.36,10.65,4011102,43486464.00
2013/07/01,10.39,10.98,10.39,10.95,4821886,52622256.00
2013/07/02,11.31,12.04,11.23,11.87,13185313,156101280.00
2013/07/03,11.56,11.72,11.00,11.54,11724149,135222688.00
2013/07/04,11.21,12.46,11.02,12.00,13984904,169745280.00
2013/07/05,12.09,12.19,11.74,11.82,8496417,102114392.00
2013/07/08,11.56,11.66,11.04,11.06,8963871,102356744.00
2013/07/09,11.06,11.18,10.66,10.80,7060959,77486608.00
2013/07/10,10.86,11.41,10.77,11.38,8598899,97526600.00
2013/07/11,11.36,11.84,11.29,11.65,11498027,135815872.00
2013/07/12,11.63,11.81,11.40,11.41,7882481,92639760.00
2013/07/15,11.46,12.03,11.46,11.94,9713878,115918600.00
2013/07/16,11.94,12.11,11.69,12.10,8784507,106169960.00
2013/07/17,12.04,12.04,11.53,11.56,7928001,94271168.00
2013/07/18,11.50,11.90,11.44,11.57,6168899,72897056.00
2013/07/19,11.57,12.11,11.54,11.57,9668631,115894912.00
2013/07/22,11.35,11.62,11.12,11.58,5890398,67682304.00
2013/07/23,11.61,12.04,11.61,11.90,8672992,104219448.00
2013/07/24,11.91,12.08,11.57,11.92,7340122,87744864.00
2013/07/25,11.94,12.36,11.87,12.32,14182183,174424624.00
2013/07/26,12.25,12.25,11.76,11.96,9319432,113109888.00
2013/07/29,11.86,11.86,11.52,11.54,5571465,65496644.00
2013/07/30,11.51,11.70,11.17,11.30,6500423,74966304.00
2013/07/31,11.32,11.53,11.16,11.24,4768451,54636040.00
2013/08/01,11.26,11.68,11.23,11.65,6651401,77837040.00
2013/08/02,11.74,11.91,11.63,11.71,5814855,69276760.00
2013/08/05,11.81,11.98,11.76,11.89,5698304,68396464.00
2013/08/06,11.98,12.08,11.80,11.96,7326570,88642608.00
2013/08/07,12.01,12.01,11.63,11.67,7211569,85928408.00
2013/08/08,11.67,11.94,11.63,11.76,6519176,77934976.00
2013/08/09,11.87,12.05,11.65,11.87,6068454,72862784.00
2013/08/12,11.91,12.14,11.82,12.09,13417476,162471360.00
2013/08/13,12.11,12.25,11.93,12.23,10951502,134140968.00
2013/08/14,12.22,12.22,11.94,11.96,8463426,103117240.00
2013/08/15,11.96,12.01,11.61,11.65,7610192,90652472.00
2013/08/16,11.56,11.91,11.41,11.44,6848046,80456000.00
2013/08/19,11.37,11.59,11.31,11.58,3854336,44762196.00
2013/08/20,11.56,11.63,11.26,11.34,5316205,61448828.00
2013/08/21,11.32,11.41,11.14,11.40,4140923,47302480.00
2013/08/22,11.36,11.58,11.28,11.57,6069266,70425176.00
2013/08/23,11.65,12.05,11.48,11.94,13876678,165356784.00
2013/08/26,11.94,12.10,11.87,11.99,9522294,115506560.00
2013/08/27,12.00,12.10,11.90,11.97,7116886,86222176.00
2013/08/28,11.87,11.87,11.56,11.72,7609771,90178224.00
2013/08/29,11.67,11.82,11.46,11.52,5207522,61101008.00
2013/08/30,11.52,11.76,11.45,11.51,5878551,69054544.00
2013/09/02,11.47,11.74,11.46,11.73,4041368,47515884.00
2013/09/03,11.74,12.07,11.74,12.04,10136536,122788456.00
2013/09/04,12.04,12.08,11.79,11.86,7092276,85340752.00
2013/09/05,11.86,12.57,11.80,12.49,17122451,212073472.00
2013/09/06,12.37,13.19,12.28,12.90,23889358,308753728.00
2013/09/09,13.00,13.61,12.96,13.06,18647542,248889856.00
2013/09/10,13.06,13.52,12.87,13.19,13813769,185672432.00
2013/09/11,13.14,13.46,12.91,13.14,13129995,174926752.00
2013/09/12,12.92,13.21,12.78,12.82,9674508,126842768.00
2013/09/13,13.08,13.91,13.07,13.57,17168545,234734288.00
2013/09/16,13.71,14.21,13.46,13.98,15998080,224699376.00
2013/09/17,13.85,14.05,13.37,13.43,11645677,159774688.00
2013/09/18,13.49,13.74,12.89,13.24,9042450,121118080.00
2013/09/23,13.29,13.74,13.21,13.65,8851685,121104576.00
2013/09/24,13.40,14.89,13.40,14.72,22128944,318891456.00
2013/09/25,15.41,15.75,14.52,14.58,35617507,545919488.00
2013/09/26,14.26,14.41,13.38,13.55,18311513,257994960.00
2013/09/27,13.45,14.07,13.45,13.88,10287059,143180176.00
2013/09/30,13.76,14.23,13.63,14.03,7844318,110860384.00
2013/10/08,13.86,14.13,13.49,13.91,10382778,144531440.00
2013/10/09,13.66,13.84,13.60,13.76,7471316,103588360.00
2013/10/10,13.75,14.01,13.52,13.86,12219913,170493312.00
2013/10/11,13.89,14.44,13.66,14.36,14294580,205293008.00
2013/10/14,14.35,14.64,14.12,14.28,10166309,147334240.00
2013/10/15,14.28,14.45,13.86,13.98,8706874,123842296.00
2013/10/16,13.92,14.09,12.88,13.07,13319198,179280800.00
2013/10/17,13.17,13.35,12.78,12.95,7226794,95486672.00
2013/10/18,13.08,13.14,12.82,12.86,6759083,88473104.00
2013/10/21,13.04,13.26,12.81,13.25,7424003,98272736.00
2013/10/22,13.21,13.48,13.06,13.18,8004425,107434784.00
2013/10/23,13.22,13.35,12.66,12.78,6388277,83762592.00
2013/10/24,12.72,12.94,12.67,12.74,3929494,50754796.00
2013/10/25,12.86,12.87,12.17,12.20,6994909,87805936.00
2013/10/28,12.28,12.38,12.06,12.22,3462436,42791280.00
2013/10/29,12.26,12.36,11.51,11.76,6459479,77583664.00
2013/10/30,11.85,12.03,11.78,12.00,3180791,38358512.00
2013/10/31,12.02,12.30,11.91,12.06,4366655,53523096.00
2013/11/01,12.07,12.23,11.92,12.13,2590478,31640220.00
2013/11/04,12.26,12.31,12.03,12.11,2552422,31281922.00
2013/11/05,12.11,12.24,11.74,12.24,3975835,48359248.00
2013/11/06,12.16,12.41,12.07,12.15,4389442,54340984.00
2013/11/07,12.06,12.09,11.79,11.92,3089568,37275560.00
2013/11/08,11.83,11.96,11.63,11.80,2710458,32320444.00
2013/11/11,11.76,11.99,11.64,11.83,1784516,21295480.00
2013/11/12,11.84,11.98,11.79,11.95,3526482,42408016.00
2013/11/13,11.96,12.22,11.85,11.86,5136046,62661324.00
2013/11/14,11.84,12.05,11.56,12.04,3815360,45592088.00
2013/11/15,12.02,12.35,12.00,12.20,5578735,68972792.00
2013/11/18,12.29,12.45,12.18,12.44,6308410,78913544.00
2013/11/19,12.41,12.48,12.17,12.34,5251338,65510084.00
2013/11/20,12.32,12.48,12.28,12.41,3854370,48248320.00
2013/11/21,12.37,12.37,12.10,12.21,5473113,67464280.00
2013/11/22,12.24,12.36,12.15,12.21,3814457,47228688.00
2013/11/25,12.07,12.38,12.04,12.20,4144234,51269232.00
2013/11/26,12.21,12.65,12.21,12.51,10899150,137946512.00
2013/11/27,12.41,12.63,12.40,12.54,6156657,78026552.00
2013/11/28,12.57,12.71,12.48,12.59,6393552,81511536.00
2013/11/29,12.61,12.68,12.43,12.52,6172415,78328576.00
2013/12/02,12.56,13.41,12.55,12.91,22060601,288685024.00
2013/12/03,12.76,12.88,12.31,12.86,9250080,118116920.00
2013/12/04,12.82,13.30,12.76,13.13,11483364,151968336.00
2013/12/05,13.24,13.43,12.99,13.33,10943100,146701440.00
2013/12/06,13.26,13.58,13.16,13.24,8327996,112310336.00
2013/12/09,13.24,13.42,12.98,13.05,8055675,106663664.00
2013/12/10,13.07,13.35,12.95,13.28,8477817,113017640.00
2013/12/11,13.12,13.19,12.79,12.87,6836012,89474232.00
2013/12/12,12.81,12.97,12.73,12.78,4645209,60288536.00
2013/12/13,12.73,12.87,12.67,12.82,3061741,39532644.00
2013/12/16,12.85,12.85,12.17,12.28,6729520,84673568.00
2013/12/17,12.30,12.36,12.11,12.16,3042976,37582668.00
2013/12/18,12.19,12.35,12.10,12.16,2447885,30285608.00
2013/12/19,12.21,12.31,12.11,12.13,2385610,29466588.00
2013/12/20,12.15,12.20,11.90,11.98,2342370,28466586.00
2013/12/23,12.02,12.18,11.77,12.09,2428492,29587976.00
2013/12/24,12.09,12.27,12.06,12.09,2153313,26479388.00
2013/12/25,12.13,12.17,12.04,12.16,2421930,29685786.00
2013/12/26,12.17,12.17,11.87,11.88,3110320,37689208.00
2013/12/27,11.91,12.23,11.88,12.17,3451687,42284016.00
2013/12/30,12.23,12.29,12.11,12.16,2529491,31137712.00
2013/12/31,12.16,12.26,12.03,12.18,2415941,29693524.00
2014/01/02,12.16,12.19,12.01,12.18,2622765,32041086.00
2014/01/03,12.07,12.14,11.63,11.70,5669797,67832048.00
2014/01/06,11.56,11.56,11.11,11.21,4003808,45631880.00
2014/01/07,11.14,11.38,11.07,11.28,2321286,26472140.00
2014/01/08,11.31,11.42,11.17,11.32,2265880,25924718.00
2014/01/09,11.32,11.34,10.95,10.98,2406397,27202512.00
2014/01/10,10.96,11.11,10.88,11.10,2108431,23478830.00
2014/01/13,11.06,11.22,10.99,11.11,1452934,16315876.00
2014/01/14,11.12,11.27,10.96,11.27,1896283,21379882.00
2014/01/15,11.27,11.91,11.24,11.79,7617751,90149648.00
2014/01/16,11.68,12.13,11.68,12.00,6288126,75989160.00
2014/01/17,11.86,12.12,11.76,11.88,4083410,49340768.00
2014/01/20,11.89,11.90,11.46,11.47,2362370,27803290.00
2014/01/21,11.52,11.72,11.52,11.68,2407852,28341016.00
2014/01/22,11.72,11.96,11.57,11.89,3388542,40582996.00
2014/01/23,11.90,12.33,11.90,12.29,7019408,86686008.00
2014/01/24,12.24,13.15,12.24,12.83,11350176,147577120.00
2014/01/27,12.87,13.11,12.67,12.97,6898114,90362424.00
2014/01/28,12.89,13.09,12.71,12.86,3335056,43340652.00
2014/01/29,12.86,13.19,12.71,13.07,6515766,86124624.00
2014/01/30,13.04,13.21,12.89,12.92,3853522,50803304.00
2014/02/07,12.92,13.88,12.86,13.80,10838641,148884752.00
2014/02/10,13.87,15.19,13.87,14.99,31436998,472575552.00
2014/02/11,14.99,15.23,14.41,14.72,18480734,276123200.00
2014/02/12,14.67,15.01,14.42,14.78,12521713,187082016.00
2014/02/13,14.66,15.46,14.52,14.69,17729946,270170240.00
2014/02/14,14.52,15.01,14.46,14.99,9252001,138689696.00
2014/02/17,15.31,15.58,14.81,15.13,15119852,230583888.00
2014/02/18,15.15,15.15,14.61,14.86,11648230,174243200.00
2014/02/19,14.87,15.14,14.54,14.88,8795155,131249640.00
2014/02/20,14.88,14.97,14.22,14.25,9597539,140213824.00
2014/02/21,14.31,14.42,13.91,14.12,6759678,96712672.00
2014/02/24,14.01,14.43,13.81,14.40,7851507,112107520.00
2014/02/25,14.39,14.72,13.46,13.78,11974652,173564832.00
2014/02/26,13.97,15.17,13.87,15.17,26344889,396303456.00
2014/02/27,15.70,16.70,15.41,16.23,52965157,871788416.00
2014/02/28,16.01,17.87,15.74,17.87,49591731,841642752.00
2014/03/03,18.24,18.94,17.58,17.81,45107224,827874752.00
2014/03/04,18.10,19.61,17.89,19.61,49677806,961414720.00
2014/03/05,19.24,19.50,18.71,19.32,32062324,615433472.00
2014/03/06,19.01,19.16,17.46,18.00,29804614,541467904.00
2014/03/07,17.85,19.36,17.76,18.24,34025989,633353984.00
2014/03/10,17.66,18.15,16.88,17.08,21608738,382269536.00
2014/03/11,16.88,17.31,16.10,16.59,26301030,440930752.00
2014/03/12,16.43,17.29,15.71,16.77,32902220,549911680.00
2014/03/13,16.44,17.64,15.98,17.23,32982697,557106176.00
2014/03/14,16.86,17.54,16.60,16.79,17084054,292897344.00
2014/03/17,16.76,18.48,16.66,18.31,34042780,621290432.00
2014/03/18,18.11,18.90,17.89,18.18,30674283,567812288.00
2014/03/19,17.94,18.61,17.77,18.48,18269531,336660768.00
2014/03/20,18.21,18.25,16.76,17.06,24448138,433467776.00
2014/03/21,16.96,18.06,16.56,17.66,18039168,315432320.00
2014/03/24,17.46,17.96,17.19,17.90,12949239,230774528.00
2014/03/25,17.56,18.28,17.38,17.97,13507987,243061936.00
2014/03/26,17.95,18.72,17.75,18.07,19130318,352586432.00
2014/03/27,17.65,17.66,16.79,16.84,15586601,271498304.00
2014/03/28,16.95,17.01,15.67,15.75,14774166,241181584.00
2014/03/31,15.68,16.31,15.56,15.88,7321703,117630304.00
2014/04/01,15.95,16.16,15.59,16.01,7297460,116751248.00
2014/04/02,16.01,16.14,15.45,15.67,9143252,145502544.00
2014/04/03,15.69,15.93,15.51,15.68,7576678,120057200.00
2014/04/04,15.60,15.96,15.52,15.87,6572259,104965888.00
2014/04/08,15.72,16.13,15.56,16.12,9697841,155148048.00
2014/04/09,16.21,16.41,16.05,16.21,8076462,132285072.00
2014/04/10,16.24,17.17,16.01,16.87,16292724,274822592.00
2014/04/11,16.46,17.10,16.44,16.75,10002297,168995488.00
2014/04/14,16.66,17.12,16.66,16.94,7414077,126758496.00
2014/04/15,16.88,16.92,16.36,16.59,6693048,111984960.00
2014/04/16,16.38,16.84,16.24,16.28,5780128,96332792.00
2014/04/17,16.27,16.83,16.27,16.57,5369813,89717888.00
2014/04/18,16.38,17.06,16.38,17.04,7730534,131340312.00
2014/04/21,16.89,17.52,16.78,17.14,11566487,200051216.00
2014/04/22,17.01,17.17,15.41,15.41,25446647,402201120.00
2014/04/23,15.22,15.34,14.54,14.65,15168524,226993856.00
2014/04/24,14.66,14.89,14.39,14.58,6480328,95851576.00
2014/04/25,14.56,14.68,13.68,13.88,10777797,154277296.00
2014/04/28,13.92,14.01,13.54,13.81,7756442,108072496.00
2014/04/29,13.86,14.21,13.70,14.18,5985619,84576088.00
2014/04/30,14.12,14.31,13.88,14.20,6815369,97260288.00
2014/05/05,14.16,14.21,13.76,14.19,5702386,80735672.00
2014/05/06,14.22,14.68,14.19,14.50,9830006,144221232.00
2014/05/07,14.44,14.60,14.05,14.06,6955141,100108672.00
2014/05/08,13.96,14.55,13.87,14.25,6162461,88757120.00
2014/05/09,14.62,15.02,14.26,14.66,16141655,238895808.00
2014/05/12,14.74,15.39,14.47,15.31,17673290,268343504.00
2014/05/13,15.22,15.22,14.70,14.84,12058981,181611856.00
2014/05/14,14.85,14.95,14.62,14.84,5283304,78945576.00
2014/05/15,14.79,14.79,13.77,13.81,11505518,165205264.00
2014/05/16,13.72,13.96,13.58,13.91,6262033,87161736.00
2014/05/19,13.92,13.95,13.69,13.73,2542198,35456312.00
2014/05/20,13.86,14.07,13.77,13.84,3722614,52360672.00
2014/05/21,13.82,14.21,13.72,14.12,4302064,60875316.00
2014/05/22,14.14,14.45,14.07,14.12,6411923,92510096.00
2014/05/23,14.12,14.44,14.01,14.43,7821531,112692920.00
2014/05/26,15.12,15.44,14.71,14.94,14454772,218976928.00
2014/05/27,14.80,15.14,14.63,14.83,6582221,98857064.00
2014/05/28,14.82,15.14,14.77,14.99,8604384,130137152.00
2014/05/29,14.96,15.11,14.66,14.69,6949228,104466160.00
2014/05/30,14.61,14.99,14.47,14.82,4360407,64858792.00
2014/06/03,14.86,15.06,14.68,14.77,4230775,63465520.00
2014/06/04,14.82,14.82,14.04,14.23,6113212,88300408.00
2014/06/05,14.25,14.61,14.03,14.60,5050106,73147480.00
2014/06/06,14.60,14.69,14.24,14.35,3854414,56176556.00
2014/06/09,14.37,14.63,14.31,14.36,3611704,52786440.00
2014/06/10,14.38,14.57,14.09,14.50,4663804,67565808.00
2014/06/11,14.54,14.94,14.49,14.93,7610984,113419440.00
2014/06/12,14.84,14.92,14.62,14.67,4765617,70974792.00
2014/06/13,14.69,16.01,14.66,15.68,20287302,316258368.00
2014/06/16,15.55,16.21,15.51,15.67,17122462,273876992.00
2014/06/17,15.73,15.91,15.38,15.49,9882170,155815696.00
2014/06/18,15.59,15.86,15.32,15.67,9373050,147823024.00
2014/06/19,15.64,15.80,14.66,14.95,8964753,137238912.00
2014/06/20,14.88,15.79,14.82,15.58,10689633,166553488.00
2014/06/23,15.68,16.18,15.50,15.94,11672878,187862976.00
2014/06/24,16.02,16.58,16.01,16.42,12036422,198821552.00
2014/06/25,16.41,16.44,15.91,16.09,6169615,100232368.00
2014/06/26,16.06,16.45,16.01,16.29,7055869,115588072.00
2014/06/27,16.31,17.41,16.22,17.05,16986446,291150752.00
2014/06/30,17.12,17.23,16.66,17.05,10071693,172208544.00
2014/07/01,16.95,17.43,16.95,17.22,12052744,209493088.00
2014/07/02,17.13,17.47,16.94,17.27,8820992,152858656.00
2014/07/03,17.29,18.23,17.06,17.75,13865299,247505792.00
2014/07/04,17.75,17.97,17.12,17.19,10926661,191784832.00
2014/07/07,17.07,17.25,16.74,16.76,6992097,119339144.00
2014/07/08,16.71,18.21,16.60,17.70,14669570,258775600.00
2014/07/09,17.66,17.93,16.46,17.02,11169729,196434336.00
2014/07/10,17.40,17.62,16.72,17.18,13688119,237230016.00
2014/07/11,16.94,18.71,16.77,17.89,14561442,261598576.00
2014/07/14,18.18,19.44,18.18,19.01,20163681,382018016.00
2014/07/15,18.72,19.01,18.25,18.63,12210837,228559968.00
2014/07/16,18.74,19.38,18.30,18.86,14399348,272841920.00
2014/07/17,18.64,18.67,17.97,18.27,7220010,132573712.00
2014/07/18,18.23,19.60,18.04,19.14,17827149,343263904.00
2014/07/21,19.05,19.32,18.62,19.29,8282767,158098000.00
2014/07/22,19.27,20.70,19.04,19.90,25726620,514322112.00
2014/07/23,19.96,19.96,19.40,19.68,10447299,205619280.00
2014/07/24,19.54,19.89,18.80,19.24,10581244,203609328.00
2014/07/25,19.26,19.52,18.87,19.32,6600906,127357120.00
2014/07/28,19.19,19.54,18.74,19.42,11987596,230182832.00
2014/07/29,19.41,20.32,19.24,19.67,15665021,311470496.00
2014/07/30,19.33,20.15,19.09,19.70,13000248,255730048.00
2014/07/31,19.61,20.08,19.47,19.68,8945284,177934256.00
2014/08/01,19.70,20.07,18.97,19.12,10467335,205691232.00
2014/08/04,19.07,19.34,18.89,19.18,8995737,172453856.00
2014/08/05,19.20,19.22,18.43,18.77,10725352,201205984.00
2014/08/06,18.74,19.15,18.55,19.07,9353191,177988624.00
2014/08/07,19.21,19.28,18.75,18.78,5875702,112312712.00
2014/08/08,18.78,19.12,18.57,18.94,5647640,106709120.00
2014/08/11,18.84,20.10,18.84,20.08,13724149,270832352.00
2014/08/12,19.91,20.26,19.78,20.00,7942043,159428432.00
2014/08/13,19.77,20.00,19.32,19.58,6786471,133332272.00
2014/08/14,19.70,19.80,18.90,19.01,7220867,140250976.00
2014/08/15,19.01,19.23,18.87,19.01,5229345,100057024.00
2014/08/18,18.98,19.58,18.98,19.23,6561118,127403808.00
2014/08/19,19.27,19.75,19.14,19.70,8008868,157086352.00
2014/08/20,19.72,20.00,19.32,19.69,7392940,145948880.00
2014/08/21,19.56,19.70,18.82,19.22,7982184,153575632.00
2014/08/22,19.21,19.24,18.61,19.03,8081257,153180384.00
2014/08/25,19.02,19.14,18.75,19.03,4099521,78146472.00
2014/08/26,18.97,19.18,18.22,18.46,5423918,101735376.00
2014/08/27,18.42,18.71,18.37,18.50,3093436,57781300.00
2014/08/28,18.52,18.59,18.09,18.52,4067927,75112976.00
2014/08/29,18.52,18.85,18.46,18.84,2784800,52225584.00
2014/09/01,18.87,19.12,18.82,19.03,3463844,66179520.00
2014/09/02,19.04,19.34,18.99,19.27,5372610,103543064.00
2014/09/03,19.42,19.54,19.03,19.23,5227227,101270240.00
2014/09/04,19.21,19.34,19.02,19.24,6830548,131542920.00
2014/09/05,19.30,19.32,18.92,19.10,5647426,108263472.00
2014/09/09,19.12,19.85,19.12,19.72,11636182,229383040.00
2014/09/10,19.48,19.71,19.32,19.56,6320908,123924200.00
2014/09/11,19.47,19.75,19.02,19.21,7770359,151435200.00
2014/09/12,19.18,19.35,19.08,19.21,5258686,101253872.00
2014/09/15,19.21,19.22,18.84,19.05,7075518,134878624.00
2014/09/16,18.94,19.03,17.97,18.00,8375677,156045456.00
2014/09/17,18.09,18.16,17.00,17.55,12803239,225370576.00
2014/09/18,17.47,17.82,17.42,17.80,5765175,101902152.00
2014/09/19,17.79,18.03,17.70,17.98,4061690,73144728.00
2014/09/22,18.00,18.01,17.22,17.34,4852298,85278912.00
2014/09/23,17.28,17.52,17.06,17.37,7448426,129294096.00
2014/09/24,17.24,17.84,17.22,17.76,6784204,119662912.00
2014/09/25,17.73,17.91,17.42,17.63,8360367,148693456.00
2014/09/26,17.50,17.66,17.24,17.38,8470580,147880208.00
2014/09/29,17.49,17.76,17.48,17.62,8264484,146117312.00
2014/09/30,17.68,18.05,17.61,17.98,9176964,165085264.00
2014/10/08,18.06,18.26,17.88,18.17,6188556,112576688.00
2014/10/09,18.18,18.82,18.16,18.75,12780906,237694896.00
2014/10/10,18.52,18.74,18.40,18.48,7813209,145542416.00
2014/10/13,18.42,18.69,18.22,18.51,5975948,110681328.00
2014/10/14,18.50,18.64,18.16,18.29,7281143,134774432.00
2014/10/15,18.27,18.71,18.09,18.64,7625844,140772448.00
2014/10/16,18.45,18.62,18.07,18.08,6869595,126992768.00
2014/10/17,18.08,18.18,17.56,18.12,7479826,133974808.00
2014/10/20,17.97,18.41,17.92,18.23,4283320,78422048.00
2014/10/21,18.19,18.28,17.73,17.92,3847186,69517024.00
2014/10/22,17.90,18.09,17.52,17.69,3442979,61424160.00
2014/10/23,17.69,18.19,17.69,18.09,7550808,136662976.00
2014/10/24,18.02,18.28,17.89,17.99,4095174,74398992.00
2014/10/27,17.94,18.04,17.62,17.89,3678466,65819908.00
2014/10/28,17.98,18.53,17.85,18.51,7820396,143851840.00
2014/10/29,18.62,19.11,18.42,19.06,17639754,333694144.00
2014/10/30,18.98,19.09,18.63,18.71,10244285,194383344.00
2014/10/31,18.71,18.89,18.33,18.66,8296707,155051920.00
2014/11/03,18.11,18.12,17.27,17.55,27624971,486496352.00
2014/11/04,17.42,17.46,17.04,17.17,13339405,230497616.00
2014/11/05,17.17,17.29,17.06,17.20,8029972,138647392.00
2014/11/06,17.19,17.21,16.68,17.07,11237938,191322400.00
2014/11/07,17.08,17.15,16.76,17.09,8362816,142952576.00
2014/11/10,17.13,17.24,16.94,17.16,5974191,102524240.00
2014/11/11,17.16,17.16,16.46,16.81,8025227,135654496.00
2014/11/12,16.69,16.91,16.67,16.90,3911453,66112112.00
2014/11/13,16.87,16.90,16.48,16.82,5821738,97556496.00
2014/11/14,16.82,17.15,16.62,17.09,8386321,143025392.00
2014/11/17,17.12,17.26,16.86,17.06,5970304,102764472.00
2014/11/18,16.99,17.22,16.97,17.06,2901653,49680440.00
2014/11/19,17.00,17.07,16.86,16.97,3136182,53457460.00
2014/11/20,16.92,17.12,16.88,17.00,3252004,55632244.00
2014/11/21,17.04,17.17,16.94,17.14,5208190,89436344.00
2014/11/24,17.21,17.51,17.03,17.49,10962252,190348416.00
2014/11/25,17.52,17.90,17.43,17.75,14162749,251916944.00
2014/11/26,17.73,17.95,17.48,17.64,10167573,180322128.00
2014/11/27,17.68,17.89,17.57,17.68,10455720,186160688.00
2014/11/28,17.70,17.70,17.23,17.46,9935313,173688864.00
2014/12/01,17.93,18.77,17.79,17.87,20603406,377597120.00
2014/12/02,17.67,18.27,17.49,18.08,14632191,262691200.00
2014/12/03,18.12,18.57,17.92,18.43,22436828,412077984.00
2014/12/04,18.48,18.88,18.30,18.69,22866119,427475008.00
2014/12/05,18.69,18.72,17.42,18.03,22618375,411155872.00
2014/12/08,17.88,18.32,17.67,17.74,19567604,351584800.00
2014/12/09,17.62,17.70,16.57,17.12,27466913,475333248.00
2014/12/10,16.83,17.30,16.62,17.24,13786262,235036864.00
2014/12/11,17.17,17.48,16.98,17.38,11058181,191636176.00
2014/12/12,17.29,17.71,17.24,17.62,11358143,199979040.00
2014/12/15,17.57,18.11,17.42,17.82,11500694,204966704.00
2014/12/16,17.87,17.90,17.51,17.72,7634028,135325440.00
2014/12/17,17.67,17.67,17.18,17.32,10073993,175883984.00
2014/12/18,17.23,17.53,17.09,17.11,9549474,166238720.00
2014/12/19,17.01,17.16,16.55,16.70,9061947,153082592.00
2014/12/22,16.52,16.67,15.79,15.94,9289635,150050112.00
2014/12/23,15.96,16.40,15.96,16.11,6035645,98041216.00
2014/12/24,16.21,16.29,15.92,16.27,4885509,79088984.00
2014/12/25,16.23,16.38,16.20,16.29,4056323,66351336.00
2014/12/26,16.29,16.47,16.20,16.31,5788907,94933272.00
2014/12/29,16.34,16.48,15.97,16.02,7363547,120111368.00
2014/12/30,16.10,16.30,15.92,15.97,4373813,70663640.00
2014/12/31,16.12,16.54,16.09,16.51,7037055,115319408.00
2015/01/05,16.77,17.00,16.58,16.83,9283159,156590240.00
2015/01/06,16.72,16.96,16.59,16.93,6907385,116494232.00
2015/01/07,17.00,17.04,16.65,16.69,6977866,117746264.00
2015/01/08,16.68,16.92,16.32,16.64,7153318,119446344.00
2015/01/09,16.59,16.90,16.56,16.57,5375559,90343552.00
2015/01/12,16.48,17.08,16.34,16.89,9350162,158878288.00
2015/01/13,16.82,17.28,16.80,16.95,6591854,112860064.00
2015/01/14,16.93,17.06,16.66,16.73,5437558,91812856.00
2015/01/15,16.68,17.00,16.68,16.94,4556916,77311024.00
2015/01/16,16.94,17.37,16.87,17.32,8722660,150765920.00
2015/01/19,16.95,17.79,16.52,16.90,9054976,156479904.00
2015/01/20,16.96,17.40,16.92,17.35,5931898,102727024.00
2015/01/21,17.40,17.71,17.28,17.64,9158341,161567712.00
2015/01/22,17.63,17.70,17.42,17.60,7456647,131456928.00
2015/01/23,18.02,18.10,17.54,17.55,11896713,212441040.00
2015/01/26,17.57,17.67,17.26,17.67,9862628,173045712.00
2015/01/27,17.67,17.87,17.34,17.78,8301845,147406544.00
2015/01/28,17.72,18.00,17.63,17.66,7522172,134673472.00
2015/01/29,17.50,17.66,17.22,17.24,6407214,111870928.00
2015/01/30,17.23,17.36,16.98,17.09,5770920,99149984.00
2015/02/02,16.98,17.24,16.82,17.02,4863234,83341624.00
2015/02/03,17.07,17.32,16.99,17.27,4649168,80181040.00
2015/02/04,17.33,17.76,17.23,17.60,11597778,204613168.00
2015/02/05,17.72,17.82,17.42,17.45,7216947,127824672.00
2015/02/06,17.45,17.66,17.30,17.36,6188262,108709856.00
2015/02/09,17.41,17.41,16.92,16.96,4733235,81166000.00
2015/02/10,16.97,17.23,16.84,17.18,5346210,91611312.00
2015/02/11,17.19,17.47,17.09,17.18,4790689,83016672.00
2015/02/12,17.29,17.52,17.22,17.40,4979719,86915240.00
2015/02/13,17.51,18.02,17.42,17.80,13595888,243159936.00
2015/02/16,17.95,19.52,17.93,19.22,25476100,480601472.00
2015/02/17,19.32,19.77,19.12,19.45,18821990,368045472.00
2015/02/25,19.72,19.87,18.88,18.95,14399184,278045856.00
2015/02/26,19.02,19.59,18.99,19.21,14007822,271009408.00
2015/02/27,19.13,19.38,18.80,19.26,12838450,246063344.00
2015/03/02,19.47,19.77,19.32,19.57,13826268,271899808.00
2015/03/03,19.54,20.16,19.30,19.52,17206746,341887072.00
2015/03/04,19.48,19.75,19.42,19.62,10496623,206410592.00
2015/03/05,19.61,20.29,19.22,20.19,17861450,355089824.00
2015/03/06,20.19,20.19,19.10,19.59,15606938,306867584.00
2015/03/09,19.41,19.89,19.23,19.82,11035310,217606912.00
2015/03/10,19.73,20.06,19.58,19.73,8318560,165599888.00
2015/03/11,19.82,20.06,19.69,19.89,9017476,179825104.00
2015/03/12,19.89,20.47,19.89,20.09,13345745,270870208.00
2015/03/13,20.13,20.26,19.78,20.00,9384358,187810016.00
2015/03/16,20.54,20.80,20.31,20.64,14730330,304022272.00
2015/03/17,20.72,21.55,20.72,21.17,16564640,351926080.00
2015/03/18,21.10,21.40,20.92,21.34,12064901,257234112.00
2015/03/19,22.41,22.41,21.38,21.59,14634998,320173184.00
2015/03/20,21.53,21.91,21.51,21.74,12861546,280712832.00
2015/03/23,21.72,22.36,21.63,21.98,13981601,308727232.00
2015/03/24,22.17,22.85,21.52,22.35,19219465,428909984.00
2015/03/25,22.33,22.72,21.93,22.35,13638622,305029920.00
2015/03/26,22.36,22.70,21.80,21.88,13012439,289000064.00
2015/03/27,21.89,22.87,21.82,22.76,17743290,400674720.00
2015/03/30,22.90,23.06,22.52,22.95,15777920,361172192.00
2015/03/31,22.96,23.65,22.82,23.16,15931014,371098368.00
2015/04/01,23.23,24.77,23.23,24.75,22934491,558620864.00
2015/04/02,24.92,25.02,24.25,24.92,15873525,392731008.00
2015/04/03,24.72,25.72,24.42,25.57,14703279,370342560.00
2015/04/07,25.79,27.54,25.79,27.38,15080012,405485248.00
2015/04/08,27.38,27.66,26.52,27.36,14391184,390754848.00
2015/04/09,27.27,27.27,25.78,26.50,15400653,409098400.00
2015/04/10,26.60,29.12,26.60,28.78,15673137,443533312.00
2015/04/13,28.10,28.42,27.45,28.33,25886545,726436096.00
2015/04/14,28.32,29.92,28.06,28.34,15354367,447739840.00
2015/04/15,28.15,28.15,26.52,27.40,15280008,419861600.00
2015/04/16,27.15,28.25,26.93,27.96,11197184,312323968.00
2015/04/17,28.37,28.57,27.91,28.20,16127967,455152224.00
2015/04/20,28.28,28.41,27.27,28.11,17107003,478495520.00
2015/05/06,30.93,30.93,29.82,30.93,18474940,572004352.00
2015/05/07,30.94,30.94,28.01,28.03,25747939,758901504.00
2015/05/08,26.80,29.71,26.80,28.88,20021651,571979072.00
2015/05/11,29.17,31.78,28.57,31.78,23718069,723627904.00
2015/05/12,32.51,34.69,32.51,33.21,25781529,861810496.00
2015/05/13,33.26,35.91,33.24,34.05,22502697,777615168.00
2015/05/14,34.02,34.90,32.77,34.59,15740134,530558208.00
2015/05/15,34.60,35.30,33.82,33.91,13568800,467856576.00
2015/05/18,33.42,34.67,32.92,34.64,17662875,599776512.00
2015/05/19,35.20,35.65,34.61,35.07,15118652,530695008.00
2015/05/20,34.92,36.88,34.73,35.93,18301885,657708480.00
2015/05/21,35.63,36.62,35.42,36.11,13663925,492458976.00
2015/05/22,36.50,36.72,34.78,35.24,19829981,703126528.00
2015/05/25,35.12,35.66,34.74,35.31,17118172,604663232.00
2015/05/26,35.57,36.03,34.72,35.77,29124810,1035178816.00
2015/05/27,35.76,35.77,34.47,34.50,25318371,884987904.00
2015/05/28,34.12,35.35,33.40,33.45,21961724,757130432.00
2015/05/29,33.50,34.50,31.78,33.83,15126181,509969248.00
2015/06/01,34.03,36.28,33.83,36.14,22155245,788510912.00
2015/06/02,36.18,37.91,35.47,37.64,20518536,756310784.00
2015/06/03,37.80,37.90,35.80,36.79,18214844,670745536.00
2015/06/04,36.79,36.87,33.72,35.36,19543593,686161344.00
2015/06/05,36.02,37.60,35.72,36.34,22795778,832224448.00
2015/06/08,36.30,38.12,36.10,37.27,23432580,874606976.00
2015/06/09,37.36,39.72,37.36,39.11,29429917,1143315840.00
2015/06/10,38.80,40.72,38.47,39.22,25274449,1002578880.00
2015/06/11,39.31,40.10,38.38,39.30,20041001,785228544.00
2015/06/12,39.43,39.53,38.22,38.54,17669931,685134720.00
2015/06/15,38.27,38.52,36.32,36.61,19776994,737980544.00
2015/06/16,36.08,38.02,35.83,36.98,16973165,628315776.00
2015/06/17,36.82,37.57,35.65,37.29,13947829,515896160.00
2015/06/18,36.72,38.90,36.63,38.21,20371178,778022400.00
2015/06/19,38.21,38.21,34.38,34.38,19960366,718714944.00
2015/06/23,33.72,34.08,31.01,33.04,17326545,565475968.00
2015/06/24,33.52,34.36,32.53,33.59,15982976,535611424.00
2015/06/25,33.92,34.72,31.70,32.26,16094080,541505536.00
2015/06/26,30.92,31.83,29.03,29.03,15485867,465434880.00
2015/06/29,29.61,29.62,26.12,26.12,21508955,582581312.00
2015/06/30,25.42,28.70,23.52,28.52,28007550,722983168.00
2015/07/01,27.92,29.26,26.30,26.60,22560055,638495168.00
2015/07/02,27.01,27.42,24.01,24.38,18837893,486862304.00
2015/07/03,23.90,26.35,22.70,23.35,26567972,652003136.00
2015/07/06,25.69,25.69,21.42,25.07,33027142,797853504.00
2015/07/07,23.95,25.07,22.56,22.56,27089478,629610240.00
2015/07/13,24.82,24.82,24.82,24.82,762082,18914876.00
2015/07/14,27.30,27.30,27.30,27.30,1457335,39785248.00
2015/07/15,29.49,29.49,25.55,25.61,34408391,943749504.00
2015/07/16,25.61,27.30,24.09,26.65,24530886,643638720.00
2015/07/17,27.80,28.98,27.60,28.80,27575136,780764800.00
2015/07/20,28.90,29.48,27.88,28.51,29212609,840235392.00
2015/07/21,27.96,28.80,27.60,28.27,18352596,517576416.00
2015/07/22,28.20,28.75,27.60,28.36,18372231,518910976.00
2015/07/23,28.62,29.94,28.62,29.79,26339534,774503488.00
2015/07/24,29.50,29.84,28.49,28.69,25983628,759412864.00
2015/07/27,27.90,28.89,25.82,25.82,19627762,539527488.00
2015/07/28,25.00,26.30,23.43,25.38,20826224,518699808.00
2015/07/29,25.88,26.83,24.63,26.74,14870717,381423776.00
2015/07/30,26.60,27.25,25.40,25.82,14786048,395780576.00
2015/07/31,25.30,26.57,25.30,26.19,14879582,387242496.00
2015/08/03,25.70,26.55,25.15,26.47,15219008,391679552.00
2015/08/04,26.48,28.48,26.47,28.46,15896514,438275136.00
2015/08/05,28.30,28.78,27.53,27.90,14627852,411596096.00
2015/08/06,27.20,30.69,27.05,30.69,29828883,897764288.00
2015/08/07,32.30,32.30,30.60,30.90,41142883,1285834624.00
2015/08/10,31.10,32.28,30.59,31.93,31536518,991258816.00
2015/08/11,31.50,33.45,31.35,32.01,30267230,979787328.00
2015/08/12,31.85,32.50,30.58,30.60,20913500,659809408.00
2015/08/13,30.64,32.13,30.56,31.70,18735579,587581888.00
2015/08/14,31.81,31.91,30.99,31.13,15765706,495431680.00
2015/08/17,30.78,31.39,30.41,31.26,14251777,441059744.00
2015/08/18,31.21,31.26,28.13,28.13,17009960,504880800.00
2015/08/19,27.21,28.86,25.32,28.11,19352423,523543136.00
2015/08/20,28.00,28.02,26.20,26.28,10107712,276608480.00
2015/08/21,25.81,26.30,24.35,24.59,13599735,344938528.00
2015/08/24,23.02,23.76,22.13,22.13,19100467,426385376.00
2015/08/25,20.05,22.13,19.92,19.92,21436069,436471456.00
2015/08/26,20.53,21.49,19.49,19.93,19666941,402354624.00
2015/08/27,20.68,21.92,20.28,21.92,19304180,405727968.00
2015/08/28,22.60,23.68,22.21,23.20,21690228,493864896.00
2015/08/31,22.81,23.00,22.09,22.20,14680147,330867872.00
2015/09/01,22.00,22.00,19.98,20.09,18273502,375941344.00
2015/09/02,19.00,20.88,18.63,20.04,17385253,347800448.00
2015/09/07,20.39,21.40,20.18,20.50,12164427,253625008.00
2015/09/08,20.47,22.50,20.08,22.15,12751023,270743872.00
2015/09/09,22.70,23.80,22.11,23.55,20621551,478985824.00
2015/09/10,23.03,23.55,22.50,22.52,11936295,275097280.00
2015/09/11,22.53,23.08,22.19,22.65,9400266,212865728.00
2015/09/14,22.86,23.13,20.39,20.39,13053573,280140736.00
2015/09/15,19.52,20.44,19.33,19.44,9359132,185597456.00
2015/09/16,19.55,21.38,19.55,21.34,13067798,266559760.00
2015/09/17,21.30,22.88,21.08,21.27,19589713,434531360.00
2015/09/18,21.70,22.30,21.35,21.98,13129276,286319168.00
2015/09/21,21.90,23.22,21.32,23.10,17296131,391512800.00
2015/09/22,23.24,24.06,23.00,23.06,17403222,407771840.00
2015/09/23,22.41,24.90,22.34,24.26,29307844,708819840.00
2015/09/24,24.77,25.20,23.65,24.18,20042012,487772992.00
2015/09/25,23.88,24.32,22.41,23.03,15565830,363520768.00
2015/09/28,23.00,24.59,22.99,24.48,19894997,478336736.00
2015/09/29,23.86,25.28,23.60,24.27,16814615,411577792.00
2015/09/30,24.96,25.10,23.71,24.00,12351040,300052032.00
2015/10/08,24.99,26.35,24.60,24.84,28965586,734017536.00
2015/10/09,24.89,25.48,24.80,25.32,18416434,463680544.00
2015/10/12,25.41,27.06,25.32,25.99,35167945,922649472.00
2015/10/13,25.94,26.76,25.70,26.66,22640860,594050816.00
2015/10/14,26.43,26.85,25.87,25.93,17273133,454948416.00
2015/10/15,25.85,26.66,25.82,26.60,17933672,472077952.00
2015/10/16,26.64,27.75,26.63,26.95,26899647,730305408.00
2015/10/19,26.96,28.37,26.50,28.20,34796119,953592192.00
2015/10/20,27.78,27.90,27.14,27.78,22056186,607089600.00
2015/10/21,27.65,28.07,25.01,25.13,29414062,780309312.00
2015/10/22,25.61,26.30,25.00,26.22,19446934,504244192.00
2015/10/23,27.00,28.30,27.00,27.45,28879711,797977344.00
2015/10/26,27.80,29.35,27.13,29.03,39528350,1119765760.00
2015/10/27,28.34,28.80,27.10,28.50,28764356,805863808.00
2015/10/28,28.69,29.96,28.00,28.05,27704405,802563200.00
2015/10/29,28.27,28.80,27.40,28.10,17495587,490903136.00
2015/10/30,28.10,29.63,27.66,28.74,26145536,754979712.00
2015/11/02,28.09,31.61,27.81,30.18,40714613,1240207872.00
2015/11/03,30.18,31.30,29.80,30.09,23350796,713351488.00
2015/11/04,30.09,33.10,30.09,32.97,39168732,1262329216.00
2015/11/05,32.90,34.86,31.89,32.34,39286913,1307429888.00
2015/11/06,32.10,34.43,32.10,33.30,25954892,862335616.00
2015/11/09,33.66,35.76,32.70,35.40,31751995,1100217600.00
2015/11/10,34.66,36.46,33.80,35.87,33271054,1168930432.00
2015/11/11,35.60,35.97,34.78,35.07,22757895,800659520.00
2015/11/12,35.29,35.50,33.62,34.92,24281553,841905152.00
2015/11/13,34.44,38.00,34.11,36.10,35055553,1268125568.00
2015/11/16,35.40,36.50,35.00,36.42,20143556,720937600.00
2015/11/17,36.99,37.19,34.90,35.02,21695912,779202176.00
2015/11/18,34.85,35.08,32.50,32.75,26089304,878702784.00
2015/11/19,32.93,34.56,32.80,34.30,20365434,686779072.00
2015/11/20,34.09,34.83,33.31,33.97,20273769,690471488.00
2015/11/23,34.00,34.64,32.85,33.00,17736531,600614144.00
2015/11/24,32.78,34.12,32.60,33.84,14179960,475189600.00
2015/11/25,33.69,34.30,33.61,34.24,12467533,425100032.00
2015/11/26,34.57,34.58,33.37,33.70,12820121,435083968.00
2015/11/27,33.69,35.48,32.51,32.74,25816958,885545152.00
2015/11/30,33.03,34.55,31.00,34.49,22367022,743534080.00
2015/12/01,34.06,34.36,32.55,33.40,13792827,463133056.00
2015/12/02,33.45,33.73,31.30,32.24,16191908,523437056.00
2015/12/03,32.24,33.15,31.74,33.00,15857661,517049504.00
2015/12/04,32.80,33.30,32.65,33.04,12295618,404733888.00
2015/12/07,33.13,34.88,32.50,34.69,23872615,813528256.00
2015/12/08,34.20,34.38,33.07,33.39,16515345,557261504.00
2015/12/09,33.00,36.50,32.70,35.69,40835162,1433179520.00
2015/12/10,35.68,35.68,34.25,34.32,25135168,876628736.00
2015/12/11,34.28,34.37,32.83,32.95,21319047,709980480.00
2015/12/14,32.14,33.45,32.00,33.40,11857982,387067072.00
2015/12/15,33.31,34.28,33.30,33.82,13504709,457131744.00
2015/12/16,33.90,34.25,33.40,33.53,11472838,387877184.00
2015/12/17,33.89,34.86,33.89,34.25,17938650,616345664.00
2015/12/18,34.28,35.58,33.81,34.75,22722370,787415360.00
2015/12/21,34.53,35.40,33.85,35.07,19985302,692274624.00
2015/12/22,35.00,36.10,34.88,35.39,18609455,659842560.00
2015/12/23,35.37,38.47,35.37,36.46,37810332,1391991168.00
2015/12/24,36.78,38.46,35.88,38.16,32408792,1210472704.00
2015/12/25,38.38,38.50,37.20,37.62,21170538,800978112.00
2015/12/28,37.79,38.77,35.71,36.04,24155683,908223808.00
2015/12/29,36.54,39.64,36.11,39.64,43852435,1690041600.00
2015/12/30,40.01,40.78,38.85,40.29,43080940,1715375360.00
2015/12/31,39.60,40.18,38.50,39.24,24762272,974733440.00
2016/01/04,39.25,39.39,35.32,35.32,27639054,1008348544.00
2016/01/05,33.01,34.59,31.79,33.31,33412771,1112035328.00
2016/01/06,33.27,33.95,32.00,33.92,25820955,854759104.00
2016/01/07,32.50,32.60,30.53,30.53,6325300,197813952.00
2016/01/08,31.20,31.48,27.98,30.07,23113718,700767232.00
2016/01/11,28.98,30.10,27.06,27.06,21292582,604725760.00
2016/01/12,27.28,28.48,26.63,27.83,19697267,543502784.00
2016/01/13,28.29,28.87,27.30,27.45,20089836,566135424.00
2016/01/14,26.25,29.51,25.96,29.48,25074051,703421248.00
2016/01/15,28.80,30.44,28.58,28.99,27387207,803398272.00
2016/01/18,28.02,30.14,27.83,29.49,21026478,611253056.00
2016/01/19,29.20,30.48,29.17,30.47,20225337,606795264.00
2016/01/20,30.03,30.74,29.30,29.67,18754126,564063168.00
2016/01/21,29.05,29.73,26.91,26.98,19702473,561513216.00
2016/01/22,27.22,28.09,26.60,27.70,15096055,414015808.00
2016/01/25,27.81,28.22,26.87,27.45,14447958,399275584.00
2016/01/26,26.99,26.99,24.71,24.71,18412556,473855936.00
2016/01/27,24.71,24.94,22.32,23.79,17969112,423086016.00
2016/01/28,23.35,24.14,22.05,22.19,12730127,295787680.00
2016/01/29,22.15,24.06,22.00,23.51,18197148,420032512.00
2016/02/01,23.75,23.75,22.35,23.01,14698726,340851840.00
2016/02/02,23.10,24.65,23.10,24.30,17202641,415777600.00
2016/02/03,23.95,25.18,23.76,24.98,17813517,435273568.00
2016/02/04,24.80,25.98,24.71,25.66,17094074,435470528.00
2016/02/05,25.60,25.92,25.00,25.05,11212018,284361216.00
2016/02/15,23.58,25.53,23.58,25.26,10984715,273628032.00
2016/02/16,25.48,26.27,25.40,26.19,14799926,384375040.00
2016/02/17,26.20,26.45,25.71,26.27,13285909,347305920.00
2016/02/18,26.60,26.95,25.88,25.98,13779847,363591744.00
2016/02/19,25.90,26.18,25.50,25.82,10483993,270737696.00
2016/02/22,26.12,26.87,25.90,26.74,16051213,424031936.00
2016/02/23,26.76,26.89,25.80,26.20,12199783,321163136.00
2016/02/24,26.00,26.65,25.65,26.34,11172310,291982432.00
2016/02/25,26.81,27.68,24.01,24.94,29898095,789415808.00
2016/02/26,25.56,25.72,24.16,24.89,14518594,363177120.00
2016/02/29,24.80,24.80,22.90,23.35,13779647,323177184.00
2016/03/01,23.65,24.10,23.00,23.84,10933710,257896816.00
2016/03/02,23.85,25.45,23.80,25.31,14412626,355263456.00
2016/03/03,25.38,26.15,25.27,25.62,15090895,388391200.00
2016/03/04,25.57,25.57,24.18,24.52,12395151,308866080.00
2016/03/07,24.52,25.44,24.52,24.95,9287964,232618352.00
2016/03/08,24.90,25.24,23.69,25.17,11756950,288797280.00
2016/03/09,24.50,24.98,24.25,24.35,7488549,183961680.00
数据来源:通达信
