603618 杭电股份 日线 前复权
      日期	    开盘	    最高	    最低	    收盘	    成交量	    成交额
2015/02/17,16.58,16.58,16.58,16.58,82000,1375960.00
2015/02/25,18.26,18.26,18.26,18.26,23600,435656.00
2015/02/26,20.11,20.11,20.11,20.11,28700,582897.00
2015/02/27,22.14,22.14,22.14,22.14,234400,5236496.00
2015/03/02,24.37,24.37,24.37,24.37,531300,13054041.00
2015/03/03,26.83,26.83,25.12,26.83,32848709,873235328.00
2015/03/04,25.10,25.98,24.13,25.53,22709041,578828544.00
2015/03/05,24.81,25.30,24.33,24.43,13163805,327023168.00
2015/03/06,24.41,25.68,24.01,24.06,10729347,267980096.00
2015/03/09,22.68,23.26,22.12,22.48,9420324,213687200.00
2015/03/10,22.51,22.77,22.22,22.73,5900258,134062064.00
2015/03/11,22.71,22.71,21.93,22.09,7200015,161349632.00
2015/03/12,22.10,22.23,21.41,21.58,6243868,136813152.00
2015/03/13,21.70,22.29,21.57,22.12,5312394,118172624.00
2015/03/16,22.21,23.39,22.21,22.86,7308952,167967120.00
2015/03/17,22.77,22.92,22.61,22.84,5763458,132220840.00
2015/03/18,22.83,23.18,22.60,23.03,6133649,141374000.00
2015/03/19,23.10,23.67,22.83,23.36,7461255,175161136.00
2015/03/20,23.30,23.41,22.96,23.10,5848691,136339232.00
2015/03/23,23.18,23.27,22.98,23.23,5612980,131006952.00
2015/03/24,23.25,23.60,22.80,23.22,6975031,163640272.00
2015/03/25,23.30,24.20,23.24,24.01,9947245,237068960.00
2015/03/26,23.80,23.80,23.13,23.33,6574222,155524192.00
2015/03/27,23.33,23.52,23.00,23.23,4265725,99971360.00
2015/03/30,23.26,23.56,23.19,23.49,5138816,121247208.00
2015/03/31,23.52,23.57,23.13,23.39,5189962,122260048.00
2015/04/01,23.35,23.94,23.26,23.74,6557869,155770864.00
2015/04/02,23.75,24.26,23.60,24.24,7769960,187450528.00
2015/04/03,24.00,24.45,23.83,24.37,8205093,200119648.00
2015/04/07,24.46,26.83,24.40,26.83,20084763,532893312.00
2015/04/08,27.20,29.50,25.83,28.95,24898562,677827136.00
2015/04/09,28.29,28.46,26.85,27.44,14698048,409705856.00
2015/04/10,27.19,28.30,26.89,27.49,9697625,269857312.00
2015/04/13,27.33,28.10,26.85,27.60,9213645,255062832.00
2015/04/14,27.39,27.99,26.98,27.14,8353722,231740496.00
2015/04/15,26.90,26.90,25.12,25.17,8135704,212459344.00
2015/04/16,25.15,26.18,24.62,25.98,5990750,153527664.00
2015/04/17,26.18,26.28,25.80,25.86,6400714,167869584.00
2015/04/20,25.96,25.96,24.80,24.86,6088561,155361392.00
2015/04/21,24.82,25.78,24.80,25.61,5256754,134423136.00
2015/04/22,25.68,26.39,25.68,26.22,5852004,154325040.00
2015/04/23,26.48,26.55,25.82,26.06,5311278,139503856.00
2015/04/24,25.60,27.86,25.50,27.50,11497268,311139328.00
2015/04/27,27.60,27.68,26.85,27.10,7622849,208246176.00
2015/04/28,27.29,27.29,25.55,25.69,6020664,157705120.00
2015/04/29,26.09,27.50,26.01,27.10,8836992,238564736.00
2015/04/30,27.55,29.81,27.55,28.13,14520612,418455904.00
2015/05/04,28.85,30.00,28.00,29.57,12468568,365051328.00
2015/05/05,29.00,29.65,27.98,28.10,7677021,220186736.00
2015/05/06,28.49,30.48,28.28,29.37,11279457,332073504.00
2015/05/07,29.00,29.41,27.77,28.11,6206261,177702864.00
2015/05/08,28.20,29.79,28.15,29.77,7492211,215715408.00
2015/05/11,30.19,32.02,29.30,31.68,11038191,343402496.00
2015/05/12,31.82,33.39,31.28,31.52,12494602,401663680.00
2015/05/13,30.89,34.67,30.56,34.67,13066757,433324032.00
2015/05/14,34.85,37.98,34.85,35.98,12152129,441955680.00
2015/05/15,35.40,37.91,34.51,36.76,9943900,359380864.00
2015/05/18,36.01,39.98,35.80,39.39,9598696,368358528.00
2015/05/19,38.50,41.33,37.50,39.11,9700246,375273792.00
2015/05/20,38.80,40.70,37.80,38.06,9894528,387559904.00
2015/05/21,37.85,37.91,36.41,37.53,9354741,346243296.00
2015/05/22,38.02,40.15,37.60,39.76,10338287,399360032.00
2015/05/25,39.60,41.96,38.01,40.64,10557342,425883456.00
2015/05/26,40.25,44.70,39.45,44.70,11772598,502042880.00
2015/05/27,45.00,49.17,43.70,49.17,12827128,601401408.00
2015/05/28,51.98,54.09,44.25,44.82,17943252,946333632.00
2015/05/29,44.00,48.77,40.48,46.15,16075082,719686080.00
2015/06/01,46.20,46.50,44.20,45.31,11517236,520582528.00
2015/06/02,45.10,45.25,42.28,43.78,10561039,459929184.00
2015/06/03,43.70,47.70,42.77,45.98,9443837,429554784.00
2015/06/24,41.38,45.98,41.38,42.75,11682062,502754624.00
2015/06/25,41.01,42.48,38.48,38.48,8573207,343480128.00
2015/06/26,36.45,36.45,34.63,34.63,4485365,156945264.00
2015/06/29,34.60,34.60,31.17,31.17,4854350,153824160.00
2015/06/30,28.21,32.50,28.05,31.94,8702850,262659344.00
2015/07/01,31.00,33.68,28.75,28.83,8661258,274094784.00
2015/07/02,29.00,29.89,25.95,25.95,7698405,210679712.00
2015/07/03,24.00,26.74,23.36,23.36,7756072,187347664.00
2015/07/06,25.70,25.70,21.40,22.79,9633266,229219536.00
2015/07/07,21.59,22.57,20.51,20.51,5662568,118996088.00
2015/07/08,18.46,19.50,18.46,18.46,5657976,105420160.00
2015/07/14,20.31,20.31,20.31,20.31,19400,394014.00
2015/07/15,22.34,22.34,22.34,22.34,1118691,24991556.00
2015/07/16,20.60,24.57,20.19,24.57,18968432,445380864.00
2015/07/17,25.03,27.03,25.02,27.03,13091850,344799936.00
2015/07/20,27.99,29.73,27.20,29.71,14251677,408565760.00
2015/07/21,28.58,31.22,28.20,29.38,12138665,364665984.00
2015/07/22,29.29,30.80,28.55,30.16,10240358,303968896.00
2015/07/23,28.88,32.46,28.48,31.21,16775941,503641280.00
2015/07/24,30.50,31.49,29.50,29.87,12239554,376369248.00
2015/07/27,28.50,30.03,26.88,26.88,8583912,246167760.00
2015/07/28,24.97,26.90,24.19,24.40,9990815,249724000.00
2015/07/29,25.28,26.84,24.43,26.84,8040610,204932832.00
2015/07/30,27.18,28.96,26.84,27.70,10635606,298170592.00
2015/07/31,26.99,29.50,26.55,28.36,9201593,259720096.00
2015/08/03,27.50,28.98,25.80,26.74,7749109,211783696.00
2015/08/04,26.90,29.00,26.62,28.96,7869825,219186896.00
2015/08/05,28.50,29.50,27.70,28.62,9258646,264942336.00
2015/08/06,27.60,28.39,27.05,27.53,5297774,147071552.00
2015/08/07,27.79,28.50,27.78,28.39,6486068,183317408.00
2015/08/10,28.80,30.20,28.00,29.75,9080349,265450640.00
2015/08/11,29.70,30.25,29.42,29.64,8418983,251426304.00
2015/08/12,29.25,29.50,28.29,28.34,7293837,210584688.00
2015/08/13,28.26,28.99,28.01,28.98,4599405,131155024.00
2015/08/14,29.07,30.78,29.05,30.15,9617259,287885056.00
2015/08/17,30.00,30.00,28.78,29.42,6705498,196927424.00
2015/08/18,29.31,30.37,26.48,26.48,7496682,214090256.00
2015/08/19,25.38,27.19,23.85,26.61,7094392,180178848.00
2015/08/20,26.30,26.30,24.65,24.71,4671112,119644968.00
2015/08/21,24.20,25.20,23.23,23.42,4234068,102818624.00
2015/08/24,22.03,22.77,21.08,21.08,3080869,65918672.00
2015/08/25,18.98,20.18,18.97,18.97,4400199,84791808.00
2015/08/26,19.50,20.73,18.52,19.70,7655020,151236880.00
2015/08/27,20.35,21.19,19.60,21.01,5733496,116934584.00
2015/08/28,21.19,22.58,20.50,22.36,7297856,155835584.00
2015/08/31,21.80,21.90,20.12,20.13,4601536,97125392.00
2015/09/01,19.42,19.76,18.50,18.67,4724785,89846336.00
2015/09/02,17.50,19.60,17.01,17.97,3599979,66480032.00
2015/09/07,18.63,19.35,18.27,18.73,3021545,57066360.00
2015/09/08,18.73,20.50,18.32,20.24,3796921,73649640.00
2015/09/09,20.18,21.20,20.18,20.99,5294206,110091488.00
2015/09/10,20.60,21.88,20.21,20.59,5139485,108533552.00
2015/09/11,20.80,20.94,20.19,20.60,3369791,69204448.00
2015/09/14,20.70,20.90,18.54,18.54,3552205,68999352.00
2015/09/15,17.54,18.49,17.52,17.62,3588421,64291216.00
2015/09/16,17.71,19.38,17.70,19.38,3521836,65479856.00
2015/09/17,19.38,19.99,18.71,18.83,4843447,93930000.00
2015/09/18,19.00,19.38,18.65,19.17,2495866,47401296.00
2015/09/21,18.83,20.30,18.83,20.18,3905372,76794584.00
2015/09/22,20.21,20.86,19.98,20.55,4513053,92394680.00
2015/09/23,20.12,20.46,19.88,20.23,3495253,70551848.00
2015/09/24,20.25,20.90,20.25,20.72,2910473,60093260.00
2015/09/25,20.75,20.75,19.42,19.57,2819596,56550444.00
2015/09/28,19.70,20.32,19.40,20.22,1641810,32813072.00
2015/09/29,19.87,19.97,19.52,19.64,1478483,29189616.00
2015/09/30,19.75,20.50,19.70,20.29,2103477,42396140.00
2015/10/08,21.12,21.50,20.72,21.24,4178473,88483328.00
2015/10/09,21.25,21.47,20.91,21.41,3601785,76400912.00
2015/10/12,21.59,22.78,21.45,22.50,4745979,105362104.00
2015/10/13,22.28,23.00,22.12,22.76,4335765,97665416.00
2015/10/14,22.70,23.30,22.40,22.67,4871672,111685904.00
2015/10/15,22.60,23.55,22.52,23.36,3906122,89990544.00
2015/10/16,23.45,23.55,22.58,23.29,4188087,96946944.00
2015/10/19,23.35,23.38,22.43,22.69,3814228,87573056.00
2015/10/20,22.52,23.25,22.51,23.20,3474694,79816904.00
2015/10/21,23.30,23.66,21.22,21.25,5480093,124109624.00
2015/10/22,21.12,22.27,21.12,22.10,2931874,63785464.00
2015/10/23,22.20,22.92,22.11,22.85,3140547,70743216.00
2015/10/26,23.11,23.79,23.11,23.40,4654278,109158648.00
2015/10/27,23.35,23.76,22.30,23.73,3890152,89674240.00
2015/10/28,23.45,25.16,23.40,23.95,5507144,133949224.00
2015/10/29,24.28,25.65,23.70,25.10,6066481,150181680.00
2015/10/30,24.90,26.29,24.18,25.61,6081377,152333248.00
2015/11/02,24.88,27.16,24.21,26.31,7628191,200972528.00
2015/11/03,26.19,28.79,25.71,28.26,9953585,270753088.00
2015/11/04,28.00,29.30,27.50,28.86,12725891,360282048.00
2015/11/05,28.90,28.90,27.61,27.84,8996949,253385408.00
2015/11/06,28.15,29.15,27.84,28.77,8486794,240309968.00
2015/11/09,28.25,29.98,27.70,29.20,9605967,278856512.00
2015/11/10,28.75,29.42,28.20,28.59,5970314,171944608.00
2015/11/11,28.68,30.29,28.26,30.08,7647838,226277520.00
2015/11/12,30.00,32.99,30.00,32.39,9650333,303018720.00
2015/11/13,31.70,32.26,29.48,29.65,8530532,261296688.00
2015/11/16,28.75,30.04,28.33,29.91,4600488,135111680.00
2015/11/17,30.28,30.99,28.79,28.93,5498634,165039296.00
2015/11/18,28.71,29.28,28.03,28.13,3395146,97176760.00
2015/11/19,28.13,29.27,28.13,29.26,3086840,88761552.00
2015/11/20,29.40,30.50,29.40,30.18,4646513,139609312.00
2015/11/23,30.04,31.18,29.86,30.11,4385293,133820280.00
2015/11/24,29.71,31.55,29.71,31.50,5924048,182607744.00
2015/11/25,31.71,32.50,31.20,31.53,6386175,202868224.00
2015/11/26,31.85,34.68,31.23,33.94,9897677,323972416.00
2015/11/27,32.80,35.56,32.57,34.05,12517641,430383232.00
2015/11/30,34.44,36.00,32.00,35.47,10753625,371106144.00
2015/12/01,35.17,36.50,33.00,34.23,8918934,312024704.00
2015/12/09,33.90,33.90,31.27,31.45,6230727,199857584.00
2015/12/10,31.27,32.35,30.86,31.36,4512310,143713920.00
2015/12/11,31.00,31.97,30.81,31.19,2605246,81743616.00
2015/12/14,31.06,31.90,30.05,31.88,3049065,94166168.00
2015/12/15,31.94,32.76,31.89,32.25,2911112,94132368.00
2015/12/16,32.45,33.63,32.13,32.96,3770037,124048448.00
2015/12/17,33.30,34.80,33.30,34.70,4836131,164251856.00
2015/12/18,34.49,35.49,33.81,34.05,4450505,153950688.00
2015/12/21,33.80,34.55,33.50,34.09,2914237,98820032.00
2015/12/22,34.05,35.25,34.05,34.81,3206923,111337712.00
2015/12/23,38.29,38.29,36.33,36.50,11606082,436890944.00
2015/12/25,35.40,36.20,35.11,35.29,6702621,238588672.00
2015/12/28,35.28,35.54,33.28,33.31,5965932,205135680.00
2015/12/29,33.15,34.28,33.10,34.23,3206594,107925704.00
2015/12/30,34.28,34.47,33.60,34.03,2725245,92588776.00
2015/12/31,34.08,34.29,33.00,33.01,2265677,76110320.00
2016/01/04,32.85,32.98,29.71,29.71,3314172,102976088.00
2016/01/05,28.10,29.97,27.15,28.80,3650597,105170320.00
2016/01/06,28.96,29.80,28.80,29.52,2630182,77197496.00
2016/01/07,28.94,28.94,26.57,26.57,686200,18891972.00
2016/01/08,27.26,28.35,25.00,26.72,3073221,82502984.00
2016/01/11,26.37,26.37,24.05,24.05,3026682,75794504.00
2016/01/12,24.20,24.53,23.58,24.08,2190275,52845716.00
2016/01/13,24.30,24.78,23.60,23.64,2442332,59510724.00
2016/01/14,22.52,24.65,22.35,24.55,2592503,62055884.00
2016/01/15,24.43,24.54,22.50,22.85,2424682,57597300.00
2016/01/18,22.03,23.80,22.03,23.50,2039009,47275636.00
2016/01/19,23.55,24.59,23.30,24.50,2261816,54486540.00
2016/01/20,24.49,25.38,24.24,24.98,2811795,69805776.00
2016/01/21,24.46,25.19,23.05,23.22,2295920,56325752.00
2016/01/22,23.99,24.19,23.24,24.08,1880665,44858236.00
2016/01/25,24.30,24.92,24.21,24.71,1802027,44425376.00
2016/01/26,24.36,24.46,22.31,22.48,2240500,52747376.00
2016/01/27,22.55,22.96,20.99,22.33,2252843,49586816.00
2016/01/28,21.96,22.20,20.36,20.45,1612611,34550784.00
2016/01/29,20.26,21.74,20.26,21.51,1691993,35828732.00
2016/02/01,21.60,22.02,21.00,21.52,1487909,32168128.00
2016/02/02,21.70,22.72,21.58,22.48,1573250,35167828.00
2016/02/03,22.15,22.81,21.94,22.69,1358667,30309070.00
2016/02/04,22.67,23.60,22.67,23.37,1928041,44717796.00
2016/02/05,23.42,24.31,23.42,23.70,1758610,41933232.00
2016/02/15,22.55,23.47,22.35,23.18,1587213,36503280.00
2016/02/16,23.28,24.26,23.22,24.14,1783125,42701884.00
2016/02/17,24.16,24.68,23.80,24.36,2085669,50649076.00
2016/02/18,24.55,24.66,24.00,24.12,2417874,58708700.00
2016/02/19,23.90,24.25,23.85,24.13,1966196,47286500.00
2016/02/22,24.60,25.49,24.45,25.38,3344761,84073864.00
2016/02/23,25.45,25.88,25.01,25.69,2981388,75912568.00
2016/02/24,25.59,28.26,25.48,27.88,7424174,202044448.00
2016/02/25,27.69,27.69,25.09,25.69,5072444,132928696.00
2016/02/26,25.69,27.68,25.50,27.62,4759336,126908056.00
2016/02/29,27.03,28.18,25.66,27.57,4289106,114212816.00
2016/03/01,27.86,29.88,27.65,29.01,12780932,367211520.00
2016/03/02,28.00,30.49,27.20,29.70,11895239,342329632.00
2016/03/03,29.28,31.43,28.80,30.27,10052485,304268384.00
2016/03/04,30.30,30.83,28.00,28.82,7249022,213237120.00
2016/03/07,28.80,29.74,28.61,28.93,4300205,125431744.00
2016/03/08,28.65,28.80,27.00,28.21,4150973,115415248.00
2016/03/09,27.41,27.98,27.11,27.31,2672672,73429344.00
数据来源:通达信
