601633 长城汽车 日线 前复权
      日期	    开盘	    最高	    最低	    收盘	    成交量	    成交额
2011/09/28,3.35,3.35,3.02,3.04,68260883,836020736.00
2011/09/29,2.95,3.32,2.92,3.21,55975244,688445952.00
2011/09/30,3.18,3.31,3.09,3.24,38487768,477490656.00
2011/10/10,3.24,3.24,2.82,2.86,34180023,397163776.00
2011/10/11,2.95,3.24,2.93,3.20,55751611,682555264.00
2011/10/12,3.02,3.42,2.98,3.36,60734051,759515072.00
2011/10/13,3.29,3.45,3.26,3.36,43620553,561155584.00
2011/10/14,3.32,3.35,3.21,3.27,23072805,289727776.00
2011/10/17,3.27,3.50,3.22,3.43,41337500,532312192.00
2011/10/18,3.37,3.40,3.12,3.16,35034658,435713056.00
2011/10/19,3.17,3.25,3.13,3.13,20425876,251292080.00
2011/10/20,3.09,3.10,2.91,2.99,18858889,219559152.00
2011/10/21,2.97,3.00,2.85,2.88,9849290,113310896.00
2011/10/24,2.91,3.10,2.84,3.06,18088065,212192784.00
2011/10/25,3.05,3.22,2.97,3.12,19845901,238650768.00
2011/10/26,3.06,3.25,3.05,3.13,19554264,239641472.00
2011/10/27,3.16,3.17,3.05,3.10,11568612,139232880.00
2011/10/28,3.16,3.20,3.06,3.15,16537676,200568176.00
2011/10/31,3.20,3.27,3.15,3.19,13911420,171946496.00
2011/11/01,3.14,3.24,3.10,3.15,14609590,178396544.00
2011/11/02,3.05,3.16,2.99,3.14,14634285,174454016.00
2011/11/03,3.15,3.34,3.11,3.20,24430005,302338240.00
2011/11/04,3.24,3.27,3.14,3.21,13293778,163559472.00
2011/11/07,3.18,3.26,3.16,3.18,10506057,130129560.00
2011/11/08,3.17,3.19,3.07,3.08,9364790,113305376.00
2011/11/09,3.08,3.13,3.01,3.10,8043143,96154800.00
2011/11/10,3.05,3.06,2.96,2.97,10299737,121286584.00
2011/11/11,3.01,3.02,2.92,2.95,7039048,82037640.00
2011/11/14,3.00,3.05,2.97,3.03,6920381,81724712.00
2011/11/15,3.02,3.08,3.01,3.06,6478520,76922912.00
2011/11/16,3.04,3.05,2.94,2.99,6669942,78036320.00
2011/11/17,2.98,3.03,2.97,2.99,4638385,54490172.00
2011/11/18,2.97,2.98,2.92,2.95,5299644,61300096.00
2011/11/21,2.95,3.00,2.93,2.95,3549279,41276220.00
2011/11/22,2.94,2.94,2.86,2.90,3939313,44942372.00
2011/11/23,2.90,2.91,2.84,2.86,3342406,37884376.00
2011/11/24,2.82,2.88,2.78,2.85,4320190,48548348.00
2011/11/25,2.85,2.87,2.78,2.80,2795459,31306322.00
2011/11/28,2.81,2.85,2.79,2.81,2001763,22405612.00
2011/11/29,2.85,2.88,2.82,2.88,2723065,30750100.00
2011/11/30,2.87,2.87,2.65,2.69,5367695,58994072.00
2011/12/01,2.80,2.87,2.76,2.80,7411654,83122368.00
2011/12/02,2.80,2.82,2.72,2.72,2636594,29027758.00
2011/12/05,2.72,2.73,2.63,2.63,2041758,21965226.00
2011/12/06,2.62,2.78,2.60,2.76,6209612,68005200.00
2011/12/07,2.78,2.84,2.75,2.78,3023220,33608684.00
2011/12/08,2.80,2.87,2.76,2.85,4725854,53159384.00
2011/12/09,2.82,2.87,2.79,2.82,4258359,47791264.00
2011/12/12,2.81,2.86,2.81,2.84,2393829,26946292.00
2011/12/13,2.82,2.82,2.69,2.78,3395258,37371600.00
2011/12/14,2.76,2.84,2.68,2.71,2848139,31450568.00
2011/12/15,2.73,2.74,2.62,2.67,2601337,28064798.00
2011/12/16,2.69,2.89,2.67,2.87,5573925,62209256.00
2011/12/19,2.87,3.00,2.82,2.97,6985249,80259992.00
2011/12/20,2.95,3.02,2.90,2.91,3880185,45109616.00
2011/12/21,2.93,3.02,2.88,2.89,4034326,46941592.00
2011/12/22,2.89,2.99,2.84,2.95,4213965,48299824.00
2011/12/23,2.94,3.07,2.93,3.03,6377640,75325920.00
2011/12/26,3.03,3.08,2.99,2.99,3435287,40696288.00
2011/12/27,2.98,3.03,2.90,2.94,4294933,50006904.00
2011/12/28,2.95,2.96,2.89,2.92,10298911,118517632.00
2011/12/29,2.93,3.09,2.91,3.02,8015466,94890864.00
2011/12/30,3.02,3.11,3.02,3.08,5481338,65312232.00
2012/01/04,3.09,3.18,3.04,3.04,4205403,50628736.00
2012/01/05,3.01,3.18,3.01,3.12,8119340,98290568.00
2012/01/06,3.07,3.15,2.92,3.02,3857016,45238856.00
2012/01/09,3.02,3.21,2.95,3.17,7714575,94144384.00
2012/01/10,3.18,3.25,3.18,3.24,9657988,119877064.00
2012/01/11,3.22,3.26,3.20,3.22,6212477,77196384.00
2012/01/12,3.22,3.34,3.19,3.30,7482811,94547344.00
2012/01/13,3.32,3.33,3.15,3.17,7614259,94497424.00
2012/01/17,3.13,3.42,3.09,3.42,11226671,141982688.00
2012/01/18,3.39,3.45,3.31,3.34,9473917,122173784.00
2012/01/19,3.29,3.44,3.29,3.38,7345374,94838472.00
2012/01/20,3.40,3.44,3.34,3.42,12678245,164753824.00
2012/01/30,3.42,3.44,3.32,3.33,5744978,74007864.00
2012/01/31,3.30,3.36,3.19,3.28,5286744,66106852.00
2012/02/01,3.26,3.33,3.21,3.22,3790423,47552820.00
2012/02/02,3.24,3.31,3.22,3.30,3526372,44354508.00
2012/02/03,3.30,3.34,3.18,3.27,11418392,142594304.00
2012/02/06,3.28,3.34,3.24,3.33,4437222,55914860.00
2012/02/07,3.32,3.32,3.22,3.30,3691829,46176444.00
2012/02/08,3.29,3.44,3.20,3.41,8987613,115349152.00
2012/02/09,3.39,3.44,3.36,3.41,6421752,83489376.00
2012/02/10,3.41,3.44,3.39,3.43,6974381,90801440.00
2012/02/13,3.44,3.60,3.39,3.56,16730658,222884000.00
2012/02/14,3.55,3.56,3.47,3.55,7747573,103284704.00
2012/02/15,3.53,3.57,3.48,3.54,6737401,89826504.00
2012/02/16,3.54,3.59,3.43,3.48,7635400,101387296.00
2012/02/17,3.49,3.58,3.40,3.57,7335199,96632112.00
2012/02/20,3.68,3.68,3.55,3.62,9749469,131878088.00
2012/02/21,3.62,3.64,3.55,3.63,5261235,71081184.00
2012/02/22,3.61,3.78,3.59,3.77,9443552,131198080.00
2012/02/23,3.75,3.80,3.69,3.74,4095312,57019428.00
2012/02/24,3.72,3.78,3.72,3.75,4634484,64717800.00
2012/02/27,4.04,4.05,3.78,3.82,23272700,338346528.00
2012/02/28,3.82,3.97,3.76,3.87,8891247,128087848.00
2012/02/29,3.87,4.00,3.81,3.89,8831092,127720072.00
2012/03/01,3.89,3.91,3.84,3.89,4513363,64855600.00
2012/03/02,3.90,4.09,3.87,4.04,11400696,168551440.00
2012/03/05,4.07,4.12,3.96,3.97,8443602,124985824.00
2012/03/06,3.96,3.96,3.75,3.81,8680038,123712856.00
2012/03/07,3.78,3.96,3.73,3.81,8232184,117671216.00
2012/03/08,3.82,3.88,3.79,3.83,4896231,69790240.00
2012/03/09,3.86,3.90,3.82,3.89,5990889,85792144.00
2012/03/12,3.88,4.00,3.85,3.89,5573810,80832416.00
2012/03/13,3.89,3.92,3.85,3.87,4985719,71734824.00
2012/03/14,3.91,4.01,3.70,3.91,11409580,163125072.00
2012/03/15,3.85,3.90,3.75,3.79,6734429,95383120.00
2012/03/16,3.84,3.95,3.79,3.94,5792717,83129320.00
2012/03/19,4.00,4.00,3.80,3.87,7137133,102085672.00
2012/03/20,3.85,3.85,3.59,3.65,9603613,132760944.00
2012/03/21,3.65,3.71,3.47,3.57,9599892,128913480.00
2012/03/22,3.54,3.62,3.53,3.59,3273158,44191896.00
2012/03/23,3.57,3.61,3.49,3.56,4224534,56782572.00
2012/03/26,3.54,3.68,3.49,3.56,6126346,82496248.00
2012/03/27,3.59,3.64,3.55,3.58,3358993,45486952.00
2012/03/28,3.60,3.60,3.37,3.45,7622428,99775480.00
2012/03/29,3.45,3.51,3.38,3.42,3949701,51663188.00
2012/03/30,3.42,3.62,3.42,3.57,12430435,166238368.00
2012/04/05,3.59,3.82,3.54,3.73,10447533,144841040.00
2012/04/06,3.73,3.80,3.67,3.69,4551124,63317768.00
2012/04/09,3.70,3.74,3.57,3.61,5148357,70519632.00
2012/04/10,3.62,3.67,3.50,3.66,2810149,38049480.00
2012/04/11,3.63,3.75,3.56,3.62,3421339,47101004.00
2012/04/12,3.61,3.69,3.56,3.66,5294322,71963440.00
2012/04/13,3.67,3.83,3.67,3.77,14563355,205662640.00
2012/04/16,3.79,3.97,3.74,3.91,11505766,166133568.00
2012/04/17,3.92,3.95,3.77,3.77,5584894,79872464.00
2012/04/18,3.82,3.97,3.77,3.92,7292594,105435960.00
2012/04/19,3.95,4.04,3.90,3.98,5607026,82145328.00
2012/04/20,3.92,4.02,3.91,3.97,2753554,40265996.00
2012/04/23,3.99,4.02,3.87,3.94,3953530,57440396.00
2012/04/24,3.93,3.95,3.81,3.92,4203513,60331536.00
2012/04/25,3.92,4.01,3.88,3.91,3730692,54273936.00
2012/04/26,3.90,3.95,3.86,3.91,4296246,62241812.00
2012/04/27,3.94,4.15,3.94,4.05,7611491,113223536.00
2012/05/02,4.10,4.50,4.10,4.36,13936460,219178688.00
2012/05/03,4.37,4.49,4.28,4.45,8800946,141052464.00
2012/05/04,4.40,4.48,4.33,4.41,4338634,69182144.00
2012/05/08,4.45,4.64,4.44,4.47,7688130,125174952.00
2012/05/09,4.39,4.44,4.32,4.35,5732965,91235080.00
2012/05/10,4.35,4.44,4.22,4.29,6587467,103401400.00
2012/05/11,4.30,4.44,4.26,4.37,5370015,85333816.00
2012/05/14,4.41,4.44,4.29,4.30,4286895,67519960.00
2012/05/15,4.26,4.42,4.14,4.42,5426656,85017416.00
2012/05/16,4.42,4.52,4.31,4.36,4544693,72780352.00
2012/05/17,4.36,4.49,4.35,4.43,4660891,74700928.00
2012/05/18,4.40,4.47,4.30,4.33,2628313,41749704.00
2012/05/21,4.39,4.41,4.25,4.35,3673575,56753632.00
2012/05/22,4.32,4.46,4.32,4.42,3415223,53220320.00
2012/05/23,4.44,4.65,4.40,4.65,6620338,106464360.00
2012/05/24,4.65,4.67,4.51,4.56,3485491,56537296.00
2012/05/25,4.53,4.55,4.37,4.47,4233539,66729036.00
2012/05/28,4.44,4.65,4.29,4.63,4246091,67193872.00
2012/05/29,4.65,4.98,4.65,4.98,12991823,222164832.00
2012/05/30,4.95,5.05,4.85,4.85,10282871,177399744.00
2012/05/31,4.80,4.89,4.75,4.76,4989773,84089872.00
2012/06/01,4.78,4.88,4.72,4.75,3986195,67182208.00
2012/06/04,4.64,4.85,4.61,4.67,4579799,76497848.00
2012/06/05,4.68,4.77,4.57,4.64,4661594,76891304.00
2012/06/06,4.62,4.93,4.62,4.86,4993311,83553296.00
2012/06/07,4.98,4.99,4.70,4.75,4841169,81473920.00
2012/06/08,4.79,4.89,4.67,4.71,4249837,71348400.00
2012/06/11,4.73,4.95,4.73,4.95,7149801,122118560.00
2012/06/12,4.94,4.94,4.84,4.88,3856512,65885324.00
2012/06/13,4.91,5.12,4.89,5.10,7103173,124983144.00
2012/06/14,5.12,5.17,5.01,5.07,6296764,111221688.00
2012/06/15,5.08,5.11,4.84,4.96,7938904,137449024.00
2012/06/18,5.00,5.13,4.96,5.03,4172065,73165224.00
2012/06/19,5.03,5.03,4.85,4.90,6142113,106103752.00
2012/06/20,4.90,4.95,4.78,4.87,6359979,108419152.00
2012/06/21,4.85,4.94,4.67,4.90,7907972,132008632.00
2012/06/25,4.78,4.81,4.49,4.65,7421971,122507440.00
2012/06/26,4.59,4.75,4.56,4.68,3854215,63282916.00
2012/06/27,4.71,4.84,4.68,4.74,5000255,83774376.00
2012/06/28,4.75,4.86,4.73,4.79,6201084,104056440.00
2012/06/29,4.76,5.17,4.72,5.12,6271499,107576400.00
2012/07/02,5.08,5.08,4.57,4.68,12740108,211222416.00
2012/07/03,4.57,4.79,4.55,4.73,6239792,103209248.00
2012/07/04,4.73,4.75,4.56,4.62,3890040,63737048.00
2012/07/05,4.55,4.62,4.38,4.49,7504759,119482192.00
2012/07/06,4.52,4.70,4.48,4.69,7136876,116050952.00
2012/07/09,4.64,4.74,4.42,4.54,6317546,103189944.00
2012/07/10,4.55,4.65,4.44,4.50,3815964,61074060.00
2012/07/11,4.54,4.64,4.44,4.61,6422353,103323368.00
2012/07/12,4.60,4.80,4.55,4.74,8302935,137250880.00
2012/07/13,4.79,4.80,4.61,4.69,5119209,84478760.00
2012/07/16,4.75,4.75,4.14,4.37,11059658,170032640.00
2012/07/17,4.24,4.44,4.24,4.32,2966262,45926252.00
2012/07/18,4.30,4.41,4.25,4.36,2122237,32926122.00
2012/07/19,4.35,4.55,4.32,4.43,4013560,63685596.00
2012/07/20,4.36,4.59,4.34,4.38,6654404,105298888.00
2012/07/23,4.31,4.39,4.25,4.28,1646322,25321624.00
2012/07/24,4.26,4.50,4.25,4.43,1997768,31195018.00
2012/07/25,4.53,4.56,4.43,4.54,2576671,41164416.00
2012/07/26,4.52,4.65,4.49,4.55,3250178,52734696.00
2012/07/27,4.51,4.65,4.47,4.60,3802140,61682736.00
2012/07/30,4.57,4.67,4.50,4.60,2147202,34690088.00
2012/07/31,4.56,4.65,4.56,4.63,3014786,48973680.00
2012/08/01,4.61,4.81,4.61,4.72,3949495,65814080.00
2012/08/02,4.72,4.78,4.51,4.66,4297971,70347824.00
2012/08/03,4.59,4.59,4.30,4.37,11431963,178475984.00
2012/08/06,4.35,4.47,4.32,4.40,9152793,142907056.00
2012/08/07,4.40,4.43,4.31,4.35,3727265,57753112.00
2012/08/08,4.35,4.40,4.15,4.19,5736197,86857864.00
2012/08/09,4.20,4.43,4.20,4.42,5639754,87356528.00
2012/08/10,4.44,4.45,4.32,4.40,3681335,57388800.00
2012/08/13,4.40,4.61,4.40,4.49,5736855,91838160.00
2012/08/14,4.50,4.59,4.45,4.55,3096584,49540676.00
2012/08/15,4.54,4.57,4.45,4.47,2439689,38791036.00
2012/08/16,4.32,4.52,4.29,4.51,3032830,47449016.00
2012/08/17,4.43,4.48,4.34,4.42,1711710,26760560.00
2012/08/20,4.36,4.40,4.18,4.21,3731673,56730868.00
2012/08/21,4.19,4.31,4.18,4.25,3151915,47797912.00
2012/08/22,4.25,4.31,4.12,4.15,3097905,46304544.00
2012/08/23,4.15,4.24,4.08,4.24,5528754,82677792.00
2012/08/24,4.22,4.24,4.16,4.22,3045035,45734152.00
2012/08/27,4.21,4.33,4.15,4.27,7710834,116703120.00
2012/08/28,4.27,4.31,4.19,4.21,6215598,94439272.00
2012/08/29,4.20,4.21,4.09,4.14,2492768,37238556.00
2012/08/30,4.18,4.18,3.98,4.13,3848194,56481928.00
2012/08/31,4.13,4.15,3.97,3.98,3724040,54222576.00
2012/09/03,3.95,4.24,3.94,4.21,6712731,99687440.00
2012/09/04,4.19,4.30,4.19,4.21,2867959,43503944.00
2012/09/05,4.22,4.26,4.15,4.25,1666890,25099314.00
2012/09/06,4.25,4.30,4.21,4.24,1930460,29364794.00
2012/09/07,4.27,4.57,4.27,4.48,7444057,117937864.00
2012/09/10,4.49,4.64,4.48,4.55,4834388,78198440.00
2012/09/11,4.55,4.64,4.44,4.56,3046056,49005192.00
2012/09/12,4.62,4.79,4.59,4.61,4121854,67778512.00
2012/09/13,4.61,4.67,4.56,4.62,1104099,18034008.00
2012/09/14,4.67,4.67,4.52,4.57,2881497,46494176.00
2012/09/17,4.57,4.74,4.49,4.58,3513800,56986448.00
2012/09/18,4.58,4.64,4.46,4.58,2182176,35144932.00
2012/09/19,4.53,4.68,4.53,4.67,2176853,35386816.00
2012/09/20,4.59,4.66,4.53,4.60,2829977,45899296.00
2012/09/21,4.59,4.98,4.55,4.75,8081326,135098624.00
2012/09/24,4.75,4.93,4.64,4.89,3374785,57178008.00
2012/09/25,4.85,4.95,4.77,4.85,1853377,31489464.00
2012/09/26,4.88,4.97,4.77,4.84,3358973,57406864.00
2012/09/27,4.85,5.00,4.75,4.90,4135268,70768808.00
2012/09/28,4.89,5.08,4.80,5.03,4282576,74576528.00
2012/10/08,5.03,5.40,5.03,5.24,7540126,136277872.00
2012/10/09,5.25,5.38,5.18,5.32,4590269,84033224.00
2012/10/10,5.37,5.54,5.24,5.29,4679271,86653496.00
2012/10/11,5.25,5.41,5.04,5.36,5044270,92342320.00
2012/10/12,5.36,5.42,5.26,5.37,2185760,40205680.00
2012/10/15,5.40,5.42,5.19,5.37,2507112,45869572.00
2012/10/16,5.31,5.34,5.22,5.30,2108510,38587256.00
2012/10/17,5.33,5.47,5.25,5.46,3605903,67084276.00
2012/10/18,5.47,5.58,5.44,5.57,4521552,85849776.00
2012/10/19,5.55,5.57,5.31,5.32,4395066,81965568.00
2012/10/22,5.25,5.44,5.25,5.42,1780055,32845034.00
2012/10/23,5.34,5.42,5.16,5.29,3737983,68288576.00
2012/10/24,5.23,5.37,5.22,5.33,1656219,30386072.00
2012/10/25,5.29,5.34,5.09,5.15,3827261,68708712.00
2012/10/26,5.19,5.25,5.03,5.21,4853249,86558144.00
2012/10/29,5.19,5.28,5.14,5.24,1921182,34739752.00
2012/10/30,5.23,5.48,5.22,5.46,5192737,96573280.00
2012/10/31,5.41,5.71,5.41,5.60,2835210,54270176.00
2012/11/01,5.59,5.71,5.52,5.70,3036898,58839696.00
2012/11/02,5.70,5.73,5.55,5.67,4699079,90921488.00
2012/11/05,5.64,5.71,5.52,5.70,3521183,67962640.00
2012/11/06,5.65,5.68,5.49,5.59,2653308,50962628.00
2012/11/07,5.60,5.67,5.55,5.60,2093575,40296892.00
2012/11/08,5.55,5.62,5.41,5.58,2900654,55264356.00
2012/11/09,5.52,5.59,5.41,5.49,2434083,46121288.00
2012/11/12,5.48,5.48,5.19,5.32,4330027,79386088.00
2012/11/13,5.35,5.44,5.23,5.27,4682216,86217200.00
2012/11/14,5.27,5.47,5.24,5.45,3955365,73890032.00
2012/11/15,5.43,5.51,5.35,5.46,2099060,39516440.00
2012/11/16,5.45,5.49,5.32,5.39,2910873,54204120.00
2012/11/19,5.29,5.53,5.29,5.52,2508660,46818436.00
2012/11/20,5.53,5.66,5.47,5.61,3001776,57614524.00
2012/11/21,5.64,5.65,5.44,5.61,2573792,49151712.00
2012/11/22,5.56,5.60,5.45,5.46,3057881,58219704.00
2012/11/23,5.49,5.52,5.23,5.33,5279402,97388728.00
2012/11/26,5.25,5.30,5.03,5.08,6854140,122145664.00
2012/11/27,5.08,5.12,4.92,4.97,5615444,97994416.00
2012/11/28,4.92,5.15,4.86,5.14,5692404,100439112.00
2012/11/29,5.13,5.28,5.07,5.21,3735980,67479568.00
2012/11/30,5.19,5.30,5.13,5.26,4502197,81571080.00
2012/12/03,5.18,5.44,5.18,5.35,5569560,102980576.00
2012/12/04,5.35,5.39,5.19,5.33,5022254,92023696.00
2012/12/05,5.33,5.59,5.24,5.56,6000813,113332648.00
2012/12/06,5.56,5.57,5.36,5.41,3513974,65752920.00
2012/12/07,5.43,5.64,5.36,5.61,5839095,111928584.00
2012/12/10,5.67,5.79,5.40,5.55,4421563,83737456.00
2012/12/11,5.47,5.62,5.43,5.54,2871710,54892820.00
2012/12/12,5.53,5.61,5.46,5.55,2092424,39867928.00
2012/12/13,5.49,5.63,5.47,5.61,3702231,71001304.00
2012/12/14,5.57,6.12,5.55,6.07,5989852,121183016.00
2012/12/17,6.09,6.52,5.91,5.98,5099633,107010552.00
2012/12/18,6.04,6.28,5.93,6.15,5405219,112405120.00
2012/12/19,6.12,6.48,6.05,6.33,4176630,88160136.00
2012/12/20,6.34,6.59,6.19,6.52,5272152,113773904.00
2012/12/21,6.45,6.72,6.35,6.62,3972697,87856504.00
2012/12/24,6.67,6.67,6.39,6.45,4812567,105642312.00
2012/12/25,6.45,6.69,6.39,6.60,5602581,124028768.00
2012/12/26,6.57,6.60,6.46,6.47,3938023,86570768.00
2012/12/27,6.42,6.87,6.38,6.85,4962577,110799152.00
2012/12/28,6.84,7.02,6.74,6.95,4275808,98234008.00
2012/12/31,6.94,7.16,6.81,7.09,6390833,149323904.00
2013/01/04,7.05,7.05,6.38,6.76,10769307,243098784.00
2013/01/07,6.59,6.95,6.57,6.90,4917836,112774112.00
2013/01/08,6.92,7.14,6.82,6.98,4868384,113479696.00
2013/01/09,6.99,7.12,6.86,6.95,4416883,102675456.00
2013/01/10,6.96,7.16,6.96,7.06,3908416,92349232.00
2013/01/11,7.07,7.35,7.05,7.22,4680147,113073904.00
2013/01/14,7.18,7.73,6.99,7.72,4088855,102607600.00
2013/01/15,7.78,8.17,7.69,7.85,5179325,136245200.00
2013/01/16,7.83,7.87,7.45,7.67,6045105,153413248.00
2013/01/17,7.65,7.75,7.51,7.67,3527833,89646744.00
2013/01/18,7.72,8.02,7.71,7.94,3952836,103319672.00
2013/01/21,7.94,8.55,7.85,8.34,4944535,135341552.00
2013/01/22,8.52,8.96,8.29,8.31,7083087,200812272.00
2013/01/23,8.35,8.74,8.28,8.73,5177568,143561456.00
2013/01/24,8.68,9.32,8.45,8.93,8534111,247590176.00
2013/01/25,8.92,9.12,8.72,8.86,4618934,134264560.00
2013/01/28,8.90,9.01,8.65,8.91,5936436,170841232.00
2013/01/29,8.91,8.94,8.50,8.62,7809346,220556784.00
2013/01/30,8.63,8.67,8.40,8.42,6653983,186500528.00
2013/01/31,8.42,8.52,8.14,8.46,7125410,195849056.00
2013/02/01,8.38,8.58,8.29,8.46,4661151,129614360.00
2013/02/04,8.45,8.78,8.31,8.61,5192374,145721056.00
2013/02/05,8.68,8.68,8.39,8.53,3053031,85217704.00
2013/02/06,8.52,8.58,8.31,8.35,3329987,92001912.00
2013/02/07,8.35,8.64,8.30,8.59,4876539,136416624.00
2013/02/08,8.59,9.42,8.59,9.14,5643383,166876832.00
2013/02/18,9.16,9.57,9.16,9.30,5115428,156449184.00
2013/02/19,9.39,9.39,9.08,9.12,3093278,92715072.00
2013/02/20,9.10,9.69,9.09,9.53,3603801,111157896.00
2013/02/21,9.49,9.53,8.95,9.31,4572560,137613568.00
2013/02/22,9.19,9.27,8.95,8.98,2641868,78278128.00
2013/02/25,8.99,9.23,8.80,9.12,2170460,64216300.00
2013/02/26,9.02,9.15,8.85,8.86,2532128,74447568.00
2013/02/27,8.86,9.00,8.59,8.67,2316249,66431788.00
2013/02/28,8.68,9.29,8.68,9.23,3385671,99937936.00
2013/03/01,9.23,9.27,8.86,9.18,2450392,72974184.00
2013/03/04,9.15,9.17,8.69,8.89,3706626,107871448.00
2013/03/05,8.85,9.20,8.77,9.14,4686654,137159760.00
2013/03/06,9.19,9.37,9.02,9.30,3488289,104941832.00
2013/03/07,9.04,9.32,9.04,9.25,2814238,84707448.00
2013/03/08,9.25,9.85,9.24,9.55,5880191,184583648.00
2013/03/11,9.55,9.78,9.19,9.74,3160749,97234672.00
2013/03/12,9.60,9.72,9.02,9.34,3598396,110324064.00
2013/03/13,9.25,9.59,9.08,9.35,3795878,115478768.00
2013/03/14,9.39,9.92,9.27,9.87,5418735,170237344.00
2013/03/15,9.84,10.58,9.61,9.98,12572916,413426400.00
2013/03/18,9.75,9.89,9.39,9.55,5824340,182043520.00
2013/03/19,9.64,9.64,9.12,9.28,5130672,155004560.00
2013/03/20,9.28,10.29,9.22,10.29,5200140,166537440.00
2013/03/21,10.29,10.48,10.02,10.35,4068083,135196304.00
2013/03/22,10.29,10.29,10.05,10.12,2638504,86930632.00
2013/03/25,10.14,10.28,10.07,10.14,1887388,62139844.00
2013/03/26,10.12,10.30,9.86,10.14,2721783,89045384.00
2013/03/27,10.18,10.52,10.04,10.29,2765322,92226784.00
2013/03/28,10.19,10.42,9.82,9.98,3322155,108190944.00
2013/03/29,9.85,10.15,9.85,10.01,1491618,48473056.00
2013/04/01,9.86,9.95,9.54,9.74,3663860,115517816.00
2013/04/02,9.74,10.01,9.47,9.64,3570251,113438096.00
2013/04/03,9.60,9.69,9.10,9.18,5275505,159769376.00
2013/04/08,8.95,9.58,8.65,9.46,4027242,120824040.00
2013/04/09,9.38,9.81,9.35,9.63,3522154,110999360.00
2013/04/10,9.63,9.87,9.27,9.31,2494268,77381744.00
2013/04/11,9.36,9.52,9.07,9.13,4097540,122975640.00
2013/04/12,9.09,9.17,8.68,8.77,5915402,170780400.00
2013/04/15,8.54,8.76,8.49,8.64,4898939,138962128.00
2013/04/16,8.74,9.11,8.62,9.07,3144387,90935504.00
2013/04/17,9.11,9.24,8.97,9.19,3282609,97800368.00
2013/04/18,9.10,9.52,9.02,9.30,2373120,72069000.00
2013/04/19,9.19,9.85,9.19,9.72,4243844,132789016.00
2013/04/22,9.72,10.58,9.72,10.53,5075337,169078464.00
2013/04/23,10.60,10.72,10.34,10.48,5368339,182447376.00
2013/04/24,10.49,11.55,10.42,11.09,6934722,245446976.00
2013/04/25,11.07,11.64,10.81,11.49,6707612,245990032.00
2013/04/26,11.59,11.68,10.92,11.15,4506113,162234880.00
2013/05/02,10.90,11.35,10.72,10.93,3821738,136793712.00
2013/05/03,10.86,11.52,10.84,11.19,5819036,210754704.00
2013/05/06,11.28,11.65,11.06,11.47,3451637,127365392.00
2013/05/07,11.35,11.84,11.22,11.65,3322950,124005696.00
2013/05/08,11.81,12.56,11.64,12.51,4554959,176917664.00
2013/05/09,12.52,12.64,11.75,11.89,6837284,262532768.00
2013/05/10,11.91,12.51,11.59,12.13,6426165,247034000.00
2013/05/13,12.12,12.12,11.61,11.74,5175402,196079664.00
2013/05/14,11.75,12.02,11.51,11.58,5691630,213616352.00
2013/05/15,11.59,11.84,11.38,11.78,3856339,143855088.00
2013/05/16,11.72,12.01,11.53,11.82,5515363,208055888.00
2013/05/17,11.79,11.92,11.53,11.69,4406414,165459264.00
2013/05/20,11.69,11.90,11.35,11.52,4137290,153348112.00
2013/05/21,11.52,12.36,11.52,12.04,5413057,208326176.00
2013/05/22,12.09,12.29,11.85,12.18,3741995,144534896.00
2013/05/23,12.15,12.16,11.32,11.65,6934751,259699232.00
2013/05/24,11.78,11.84,11.47,11.60,3310644,121282576.00
2013/05/27,11.58,12.15,11.47,11.87,4564432,170655392.00
2013/05/28,11.88,12.03,11.71,11.94,2860970,106947592.00
2013/05/29,12.00,12.61,11.81,12.11,7503297,288373312.00
2013/05/30,11.99,12.07,11.81,11.93,3948128,148496192.00
2013/05/31,12.03,12.04,11.45,11.55,3997394,147167952.00
2013/06/03,11.54,11.54,11.06,11.16,4738484,168357648.00
2013/06/04,11.18,11.19,10.72,10.89,3694430,127394952.00
2013/06/05,10.87,10.87,10.48,10.84,7209409,244415232.00
2013/06/06,10.78,11.45,10.71,11.19,6330696,224868480.00
2013/06/07,11.16,11.45,10.90,11.34,4991676,178133744.00
2013/06/13,11.11,11.17,10.33,10.93,5565848,188018848.00
2013/06/14,10.88,11.25,10.58,11.06,3264086,114031456.00
2013/06/17,10.97,11.04,10.31,10.37,7471356,249273200.00
2013/06/18,10.29,11.09,10.29,11.08,5994313,204717952.00
2013/06/19,11.05,11.08,10.58,11.06,4225877,145579200.00
2013/06/20,10.96,10.96,10.51,10.61,5414540,182675360.00
2013/06/21,10.34,10.91,10.32,10.69,3974687,134336096.00
2013/06/24,10.84,10.84,9.88,10.20,5062217,166749952.00
2013/06/25,10.04,10.51,9.71,10.44,5286081,172146768.00
2013/06/26,10.54,10.88,10.44,10.83,4243732,144526176.00
2013/06/27,10.84,11.30,10.84,10.94,3980086,140495152.00
2013/06/28,10.98,11.30,10.88,11.18,3587874,127304128.00
2013/07/01,11.21,11.63,11.16,11.59,4488347,162338560.00
2013/07/02,11.66,12.00,11.61,11.82,6610575,246525168.00
2013/07/03,11.82,11.82,11.54,11.60,6077197,223573200.00
2013/07/04,11.58,11.77,11.16,11.57,5024513,182891136.00
2013/07/05,11.67,11.99,11.66,11.75,3600624,134211392.00
2013/07/08,11.54,11.82,11.32,11.52,2238347,81809872.00
2013/07/09,11.52,11.52,11.36,11.38,3069502,110934280.00
2013/07/10,11.38,11.54,11.18,11.51,2578897,92966568.00
2013/07/11,11.56,12.14,11.39,11.77,6359756,236486528.00
2013/07/12,11.81,11.83,11.34,11.39,5458539,198771984.00
2013/07/15,11.53,11.69,11.40,11.59,2792646,101965392.00
2013/07/16,11.59,11.78,11.58,11.71,3109080,114960848.00
2013/07/17,11.68,11.84,11.43,11.70,3412578,125687008.00
2013/07/18,11.70,11.70,11.28,11.29,3757461,135590976.00
2013/07/19,11.24,11.51,10.77,10.78,3695394,130482912.00
2013/07/22,10.70,11.11,10.59,11.08,2961551,102806200.00
2013/07/23,11.10,11.50,10.95,11.31,3429953,122461032.00
2013/07/24,11.66,12.50,11.66,12.32,11242988,435562848.00
2013/07/25,12.45,12.54,11.84,12.00,3457936,132501632.00
2013/07/26,12.01,12.11,11.50,11.76,3129832,116148560.00
2013/07/29,11.72,11.79,11.42,11.67,2313843,84820432.00
2013/07/30,11.78,12.15,11.39,11.88,4518644,168438656.00
2013/07/31,11.81,12.24,11.71,11.74,2487449,93974880.00
2013/08/01,11.87,12.02,11.63,11.90,2842175,106016632.00
2013/08/02,12.00,12.04,11.66,11.71,2807333,104740544.00
2013/08/05,11.63,12.12,11.54,12.08,3869903,144442272.00
2013/08/06,12.10,13.10,11.93,12.91,9287653,367901504.00
2013/08/07,12.83,13.58,12.73,13.02,5404220,222740224.00
2013/08/08,13.38,14.34,13.37,13.82,6828966,293900864.00
2013/08/09,13.78,14.24,13.38,14.11,3622298,157756512.00
2013/08/12,14.05,14.24,13.57,13.81,4330791,188239360.00
2013/08/13,13.81,13.87,13.24,13.52,3190333,135107088.00
2013/08/14,13.63,14.03,13.59,13.73,3664137,158934192.00
2013/08/15,13.67,13.68,13.30,13.33,2496855,105767240.00
2013/08/16,13.33,14.73,13.25,13.67,6028972,261892208.00
2013/08/19,13.79,13.90,13.44,13.85,2823283,121906128.00
2013/08/20,13.86,14.01,13.64,13.95,2913984,126093904.00
2013/08/21,13.94,13.96,13.64,13.84,3538854,152943888.00
2013/08/22,13.78,13.91,13.54,13.65,2467659,105993584.00
2013/08/23,13.72,14.15,13.61,14.01,3561582,155042672.00
2013/08/26,13.88,15.18,13.88,15.08,4260128,196032448.00
2013/08/27,14.97,15.05,14.65,14.91,2419507,112205272.00
2013/08/28,14.78,14.84,14.55,14.63,2007020,92296560.00
2013/08/29,14.61,14.85,14.51,14.63,1087761,49809096.00
2013/08/30,14.63,14.90,14.05,14.25,2630182,119919776.00
2013/09/02,14.44,14.75,14.17,14.65,1802779,81805432.00
2013/09/03,14.59,14.88,14.48,14.77,2467622,113262680.00
2013/09/04,14.58,15.19,14.44,14.79,3306571,153781856.00
2013/09/05,14.79,14.96,14.68,14.77,1495754,69312960.00
2013/09/06,14.77,14.94,14.48,14.66,1690401,77330424.00
2013/09/09,14.83,15.38,14.83,15.24,3108699,147600336.00
2013/09/10,15.24,15.27,14.88,15.05,1964933,91894200.00
2013/09/11,15.11,15.20,14.46,14.78,3181541,146363248.00
2013/09/12,14.77,15.24,14.65,14.84,2162279,101161296.00
2013/09/13,15.01,15.05,14.38,14.44,3205010,145746944.00
2013/09/16,14.43,14.94,14.43,14.85,3027202,139954272.00
2013/09/17,14.89,15.18,14.89,15.17,2518599,118507904.00
2013/09/18,15.26,15.43,14.88,15.30,2109526,99902536.00
2013/09/23,15.31,16.21,15.21,16.13,2680481,133301552.00
2013/09/24,15.80,16.61,15.80,16.18,2002182,101646920.00
2013/09/25,16.05,16.19,15.71,16.18,1863664,92273488.00
2013/09/26,16.05,16.05,15.26,15.67,2998332,146916096.00
2013/09/27,15.66,16.10,15.66,15.82,1570292,77765976.00
2013/09/30,15.84,16.51,15.84,16.40,2194271,111570136.00
2013/10/08,16.44,16.99,16.11,16.88,1916781,99707856.00
2013/10/09,16.84,16.99,16.42,16.62,2249347,116680648.00
2013/10/10,16.78,16.78,16.33,16.54,2590291,132996464.00
2013/10/11,16.51,16.88,16.33,16.73,2891282,149717376.00
2013/10/14,16.84,16.92,16.40,16.51,2131475,109803720.00
2013/10/15,16.52,16.68,16.26,16.42,2335619,119543816.00
2013/10/16,16.44,16.44,15.82,16.21,2174393,109371136.00
2013/10/17,16.21,16.47,16.01,16.10,1542602,77920832.00
2013/10/18,16.11,16.51,16.08,16.26,1821052,92329720.00
2013/10/21,16.34,16.69,15.98,16.69,3541261,179559776.00
2013/10/22,16.58,16.99,16.31,16.45,2334299,120367608.00
2013/10/23,16.58,16.68,16.01,16.24,1808600,91667760.00
2013/10/24,16.04,16.08,15.09,15.51,4688047,226537136.00
2013/10/25,15.27,15.28,13.89,13.90,11024426,492632864.00
2013/10/28,13.87,14.37,13.13,14.04,7157448,310892192.00
2013/10/29,13.94,14.26,13.46,14.07,3258554,141661472.00
2013/10/30,14.13,14.13,13.54,13.83,4281470,185665200.00
2013/10/31,13.73,13.78,12.88,13.40,4831521,201525440.00
2013/11/01,13.31,14.16,13.28,13.94,3878447,168699328.00
2013/11/04,13.95,14.20,13.71,13.80,1963827,85603000.00
2013/11/05,13.74,14.17,13.22,14.02,2832821,122086080.00
2013/11/06,14.05,14.05,12.63,12.78,5492883,227704608.00
2013/11/07,12.69,13.18,12.39,12.40,5706735,227887280.00
2013/11/08,12.42,13.15,12.38,12.91,6771206,275822560.00
2013/11/11,13.01,13.45,12.97,13.18,3617752,150007664.00
2013/11/12,13.14,13.31,12.60,12.87,3490531,140485440.00
2013/11/13,12.73,12.84,11.87,12.08,6332177,244076736.00
2013/11/14,12.06,12.51,11.86,12.28,3765112,145667296.00
2013/11/15,12.30,12.79,12.30,12.49,5062301,200557168.00
2013/11/18,12.64,13.61,12.64,13.42,5124222,210582608.00
2013/11/19,13.43,13.78,13.41,13.57,3359809,143594320.00
2013/11/20,13.70,13.93,13.32,13.64,2465860,104999584.00
2013/11/21,13.62,13.62,12.98,13.11,3281307,135359008.00
2013/11/22,13.32,13.58,12.98,13.35,2463491,103552784.00
2013/11/25,13.06,14.75,13.06,14.34,5421408,242876208.00
2013/11/26,14.34,15.03,14.21,14.71,2372600,108881096.00
2013/11/27,14.61,14.88,14.44,14.61,1661532,76239232.00
2013/11/28,14.70,15.03,14.34,14.55,2135919,97946616.00
2013/11/29,14.52,14.64,14.26,14.37,2674201,120585600.00
2013/12/02,13.86,14.64,13.85,14.18,2272109,101824040.00
2013/12/03,14.08,14.41,14.00,14.24,2154991,95705184.00
2013/12/04,14.26,14.51,14.12,14.38,3099905,139621120.00
2013/12/05,14.44,14.76,14.21,14.42,3118789,141489184.00
2013/12/06,14.56,15.11,14.56,14.93,4000080,186719520.00
2013/12/09,14.94,15.11,14.61,15.00,2555387,118317120.00
2013/12/10,14.99,15.38,14.76,14.82,2474844,116757744.00
2013/12/11,14.68,14.94,14.34,14.51,1970990,89811344.00
2013/12/12,14.44,14.71,14.32,14.65,1051080,47814000.00
2013/12/13,14.33,14.98,14.30,14.93,2095097,96353224.00
2013/12/16,14.73,14.76,14.08,14.38,3810335,170963408.00
2013/12/17,14.38,14.38,13.55,13.56,3165732,137315392.00
2013/12/18,13.61,13.70,12.91,13.41,3321676,138919440.00
2013/12/19,13.53,13.54,13.04,13.16,2248406,93861240.00
2013/12/20,13.34,13.34,11.78,12.13,3875923,156104208.00
2013/12/23,12.42,12.96,12.42,12.90,3276221,131297048.00
2013/12/24,12.90,13.81,12.90,13.74,3646974,155310496.00
2013/12/25,13.71,14.04,13.54,13.74,2421360,105137880.00
2013/12/26,13.55,13.70,13.04,13.19,3124838,129818888.00
2013/12/27,13.37,13.54,13.12,13.28,1788924,75159808.00
2013/12/30,13.34,13.46,13.03,13.09,2105184,86818040.00
2013/12/31,12.90,13.34,12.90,13.10,2977098,123033600.00
2014/01/02,13.11,13.78,13.11,13.76,2909345,123800496.00
2014/01/03,13.72,13.72,13.25,13.47,1781910,74962624.00
2014/01/06,13.41,13.41,12.94,13.04,2810052,114994392.00
2014/01/07,12.79,13.04,12.74,12.88,3579181,144497632.00
2014/01/08,12.88,13.21,12.77,12.97,3361785,136396896.00
2014/01/09,12.93,13.04,12.24,12.54,8395906,331506304.00
2014/01/10,12.38,12.67,11.99,12.63,5726618,222946768.00
2014/01/13,12.62,12.63,12.16,12.36,3470053,135060912.00
2014/01/14,11.71,12.29,11.06,12.28,9069228,336813728.00
2014/01/15,12.03,12.08,11.66,11.81,5326613,200186976.00
2014/01/16,11.71,11.71,11.21,11.33,7215728,259373920.00
2014/01/17,11.34,11.68,11.33,11.41,5612858,204502976.00
2014/01/20,11.41,11.41,10.94,11.13,3835791,135524752.00
2014/01/21,11.31,11.69,11.21,11.38,3739251,135485584.00
2014/01/22,11.38,11.74,11.38,11.72,5416139,198758576.00
2014/01/23,11.79,11.98,11.53,11.57,4256500,157446192.00
2014/01/24,11.51,11.61,11.34,11.52,5170516,187614880.00
2014/01/27,11.50,11.50,11.24,11.34,4386187,157205984.00
2014/01/28,11.38,11.84,11.38,11.77,5662430,207893312.00
2014/01/29,11.84,11.95,11.80,11.89,3643587,136649568.00
2014/01/30,11.88,11.88,11.38,11.56,4193188,153766112.00
2014/02/07,11.24,11.55,10.98,11.42,5494228,198144096.00
2014/02/10,11.47,12.21,11.44,11.97,5462112,205926080.00
2014/02/11,12.11,12.21,11.78,11.96,5659385,214208816.00
2014/02/12,11.99,12.14,11.76,11.90,5079977,190056336.00
2014/02/13,12.01,12.14,11.71,11.88,5635946,212622688.00
2014/02/14,11.89,12.00,11.77,11.94,3497640,131186488.00
2014/02/17,11.95,12.04,11.78,11.93,4025916,151200976.00
2014/02/18,11.93,11.93,11.44,11.55,5802867,212632512.00
2014/02/19,11.48,11.48,11.18,11.28,7450325,265605040.00
2014/02/20,11.26,11.44,11.11,11.12,5585936,199080352.00
2014/02/21,11.05,11.36,10.99,11.16,3946538,139119328.00
2014/02/24,11.01,11.01,10.38,10.46,6339167,213292256.00
2014/02/25,10.51,10.58,9.78,10.02,10581247,337282464.00
2014/02/26,9.86,10.06,9.60,9.87,7576931,237202000.00
2014/02/27,9.88,9.96,9.38,9.43,8879451,271833120.00
2014/02/28,9.43,9.81,9.27,9.67,5620854,171995440.00
2014/03/03,9.67,9.81,9.55,9.62,5492886,169157360.00
2014/03/04,9.56,9.56,9.10,9.21,8101456,240715392.00
2014/03/05,9.21,9.37,9.09,9.25,5756792,170205440.00
2014/03/06,9.26,9.33,8.91,9.07,6874880,199602496.00
2014/03/07,9.14,9.69,9.01,9.65,11114641,333493440.00
2014/03/10,9.54,10.26,9.45,9.99,16086823,508880544.00
2014/03/11,9.99,10.44,9.94,10.33,12282309,401925088.00
2014/03/12,10.33,10.54,9.87,10.17,6811132,219964480.00
2014/03/13,10.06,10.56,9.88,10.44,8885565,288372224.00
2014/03/14,10.35,10.47,10.16,10.20,5375607,175776416.00
2014/03/17,10.24,10.45,10.11,10.41,5121471,168183456.00
2014/03/18,10.40,10.43,10.17,10.23,4522285,147833088.00
2014/03/19,10.18,11.19,9.77,10.40,18072913,596934208.00
2014/03/20,10.04,10.24,9.54,9.57,10425034,331483264.00
2014/03/21,9.43,9.94,9.24,9.81,7508274,231344016.00
2014/03/24,9.81,10.54,9.61,10.53,13706836,445597856.00
2014/03/25,10.53,11.11,10.40,10.67,13854991,477420608.00
2014/03/26,10.67,10.79,10.33,10.62,7318213,245595408.00
2014/03/27,10.76,10.84,10.43,10.57,6631834,224749248.00
2014/03/28,10.58,10.77,10.29,10.33,5076748,168897760.00
2014/03/31,10.27,10.43,10.10,10.20,3877121,126997920.00
2014/04/01,10.16,10.26,10.04,10.25,4098276,132325000.00
2014/04/02,10.29,10.78,10.29,10.52,6363538,213337712.00
2014/04/03,10.45,10.84,10.41,10.57,5694762,192491440.00
2014/04/04,10.57,10.85,10.49,10.68,5506463,187741392.00
2014/04/08,10.68,11.46,10.63,11.45,12491155,442417920.00
2014/04/09,11.44,11.54,11.28,11.36,6019678,216782784.00
2014/04/10,11.34,11.64,11.21,11.41,6444914,233196544.00
2014/04/11,11.42,11.43,11.16,11.17,4572253,162728336.00
2014/04/14,11.11,11.81,11.11,11.69,8290385,304942496.00
2014/04/15,11.84,11.90,11.47,11.50,4599934,168689952.00
2014/04/16,11.47,11.54,11.21,11.36,4188491,150149760.00
2014/04/17,11.37,11.60,11.26,11.51,3174558,114941288.00
2014/04/18,11.34,11.35,10.72,10.84,12010041,415559968.00
2014/04/21,10.71,10.71,10.31,10.32,9857033,327635776.00
2014/04/22,10.30,10.44,10.01,10.36,6561383,212394192.00
2014/04/23,10.26,10.27,10.05,10.07,3310943,106714360.00
2014/04/24,10.07,10.42,10.05,10.28,4282817,140193984.00
2014/04/25,10.38,10.42,10.05,10.10,2385543,77651032.00
2014/04/28,10.19,10.19,9.85,9.91,4040902,128379808.00
2014/04/29,9.87,10.19,9.86,10.14,3094458,99434160.00
2014/04/30,10.19,10.53,10.08,10.31,3528382,116005088.00
2014/05/05,10.33,10.60,10.29,10.58,3755273,124995400.00
2014/05/06,10.58,10.68,10.40,10.45,2625068,87701728.00
2014/05/07,10.50,10.54,9.95,10.00,3942014,127070232.00
2014/05/09,8.94,8.94,8.94,8.94,2368900,67963744.00
2014/05/12,8.24,8.63,8.14,8.47,27710511,742958912.00
2014/05/13,8.37,8.78,8.24,8.71,12822211,349797472.00
2014/05/14,8.55,8.70,8.52,8.54,7038110,194696576.00
2014/05/15,8.54,8.58,8.22,8.29,7342397,196989280.00
2014/05/16,8.25,8.48,8.18,8.37,5074551,136700080.00
2014/05/19,8.37,8.41,8.11,8.27,6922391,184062768.00
2014/05/20,8.33,8.47,8.27,8.34,5391402,145329616.00
2014/05/21,8.34,8.86,8.24,8.84,9845995,273839200.00
2014/05/22,8.86,9.03,8.68,8.84,7265367,206733376.00
2014/05/23,8.91,8.95,8.79,8.91,3656815,101403256.00
2014/05/26,9.05,9.25,8.97,9.04,5112680,144506816.00
2014/05/27,9.05,9.17,8.96,9.04,3718548,105197904.00
2014/05/28,9.03,9.18,9.00,9.13,3485426,98922512.00
2014/05/29,9.13,9.30,9.13,9.24,5338416,153414848.00
2014/05/30,9.24,9.31,9.15,9.20,3731569,107207432.00
2014/06/03,9.20,9.25,8.85,9.01,4938339,138442480.00
2014/06/04,8.96,9.10,8.82,9.05,4102819,113923200.00
2014/06/05,9.00,9.18,8.99,9.10,2484904,70365280.00
2014/06/06,9.10,9.13,8.92,8.95,2740386,76682272.00
2014/06/09,8.68,8.68,8.16,8.41,11050866,290885568.00
2014/06/10,8.55,8.55,8.35,8.50,4907506,130081016.00
2014/06/11,8.50,8.58,8.42,8.54,5175610,137297728.00
2014/06/12,8.55,8.76,8.45,8.67,4178864,112713160.00
2014/06/13,8.62,8.78,8.58,8.70,6774685,183468784.00
2014/06/16,8.64,8.84,8.57,8.79,4881611,133343688.00
2014/06/17,8.77,8.77,8.60,8.65,3714286,100336552.00
2014/06/18,8.62,8.71,8.47,8.49,3582906,95354232.00
2014/06/19,8.48,8.52,8.31,8.39,2919786,76459568.00
2014/06/20,8.39,8.44,8.32,8.40,2097414,55016552.00
2014/06/23,8.40,8.42,8.32,8.36,3677222,96031512.00
2014/06/24,8.35,8.42,8.32,8.38,3703549,96877240.00
2014/06/25,8.38,8.38,8.06,8.17,4149806,106333472.00
2014/06/26,8.19,8.24,8.13,8.17,3805239,97492864.00
2014/06/27,8.17,8.18,7.94,8.10,7614974,191826224.00
2014/06/30,8.10,8.10,7.98,8.08,5621987,141387648.00
2014/07/01,8.09,8.18,8.04,8.16,4873543,124063096.00
2014/07/02,8.17,8.20,8.07,8.16,5784855,147127456.00
2014/07/03,8.16,8.19,8.05,8.14,11144529,283082976.00
2014/07/04,8.18,8.60,8.13,8.56,16122650,422521632.00
2014/07/07,8.57,8.70,8.40,8.51,9315955,248550848.00
2014/07/08,8.52,8.72,8.42,8.65,8916424,239718800.00
2014/07/09,8.62,8.63,8.40,8.43,7049266,186904784.00
2014/07/10,8.43,8.51,8.38,8.45,3428715,90344896.00
2014/07/11,8.42,8.71,8.39,8.45,8064753,215030144.00
2014/07/14,8.50,8.81,8.40,8.80,11168350,301994880.00
2014/07/15,8.75,8.83,8.58,8.73,6464073,175846528.00
2014/07/16,8.74,9.13,8.74,8.93,10145708,284142144.00
2014/07/17,8.93,9.31,8.84,9.21,11196915,319629984.00
2014/07/18,9.18,9.40,9.12,9.18,7534942,216324768.00
2014/07/21,9.17,9.18,8.88,8.93,6390635,179806752.00
2014/07/22,8.91,9.72,8.91,9.65,14433991,423895136.00
2014/07/23,9.50,9.98,9.41,9.66,10736782,324821376.00
2014/07/24,9.85,10.15,9.67,9.91,9338513,288391648.00
2014/07/25,9.98,10.18,9.72,9.90,5341209,164518640.00
2014/07/28,9.85,10.10,9.80,9.90,7664215,236742240.00
2014/07/29,9.90,10.10,9.64,9.98,10764626,331320800.00
2014/07/30,9.93,9.98,9.72,9.82,6303868,192456224.00
2014/07/31,9.77,9.91,9.67,9.90,4721734,143290528.00
2014/08/01,9.88,10.32,9.81,10.13,9867541,309885056.00
2014/08/04,10.13,10.75,10.08,10.74,8655312,282097952.00
2014/08/05,10.65,10.76,10.52,10.71,4644464,153181840.00
2014/08/06,10.68,10.90,10.43,10.71,6560240,216269424.00
2014/08/07,10.70,10.91,10.45,10.48,5197547,170833952.00
2014/08/08,10.45,10.64,10.39,10.61,4420324,144424512.00
2014/08/11,10.62,10.74,10.45,10.65,4725359,155934464.00
2014/08/12,10.64,10.71,10.50,10.62,3523235,115657344.00
2014/08/13,10.62,10.77,10.40,10.55,6135173,201148640.00
2014/08/14,10.45,10.45,9.92,9.97,10620627,335502976.00
2014/08/15,10.01,10.09,9.82,9.94,7943877,245187056.00
2014/08/18,9.95,10.05,9.94,9.99,4558768,141314288.00
2014/08/19,10.00,10.05,9.82,9.98,5766005,177626976.00
2014/08/20,9.98,10.00,9.82,9.89,4313348,132645216.00
2014/08/21,9.90,9.93,9.70,9.77,4237906,129170680.00
2014/08/22,9.77,10.01,9.66,10.00,6617154,203075520.00
2014/08/25,10.03,10.38,10.02,10.31,10063783,319148896.00
2014/08/26,10.31,10.38,10.06,10.12,5043498,160106336.00
2014/08/27,10.12,10.39,10.08,10.29,6727034,214907744.00
2014/08/28,10.29,10.36,10.10,10.19,3111239,98310096.00
2014/08/29,10.19,10.32,9.85,10.23,5543517,172414736.00
2014/09/01,10.20,10.42,9.99,10.21,4886258,154144736.00
2014/09/02,10.21,10.26,10.03,10.17,5795018,181874608.00
2014/09/03,10.16,10.54,10.16,10.48,10529999,340121632.00
2014/09/04,10.50,10.57,10.39,10.48,6459473,209971760.00
2014/09/05,10.47,10.70,10.39,10.65,7244747,238430624.00
2014/09/09,10.65,10.65,10.30,10.34,9617895,310307392.00
2014/09/10,10.32,10.32,10.10,10.30,4781487,151715648.00
2014/09/11,10.30,10.38,10.18,10.21,5376159,171128896.00
2014/09/12,10.22,10.31,10.19,10.27,5014328,159130288.00
2014/09/15,10.25,10.25,9.98,10.02,7555818,235812928.00
2014/09/16,10.02,10.06,9.82,9.82,6007816,184935552.00
2014/09/17,9.93,10.05,9.82,10.03,4490573,138805520.00
2014/09/18,10.02,10.03,9.85,9.94,4366327,134561216.00
2014/09/19,9.98,10.01,9.88,9.99,3500998,108023424.00
2014/09/22,10.00,10.15,9.95,10.10,6102144,190542512.00
2014/09/23,10.05,10.09,9.89,9.99,3658279,113387936.00
2014/09/24,9.95,10.08,9.87,10.04,4744921,147021360.00
2014/09/25,10.06,10.12,9.90,9.95,4092052,127325904.00
2014/09/26,9.92,9.94,9.84,9.84,3083407,94576960.00
2014/09/29,9.84,9.84,9.62,9.74,5676236,171310864.00
2014/09/30,9.74,9.80,9.65,9.79,4219317,127837112.00
2014/10/08,9.79,9.91,9.72,9.89,3988442,121777160.00
2014/10/09,10.03,10.54,10.03,10.42,13094394,421754400.00
2014/10/10,10.42,10.42,10.20,10.35,5318804,170243088.00
2014/10/13,10.35,10.35,10.15,10.30,4551541,144424320.00
2014/10/14,10.30,10.30,10.12,10.17,5205796,164546224.00
2014/10/15,10.15,10.15,9.94,10.02,4485502,139601776.00
2014/10/16,9.95,10.09,9.89,9.92,3429469,106232872.00
2014/10/17,9.85,10.15,9.82,10.05,3713994,115000832.00
2014/10/20,10.05,10.19,9.99,10.08,2847450,89149040.00
2014/10/21,10.08,10.10,9.85,9.86,3425618,106062752.00
2014/10/22,9.90,10.10,9.87,9.97,3323885,102917344.00
2014/10/23,10.02,10.09,9.82,10.07,4312550,133099824.00
2014/10/24,9.83,9.85,9.35,9.38,11183163,333907456.00
2014/10/27,9.36,9.65,8.85,9.57,6554064,190458256.00
2014/10/28,9.53,9.70,9.49,9.59,3624976,107877944.00
2014/10/29,9.59,9.73,9.57,9.64,3846972,115406704.00
2014/10/30,9.72,9.78,9.64,9.70,3761222,113525824.00
2014/10/31,9.70,9.90,9.65,9.86,4098983,125228760.00
2014/11/03,9.86,10.02,9.72,9.80,4559975,139914048.00
2014/11/04,10.10,10.50,10.08,10.13,8854609,280733792.00
2014/11/05,10.14,10.71,10.14,10.58,13312975,434411712.00
2014/11/06,10.61,10.70,10.30,10.43,6439067,208675136.00
2014/11/07,10.43,10.59,10.21,10.47,7003239,226271408.00
2014/11/10,10.45,10.72,10.37,10.55,6705926,219663776.00
2014/11/11,10.59,10.68,10.42,10.44,7034816,230175056.00
2014/11/12,10.48,10.65,10.47,10.58,3081867,100824952.00
2014/11/13,10.60,10.72,10.45,10.61,5113834,168079056.00
2014/11/14,10.58,10.65,10.17,10.25,5483825,176114368.00
2014/11/17,10.25,10.51,10.21,10.26,3470371,111560384.00
2014/11/18,10.22,10.45,10.17,10.36,2810771,89975168.00
2014/11/19,10.34,10.59,10.25,10.40,2944050,95060024.00
2014/11/20,10.25,10.39,10.14,10.22,3389624,107528520.00
2014/11/21,10.22,10.30,10.22,10.26,2539890,80870984.00
2014/11/24,10.32,10.82,10.30,10.78,10559118,347925536.00
2014/11/25,10.78,11.17,10.75,11.16,9201460,311056928.00
2014/11/26,11.17,11.48,10.92,11.08,6338451,218762096.00
2014/11/27,11.09,11.18,10.92,11.10,3973300,135726896.00
2014/11/28,11.10,11.92,10.92,11.79,10641815,381157280.00
2014/12/01,11.79,12.25,11.49,11.63,7552194,275645056.00
2014/12/02,11.54,12.48,11.54,12.29,9306993,350651104.00
2014/12/03,12.32,12.78,12.12,12.41,8341479,318841600.00
2014/12/04,12.46,12.75,12.39,12.52,6394391,247573904.00
2014/12/05,12.99,13.80,12.82,13.78,16540229,686292096.00
2014/12/08,13.54,14.15,13.36,13.82,10620997,448074912.00
2014/12/09,13.78,13.78,12.48,12.53,14715357,600304128.00
2014/12/10,12.58,13.75,12.58,13.50,8559288,347988416.00
2014/12/11,13.50,13.62,13.02,13.26,6550708,267875840.00
2014/12/12,13.27,13.54,12.95,13.08,5523151,224170736.00
2014/12/15,13.07,13.27,12.82,13.05,6173233,246411488.00
2014/12/16,13.05,13.07,12.75,12.87,5542958,219430272.00
2014/12/17,12.87,13.04,12.42,12.62,10580943,412783904.00
2014/12/18,12.62,12.78,12.37,12.45,8704548,336964928.00
2014/12/19,12.47,12.82,12.47,12.73,6616730,257961152.00
2014/12/22,12.74,12.95,12.42,12.84,9015114,350942080.00
2014/12/23,12.85,12.97,12.54,12.64,6200432,244026752.00
2014/12/24,12.64,12.80,11.95,12.09,9570455,361616608.00
2014/12/25,11.98,12.61,11.98,12.59,5552475,211522832.00
2014/12/26,12.61,12.74,12.32,12.66,5793319,223838064.00
2014/12/29,12.85,13.57,12.82,13.36,10801327,439254784.00
2014/12/30,13.28,13.67,13.05,13.40,7046094,290124928.00
2014/12/31,13.18,13.63,13.18,13.50,4117736,169903536.00
2015/01/05,13.50,14.73,13.38,14.56,11717403,512867168.00
2015/01/06,14.23,15.83,14.20,14.49,11223663,515204832.00
2015/01/07,14.65,14.65,13.62,13.96,8307256,356356928.00
2015/01/08,13.82,14.31,13.53,13.83,7468440,319257664.00
2015/01/09,13.87,14.51,13.87,13.92,8389501,365635200.00
2015/01/12,13.94,14.31,13.79,14.19,6577347,284496000.00
2015/01/13,14.22,14.75,14.22,14.57,5472247,244716080.00
2015/01/14,14.42,14.74,14.15,14.16,3803790,168084240.00
2015/01/15,13.98,14.25,13.52,14.02,4876945,207791632.00
2015/01/16,14.07,14.25,13.64,13.75,5382463,228332944.00
2015/01/19,13.32,13.61,12.65,12.79,6961835,280851264.00
2015/01/20,12.92,13.95,12.83,13.70,8904109,370874976.00
2015/01/21,13.81,14.27,13.46,14.11,5697998,245211376.00
2015/01/22,14.08,14.47,13.94,14.25,5305339,232555712.00
2015/01/23,14.31,14.69,14.21,14.35,5449245,243370768.00
2015/01/26,14.42,14.63,14.08,14.35,3489334,153392352.00
2015/01/27,14.82,15.65,14.63,15.03,7402897,342581344.00
2015/01/28,15.05,15.30,14.60,14.73,4373121,200647280.00
2015/01/29,14.58,14.65,14.25,14.56,3784755,167838000.00
2015/01/30,14.48,15.05,14.37,14.42,3538361,159131504.00
2015/02/02,14.25,14.71,14.25,14.58,3125547,139748624.00
2015/02/03,15.02,15.42,14.82,15.33,6695295,309637568.00
2015/02/04,15.65,16.11,15.28,15.31,4649930,222048080.00
2015/02/05,15.48,15.72,14.92,14.96,4883976,227655232.00
2015/02/06,15.57,16.15,15.54,15.77,10433670,507431904.00
2015/02/09,15.75,16.57,15.74,16.38,7642242,381058368.00
2015/02/10,16.15,16.65,16.06,16.43,5928868,298250528.00
2015/02/11,16.18,17.09,16.15,16.54,4461997,227744608.00
2015/02/12,16.54,16.65,16.15,16.54,3256392,163608864.00
2015/02/13,16.55,16.71,16.13,16.30,4769529,239078688.00
2015/02/16,15.98,16.48,15.69,16.29,3760382,185157680.00
2015/02/17,16.28,17.08,16.26,16.68,3013658,154224448.00
2015/02/25,16.82,16.82,15.84,16.32,3954352,196384608.00
2015/02/26,16.48,16.48,15.92,16.17,3682023,181320624.00
2015/02/27,16.19,16.32,15.92,15.98,3749758,183957328.00
2015/03/02,15.98,16.02,15.69,15.94,4396548,213685424.00
2015/03/03,15.95,16.02,15.71,15.74,4823972,234107440.00
2015/03/04,15.74,16.35,15.46,16.34,8869488,431821664.00
2015/03/05,16.37,16.37,15.45,15.65,8283537,398593056.00
2015/03/06,15.57,15.94,15.34,15.62,5095925,244018896.00
2015/03/09,15.70,15.88,15.35,15.80,5395214,258160368.00
2015/03/10,15.80,15.81,15.54,15.66,3105227,148970240.00
2015/03/11,15.67,15.80,15.42,15.60,3558181,170659456.00
2015/03/12,15.57,15.75,15.33,15.65,3868706,184311744.00
2015/03/13,15.65,16.22,15.52,16.08,6762646,331739424.00
2015/03/16,16.08,16.28,15.72,16.24,6312697,310098560.00
2015/03/17,16.26,16.38,16.09,16.36,4524343,225572512.00
2015/03/18,16.36,16.36,16.15,16.30,4548607,226250560.00
2015/03/19,16.52,16.61,16.28,16.34,5346997,268529344.00
2015/03/20,16.34,16.38,15.82,15.94,8872187,434586880.00
2015/03/23,16.38,16.93,16.31,16.88,12513955,638233472.00
2015/03/24,16.94,17.94,16.65,17.45,10594688,556881280.00
2015/03/25,17.17,17.48,16.95,17.25,7037737,370131808.00
2015/03/26,17.25,17.65,16.92,17.09,6221797,326934368.00
2015/03/27,17.09,17.17,16.73,16.96,3560699,184843456.00
2015/03/30,17.05,17.57,16.95,17.35,5547702,292901024.00
2015/03/31,17.51,17.81,16.92,16.99,6729724,358146848.00
2015/04/01,16.98,17.32,16.82,17.15,6134814,320439456.00
2015/04/02,17.15,17.30,16.58,16.79,9318806,477651872.00
2015/04/03,16.72,16.87,16.46,16.80,7525441,384008192.00
2015/04/07,16.82,18.27,16.82,18.25,14213906,768038464.00
2015/04/08,18.18,18.42,17.65,18.07,11064452,610255936.00
2015/04/09,18.08,18.16,17.08,17.82,6864053,368981824.00
2015/04/10,17.64,17.94,17.46,17.67,7975782,431002688.00
2015/04/13,17.59,17.98,17.18,17.94,9080461,487009408.00
2015/04/14,17.85,17.85,17.38,17.45,5639740,302241888.00
2015/04/15,17.35,18.10,17.22,17.55,6334274,340951584.00
2015/04/16,17.55,18.15,17.42,18.14,7119202,390920928.00
2015/04/17,18.25,19.10,18.25,18.49,8629128,489943200.00
2015/04/20,18.52,18.65,17.35,17.37,11430847,620325312.00
2015/04/21,17.35,18.12,17.32,17.98,8163145,443498464.00
2015/04/22,17.98,18.30,17.69,18.23,10357409,571149888.00
2015/04/23,18.22,19.48,17.98,19.04,16211534,940717184.00
2015/04/24,18.65,18.65,18.02,18.49,9230568,518321248.00
2015/04/27,18.45,18.67,18.00,18.55,11778516,658206528.00
2015/04/28,18.15,18.32,17.36,17.63,13336139,723285312.00
2015/04/29,17.64,17.85,17.32,17.74,7446282,401287168.00
2015/04/30,17.78,17.91,16.98,17.18,11133853,589888512.00
2015/05/04,17.02,17.53,17.02,17.27,5885748,311066784.00
2015/05/05,17.14,17.24,16.31,16.38,9328263,478391648.00
2015/05/06,16.65,16.80,16.25,16.34,8720514,439817568.00
2015/05/07,16.31,16.32,15.94,16.02,7392765,365586464.00
2015/05/08,16.18,16.37,16.02,16.28,8502050,421027552.00
2015/05/11,16.32,16.70,15.95,16.68,20959346,1037773184.00
2015/05/12,16.60,16.68,16.28,16.33,17905081,898412800.00
2015/05/13,16.32,16.32,15.72,15.84,21016152,1024167936.00
2015/05/14,15.74,16.05,15.52,15.65,18304301,883811072.00
2015/05/15,15.74,15.82,15.15,15.34,20252514,954508864.00
2015/05/18,15.37,15.87,15.36,15.54,19618963,940991168.00
2015/05/19,15.60,16.06,15.60,16.03,19943499,973404352.00
2015/05/20,16.18,16.29,15.85,15.92,20714656,1017525440.00
2015/05/21,15.89,16.11,15.70,16.10,19267882,935489664.00
2015/05/22,16.31,16.82,16.12,16.79,25468659,1279340800.00
2015/05/25,16.80,17.26,16.80,17.09,22662528,1180680192.00
2015/05/26,17.24,17.24,16.58,16.83,26559543,1342865408.00
2015/05/27,16.83,16.92,16.35,16.39,24175244,1205026048.00
2015/05/28,16.38,16.38,15.56,15.60,24848262,1195499392.00
2015/05/29,15.59,15.74,14.84,15.34,17054280,788572288.00
2015/06/01,15.32,15.90,15.16,15.87,22098025,1037337856.00
2015/06/02,15.78,15.83,15.29,15.61,23585140,1107589120.00
2015/06/03,15.61,16.09,15.42,15.84,21605099,1030252800.00
2015/06/04,15.85,16.11,15.11,15.67,27414752,1287274624.00
2015/06/05,15.77,16.03,15.66,15.91,30374536,1450674944.00
2015/06/08,16.08,16.62,16.04,16.56,40191291,1987177088.00
2015/06/09,16.68,16.68,16.11,16.23,25389294,1249181440.00
2015/06/10,16.08,16.27,15.75,16.13,20239062,978666560.00
2015/06/11,16.18,16.18,15.79,15.91,18224674,874126912.00
2015/06/12,15.98,16.07,15.79,15.91,16021232,769082816.00
2015/06/15,15.91,15.95,15.36,15.41,19057233,896229248.00
2015/06/16,15.23,15.37,15.09,15.29,12357750,568153984.00
2015/06/17,15.29,15.38,14.80,15.26,14730913,671899392.00
2015/06/18,15.31,15.31,14.15,14.17,16857673,750745088.00
2015/07/13,12.75,15.54,12.75,14.88,68492936,2952629504.00
2015/07/14,14.14,14.40,13.38,13.38,48082719,1994822528.00
2015/07/15,12.31,12.71,12.04,12.04,25436457,935632704.00
2015/07/16,12.04,12.04,10.82,11.34,29899029,1034107456.00
2015/07/17,11.34,12.23,11.34,11.98,25159071,892359296.00
2015/07/20,12.00,12.08,11.45,11.61,27426695,973223936.00
2015/07/21,11.42,11.84,11.26,11.78,21121168,736856832.00
2015/07/22,11.86,12.08,11.50,11.78,22518856,802906368.00
2015/07/23,11.77,12.97,11.59,12.75,37446276,1372844416.00
2015/07/24,12.51,13.14,12.34,12.75,42026888,1613352192.00
2015/07/27,12.37,12.67,11.47,11.47,24501779,896898368.00
2015/07/28,11.12,11.29,10.31,10.98,29930909,981739840.00
2015/07/29,11.18,11.28,10.52,11.25,27910647,919061440.00
2015/07/30,11.23,11.23,10.35,10.62,16270118,540816896.00
2015/07/31,10.44,10.99,10.40,10.91,20710159,671141440.00
2015/08/03,10.70,11.35,10.68,11.33,17470733,585862080.00
2015/08/04,11.35,11.57,11.02,11.52,15810370,542826880.00
2015/08/05,11.37,11.47,11.05,11.06,11259612,382928800.00
2015/08/06,10.85,11.32,10.72,10.94,9335319,312583968.00
2015/08/07,10.77,11.23,10.77,11.05,11008403,368100096.00
2015/08/10,11.07,11.55,11.07,11.46,16364167,559896000.00
2015/08/11,11.54,11.57,11.28,11.36,16022104,554665152.00
2015/08/12,11.25,11.35,11.01,11.05,11196142,378481216.00
2015/08/13,10.94,11.15,10.88,11.13,8566917,285499008.00
2015/08/14,11.13,11.20,10.95,11.09,11533251,386887488.00
2015/08/17,11.07,11.07,10.86,10.99,9607981,318525856.00
2015/08/18,11.00,11.27,9.92,10.12,15641606,509648320.00
2015/08/19,9.91,10.24,9.56,10.21,14110470,426338656.00
2015/08/20,10.10,10.18,9.73,9.79,9510983,286812288.00
2015/08/21,9.59,9.77,9.02,9.08,13490449,383510464.00
2015/08/24,8.59,8.78,8.16,8.16,21608753,539987584.00
2015/08/25,7.58,7.96,7.34,7.34,16956850,388704928.00
2015/08/26,7.46,7.87,7.05,7.51,17007532,388440192.00
2015/08/27,7.65,8.18,7.50,8.16,14959437,352738880.00
2015/08/28,8.23,8.65,8.18,8.49,17777565,451135392.00
2015/08/31,8.92,9.34,8.73,9.34,24685516,673353408.00
2015/09/01,9.22,9.41,8.56,9.37,26331685,724730496.00
2015/09/02,8.83,9.70,8.80,9.66,23724153,674474432.00
2015/09/07,9.53,9.75,8.82,8.89,17321484,490589088.00
2015/09/08,8.78,9.35,8.66,9.25,12320299,337757344.00
2015/09/09,9.25,9.64,9.18,9.39,14352396,409730880.00
2015/09/10,9.25,9.68,9.22,9.41,10165156,292563616.00
2015/09/11,9.42,9.58,9.30,9.43,6635720,189709920.00
2015/09/14,9.52,9.58,8.68,9.05,12575712,347576352.00
2015/09/15,8.94,8.94,8.23,8.25,8446424,220205792.00
2015/09/16,8.31,9.08,8.24,8.92,7687616,200110656.00
2015/09/17,8.92,9.25,8.77,8.82,8655406,236603264.00
2015/09/18,8.92,9.03,8.56,8.69,7477231,198170816.00
2015/09/21,8.58,9.25,8.50,9.20,8183774,220766064.00
2015/09/22,9.23,9.28,9.09,9.21,7131901,198756256.00
2015/09/23,9.12,9.27,8.86,9.18,8724334,239846592.00
2015/09/24,9.18,9.74,9.18,9.62,13758007,396299872.00
2015/09/25,9.52,9.58,9.12,9.25,9334576,264721216.00
2015/09/28,9.22,10.04,9.22,9.88,16113790,473206080.00
2015/09/29,9.65,9.92,9.54,9.83,11692435,343964416.00
2015/09/30,10.41,10.83,10.05,10.83,24748617,782864448.00
2015/10/08,11.91,11.92,11.59,11.78,27763646,991069696.00
2015/10/09,11.73,11.85,11.45,11.70,15959356,560803008.00
2015/10/12,11.85,12.65,11.68,12.34,25339534,925133760.00
2015/10/13,12.43,13.49,12.34,13.19,33079695,432888544.00
2015/10/14,12.27,12.73,12.20,12.21,72772028,903005568.00
2015/10/15,12.06,12.35,11.76,12.27,51840563,625879808.00
2015/10/16,12.30,12.35,11.86,12.06,47390964,571457152.00
2015/10/19,12.06,12.74,11.86,12.63,66616615,819506112.00
2015/10/20,12.54,12.54,12.15,12.39,49995704,614965888.00
2015/10/21,12.29,12.32,11.25,11.36,60191113,713314816.00
2015/10/22,11.33,11.75,11.26,11.70,34378655,397663520.00
2015/10/23,11.80,12.08,11.80,12.02,37921693,454031616.00
2015/10/26,12.24,12.49,12.02,12.29,49966295,612914560.00
2015/10/27,12.16,12.16,11.71,12.07,32335349,386543360.00
2015/10/28,12.08,12.13,11.70,11.77,29172900,346721920.00
2015/10/29,11.90,11.98,11.76,11.88,19499954,231637120.00
2015/10/30,11.86,11.86,11.57,11.69,19835431,231888224.00
2015/11/02,11.43,11.94,11.36,11.69,24406158,287422336.00
2015/11/03,11.66,11.82,11.60,11.72,15860570,185226160.00
2015/11/04,11.75,12.07,11.70,12.05,35519258,423809920.00
2015/11/05,12.07,12.49,12.02,12.23,61932776,759777472.00
2015/11/06,12.20,12.44,12.02,12.30,40299192,494822240.00
2015/11/09,12.30,12.48,12.12,12.28,47772819,586814592.00
2015/11/10,12.24,12.25,11.99,12.15,42479386,513709440.00
2015/11/11,12.15,12.25,12.03,12.17,28635302,347474464.00
2015/11/12,12.23,12.25,12.03,12.09,27859591,337271296.00
2015/11/13,12.05,12.87,12.03,12.54,77651761,970624640.00
2015/11/16,12.36,12.38,12.11,12.36,38448959,471000384.00
2015/11/17,12.39,12.48,12.21,12.24,41424457,511439584.00
2015/11/18,12.43,12.43,12.13,12.21,22995913,281574912.00
2015/11/19,12.24,12.54,12.17,12.51,37450350,462497216.00
2015/11/20,12.51,13.49,12.30,13.34,90231093,1177917056.00
2015/11/23,13.23,14.38,13.15,13.90,80647200,1118288000.00
2015/11/24,13.93,14.18,13.40,13.65,41741768,567712576.00
2015/11/25,13.58,13.58,13.40,13.54,33104867,446249984.00
2015/11/26,13.65,13.67,13.11,13.13,41764047,555233728.00
2015/11/27,13.00,13.45,12.15,12.28,43933012,564734080.00
2015/11/30,12.15,12.39,11.50,12.21,34337951,413473152.00
2015/12/01,12.20,12.30,11.99,12.17,21864895,264658768.00
2015/12/02,12.17,13.14,12.06,12.83,40801988,518465408.00
2015/12/03,12.83,12.87,12.54,12.80,27288088,345862912.00
2015/12/04,12.75,12.75,12.44,12.52,23583498,295829888.00
2015/12/07,12.55,12.66,12.35,12.54,19439246,242814192.00
2015/12/08,12.46,12.46,12.14,12.19,17881477,219212672.00
2015/12/09,12.08,12.70,12.07,12.46,28296871,351240384.00
2015/12/10,12.40,12.50,12.10,12.15,26442951,324007456.00
2015/12/11,12.13,12.30,12.03,12.08,16470428,199441200.00
2015/12/14,12.00,12.27,11.90,12.25,22093080,267705344.00
2015/12/15,12.26,12.36,12.07,12.17,21917860,266666480.00
2015/12/16,12.19,12.23,12.02,12.08,26532120,320613344.00
2015/12/17,12.11,12.26,12.08,12.22,31567790,384676768.00
2015/12/18,12.22,12.27,12.07,12.16,26121085,317733824.00
2015/12/21,12.16,12.48,12.11,12.35,37108896,457288064.00
2015/12/22,12.36,12.54,12.22,12.33,29902989,369487744.00
2015/12/23,12.34,12.55,12.20,12.43,42140394,520137856.00
2015/12/24,12.33,12.40,12.10,12.16,28284711,345102944.00
2015/12/25,12.18,12.25,12.05,12.14,22119974,268156848.00
2015/12/28,12.18,12.24,12.01,12.05,24284481,294007584.00
2015/12/29,12.00,12.11,11.98,12.08,13324426,160462768.00
2015/12/30,12.09,12.14,12.01,12.10,15047062,181946016.00
2015/12/31,12.10,12.13,12.02,12.04,12811531,154695200.00
2016/01/04,12.00,12.07,10.91,10.97,20254385,233992704.00
2016/01/05,10.78,11.40,10.35,11.22,28101994,306788992.00
2016/01/06,11.22,11.45,11.17,11.42,17155007,195034720.00
2016/01/07,11.30,11.30,10.41,10.50,4577714,49540436.00
2016/01/08,10.75,11.05,9.97,10.67,22011546,234272608.00
2016/01/11,10.47,10.56,9.90,9.94,23423939,238535488.00
2016/01/12,10.00,10.14,9.71,9.95,15356276,152573696.00
2016/01/13,10.00,10.14,9.71,9.72,14414964,143426528.00
2016/01/14,9.52,9.97,9.45,9.95,15372564,149338608.00
2016/01/15,9.95,9.95,9.50,9.55,12466837,120758704.00
2016/01/18,9.45,9.69,9.38,9.58,12302345,117661560.00
2016/01/19,9.61,9.85,9.51,9.83,14878741,144537312.00
2016/01/20,9.84,9.85,9.60,9.63,14831601,143929536.00
2016/01/21,9.50,9.73,9.24,9.26,13158065,124847104.00
2016/01/22,9.36,9.46,9.16,9.34,9214654,85787064.00
2016/01/25,9.43,9.46,9.30,9.37,9240637,86719152.00
2016/01/26,9.30,9.30,8.43,8.45,22386864,198509168.00
2016/01/27,8.48,8.60,7.88,8.35,20767153,170177360.00
2016/01/28,8.26,8.35,8.00,8.01,11578845,94528112.00
2016/01/29,7.94,8.47,7.60,8.34,32936773,264524672.00
2016/02/01,8.25,8.26,7.86,7.99,21624597,174045040.00
2016/02/02,8.00,8.20,7.90,8.14,16868505,136778768.00
2016/02/03,8.04,8.09,7.90,8.04,12263181,97916432.00
2016/02/04,8.09,8.22,8.06,8.13,17345853,141113280.00
2016/02/05,8.14,8.15,8.01,8.06,12246465,98952576.00
2016/02/15,7.79,8.02,7.69,7.94,11615299,91441208.00
2016/02/16,8.00,8.25,8.00,8.25,17418860,142524576.00
2016/02/17,8.24,8.70,8.16,8.60,27892167,234258336.00
2016/02/18,8.63,8.66,8.46,8.47,23162481,197642096.00
2016/02/19,8.48,8.69,8.43,8.54,15265695,130549952.00
2016/02/22,8.66,9.39,8.66,9.19,40146750,365795424.00
2016/02/23,9.21,9.29,8.90,9.02,22948566,207190352.00
2016/02/24,9.00,9.15,8.91,9.10,17879533,161651552.00
2016/02/25,9.15,9.29,8.24,8.35,33644001,296623776.00
2016/02/26,8.41,8.56,8.22,8.50,17585170,148052128.00
2016/02/29,8.28,8.45,7.85,8.21,21334605,172129904.00
2016/03/01,8.25,8.32,8.01,8.18,18002083,146928208.00
2016/03/02,8.21,8.56,8.18,8.55,22664904,190704816.00
2016/03/03,8.56,8.75,8.51,8.69,23038968,198676400.00
2016/03/04,8.73,8.96,8.42,8.82,36824796,323386016.00
2016/03/07,9.08,9.09,8.73,8.85,22030434,195630480.00
2016/03/08,8.90,8.91,8.45,8.85,18589188,160709248.00
2016/03/09,8.65,8.74,8.50,8.71,13842415,119413408.00
数据来源:通达信
