600418 江淮汽车 日线 前复权
      日期	    开盘	    最高	    最低	    收盘	    成交量	    成交额
2011/01/04,9.84,9.88,9.46,9.76,30171486,315414688.00
2011/01/05,9.69,9.96,9.50,9.83,26969699,281156352.00
2011/01/06,9.71,10.06,9.71,9.90,16685392,178851776.00
2011/01/07,10.00,10.41,9.91,10.11,29670267,325352832.00
2011/01/10,10.20,10.44,9.78,9.91,23460442,257988240.00
2011/01/11,9.90,10.17,9.63,10.15,13277595,142198272.00
2011/01/12,10.11,10.45,9.96,10.36,24371052,269869952.00
2011/01/13,10.36,10.55,10.21,10.26,22572947,252985856.00
2011/01/14,10.19,10.26,10.03,10.17,12333877,135178048.00
2011/01/17,10.02,10.11,9.37,9.40,19885717,208501776.00
2011/01/18,9.40,9.46,9.18,9.35,13729799,138101488.00
2011/01/19,9.32,9.64,9.27,9.62,11384241,117267336.00
2011/01/20,9.72,9.92,9.30,9.35,14541986,151782272.00
2011/01/21,9.21,9.92,9.14,9.90,19906649,205932416.00
2011/01/24,9.80,10.01,9.56,9.61,17004925,180600048.00
2011/01/25,9.59,9.76,9.37,9.73,9974877,103465392.00
2011/01/26,9.71,10.05,9.66,9.99,13163273,141378032.00
2011/01/27,9.90,10.57,9.73,10.50,39766923,444671552.00
2011/01/28,10.46,11.01,10.41,10.88,31590953,367129184.00
2011/01/31,10.88,11.11,10.72,11.03,18161042,213301600.00
2011/02/01,11.00,11.05,10.82,10.90,9480192,111048440.00
2011/02/09,10.76,10.91,10.56,10.63,16349492,187958608.00
2011/02/10,10.66,11.57,10.62,11.51,31405923,377947776.00
2011/02/11,11.51,11.99,11.37,11.77,36284755,456965600.00
2011/02/14,11.86,12.16,11.71,11.80,29901711,379811936.00
2011/02/15,11.89,12.37,11.87,11.89,36025424,466532576.00
2011/02/16,11.79,12.31,11.75,12.21,24008796,310837952.00
2011/02/17,12.31,12.39,11.99,12.39,39017415,508262208.00
2011/02/18,12.41,12.41,12.06,12.07,12743451,165132640.00
2011/02/21,11.95,12.21,11.91,12.15,19229593,247349264.00
2011/02/22,12.15,12.15,11.21,11.25,32817610,407041856.00
2011/02/23,11.21,11.37,10.98,11.19,22316216,266500128.00
2011/02/24,11.12,11.55,11.06,11.31,14881916,180530192.00
2011/02/25,11.31,11.68,11.23,11.64,15993547,197051248.00
2011/02/28,11.62,12.39,11.58,12.34,33433509,431892896.00
2011/03/01,12.36,12.64,12.13,12.20,28571092,377524032.00
2011/03/02,12.08,12.44,11.92,12.42,22300590,288462112.00
2011/03/03,12.46,13.22,12.41,12.95,60372665,830159424.00
2011/03/04,12.86,13.09,12.77,13.03,20139413,276815232.00
2011/03/07,13.09,13.18,12.81,13.04,22314896,306958432.00
2011/03/08,13.01,13.36,12.91,13.24,23154373,322818912.00
2011/03/09,13.17,13.31,12.91,12.96,13834991,191777728.00
2011/03/10,12.84,12.84,12.46,12.47,18024170,241303328.00
2011/03/11,12.82,12.82,12.44,12.47,11938663,160299728.00
2011/03/14,12.41,12.76,12.29,12.63,14129363,189017216.00
2011/03/15,12.53,12.65,11.85,12.47,28203534,364775520.00
2011/03/16,12.26,12.66,12.26,12.59,12963887,172345008.00
2011/03/17,12.51,12.67,12.28,12.48,12320373,163551856.00
2011/03/18,12.59,13.09,12.54,12.81,22676020,309888320.00
2011/03/21,12.81,13.31,12.73,12.97,19032644,263258192.00
2011/03/22,13.01,13.42,12.83,13.40,35840714,503080480.00
2011/03/23,13.43,13.55,13.31,13.47,20800901,296624800.00
2011/03/24,13.42,13.69,13.22,13.48,18988681,271891776.00
2011/03/25,13.46,13.90,13.46,13.74,22052194,320346496.00
2011/03/28,13.77,13.86,13.11,13.20,26532096,376483104.00
2011/03/29,13.14,13.30,12.65,12.72,23160719,318786976.00
2011/03/30,12.72,12.87,12.48,12.78,12697935,170976768.00
2011/03/31,12.84,12.85,12.24,12.32,11836621,157501936.00
2011/04/01,12.31,12.64,12.29,12.61,9881767,130993288.00
2011/04/06,12.62,12.78,12.00,12.28,25230752,328072192.00
2011/04/07,12.21,12.28,11.69,11.76,43566219,549700608.00
2011/04/08,11.76,12.64,11.76,12.48,32706368,424911296.00
2011/04/11,12.47,12.87,12.31,12.65,29025000,389673344.00
2011/04/13,12.59,12.59,12.01,12.49,20145424,263134000.00
2011/04/14,12.51,12.56,12.21,12.25,12155756,160229072.00
2011/04/15,12.25,12.64,11.89,12.60,23565905,308217280.00
2011/04/18,12.41,12.53,12.00,12.17,25099426,325311104.00
2011/04/19,12.09,12.09,11.56,11.68,25369144,317716416.00
2011/04/20,11.76,11.84,11.49,11.71,15993245,199148832.00
2011/04/21,11.76,11.91,11.60,11.72,18154907,226940992.00
2011/04/22,11.67,11.68,11.22,11.40,28529409,347585664.00
2011/04/25,11.49,11.49,10.97,11.02,26377772,313216544.00
2011/04/26,11.02,11.20,10.99,11.10,11941566,141882592.00
2011/04/27,11.15,11.25,10.89,10.96,10803195,128127208.00
2011/04/28,11.03,11.21,10.76,10.98,11717387,137993840.00
2011/04/29,10.96,11.23,10.94,11.15,11951380,142023696.00
2011/05/03,11.16,11.19,10.69,10.88,26502992,308264096.00
2011/05/04,10.83,10.83,10.18,10.26,22791732,254624976.00
2011/05/05,10.29,10.37,10.02,10.34,11079162,121538120.00
2011/05/06,10.21,10.45,10.12,10.34,11707244,129780512.00
2011/05/09,10.30,10.51,10.28,10.36,11021857,123027712.00
2011/05/10,10.40,10.42,10.22,10.32,7730657,85697560.00
2011/05/11,10.34,10.35,10.07,10.15,11308954,124036048.00
2011/05/12,10.01,10.08,9.91,9.94,9967659,107570560.00
2011/05/13,9.96,10.17,9.94,10.15,8836629,95716288.00
2011/05/16,10.15,10.23,9.97,10.01,9041683,98105176.00
2011/05/17,9.97,10.31,9.94,10.22,10422394,114058784.00
2011/05/18,10.20,10.46,10.14,10.39,16052128,179048992.00
2011/05/19,10.43,10.44,10.27,10.31,7121216,79161144.00
2011/05/20,10.33,10.35,10.11,10.19,5114556,55114592.00
2011/05/23,10.18,10.18,9.62,9.64,9803425,102468040.00
2011/05/24,9.61,9.78,9.54,9.69,8330465,85205624.00
2011/05/25,9.67,9.72,9.42,9.48,5657029,57514328.00
2011/05/26,9.56,9.62,9.42,9.44,4560077,46087984.00
2011/05/27,9.45,9.54,9.18,9.26,7762019,77507752.00
2011/05/30,9.25,9.29,8.91,8.97,10656924,103647616.00
2011/05/31,8.96,9.42,8.72,9.41,17946714,173260272.00
2011/06/01,9.33,9.74,9.26,9.55,17246534,174662944.00
2011/06/02,9.40,9.56,9.15,9.35,12545644,125089616.00
2011/06/03,9.37,9.78,9.36,9.58,12511574,127698568.00
2011/06/07,9.56,9.68,9.45,9.58,6741929,68740400.00
2011/06/08,9.58,9.71,9.45,9.66,8079535,82184168.00
2011/06/09,9.61,9.65,9.22,9.25,10036546,100477992.00
2011/06/10,9.15,9.46,9.15,9.43,9067500,89915944.00
2011/06/13,9.34,9.46,9.11,9.37,5553900,54845600.00
2011/06/14,9.36,9.90,9.31,9.80,18257235,188024448.00
2011/06/15,9.79,10.09,9.71,9.73,14101464,147846032.00
2011/06/16,9.65,9.94,9.61,9.72,8629557,89377392.00
2011/06/17,9.72,9.81,9.40,9.42,9416878,95491872.00
2011/06/20,9.42,9.52,9.21,9.34,5780797,57634144.00
2011/06/21,9.37,9.94,9.31,9.91,19238123,198374192.00
2011/06/22,9.91,10.04,9.80,9.88,12083844,127102864.00
2011/06/23,9.82,10.51,9.68,10.31,26939636,289869376.00
2011/06/24,10.27,10.92,10.23,10.47,48309029,543467904.00
2011/06/27,10.53,10.77,10.43,10.60,15094222,169291328.00
2011/06/28,10.61,10.63,10.33,10.50,13545391,149635584.00
2011/06/29,10.50,10.73,10.39,10.43,12531500,139644848.00
2011/06/30,10.43,10.70,10.41,10.52,12563287,139798640.00
2011/07/01,10.52,10.73,10.43,10.58,13646374,152596112.00
2011/07/04,10.82,11.16,10.75,11.01,25688265,296736768.00
2011/07/05,10.98,11.05,10.87,10.94,11316875,130493472.00
2011/07/06,10.90,10.90,10.71,10.79,10346097,117543432.00
2011/07/07,10.73,10.94,10.41,10.52,16099085,182430416.00
2011/07/08,10.50,10.66,10.22,10.39,17621001,193708240.00
2011/07/11,10.34,10.71,10.32,10.62,16763322,186169568.00
2011/07/13,10.35,10.55,10.28,10.53,23093021,254054112.00
2011/07/14,10.50,10.50,10.18,10.36,22345653,244157264.00
2011/07/15,10.27,10.36,10.11,10.23,19319655,208685440.00
2011/07/18,10.26,10.40,10.21,10.29,10936559,119134920.00
2011/07/19,10.25,10.26,9.80,9.81,24253601,254644288.00
2011/07/20,9.88,9.94,9.69,9.84,9363566,97410616.00
2011/07/21,9.83,9.84,9.66,9.69,8948113,92227168.00
2011/07/22,9.72,9.75,9.57,9.61,11941116,122311624.00
2011/07/25,9.55,9.55,9.10,9.16,15764621,156106288.00
2011/07/26,9.19,9.29,9.15,9.29,6918655,67970784.00
2011/07/27,9.28,9.49,9.08,9.48,10423233,102950120.00
2011/07/28,9.34,9.36,9.16,9.30,7269483,71622760.00
2011/07/29,9.31,9.35,9.11,9.20,6107659,59964352.00
2011/08/01,9.21,9.44,9.13,9.35,7613670,75580184.00
2011/08/02,9.30,9.30,9.00,9.25,12451933,120763536.00
2011/08/03,9.11,9.25,9.02,9.08,12608642,122344112.00
2011/08/04,9.13,9.24,9.01,9.08,11430632,110759312.00
2011/08/05,8.79,9.14,8.68,9.04,17000209,162461376.00
2011/08/09,8.31,8.67,8.08,8.53,19715323,176049248.00
2011/08/10,8.63,8.68,8.37,8.43,31714638,287038336.00
2011/08/11,8.15,8.38,8.09,8.34,15713320,138895600.00
2011/08/12,8.41,8.47,8.33,8.36,11913767,107100760.00
2011/08/15,8.36,8.51,8.30,8.50,13627965,122730920.00
2011/08/16,8.52,8.53,8.32,8.33,10957878,98689440.00
2011/08/17,8.31,8.36,8.21,8.24,7513246,66769144.00
2011/08/18,8.22,8.26,7.99,7.99,11276278,98019640.00
2011/08/19,7.76,7.86,7.67,7.75,10476578,87532400.00
2011/08/22,7.77,7.93,7.64,7.70,8399739,70387744.00
2011/08/23,7.73,7.88,7.72,7.87,7188948,60370960.00
2011/08/24,7.89,7.99,7.75,7.76,7513748,63550344.00
2011/08/25,7.77,8.03,7.68,7.99,16505138,139527520.00
2011/08/26,7.91,8.15,7.89,8.08,12454595,107138920.00
2011/08/29,8.01,8.02,7.84,7.89,9454770,80298248.00
2011/08/30,7.96,8.00,7.72,7.75,12336051,104438280.00
2011/08/31,7.75,7.77,7.63,7.71,7331633,60652528.00
2011/09/01,7.73,7.78,7.58,7.60,8669166,71634448.00
2011/09/02,7.60,7.60,7.46,7.49,7107773,57616344.00
2011/09/05,7.48,7.62,7.43,7.51,9854634,79951440.00
2011/09/06,7.42,7.50,7.20,7.29,11970416,94920312.00
2011/09/07,7.32,7.46,7.29,7.45,7274541,58069960.00
2011/09/08,7.49,7.51,7.29,7.31,6267566,50114548.00
2011/09/09,7.31,7.42,7.23,7.27,5053858,39936384.00
2011/09/13,7.16,7.20,7.09,7.16,4441026,34302764.00
2011/09/14,7.20,7.35,7.11,7.33,7521282,58843452.00
2011/09/15,7.29,7.58,7.28,7.38,10413770,83859376.00
2011/09/16,7.44,7.50,7.30,7.33,5814780,46341864.00
2011/09/19,7.31,7.33,7.16,7.18,5669219,44142240.00
2011/09/20,7.12,7.31,7.12,7.26,5119254,40006820.00
2011/09/21,7.26,7.58,7.17,7.55,13688204,109907464.00
2011/09/22,7.47,7.53,7.22,7.23,9975353,79446352.00
2011/09/23,7.10,7.31,7.01,7.23,6144058,47650268.00
2011/09/26,7.16,7.47,7.16,7.29,12538206,99637856.00
2011/09/27,7.34,7.87,7.34,7.79,34003076,280467232.00
2011/09/28,7.79,7.80,7.61,7.75,16950782,140613040.00
2011/09/29,7.66,8.02,7.65,7.77,23934412,201654208.00
2011/09/30,7.77,7.94,7.75,7.86,13356798,112651512.00
2011/10/10,7.86,7.94,7.40,7.49,13382776,109844800.00
2011/10/11,7.71,7.76,7.03,7.23,17208362,137695520.00
2011/10/12,7.11,7.61,6.99,7.58,15825043,126575328.00
2011/10/13,7.52,7.81,7.47,7.75,16391004,134932128.00
2011/10/14,7.69,7.77,7.53,7.60,10674395,88021040.00
2011/10/17,7.63,7.68,7.49,7.61,7724108,63168168.00
2011/10/18,7.54,7.55,7.14,7.16,12079504,95334008.00
2011/10/19,7.21,7.26,6.98,7.03,11950323,91514152.00
2011/10/20,6.99,6.99,6.65,6.72,10350221,76293392.00
2011/10/21,6.72,6.80,6.53,6.54,7258616,52552300.00
2011/10/24,6.61,6.73,6.46,6.70,10316357,74077016.00
2011/10/25,6.60,6.63,6.06,6.57,33365641,234604816.00
2011/10/26,6.41,6.64,6.37,6.53,24999300,177582272.00
2011/10/27,6.53,6.65,6.50,6.57,12919762,92599464.00
2011/10/28,6.63,6.86,6.59,6.84,22252606,162219472.00
2011/10/31,6.84,6.89,6.66,6.70,17453075,127656744.00
2011/11/01,6.61,6.90,6.57,6.79,20381780,149794736.00
2011/11/02,6.65,6.79,6.52,6.75,20205813,146006912.00
2011/11/03,6.77,7.03,6.72,6.91,32074297,239684880.00
2011/11/04,6.93,7.04,6.85,7.00,23120677,174530480.00
2011/11/07,6.97,7.10,6.88,6.91,16283957,123549608.00
2011/11/08,6.82,7.05,6.82,6.97,13080519,98035952.00
2011/11/09,7.06,7.16,6.89,7.01,23728964,181013232.00
2011/11/10,6.89,6.91,6.62,6.65,17754516,130766352.00
2011/11/11,6.67,6.71,6.56,6.60,10781527,77798096.00
2011/11/14,6.66,6.86,6.66,6.78,12540090,92333120.00
2011/11/15,6.81,6.98,6.75,6.90,14783839,110256608.00
2011/11/16,6.87,6.88,6.63,6.64,10236815,74780248.00
2011/11/17,6.64,6.72,6.59,6.63,5090985,36870812.00
2011/11/18,6.57,6.58,6.39,6.42,8590720,60703648.00
2011/11/21,6.39,6.66,6.38,6.52,8527652,60912292.00
2011/11/23,6.49,6.50,6.34,6.35,6028061,42158728.00
2011/11/24,6.22,6.31,6.14,6.24,5487702,37342984.00
2011/11/25,6.24,6.25,6.08,6.09,5574449,37552456.00
2011/11/28,6.12,6.25,6.09,6.11,4227097,28494588.00
2011/11/29,6.21,6.26,6.11,6.25,6626526,44914192.00
2011/11/30,6.22,6.23,5.81,5.86,9167510,60327016.00
2011/12/01,6.03,6.11,5.91,5.98,10905033,72086080.00
2011/12/02,5.91,5.94,5.77,5.78,6703073,43133244.00
2011/12/05,5.81,5.85,5.41,5.46,10211205,62664000.00
2011/12/06,5.45,5.48,5.30,5.38,7064756,42201492.00
2011/12/07,5.38,5.46,5.34,5.39,5315306,31852664.00
2011/12/08,5.39,5.42,5.21,5.29,6877265,40603008.00
2011/12/09,5.21,5.27,5.12,5.19,7102976,41039436.00
2011/12/12,5.20,5.26,5.13,5.23,5224970,30223876.00
2011/12/13,5.19,5.28,5.07,5.07,9116086,52526720.00
2011/12/14,5.07,5.14,5.01,5.03,3890470,22010692.00
2011/12/15,5.00,5.01,4.83,4.93,6916557,38083744.00
2011/12/16,4.92,5.12,4.90,5.11,7026036,39281140.00
2011/12/19,5.07,5.18,4.94,5.15,6956641,39143156.00
2011/12/20,5.13,5.18,5.05,5.06,6455892,36882028.00
2011/12/21,5.11,5.14,4.92,4.93,6238561,35299564.00
2011/12/22,4.91,4.92,4.68,4.82,5309056,28567312.00
2011/12/23,4.83,5.00,4.76,4.95,5565742,30627630.00
2011/12/26,4.91,5.07,4.87,5.01,7392431,41375008.00
2011/12/27,5.02,5.03,4.88,4.89,3812430,21045506.00
2011/12/28,4.88,4.96,4.81,4.95,5889125,32189076.00
2011/12/29,4.89,5.13,4.89,5.09,8201517,46253552.00
2011/12/30,5.07,5.40,5.07,5.37,14586209,85363192.00
2012/01/04,5.41,5.45,5.11,5.13,7950613,46637776.00
2012/01/06,4.96,5.09,4.92,5.05,5624793,31423220.00
2012/01/09,5.09,5.38,4.99,5.37,8861841,51937904.00
2012/01/10,5.41,5.63,5.34,5.56,13370070,81930360.00
2012/01/11,5.56,5.68,5.46,5.54,12097953,74463344.00
2012/01/12,5.56,5.71,5.48,5.66,12741726,79154264.00
2012/01/13,5.62,5.66,5.42,5.54,13785429,84212192.00
2012/01/16,5.51,5.70,5.43,5.44,10160837,62673568.00
2012/01/17,5.39,5.87,5.38,5.83,15994650,99499704.00
2012/01/18,5.78,5.91,5.60,5.65,18363843,116194968.00
2012/01/19,5.66,5.74,5.52,5.65,13647142,85257792.00
2012/01/20,5.65,5.68,5.54,5.60,11348118,70220240.00
2012/01/30,5.61,5.61,5.45,5.47,7457341,45450584.00
2012/01/31,5.46,5.50,5.36,5.45,5750322,34553616.00
2012/02/01,5.46,5.49,5.31,5.36,7642089,45775528.00
2012/02/02,5.36,5.43,5.32,5.42,8349603,49768872.00
2012/02/03,5.40,5.48,5.36,5.46,10859753,65276448.00
2012/02/06,5.46,5.53,5.42,5.52,10258038,62164492.00
2012/02/07,5.49,5.49,5.27,5.32,10153034,60300972.00
2012/02/09,5.44,5.61,5.41,5.53,27582452,168679760.00
2012/02/10,5.51,5.67,5.47,5.55,17833934,109469664.00
2012/02/13,5.49,5.60,5.45,5.54,10649741,65258536.00
2012/02/14,5.55,5.58,5.49,5.55,10408829,63755344.00
2012/02/15,5.53,5.78,5.51,5.73,27041502,169537168.00
2012/02/16,5.75,5.76,5.63,5.70,14126522,88667952.00
2012/02/17,5.72,5.76,5.61,5.67,8135250,50923172.00
2012/02/20,5.73,5.76,5.65,5.66,11232697,70773152.00
2012/02/21,5.66,5.72,5.57,5.70,10161917,63388320.00
2012/02/22,5.70,5.92,5.65,5.88,23448089,150182112.00
2012/02/23,5.85,6.01,5.85,5.95,26872566,175706432.00
2012/02/24,5.95,6.06,5.86,6.01,14599464,95666368.00
2012/02/27,6.67,6.67,6.67,6.67,38298866,278049760.00
2012/02/28,6.71,7.15,6.68,6.95,92134315,689257664.00
2012/02/29,6.83,6.92,6.67,6.76,38614413,285014688.00
2012/03/01,6.71,6.96,6.67,6.86,28499568,211871136.00
2012/03/02,6.86,7.34,6.82,7.31,48080558,371062240.00
2012/03/05,7.34,7.38,7.09,7.15,36214006,282685792.00
2012/03/06,7.10,7.16,6.81,6.92,31745476,239037744.00
2012/03/07,6.81,7.27,6.70,7.14,41534035,316883232.00
2012/03/08,7.11,7.27,6.91,7.17,27909030,215082944.00
2012/03/09,7.13,7.25,7.07,7.17,16501689,127614744.00
2012/03/12,7.21,7.23,6.85,6.99,22510178,170586208.00
2012/03/13,6.93,6.98,6.70,6.88,45797018,337551808.00
2012/03/14,6.87,6.95,6.25,6.41,42716102,312654400.00
2012/03/15,6.41,6.46,6.04,6.15,32879272,223131440.00
2012/03/16,6.18,6.39,6.14,6.38,23715456,162552992.00
2012/03/19,6.33,6.53,6.19,6.48,28922433,198628384.00
2012/03/20,6.39,6.58,6.23,6.37,25037631,175155280.00
2012/03/21,6.36,6.46,6.27,6.34,14484341,100606768.00
2012/03/22,6.34,6.34,6.18,6.28,11205101,76741440.00
2012/03/23,6.27,6.27,5.97,6.02,13052934,87133288.00
2012/03/26,6.01,6.06,5.89,5.91,10332507,67501272.00
2012/03/27,5.98,6.11,5.94,5.98,9216500,60839476.00
2012/03/28,5.98,5.98,5.54,5.68,15854426,100042304.00
2012/03/29,5.61,5.71,5.52,5.54,10285132,63726760.00
2012/03/30,5.51,5.65,5.42,5.55,7889415,48481704.00
2012/04/05,5.56,5.74,5.46,5.70,11764051,73470320.00
2012/04/06,5.74,5.90,5.68,5.85,19591549,125463752.00
2012/04/09,5.81,5.86,5.69,5.73,17671094,112515280.00
2012/04/10,5.63,5.85,5.42,5.83,24575643,153369920.00
2012/04/11,5.69,5.89,5.66,5.83,14610390,93512224.00
2012/04/12,5.85,5.99,5.76,5.94,19678098,128037584.00
2012/04/13,5.96,6.15,5.91,6.09,24378237,162138464.00
2012/04/16,6.02,6.18,5.99,6.11,13777797,91976544.00
2012/04/17,6.14,6.15,5.92,5.95,10173896,67369408.00
2012/04/18,5.93,6.14,5.93,6.10,11597590,77287200.00
2012/04/19,6.28,6.28,5.94,6.01,19327439,129070072.00
2012/04/20,5.91,6.01,5.87,5.99,13052045,85365400.00
2012/04/23,5.99,6.03,5.81,5.83,9651505,62708520.00
2012/04/24,5.78,5.87,5.61,5.84,12971284,82092840.00
2012/04/25,5.89,6.04,5.89,5.95,11139486,72773792.00
2012/04/26,5.97,6.02,5.90,5.97,8335656,54538464.00
2012/05/02,6.04,6.25,5.98,6.12,17971000,120171304.00
2012/05/03,6.11,6.21,6.05,6.21,14077227,94839328.00
2012/05/04,6.21,6.26,6.11,6.17,10743201,72649840.00
2012/05/07,6.16,6.31,6.12,6.22,20892593,142399072.00
2012/05/08,6.18,6.21,6.06,6.11,15512443,103819272.00
2012/05/09,6.08,6.08,5.82,5.83,13304007,86781224.00
2012/05/10,5.83,5.88,5.76,5.80,8237145,52775756.00
2012/05/11,5.76,5.83,5.74,5.75,5931417,37776296.00
2012/05/14,5.81,5.82,5.62,5.62,12675378,79766768.00
2012/05/15,5.52,5.59,5.50,5.57,9616432,59039216.00
2012/05/16,5.56,5.63,5.44,5.44,11482166,70037160.00
2012/05/17,5.48,5.56,5.39,5.54,15220895,92469880.00
2012/05/21,5.43,5.48,5.32,5.39,10425513,62469360.00
2012/05/22,5.41,5.46,5.37,5.43,10775731,64840984.00
2012/05/23,5.43,5.53,5.40,5.51,10930282,66117288.00
2012/05/24,5.48,5.56,5.35,5.38,19356097,117057368.00
2012/05/25,5.39,5.45,5.27,5.43,12648166,75261760.00
2012/05/28,5.41,5.92,5.35,5.81,31787789,198853952.00
2012/05/29,5.91,6.21,5.91,6.07,71048189,474539072.00
2012/05/30,6.07,6.22,6.01,6.03,24284706,162221280.00
2012/05/31,6.00,6.17,5.94,6.04,19537917,130331936.00
2012/06/01,6.07,6.09,5.87,5.89,12471163,81814136.00
2012/06/04,5.81,5.81,5.54,5.57,15013198,94019416.00
2012/06/05,5.56,5.64,5.51,5.56,7142308,43930276.00
2012/06/06,5.60,5.65,5.47,5.52,5932440,36385948.00
2012/06/07,5.58,5.61,5.41,5.46,7919018,48296324.00
2012/06/08,5.52,5.52,5.40,5.43,10634824,64209828.00
2012/06/11,5.45,5.60,5.45,5.57,8207855,50156832.00
2012/06/12,5.50,5.51,5.41,5.45,6805667,41138084.00
2012/06/13,5.48,5.58,5.43,5.54,7223026,44136584.00
2012/06/14,5.55,5.69,5.54,5.57,16259220,100842120.00
2012/06/15,5.58,5.59,5.49,5.58,7855117,48167600.00
2012/06/18,5.61,5.62,5.54,5.60,6811521,42062136.00
2012/06/19,5.62,5.62,5.54,5.55,4362149,26236998.00
2012/06/20,5.57,5.61,5.35,5.37,15398565,90496920.00
2012/06/21,5.38,5.40,5.26,5.29,7129446,40872136.00
2012/06/25,5.29,5.33,5.20,5.20,4945301,28152240.00
2012/06/26,5.19,5.26,5.12,5.22,7937984,44676528.00
2012/06/27,5.24,5.28,5.07,5.11,4339834,24502004.00
2012/06/28,5.11,5.13,4.89,4.90,14169034,76816784.00
2012/06/29,4.93,4.98,4.87,4.97,5491363,29503480.00
2012/07/02,4.94,5.01,4.61,4.69,28762367,149050336.00
2012/07/03,4.68,4.70,4.61,4.65,13034072,66418160.00
2012/07/04,4.66,4.68,4.52,4.59,15544249,78118568.00
2012/07/05,4.63,4.63,4.50,4.54,7992721,39839424.00
2012/07/06,4.58,4.63,4.50,4.62,17521420,87348944.00
2012/07/09,4.56,4.58,4.28,4.31,14472897,70865440.00
2012/07/10,4.30,4.36,4.28,4.32,7442982,35385396.00
2012/07/11,4.34,4.40,4.32,4.35,7773272,37316360.00
2012/07/12,4.35,4.43,4.22,4.40,12698837,60415584.00
2012/07/13,4.37,4.42,4.32,4.35,7209543,34712904.00
2012/07/16,4.36,4.38,4.18,4.21,7231728,33915704.00
2012/07/17,4.20,4.28,4.19,4.28,4662232,21832348.00
2012/07/18,4.28,4.43,4.24,4.42,9931707,47336040.00
2012/07/19,4.38,4.68,4.37,4.56,19648677,98130336.00
2012/07/20,4.54,4.55,4.42,4.47,9979353,48982184.00
2012/07/23,4.44,4.44,4.36,4.37,6282292,30331596.00
2012/07/24,4.35,4.48,4.32,4.41,6218604,30136116.00
2012/07/25,4.39,4.43,4.33,4.34,5090072,24564600.00
2012/07/26,4.35,4.40,4.30,4.34,4765374,22788048.00
2012/07/27,4.37,4.39,4.35,4.36,4526074,21767080.00
2012/07/30,4.36,4.40,4.29,4.29,4553499,21761164.00
2012/07/31,4.29,4.32,4.18,4.25,4141702,19384776.00
2012/08/01,4.24,4.40,4.24,4.34,4692674,22440084.00
2012/08/02,4.34,4.39,4.28,4.28,4149673,19786628.00
2012/08/03,4.31,4.35,4.24,4.33,7078467,33401296.00
2012/08/06,4.32,4.40,4.29,4.36,13260062,63472740.00
2012/08/07,4.36,4.45,4.34,4.41,11340823,54787224.00
2012/08/08,4.42,4.43,4.35,4.38,7052156,34072116.00
2012/08/09,4.38,4.46,4.35,4.46,15114821,73323832.00
2012/08/10,4.43,4.52,4.40,4.48,14825232,72712608.00
2012/08/13,4.47,4.47,4.33,4.33,9827737,47475180.00
2012/08/14,4.33,4.40,4.26,4.40,7684557,36637832.00
2012/08/15,4.37,4.40,4.30,4.32,5080191,24298798.00
2012/08/16,4.30,4.35,4.28,4.31,3485763,16548513.00
2012/08/17,4.30,4.35,4.28,4.34,4383973,20832572.00
2012/08/20,4.30,4.31,4.22,4.29,4806003,22562048.00
2012/08/21,4.30,4.34,4.26,4.31,5459236,25935062.00
2012/08/22,4.31,4.33,4.23,4.24,4726536,22252532.00
2012/08/23,4.26,4.30,4.24,4.29,4147405,19532058.00
2012/08/24,4.27,4.31,4.18,4.19,5239836,24453448.00
2012/08/27,4.18,4.18,4.01,4.02,7758694,34926352.00
2012/08/28,4.03,4.11,4.01,4.07,4473770,20111374.00
2012/08/29,4.06,4.08,4.01,4.02,3759623,16819460.00
2012/08/30,4.02,4.04,3.86,3.94,5859778,25744744.00
2012/08/31,3.91,4.00,3.90,3.97,3776839,16598739.00
2012/09/03,3.94,4.05,3.93,4.00,5877506,26108062.00
2012/09/04,4.01,4.01,3.94,3.94,5272906,23283558.00
2012/09/05,3.96,3.97,3.90,3.93,4145560,18101606.00
2012/09/06,3.95,3.99,3.94,3.99,4501456,19821794.00
2012/09/07,4.02,4.28,4.02,4.16,22505126,103364024.00
2012/09/10,4.16,4.23,4.14,4.22,11074835,51328448.00
2012/09/11,4.19,4.28,4.15,4.26,10686449,49635684.00
2012/09/12,4.27,4.29,4.21,4.26,9210532,43207252.00
2012/09/13,4.26,4.26,4.15,4.16,7817147,36337144.00
2012/09/14,4.44,4.55,4.37,4.45,41065466,200436720.00
2012/09/17,4.46,4.53,4.37,4.38,22552669,110077584.00
2012/09/18,4.38,4.45,4.30,4.41,12596296,60846608.00
2012/09/19,4.41,4.45,4.36,4.44,9151110,44390664.00
2012/09/20,4.43,4.43,4.22,4.29,12464786,59608992.00
2012/09/21,4.29,4.38,4.24,4.33,9638367,45903972.00
2012/09/24,4.33,4.38,4.24,4.36,9279057,44260992.00
2012/09/25,4.34,4.46,4.31,4.44,14203474,68971968.00
2012/09/26,4.43,4.45,4.31,4.33,8086349,38902672.00
2012/09/27,4.38,4.54,4.32,4.48,17831353,87374576.00
2012/09/28,4.45,4.77,4.43,4.75,28174600,141702272.00
2012/10/08,4.66,4.89,4.66,4.80,28582602,149023680.00
2012/10/09,4.79,4.88,4.75,4.86,21146927,111576608.00
2012/10/10,4.87,5.16,4.87,4.91,33959334,185088736.00
2012/10/11,4.85,4.96,4.76,4.83,16873651,89401496.00
2012/10/12,4.84,4.91,4.75,4.81,12851506,67397088.00
2012/10/15,4.80,4.85,4.76,4.82,5791592,30295888.00
2012/10/16,4.82,4.94,4.75,4.87,9757981,51756328.00
2012/10/17,4.88,4.92,4.79,4.90,9539337,50569560.00
2012/10/18,4.94,5.09,4.93,5.02,19056436,104382184.00
2012/10/19,5.03,5.13,5.01,5.02,12055930,66634120.00
2012/10/22,4.97,5.02,4.94,5.01,9371991,50752080.00
2012/10/23,5.03,5.04,4.82,4.86,12760321,68681808.00
2012/10/24,4.81,4.89,4.79,4.83,9518061,50096128.00
2012/10/25,4.89,5.16,4.74,4.77,18518683,99476800.00
2012/10/26,4.78,4.78,4.62,4.68,10587173,54091704.00
2012/10/29,4.67,4.75,4.58,4.65,7603310,38952152.00
2012/10/30,4.66,4.80,4.66,4.76,7305175,37854968.00
2012/10/31,4.76,4.77,4.64,4.73,7624953,39237328.00
2012/11/01,4.71,4.89,4.71,4.85,9352717,49349952.00
2012/11/02,4.88,4.93,4.83,4.91,8445504,45026092.00
2012/11/05,4.89,4.95,4.77,4.79,12578086,67084944.00
2012/11/06,4.82,4.83,4.71,4.82,10193134,52976800.00
2012/11/07,4.82,5.04,4.78,4.96,17756768,95857680.00
2012/11/08,4.92,5.03,4.89,5.00,16935861,91741712.00
2012/11/09,5.03,5.04,4.87,4.92,6655554,35708368.00
2012/11/12,4.92,4.96,4.82,4.90,7434493,39638708.00
2012/11/13,4.90,4.92,4.69,4.71,9847953,51194688.00
2012/11/14,4.68,4.80,4.67,4.76,5135711,26623016.00
2012/11/15,4.74,4.76,4.60,4.66,6388571,32682472.00
2012/11/16,4.64,4.66,4.46,4.53,7877226,39190292.00
2012/11/19,4.58,4.59,4.50,4.57,3171225,15799196.00
2012/11/20,4.63,4.63,4.54,4.55,2664251,13379708.00
2012/11/21,4.56,4.70,4.54,4.70,5319619,26960128.00
2012/11/22,4.74,4.82,4.72,4.79,13194551,68605776.00
2012/11/23,4.76,4.82,4.72,4.78,5822311,30386816.00
2012/11/26,4.77,4.83,4.72,4.78,9158903,47798672.00
2012/11/27,4.74,4.78,4.67,4.68,8315109,42884424.00
2012/11/28,4.66,4.69,4.54,4.55,5033577,25346996.00
2012/11/29,4.55,4.69,4.55,4.60,6518042,33108980.00
2012/11/30,4.60,4.85,4.56,4.84,12147337,62947056.00
2012/12/03,4.82,5.10,4.79,4.99,27212191,147669248.00
2012/12/04,4.96,5.16,4.95,5.13,24117522,133331728.00
2012/12/05,5.12,5.46,5.09,5.28,24932956,142728864.00
2012/12/06,5.26,5.33,5.18,5.32,11022326,63111648.00
2012/12/07,5.32,5.51,5.24,5.38,19362801,113616888.00
2012/12/10,5.38,5.48,5.35,5.44,11987801,70372408.00
2012/12/11,5.42,5.44,5.29,5.32,12709760,73998728.00
2012/12/12,5.32,5.39,5.24,5.32,7722025,44375592.00
2012/12/13,5.29,5.33,5.14,5.26,12641819,71817600.00
2012/12/14,5.24,5.57,5.23,5.55,20010371,118196048.00
2012/12/17,5.55,5.90,5.55,5.77,18276643,113177360.00
2012/12/18,5.76,5.83,5.68,5.72,9827722,60906128.00
2012/12/19,5.70,5.91,5.70,5.83,10877239,68278272.00
2012/12/20,5.78,5.94,5.74,5.79,10214784,64102684.00
2012/12/21,5.82,6.05,5.79,5.89,15873478,101136856.00
2012/12/24,5.85,6.18,5.85,6.11,15602900,101443312.00
2012/12/25,6.08,6.25,6.01,6.15,19168090,126110760.00
2012/12/26,6.16,6.29,6.06,6.26,14917002,98714848.00
2012/12/27,6.26,6.28,6.06,6.07,11129298,72990256.00
2012/12/28,6.06,6.27,5.99,6.23,18789394,123960840.00
2012/12/31,6.25,6.54,6.25,6.39,22092758,151073760.00
2013/01/04,6.41,6.48,6.26,6.32,19543326,133142816.00
2013/01/07,6.31,6.55,6.28,6.50,13603592,93786160.00
2013/01/08,6.50,6.53,6.19,6.35,19910296,134788384.00
2013/01/09,6.30,6.32,6.06,6.19,23117654,152341472.00
2013/01/10,6.16,6.30,6.09,6.12,14391737,95429088.00
2013/01/11,6.14,6.23,6.02,6.14,11662219,76632704.00
2013/01/14,6.14,6.44,6.07,6.41,17423552,117483560.00
2013/01/15,6.45,6.54,6.41,6.44,13283699,91741448.00
2013/01/16,6.41,6.44,6.24,6.27,11602272,78398128.00
2013/01/17,6.22,6.39,6.19,6.21,7846444,52677768.00
2013/01/18,6.21,6.54,6.21,6.51,17798486,122475720.00
2013/01/21,6.52,7.04,6.46,6.86,27603303,200467232.00
2013/01/22,6.80,7.30,6.78,7.13,28287751,214126528.00
2013/01/23,7.07,7.43,6.91,7.26,17883523,136173184.00
2013/01/24,7.24,7.41,7.01,7.11,16748566,128118080.00
2013/01/25,7.09,7.35,6.97,7.15,15309689,117005888.00
2013/01/28,7.12,7.56,7.11,7.55,22581907,178301952.00
2013/01/29,7.57,7.81,7.46,7.72,26625561,216221824.00
2013/01/30,7.66,8.06,7.66,7.93,27330688,228155760.00
2013/01/31,7.91,7.91,7.67,7.76,12756774,104516056.00
2013/02/01,7.75,8.24,7.68,8.11,20653676,175121168.00
2013/02/04,8.06,8.53,8.06,8.44,22920747,202171232.00
2013/02/05,8.43,8.68,8.05,8.19,26541397,233600000.00
2013/02/06,8.17,8.27,8.06,8.13,16424801,141396368.00
2013/02/07,8.19,8.41,8.06,8.23,13561430,117642208.00
2013/02/08,8.16,8.72,8.14,8.62,18824408,168563824.00
2013/02/18,8.71,8.95,8.64,8.73,17876528,165105200.00
2013/02/19,8.67,8.68,8.26,8.32,16604345,146572976.00
2013/02/20,8.25,8.53,8.21,8.52,12814376,112627432.00
2013/02/21,8.42,8.43,7.84,8.07,21850933,186303360.00
2013/02/22,8.04,8.12,7.45,7.50,40596713,328876448.00
2013/02/25,7.46,7.68,7.44,7.51,12124814,96619288.00
2013/02/26,7.51,7.81,7.35,7.55,20405848,165385520.00
2013/02/27,7.58,7.75,7.37,7.56,8966880,71747816.00
2013/02/28,7.68,7.95,7.56,7.94,16895279,138889616.00
2013/03/01,7.94,7.99,7.74,7.97,15136185,125739608.00
2013/03/04,7.81,7.83,7.31,7.44,18765595,148206240.00
2013/03/05,7.43,7.65,7.26,7.47,17581377,138670512.00
2013/03/06,7.46,7.71,7.27,7.66,31640588,252082032.00
2013/03/07,7.63,7.89,7.44,7.55,24745687,200578112.00
2013/03/08,7.50,7.71,7.41,7.52,14072474,113000088.00
2013/03/11,7.56,7.56,7.15,7.26,15813388,122276600.00
2013/03/12,7.22,7.30,6.89,7.03,19522971,145754320.00
2013/03/13,6.99,6.99,6.51,6.65,24235237,172287232.00
2013/03/14,6.64,6.82,6.64,6.78,11623800,83518744.00
2013/03/15,6.79,6.96,6.54,6.68,23697894,169770112.00
2013/03/19,5.97,5.97,5.97,5.97,3704900,23748408.00
2013/03/20,5.58,6.10,5.58,6.05,145925390,911295168.00
2013/03/21,5.87,6.12,5.84,6.05,68071686,439424864.00
2013/03/22,6.02,6.10,5.88,5.98,36052628,231302816.00
2013/03/25,5.96,6.00,5.80,5.82,37109239,233780592.00
2013/03/26,5.79,5.85,5.68,5.74,31138400,192539744.00
2013/03/27,5.74,5.87,5.65,5.78,42550573,264196976.00
2013/03/28,5.69,5.71,5.50,5.51,38067906,229490448.00
2013/03/29,5.51,5.55,5.37,5.40,29439546,173321344.00
2013/04/01,5.44,5.96,5.43,5.81,71516550,441757472.00
2013/04/02,5.85,6.01,5.79,5.88,53766333,341424640.00
2013/04/03,5.90,5.92,5.71,5.80,21797297,136146160.00
2013/04/08,5.71,6.04,5.67,5.99,32111915,204405952.00
2013/04/09,6.01,6.63,6.00,6.53,78240493,537196544.00
2013/04/10,6.44,6.99,6.42,6.80,69495424,503942368.00
2013/04/11,6.80,7.52,6.80,7.44,77777028,603468672.00
2013/04/12,7.45,7.46,7.12,7.36,46191247,357198688.00
2013/04/15,7.30,7.55,7.16,7.34,39935521,311113888.00
2013/04/16,7.36,7.66,7.16,7.61,33228365,263469616.00
2013/04/17,7.56,7.64,7.42,7.54,18234022,144990528.00
2013/04/18,7.49,7.49,7.23,7.33,22100858,171930560.00
2013/04/19,7.34,7.58,7.33,7.36,30791274,242930528.00
2013/04/22,7.33,8.11,7.29,8.10,41672519,339556416.00
2013/04/23,8.06,8.16,7.25,7.65,40292548,330016672.00
2013/04/24,7.57,7.97,7.31,7.83,34249891,278637504.00
2013/04/25,7.72,8.05,7.62,7.67,27611951,229514848.00
2013/04/26,7.67,7.73,7.29,7.30,19354824,152450608.00
2013/05/02,7.30,7.58,7.27,7.49,13946360,109690880.00
2013/05/03,7.53,8.08,7.53,7.85,33049227,276271936.00
2013/05/06,7.88,8.46,7.88,8.45,37224741,324889344.00
2013/05/07,8.37,8.62,8.28,8.49,29170539,259398336.00
2013/05/08,8.44,8.71,8.16,8.38,30388932,268943616.00
2013/05/09,8.38,8.51,8.16,8.22,35335758,309373536.00
2013/05/10,8.22,8.53,8.07,8.46,29036417,255245360.00
2013/05/13,8.71,8.80,8.52,8.57,27212226,247039424.00
2013/05/14,8.57,8.57,8.14,8.15,23987968,208470352.00
2013/05/15,8.21,8.28,7.90,8.18,16879265,143596784.00
2013/05/16,8.16,8.36,7.97,8.26,18256447,156923008.00
2013/05/17,8.26,8.27,7.94,8.08,23302973,198026064.00
2013/05/20,8.08,8.11,7.75,8.04,30796697,257503424.00
2013/05/21,7.93,8.07,7.84,7.95,27257165,228187088.00
2013/05/22,7.93,8.42,7.91,8.39,40974364,355984192.00
2013/05/23,8.31,8.34,8.10,8.13,21066146,181556544.00
2013/05/24,8.03,8.18,7.89,8.03,18094283,153397632.00
2013/05/27,8.00,8.33,7.94,8.22,20954240,181942688.00
2013/05/28,8.22,8.41,8.19,8.25,21049396,183832768.00
2013/05/29,8.30,8.92,8.23,8.67,51534911,466298560.00
2013/05/30,8.58,8.62,8.41,8.53,23355335,209225088.00
2013/05/31,8.55,8.62,8.32,8.33,15000986,133317296.00
2013/06/03,8.30,8.40,8.16,8.20,11545265,100385088.00
2013/06/04,8.20,8.26,7.66,7.86,20715747,174273696.00
2013/06/05,7.91,7.93,7.50,7.65,23154064,187454176.00
2013/06/06,7.70,7.88,7.51,7.67,16699346,136300016.00
2013/06/07,7.70,7.73,7.34,7.36,16464164,130311264.00
2013/06/13,7.26,7.26,6.62,7.02,21878275,159860320.00
2013/06/14,7.02,7.16,6.76,7.09,15478416,114955504.00
2013/06/17,7.04,7.12,6.86,6.98,12491076,92598368.00
2013/06/18,7.05,7.22,6.92,7.07,13636262,102413424.00
2013/06/19,7.05,7.05,6.74,6.92,10240341,74912272.00
2013/06/20,6.81,6.81,6.56,6.60,11746786,83818984.00
2013/06/21,6.41,6.82,6.23,6.66,13787800,96033920.00
2013/06/24,6.56,6.56,6.09,6.19,12046433,81864160.00
2013/06/25,6.11,6.44,5.66,6.42,21638771,142394880.00
2013/06/26,6.36,7.06,6.27,6.96,25053090,179199792.00
2013/06/27,6.96,7.07,6.63,6.67,19409532,141108528.00
2013/06/28,6.56,6.91,6.48,6.59,20405171,144381008.00
2013/07/01,6.58,6.70,6.30,6.53,15820793,109672008.00
2013/07/02,6.46,6.76,6.38,6.75,16855999,117900920.00
2013/07/03,6.71,7.04,6.66,6.84,31612312,230732912.00
2013/07/04,6.80,7.30,6.66,7.13,27855958,208975440.00
2013/07/05,7.41,7.81,7.23,7.49,41085369,328152288.00
2013/07/08,7.29,7.51,7.17,7.23,19425719,151055600.00
2013/07/09,7.18,7.50,7.17,7.30,17612774,137295840.00
2013/07/10,7.24,7.48,7.04,7.47,19451566,150024784.00
2013/07/11,7.37,7.89,7.34,7.68,29519014,238256736.00
2013/07/12,7.70,7.79,7.28,7.30,25669261,203168256.00
2013/07/15,7.40,7.60,7.30,7.41,18009553,142054032.00
2013/07/16,7.36,7.59,7.36,7.50,13581781,107700280.00
2013/07/17,7.48,7.48,7.20,7.22,15846591,122799040.00
2013/07/18,7.25,7.28,7.02,7.03,14882822,110566936.00
2013/07/19,7.02,7.10,6.70,6.71,14813455,106872576.00
2013/07/22,6.71,6.85,6.59,6.79,14268799,100719632.00
2013/07/23,6.81,7.07,6.77,7.05,19965606,144970672.00
2013/07/24,7.02,7.12,6.76,6.93,23691766,171607264.00
2013/07/25,6.91,6.96,6.74,6.76,14229118,101945360.00
2013/07/26,6.77,6.83,6.65,6.76,9080365,64224940.00
2013/07/29,6.68,6.68,6.51,6.54,12686113,87496536.00
2013/07/30,6.50,6.64,6.42,6.52,18292632,125411048.00
2013/07/31,6.53,6.72,6.51,6.58,9829082,68335320.00
2013/08/01,6.62,6.82,6.60,6.81,12669894,89796080.00
2013/08/02,6.85,6.89,6.70,6.73,13880207,98406512.00
2013/08/05,6.73,7.07,6.71,7.06,26708135,193344912.00
2013/08/06,7.07,7.68,7.02,7.67,53100625,411938016.00
2013/08/07,7.63,7.76,7.48,7.52,30365524,241240192.00
2013/08/08,7.48,7.72,7.48,7.55,20970477,166131536.00
2013/08/09,7.79,8.08,7.79,7.98,45346241,373612928.00
2013/08/12,8.05,8.35,7.97,8.02,33727795,286391840.00
2013/08/13,8.03,8.05,7.85,7.96,21554076,177792960.00
2013/08/14,8.00,8.31,8.00,8.09,27941611,237512400.00
2013/08/15,8.02,8.16,7.73,7.78,23347730,192265056.00
2013/08/16,7.80,8.37,7.75,7.82,27030530,223960672.00
2013/08/19,7.78,8.11,7.78,8.04,16122002,133790592.00
2013/08/20,8.01,8.33,7.97,8.20,33129381,282492288.00
2013/08/21,8.17,8.23,8.01,8.18,13860217,117156736.00
2013/08/22,8.17,8.28,8.03,8.26,14985552,127673288.00
2013/08/23,8.30,8.34,7.73,7.96,23582343,196206640.00
2013/08/26,7.97,8.17,7.77,8.11,19004954,158585904.00
2013/08/27,8.07,8.25,7.95,8.15,15201099,128191992.00
2013/08/28,8.08,8.55,7.96,8.40,29562349,254722304.00
2013/08/29,8.36,8.59,8.30,8.31,15830348,138665600.00
2013/08/30,8.27,8.35,8.11,8.19,13620754,116222104.00
2013/09/02,8.17,8.63,8.02,8.54,25311467,220685408.00
2013/09/03,8.53,9.13,8.49,9.04,49714049,459998912.00
2013/09/04,8.95,9.11,8.70,8.81,28840342,265290832.00
2013/09/05,8.85,9.10,8.69,8.83,23523403,216223504.00
2013/09/06,8.73,8.95,8.58,8.84,21455994,194959504.00
2013/09/09,8.90,9.17,8.77,8.98,23038305,215366368.00
2013/09/10,9.02,9.03,8.80,8.86,15181773,139693696.00
2013/09/11,8.89,9.35,8.78,9.15,27864056,262813744.00
2013/09/12,9.05,9.31,9.02,9.23,18491544,175936832.00
2013/09/13,9.22,9.66,9.18,9.43,21381619,209772368.00
2013/09/16,9.49,10.04,9.27,9.38,27318877,273447168.00
2013/09/17,9.35,9.62,9.20,9.46,15803293,153931424.00
2013/09/18,9.53,9.59,9.02,9.19,19733921,188876112.00
2013/09/23,9.15,9.69,9.12,9.68,19695391,193197312.00
2013/09/24,9.64,9.97,9.48,9.59,20684849,207183808.00
2013/09/25,9.51,9.71,9.30,9.31,16055226,157389232.00
2013/09/26,9.32,9.40,8.67,8.72,30263685,280475936.00
2013/09/27,8.70,8.92,8.60,8.62,12218743,111071936.00
2013/09/30,8.67,8.97,8.46,8.90,16350166,148102176.00
2013/10/08,8.82,8.92,8.49,8.77,25472535,229103520.00
2013/10/09,8.74,8.75,8.54,8.61,27129309,242372288.00
2013/10/10,8.56,8.69,8.30,8.42,32850811,289735648.00
2013/10/11,8.44,9.17,8.44,9.00,41415915,378926816.00
2013/10/14,9.02,9.42,9.01,9.37,32850762,316616032.00
2013/10/15,9.41,9.41,9.23,9.32,16108391,155244592.00
2013/10/16,9.27,9.49,9.11,9.16,19665833,188997280.00
2013/10/17,9.24,9.33,9.05,9.25,12789945,121903144.00
2013/10/18,9.24,9.35,9.10,9.21,10599592,101197744.00
2013/10/21,9.29,9.42,9.06,9.36,20898742,200460416.00
2013/10/22,9.38,9.42,9.09,9.17,15093458,144290224.00
2013/10/23,9.15,9.25,8.65,8.69,19153966,176323408.00
2013/10/24,8.65,8.92,8.61,8.70,19072121,173305296.00
2013/10/25,8.71,8.79,8.46,8.47,13397554,119067368.00
2013/10/28,8.49,8.58,8.05,8.17,18700510,160508256.00
2013/10/29,8.19,8.31,7.64,7.98,18516288,153690720.00
2013/10/30,7.95,8.25,7.82,8.12,22771273,191290800.00
2013/10/31,8.07,8.17,7.88,7.91,15530917,129545936.00
2013/11/01,7.88,8.18,7.88,8.12,17683969,149027232.00
2013/11/04,8.17,8.50,8.10,8.40,21132407,183504096.00
2013/11/05,8.32,8.41,8.11,8.34,15263986,130865240.00
2013/11/06,8.26,8.34,7.92,7.95,24914789,209464096.00
2013/11/07,7.96,7.97,7.73,7.76,12844104,104581384.00
2013/11/08,7.69,7.85,7.47,7.59,14934837,119240288.00
2013/11/11,7.59,7.76,7.53,7.70,8910361,71215824.00
2013/11/12,7.71,7.80,7.65,7.75,9078026,73297560.00
2013/11/13,7.74,7.74,7.40,7.41,14160421,110964088.00
2013/11/14,7.37,7.56,7.26,7.53,14621988,113108896.00
2013/11/15,7.47,7.82,7.45,7.69,16273909,130519672.00
2013/11/18,7.85,8.12,7.75,8.11,23391517,194512736.00
2013/11/19,8.10,8.47,8.04,8.17,21358945,183715440.00
2013/11/20,8.17,8.33,8.07,8.25,16605234,141253344.00
2013/11/21,8.21,8.21,8.06,8.14,8199183,69301904.00
2013/11/22,8.19,8.22,8.05,8.10,7235509,61180208.00
2013/11/25,8.05,8.25,7.98,8.03,8085668,68044416.00
2013/11/26,8.00,8.11,7.99,8.02,5845915,48899356.00
2013/11/27,8.05,8.40,8.04,8.38,21765094,187500848.00
2013/11/28,8.42,8.58,8.37,8.46,19719272,173824256.00
2013/11/29,8.42,8.53,8.32,8.46,12715568,111319736.00
2013/12/02,8.28,8.49,8.14,8.16,16826798,145084512.00
2013/12/03,8.16,8.97,8.09,8.77,28496090,253224928.00
2013/12/04,8.82,9.47,8.82,9.22,55887259,535126944.00
2013/12/05,9.20,9.56,9.11,9.34,28351306,274744512.00
2013/12/06,9.27,9.63,9.22,9.40,24708405,241203024.00
2013/12/09,9.48,9.56,9.14,9.24,19390686,185833392.00
2013/12/10,9.25,9.47,9.17,9.31,16611001,160277776.00
2013/12/11,9.22,9.26,9.05,9.22,14827842,140420816.00
2013/12/12,9.34,9.44,9.02,9.03,19084792,180607056.00
2013/12/13,9.00,9.00,8.80,8.87,15790028,145076144.00
2013/12/16,8.92,8.92,8.43,8.45,23721558,211772768.00
2013/12/17,8.47,8.52,8.29,8.34,11082112,96579184.00
2013/12/18,8.40,8.60,8.30,8.46,10210363,89967512.00
2013/12/19,8.52,8.63,8.35,8.36,7988507,70546064.00
2013/12/20,8.36,8.43,8.19,8.26,7370714,63443728.00
2013/12/23,8.19,8.57,8.19,8.50,9432560,82761464.00
2013/12/24,8.51,8.96,8.51,8.71,15869746,144526240.00
2013/12/25,8.76,8.77,8.46,8.67,13838802,123462936.00
2013/12/26,8.67,8.69,8.23,8.25,15453026,134272528.00
2013/12/27,8.25,8.44,8.23,8.32,7669944,66561024.00
2013/12/30,8.37,8.40,8.16,8.21,11600560,99264368.00
2013/12/31,8.17,8.43,8.08,8.40,11247635,97132920.00
2014/01/02,8.34,8.34,8.08,8.28,15415708,131327400.00
2014/01/03,8.21,8.21,7.87,7.99,19511111,162157792.00
2014/01/06,7.94,7.95,7.46,7.53,23519453,187631632.00
2014/01/07,7.51,7.62,7.35,7.46,15884739,123983192.00
2014/01/08,7.49,7.54,7.27,7.34,24151188,186051568.00
2014/01/09,7.35,7.52,7.28,7.40,21424119,166036544.00
2014/01/10,7.37,7.39,7.17,7.31,11387504,86707312.00
2014/01/13,7.32,7.39,7.19,7.25,6939175,52815920.00
2014/01/14,7.36,7.58,7.26,7.57,19525295,151613952.00
2014/01/15,7.55,7.72,7.41,7.70,22252922,175521184.00
2014/01/16,7.60,7.74,7.54,7.55,15669986,124383584.00
2014/01/17,7.54,7.54,7.03,7.09,29212425,220460992.00
2014/01/20,7.03,7.08,6.91,6.98,11833324,86745392.00
2014/01/21,6.94,7.17,6.94,7.15,15320377,113101216.00
2014/01/22,7.16,7.43,7.10,7.41,15770540,120963768.00
2014/01/23,7.42,7.52,7.31,7.40,15891970,123001552.00
2014/01/24,7.40,7.55,7.36,7.47,15163749,118343728.00
2014/01/27,7.41,7.59,7.17,7.27,20765978,161189344.00
2014/01/28,7.29,7.62,7.19,7.61,18623965,143954368.00
2014/01/29,7.67,7.75,7.37,7.48,24334206,191596368.00
2014/01/30,7.50,7.50,7.25,7.30,14020671,107199136.00
2014/02/07,7.23,7.29,7.07,7.27,22353636,166954464.00
2014/02/10,7.32,8.03,7.26,8.03,65052169,529183584.00
2014/02/11,8.19,8.24,7.95,8.03,55205249,465214880.00
2014/02/12,8.10,8.45,8.05,8.31,34439496,296706176.00
2014/02/13,8.24,8.91,8.17,8.43,56105837,502236576.00
2014/02/14,8.54,8.77,8.41,8.61,31517532,280320448.00
2014/02/17,8.69,8.97,8.58,8.97,52366030,478878240.00
2014/02/18,8.92,9.04,8.79,8.88,41127548,379517856.00
2014/02/19,8.88,9.12,8.61,8.67,33838781,310810272.00
2014/02/20,8.63,8.85,8.47,8.48,30067099,268829248.00
2014/02/21,8.48,8.58,8.18,8.37,23008008,200147104.00
2014/02/24,8.29,8.35,8.07,8.24,25477691,216629200.00
2014/02/25,8.17,8.22,7.61,7.70,41704271,346502784.00
2014/02/26,7.66,8.19,7.57,8.08,48373437,400375840.00
2014/02/27,8.23,8.91,8.23,8.52,70266671,626037504.00
2014/02/28,8.32,8.76,8.22,8.67,43828983,390183232.00
2014/03/03,9.20,9.57,9.20,9.57,91095346,898519808.00
2014/03/04,9.86,10.24,9.56,9.80,125887026,1289675264.00
2014/03/05,9.74,10.00,9.41,9.60,76137432,768727104.00
2014/03/06,9.52,9.65,9.03,9.26,65884194,631982592.00
2014/03/07,9.25,9.86,9.23,9.81,73317504,723580864.00
2014/03/10,9.67,10.00,9.24,9.29,58358412,579412928.00
2014/03/11,9.22,9.33,8.86,9.15,40829547,382979552.00
2014/03/12,9.10,9.22,8.67,9.01,37131203,344973952.00
2014/03/13,9.01,9.08,8.87,8.99,27214920,253691552.00
2014/03/14,8.89,8.93,8.75,8.75,26854542,245486656.00
2014/03/17,8.77,9.66,8.77,9.66,58111377,565941888.00
2014/03/18,9.76,10.66,9.73,10.35,118816776,1267392640.00
2014/03/19,10.25,10.51,10.16,10.46,73467612,782631104.00
2014/03/20,10.37,10.37,9.66,9.69,75288505,777665408.00
2014/03/21,9.77,10.08,9.42,9.90,59122722,595453056.00
2014/03/24,9.85,10.05,9.57,9.98,50584876,510799776.00
2014/03/25,9.82,10.29,9.70,9.87,50719271,523640960.00
2014/03/26,9.97,10.85,9.77,10.29,73865486,790808384.00
2014/03/27,10.37,10.75,10.13,10.21,66471219,714353536.00
2014/03/28,10.15,10.47,9.68,9.81,50365731,519504384.00
2014/03/31,9.81,10.07,9.50,9.87,36393352,368615520.00
2014/04/01,9.78,9.95,9.65,9.82,31803232,321260960.00
2014/04/02,9.87,10.31,9.77,10.06,43022223,447842080.00
2014/04/03,9.89,10.03,9.52,9.53,53849835,540074048.00
2014/04/04,9.46,9.72,9.32,9.70,34751863,341984224.00
2014/04/08,9.58,10.04,9.52,10.01,43747278,445631584.00
2014/04/09,9.99,10.21,9.97,10.06,37853660,393976768.00
2014/04/10,10.02,10.63,9.95,10.27,56061708,596769664.00
2014/04/11,10.21,10.50,10.00,10.09,39910048,421963776.00
2014/07/11,11.11,11.11,10.39,11.11,144620366,1597799296.00
2014/07/14,11.09,12.23,10.81,12.23,132886789,1565383552.00
2014/07/15,12.39,12.64,11.80,12.02,109659492,1349971840.00
2014/07/16,11.92,11.98,11.48,11.72,71763671,846160448.00
2014/07/17,11.59,11.68,11.19,11.43,49586042,569369920.00
2014/07/18,11.29,11.85,11.25,11.47,58019231,676910848.00
2014/07/21,11.46,11.57,11.21,11.48,28522829,327423552.00
2014/07/22,11.60,12.54,11.60,12.07,85030090,1037371136.00
2014/07/23,11.92,12.07,11.71,11.77,38150403,455976576.00
2014/07/24,12.11,12.26,11.59,11.89,39118518,469632064.00
2014/07/25,11.81,11.96,11.65,11.80,25987537,309640416.00
2014/07/28,11.96,12.37,11.96,12.07,52739903,645489280.00
2014/07/29,12.09,13.29,11.84,12.92,103009280,1333978112.00
2014/07/30,12.83,13.94,12.61,13.68,103292829,1386187520.00
2014/07/31,13.59,14.17,13.44,13.57,62120019,864083328.00
2014/08/01,13.57,13.87,13.29,13.42,41766613,572581120.00
2014/08/04,13.45,13.98,13.45,13.67,36668728,506760352.00
2014/08/05,13.69,13.72,13.22,13.38,35179939,476370304.00
2014/08/06,13.37,13.77,13.25,13.58,28395311,388793952.00
2014/08/07,13.79,13.94,13.27,13.32,31186919,425160448.00
2014/08/08,13.29,13.56,12.89,13.45,34658337,462653632.00
2014/08/11,13.47,13.69,13.13,13.55,30179491,409971200.00
2014/08/12,13.31,13.74,13.25,13.55,24925589,338731744.00
2014/08/13,13.65,13.98,13.52,13.93,44200337,615264064.00
2014/08/14,13.99,14.55,13.67,13.75,52695257,750170624.00
2014/08/15,13.69,13.87,13.39,13.57,30496910,416807744.00
2014/08/18,13.56,13.81,13.55,13.59,28132770,387769280.00
2014/08/19,13.58,13.74,13.47,13.63,21777967,298602880.00
2014/08/20,13.58,13.62,13.11,13.29,33204817,446190656.00
2014/08/21,13.27,13.27,12.69,12.90,40556105,527639072.00
2014/08/22,12.84,13.00,12.70,12.92,26112953,338602016.00
2014/08/25,12.87,12.87,12.37,12.42,26785868,339606560.00
2014/08/26,12.39,12.64,12.24,12.39,20529511,257719536.00
2014/08/27,12.40,12.59,12.30,12.46,14620144,183747184.00
2014/08/28,12.54,12.63,12.33,12.41,13208186,166268752.00
2014/08/29,12.42,12.82,12.14,12.72,21955362,276064608.00
2014/09/01,12.79,13.31,12.65,13.24,42530884,560378752.00
2014/09/02,13.48,13.66,13.25,13.33,36338319,491351360.00
2014/09/03,13.30,13.55,13.07,13.24,31988258,429256416.00
2014/09/04,13.26,13.36,13.14,13.27,21903522,292203520.00
2014/09/05,13.31,13.47,13.25,13.37,23794603,320464288.00
2014/09/09,13.54,13.83,13.32,13.71,41535227,571542976.00
2014/09/10,13.51,13.51,13.09,13.15,43200022,575933504.00
2014/09/11,13.14,13.23,12.84,12.90,29498418,387832224.00
2014/09/12,12.90,13.11,12.90,13.04,15095498,197873872.00
2014/09/15,13.05,13.05,12.68,12.81,30139074,388809120.00
2014/09/16,12.71,12.82,12.35,12.41,25360685,321829824.00
2014/09/17,12.42,12.51,11.89,12.16,30389426,373371968.00
2014/09/18,12.16,12.28,12.03,12.24,13459389,165316592.00
2014/09/19,12.37,12.64,12.31,12.54,23118840,291204640.00
2014/09/22,12.47,12.47,11.94,12.05,25559396,312169120.00
2014/09/23,12.05,12.17,11.97,12.13,13834253,168634288.00
2014/09/24,12.09,12.38,11.99,12.35,19329445,239098880.00
2014/09/25,12.42,12.73,12.42,12.53,31336054,398583296.00
2014/09/26,12.56,12.67,12.42,12.58,17486162,221285408.00
2014/09/29,12.64,12.74,12.57,12.60,16449773,209926592.00
2014/09/30,12.61,12.72,12.44,12.60,16564626,210199344.00
2014/10/08,12.60,12.66,12.29,12.59,20598440,258998240.00
2014/10/09,12.60,13.44,12.52,13.36,74543561,985856384.00
2014/10/10,13.15,13.34,12.88,12.93,46367417,610267520.00
2014/10/13,12.79,13.05,12.67,12.96,24725041,320030048.00
2014/10/14,12.98,12.98,12.39,12.48,39617591,504355744.00
2014/10/15,12.49,12.61,12.18,12.37,33030924,409898272.00
2014/10/16,12.23,12.23,11.76,11.81,47110094,571042688.00
2014/10/17,11.76,12.10,11.44,11.95,33447813,397863808.00
2014/10/20,11.96,12.05,11.82,11.99,14302339,172734160.00
2014/10/21,11.99,12.00,11.49,11.55,27197469,320220640.00
2014/10/22,11.58,11.65,11.32,11.34,25192211,290990400.00
2014/10/23,11.34,11.48,11.29,11.38,14465588,166187984.00
2014/10/24,11.41,11.47,11.17,11.23,13775070,157236752.00
2014/10/27,10.99,10.99,10.66,10.78,28668230,312820576.00
2014/10/28,10.79,11.14,10.79,11.09,27042690,299685088.00
2014/10/29,11.21,11.39,11.12,11.24,38352265,435762944.00
2014/10/30,11.27,11.67,11.14,11.55,41282094,476637856.00
2014/10/31,11.44,11.55,11.20,11.31,28338428,324548000.00
2014/11/03,11.31,11.39,11.21,11.29,20855106,237763856.00
2014/11/04,11.29,11.29,11.03,11.08,21564512,241724368.00
2014/11/05,11.08,11.26,11.03,11.11,14406954,162297424.00
2014/11/06,11.12,11.29,11.10,11.20,11858288,133831720.00
2014/11/07,11.32,11.35,10.99,11.10,18424604,208258960.00
2014/11/10,11.09,11.32,11.06,11.30,20596371,232878816.00
2014/11/11,11.35,11.35,10.85,10.92,22480470,251593280.00
2014/11/12,10.89,11.04,10.86,11.03,13995652,154728976.00
2014/11/13,11.01,11.13,10.89,11.08,17025227,189394784.00
2014/11/14,11.05,11.13,10.91,11.00,11904211,132590528.00
2014/11/17,11.05,11.39,11.00,11.27,27247683,308713152.00
2014/11/18,11.28,11.46,11.23,11.27,17013772,194551792.00
2014/11/19,11.26,11.27,11.04,11.08,13931634,156706592.00
2014/11/20,11.04,11.13,10.97,11.05,11590467,129316768.00
2014/11/21,11.00,11.09,11.00,11.06,11056576,123240000.00
2014/11/24,11.07,11.35,11.07,11.25,25451445,287718336.00
2014/11/25,11.27,11.34,11.15,11.33,23417040,266227856.00
2014/11/26,11.39,11.87,11.39,11.74,56556801,667274176.00
2014/11/27,11.73,11.74,11.39,11.52,37339285,434521216.00
2014/11/28,11.50,11.63,11.32,11.46,27870460,322585056.00
2014/12/01,11.46,11.59,11.34,11.37,22636274,261572880.00
2014/12/02,11.37,11.49,11.35,11.45,21781637,251210816.00
2014/12/03,11.40,11.87,11.40,11.81,65386176,773997120.00
2014/12/04,12.29,12.45,11.87,12.01,83991208,1026041984.00
2014/12/05,12.01,12.24,11.29,11.66,57358193,682695680.00
2014/12/08,11.59,12.05,11.36,11.90,45196725,536031872.00
2014/12/09,11.99,12.07,11.40,11.49,62916985,742279360.00
2014/12/10,11.44,11.94,11.35,11.90,43171565,509551168.00
2014/12/11,12.48,12.72,12.11,12.67,100348048,1253569792.00
2014/12/12,12.54,12.89,12.39,12.47,53082088,674153536.00
2014/12/15,12.48,12.67,12.23,12.55,38550702,483570720.00
2014/12/16,12.58,12.84,12.45,12.69,46619153,595375232.00
2014/12/17,12.69,13.18,12.59,12.91,69959601,913858560.00
2014/12/25,13.09,13.19,12.21,12.61,59173998,752443264.00
2014/12/26,12.40,13.15,12.40,13.00,50003078,654014208.00
2014/12/29,13.00,13.08,12.09,12.23,54900647,687108480.00
2014/12/30,12.26,12.38,11.93,11.95,28937518,353428288.00
2014/12/31,11.96,12.07,11.82,11.97,20828526,250808224.00
2015/01/05,11.97,12.82,11.97,12.69,50376785,634547840.00
2015/01/06,12.78,13.77,12.55,13.11,71745369,955102144.00
2015/01/07,13.08,13.08,12.71,12.87,25601371,332422272.00
2015/01/08,12.85,13.14,12.75,12.80,32947436,430093888.00
2015/01/09,12.81,13.18,12.60,12.62,28567892,371612640.00
2015/01/12,12.61,12.77,12.44,12.75,20729473,263705792.00
2015/01/13,12.72,12.89,12.62,12.67,19617855,252675312.00
2015/01/14,12.63,13.04,12.60,12.72,21607998,279728320.00
2015/01/15,12.75,12.92,12.54,12.72,16362901,209249216.00
2015/01/16,12.70,12.94,12.68,12.76,21947331,282553792.00
2015/01/19,12.35,12.47,11.47,11.47,38751467,468025760.00
2015/01/20,11.49,11.76,11.40,11.67,30285651,355030240.00
2015/01/21,11.74,12.05,11.67,12.02,23356771,281135232.00
2015/01/22,12.03,12.13,11.90,12.06,24633111,298585344.00
2015/01/23,12.28,12.47,12.09,12.20,29934849,370629280.00
2015/01/26,12.21,12.27,12.04,12.19,21371257,261273248.00
2015/01/27,12.20,12.75,12.19,12.57,37445048,473259072.00
2015/01/28,12.53,13.06,12.43,12.66,38534735,495624672.00
2015/01/29,12.57,12.97,12.54,12.71,27393784,353380896.00
2015/01/30,12.71,12.87,12.44,12.46,16073093,204515056.00
2015/02/02,12.35,12.52,12.19,12.42,15067046,188063280.00
2015/02/03,12.43,12.84,12.43,12.81,20220164,259795232.00
2015/02/04,13.08,13.28,12.75,12.77,30378387,398744000.00
2015/02/05,12.88,12.96,12.53,12.58,18008032,229690944.00
2015/02/06,12.54,12.64,12.15,12.23,11811677,147402928.00
2015/02/09,12.07,12.51,12.07,12.29,11584818,144610640.00
2015/02/10,12.30,12.63,12.26,12.60,14024838,176955184.00
2015/02/11,12.59,12.74,12.44,12.53,11216677,142194832.00
2015/02/12,12.53,12.61,12.30,12.34,12538475,157054848.00
2015/02/13,12.44,12.85,12.43,12.77,23786594,304405056.00
2015/02/16,12.90,13.73,12.79,13.60,56639433,764431936.00
2015/02/17,13.61,14.89,13.61,14.67,71349885,1043923648.00
2015/02/25,14.62,14.62,14.19,14.20,33036216,479068032.00
2015/02/26,14.19,14.38,13.99,14.32,24994954,357284896.00
2015/02/27,14.37,14.55,14.17,14.40,26940238,391701856.00
2015/03/02,14.57,15.48,14.51,14.91,43295511,656663168.00
2015/03/03,14.79,15.14,14.50,14.53,25401915,379660096.00
2015/03/04,14.45,14.98,14.35,14.43,20044960,294835168.00
2015/03/06,14.98,15.16,14.15,14.17,25798296,378733472.00
2015/03/09,14.17,14.43,13.83,14.20,25003381,354096224.00
2015/03/10,14.17,14.41,13.97,14.29,20775943,297424096.00
2015/03/11,14.19,14.76,14.19,14.48,20377637,297296480.00
2015/03/12,14.45,14.61,14.05,14.10,19149265,275213056.00
2015/03/13,14.14,14.25,13.85,14.23,21987745,310589280.00
2015/03/16,14.25,14.39,14.13,14.38,30433135,437571552.00
2015/03/17,14.43,14.68,14.24,14.57,39809080,578369792.00
2015/03/18,14.53,14.59,14.17,14.58,40618183,589391424.00
2015/03/19,14.71,15.06,14.53,14.98,57035089,848238208.00
2015/03/20,14.97,14.98,14.67,14.79,40738231,607594880.00
2015/03/23,14.84,15.35,14.75,15.14,46164720,702529152.00
2015/03/24,15.14,15.64,14.80,15.32,45792835,703909952.00
2015/03/25,15.32,15.49,15.02,15.29,32358748,496638656.00
2015/03/26,15.19,15.19,14.57,14.67,38299767,572628928.00
2015/03/27,14.67,14.80,14.49,14.70,20013025,295423008.00
2015/03/30,14.69,14.89,14.62,14.84,24482128,364511392.00
2015/03/31,14.89,14.96,14.64,14.73,32316466,480803200.00
2015/04/01,14.80,15.87,14.78,15.39,50336681,779330816.00
2015/04/02,15.49,15.58,15.07,15.29,34271555,526631904.00
2015/04/03,15.23,15.46,15.09,15.42,31255179,480694528.00
2015/04/07,15.41,15.97,15.27,15.83,42611870,670606592.00
2015/04/08,15.97,16.04,15.25,15.40,37027374,581467904.00
2015/04/09,15.40,15.41,14.48,14.80,34932287,523097600.00
2015/04/10,14.86,15.11,14.73,15.03,33670326,506704576.00
2015/04/13,15.05,15.43,15.05,15.21,34375457,526557568.00
2015/04/14,15.21,15.40,14.90,15.06,33283897,505752768.00
2015/04/15,15.29,15.37,14.51,14.54,39951393,602001600.00
2015/04/16,14.49,15.01,14.31,14.85,25917696,384786080.00
2015/04/17,15.23,15.32,14.84,15.02,42331074,640807552.00
2015/04/20,15.02,15.05,14.57,14.60,37692536,560974784.00
2015/04/21,14.60,15.03,14.60,15.01,28988013,432656032.00
2015/04/22,15.18,15.34,15.03,15.27,48171640,736773568.00
2015/04/23,15.27,16.75,15.17,16.34,90964494,1466079872.00
2015/04/24,15.94,16.19,15.67,15.93,56616161,909060736.00
2015/04/27,16.16,16.38,15.69,15.89,47866889,767407744.00
2015/04/28,15.79,15.87,14.87,15.13,44736156,689413376.00
2015/04/29,15.18,15.59,14.90,15.37,41673044,640431936.00
2015/04/30,15.37,15.46,14.94,14.99,38770660,590552768.00
2015/05/04,15.19,15.57,14.92,15.37,35713279,549584768.00
2015/05/05,15.58,15.97,14.92,15.02,62801713,980094848.00
2015/05/06,14.91,15.12,14.40,14.55,40526552,603270144.00
2015/05/07,14.40,14.55,13.83,13.90,30536580,432876384.00
2015/05/08,14.07,14.18,13.64,14.15,33701037,473823552.00
2015/05/11,14.27,14.81,14.16,14.70,38690410,567182272.00
2015/05/12,14.76,14.76,14.39,14.61,38207793,559405952.00
2015/05/13,14.52,14.52,14.21,14.30,36571969,528383392.00
2015/05/14,14.34,14.38,13.89,14.10,42076454,597218176.00
2015/05/15,14.12,14.28,13.97,14.16,31024894,442491200.00
2015/05/18,14.15,14.32,13.94,13.99,31224782,443612320.00
2015/05/19,13.85,14.23,13.79,14.21,43907538,624538816.00
2015/05/20,14.22,14.59,14.19,14.27,44122235,640770240.00
2015/05/21,14.31,15.41,14.20,15.29,78169612,1169696128.00
2015/05/22,15.34,15.89,15.00,15.68,86241464,1336009856.00
2015/05/25,15.65,15.97,15.40,15.74,66315561,1053512256.00
2015/05/26,15.88,16.74,15.70,16.69,86764130,1428776832.00
2015/05/27,16.70,16.74,16.14,16.35,62056782,1023548992.00
2015/05/28,16.35,16.79,14.70,14.70,79132518,1266505088.00
2015/05/29,14.71,15.27,14.39,14.88,53198584,799314944.00
2015/06/01,14.91,16.38,14.89,16.21,55712165,873840960.00
2015/06/02,16.24,17.02,16.04,16.80,73379148,1226351744.00
2015/06/03,16.94,16.94,15.94,16.57,62208487,1027946944.00
2015/06/04,16.62,16.68,15.30,16.39,50118151,806625984.00
2015/06/05,16.58,17.89,16.41,17.73,104055642,1795379968.00
2015/06/08,17.70,18.39,17.44,18.11,93437892,1686930176.00
2015/06/09,18.08,18.08,17.29,17.51,51208064,906667456.00
2015/06/10,17.43,17.77,17.09,17.39,52887843,929257536.00
2015/06/11,17.39,17.63,17.18,17.57,41067645,719706432.00
2015/06/12,17.60,19.34,17.29,19.28,65056202,1172023296.00
2015/06/15,19.19,19.19,18.16,18.26,73309894,1374070400.00
2015/06/16,17.99,18.08,16.90,17.25,42386090,747511808.00
2015/06/17,17.39,17.77,16.70,17.55,41631304,724944000.00
2015/06/18,17.57,18.15,17.14,17.24,40652107,720101504.00
2015/06/19,16.70,17.08,15.57,15.62,36244162,593684352.00
2015/06/23,15.67,16.13,14.37,16.11,39467289,616300864.00
2015/06/24,16.11,17.65,15.89,17.22,64844627,1078203392.00
2015/06/25,16.97,17.55,15.49,15.52,59857119,998842688.00
2015/06/26,15.25,15.25,13.96,13.96,53417672,781522432.00
2015/06/29,14.49,14.65,12.55,12.96,62157290,846267584.00
2015/06/30,12.96,14.26,11.90,13.97,62912043,839879744.00
2015/07/01,13.85,14.64,12.97,13.19,60421880,858640896.00
2015/07/02,13.44,13.78,12.01,12.38,48475653,633815360.00
2015/07/03,12.04,12.85,11.16,11.44,47953936,575030784.00
2015/07/06,12.60,12.60,10.59,11.40,65490653,760584256.00
2015/07/07,11.07,11.47,10.25,10.25,39404331,422661632.00
2015/07/22,11.28,11.28,11.28,11.28,938745,10589044.00
2015/07/23,12.41,12.41,12.41,12.41,381196,4730642.00
2015/07/24,13.65,13.65,13.65,13.65,6601237,90106888.00
2015/07/27,14.00,14.79,13.50,13.53,165536667,2364579328.00
2015/07/28,13.00,14.09,12.50,13.69,95842627,1282556288.00
2015/07/29,13.96,14.17,12.78,13.94,77982329,1052341696.00
2015/07/30,13.68,13.79,12.91,12.96,63352526,852513856.00
2015/07/31,12.70,12.90,12.05,12.32,46006559,580751872.00
2015/08/03,12.31,12.94,11.95,12.27,44783593,555698560.00
2015/08/04,12.40,13.14,12.31,13.13,48426375,618395968.00
2015/08/05,13.12,13.95,12.95,13.28,67165835,910407104.00
2015/08/06,13.00,14.40,12.90,14.09,97107544,1360370816.00
2015/08/07,14.14,14.52,13.70,14.03,74963947,1044881536.00
2015/08/10,14.23,14.76,13.86,14.56,79387237,1144377472.00
2015/08/11,14.80,15.28,14.60,14.75,81107084,1214007168.00
2015/08/12,14.50,14.74,14.01,14.07,55781783,801317696.00
2015/08/13,14.12,14.42,13.88,14.32,47656817,676293696.00
2015/08/14,14.42,15.14,14.19,14.78,67562977,991186496.00
2015/08/17,14.78,15.59,14.77,15.46,74513502,1133854208.00
2015/08/18,15.50,15.62,13.91,13.91,70349516,1035074176.00
2015/08/19,13.60,14.53,12.90,14.32,57278287,789118848.00
2015/08/20,14.17,14.22,13.36,13.54,40858263,568640064.00
2015/08/21,13.32,13.47,12.19,12.31,61676925,782165824.00
2015/08/24,11.68,11.68,11.08,11.08,56837893,632809792.00
2015/08/25,10.03,10.87,9.97,9.97,73712079,749163584.00
2015/08/26,10.06,10.69,9.70,10.02,56540302,577069568.00
2015/08/27,10.32,10.85,10.05,10.81,47946662,498861984.00
2015/08/28,11.08,11.68,10.95,11.65,48390504,547817088.00
2015/08/31,11.65,11.66,11.02,11.19,36286089,407634432.00
2015/09/01,11.07,11.42,10.51,10.56,34231433,374202592.00
2015/09/02,9.80,10.80,9.78,10.27,47169538,482471648.00
2015/09/07,10.42,10.82,10.25,10.44,30987623,327678816.00
2015/09/08,10.52,11.08,10.24,10.97,24982072,265844432.00
2015/09/09,11.40,12.07,11.30,12.07,57030588,680275648.00
2015/09/10,12.00,12.70,11.83,12.08,64839072,794089664.00
2015/09/11,11.93,12.52,11.85,12.28,37065966,452140832.00
2015/09/14,12.41,12.50,11.05,11.15,44041081,508304992.00
2015/09/15,10.84,11.32,10.60,10.72,29331954,319235872.00
2015/09/16,10.90,11.79,10.80,11.71,32921946,371895136.00
2015/09/17,11.62,12.37,11.30,11.33,46281320,551092608.00
2015/09/18,11.51,11.97,11.31,11.70,31568078,367919712.00
2015/09/21,11.59,12.16,11.45,12.15,32059604,382500896.00
2015/09/22,12.16,12.44,12.01,12.15,31708156,387980576.00
2015/09/23,11.90,13.26,11.75,12.40,44639313,559070720.00
2015/09/24,12.50,12.69,12.09,12.31,25470566,314608224.00
2015/09/25,12.20,12.42,11.80,11.97,21997099,266440368.00
2015/09/28,11.88,12.74,11.88,12.60,33755372,422846912.00
2015/09/29,12.43,13.02,12.37,12.65,38977304,497474848.00
2015/09/30,13.50,13.71,13.02,13.28,63728130,852980928.00
2015/10/08,14.00,14.57,13.39,13.55,72013993,1005339904.00
2015/10/09,13.63,14.35,13.59,14.20,54800757,768554688.00
2015/10/12,14.26,15.11,14.14,14.20,90753649,1325558784.00
2015/10/13,14.15,14.86,14.00,14.68,53020387,764338112.00
2015/10/14,14.49,14.77,14.10,14.21,38256541,549661248.00
2015/10/15,14.10,14.50,14.04,14.45,28460799,408254880.00
2015/10/16,14.52,14.70,14.16,14.41,34302447,492822848.00
2015/10/19,14.42,15.46,14.15,15.22,65021315,961268928.00
2015/10/20,15.05,15.13,14.58,14.85,43197275,637592896.00
2015/10/21,14.82,15.02,13.37,13.72,55299227,783780480.00
2015/10/22,13.68,14.16,13.40,14.08,35985570,497830112.00
2015/10/23,14.48,14.66,13.94,14.39,43218262,618926528.00
2015/10/26,14.90,15.83,14.73,15.83,140515547,2191997440.00
2015/10/27,15.47,15.59,14.50,15.30,94357291,1419462656.00
2015/10/28,15.02,16.06,14.93,15.43,71753887,1119410176.00
2015/10/29,15.56,16.33,15.45,15.77,61094978,970166144.00
2015/10/30,15.83,16.85,15.63,16.08,91249284,1483310720.00
2015/11/02,15.18,15.95,15.03,15.07,62589162,967986816.00
2015/11/03,15.10,15.81,14.73,15.45,45560072,696494720.00
2015/11/04,15.56,16.48,15.56,16.40,60351358,972104576.00
2015/11/05,16.56,16.80,15.90,16.09,57326965,931611584.00
2015/11/06,16.16,16.55,16.06,16.25,44126383,720151552.00
2015/11/09,16.08,16.56,15.68,16.16,55079808,887941824.00
2015/11/10,15.97,16.28,15.72,16.08,48875486,780230336.00
2015/11/11,16.25,16.46,15.59,15.92,55008536,874456832.00
2015/11/12,15.85,16.48,15.64,16.44,66444818,1069261184.00
2015/11/13,16.40,17.08,15.95,16.53,93477728,1554023936.00
2015/11/16,16.11,16.50,16.00,16.43,41776109,679342400.00
2015/11/17,16.59,16.72,15.82,15.90,50760946,822340544.00
2015/11/18,16.20,16.30,15.52,15.59,32873576,523621152.00
2015/11/19,15.60,16.13,15.56,16.11,27476176,435993216.00
2015/11/20,16.30,16.35,15.88,16.04,34257102,553338048.00
2015/11/23,15.90,16.22,15.50,15.59,40553710,641277952.00
2015/11/24,15.59,15.62,14.95,15.47,42446552,645232512.00
2015/11/25,15.40,15.68,15.29,15.56,23319641,361851136.00
2015/11/26,15.73,16.15,15.66,15.82,38573155,614197440.00
2015/11/27,15.68,15.72,14.37,14.64,34299547,521964992.00
2015/11/30,14.80,15.14,13.98,14.89,25888847,379137792.00
2015/12/01,14.90,15.00,14.48,14.89,24162466,356486784.00
2015/12/02,14.78,15.35,14.63,14.99,30586679,458493536.00
2015/12/03,15.00,15.29,14.96,15.20,22281514,336856160.00
2015/12/04,15.15,15.33,15.02,15.11,19212597,290989792.00
2015/12/07,15.19,15.34,15.04,15.24,18802884,286259520.00
2015/12/08,15.17,15.35,14.60,14.68,32466903,487707936.00
2015/12/09,14.51,15.26,14.44,15.10,36010028,535761856.00
2015/12/10,15.30,15.33,14.45,14.61,36647099,542672448.00
2015/12/11,14.60,14.60,14.07,14.27,27038406,384827744.00
2015/12/14,14.15,14.66,14.05,14.63,21054259,303423456.00
2015/12/15,14.66,14.69,14.50,14.56,15188616,221388592.00
2015/12/16,14.61,14.65,14.23,14.34,27781830,400994336.00
2015/12/17,14.50,14.90,14.42,14.90,39543816,581248640.00
2015/12/18,14.90,15.15,14.67,14.84,27157323,404246752.00
2015/12/21,14.73,14.96,14.68,14.89,22196583,329371808.00
2015/12/22,14.84,14.89,14.68,14.86,17184665,253881840.00
2015/12/23,14.80,14.93,14.61,14.63,18198373,268751328.00
2015/12/24,14.61,14.86,14.55,14.64,15683676,230212224.00
2015/12/25,14.64,14.72,14.38,14.55,21601986,314249056.00
2015/12/28,14.55,14.74,14.20,14.24,22116653,320389024.00
2015/12/29,14.30,14.60,14.05,14.52,24042826,344738720.00
2015/12/30,14.52,14.85,14.48,14.64,25291492,371293600.00
2015/12/31,14.64,14.68,14.52,14.59,24465992,357385536.00
2016/01/04,14.55,14.56,13.46,13.52,20910470,294325824.00
2016/01/05,13.20,13.85,13.00,13.66,31007800,417143936.00
2016/01/06,13.75,13.83,13.58,13.81,15921199,218582992.00
2016/01/07,13.51,13.54,12.43,12.48,5787915,74764968.00
2016/01/08,12.88,13.13,12.00,12.82,34474888,440408928.00
2016/01/11,12.51,12.85,11.60,11.61,29315363,359281120.00
2016/01/12,11.63,11.80,11.08,11.58,23133548,267062480.00
2016/01/13,11.70,11.85,11.23,11.42,16576568,191410000.00
2016/01/14,11.00,11.86,10.89,11.79,22790337,259122144.00
2016/01/15,11.60,11.75,11.01,11.30,19270076,219466240.00
2016/01/18,11.00,11.63,10.91,11.40,16165860,183806816.00
2016/01/19,11.47,11.85,11.36,11.78,15634228,182102192.00
2016/01/20,11.76,11.89,11.46,11.51,15742594,183748576.00
2016/01/21,11.28,11.61,10.86,10.88,19162299,215167392.00
2016/01/22,11.00,11.14,10.36,10.74,30595883,326633728.00
2016/01/25,10.92,10.95,10.59,10.78,16529784,178216752.00
2016/01/26,10.62,10.62,9.71,9.72,26590253,270432032.00
2016/01/27,9.77,9.85,8.88,9.29,37246098,345404896.00
2016/01/28,9.15,9.27,8.48,8.51,26371517,237529168.00
2016/01/29,8.56,9.15,8.49,8.98,28029208,247996976.00
2016/02/01,8.96,9.21,8.86,8.99,27221499,245145168.00
2016/02/02,9.09,9.51,9.03,9.37,24030271,224247696.00
2016/02/03,9.37,9.73,9.28,9.65,32173168,306600800.00
2016/02/04,9.64,10.50,9.58,10.15,26944505,273298912.00
2016/02/05,10.16,10.20,9.80,9.91,15023750,150002192.00
2016/02/15,9.51,10.25,9.45,10.09,16294759,160674352.00
2016/02/16,10.13,10.41,10.13,10.35,19291662,198761808.00
2016/02/17,10.30,10.64,10.25,10.45,26062794,272047616.00
2016/02/18,10.78,10.85,10.28,10.31,24706742,259663072.00
2016/02/19,10.33,10.58,10.20,10.38,19406049,201666048.00
2016/02/22,10.56,10.88,10.44,10.74,32946821,352525664.00
2016/02/23,10.76,10.79,10.30,10.49,24262180,254288176.00
2016/02/24,10.57,10.82,10.44,10.78,27830588,296068384.00
2016/02/25,11.00,11.05,9.86,9.97,44177120,466836864.00
2016/02/26,10.11,10.26,9.77,10.11,25130817,254195008.00
2016/02/29,10.06,10.06,9.14,9.27,25643618,241437120.00
2016/03/01,9.35,9.49,8.88,9.39,26202352,242603856.00
2016/03/02,9.40,9.96,9.34,9.91,30264175,291586688.00
2016/03/03,9.97,10.08,9.80,9.88,23798055,236191424.00
2016/03/04,10.00,10.57,9.80,9.98,39725033,404011200.00
2016/03/07,10.10,10.47,10.10,10.28,27868659,286882560.00
2016/03/08,10.28,10.28,9.80,10.23,21094683,211533392.00
2016/03/09,10.00,10.21,9.89,10.01,16810969,168768304.00
数据来源:通达信
