600277 亿利洁能 日线 前复权
      日期	    开盘	    最高	    最低	    收盘	    成交量	    成交额
2011/01/04,7.35,7.51,7.31,7.46,3234896,42771672.00
2011/01/05,7.38,7.61,7.33,7.59,3138142,41922360.00
2011/01/06,7.57,7.58,7.39,7.46,2275993,30243992.00
2011/01/07,7.48,7.52,7.33,7.37,2387992,31507024.00
2011/01/10,7.36,7.41,7.31,7.36,2075238,27165996.00
2011/01/11,7.36,7.39,7.13,7.26,2297033,29777180.00
2011/01/12,7.35,7.36,7.12,7.19,1569511,20196600.00
2011/01/13,7.22,7.28,7.13,7.27,1905540,24514648.00
2011/01/14,7.23,7.26,7.05,7.11,1920587,24395068.00
2011/01/17,7.11,7.11,6.63,6.64,2252202,27494304.00
2011/01/18,6.59,6.68,6.58,6.63,1133206,13455962.00
2011/01/19,6.66,6.85,6.60,6.81,1559354,18863080.00
2011/01/20,6.82,6.88,6.52,6.53,1836123,22104636.00
2011/01/21,6.56,6.71,6.54,6.69,1373956,16366721.00
2011/01/24,6.66,6.81,6.60,6.73,1308763,15656993.00
2011/01/25,6.78,7.01,6.76,6.94,3323467,40963052.00
2011/01/26,6.89,7.00,6.88,6.95,1550285,19220432.00
2011/01/28,7.09,7.21,6.98,7.01,2625866,33146654.00
2011/01/31,7.01,7.05,6.83,7.04,2745233,34214912.00
2011/02/01,7.11,7.20,7.06,7.14,2106436,26759136.00
2011/02/09,7.06,7.10,6.88,6.97,1922708,24073964.00
2011/02/10,7.09,7.20,6.92,7.19,2923273,37084916.00
2011/02/11,7.22,7.56,7.19,7.38,4040957,53443272.00
2011/02/14,7.38,7.52,7.31,7.48,3969984,52631888.00
2011/02/15,7.49,7.53,7.35,7.42,3960358,52522720.00
2011/02/16,7.42,7.62,7.41,7.60,4332852,58266528.00
2011/02/17,7.62,7.80,7.45,7.78,5617679,76074080.00
2011/02/18,7.79,7.79,7.54,7.55,3642369,49407500.00
2011/02/21,7.52,7.67,7.48,7.65,3578567,48425480.00
2011/02/22,7.66,7.76,7.43,7.43,4676668,63273372.00
2011/02/23,7.36,7.65,7.33,7.63,4608194,61890704.00
2011/02/24,7.64,7.86,7.56,7.83,8201451,112846840.00
2011/02/25,7.76,7.79,7.63,7.72,3685125,50519388.00
2011/02/28,7.76,8.06,7.70,7.99,6173737,86674640.00
2011/03/01,8.00,8.09,7.88,7.99,5687982,80666824.00
2011/03/02,7.96,8.09,7.81,7.98,4180186,58979776.00
2011/03/03,8.01,8.09,7.76,7.79,4095243,57639520.00
2011/03/04,7.81,8.01,7.71,7.99,3416059,47787116.00
2011/03/07,8.05,8.49,7.97,8.41,14004693,206263648.00
2011/03/08,8.36,8.36,8.21,8.32,5740722,84219976.00
2011/03/09,8.31,8.46,8.20,8.38,5781869,85267408.00
2011/03/10,8.50,9.25,8.48,8.98,24534295,388780032.00
2011/03/11,8.88,9.73,8.82,9.42,27728665,460402496.00
2011/03/14,9.35,9.57,9.11,9.44,15889104,261171296.00
2011/03/15,9.29,9.63,8.94,9.22,14839501,242873760.00
2011/03/16,9.13,9.59,9.10,9.37,15470646,256371152.00
2011/03/17,9.18,9.56,8.99,9.32,14457231,237719600.00
2011/03/18,9.32,9.53,8.99,9.01,12987543,210866352.00
2011/03/21,9.01,9.05,8.58,8.64,8833472,136051760.00
2011/03/22,8.70,8.91,8.50,8.87,7354805,113585872.00
2011/03/23,8.83,8.96,8.71,8.87,6838181,106964136.00
2011/03/24,8.87,9.35,8.75,9.31,14688009,236237056.00
2011/03/25,9.18,9.52,9.13,9.28,10676945,175282048.00
2011/03/28,9.33,9.62,9.18,9.56,14734169,245446416.00
2011/03/29,9.47,9.79,8.99,9.03,15792360,261211536.00
2011/03/30,9.00,9.00,8.65,8.73,8123132,126464368.00
2011/03/31,8.71,8.89,8.57,8.68,4988757,77035296.00
2011/04/01,8.65,9.15,8.65,9.02,6769178,106597120.00
2011/04/06,8.88,8.98,8.71,8.83,6334496,98513888.00
2011/04/07,8.83,8.98,8.71,8.89,5127801,80433976.00
2011/04/08,8.93,9.23,8.88,9.20,8707878,140324656.00
2011/04/11,9.22,9.25,9.01,9.04,6882777,110879192.00
2011/04/12,9.00,9.28,8.81,9.13,7327028,117534576.00
2011/04/13,8.96,9.03,8.80,9.01,5138969,80890576.00
2011/04/14,8.99,9.79,8.89,9.58,20001468,333163456.00
2011/04/15,9.47,9.93,9.41,9.87,24124183,413549696.00
2011/04/18,9.88,10.03,9.64,9.79,15351877,264548464.00
2011/04/19,9.65,9.71,9.25,9.28,13580694,224995808.00
2011/04/20,9.18,9.42,9.02,9.07,9995739,162168800.00
2011/04/21,9.12,9.21,8.87,8.97,9736941,154196112.00
2011/04/22,9.00,9.12,8.78,8.83,6202866,97795152.00
2011/04/25,8.82,8.82,8.48,8.49,5844192,88982392.00
2011/04/27,8.40,8.55,8.19,8.28,5209995,77551872.00
2011/04/28,8.34,8.41,8.08,8.11,3652140,53303644.00
2011/04/29,7.95,8.35,7.95,8.31,3919112,57410880.00
2011/05/03,8.40,8.59,8.29,8.54,4555115,68421992.00
2011/05/04,8.53,8.54,8.01,8.05,4366983,63717272.00
2011/05/05,7.99,7.99,7.79,7.86,2983940,41724284.00
2011/05/06,7.76,8.15,7.65,8.02,3825250,54216984.00
2011/05/09,7.99,8.15,7.92,8.02,3235168,45986280.00
2011/05/10,8.07,8.30,7.96,8.23,3964265,57577624.00
2011/05/11,8.29,8.52,8.18,8.22,5074709,75286248.00
2011/05/12,8.06,8.12,7.88,7.92,3895386,55273524.00
2011/05/13,7.92,8.06,7.86,8.02,2593428,36692688.00
2011/05/16,8.03,8.11,7.96,8.05,1898832,27117388.00
2011/05/17,8.09,8.21,7.83,8.09,3007386,42854032.00
2011/05/18,8.09,8.39,7.99,8.37,4221129,61721964.00
2011/05/19,8.39,8.41,8.15,8.17,2354003,33851104.00
2011/05/20,8.17,8.21,7.96,8.01,3090238,43120220.00
2011/05/23,8.00,8.00,7.46,7.48,3718069,49502064.00
2011/05/24,7.49,7.62,7.42,7.59,1898682,24876864.00
2011/05/25,7.65,7.68,7.31,7.38,2107480,27520840.00
2011/05/27,7.44,7.44,7.02,7.13,2799097,35088880.00
2011/05/30,7.09,7.13,6.89,6.91,2005140,24498944.00
2011/05/31,6.92,7.14,6.91,7.11,1321774,16234402.00
2011/06/01,7.12,7.32,7.06,7.23,2018204,25452732.00
2011/06/02,7.09,7.19,6.90,7.12,1877125,23142028.00
2011/06/03,7.13,7.28,7.03,7.24,1849864,23218316.00
2011/06/07,7.21,7.38,7.13,7.35,2068632,26316174.00
2011/06/08,7.32,7.46,7.22,7.42,2206024,28222900.00
2011/06/09,7.47,7.47,7.25,7.35,2229211,28566676.00
2011/06/10,7.37,7.41,7.11,7.28,3426577,43021840.00
2011/06/13,7.16,7.19,7.05,7.09,2592000,32141838.00
2011/06/14,7.14,7.37,7.11,7.35,2765886,35094392.00
2011/06/15,7.33,8.10,7.29,8.10,14344314,197948560.00
2011/06/16,7.97,8.22,7.80,7.84,13043086,181706560.00
2011/06/17,7.71,8.03,7.61,7.69,6649764,89979064.00
2011/06/20,7.76,7.94,7.59,7.93,6161584,83210496.00
2011/06/21,7.95,8.06,7.77,8.02,5854802,80523080.00
2011/06/22,7.94,7.97,7.76,7.82,4578357,62503364.00
2011/06/23,7.77,8.00,7.68,7.99,4949934,67489136.00
2011/06/24,7.89,8.18,7.88,8.05,7831693,109598000.00
2011/06/27,8.09,8.22,8.00,8.16,5322477,74979120.00
2011/06/28,8.17,8.17,7.97,8.02,4077181,56944676.00
2011/06/29,8.08,8.08,7.78,7.79,4632099,63719956.00
2011/06/30,8.03,8.52,8.02,8.25,12310159,177632112.00
2011/07/01,8.18,8.52,8.16,8.41,10254369,148158352.00
2011/07/04,8.40,8.50,8.35,8.48,7795249,114056504.00
2011/07/05,8.45,8.59,8.36,8.49,6098772,89552136.00
2011/07/06,8.47,8.52,8.28,8.36,4641123,67373328.00
2011/07/07,8.35,8.48,8.29,8.32,5269572,76839632.00
2011/07/08,8.29,8.39,8.18,8.21,3553430,51003200.00
2011/07/11,8.23,8.32,8.20,8.28,3159437,45331892.00
2011/07/12,8.16,8.18,7.89,7.92,5250829,73146544.00
2011/07/13,7.97,8.06,7.92,8.06,3085890,42978048.00
2011/07/14,8.06,8.89,8.06,8.88,14251359,210044096.00
2011/07/15,8.71,8.93,8.60,8.72,14486547,219357056.00
2011/07/18,8.68,8.72,8.56,8.64,8436682,126291544.00
2011/07/19,8.59,8.62,8.41,8.58,3775696,55828512.00
2011/07/20,8.62,8.82,8.50,8.62,5957139,89788360.00
2011/07/21,8.65,8.67,8.33,8.39,4080014,59760912.00
2011/07/25,8.39,8.41,7.82,7.95,4322940,60592888.00
2011/07/26,7.94,8.04,7.76,8.03,2394211,33122202.00
2011/07/27,8.02,8.35,7.88,8.19,3055735,42997964.00
2011/07/28,8.06,8.11,7.93,8.08,2101198,29330864.00
2011/07/29,8.01,8.12,7.93,7.97,1707270,23749352.00
2011/08/01,7.99,8.19,7.98,8.11,2617987,36966812.00
2011/08/02,8.06,8.07,7.80,8.02,2466176,33953644.00
2011/08/03,7.93,8.13,7.85,8.01,1847573,25660220.00
2011/08/04,8.01,8.13,8.01,8.11,2380595,33454540.00
2011/08/05,7.76,7.91,7.53,7.73,2834841,38386392.00
2011/08/08,7.83,8.01,7.24,7.38,5641912,74913632.00
2011/08/09,7.09,7.56,6.94,7.46,3732591,47345956.00
2011/08/10,7.53,7.71,7.51,7.55,3762989,49869260.00
2011/08/11,7.32,7.68,7.23,7.65,2676886,35113708.00
2011/08/12,7.71,7.86,7.65,7.69,2984851,40199312.00
2011/08/15,7.94,7.94,7.74,7.82,3354524,45617580.00
2011/08/16,7.89,7.91,7.68,7.72,2628224,35488808.00
2011/08/17,7.71,7.85,7.53,7.79,2843692,38141008.00
2011/08/18,7.78,7.82,7.62,7.62,1757617,23486568.00
2011/08/19,7.50,7.56,7.42,7.51,1950100,25414424.00
2011/08/22,7.51,7.63,7.44,7.46,1548845,20249030.00
2011/08/23,7.50,7.57,7.40,7.56,1637138,21327532.00
2011/08/24,7.66,7.66,7.43,7.45,1723810,22663154.00
2011/08/25,7.47,7.71,7.41,7.66,2695601,35551816.00
2011/08/26,7.63,7.80,7.61,7.72,2567918,34423288.00
2011/08/29,7.66,7.69,7.53,7.54,2288232,30179586.00
2011/08/30,7.63,7.68,7.46,7.49,2172649,28661752.00
2011/08/31,7.45,7.55,7.34,7.44,1924798,24891678.00
2011/09/01,7.46,7.51,7.34,7.39,1131766,14622417.00
2011/09/02,7.35,7.41,7.24,7.29,1070089,13615763.00
2011/09/05,7.23,7.23,7.08,7.12,1077999,13399075.00
2011/09/06,7.06,7.19,7.03,7.06,1171827,14479642.00
2011/09/07,7.17,7.28,7.06,7.26,1480430,18523732.00
2011/09/08,7.30,7.36,7.15,7.15,1681959,21292506.00
2011/09/09,7.15,7.22,7.06,7.15,1060378,13192349.00
2011/09/13,7.01,7.07,6.97,7.00,874682,10705697.00
2011/09/14,7.12,7.12,6.94,7.10,1143038,14037585.00
2011/09/15,7.13,7.21,7.09,7.10,1140345,14185425.00
2011/09/16,7.14,7.30,7.11,7.16,1486855,18608728.00
2011/09/19,7.15,7.23,7.09,7.09,1686276,21049500.00
2011/09/20,7.03,7.21,7.01,7.19,1395920,17371624.00
2011/09/21,7.18,7.49,7.16,7.45,3517987,45164792.00
2011/09/22,7.37,7.46,7.22,7.23,2444877,31239844.00
2011/09/23,7.06,7.22,7.04,7.09,1812664,22462368.00
2011/09/26,7.09,7.15,6.95,6.95,1583285,19403068.00
2011/09/27,7.06,7.10,6.95,7.03,1257884,15404607.00
2011/09/28,7.12,7.12,6.79,6.80,1857584,22370848.00
2011/09/29,6.73,6.80,6.22,6.32,1982234,22584722.00
2011/09/30,6.34,6.42,6.25,6.41,1209472,13438562.00
2011/10/10,6.42,6.56,6.33,6.35,746421,8347370.00
2011/10/11,6.53,6.58,6.23,6.28,1070141,12024541.00
2011/10/12,6.29,6.58,6.19,6.55,1949579,22067076.00
2011/10/13,6.55,6.62,6.53,6.56,1306155,14991078.00
2011/10/14,6.57,6.63,6.50,6.55,728824,8344394.00
2011/10/17,6.61,6.67,6.49,6.59,971054,11146026.00
2011/10/18,6.54,6.61,6.32,6.34,1492555,16848570.00
2011/10/19,6.38,6.41,6.29,6.32,726232,8045400.00
2011/10/20,6.31,6.34,5.89,6.01,1249210,13330815.00
2011/10/21,5.98,6.08,5.88,5.89,765451,7976169.00
2011/10/24,5.89,6.04,5.88,6.01,834342,8715148.00
2011/10/25,6.01,6.18,5.95,6.15,1430948,15280811.00
2011/10/26,6.11,6.31,6.08,6.25,2345856,25594188.00
2011/10/27,6.26,6.50,6.23,6.33,2566624,28396112.00
2011/10/28,6.33,6.45,6.32,6.41,2573252,28705136.00
2011/10/31,6.41,6.43,6.28,6.33,1904069,21139980.00
2011/11/01,6.26,6.35,6.23,6.31,1509124,16602017.00
2011/11/02,6.21,6.38,6.11,6.37,2264615,24654712.00
2011/11/03,6.41,6.56,6.34,6.51,3773639,42658284.00
2011/11/04,6.53,6.62,6.47,6.56,2762119,31520476.00
2011/11/07,6.57,6.67,6.49,6.62,2796356,32248760.00
2011/11/08,6.64,6.85,6.61,6.79,5680823,66767676.00
2011/11/09,6.79,6.93,6.66,6.88,4599665,54481048.00
2011/11/10,6.78,7.05,6.73,6.74,6906138,82247808.00
2011/11/11,6.74,6.87,6.61,6.65,3329798,38896856.00
2011/11/14,6.73,6.81,6.66,6.81,2563139,30195556.00
2011/11/15,6.81,6.87,6.78,6.81,2639374,31373356.00
2011/11/17,6.61,6.72,6.58,6.65,2027333,23479068.00
2011/11/18,6.61,6.61,6.32,6.35,1772413,19912008.00
2011/11/21,6.37,6.37,6.13,6.28,1233274,13449777.00
2011/11/22,6.21,6.29,6.16,6.26,765848,8334235.00
2011/11/23,6.26,6.35,6.22,6.25,826915,9052416.00
2011/11/24,6.21,6.29,6.13,6.18,1003285,10872890.00
2011/11/25,6.23,6.29,6.16,6.22,727568,7927570.00
2011/11/28,6.17,6.26,6.16,6.26,694819,7554452.00
2011/11/29,6.31,6.39,6.26,6.36,1188170,13155062.00
2011/11/30,6.35,6.36,5.91,6.04,1461700,15641059.00
2011/12/01,6.23,6.27,6.12,6.14,1556485,16906834.00
2011/12/02,6.12,6.18,6.02,6.12,1383391,14692031.00
2011/12/05,6.01,6.09,5.88,5.88,869476,9043985.00
2011/12/06,5.88,5.99,5.77,5.98,986152,10232371.00
2011/12/07,5.96,6.44,5.93,6.32,4145649,44896388.00
2011/12/08,6.23,6.31,6.12,6.18,3152729,34086056.00
2011/12/09,6.12,6.13,5.94,5.96,1284146,13574548.00
2011/12/12,5.98,6.05,5.88,5.92,852589,8877131.00
2011/12/13,5.88,5.96,5.70,5.70,1140645,11618474.00
2011/12/14,5.70,5.76,5.49,5.51,906808,8934800.00
2011/12/15,5.42,5.47,5.01,5.09,2298769,20924164.00
2011/12/16,5.12,5.28,5.07,5.26,986521,8970151.00
2011/12/19,5.26,5.26,5.06,5.22,806479,7331489.00
2011/12/20,5.23,5.32,5.19,5.23,663497,6118511.00
2011/12/21,5.28,5.31,5.03,5.06,603497,5522517.00
2011/12/22,5.00,5.03,4.68,4.89,1099000,9398780.00
2011/12/23,4.88,5.02,4.82,4.93,590660,5135460.00
2011/12/26,4.88,4.99,4.82,4.89,395682,3434476.00
2011/12/27,4.88,4.92,4.69,4.71,668673,5652750.00
2011/12/29,4.71,4.81,4.66,4.73,706704,5932027.00
2011/12/30,4.78,4.87,4.73,4.85,633853,5391484.00
2012/01/04,4.87,5.00,4.78,4.78,759109,6524665.00
2012/01/05,4.76,4.76,4.55,4.64,756712,6218912.00
2012/01/06,4.66,4.69,4.47,4.63,811459,6535874.00
2012/01/09,4.62,4.97,4.56,4.93,1484167,12556882.00
2012/01/10,4.88,5.21,4.88,5.19,2044934,18199032.00
2012/01/11,5.21,5.26,5.09,5.15,1859758,16899158.00
2012/01/12,5.12,5.31,5.03,5.16,1639164,14971307.00
2012/01/13,5.19,5.22,4.95,4.97,1603915,14262281.00
2012/01/16,4.89,5.03,4.79,4.83,739486,6401354.00
2012/01/17,4.83,5.18,4.81,5.16,1206532,10702397.00
2012/01/18,5.18,5.28,5.11,5.12,1505503,13720161.00
2012/01/19,5.12,5.22,5.06,5.17,1216068,11011975.00
2012/01/20,5.18,5.21,5.15,5.19,861182,7850802.00
2012/01/30,5.24,5.26,5.13,5.15,1133148,10343013.00
2012/01/31,5.12,5.19,5.05,5.15,711045,6410284.00
2012/02/01,5.15,5.19,5.06,5.10,630333,5670693.00
2012/02/02,5.15,5.19,5.06,5.18,1109103,10081385.00
2012/02/03,5.13,5.29,5.12,5.25,1580320,14529428.00
2012/02/06,5.29,5.39,5.25,5.29,1542139,14429586.00
2012/02/07,5.25,5.25,5.14,5.18,983643,8955512.00
2012/02/08,5.18,5.38,5.15,5.37,1685639,15642552.00
2012/02/09,5.39,5.41,5.32,5.37,1979214,18643412.00
2012/02/10,5.37,5.69,5.33,5.61,5670337,55259804.00
2012/02/13,5.60,6.18,5.51,6.08,8985345,93073896.00
2012/02/14,6.00,6.21,5.89,5.93,8051475,84050696.00
2012/02/15,5.88,5.97,5.76,5.95,4835484,49616392.00
2012/02/16,5.91,5.93,5.79,5.85,2329243,23878012.00
2012/02/17,5.86,5.86,5.71,5.82,1851922,18773746.00
2012/02/20,5.88,5.91,5.79,5.79,2046817,20997096.00
2012/02/21,5.74,5.85,5.68,5.85,1979326,20038596.00
2012/02/22,5.86,5.92,5.83,5.91,2788276,28785866.00
2012/02/23,5.91,6.02,5.86,5.93,2900657,30215660.00
2012/02/24,5.92,5.98,5.91,5.93,2666085,27765180.00
2012/02/27,5.95,6.06,5.93,5.94,3314752,34845104.00
2012/02/28,5.91,5.93,5.76,5.83,2317336,23654988.00
2012/02/29,5.82,5.93,5.77,5.79,1746317,17948940.00
2012/03/01,5.78,5.87,5.75,5.80,1307697,13321935.00
2012/03/02,5.80,6.00,5.80,5.96,2047413,21235960.00
2012/03/05,5.98,6.09,5.94,5.95,2297478,24169472.00
2012/03/06,5.95,5.96,5.85,5.92,1343771,13877915.00
2012/03/07,5.86,5.92,5.82,5.89,1160599,11950113.00
2012/03/08,5.93,6.17,5.91,6.06,4603580,48982688.00
2012/03/09,6.03,6.11,6.02,6.09,2520801,26775300.00
2012/03/12,6.09,6.23,6.03,6.14,2984259,32017222.00
2012/03/13,6.13,6.18,6.05,6.18,2521735,27009728.00
2012/03/14,6.19,6.23,5.63,5.78,4479867,46879396.00
2012/03/15,5.72,5.82,5.65,5.68,2194360,22048192.00
2012/03/16,5.76,5.85,5.69,5.82,1627568,16493147.00
2012/03/19,5.83,5.90,5.76,5.89,1911309,19500192.00
2012/03/20,5.85,5.91,5.71,5.71,1723841,17421076.00
2012/03/21,5.71,5.85,5.63,5.79,1968970,19897492.00
2012/03/22,5.81,5.81,5.68,5.73,1611878,16179986.00
2012/03/23,5.71,5.76,5.57,5.62,1393562,13781603.00
2012/03/27,5.65,5.76,5.62,5.63,1391061,13872670.00
2012/03/28,5.65,5.65,5.05,5.26,2141870,20237040.00
2012/03/29,5.23,5.26,5.08,5.11,1193717,10838359.00
2012/03/30,5.20,5.20,4.94,5.02,1330821,11777904.00
2012/04/05,5.06,5.28,5.02,5.24,1518738,13939105.00
2012/04/06,5.25,5.34,5.21,5.27,1058418,9837851.00
2012/04/09,5.22,5.46,5.22,5.34,1457452,13701055.00
2012/04/10,5.48,5.80,5.46,5.59,5322481,52338072.00
2012/04/11,5.48,5.59,5.46,5.53,1921783,18605664.00
2012/04/12,5.51,5.64,5.49,5.59,3809272,37299248.00
2012/04/13,5.59,5.79,5.59,5.74,4069869,40585252.00
2012/04/16,5.70,5.73,5.62,5.69,1798901,17917488.00
2012/04/17,5.70,5.71,5.56,5.57,1720011,16972928.00
2012/04/18,5.62,5.74,5.59,5.71,2601209,25958584.00
2012/04/19,5.71,5.88,5.69,5.76,2909285,29572312.00
2012/04/20,5.78,5.85,5.71,5.82,2051524,20789140.00
2012/04/23,5.82,5.86,5.71,5.75,1566676,15820609.00
2012/04/24,5.75,5.86,5.54,5.85,4195924,42271092.00
2012/04/25,5.85,5.96,5.76,5.91,3630241,37356680.00
2012/04/26,5.94,5.98,5.83,5.88,1682896,17388000.00
2012/04/27,5.82,5.87,5.73,5.76,2274068,23064036.00
2012/05/02,5.79,5.97,5.79,5.90,2417304,24908912.00
2012/05/03,5.89,6.16,5.84,6.15,4870951,51704208.00
2012/05/04,6.12,6.27,6.03,6.18,3543256,38190488.00
2012/05/07,6.12,6.17,6.04,6.13,2049815,21892112.00
2012/05/08,6.08,6.26,6.06,6.18,2107070,22771856.00
2012/05/09,6.12,6.12,6.00,6.08,2113484,22390170.00
2012/05/10,6.05,6.15,6.03,6.07,1423787,15170446.00
2012/05/11,6.09,6.12,5.92,5.93,1518476,16003962.00
2012/05/14,6.05,6.06,5.86,5.86,1308700,13632032.00
2012/05/15,5.79,5.81,5.71,5.79,1300612,13118186.00
2012/05/16,5.78,5.84,5.71,5.75,863958,8750388.00
2012/05/18,5.82,5.88,5.70,5.71,1652951,16757422.00
2012/05/21,5.68,5.76,5.57,5.69,1144226,11369720.00
2012/05/22,5.72,5.81,5.72,5.79,1129893,11422307.00
2012/05/23,5.79,5.82,5.72,5.77,1141590,11544710.00
2012/05/24,5.73,5.84,5.72,5.72,705985,7132838.00
2012/05/25,5.79,5.79,5.66,5.66,625901,6269470.00
2012/05/29,5.76,5.89,5.74,5.85,2157698,22048762.00
2012/05/30,5.87,5.88,5.76,5.80,1473358,14976391.00
2012/05/31,5.76,5.81,5.75,5.76,1077894,10898193.00
2012/06/01,5.72,5.83,5.72,5.79,741690,7519064.00
2012/06/04,5.65,5.71,5.49,5.50,1602592,15785157.00
2012/06/05,5.52,5.63,5.41,5.42,938209,9038621.00
2012/06/06,5.47,5.50,5.39,5.42,680761,6477192.00
2012/06/07,5.82,5.98,5.73,5.85,7147313,73338552.00
2012/06/08,5.88,5.88,5.58,5.69,3899328,39151648.00
2012/06/11,5.70,5.73,5.53,5.69,2316082,22868832.00
2012/06/12,5.68,5.75,5.60,5.69,1982538,19813576.00
2012/06/13,5.69,5.85,5.69,5.75,1857032,10921428.00
2012/06/14,5.70,5.70,5.54,5.54,3237584,18522612.00
2012/06/15,5.55,5.58,5.44,5.49,1764761,9923242.00
2012/06/18,5.56,5.63,5.53,5.54,2525156,14365124.00
2012/06/19,5.59,5.81,5.56,5.69,5398759,31469472.00
2012/06/20,5.71,5.74,5.59,5.64,2252399,12967961.00
2012/06/21,5.64,5.68,5.50,5.52,1756456,9934799.00
2012/06/25,5.53,5.55,5.40,5.41,1247576,6964841.00
2012/06/26,5.44,5.44,5.23,5.40,1233639,6712336.00
2012/06/27,5.40,5.43,5.25,5.26,1213395,6624544.00
2012/06/28,5.28,5.37,5.06,5.07,2471008,13162734.00
2012/06/29,4.98,5.10,4.94,5.00,2905983,14883327.00
2012/07/02,5.08,5.10,4.99,5.02,2439197,12565112.00
2012/07/03,5.03,5.07,4.94,5.03,1962895,10103490.00
2012/07/04,5.03,5.06,4.98,5.00,1451290,7455983.00
2012/07/05,5.00,5.05,4.96,5.02,1594094,8185915.00
2012/07/06,5.02,5.16,4.96,5.12,2455256,12743731.00
2012/07/09,5.11,5.11,4.94,4.95,1518511,7797863.00
2012/07/10,4.95,4.98,4.86,4.90,1189902,5982215.00
2012/07/11,4.91,4.98,4.85,4.92,928018,4690874.00
2012/07/12,4.92,5.11,4.87,5.06,2280269,11748184.00
2012/07/13,5.07,5.07,4.95,4.97,1401845,7179016.00
2012/07/16,4.97,4.98,4.79,4.81,1619035,8091336.00
2012/07/17,4.82,4.83,4.77,4.82,1052129,5182172.00
2012/07/18,4.83,4.85,4.75,4.83,1003765,4934732.00
2012/07/19,4.83,4.95,4.83,4.91,1456573,7335056.00
2012/07/20,4.91,4.94,4.85,4.86,1038826,5198802.00
2012/07/23,4.84,4.87,4.77,4.83,811315,3998244.00
2012/07/24,4.77,4.91,4.76,4.85,862535,4269959.00
2012/07/25,4.85,5.00,4.80,4.89,1536473,7721654.00
2012/07/26,4.88,4.92,4.80,4.82,1059532,5291878.00
2012/07/27,4.85,4.89,4.80,4.83,725688,3595559.00
2012/07/30,4.85,4.85,4.69,4.72,911869,4461548.00
2012/07/31,4.72,4.79,4.66,4.67,832796,4026817.00
2012/08/01,4.66,4.73,4.63,4.73,648035,3132205.00
2012/08/02,4.68,4.74,4.62,4.63,699317,3351285.00
2012/08/03,4.65,4.75,4.63,4.72,822983,3967178.00
2012/08/06,4.72,4.84,4.71,4.83,2018045,9871108.00
2012/08/07,4.84,4.91,4.79,4.90,1764880,8781924.00
2012/08/08,4.91,5.40,4.85,5.34,10068411,54002168.00
2012/08/09,5.33,5.36,5.19,5.29,4872990,26327448.00
2012/08/10,5.33,5.45,5.22,5.36,4754459,26055664.00
2012/08/13,5.33,5.33,5.09,5.13,2376979,12655732.00
2012/08/14,5.14,5.21,5.03,5.16,1465398,7659065.00
2012/08/15,5.16,5.16,5.05,5.05,1498059,7810053.00
2012/08/16,5.06,5.09,5.02,5.02,876859,4537635.00
2012/08/17,5.02,5.07,4.94,5.03,922263,4719010.00
2012/08/20,5.01,5.02,4.91,5.00,771942,3918330.00
2012/08/21,5.01,5.09,4.98,5.09,956358,4955622.00
2012/08/22,5.08,5.15,5.00,5.04,1241395,6461900.00
2012/08/23,5.05,5.15,5.04,5.13,1688179,8793091.00
2012/08/24,5.10,5.10,4.88,4.90,2348485,11887133.00
2012/08/27,4.89,4.89,4.60,4.62,1394685,6773174.00
2012/08/28,4.67,4.69,4.56,4.65,1498288,7118583.00
2012/08/29,4.67,4.67,4.53,4.54,1618526,7620322.00
2012/08/30,4.49,4.58,4.43,4.48,1285314,5928180.00
2012/08/31,4.46,4.54,4.45,4.53,651970,3013811.00
2012/09/03,4.54,4.59,4.39,4.57,1314573,6111471.00
2012/09/04,4.56,4.59,4.46,4.50,1040608,4841835.00
2012/09/05,4.44,4.53,4.41,4.51,772660,3561876.00
2012/09/06,4.51,4.57,4.50,4.57,970011,4514778.00
2012/09/07,4.58,4.83,4.58,4.75,2407861,11670222.00
2012/09/10,4.75,4.91,4.71,4.84,2228330,11057834.00
2012/09/11,4.84,4.88,4.76,4.84,1708683,8429686.00
2012/09/12,4.87,4.91,4.81,4.86,1401524,6980507.00
2012/09/13,4.87,5.23,4.84,4.99,4196773,21693082.00
2012/09/14,4.99,5.06,4.96,5.03,2656145,13582850.00
2012/09/17,5.03,5.08,4.84,4.85,2129236,10812392.00
2012/09/18,4.87,4.87,4.78,4.82,904319,4456312.00
2012/09/19,4.79,4.84,4.73,4.78,1223106,5986785.00
2012/09/20,4.78,4.81,4.58,4.60,1254623,6008110.00
2012/09/21,4.63,4.70,4.54,4.58,1661491,7872674.00
2012/09/24,4.55,4.58,4.42,4.58,2486016,11463946.00
2012/09/25,4.58,4.58,4.46,4.47,1304012,6058534.00
2012/09/26,4.53,4.53,4.24,4.30,2614272,11668696.00
2012/09/27,4.30,4.41,4.20,4.37,3591172,15894028.00
2012/09/28,4.35,4.45,4.29,4.43,2613190,11751565.00
2012/10/08,4.43,4.46,4.35,4.40,1568710,7085087.00
2012/10/09,4.43,4.64,4.41,4.60,3257677,15106690.00
2012/10/10,4.58,4.64,4.54,4.62,2135682,10080832.00
2012/10/11,4.62,4.65,4.49,4.51,1672365,7820607.00
2012/10/12,4.53,4.58,4.44,4.51,1155969,5365793.00
2012/10/15,4.49,4.55,4.47,4.51,910574,4220636.00
2012/10/16,4.45,4.57,4.45,4.50,1169422,5407817.00
2012/10/17,4.53,4.59,4.48,4.58,1380059,6437069.00
2012/10/18,4.58,4.64,4.57,4.64,2405699,11398440.00
2012/10/19,4.64,4.69,4.60,4.62,1832695,8723159.00
2012/10/22,4.60,4.87,4.59,4.72,3377298,16425443.00
2012/10/23,4.72,4.75,4.64,4.66,1543973,7410501.00
2012/10/24,4.61,4.70,4.60,4.68,1360995,6497716.00
2012/10/25,4.68,4.73,4.61,4.61,1350891,6473420.00
2012/10/26,4.65,4.66,4.43,4.46,2209858,10288180.00
2012/10/29,4.48,4.54,4.33,4.39,1067904,4885782.00
2012/10/30,4.41,4.50,4.36,4.43,1266500,5764935.00
2012/10/31,4.43,4.48,4.36,4.42,895642,4061113.00
2012/11/01,4.42,4.52,4.40,4.49,2679087,12296173.00
2012/11/02,4.48,4.52,4.47,4.52,1481803,6843121.00
2012/11/05,4.53,4.94,4.50,4.80,8272880,40542960.00
2012/11/06,4.77,4.77,4.56,4.70,4877906,23277090.00
2012/11/07,4.68,4.75,4.59,4.70,2459797,11782440.00
2012/11/08,4.64,4.66,4.53,4.55,1534870,7239559.00
2012/11/09,4.52,4.59,4.52,4.56,1100367,5142920.00
2012/11/12,4.56,4.84,4.56,4.75,4327990,21034816.00
2012/11/13,4.77,5.24,4.73,4.98,16440393,85576000.00
2012/11/14,4.94,5.49,4.86,5.49,19926087,108319560.00
2012/11/15,5.64,6.05,5.43,5.73,45911550,273164160.00
2012/11/23,6.32,6.32,5.45,5.85,30389100,178737248.00
2012/11/26,5.78,5.83,5.55,5.59,20609353,118787408.00
2012/11/27,5.54,5.54,5.02,5.02,22285978,119142040.00
2012/11/28,4.98,5.14,4.88,4.92,17542643,89792136.00
2012/11/29,4.94,5.19,4.89,5.09,19376913,100254152.00
2012/11/30,4.98,5.07,4.81,5.05,12919364,65605320.00
2012/12/03,5.03,5.27,4.93,5.09,16705678,87564280.00
2012/12/04,4.97,4.98,4.63,4.89,14386480,70791432.00
2012/12/05,4.86,5.37,4.76,5.31,17977517,93840432.00
2012/12/06,5.27,5.31,5.12,5.22,12690212,67518544.00
2012/12/07,5.16,5.57,5.14,5.48,19235125,105741472.00
2012/12/10,5.50,5.88,5.41,5.75,20739150,119271720.00
2012/12/11,5.64,5.71,5.49,5.50,12274059,69936720.00
2012/12/12,5.51,5.61,5.35,5.52,8555762,47882472.00
2012/12/13,5.53,5.54,5.32,5.37,6651933,36695648.00
2012/12/14,5.37,5.62,5.34,5.55,10226594,57746696.00
2012/12/17,5.55,5.70,5.46,5.55,9327089,52878460.00
2012/12/18,5.55,5.63,5.39,5.41,8155653,45995652.00
2012/12/19,5.38,5.42,5.26,5.27,7389708,40221996.00
2012/12/20,5.24,5.42,5.19,5.39,5510300,30002144.00
2012/12/21,5.40,5.48,5.29,5.32,5349343,29466252.00
2012/12/24,5.29,5.36,5.18,5.24,5799360,31141872.00
2012/12/25,5.25,5.51,5.25,5.47,8020199,44371504.00
2012/12/26,5.47,5.62,5.43,5.54,7747128,43824280.00
2012/12/27,5.56,5.56,5.33,5.42,8007709,44414280.00
2012/12/28,5.42,5.93,5.39,5.91,17945350,104653968.00
2012/12/31,5.83,5.92,5.71,5.82,11323967,67050664.00
2013/01/04,5.84,5.87,5.61,5.64,7979519,46418100.00
2013/01/07,5.64,5.79,5.61,5.71,5330835,31058188.00
2013/01/08,5.73,5.75,5.63,5.72,5906577,34312160.00
2013/01/09,5.68,5.75,5.59,5.70,6308501,36637300.00
2013/01/10,5.68,5.72,5.60,5.65,5364042,30939630.00
2013/01/11,5.65,5.81,5.58,5.58,9161200,53505104.00
2013/01/14,5.53,5.76,5.51,5.73,5952577,34358084.00
2013/01/15,5.73,5.91,5.71,5.80,8324402,49496564.00
2013/01/16,5.75,6.02,5.72,5.86,8583627,51302992.00
2013/01/17,5.84,5.84,5.67,5.69,4988170,29251244.00
2013/01/18,5.69,5.82,5.64,5.76,3823501,22399660.00
2013/01/21,5.76,5.93,5.76,5.85,4724980,28166922.00
2013/01/22,5.88,5.88,5.68,5.74,4467712,26339754.00
2013/01/23,5.72,5.77,5.57,5.70,4264744,24622884.00
2013/01/24,5.69,5.75,5.48,5.50,5587858,32037668.00
2013/01/25,5.49,5.53,5.41,5.43,2459982,13699127.00
2013/01/28,5.43,5.98,5.43,5.82,7912767,46793164.00
2013/01/29,5.83,5.93,5.78,5.88,7010283,41983412.00
2013/01/30,5.88,5.91,5.73,5.78,4994048,29544206.00
2013/01/31,5.79,6.07,5.78,6.00,10074704,61042640.00
2013/02/01,5.97,6.04,5.90,5.97,5896287,35947080.00
2013/02/05,6.08,6.18,5.83,5.90,6510157,39648368.00
2013/02/06,5.85,6.06,5.83,5.95,4919720,30011718.00
2013/02/07,5.95,5.97,5.88,5.89,2576714,15545307.00
2013/02/08,5.89,5.95,5.88,5.92,2909640,17544978.00
2013/02/18,5.94,5.99,5.90,5.94,2965823,17966496.00
2013/02/19,5.94,6.02,5.79,6.02,5585399,33514926.00
2013/02/20,6.02,6.37,5.94,6.28,13038793,83176232.00
2013/02/21,6.23,6.52,6.09,6.31,11899550,76594264.00
2013/02/22,6.34,6.35,6.01,6.10,7643973,47743580.00
2013/02/25,6.10,6.20,6.00,6.14,4127803,25618644.00
2013/02/26,6.33,6.77,6.33,6.77,21485992,146069424.00
2013/02/27,6.97,7.46,6.83,7.46,28937616,211376880.00
2013/02/28,7.86,8.22,7.76,8.08,53012980,429406208.00
2013/03/01,7.94,8.90,7.91,8.90,37217413,318276032.00
2013/03/04,9.39,9.80,9.28,9.80,53917742,526302624.00
2013/03/05,9.77,10.13,9.09,9.57,70237532,674362368.00
2013/03/06,9.41,9.70,9.18,9.32,52556119,500552352.00
2013/03/07,9.36,9.36,8.58,8.64,53386843,482166144.00
2013/03/08,8.65,8.95,8.48,8.82,40267943,357774752.00
2013/03/11,8.77,8.97,8.57,8.67,26595374,235307456.00
2013/03/12,8.60,8.92,8.36,8.87,41988268,367526720.00
2013/03/13,8.73,9.77,8.54,9.77,63659679,599576064.00
2013/03/14,9.73,10.13,9.29,9.45,64475641,632190016.00
2013/03/15,9.21,9.78,8.97,9.30,42563740,406505568.00
2013/03/18,9.09,10.10,8.92,9.78,58083846,563651136.00
2013/03/19,9.67,9.99,9.34,9.53,44643483,433885088.00
2013/03/20,9.49,9.66,9.30,9.55,37187648,356976320.00
2013/03/21,9.48,10.48,9.40,9.74,62751532,631143296.00
2013/03/22,9.59,9.65,9.20,9.25,38655166,367456864.00
2013/03/25,9.13,9.45,9.08,9.16,23945547,224637136.00
2013/03/26,9.08,9.08,8.68,8.79,23732751,212252992.00
2013/03/27,8.73,8.94,8.59,8.82,18123890,161027136.00
2013/03/28,8.71,8.71,8.31,8.34,17797000,153406144.00
2013/03/29,8.38,8.47,8.06,8.08,17668816,147496096.00
2013/04/01,8.14,8.32,8.04,8.18,13459192,112038736.00
2013/04/02,8.15,8.44,8.13,8.18,15631898,131022480.00
2013/04/03,8.27,8.39,8.13,8.23,14618171,122837328.00
2013/04/08,7.88,7.93,7.43,7.86,19875663,154558752.00
2013/04/09,7.72,8.28,7.70,8.09,21582609,176242880.00
2013/04/10,7.91,7.97,7.67,7.77,16551661,131168840.00
2013/04/11,7.83,8.09,7.71,7.82,15584379,125391424.00
2013/04/12,7.69,7.99,7.65,7.70,11029687,87212216.00
2013/04/15,7.58,7.78,7.45,7.59,8917288,68990984.00
2013/04/16,7.48,7.84,7.44,7.82,11840661,92917984.00
2013/04/17,7.82,7.91,7.68,7.85,9897549,78254336.00
2013/04/18,7.79,8.11,7.74,7.95,16733417,135233632.00
2013/04/19,7.89,8.18,7.87,8.15,22026316,180323696.00
2013/04/22,8.02,8.06,7.81,7.98,15733096,126777792.00
2013/04/23,7.95,8.01,7.53,7.54,11710706,92169728.00
2013/04/24,7.50,7.65,7.30,7.60,13090309,99993384.00
2013/04/25,7.54,7.54,7.13,7.20,14887785,111160912.00
2013/04/26,7.20,7.28,6.92,6.95,9758451,70003640.00
2013/05/02,6.86,7.06,6.86,7.02,7496113,53250480.00
2013/05/03,7.04,7.27,7.01,7.12,8770992,63748048.00
2013/05/06,7.19,7.33,7.03,7.26,12528540,91471824.00
2013/05/07,7.24,7.63,7.15,7.54,24336543,183860496.00
2013/05/08,7.88,8.31,7.58,8.31,40607292,333568128.00
2013/05/09,8.40,9.06,8.34,8.76,52815008,469075744.00
2013/05/10,8.49,8.63,8.27,8.58,28080281,241207312.00
2013/05/13,8.48,8.51,8.29,8.42,16176322,137781936.00
2013/05/14,8.39,8.39,8.06,8.08,16245894,134503168.00
2013/05/15,8.08,8.72,8.08,8.68,25850329,219715568.00
2013/05/16,8.68,8.69,8.28,8.43,24964588,213146272.00
2013/05/17,8.37,8.45,8.19,8.38,16853895,142049744.00
2013/05/20,8.36,8.57,8.18,8.51,21375999,182016624.00
2013/05/21,8.49,8.74,8.33,8.72,24766964,215064416.00
2013/05/22,8.68,8.68,8.36,8.39,17335955,149253872.00
2013/05/23,8.28,8.38,7.96,8.08,19324308,159847440.00
2013/05/24,8.01,8.29,7.98,8.17,10511814,86989288.00
2013/05/27,8.09,8.26,8.03,8.15,10786425,89123192.00
2013/05/28,8.14,8.16,7.97,8.11,9643800,78907760.00
2013/05/29,8.17,8.46,8.09,8.38,18307115,154523456.00
2013/05/30,8.30,8.56,8.25,8.30,15754095,134439744.00
2013/05/31,8.33,8.38,8.05,8.09,10572284,87583576.00
2013/06/03,8.07,8.16,7.97,7.98,7520891,61364384.00
2013/06/04,7.97,7.98,7.40,7.51,14483056,111984776.00
2013/06/05,7.49,7.59,7.46,7.57,5362393,40967896.00
2013/06/06,7.57,7.57,7.11,7.21,9111946,67669600.00
2013/06/07,7.22,7.32,7.03,7.10,5175038,37622584.00
2013/06/13,7.06,7.06,6.63,6.89,5654508,39314140.00
2013/06/14,6.88,7.17,6.83,7.09,6610783,47254204.00
2013/06/17,7.10,7.13,6.85,7.00,5750025,40893228.00
2013/06/18,7.06,7.08,6.91,6.97,3107655,21914692.00
2013/06/19,6.97,6.97,6.55,6.82,6899073,46850312.00
2013/06/20,6.73,6.81,6.50,6.51,4501374,30281584.00
2013/06/21,6.46,6.73,6.28,6.59,7710620,50960208.00
2013/06/24,6.56,6.78,5.93,5.98,7616063,48177860.00
2013/06/25,5.98,6.09,5.39,5.91,9114689,53398656.00
2013/06/26,5.90,6.00,5.77,5.97,5341683,31952588.00
2013/06/27,5.98,6.43,5.97,6.05,10685414,66595040.00
2013/06/28,5.98,6.18,5.88,6.01,6231941,38027276.00
2013/07/01,6.02,6.23,6.02,6.22,6222919,38570884.00
2013/07/02,6.16,6.68,6.09,6.65,11465773,73714096.00
2013/07/03,6.43,6.70,6.35,6.65,13674663,90930488.00
2013/07/04,6.53,6.70,6.48,6.54,8852933,58875728.00
2013/07/05,6.53,6.66,6.28,6.29,7985601,52311296.00
2013/07/08,6.16,6.16,5.88,5.89,6448917,39226456.00
2013/07/09,5.91,6.00,5.90,5.96,3477184,20918624.00
2013/07/10,5.96,6.40,5.95,6.36,9391877,59274128.00
2013/07/11,6.30,6.70,6.24,6.53,12072507,79526016.00
2013/07/12,6.55,6.75,6.39,6.42,11893987,79167936.00
2013/07/15,6.38,6.61,6.38,6.55,8021746,52943976.00
2013/07/16,6.57,6.89,6.46,6.88,14866403,100559864.00
2013/07/17,6.97,7.28,6.85,6.92,24933892,177728112.00
2013/07/18,6.73,7.08,6.64,7.06,10870278,75195168.00
2013/07/19,7.05,7.20,6.88,6.96,12085184,85831728.00
2013/07/22,6.90,6.93,6.71,6.92,7097297,48955480.00
2013/07/23,6.92,7.04,6.86,6.95,9003220,63271072.00
2013/07/24,6.93,7.18,6.71,7.12,13851792,97447856.00
2013/07/25,7.01,7.07,6.83,6.83,8133230,56878856.00
2013/07/26,6.81,6.90,6.66,6.68,4732930,32210676.00
2013/07/29,6.64,6.73,6.43,6.47,4062428,27033624.00
2013/07/30,6.60,6.67,6.44,6.49,4457324,29479846.00
2013/07/31,6.62,6.70,6.51,6.53,3918638,26068468.00
2013/08/01,6.57,6.87,6.45,6.79,6585637,44468444.00
2013/08/02,6.80,6.93,6.70,6.73,6023995,41399772.00
2013/08/05,7.41,7.41,7.03,7.11,24131148,175155392.00
2013/08/06,7.08,7.11,6.88,7.07,12511485,88420632.00
2013/08/07,7.01,7.08,6.95,6.98,7807216,55272052.00
2013/08/08,6.98,7.03,6.91,6.95,5187927,36497764.00
2013/08/09,6.92,7.02,6.90,6.96,5708086,40131912.00
2013/08/12,7.00,7.18,7.00,7.14,11913824,85442000.00
2013/08/13,7.14,7.28,7.11,7.16,7774498,56223628.00
2013/08/14,7.16,7.21,6.94,7.00,8202829,58622760.00
2013/08/15,6.97,7.04,6.89,6.89,5281307,37039108.00
2013/08/16,6.83,7.01,6.65,6.66,7496038,51608064.00
2013/08/19,6.54,6.83,6.49,6.75,4082539,27455666.00
2013/08/20,6.75,6.80,6.58,6.63,4073164,27540984.00
2013/08/21,6.63,6.68,6.55,6.65,3134079,20929524.00
2013/08/22,6.60,6.68,6.59,6.59,2753937,18420072.00
2013/08/23,6.59,6.66,6.37,6.45,5272756,34707600.00
2013/08/26,6.46,6.63,6.46,6.63,4113062,27309306.00
2013/08/27,6.70,6.85,6.63,6.80,6489680,44322288.00
2013/08/28,6.73,6.73,6.59,6.60,5675335,38112952.00
2013/08/29,6.62,6.71,6.52,6.60,3466478,23157432.00
2013/08/30,6.60,6.62,6.43,6.46,5194687,34255880.00
2013/09/02,6.53,6.78,6.48,6.72,5971172,40127788.00
2013/09/03,6.69,7.11,6.68,7.09,21015370,148383824.00
2013/09/04,7.06,7.09,6.83,6.94,11860143,83019760.00
2013/09/05,6.92,7.02,6.82,6.97,9373979,65561808.00
2013/09/06,6.93,6.96,6.83,6.84,7319112,50750380.00
2013/09/09,6.84,6.99,6.81,6.92,8651987,60429552.00
2013/09/10,6.86,7.07,6.83,7.06,12753869,89644832.00
2013/09/11,7.02,7.09,6.89,6.98,9875816,69798720.00
2013/09/12,6.94,7.34,6.84,7.22,17780498,128083064.00
2013/09/13,7.17,7.31,7.10,7.21,10428626,75590504.00
2013/09/16,7.16,7.27,6.93,7.03,8515929,60794856.00
2013/09/17,7.03,7.09,6.83,6.85,6716674,47132776.00
2013/09/18,6.84,7.09,6.76,6.97,8273858,58355884.00
2013/09/23,6.94,7.03,6.91,6.98,6734705,47402656.00
2013/09/24,7.00,7.37,6.90,7.30,17353887,125914704.00
2013/09/25,7.26,7.26,7.05,7.10,10795174,77888320.00
2013/09/26,7.02,7.04,6.83,6.87,5732981,40274692.00
2013/09/27,6.92,7.02,6.84,6.89,4517611,31629902.00
2013/09/30,6.93,7.01,6.86,6.91,4037867,28272652.00
2013/10/08,6.94,7.18,6.87,7.07,5859081,41806028.00
2013/10/09,7.03,7.15,7.00,7.13,7871555,56425416.00
2013/10/10,7.73,7.85,7.56,7.85,33413170,262845056.00
2013/10/11,7.90,8.01,7.61,7.70,34580846,270759584.00
2013/10/14,7.57,8.42,7.54,8.10,31616045,255859872.00
2013/10/15,8.03,8.22,7.83,8.11,18998846,153894320.00
2013/10/16,7.94,8.08,7.60,7.89,14908999,117031632.00
2013/10/17,8.28,8.69,7.94,8.06,24951732,208613408.00
2013/10/18,7.85,8.20,7.71,7.93,11327675,90853384.00
2013/10/21,7.86,8.73,7.86,8.73,28768537,248211808.00
2013/10/22,9.08,9.08,8.49,8.64,44603214,396439296.00
2013/10/23,8.50,8.89,8.03,8.22,22984123,194729792.00
2013/10/24,8.05,8.38,7.96,8.22,11884740,98249056.00
2013/10/25,8.17,8.39,7.93,7.98,13054607,107400432.00
2013/10/28,8.03,8.15,7.69,7.78,11135414,88730264.00
2013/10/29,7.73,7.81,7.15,7.46,14379297,108042232.00
2013/10/30,7.43,7.62,7.35,7.53,7979590,60423256.00
2013/10/31,7.53,7.56,7.24,7.46,7010066,52473744.00
2013/11/01,7.34,7.48,7.28,7.44,5618076,41817900.00
2013/11/04,7.45,7.81,7.40,7.70,10560270,81236968.00
2013/11/05,7.60,7.76,7.50,7.72,8363785,64422644.00
2013/11/06,7.69,7.83,7.48,7.52,8131209,62930472.00
2013/11/07,7.33,7.52,7.29,7.36,4928912,36807644.00
2013/11/08,7.31,7.41,7.15,7.16,4806133,35147424.00
2013/11/11,7.21,7.41,7.14,7.36,4207352,30900208.00
2013/11/12,7.38,7.63,7.24,7.53,7270336,54704576.00
2013/11/13,7.51,7.71,7.37,7.39,7961299,60435552.00
2013/11/14,7.20,7.76,7.20,7.75,13777262,105070800.00
2013/11/15,7.73,8.15,7.68,8.12,24320304,194460944.00
2013/11/18,8.12,8.24,7.98,8.17,18719526,153490256.00
2013/11/19,8.08,8.23,8.00,8.08,13891928,113330088.00
2013/11/20,8.07,8.36,8.07,8.22,15766511,131087864.00
2013/11/21,8.21,8.37,7.93,7.98,17056470,140135808.00
2013/11/22,7.87,8.03,7.83,7.90,8584109,68605072.00
2013/11/25,7.88,7.98,7.71,7.79,6861755,54121724.00
2013/11/26,7.73,7.87,7.73,7.76,4840160,38134456.00
2013/11/27,7.81,7.85,7.64,7.79,5732938,44853144.00
2013/11/28,7.85,7.92,7.78,7.85,5667760,44975588.00
2013/11/29,7.87,7.99,7.83,7.89,5907104,47125552.00
2013/12/02,7.78,7.78,7.13,7.32,7637521,57631740.00
2013/12/03,7.27,7.52,7.22,7.48,3810804,28633358.00
2013/12/04,7.48,7.70,7.44,7.63,4498646,34632404.00
2013/12/05,7.58,7.77,7.58,7.68,3706544,28783156.00
2013/12/06,7.70,8.05,7.70,7.89,8599217,68696272.00
2013/12/09,7.84,8.37,7.76,8.26,17807920,146442400.00
2013/12/10,8.22,8.24,7.97,8.13,11908297,97133688.00
2013/12/11,8.12,8.24,7.94,8.15,11827496,96600352.00
2013/12/12,8.17,8.20,7.99,8.02,8793299,71926496.00
2013/12/13,7.93,8.32,7.87,8.20,14033234,114952728.00
2013/12/16,8.13,8.51,8.05,8.43,19348905,161206208.00
2013/12/17,8.33,8.43,8.17,8.41,12795904,107093728.00
2013/12/18,8.23,8.52,8.16,8.33,15156824,128128000.00
2013/12/19,8.53,8.71,7.96,7.99,20375456,171655504.00
2013/12/20,7.66,7.80,7.43,7.49,13049540,100335088.00
2013/12/23,7.49,7.58,7.23,7.42,5347524,40009928.00
2013/12/24,7.38,7.53,7.33,7.43,3813884,28678968.00
2013/12/25,7.51,7.55,7.43,7.53,2972890,22501530.00
2013/12/26,7.53,7.57,7.27,7.29,4187064,31254342.00
2013/12/27,7.33,7.48,7.23,7.45,4188594,31243520.00
2013/12/30,7.48,7.59,7.44,7.46,3403646,25752916.00
2013/12/31,7.46,7.54,7.33,7.49,3215663,24178694.00
2014/01/02,7.48,7.66,7.39,7.56,3697733,28196504.00
2014/01/03,7.55,7.59,7.44,7.47,3941542,29833762.00
2014/01/06,7.25,7.38,7.01,7.02,5728129,41381104.00
2014/01/07,7.02,7.11,6.93,6.97,3264135,23086636.00
2014/01/08,7.04,7.13,6.98,7.05,3279849,23320558.00
2014/01/09,7.05,7.07,6.74,6.75,4655349,32560268.00
2014/01/10,6.70,6.74,6.43,6.51,5720787,37737084.00
2014/01/13,6.51,6.57,6.31,6.36,3256584,21112342.00
2014/01/14,6.38,6.53,6.32,6.49,3090642,20154532.00
2014/01/15,6.50,6.57,6.43,6.51,3083771,20249296.00
2014/01/16,6.54,6.63,6.48,6.59,3152130,20903326.00
2014/01/17,6.55,6.65,6.50,6.56,3031168,20134344.00
2014/01/20,6.58,6.64,6.49,6.51,2130225,14096328.00
2014/01/21,6.46,6.59,6.46,6.54,1879983,12409335.00
2014/01/22,6.54,6.74,6.52,6.73,3753636,25221366.00
2014/01/23,6.73,6.84,6.68,6.76,3791140,25922408.00
2014/01/24,6.73,6.86,6.71,6.80,4119002,28184100.00
2014/01/27,6.73,6.79,6.66,6.67,2582305,17524148.00
2014/01/28,6.70,6.76,6.65,6.72,1790137,12139639.00
2014/01/29,6.74,6.79,6.68,6.79,2760259,18779452.00
2014/01/30,6.74,6.88,6.70,6.78,2438388,16722806.00
2014/02/07,6.75,6.89,6.67,6.85,2432289,16700331.00
2014/02/10,6.84,7.07,6.84,7.04,4591211,32496906.00
2014/02/11,7.02,7.22,6.95,7.18,5164121,37257084.00
2014/02/12,7.23,7.28,7.12,7.21,5047148,36627384.00
2014/02/13,7.21,7.31,7.11,7.14,6866674,49893756.00
2014/02/14,7.14,7.21,7.11,7.16,4436078,32053276.00
2014/02/17,7.23,7.23,7.03,7.16,6763560,48705584.00
2014/02/18,7.14,7.17,7.03,7.11,5685228,40687456.00
2014/02/19,7.11,7.15,7.00,7.08,6591322,47046864.00
2014/02/20,7.08,7.12,6.90,6.95,6684590,47159648.00
2014/02/21,6.95,7.03,6.86,6.88,4177373,29228820.00
2014/02/24,6.86,6.97,6.83,6.96,3990650,27845552.00
2014/02/25,6.96,7.08,6.64,6.76,7319057,51386956.00
2014/02/26,6.74,6.79,6.54,6.71,5192340,34879508.00
2014/02/27,6.71,6.76,6.60,6.62,4101978,27639504.00
2014/02/28,6.57,6.69,6.53,6.68,2873333,19171908.00
2014/03/03,6.72,6.91,6.66,6.89,4570855,31333144.00
2014/03/04,6.84,6.90,6.75,6.87,3491584,24068500.00
2014/03/05,6.90,6.91,6.77,6.82,3335301,23051224.00
2014/03/06,6.82,6.86,6.63,6.75,3211413,21798756.00
2014/03/07,6.73,6.77,6.55,6.60,3533085,23849260.00
2014/03/10,6.54,6.56,6.37,6.38,3784787,24608400.00
2014/03/11,6.33,6.59,6.31,6.58,5631993,36747496.00
2014/03/12,6.59,6.60,6.46,6.56,3514525,23238620.00
2014/03/13,6.55,6.65,6.52,6.60,1785642,11909267.00
2014/03/14,6.58,6.65,6.52,6.59,1979127,13192230.00
2014/03/17,6.71,6.99,6.71,6.92,5890613,41113136.00
2014/03/18,6.94,6.94,6.84,6.86,3327529,23134436.00
2014/03/19,6.82,6.83,6.69,6.77,3279653,22406740.00
2014/03/20,6.73,6.85,6.53,6.58,2765956,18802224.00
2014/03/21,6.57,6.83,6.55,6.82,3371039,22995308.00
2014/03/24,6.93,7.00,6.88,6.91,3763359,26370804.00
2014/03/25,6.88,6.93,6.76,6.90,4959537,34294948.00
2014/03/26,6.90,6.90,6.81,6.84,2660058,18368484.00
2014/03/27,6.84,6.93,6.77,6.86,2620340,18089160.00
2014/03/28,6.87,6.90,6.63,6.64,2948840,20008584.00
2014/03/31,6.63,6.67,6.38,6.44,3831373,25013090.00
2014/04/01,6.46,6.55,6.40,6.55,1459826,9569315.00
2014/04/02,6.55,6.67,6.53,6.60,2005207,13395543.00
2014/04/03,6.60,6.63,6.50,6.55,1636554,10876406.00
2014/04/04,6.49,6.65,6.49,6.63,2004090,13320562.00
2014/04/08,6.60,6.70,6.60,6.69,2599694,17508388.00
2014/04/09,6.68,6.81,6.68,6.74,3656424,24908272.00
2014/04/10,6.70,6.82,6.70,6.81,3436279,23543464.00
2014/04/11,6.81,6.81,6.59,6.73,2048177,13883812.00
2014/04/14,6.71,6.78,6.66,6.75,2931126,19877232.00
2014/04/15,6.82,6.90,6.70,6.71,4210777,28986044.00
2014/04/16,6.69,6.88,6.68,6.78,3412584,23445260.00
2014/04/17,6.73,6.87,6.71,6.84,4045187,27831668.00
2014/04/18,6.84,6.84,6.74,6.82,1601619,10987208.00
2014/04/21,6.83,6.86,6.74,6.76,2638981,18136394.00
2014/04/22,6.75,6.75,6.64,6.75,2135686,14443964.00
2014/04/23,6.78,6.85,6.75,6.81,3045014,20958910.00
2014/04/24,6.83,7.11,6.82,7.08,13972193,98702448.00
2014/04/25,6.98,7.05,6.88,6.92,7429458,52162540.00
2014/04/28,6.90,6.90,6.43,6.43,6181329,40979388.00
2014/04/29,6.34,6.47,6.34,6.45,2856502,18529768.00
2014/04/30,6.46,6.55,6.43,6.50,2033021,13296432.00
2014/05/05,6.51,6.51,6.36,6.48,2093313,13582183.00
2014/05/06,6.48,6.52,6.42,6.50,3351477,21958512.00
2014/05/07,6.47,6.48,6.38,6.38,1806912,11714058.00
2014/05/08,6.38,6.49,6.36,6.41,1595514,10363088.00
2014/05/09,6.37,6.47,6.35,6.38,2386300,15408528.00
2014/05/12,6.53,6.88,6.49,6.87,10487341,71591312.00
2014/05/13,6.85,6.94,6.66,6.69,5130047,35121936.00
2014/05/14,6.65,6.66,6.56,6.59,2448548,16334784.00
2014/05/15,6.59,6.64,6.51,6.53,1861496,12366646.00
2014/05/16,6.54,6.68,6.53,6.57,1803815,12035878.00
2014/05/19,6.56,6.56,6.42,6.46,2143748,14014883.00
2014/05/20,6.56,6.64,6.48,6.52,1473413,9747948.00
2014/05/21,6.47,6.61,6.45,6.59,1396178,9237847.00
2014/05/22,6.62,6.70,6.55,6.58,2129815,14294160.00
2014/05/23,6.58,6.65,6.57,6.60,1653707,11026375.00
2014/05/26,6.61,6.74,6.59,6.69,3954384,26722828.00
2014/05/27,6.68,6.74,6.59,6.61,3085273,20856120.00
2014/05/28,6.61,6.64,6.57,6.63,2842716,18975064.00
2014/05/29,6.61,6.70,6.61,6.66,2895791,19522872.00
2014/05/30,6.67,6.70,6.52,6.62,5069310,33821512.00
2014/06/03,6.63,6.64,6.57,6.63,3661099,24446000.00
2014/06/04,6.61,6.64,6.55,6.61,2819958,18806408.00
2014/06/05,6.59,6.73,6.59,6.72,3517899,23751696.00
2014/06/06,6.72,6.75,6.56,6.67,2760361,18538748.00
2014/06/09,6.69,6.72,6.59,6.64,2809539,18853380.00
2014/06/10,6.62,6.66,6.53,6.64,2473820,16509710.00
2014/06/11,6.64,6.65,6.58,6.63,2724921,18230366.00
2014/06/12,6.60,6.62,6.53,6.61,3394847,22557850.00
2014/06/13,6.63,6.63,6.54,6.61,6444958,42923076.00
2014/06/16,6.58,6.63,6.55,6.59,4605477,30721226.00
2014/06/17,6.59,6.61,6.46,6.47,4119267,27192792.00
2014/06/18,6.47,6.51,6.37,6.40,4153709,26916968.00
2014/06/19,6.36,6.44,6.20,6.26,4136517,26600768.00
2014/06/20,6.25,6.37,6.24,6.34,1543838,9860556.00
2014/06/23,6.37,6.40,6.33,6.34,1462460,9395797.00
2014/06/24,6.34,6.48,6.34,6.47,3094967,20115454.00
2014/06/25,6.45,6.45,6.27,6.32,3301926,21173360.00
2014/06/26,6.33,6.42,6.31,6.37,2567279,16509752.00
2014/06/27,6.38,6.40,6.31,6.39,2240860,14414800.00
2014/06/30,6.39,6.46,6.37,6.43,2579367,16784516.00
2014/07/01,6.47,6.47,6.39,6.44,1973838,12814961.00
2014/07/02,6.41,6.48,6.40,6.48,2945645,19226400.00
2014/07/03,6.48,6.53,6.44,6.52,2671100,17559996.00
2014/07/04,6.54,6.54,6.44,6.47,1941531,12704778.00
2014/07/07,6.45,6.54,6.45,6.51,2942564,19312662.00
2014/07/08,6.49,6.50,6.44,6.47,2452037,16022355.00
2014/07/09,6.47,6.47,6.34,6.36,3313777,21404024.00
2014/07/10,6.34,6.42,6.34,6.38,2130749,13762365.00
2014/07/11,6.37,6.41,6.33,6.41,1709109,11028703.00
2014/07/14,6.38,6.55,6.31,6.51,3215785,21104818.00
2014/07/15,6.48,6.55,6.46,6.50,2130802,13982500.00
2014/07/16,6.52,6.63,6.46,6.61,4920048,32532312.00
2014/07/17,6.61,6.62,6.48,6.53,2942081,19466588.00
2014/07/18,6.51,6.57,6.46,6.50,1775248,11697178.00
2014/07/21,6.55,6.59,6.47,6.50,1683365,11089253.00
2014/07/22,6.58,6.90,6.58,6.77,9301634,63687536.00
2014/07/23,6.69,6.77,6.63,6.65,4520836,30501952.00
2014/07/24,6.63,6.73,6.60,6.69,3129691,21118824.00
2014/07/25,6.72,6.97,6.68,6.92,9529071,66023504.00
2014/07/28,6.92,7.18,6.88,7.10,13981368,99680296.00
2014/07/29,7.12,7.12,7.03,7.10,6885617,49160300.00
2014/07/30,7.05,7.48,7.05,7.39,16255593,120049120.00
2014/07/31,7.36,7.39,7.24,7.39,6398630,47168472.00
2014/08/01,7.36,7.50,7.19,7.24,8126726,60377496.00
2014/08/04,7.22,7.43,7.13,7.43,8492021,62888160.00
2014/08/05,7.44,7.48,7.35,7.39,5557589,41488472.00
2014/08/06,7.38,7.38,7.23,7.32,4832924,35680960.00
2014/08/07,7.32,7.37,7.09,7.09,5956493,43317912.00
2014/08/08,7.09,7.48,7.09,7.42,9371496,69204208.00
2014/08/11,7.39,7.58,7.39,7.46,7825750,58969968.00
2014/08/12,7.46,7.51,7.36,7.43,5416569,40518916.00
2014/08/13,7.43,7.52,7.15,7.31,7472572,55005888.00
2014/08/14,7.30,7.86,7.22,7.63,19430338,149040048.00
2014/08/15,7.81,8.40,7.77,8.25,37236369,307430592.00
2014/08/18,8.22,8.40,8.09,8.36,25254670,210405696.00
2014/08/19,8.33,8.49,8.20,8.37,16281667,136553968.00
2014/08/20,8.41,8.59,8.26,8.42,20311173,172853744.00
2014/08/21,8.45,8.49,7.98,8.17,16902856,138420304.00
2014/08/22,8.18,8.19,7.96,8.07,10547465,85536296.00
2014/08/25,8.08,8.11,7.76,7.92,8031177,63701872.00
2014/08/26,7.86,8.02,7.77,7.84,4532211,35934456.00
2014/08/27,7.86,7.99,7.76,7.98,5713970,45418480.00
2014/08/28,8.02,8.08,7.74,7.79,6254810,49443816.00
2014/08/29,7.77,7.79,7.56,7.67,4767967,36634864.00
2014/09/01,7.71,7.81,7.70,7.78,11639823,90668752.00
2014/09/02,7.70,7.93,7.67,7.92,25397473,198280128.00
2014/09/03,7.83,8.00,7.81,7.94,29994354,238589936.00
2014/09/04,7.85,7.89,7.77,7.82,29973723,236422704.00
2014/09/05,7.82,7.87,7.73,7.80,24713227,193851328.00
2014/09/09,7.80,7.86,7.75,7.80,20882742,163422048.00
2014/09/10,7.88,8.07,7.81,8.06,36311200,290088640.00
2014/09/11,8.01,8.06,7.86,7.91,28774934,230989344.00
2014/09/12,7.93,7.95,7.79,7.92,13662304,107957424.00
2014/09/15,7.87,7.96,7.82,7.90,14713721,116691120.00
2014/09/16,7.95,8.02,7.40,7.46,77235216,592486912.00
2014/09/17,7.43,7.49,7.27,7.39,16329243,121310616.00
2014/09/18,7.37,7.43,7.34,7.41,9814719,72887176.00
2014/09/19,7.41,7.59,7.41,7.54,12997137,98198104.00
2014/09/22,7.47,7.51,7.35,7.39,11510509,85792344.00
2014/09/23,7.37,7.46,7.36,7.39,17178183,127683200.00
2014/09/24,7.37,7.47,7.37,7.46,28859341,214970592.00
2014/09/25,7.45,7.50,7.37,7.41,25093290,187223872.00
2014/09/26,7.40,7.40,7.21,7.34,17124936,125845008.00
2014/09/29,7.44,7.55,7.44,7.51,31202137,235057216.00
2014/09/30,7.55,7.55,7.48,7.52,24098904,181968192.00
2014/10/08,7.59,7.78,7.51,7.73,51807158,399525312.00
2014/10/09,7.71,7.91,7.68,7.89,57203302,449948928.00
2014/10/10,7.89,7.89,7.73,7.77,26565343,208161392.00
2014/10/13,7.81,8.20,7.78,8.16,81842367,659985216.00
2014/10/14,8.12,8.27,8.01,8.09,56654245,463342528.00
2014/10/15,8.10,8.24,8.03,8.17,49974891,409195136.00
2014/10/16,8.16,8.21,7.83,7.85,42482127,343919840.00
2014/10/17,7.81,7.86,7.53,7.63,32803634,252703952.00
2014/10/20,7.65,7.73,7.60,7.73,25099521,193655744.00
2014/10/21,7.71,7.77,7.46,7.60,24858526,190646560.00
2014/10/22,7.57,7.65,7.38,7.49,29538898,223299344.00
2014/10/23,7.46,7.50,7.35,7.40,17742337,132168112.00
2014/10/24,7.39,7.47,7.35,7.46,11624085,86594648.00
2014/10/27,7.44,7.54,7.40,7.47,12522050,93916240.00
2014/10/28,7.43,7.89,7.39,7.76,39781816,303201504.00
2014/10/29,7.79,8.15,7.69,8.04,59413726,475115584.00
2014/10/30,7.96,8.25,7.95,8.06,63367991,513864800.00
2014/10/31,8.04,8.15,7.89,8.07,83742607,674248640.00
2014/11/03,8.03,8.14,7.77,7.95,89671421,713356864.00
2014/11/04,7.86,7.86,7.64,7.66,68950052,536229120.00
2014/11/05,7.69,7.90,7.60,7.87,44432547,347350912.00
2014/11/06,7.93,8.00,7.81,7.90,50718067,401730880.00
2014/11/07,7.96,8.15,7.83,7.99,82304756,663976512.00
2014/11/10,7.99,8.16,7.90,8.11,55025221,443667392.00
2014/11/11,8.14,8.19,7.93,8.08,62331746,504395904.00
2014/11/12,8.06,8.13,8.00,8.11,47419953,385138560.00
2014/11/13,8.12,8.13,7.82,7.94,74626306,593306048.00
2014/11/14,7.88,8.00,7.76,7.80,68599233,539273216.00
2014/11/17,7.82,7.93,7.76,7.87,36509430,287646112.00
2014/11/18,7.83,8.01,7.81,7.92,35518945,281639296.00
2014/11/19,7.89,7.99,7.82,7.91,62448980,494059200.00
2014/11/20,7.86,7.93,7.69,7.70,62851974,492349504.00
2014/11/21,7.67,7.76,7.62,7.74,23742557,183776384.00
2014/11/24,7.75,7.93,7.75,7.87,45797380,361028192.00
2014/11/25,7.88,8.02,7.82,7.99,58532011,466096128.00
2014/11/26,7.96,8.06,7.88,7.98,65869814,525926208.00
2014/11/27,7.98,8.47,7.98,8.31,116657551,963715392.00
2014/11/28,8.31,8.40,8.20,8.35,87613603,729525888.00
2014/12/01,8.36,8.46,8.15,8.18,64193377,535927392.00
2014/12/02,8.16,8.28,8.13,8.21,45599813,376680224.00
2014/12/03,8.21,8.60,8.16,8.59,86150449,729584704.00
2014/12/04,8.63,9.06,8.63,8.78,82394439,732062976.00
2014/12/05,8.73,8.85,8.21,8.55,81762759,700098176.00
2014/12/08,8.53,8.68,8.36,8.60,49480833,424779552.00
2014/12/09,8.54,8.54,8.04,8.20,74588066,622442240.00
2014/12/10,8.14,8.72,8.08,8.66,67169319,569374528.00
2014/12/11,8.66,9.11,8.56,8.83,81432589,726649280.00
2014/12/12,8.86,9.25,8.81,9.15,72084720,656537472.00
2014/12/15,9.80,10.07,9.42,9.45,116388845,1136014464.00
2014/12/16,9.61,9.81,9.43,9.54,77119439,742483392.00
2014/12/17,9.46,9.50,9.27,9.32,56356961,530185472.00
2014/12/18,9.30,9.85,9.22,9.72,66583111,641927872.00
2014/12/19,9.74,9.75,9.28,9.50,54240995,513965568.00
2014/12/22,9.66,9.71,9.30,9.37,59816534,567169792.00
2014/12/23,9.51,9.79,9.37,9.50,71654322,692017600.00
2014/12/24,9.56,9.95,9.46,9.94,76965339,754293696.00
2014/12/25,10.01,10.08,9.72,9.80,59784900,590145152.00
2014/12/26,9.66,9.71,9.21,9.35,102338927,962478144.00
2014/12/29,9.35,9.36,9.11,9.20,63621143,587930752.00
2014/12/30,9.24,9.28,8.50,8.66,73617607,650630784.00
2014/12/31,8.61,8.94,8.52,8.88,40430261,353555584.00
2015/01/05,8.91,9.18,8.84,9.11,52311395,473427488.00
2015/01/06,9.12,9.12,8.72,8.99,55653139,498274624.00
2015/01/07,8.97,9.11,8.76,8.96,42311332,379017280.00
2015/01/08,8.96,9.04,8.86,8.96,24385162,219273360.00
2015/01/09,9.00,9.18,8.94,8.97,41263561,376997376.00
2015/01/12,8.95,8.95,8.56,8.64,31584146,276729088.00
2015/01/13,8.66,8.79,8.64,8.73,20484002,179025808.00
2015/01/14,8.79,8.81,8.60,8.70,17851288,156217264.00
2015/01/15,8.67,8.99,8.64,8.88,31907377,284320896.00
2015/01/16,8.88,9.01,8.81,8.96,21855674,195588528.00
2015/01/19,8.76,8.91,8.39,8.53,33610368,292789824.00
2015/01/20,8.48,8.72,8.48,8.70,19725485,171275792.00
2015/01/21,8.70,8.88,8.65,8.83,26490882,234312432.00
2015/01/22,8.95,9.02,8.87,8.96,40369486,363079136.00
2015/01/23,9.01,9.21,8.97,9.03,41287814,377038432.00
2015/01/26,9.11,9.20,9.03,9.15,31274844,286347648.00
2015/01/27,9.17,9.19,8.85,8.98,40131216,363442848.00
2015/01/28,8.91,8.96,8.78,8.83,30841499,274728704.00
2015/01/29,8.72,8.77,8.57,8.64,37202377,323109632.00
2015/01/30,8.69,8.77,8.41,8.50,30264224,260585424.00
2015/02/02,8.40,8.50,8.26,8.49,21989603,184931808.00
2015/02/03,8.49,8.60,8.44,8.58,16490230,141164416.00
2015/02/04,8.60,8.63,8.44,8.47,15020775,128525472.00
2015/02/05,8.62,8.65,8.35,8.37,20692692,176514048.00
2015/02/06,8.36,8.43,7.98,8.09,28940029,237928656.00
2015/02/09,8.09,8.16,7.95,8.01,18853242,151801760.00
2015/02/10,8.05,8.18,8.01,8.16,13588390,110754712.00
2015/02/11,8.19,8.26,8.13,8.18,12688851,104499184.00
2015/02/12,8.19,8.23,8.16,8.21,12290663,101208464.00
2015/02/13,8.24,8.45,8.22,8.37,25590613,214792176.00
2015/02/16,8.38,8.52,8.34,8.48,19721283,167347584.00
2015/02/17,8.48,8.66,8.47,8.49,21062599,180961440.00
2015/02/25,8.53,8.73,8.42,8.64,31896461,275578144.00
2015/02/26,8.65,8.76,8.58,8.70,30513278,265660176.00
2015/02/27,8.74,8.74,8.64,8.68,28614987,249644624.00
2015/03/02,9.09,9.51,9.09,9.13,112209507,1041104320.00
2015/03/03,9.21,9.74,9.15,9.55,106294040,1008226304.00
2015/03/04,9.61,10.08,9.48,9.53,86532994,845120384.00
2015/03/05,9.61,9.93,9.55,9.61,58288927,567899776.00
2015/03/06,9.61,9.66,9.21,9.25,47197996,443980032.00
2015/03/09,9.40,9.71,9.29,9.70,53929682,517500000.00
2015/03/10,9.66,9.75,9.46,9.55,39418317,379598816.00
2015/03/11,9.56,9.84,9.50,9.59,33070814,319861344.00
2015/03/12,9.65,9.69,9.23,9.30,43133355,406391776.00
2015/03/13,9.36,9.41,9.17,9.29,33992099,316299232.00
2015/03/16,9.38,9.68,9.33,9.66,54191736,520267968.00
2015/03/17,9.76,10.20,9.72,10.05,87048388,873053440.00
2015/03/18,10.05,10.28,9.98,10.15,64510336,655920960.00
2015/03/19,10.15,10.26,9.97,10.10,56789904,576701184.00
2015/03/20,10.07,10.64,10.04,10.50,71152335,741763072.00
2015/03/23,10.63,10.95,10.38,10.87,73702814,784281280.00
2015/03/24,10.89,11.96,10.67,11.76,136953244,1542243200.00
2015/03/25,11.62,11.80,11.34,11.54,77706502,900370240.00
2015/03/26,11.53,11.60,10.86,11.07,60734312,684123328.00
2015/03/27,11.13,11.44,11.06,11.24,41002093,463331040.00
2015/03/30,11.28,11.65,11.21,11.52,44937557,516462112.00
2015/03/31,11.48,11.71,11.17,11.25,46153794,526494368.00
2015/04/01,11.33,11.52,11.21,11.44,40535387,462939392.00
2015/04/02,11.46,12.16,11.38,12.00,80468149,950020608.00
2015/04/03,12.00,12.06,11.70,11.91,54752072,652709504.00
2015/04/07,11.96,12.28,11.81,12.12,57430358,692950272.00
2015/04/08,12.12,12.21,11.58,11.65,56566417,669577088.00
2015/04/09,11.78,11.85,10.96,11.37,49917247,567308160.00
2015/04/10,11.36,11.84,11.29,11.71,45626261,532003136.00
2015/04/13,11.83,12.89,11.74,12.84,94582535,1179818624.00
2015/04/14,12.46,12.58,12.21,12.28,82891708,1029691648.00
2015/04/15,12.21,12.22,11.43,11.59,66715188,786719168.00
2015/04/16,11.53,12.06,11.53,11.79,44594339,530103040.00
2015/04/17,11.82,12.01,11.71,11.86,60632086,720277824.00
2015/04/20,11.89,11.89,11.12,11.19,62097250,713039232.00
2015/04/21,11.41,11.54,11.31,11.48,39940215,458477504.00
2015/04/22,11.50,11.91,11.49,11.82,58335951,686603456.00
2015/04/23,11.84,12.31,11.67,12.19,80459665,970461952.00
2015/04/24,11.96,12.26,11.63,12.21,67551766,809329984.00
2015/04/27,12.51,12.66,11.92,12.07,67683881,827340096.00
2015/04/28,11.96,12.07,11.36,11.58,55310589,647052160.00
2015/04/29,11.64,11.69,11.31,11.58,32102875,371792704.00
2015/04/30,11.56,11.71,11.36,11.54,41984068,485914976.00
2015/05/04,11.61,12.07,11.55,11.89,62297755,742977728.00
2015/05/05,11.94,12.16,11.67,12.11,78965185,947251968.00
2015/05/06,12.26,12.26,11.56,11.76,64829151,783859200.00
2015/05/07,11.64,11.73,10.71,10.75,52026472,581249536.00
2015/05/08,10.91,11.02,10.63,10.97,35789498,389901952.00
2015/05/11,11.08,11.29,10.98,11.22,51673055,578105984.00
2015/05/12,11.22,11.42,10.91,11.22,58103601,649262528.00
2015/05/13,11.20,11.34,11.00,11.26,60985597,682172032.00
2015/05/14,11.23,11.35,11.04,11.13,35289700,395461888.00
2015/05/15,11.34,11.55,11.07,11.42,65419198,747656448.00
2015/05/18,11.57,11.74,11.33,11.46,54634742,633322624.00
2015/05/19,11.44,11.66,11.25,11.60,46462790,534799808.00
2015/05/20,11.58,12.10,11.56,11.79,68878810,820285760.00
2015/05/21,11.86,12.14,11.81,12.13,62758216,757290368.00
2015/05/22,12.16,12.97,12.16,12.84,97537964,1227012992.00
2015/05/25,13.06,13.75,13.06,13.55,96965405,1309851776.00
2015/05/26,13.75,13.87,13.21,13.63,86278450,1171217408.00
2015/05/27,13.62,14.02,13.13,13.99,78382970,1061806016.00
2015/05/28,13.86,14.76,13.18,13.25,113026112,1612377984.00
2015/05/29,13.23,14.58,12.66,14.58,115504775,1600367232.00
2015/10/12,13.12,13.12,13.12,13.12,3506800,46009216.00
2015/10/13,11.81,11.81,11.81,11.81,2253200,26610292.00
2015/10/14,10.63,10.63,10.63,10.63,7442400,79112712.00
2015/10/15,9.57,10.05,9.57,9.92,195940011,1910286464.00
2015/10/16,9.83,10.10,9.77,9.96,104495139,1039575296.00
2015/10/19,9.93,10.38,9.91,10.18,76374819,774183360.00
2015/10/20,10.18,10.22,10.00,10.14,48344973,487373312.00
2015/10/21,10.14,10.25,9.32,9.37,65984593,650502848.00
2015/10/22,9.33,10.21,9.32,10.08,56617095,553526848.00
2015/10/23,10.05,10.88,10.01,10.75,85965395,900684992.00
2015/10/26,11.03,11.11,10.40,10.57,77385688,824297088.00
2015/10/27,10.57,10.67,10.15,10.59,53467784,559421376.00
2015/10/28,10.73,10.90,10.24,10.30,53142278,562773504.00
2015/10/29,10.42,10.68,10.18,10.34,41524646,431854304.00
2015/10/30,10.23,10.23,9.85,9.95,50821634,508187904.00
2015/11/02,9.73,10.24,9.66,9.94,33398774,335087328.00
2015/11/03,9.99,10.05,9.70,9.79,23745514,233421296.00
2015/11/04,9.88,10.26,9.73,10.21,47553058,477280672.00
2015/11/05,10.20,10.25,9.96,10.13,62184584,627217280.00
2015/11/06,10.15,10.28,10.05,10.19,57307752,582093376.00
2015/11/09,10.15,10.25,9.95,10.19,53629588,542504576.00
2015/11/10,10.12,10.54,10.10,10.26,61416318,634149888.00
2015/11/11,10.26,10.30,10.04,10.14,44533786,451127008.00
2015/11/12,10.11,10.23,9.97,10.05,41850324,421416000.00
2015/11/13,9.90,10.04,9.86,9.91,32244383,320437440.00
2015/11/16,9.74,10.03,9.70,10.00,30405529,299920832.00
2015/11/17,10.00,10.10,9.87,9.89,37123024,370121504.00
2015/11/18,9.87,9.94,9.58,9.68,33861255,330012032.00
2015/11/19,9.67,9.78,9.64,9.75,20903917,202726640.00
2015/11/20,9.75,9.81,9.61,9.79,33729984,327473408.00
2015/11/23,9.79,10.18,9.69,10.06,50204750,500914304.00
2015/11/24,10.00,10.08,9.82,9.96,29268276,290758688.00
2015/11/25,9.95,10.45,9.91,10.30,68740390,704217280.00
2015/11/26,10.50,10.64,10.10,10.17,60744079,627459072.00
2015/11/27,10.22,10.68,9.91,10.00,76174618,787191168.00
2015/11/30,10.10,10.21,9.00,9.52,71942657,682841600.00
2015/12/01,9.51,9.76,9.05,9.46,44066291,415197344.00
2015/12/02,9.36,9.41,8.82,9.36,45803262,419612992.00
2015/12/03,9.30,9.44,9.22,9.39,32743769,305840928.00
2015/12/04,9.39,9.48,9.20,9.22,32782395,306208256.00
2015/12/07,9.28,9.38,9.20,9.30,25234000,234072416.00
2015/12/08,9.33,9.48,8.97,9.44,38754535,356047520.00
2015/12/09,9.31,9.42,9.15,9.17,20741186,192169760.00
2015/12/10,9.10,9.22,9.00,9.17,25020609,227780352.00
2015/12/11,9.18,9.18,9.00,9.08,17662981,160000496.00
2015/12/14,9.02,9.12,8.88,9.08,23353686,209721744.00
2015/12/15,9.09,9.17,9.00,9.05,19574368,177615360.00
2015/12/16,9.13,9.40,9.08,9.33,34137071,314371136.00
2015/12/17,9.33,9.42,9.27,9.37,33720977,315586080.00
2015/12/18,9.48,9.76,9.45,9.47,41097543,393587232.00
2015/12/21,9.43,9.57,9.35,9.51,28868795,272950656.00
2015/12/22,9.48,9.67,9.42,9.65,32927088,314155648.00
2015/12/23,9.75,9.78,9.31,9.36,36128647,344638720.00
2015/12/24,9.34,9.35,9.12,9.21,21223172,195507200.00
2015/12/25,9.25,9.66,9.19,9.46,31528440,299256192.00
2015/12/28,9.43,9.62,9.20,9.21,30073931,282255584.00
2015/12/29,9.17,9.29,9.11,9.25,17720774,162788720.00
2015/12/30,9.26,9.29,9.11,9.16,19050656,174865888.00
2015/12/31,9.20,9.25,9.06,9.07,16238846,148377696.00
2016/01/04,9.07,9.07,8.16,8.16,26136363,225755344.00
2016/01/05,7.70,8.14,7.35,7.67,50166651,386375072.00
2016/01/06,7.73,7.86,7.63,7.82,32011626,248164368.00
2016/01/07,7.65,7.67,7.04,7.04,9364600,68318744.00
2016/01/08,7.20,7.40,6.65,6.98,44219682,309204160.00
2016/01/11,6.92,6.96,6.28,6.28,47098885,309192000.00
2016/01/12,6.33,6.37,6.05,6.26,33278991,207573056.00
2016/01/13,6.28,6.50,6.18,6.20,33360280,211883872.00
2016/01/14,5.98,6.38,5.95,6.33,29393031,181479888.00
2016/01/15,6.30,6.31,5.84,5.88,32543711,198032256.00
2016/01/18,5.74,6.09,5.70,5.99,23333116,138721568.00
2016/01/19,5.97,6.26,5.95,6.24,32889988,200927440.00
2016/01/20,6.18,6.45,6.13,6.43,39513065,247319488.00
2016/01/21,6.28,6.51,6.00,6.05,35060684,220626624.00
2016/01/22,6.16,6.25,6.00,6.23,22061653,135062176.00
2016/01/25,6.27,6.31,6.18,6.23,19338252,120929608.00
2016/01/26,6.18,6.18,5.61,5.61,28877932,170923808.00
2016/01/27,5.68,5.74,5.14,5.38,31239324,169329104.00
2016/01/28,5.35,5.42,5.05,5.06,22989766,120505864.00
2016/01/29,5.03,5.35,5.01,5.26,27346265,142017520.00
2016/02/01,5.26,5.53,5.21,5.43,38843359,209798544.00
2016/02/02,5.58,5.71,5.53,5.63,23755779,133730536.00
2016/02/03,5.70,6.19,5.63,6.06,44414286,267475936.00
2016/02/04,5.88,6.15,5.88,6.08,29629031,178478672.00
2016/02/05,6.07,6.08,5.86,5.92,20942948,124943248.00
2016/02/15,5.70,5.85,5.66,5.80,12899398,74279312.00
2016/02/16,5.86,6.04,5.81,6.02,21679236,129665576.00
2016/02/17,5.98,6.05,5.92,6.02,22800745,136559984.00
2016/02/18,6.04,6.29,5.98,6.18,33189768,203141584.00
2016/02/19,6.10,6.16,6.02,6.08,20228267,123218560.00
2016/02/22,6.15,6.28,6.09,6.24,31334513,193827584.00
2016/02/23,6.24,6.24,6.05,6.14,20371206,125142760.00
2016/02/24,6.10,6.24,6.06,6.21,21381996,131273936.00
2016/02/25,6.20,6.25,5.59,5.59,39663990,234779888.00
2016/02/26,5.81,5.98,5.67,5.80,35392005,206656832.00
2016/02/29,5.74,5.75,5.29,5.47,27652864,150342544.00
2016/03/01,5.49,5.62,5.42,5.55,19994120,110551008.00
2016/03/02,5.60,5.94,5.55,5.85,27801358,159777264.00
2016/03/03,5.84,6.16,5.81,5.99,40553859,242178656.00
2016/03/04,5.95,6.05,5.52,5.72,35085248,203535952.00
2016/03/07,5.98,5.98,5.81,5.90,19536408,114898352.00
2016/03/08,5.92,5.95,5.64,5.94,23525816,136350832.00
2016/03/09,5.80,5.83,5.71,5.79,13697628,79048352.00
数据来源:通达信
