600335 国机汽车 日线 前复权
      日期	    开盘	    最高	    最低	    收盘	    成交量	    成交额
2011/01/04,15.93,16.03,15.35,15.82,5756561,93451088.00
2011/01/05,15.73,15.99,15.62,15.87,4020121,65873840.00
2011/01/06,15.82,15.99,15.43,15.61,3828100,62065128.00
2011/01/07,15.48,15.76,15.37,15.38,3590637,57807928.00
2011/01/10,15.38,15.69,15.34,15.39,3058497,49193936.00
2011/01/11,15.39,15.47,13.86,14.83,7087057,105256016.00
2011/01/12,14.42,14.55,13.93,14.53,7256071,107035432.00
2011/01/13,14.24,14.43,13.83,13.95,3694624,54572632.00
2011/01/14,13.64,13.83,13.15,13.37,4656463,65075896.00
2011/01/17,13.13,13.51,12.63,13.43,4844614,65783112.00
2011/01/18,13.32,13.49,13.08,13.35,2568580,35638672.00
2011/01/19,13.08,13.53,13.08,13.45,3221437,44944260.00
2011/01/20,13.49,13.50,12.55,12.59,3094290,41782884.00
2011/01/21,12.58,12.73,12.01,12.12,4674781,59862900.00
2011/01/24,12.13,12.53,12.03,12.29,3266053,42021476.00
2011/01/25,12.37,12.37,11.85,12.23,1933119,24488306.00
2011/01/26,12.22,13.04,12.04,12.87,3057096,40627668.00
2011/01/27,12.58,13.49,12.55,13.43,3384213,46500616.00
2011/01/28,13.43,13.91,13.18,13.71,3001640,42397920.00
2011/01/31,13.56,13.80,13.33,13.58,2559161,36018648.00
2011/02/01,13.43,13.73,13.36,13.46,1805894,25390602.00
2011/02/09,13.31,13.48,13.18,13.38,1700495,23636576.00
2011/02/10,13.28,14.58,13.28,14.35,3608441,53472208.00
2011/02/11,14.27,14.77,14.13,14.34,2849807,42792016.00
2011/02/14,14.13,14.62,14.13,14.33,2387358,35797944.00
2011/02/15,14.43,15.70,14.43,15.14,7064238,112332264.00
2011/02/16,15.08,15.45,14.88,15.44,3533826,55664928.00
2011/02/17,15.43,15.50,15.16,15.43,2967033,47183996.00
2011/02/18,15.29,15.85,15.22,15.41,3564540,57532600.00
2011/02/21,15.33,15.91,14.62,15.64,4570260,72866080.00
2011/02/23,14.83,14.83,14.83,14.83,2432600,37462040.00
2011/02/24,14.39,14.59,14.13,14.24,9779744,145883584.00
2011/02/25,14.22,14.24,13.58,13.96,8842009,127117848.00
2011/02/28,13.96,13.97,13.61,13.79,7036891,100826600.00
2011/03/01,13.76,14.38,13.75,14.16,5930219,87257304.00
2011/03/02,14.12,14.27,13.69,14.06,2958647,43049088.00
2011/03/03,14.08,14.40,13.93,14.17,5472932,80758792.00
2011/03/04,14.14,14.25,13.64,14.07,5486342,79567664.00
2011/03/07,14.03,14.23,13.88,14.13,4099496,60049512.00
2011/03/08,14.16,14.42,13.97,14.31,4129422,60806904.00
2011/03/09,14.63,14.63,14.09,14.20,3456001,51403264.00
2011/03/10,14.21,14.36,13.98,14.26,2396835,35488288.00
2011/03/11,14.24,14.42,13.99,14.11,2988421,44020428.00
2011/03/14,14.12,14.12,13.38,13.65,6500251,91437224.00
2011/03/15,13.59,13.83,13.13,13.48,3093450,43181180.00
2011/03/16,13.64,13.83,13.55,13.70,3208232,45670172.00
2011/03/17,13.58,13.71,13.22,13.60,2297398,32188212.00
2011/03/18,13.91,13.93,13.55,13.69,1943032,27845128.00
2011/03/21,13.71,13.79,13.58,13.68,904012,12874182.00
2011/03/22,13.71,13.91,13.48,13.76,1272943,18137428.00
2011/03/23,13.70,14.48,13.70,14.39,10342394,154170416.00
2011/03/24,14.31,14.47,13.81,14.15,4216566,61655976.00
2011/03/25,14.07,14.63,14.03,14.38,2779883,41591808.00
2011/03/28,14.53,14.68,14.24,14.42,1987630,29883752.00
2011/03/29,14.43,15.16,14.18,14.60,3809041,58185600.00
2011/03/30,14.64,15.01,14.46,14.61,2833934,43219008.00
2011/03/31,14.50,14.68,14.00,14.36,3819004,56468776.00
2011/04/01,14.24,14.34,14.11,14.21,2338711,34578732.00
2011/04/07,14.18,14.51,14.13,14.33,2955078,44154820.00
2011/04/08,14.34,14.41,14.15,14.31,1196163,17770658.00
2011/04/11,14.30,14.41,13.83,14.06,2707540,39649304.00
2011/04/12,14.10,14.16,13.79,13.89,1325247,19193288.00
2011/04/13,14.11,14.11,13.81,14.05,1195784,17288470.00
2011/04/14,13.94,14.32,13.84,13.92,1884709,27366412.00
2011/04/15,13.91,14.31,13.83,14.12,3371017,49437432.00
2011/04/18,14.12,14.54,13.85,14.45,4443387,65491560.00
2011/04/19,14.46,15.20,14.20,15.20,6346171,97367872.00
2011/04/20,15.23,15.78,15.23,15.34,6565229,105468424.00
2011/04/21,15.15,15.58,14.85,15.55,4177214,66073084.00
2011/04/22,15.73,15.90,15.29,15.43,4388405,70759496.00
2011/04/25,15.33,15.33,14.75,14.82,2928556,45520272.00
2011/04/26,14.56,15.07,14.56,14.90,2170958,33495934.00
2011/04/27,14.90,15.11,14.13,14.34,2148555,32391276.00
2011/04/28,14.25,14.46,13.63,13.79,1912410,27709766.00
2011/04/29,13.73,14.23,13.43,13.97,2087247,30296826.00
2011/05/03,13.97,14.18,13.91,14.09,921682,13429828.00
2011/05/04,14.09,14.53,13.94,14.16,1369512,20247644.00
2011/05/05,14.16,14.62,14.11,14.40,1239620,18631004.00
2011/05/06,14.41,15.13,14.25,14.97,2421917,37129500.00
2011/05/09,14.98,15.09,14.74,14.93,1126419,17437768.00
2011/05/10,14.94,14.94,14.33,14.53,1834681,27783372.00
2011/05/11,14.45,14.62,14.36,14.48,1355814,20466264.00
2011/05/12,14.49,14.53,13.93,14.01,1471951,21861300.00
2011/05/13,13.94,14.24,13.87,14.13,1189616,17378954.00
2011/05/16,14.12,14.38,14.03,14.07,975252,14385567.00
2011/05/17,14.07,14.34,13.98,14.22,1342627,19822784.00
2011/05/18,14.22,14.22,13.85,14.03,2347435,34114776.00
2011/05/19,13.94,14.17,13.87,14.05,1611706,23607248.00
2011/05/20,14.07,14.29,13.99,14.23,1126448,16598410.00
2011/05/23,14.18,14.57,14.18,14.43,3154879,47235548.00
2011/05/24,14.53,14.57,14.23,14.41,2222656,33346496.00
2011/05/25,14.40,15.03,14.33,14.70,2836953,43198496.00
2011/05/26,14.70,14.83,13.99,14.06,2151493,32305908.00
2011/05/27,13.88,14.23,13.33,13.35,2705800,38416704.00
2011/05/30,12.96,13.55,12.66,13.20,1511914,20636200.00
2011/05/31,13.32,13.63,13.22,13.42,1335101,18655564.00
2011/06/01,13.57,13.65,13.13,13.44,513801,7238097.00
2011/06/02,13.33,13.53,13.22,13.43,828908,11576857.00
2011/06/03,13.36,13.80,13.36,13.75,565779,8046991.00
2011/06/07,13.65,14.13,13.58,14.00,1047995,15273520.00
2011/06/08,14.03,14.59,14.03,14.54,2728490,40994380.00
2011/06/15,15.30,15.30,15.30,15.30,400976,6363489.00
2011/06/16,16.09,16.09,16.09,16.09,584190,9732605.00
2011/06/17,16.92,16.92,15.26,15.26,9914491,165433808.00
2011/06/20,14.66,15.25,14.47,14.47,2041750,31118166.00
2011/06/21,14.63,14.63,13.72,14.18,4050737,58828232.00
2011/06/22,14.17,14.32,13.80,14.02,1183960,17300100.00
2011/06/23,14.01,14.31,13.93,14.15,1123725,16495645.00
2011/06/24,14.13,14.89,13.96,14.61,2471060,37109208.00
2011/06/27,14.48,14.76,14.40,14.50,2668674,40272892.00
2011/06/28,14.49,15.19,14.49,14.88,2888007,44685304.00
2011/06/29,14.89,15.14,14.18,14.57,2153411,33016058.00
2011/06/30,14.28,14.80,14.28,14.73,1556801,23644056.00
2011/07/01,14.70,15.13,14.63,15.08,1656357,25626356.00
2011/07/04,15.21,15.29,14.97,15.09,1955679,30753120.00
2011/07/05,15.03,15.81,14.97,15.46,2411812,38769028.00
2011/07/06,15.43,15.71,15.28,15.55,1709055,27434084.00
2011/07/07,15.68,15.68,15.49,15.59,2148062,34677540.00
2011/07/08,15.62,16.21,15.53,16.12,3118621,51554200.00
2011/07/11,16.03,16.42,15.93,16.08,1860455,31022800.00
2011/07/12,15.99,16.08,15.43,15.74,2475500,40223124.00
2011/07/13,15.64,15.86,15.56,15.75,1326556,21554964.00
2011/07/14,15.73,16.47,15.73,16.39,2276113,37841156.00
2011/07/15,16.21,17.03,16.09,16.73,3417140,59220664.00
2011/07/18,16.78,17.02,16.33,16.44,2691197,46365608.00
2011/07/19,16.43,16.64,16.26,16.44,773772,13132291.00
2011/07/20,16.61,17.02,16.34,16.82,2748197,47557800.00
2011/07/21,16.83,17.40,16.71,17.18,2797055,49610192.00
2011/07/22,17.18,17.38,16.93,17.01,1380389,24435864.00
2011/07/25,17.01,17.11,16.13,16.13,1729550,29472988.00
2011/07/26,15.98,16.41,15.81,16.23,1134775,18980940.00
2011/07/27,16.04,16.63,16.04,16.60,938321,15946661.00
2011/07/28,16.84,17.46,16.58,17.06,4382938,78044712.00
2011/07/29,17.11,17.34,16.42,16.66,1787983,30926862.00
2011/08/01,16.43,16.80,16.29,16.33,1162418,19869032.00
2011/08/02,16.33,16.60,15.84,16.53,1243360,20921016.00
2011/08/03,16.34,16.73,16.22,16.61,1302231,22341206.00
2011/08/04,16.53,16.81,16.41,16.49,610645,10431479.00
2011/08/05,15.78,16.26,15.64,15.71,2594196,42696616.00
2011/08/08,15.68,15.72,14.90,15.14,3274297,51322680.00
2011/08/09,14.84,15.48,14.35,15.12,1782656,27632994.00
2011/08/10,15.90,15.90,15.63,15.88,2504986,41056056.00
2011/08/11,15.63,16.34,15.48,16.31,2435185,40465140.00
2011/08/12,16.40,17.15,16.40,17.02,3915851,68919176.00
2011/08/15,17.03,17.58,17.03,17.13,2155229,38575964.00
2011/08/16,17.41,17.41,16.98,16.98,1769358,31256962.00
2011/08/17,16.98,17.36,16.81,16.97,1659917,29319128.00
2011/08/18,16.94,17.09,16.55,16.56,644587,11136970.00
2011/08/19,16.41,16.62,16.14,16.54,583527,9882775.00
2011/08/22,16.67,16.78,16.28,16.42,580829,9917118.00
2011/08/23,16.53,16.72,16.43,16.69,304293,5233070.00
2011/08/24,16.85,16.96,16.63,16.69,782001,13603914.00
2011/08/25,16.69,17.28,16.50,17.17,1319790,23248668.00
2011/08/26,17.28,17.29,16.98,17.10,648259,11509524.00
2011/08/29,16.93,17.13,16.77,16.91,481957,8443881.00
2011/08/30,16.91,17.25,16.69,16.92,432499,7598472.00
2011/08/31,16.76,17.11,16.73,17.04,1761801,30946112.00
2011/09/01,17.13,17.13,16.16,16.16,1953070,33121916.00
2011/09/02,16.11,16.52,16.01,16.42,742731,12530093.00
2011/09/05,16.42,16.61,16.13,16.46,668322,11302987.00
2011/09/06,16.43,16.55,16.20,16.48,420939,7125595.00
2011/09/07,16.49,16.63,16.33,16.57,473743,8094326.00
2011/09/08,16.60,16.68,16.41,16.60,593971,10168556.00
2011/09/09,16.60,16.72,16.43,16.59,417795,7176996.00
2011/09/13,16.59,16.59,16.15,16.33,233439,3939549.00
2011/09/14,16.13,16.62,16.09,16.33,443929,7479266.00
2011/09/15,16.34,16.48,16.13,16.18,422636,7108234.00
2011/09/16,16.18,16.34,15.85,15.95,810877,13492632.00
2011/09/19,15.93,15.93,15.44,15.54,241663,3906421.00
2011/09/20,15.43,15.62,15.23,15.51,495600,7953846.00
2011/09/21,15.29,15.88,15.29,15.84,519767,8432068.00
2011/09/22,15.92,16.38,15.72,16.11,1142581,19133664.00
2011/09/23,15.88,15.92,15.48,15.79,568272,9279494.00
2011/09/26,15.59,15.83,15.58,15.60,401732,6524771.00
2011/09/27,15.60,15.69,15.29,15.64,804087,12933563.00
2011/09/28,15.64,15.64,15.18,15.21,327486,5229103.00
2011/09/29,15.21,15.68,14.44,14.53,1008593,16029941.00
2011/09/30,14.61,15.03,14.38,14.99,483087,7351794.00
2011/10/10,15.08,15.58,15.08,15.52,389594,6216347.00
2011/10/11,15.52,15.83,15.46,15.73,405442,6553024.00
2011/10/12,15.73,16.28,15.50,16.21,1050048,17250744.00
2011/10/13,15.95,16.33,15.93,16.26,1165415,19445652.00
2011/10/14,16.14,16.40,15.83,16.34,672200,11210289.00
2011/10/17,16.43,16.91,16.24,16.81,1775523,30616312.00
2011/10/18,16.87,16.87,16.33,16.42,1017490,17444380.00
2011/10/19,16.51,16.77,16.51,16.73,1966762,33950148.00
2011/10/20,16.73,16.93,16.23,16.78,1222228,20846444.00
2011/10/21,16.55,16.75,15.91,15.91,3342700,55699924.00
2011/10/24,15.90,16.53,15.84,16.52,665523,11132086.00
2011/10/26,16.73,17.01,16.53,16.82,2192140,38021384.00
2011/10/27,16.84,16.91,16.60,16.65,1338205,23127344.00
2011/10/28,16.68,17.41,16.68,17.36,2073509,36694336.00
2011/10/31,17.43,17.43,16.93,17.20,841368,14954362.00
2011/11/01,17.13,17.48,16.98,17.43,2303726,41108912.00
2011/11/02,17.20,17.61,17.01,17.59,1933613,34563504.00
2011/11/03,17.51,18.23,17.48,17.73,2139749,39420780.00
2011/11/04,17.84,17.91,17.53,17.61,1453953,26531668.00
2011/11/07,17.64,17.64,17.26,17.30,700671,12557870.00
2011/11/08,17.26,17.50,17.08,17.33,706483,12605795.00
2011/11/09,17.41,17.63,17.13,17.34,603342,10862555.00
2011/11/10,17.34,17.42,16.69,17.27,725466,12823797.00
2011/11/11,17.33,17.42,17.13,17.15,400030,7128070.00
2011/11/14,17.43,17.51,17.13,17.38,1507459,26889284.00
2011/11/15,17.28,17.55,17.14,17.53,713255,12769783.00
2011/11/16,17.52,17.52,16.78,17.26,1308305,23075968.00
2011/11/17,17.26,17.33,17.03,17.29,446873,7944120.00
2011/11/18,17.18,17.22,16.74,16.85,394145,6886467.00
2011/11/21,16.61,16.93,16.61,16.77,291358,5048041.00
2011/11/22,16.80,17.28,16.63,17.24,928187,16303463.00
2011/11/23,17.32,17.87,17.32,17.62,1597960,29055016.00
2011/11/24,17.43,17.61,17.18,17.25,771545,13798384.00
2011/11/25,17.25,17.35,17.03,17.15,550414,9772817.00
2011/11/28,17.13,17.23,16.43,17.08,970980,16821226.00
2011/11/29,17.03,17.09,16.66,16.88,668948,11676264.00
2011/11/30,16.83,16.83,16.43,16.61,463865,7985331.00
2011/12/01,16.69,16.99,16.53,16.76,1071630,18566744.00
2011/12/02,16.69,16.73,15.99,16.04,1001175,16763183.00
2011/12/05,16.02,16.02,15.21,15.21,1371901,21743696.00
2011/12/06,15.22,15.89,14.43,15.80,826300,13075201.00
2011/12/07,15.71,16.01,15.40,15.82,493070,8045643.00
2011/12/08,15.92,16.33,15.68,16.26,1286285,21315412.00
2011/12/09,16.22,16.22,15.63,15.91,647101,10647030.00
2011/12/12,15.97,15.98,15.25,15.30,399722,6453514.00
2011/12/13,15.06,15.06,14.51,14.51,1411200,21385238.00
2011/12/14,14.43,14.84,13.81,14.08,311855,4659228.00
2011/12/15,13.98,13.98,13.35,13.35,893785,12527223.00
2011/12/16,13.05,13.58,12.65,12.65,1955064,26056660.00
2011/12/19,12.62,12.63,12.03,12.27,1381239,17742740.00
2011/12/20,12.17,12.78,12.05,12.73,1844890,24296124.00
2011/12/21,12.87,13.03,12.41,12.67,1341699,17940468.00
2011/12/22,12.68,12.68,12.01,12.61,476269,6101154.00
2011/12/23,12.43,13.01,12.43,12.83,544611,7282931.00
2011/12/26,12.83,13.23,12.83,13.12,549021,7466344.00
2011/12/27,12.82,13.23,12.82,13.04,360300,4887465.00
2011/12/28,12.84,13.03,12.36,12.91,1199830,15828276.00
2011/12/29,12.78,13.18,12.59,13.09,375212,5064277.00
2011/12/30,12.96,13.58,12.96,13.48,710097,9844760.00
2012/01/04,13.48,13.52,12.79,12.83,341774,4674106.00
2012/01/05,12.63,12.90,12.16,12.29,543420,7048026.00
2012/01/06,12.39,12.39,11.65,11.65,933726,11515210.00
2012/01/09,11.66,12.02,11.16,11.81,822600,10141714.00
2012/01/10,12.43,12.43,12.19,12.43,522749,6783621.00
2012/01/11,13.08,13.08,12.93,13.08,494722,6751717.00
2012/01/12,13.22,13.53,12.81,13.29,1334954,18271134.00
2012/01/13,13.42,13.42,12.85,12.92,960085,12996228.00
2012/01/16,12.88,13.16,12.35,12.44,1432806,19188432.00
2012/01/17,12.43,13.01,12.43,12.83,2246295,29947572.00
2012/01/18,12.88,13.43,12.88,13.09,1255413,17233670.00
2012/01/19,12.85,13.35,12.83,13.28,677623,9322141.00
2012/01/20,13.23,13.83,13.23,13.73,815300,11517306.00
2012/01/30,13.63,13.93,13.57,13.68,850903,12154543.00
2012/01/31,13.79,13.79,13.48,13.64,265790,3770026.00
2012/02/01,13.63,13.83,13.63,13.67,388257,5561621.00
2012/02/02,13.82,13.98,13.54,13.89,290549,4179888.00
2012/02/06,14.19,14.61,13.99,14.56,780752,11743183.00
2012/02/07,14.56,14.71,14.06,14.63,1033912,15492888.00
2012/02/08,14.56,15.03,14.35,14.99,763351,11621268.00
2012/02/09,14.98,15.04,14.59,14.61,899869,13846689.00
2012/02/10,14.61,14.89,14.49,14.65,342594,5226933.00
2012/02/13,14.56,15.31,14.48,15.11,1304452,20299800.00
2012/02/14,15.03,15.38,14.94,15.20,736706,11604818.00
2012/02/15,15.20,15.41,14.90,15.33,647256,10171635.00
2012/02/16,15.33,15.43,14.93,15.12,681042,10670486.00
2012/02/17,15.23,15.23,14.96,14.99,214442,3349140.00
2012/02/20,15.17,15.29,14.46,14.71,347147,5394252.00
2012/02/21,14.97,15.23,14.60,15.16,981230,15238929.00
2012/02/22,15.15,15.38,15.00,15.30,719412,11333749.00
2012/02/23,15.21,15.36,15.08,15.23,386660,6090467.00
2012/02/24,15.26,15.26,15.08,15.16,515270,8091491.00
2012/02/27,15.22,15.95,15.17,15.70,2709103,44212580.00
2012/02/28,15.77,15.87,15.22,15.45,1205011,19454416.00
2012/02/29,15.25,15.63,15.20,15.57,735467,11764073.00
2012/03/01,15.34,16.18,15.34,15.83,1789671,29450212.00
2012/03/02,15.64,16.08,15.63,16.07,702740,11630046.00
2012/03/05,16.13,16.43,15.94,16.32,1657900,27903868.00
2012/03/06,16.28,16.35,16.08,16.32,710275,11909651.00
2012/03/07,16.09,16.32,15.98,16.14,513702,8575438.00
2012/03/08,16.12,16.53,16.10,16.12,1034406,17431924.00
2012/03/09,16.14,16.28,16.05,16.21,855450,14279347.00
2012/03/12,16.23,16.56,16.21,16.52,1322332,22509950.00
2012/03/13,16.60,17.33,16.60,17.13,2986914,52596336.00
2012/03/14,17.13,17.51,16.25,16.41,1873133,32781614.00
2012/03/15,16.03,17.26,16.03,16.83,1644718,28675554.00
2012/03/16,16.78,17.22,16.71,17.13,699753,12316358.00
2012/03/19,17.14,17.40,16.99,17.27,1233067,21929060.00
2012/03/20,17.23,17.41,16.95,17.15,1330731,23584696.00
2012/03/21,17.15,17.28,16.51,16.92,1621285,28199988.00
2012/03/22,16.96,17.03,16.53,16.95,1289058,22425268.00
2012/03/23,16.83,16.83,16.07,16.23,2517104,42262784.00
2012/03/26,16.11,16.23,15.63,16.17,869940,14319943.00
2012/03/27,16.25,16.25,15.97,15.98,466495,7756621.00
2012/03/28,15.78,15.78,15.16,15.37,950098,15131223.00
2012/03/29,15.24,15.43,14.93,15.08,453410,7135999.00
2012/03/30,15.39,15.57,15.14,15.50,1100524,17635416.00
2012/04/05,15.48,16.30,15.44,16.23,1087607,18235212.00
2012/04/06,16.23,16.62,16.23,16.42,685929,11697939.00
2012/04/09,16.50,16.72,16.23,16.46,424473,7246306.00
2012/04/10,16.60,16.60,16.26,16.58,301130,5117685.00
2012/04/11,16.43,16.70,16.38,16.51,323909,5551636.00
2012/04/12,16.49,16.67,16.39,16.66,521221,8923564.00
2012/04/13,16.73,16.88,16.69,16.70,806910,13996756.00
2012/04/16,16.77,16.83,16.48,16.71,1095679,18933788.00
2012/04/17,16.74,16.74,15.85,16.33,651019,11062278.00
2012/04/18,16.13,16.24,15.53,15.73,2059809,33734360.00
2012/04/19,15.71,15.83,15.09,15.10,2395657,38050036.00
2012/04/20,15.10,15.57,15.10,15.42,1151620,18355506.00
2012/04/23,15.50,15.50,14.88,15.16,961246,15071478.00
2012/04/24,15.03,15.39,14.88,15.32,620628,9746237.00
2012/04/27,15.43,16.71,14.44,15.05,3889297,63205136.00
2012/05/02,14.44,15.37,14.44,15.08,1804595,27652696.00
2012/05/03,15.05,15.05,14.51,14.97,1056063,16138482.00
2012/05/04,14.83,14.99,14.60,14.98,1413918,21773910.00
2012/05/07,14.67,14.83,14.43,14.70,1759866,26623280.00
2012/05/08,14.58,14.63,14.45,14.52,1079797,16319010.00
2012/05/09,14.44,14.78,14.43,14.53,1148377,17358596.00
2012/05/10,14.66,14.71,14.51,14.62,568691,8634840.00
2012/05/11,14.71,14.72,14.38,14.48,853329,12867999.00
2012/05/14,14.48,14.69,14.43,14.44,619337,9350678.00
2012/05/15,14.48,14.53,12.94,14.52,824031,12237563.00
2012/05/16,14.55,14.58,14.18,14.33,654132,9740985.00
2012/05/17,14.40,14.44,14.11,14.42,518144,7710258.00
2012/05/18,14.31,14.32,14.09,14.13,645210,9496837.00
2012/05/21,14.10,14.13,12.73,13.62,716103,10134280.00
2012/05/22,13.64,13.64,13.12,13.30,2885611,39871332.00
2012/05/23,13.18,13.51,13.12,13.37,1186824,16453657.00
2012/05/24,13.38,13.63,13.23,13.53,852225,11946324.00
2012/05/25,13.48,13.63,13.13,13.16,917961,12822710.00
2012/05/28,13.23,13.73,13.06,13.72,874785,12122020.00
2012/05/30,13.91,13.93,13.19,13.29,1369290,19226732.00
2012/05/31,13.31,13.31,12.88,13.04,1326903,18018068.00
2012/06/01,13.04,13.19,12.86,13.09,1081149,14657611.00
2012/06/04,12.93,12.93,12.73,12.80,632631,8464114.00
2012/06/05,12.75,13.01,12.68,12.93,650646,8700587.00
2012/06/06,12.93,12.93,12.65,12.69,615848,8190036.00
2012/06/07,12.79,12.86,12.38,12.40,729115,9558561.00
2012/06/08,12.43,12.58,12.11,12.14,605799,7789265.00
2012/06/11,12.26,12.26,12.06,12.23,912236,11628217.00
2012/06/12,12.23,12.25,12.13,12.18,520935,6643510.00
2012/06/13,12.18,12.57,12.18,12.53,837537,10762487.00
2012/06/14,12.50,13.60,12.42,13.09,2130779,29039864.00
2012/06/15,13.10,13.30,12.82,13.09,820890,11098889.00
2012/06/18,13.13,13.36,12.93,12.98,587717,7955829.00
2012/06/19,13.06,13.06,12.61,12.79,954534,12613744.00
2012/06/20,12.87,12.87,12.27,12.40,1385879,17878372.00
2012/06/21,12.34,12.34,11.97,12.24,925728,11761851.00
2012/06/25,12.18,12.18,11.71,12.06,1295577,15961656.00
2012/06/26,11.76,12.06,11.75,11.90,762337,9469539.00
2012/06/27,11.98,12.01,11.69,11.72,846914,10444134.00
2012/06/28,11.72,11.80,11.10,11.22,1334846,15889316.00
2012/06/29,11.04,11.65,11.02,11.60,760936,8987332.00
2012/07/02,11.57,11.67,11.31,11.34,975586,11668574.00
2012/07/03,11.22,11.34,10.71,10.82,2695406,30777092.00
2012/07/04,10.82,10.87,10.52,10.81,2150166,23981160.00
2012/07/05,10.70,10.70,10.32,10.40,873648,9578997.00
2012/07/06,10.46,10.70,10.24,10.60,892008,9795626.00
2012/07/09,10.48,10.56,9.62,10.18,2203686,23190376.00
2012/07/10,9.96,10.13,9.52,9.64,2407679,24486246.00
2012/07/11,9.59,9.72,9.42,9.56,1580797,15887873.00
2012/07/12,9.64,9.97,9.62,9.92,3153698,32417724.00
2012/07/13,9.86,9.91,9.55,9.63,2159369,22030090.00
2012/07/16,9.73,9.73,8.82,9.24,2090759,20498996.00
2012/07/17,9.10,9.49,9.03,9.39,1925739,18956484.00
2012/07/18,9.27,9.52,9.15,9.43,1441586,14172623.00
2012/07/19,9.40,9.82,9.34,9.57,3621722,36537900.00
2012/07/20,9.55,9.62,9.37,9.44,1567507,15625411.00
2012/07/23,9.42,9.42,9.04,9.26,1849274,17838804.00
2012/07/24,9.13,9.52,9.12,9.39,960864,9420724.00
2012/07/25,9.32,9.37,9.16,9.22,846697,8226798.00
2012/07/26,9.16,9.42,9.07,9.23,971891,9455222.00
2012/07/27,9.23,9.40,9.17,9.38,834621,8144401.00
2012/07/30,9.39,9.42,8.87,9.15,1311706,12544054.00
2012/07/31,8.99,9.12,8.82,8.83,817270,7711670.00
2012/08/01,8.69,9.21,8.63,8.97,1212818,11438078.00
2012/08/02,8.94,9.02,8.64,8.77,790936,7346173.00
2012/08/03,8.74,8.96,8.68,8.96,974092,9052373.00
2012/08/06,8.92,9.27,8.81,9.24,1467589,13993903.00
2012/08/07,9.19,9.80,9.18,9.60,3547262,35161252.00
2012/08/08,9.52,9.76,9.43,9.64,3217512,32516436.00
2012/08/09,9.55,9.80,9.45,9.73,2647294,26890518.00
2012/08/10,9.72,9.89,9.62,9.64,2125008,21726704.00
2012/08/13,9.61,9.72,9.38,9.52,1420717,14137071.00
2012/08/14,9.53,9.76,9.13,9.72,1862915,18588436.00
2012/08/15,9.64,9.85,9.43,9.46,1301170,13197246.00
2012/08/16,9.42,9.67,9.30,9.43,862769,8606504.00
2012/08/17,9.43,9.91,9.32,9.87,2411861,24532104.00
2012/08/20,9.82,10.05,9.62,10.00,4130318,42654116.00
2012/08/21,9.99,10.20,9.87,10.08,4513571,47653248.00
2012/08/22,10.04,10.18,9.75,9.80,2522146,26368976.00
2012/08/23,9.79,9.87,9.44,9.62,3376342,34091448.00
2012/08/24,9.53,9.58,9.21,9.41,2029118,20034372.00
2012/08/27,9.31,9.31,8.75,8.86,2271619,21264844.00
2012/08/28,8.77,8.98,8.73,8.82,1331392,12366863.00
2012/08/29,8.77,8.94,8.74,8.91,1059825,9885068.00
2012/08/30,8.91,8.91,8.40,8.68,1378617,12633351.00
2012/08/31,8.52,8.80,8.52,8.75,677718,6225386.00
2012/09/03,8.74,9.02,8.67,8.98,1223582,11473041.00
2012/09/04,8.93,9.00,8.71,8.74,728329,6798387.00
2012/09/05,8.68,8.87,8.62,8.79,705874,6516876.00
2012/09/06,8.94,8.95,8.76,8.87,772239,7188812.00
2012/09/07,8.96,9.45,8.90,9.36,2660940,25820214.00
2012/09/10,9.43,9.63,9.30,9.60,2691873,26843262.00
2012/09/11,9.53,9.62,9.43,9.61,1368582,13679147.00
2012/09/12,9.62,9.70,9.45,9.60,1542131,15463934.00
2012/09/13,9.62,9.62,9.36,9.50,2032033,20214656.00
2012/09/14,9.60,9.61,9.30,9.39,1647622,16295289.00
2012/09/17,9.41,9.62,8.92,8.94,1300391,12487733.00
2012/09/18,8.92,8.99,8.70,8.87,1242879,11594803.00
2012/09/19,8.87,9.11,8.83,9.06,959282,9088904.00
2012/09/20,8.99,8.99,8.74,8.89,777253,7262539.00
2012/09/21,8.81,8.92,8.76,8.82,522337,4864082.00
2012/09/24,8.79,8.79,8.57,8.72,364036,3339844.00
2012/09/25,8.68,8.79,8.60,8.63,335758,3068750.00
2012/09/26,8.57,8.62,8.27,8.44,832661,7399570.00
2012/09/27,8.33,8.78,8.33,8.72,922395,8379997.00
2012/09/28,8.67,8.99,8.53,8.98,929874,8630044.00
2012/10/08,8.96,8.96,8.78,8.78,489600,4557197.00
2012/10/09,8.78,9.17,8.77,9.10,1088954,10280388.00
2012/10/10,9.09,9.45,8.98,9.36,2696783,26452452.00
2012/10/11,9.37,9.37,9.02,9.24,1420361,13704689.00
2012/10/12,9.17,9.31,9.02,9.11,601692,5787111.00
2012/10/15,9.16,9.16,8.62,8.71,1009283,9344008.00
2012/10/16,8.70,8.87,8.67,8.86,1001407,9252033.00
2012/10/17,8.87,8.87,8.70,8.86,522931,4848014.00
2012/10/18,8.87,9.12,8.80,9.10,1261470,11906314.00
2012/10/19,9.10,9.19,9.00,9.12,776603,7444023.00
2012/10/22,8.90,9.27,8.90,9.24,938186,9011397.00
2012/10/23,9.24,9.45,9.12,9.43,2835776,27829524.00
2012/10/24,9.36,10.00,9.22,9.83,4794204,48688404.00
2012/10/25,9.72,9.91,9.47,9.55,2884944,29173930.00
2012/10/26,9.52,9.52,8.92,9.39,1787467,17307376.00
2012/10/29,9.22,9.42,9.11,9.41,880140,8587315.00
2012/10/30,9.42,9.55,9.28,9.42,819820,8114640.00
2012/10/31,9.38,9.66,9.24,9.65,1591115,15950609.00
2012/11/01,9.66,9.79,9.53,9.76,1618349,16457091.00
2012/11/02,9.75,9.86,9.61,9.62,1163270,11820953.00
2012/11/05,9.60,9.81,9.54,9.58,853322,8640925.00
2012/11/06,9.53,9.63,9.32,9.45,999609,9899581.00
2012/11/07,9.47,9.58,9.35,9.49,692771,6890489.00
2012/11/08,9.42,9.44,9.10,9.16,1088950,10707394.00
2012/11/09,9.18,9.25,9.03,9.21,569983,5485848.00
2012/11/12,9.13,9.27,9.05,9.08,401588,3866870.00
2012/11/13,9.03,9.07,8.68,8.90,753510,7027683.00
2012/11/14,8.82,9.00,8.74,8.92,367483,3429955.00
2012/11/15,8.94,8.94,8.57,8.59,488859,4508888.00
2012/11/16,8.53,8.72,8.52,8.69,421631,3824753.00
2012/11/19,8.72,8.79,8.58,8.78,263522,2411027.00
2012/11/20,8.79,8.79,8.69,8.77,266136,2451573.00
2012/11/21,8.79,8.81,8.60,8.81,343446,3159635.00
2012/11/22,8.80,8.80,8.52,8.72,326957,2998587.00
2012/11/23,8.62,8.76,8.61,8.69,518312,4749997.00
2012/11/26,8.62,8.69,8.53,8.61,591994,5360105.00
2012/11/27,8.52,8.60,7.92,8.12,1237308,10613612.00
2012/11/28,8.03,8.03,7.74,8.00,779232,6506800.00
2012/11/29,7.88,8.02,7.84,7.99,561537,4719096.00
2012/11/30,7.98,8.19,7.89,8.14,350023,2981673.00
2012/12/03,8.08,8.22,7.87,8.08,334623,2850304.00
2012/12/04,8.02,8.29,7.82,8.19,418365,3579292.00
2012/12/05,8.12,8.65,7.99,8.63,1125601,10089755.00
2012/12/06,8.59,8.64,8.44,8.63,592900,5337820.00
2012/12/07,8.62,8.81,8.53,8.75,750246,6878305.00
2012/12/10,8.69,8.86,8.67,8.82,856702,7911742.00
2012/12/11,8.80,8.80,8.65,8.75,433593,3985739.00
2012/12/12,8.70,8.72,8.47,8.69,666576,6050206.00
2012/12/13,8.64,8.66,8.52,8.61,521336,4718437.00
2012/12/14,8.61,9.52,8.61,9.50,3825249,37509120.00
2012/12/17,9.61,9.62,9.42,9.57,1775856,17766936.00
2012/12/18,9.52,9.88,9.35,9.63,2242636,22784250.00
2012/12/19,9.61,9.87,9.48,9.69,1360176,13843386.00
2012/12/20,9.67,9.67,9.42,9.66,1553711,15584001.00
2012/12/21,9.57,9.79,9.44,9.76,1662210,16827938.00
2012/12/24,9.72,10.76,9.57,10.59,5003175,54481848.00
2012/12/25,10.46,11.19,10.37,11.03,4897895,55771640.00
2012/12/26,11.01,11.47,10.85,10.97,3109366,36134000.00
2012/12/27,10.98,11.29,10.67,11.15,2271263,25905788.00
2012/12/28,11.09,11.29,10.95,11.23,1410123,16425623.00
2012/12/31,11.32,12.10,11.10,12.03,3262155,40045724.00
2013/01/04,12.13,12.39,11.23,11.47,2384086,28758620.00
2013/01/07,11.41,11.41,10.92,11.06,2980075,34470240.00
2013/01/08,11.21,11.21,10.82,11.05,3011226,34482828.00
2013/01/09,10.98,11.14,10.80,10.89,2635465,30077392.00
2013/01/10,10.89,11.09,10.80,11.01,3478920,39752940.00
2013/01/11,10.93,11.07,10.45,10.54,3557422,39612996.00
2013/01/14,10.54,11.30,10.54,11.25,5332428,60926600.00
2013/01/15,11.26,11.84,11.26,11.61,5952583,71847424.00
2013/01/16,11.61,12.00,11.27,11.93,3873625,46571800.00
2013/01/17,11.85,11.97,11.42,11.71,3193379,38924824.00
2013/01/18,11.62,11.95,11.48,11.95,3378308,41318556.00
2013/01/21,11.92,12.69,11.92,12.51,4276365,54962804.00
2013/01/22,12.34,13.27,12.34,13.05,5800003,77802976.00
2013/01/23,12.97,13.17,12.57,12.91,2479356,33117898.00
2013/01/24,12.78,13.43,12.62,13.16,2775562,37473044.00
2013/01/25,12.97,13.45,12.42,12.45,2051726,27282328.00
2013/01/28,12.37,13.31,12.32,13.25,3332892,44633744.00
2013/01/29,13.25,13.62,13.22,13.42,1603592,22304660.00
2013/01/30,13.42,13.57,13.02,13.32,1136368,15671990.00
2013/01/31,13.32,13.32,12.84,12.96,1077439,14554775.00
2013/02/01,12.94,12.94,12.53,12.54,1746208,22910464.00
2013/02/04,12.52,13.84,12.42,13.84,3842150,52560856.00
2013/02/05,13.85,14.27,13.35,14.13,3871453,55273488.00
2013/02/06,13.85,14.07,13.64,13.78,1913575,27343936.00
2013/02/07,13.60,14.00,13.60,13.73,1202311,17159908.00
2013/02/08,13.57,15.05,13.57,14.82,5180320,78248216.00
2013/02/18,14.78,15.01,14.36,14.67,2915485,44452744.00
2013/02/19,14.61,14.68,13.52,13.91,3165005,46803408.00
2013/02/20,13.95,14.55,13.76,14.52,3515060,52210692.00
2013/02/21,14.40,14.45,13.65,14.12,2614426,37942420.00
2013/02/22,14.10,14.11,13.76,13.97,827052,11886367.00
2013/02/25,14.02,14.18,13.85,14.13,851933,12376630.00
2013/02/26,14.07,14.62,13.92,14.03,1241471,18424396.00
2013/02/27,14.10,14.12,13.30,13.70,2053775,29004466.00
2013/02/28,13.77,14.12,13.50,14.03,1789703,25618188.00
2013/03/01,14.06,14.52,13.67,13.81,4227992,61954480.00
2013/03/04,13.51,14.02,12.38,13.04,7757122,107317792.00
2013/03/05,12.94,13.47,12.67,13.12,2214966,30417416.00
2013/03/06,13.02,13.31,13.02,13.21,1308522,17805916.00
2013/03/07,13.09,13.72,12.96,13.39,1673360,23158816.00
2013/03/08,13.41,13.96,13.30,13.73,1835838,26122500.00
2013/03/11,13.72,13.72,13.16,13.46,1123850,15564024.00
2013/03/12,13.25,13.45,12.52,13.26,1205201,16217445.00
2013/03/13,13.02,13.18,12.50,12.71,1558003,20487068.00
2013/03/14,12.95,12.99,11.94,12.83,902001,12049283.00
2013/03/15,12.78,13.36,12.35,12.43,1731211,23120472.00
2013/03/18,12.36,12.52,11.97,11.99,1619578,20541870.00
2013/03/19,12.01,12.30,11.52,11.77,972050,11889588.00
2013/03/20,11.93,13.00,11.92,13.00,2309002,30234740.00
2013/03/21,13.04,13.52,12.87,12.98,2040937,27923602.00
2013/03/22,12.83,13.07,12.73,12.95,813652,10894089.00
2013/07/01,13.51,13.51,11.61,11.92,6754752,82408440.00
2013/07/02,11.62,11.72,11.20,11.43,5682173,66843872.00
2013/07/03,11.27,12.02,11.27,11.99,5353227,64872088.00
2013/07/04,11.97,11.97,11.56,11.66,2391430,28984614.00
2013/07/05,11.63,11.79,11.37,11.39,1525031,18229064.00
2013/07/08,11.39,11.45,10.87,11.22,1600489,18429666.00
2013/07/09,11.34,11.41,11.02,11.26,1253100,14518521.00
2013/07/10,11.14,11.48,11.08,11.46,1117327,13066188.00
2013/07/11,11.32,11.99,11.32,11.61,2280594,27521490.00
2013/07/12,12.81,12.81,12.12,12.25,5781181,73818512.00
2013/07/15,12.25,12.77,12.25,12.60,4761404,61379312.00
2013/07/16,12.57,12.57,12.10,12.31,4452597,56163696.00
2013/07/17,12.21,12.28,11.92,11.97,1688984,21098312.00
2013/07/18,11.97,12.10,11.81,12.05,1498170,18524610.00
2013/07/19,12.00,12.12,11.55,11.70,1494317,18346002.00
2013/07/22,11.50,11.55,11.12,11.32,1871628,21815638.00
2013/07/23,11.32,11.65,11.32,11.56,1615247,19176428.00
2013/07/24,11.52,11.61,11.28,11.38,1357680,16021904.00
2013/07/25,11.55,11.55,11.30,11.34,1119068,13197486.00
2013/07/26,11.34,11.41,11.03,11.04,1277816,14705067.00
2013/07/29,11.03,11.03,10.54,10.64,1150838,12731680.00
2013/07/30,10.63,10.92,10.37,10.86,1237378,13707575.00
2013/07/31,10.82,11.04,10.78,10.98,889730,10069335.00
2013/08/01,11.01,11.21,10.87,11.11,949415,10842263.00
2013/08/02,11.22,11.39,11.10,11.26,2213682,25697656.00
2013/08/05,11.27,11.56,11.10,11.53,1565689,18491708.00
2013/08/06,11.64,12.53,11.54,12.51,4474894,56353196.00
2013/08/07,12.36,12.81,12.27,12.29,3320624,42739348.00
2013/08/08,12.28,13.56,12.28,13.47,8746500,118712200.00
2013/08/09,13.52,13.93,13.38,13.58,4472642,62598420.00
2013/08/12,13.49,13.89,13.23,13.82,3948648,55514268.00
2013/08/13,13.80,13.80,13.42,13.63,2459349,34272160.00
2013/08/14,13.52,13.76,13.30,13.37,2367927,32854942.00
2013/08/15,13.23,13.58,13.20,13.26,816194,11190303.00
2013/08/16,13.31,13.69,12.83,13.22,1742841,23836096.00
2013/08/19,12.97,13.57,12.97,13.54,1786446,24537660.00
2013/08/20,13.44,13.66,13.39,13.47,972204,13513892.00
2013/08/21,13.50,13.61,13.27,13.49,916644,12641823.00
2013/08/22,13.47,14.88,13.42,14.88,6149556,91140368.00
2013/08/23,14.88,15.02,13.93,14.61,5048153,75247312.00
2013/08/26,14.43,15.58,14.32,15.08,3540899,54248328.00
2013/08/27,15.08,15.31,14.63,15.11,2842525,43452204.00
2013/08/28,14.82,14.83,14.43,14.47,1720420,25806822.00
2013/08/29,14.47,14.95,14.42,14.65,1480009,22308656.00
2013/08/30,14.75,14.88,13.92,14.13,1915874,28320506.00
2013/09/02,14.47,14.47,13.10,13.83,2153643,30389164.00
2013/09/03,13.60,14.09,13.49,13.97,1540241,21890400.00
2013/09/04,13.97,13.97,13.52,13.78,1355866,19079546.00
2013/09/05,13.74,13.90,13.57,13.77,643286,9069671.00
2013/09/06,13.62,14.39,13.55,14.12,1859775,27004210.00
2013/09/09,14.12,14.37,13.68,14.02,1752299,25104790.00
2013/09/10,14.03,14.47,13.79,14.30,2181847,31937090.00
2013/09/11,14.35,14.41,13.84,13.85,1357722,19540112.00
2013/09/12,13.84,13.92,13.28,13.39,2778826,38816392.00
2013/09/13,13.40,13.57,12.86,13.22,2561138,34452752.00
2013/09/16,13.18,13.55,13.12,13.39,1177630,16226157.00
2013/09/17,13.40,13.44,13.21,13.29,923235,12658826.00
2013/09/18,13.41,13.42,12.82,13.20,1380249,18435788.00
2013/09/23,13.20,13.41,12.96,13.32,1411598,19089540.00
2013/09/24,13.26,13.26,12.93,13.22,1005692,13571631.00
2013/09/25,13.20,13.31,13.02,13.16,953891,12908966.00
2013/09/26,13.15,13.15,12.72,12.74,1160441,15393684.00
2013/09/27,14.05,14.05,13.24,13.43,5524300,78640480.00
2013/09/30,13.47,14.81,13.31,14.39,2605153,37683448.00
2013/10/08,14.27,14.70,14.12,14.58,5402969,80283712.00
2013/10/09,14.57,14.77,14.20,14.48,2921858,43568968.00
2013/10/10,14.43,14.72,14.38,14.59,4104988,61402688.00
2013/10/11,14.63,14.66,14.32,14.59,1756132,26128056.00
2013/10/14,14.46,14.97,14.07,14.71,2662812,39847172.00
2013/10/15,14.67,14.86,14.39,14.56,1567316,23509682.00
2013/10/16,14.62,14.71,14.14,14.57,2358436,35018536.00
2013/10/17,14.42,15.32,14.42,15.27,5383130,82459432.00
2013/10/18,15.17,15.17,14.44,14.58,2558557,38708800.00
2013/10/21,14.52,14.85,14.12,14.82,1985943,29483816.00
2013/10/22,14.78,15.12,14.50,14.91,1755970,26729732.00
2013/10/23,14.87,15.27,14.51,14.52,1684631,25737396.00
2013/10/24,14.44,15.17,14.17,15.02,3267850,49887360.00
2013/10/25,15.02,16.29,14.82,15.83,8009475,127988704.00
2013/10/28,15.62,17.14,15.62,16.76,9921751,167911616.00
2013/10/29,16.63,17.09,15.79,16.64,6787086,114228632.00
2013/10/30,16.60,17.07,16.17,16.83,4552577,78040976.00
2013/10/31,16.82,16.82,15.68,15.89,3777294,62237532.00
2013/11/01,15.97,15.97,15.23,15.54,2204802,34785696.00
2013/11/04,15.40,15.52,14.68,15.03,2068149,31886344.00
2013/11/05,14.92,15.91,14.82,15.56,4116625,65478644.00
2013/11/06,15.49,15.61,14.83,14.87,1824457,28504610.00
2013/11/07,14.66,14.98,14.29,14.32,3069479,45829700.00
2013/11/08,14.31,14.35,13.50,13.98,3839310,54381416.00
2013/11/11,13.69,13.92,13.27,13.63,3303571,45819520.00
2013/11/12,13.67,13.87,13.28,13.70,3703008,51635708.00
2013/11/13,14.06,14.06,13.12,13.16,2409319,33240032.00
2013/11/14,13.15,13.28,12.98,13.16,3212240,43345732.00
2013/11/15,13.21,13.57,13.08,13.28,3942762,54076084.00
2013/11/18,13.25,13.74,13.25,13.62,3436614,47968708.00
2013/11/19,13.65,14.72,13.53,14.32,8525474,124159920.00
2013/11/20,14.30,14.40,13.97,14.20,2973427,43193808.00
2013/11/21,14.12,14.12,13.70,13.77,4056269,57834284.00
2013/11/22,13.77,14.09,13.77,13.82,1956075,27850738.00
2013/11/25,13.82,13.88,13.57,13.59,2503210,35276792.00
2013/11/26,13.53,13.70,13.23,13.39,2513395,34642540.00
2013/11/27,13.22,13.57,13.22,13.50,2011898,27742966.00
2013/11/28,13.45,13.90,13.45,13.81,3234779,45793712.00
2013/11/29,13.82,13.82,13.65,13.79,2082007,29389892.00
2013/12/02,13.58,13.78,13.01,13.45,7110393,98355584.00
2013/12/03,13.34,14.01,13.32,13.93,3429419,48562564.00
2013/12/04,13.87,14.16,13.83,13.86,4794428,68929056.00
2013/12/05,13.87,14.27,13.71,14.18,6260838,90188720.00
2013/12/06,14.19,14.20,13.88,13.90,3028716,43537568.00
2013/12/09,13.93,13.95,13.56,13.79,3176489,44888108.00
2013/12/10,13.88,14.14,13.75,13.85,2571492,36832672.00
2013/12/11,13.85,13.85,13.37,13.53,2252905,31398516.00
2013/12/12,13.53,13.72,13.48,13.53,1185289,16544051.00
2013/12/13,13.47,13.55,13.35,13.46,1817738,25136934.00
2013/12/16,13.35,13.42,13.02,13.11,3754457,50927336.00
2013/12/17,13.12,13.21,12.72,12.80,2086817,27610134.00
2013/12/18,12.78,12.85,12.73,12.81,1205179,15877131.00
2013/12/19,12.84,13.01,12.55,12.80,1873117,24651092.00
2013/12/20,12.72,12.79,12.22,12.33,2033932,25994512.00
2013/12/23,12.42,12.45,12.24,12.34,942514,11974389.00
2013/12/24,12.32,12.46,12.00,12.29,1503693,19102632.00
2013/12/25,12.41,12.61,12.19,12.57,1471682,18848984.00
2013/12/26,12.54,12.76,12.27,12.36,1878365,24283312.00
2013/12/27,12.33,12.60,12.33,12.56,1767258,22755940.00
2013/12/30,12.73,12.73,12.43,12.62,1501309,19445288.00
2013/12/31,12.62,12.72,12.50,12.61,1751067,22806380.00
2014/01/02,12.52,12.66,12.28,12.37,1712013,21804546.00
2014/01/03,12.35,12.48,12.17,12.43,1891658,24010572.00
2014/01/06,12.43,12.55,12.23,12.25,2415701,30937128.00
2014/01/07,12.25,12.42,12.07,12.12,1878003,23744432.00
2014/01/08,12.12,12.23,11.87,11.98,1654840,20516672.00
2014/01/09,11.82,12.14,11.82,11.92,1859318,23011924.00
2014/01/10,11.97,12.19,11.36,11.42,3185404,38670176.00
2014/01/13,11.42,11.60,10.83,10.94,3081966,35294540.00
2014/01/14,10.94,11.78,10.92,11.71,2899452,33865492.00
2014/01/15,11.64,11.70,11.35,11.64,1225452,14543097.00
2014/01/16,11.76,12.27,11.65,11.97,2511099,30962448.00
2014/01/17,12.02,12.22,11.81,12.09,1939086,24021366.00
2014/01/20,12.00,12.12,11.78,11.90,1347122,16597270.00
2014/01/21,11.90,12.21,11.84,12.07,2061543,25601248.00
2014/01/22,12.01,12.69,12.01,12.55,3843956,49426244.00
2014/01/23,12.52,13.51,12.33,13.27,7055833,93736808.00
2014/01/24,13.22,14.32,13.08,14.12,8380898,120433168.00
2014/01/27,14.03,15.02,14.03,14.77,7108569,106353728.00
2014/01/28,14.82,15.70,14.82,14.89,8289293,129213728.00
2014/01/29,14.89,15.27,14.50,14.96,4240447,64185088.00
2014/01/30,15.02,15.02,14.09,14.63,2479526,37305712.00
2014/02/07,14.63,14.97,14.52,14.83,3819324,57866248.00
2014/02/10,14.82,16.20,14.77,16.12,8436299,134723424.00
2014/02/11,16.11,16.62,15.27,15.73,6469433,104939064.00
2014/02/12,15.72,15.78,15.15,15.31,3473754,54947688.00
2014/02/13,15.35,16.50,15.19,16.42,7876888,130667376.00
2014/02/14,16.58,18.10,15.99,18.10,14005095,245830032.00
2014/02/17,18.94,19.95,18.11,19.61,22748719,452453504.00
2014/02/18,21.61,21.61,21.10,21.61,18234824,400821312.00
2014/02/19,22.67,22.72,20.92,22.64,33773083,750817728.00
2014/02/20,21.71,21.80,20.34,20.35,20736400,440676992.00
2014/02/21,19.97,19.98,19.08,19.60,16274345,324139808.00
2014/02/24,19.34,19.77,19.00,19.48,9739819,192391936.00
2014/02/25,19.47,19.47,17.49,17.49,14153154,266642336.00
2014/02/26,17.81,19.28,17.79,18.59,16822467,317398016.00
2014/02/27,18.62,20.02,18.18,18.30,15239996,297093312.00
2014/02/28,17.65,19.22,16.64,18.64,13021878,242133520.00
2014/03/03,18.71,20.01,18.44,19.28,11644590,229448496.00
2014/03/04,18.93,19.27,18.32,18.43,8271052,157169552.00
2014/03/05,18.45,18.66,18.22,18.58,5674152,106982920.00
2014/03/06,18.52,18.56,17.17,17.60,7932474,142962768.00
2014/03/07,17.44,17.78,16.91,17.11,6063861,107375264.00
2014/03/10,16.87,16.87,15.55,15.61,6950149,114573128.00
2014/03/11,15.68,15.89,15.32,15.68,5348875,85579072.00
2014/03/12,15.68,16.24,15.34,16.17,7917106,129126600.00
2014/03/20,16.56,17.83,16.32,17.22,17566641,313360864.00
2014/03/21,16.63,17.14,16.25,16.89,10072220,171318800.00
2014/03/24,16.64,16.92,16.30,16.84,6852229,116213792.00
2014/03/25,16.64,16.70,16.31,16.46,3464737,58518512.00
2014/03/26,16.50,17.48,16.37,17.15,6943567,121811144.00
2014/03/27,17.13,17.13,16.28,16.34,4990162,84778848.00
2014/03/28,16.27,16.45,15.49,15.63,4138943,66726804.00
2014/03/31,15.93,15.93,15.02,15.14,3180053,50111696.00
2014/04/01,15.08,15.72,14.84,15.71,4596894,72275656.00
2014/04/02,15.60,15.68,15.32,15.45,2927148,46329244.00
2014/04/03,15.45,15.61,15.10,15.28,3126544,48955380.00
2014/04/04,15.18,15.44,15.09,15.42,3001615,47024128.00
2014/04/08,15.31,15.90,15.19,15.71,4416805,70212376.00
2014/04/09,15.78,15.98,15.60,15.96,4002089,64861052.00
2014/04/10,15.91,17.59,15.75,17.59,10273355,177538848.00
2014/04/11,17.62,18.43,17.50,18.02,14182098,260519872.00
2014/04/14,17.72,18.28,17.46,17.53,9847115,178280496.00
2014/04/15,17.58,17.81,17.04,17.50,7115554,126583960.00
2014/04/16,17.42,17.71,17.20,17.31,5548742,98704736.00
2014/04/17,17.62,18.12,17.32,17.61,9452206,170951008.00
2014/04/18,17.41,17.60,16.86,17.46,8951681,157402528.00
2014/04/21,17.13,17.52,16.32,16.32,9053992,155504800.00
2014/04/22,16.36,16.47,15.45,15.67,8299852,133526928.00
2014/04/23,15.66,15.67,14.99,15.11,5773642,90556440.00
2014/04/24,15.14,15.36,15.02,15.12,3694088,57480812.00
2014/04/25,15.10,15.17,13.83,13.93,7841992,115576672.00
2014/04/28,13.94,14.08,13.54,13.90,3645484,51860560.00
2014/04/29,13.92,14.32,13.82,14.12,4304142,62390780.00
2014/04/30,14.13,14.27,14.05,14.21,3136151,45611988.00
2014/05/05,14.22,14.27,13.82,14.09,3946656,56604432.00
2014/05/06,14.07,14.50,14.02,14.41,4620804,68026032.00
2014/05/07,14.30,14.94,14.14,14.42,7360334,110426592.00
2014/05/08,14.12,14.76,13.96,14.24,5732180,84283408.00
2014/05/09,14.27,14.32,13.66,13.70,3903228,55855416.00
2014/05/12,13.91,14.37,13.83,14.29,4283323,61994636.00
2014/05/13,14.43,14.58,14.11,14.20,3394559,49936224.00
2014/05/14,14.27,14.29,13.94,13.96,2570615,37041696.00
2014/05/15,13.96,13.96,13.42,13.43,3062576,43206700.00
2014/05/16,13.42,13.56,13.12,13.49,3173943,43568528.00
2014/05/19,13.50,13.50,13.12,13.28,2091404,28515088.00
2014/05/20,13.47,13.73,13.37,13.63,3168756,44118000.00
2014/05/21,13.62,13.91,13.35,13.88,3499354,49050616.00
2014/05/22,13.85,14.00,13.73,13.74,2925587,41648904.00
2014/05/23,13.85,14.03,13.66,14.01,1813973,25490196.00
2014/05/26,14.11,14.65,14.11,14.61,6961699,102316960.00
2014/05/27,14.63,14.63,14.43,14.46,3064655,45065936.00
2014/05/28,14.46,14.67,14.46,14.65,3111299,45989292.00
2014/05/29,14.67,14.67,14.08,14.10,4118332,59906016.00
2014/05/30,14.05,14.37,14.02,14.24,2836588,40907744.00
2014/06/03,14.24,14.80,14.18,14.50,5057053,74982712.00
2014/06/04,14.40,14.60,14.40,14.49,3356465,49344936.00
2014/06/05,14.50,14.60,14.39,14.58,3274239,48056160.00
2014/06/06,14.60,14.66,14.23,14.30,2496729,36471684.00
2014/06/09,14.28,14.44,14.12,14.14,2362065,34169512.00
2014/06/10,14.19,14.32,14.14,14.21,3772070,54369400.00
2014/06/11,14.24,14.24,13.95,14.09,3353841,47834272.00
2014/06/12,14.09,14.20,13.90,14.08,2306616,32857716.00
2014/06/13,14.08,14.77,14.00,14.68,8719044,128526400.00
2014/06/16,14.59,14.95,14.53,14.76,7124157,106679360.00
2014/06/17,14.70,14.78,14.42,14.46,4542372,67105408.00
2014/06/18,14.55,14.65,14.40,14.42,2707787,39848440.00
2014/06/19,14.40,14.53,13.65,14.00,4022117,57361380.00
2014/06/20,13.95,14.19,13.75,14.13,1696598,24193064.00
2014/06/23,14.15,14.30,14.01,14.29,2861276,41044808.00
2014/06/24,14.19,14.36,14.07,14.18,2249209,32329292.00
2014/06/25,14.12,14.54,14.03,14.42,3165050,46120916.00
2014/06/26,14.46,14.66,14.33,14.57,3325165,48915608.00
2014/06/27,14.54,15.26,14.37,15.10,8255514,125398104.00
2014/06/30,15.09,15.68,14.99,15.51,7242546,112626904.00
2014/07/01,15.52,16.09,15.34,15.84,7618341,121641144.00
2014/07/02,15.80,15.90,15.35,15.61,4764390,75287336.00
2014/07/03,15.61,15.92,15.51,15.89,5568634,88862512.00
2014/07/04,15.85,15.93,15.33,15.45,4875621,76788576.00
2014/07/07,15.46,15.56,15.20,15.26,3095586,48071832.00
2014/07/08,15.21,15.78,15.08,15.76,4917150,77191472.00
2014/07/09,15.69,17.02,15.63,16.07,16639929,273043488.00
2014/07/10,16.26,16.79,16.03,16.06,10507315,174132832.00
2014/07/11,16.08,16.16,15.65,15.85,6083987,97494432.00
2014/07/14,15.89,16.77,15.88,16.63,8704606,144927552.00
2014/07/15,16.56,16.56,16.15,16.25,5929981,98003600.00
2014/07/16,16.20,16.50,15.46,15.53,6686374,107884136.00
2014/07/17,15.48,15.60,15.02,15.24,3839895,59365540.00
2014/07/18,15.17,15.67,15.08,15.35,4334994,67900120.00
2014/07/21,15.25,15.53,14.88,14.98,4637829,70763792.00
2014/07/22,14.83,15.65,14.83,15.49,5137624,79911264.00
2014/07/23,15.48,15.50,15.01,15.16,3739316,57730160.00
2014/07/24,15.10,15.40,14.93,15.32,2329512,35805280.00
2014/07/25,15.32,15.32,15.11,15.20,2602474,40089560.00
2014/07/28,15.25,15.68,15.22,15.51,5760544,90308248.00
2014/07/29,15.51,15.85,15.40,15.83,5914082,93802176.00
2014/07/30,15.80,15.80,15.48,15.61,4433804,70134696.00
2014/07/31,15.62,15.75,15.37,15.56,5615282,88022504.00
2014/08/01,15.43,15.51,15.28,15.29,3961296,61793696.00
2014/08/04,15.30,15.98,15.30,15.95,7737435,122963280.00
2014/08/05,15.95,15.99,15.65,15.89,4617862,73823352.00
2014/08/06,16.00,16.52,16.00,16.20,12974040,213871792.00
2014/08/07,16.51,17.50,16.51,17.33,28605250,493275296.00
2014/08/08,16.68,17.16,16.60,16.76,21195075,360375904.00
2014/08/11,16.70,16.88,16.55,16.85,9887540,167469232.00
2014/08/12,16.80,16.98,16.63,16.70,7913615,134243616.00
2014/08/13,16.66,16.68,16.31,16.55,6917830,115110456.00
2014/08/14,16.55,16.95,16.42,16.52,7852965,132702496.00
2014/08/15,16.52,16.76,16.52,16.63,4692329,79152640.00
2014/08/18,16.64,16.78,16.37,16.77,7909227,133014320.00
2014/08/19,16.83,17.29,16.77,16.99,12264267,211281904.00
2014/08/20,16.91,17.46,16.91,17.15,14138413,245749392.00
2014/08/21,17.20,17.22,16.97,17.05,8173633,141106784.00
2014/08/22,16.79,17.02,16.65,16.84,7185797,122142032.00
2014/08/25,16.84,16.84,16.47,16.65,6564688,110488912.00
2014/08/26,16.64,16.76,16.20,16.24,5195210,86667504.00
2014/08/27,16.25,16.95,16.01,16.92,9613943,162498896.00
2014/08/28,16.88,16.90,16.56,16.58,4642083,78391264.00
2014/08/29,16.72,17.19,16.51,17.09,7966409,136610016.00
2014/09/01,17.10,17.19,16.92,17.15,7543720,130211464.00
2014/09/02,17.17,17.27,16.99,17.24,11379066,197406240.00
2014/09/03,17.32,17.48,17.05,17.25,10239991,179083248.00
2014/09/04,17.21,17.45,17.06,17.19,8154857,142028624.00
2014/09/05,17.21,17.31,16.92,17.02,7594215,130794120.00
2014/09/09,17.05,17.20,16.84,17.11,10533014,181865792.00
2014/09/10,17.09,17.09,16.61,16.79,10208427,173444144.00
2014/09/11,16.74,16.97,16.62,16.69,9018207,153439744.00
2014/09/12,16.63,16.82,16.53,16.82,4481209,75802896.00
2014/09/15,16.81,17.03,16.72,17.02,6707133,114450336.00
2014/09/16,17.03,17.06,16.12,16.25,7081200,119389744.00
2014/09/17,16.24,16.54,16.10,16.51,5528645,91177288.00
2014/09/18,16.47,16.47,16.13,16.27,6007446,98842216.00
2014/09/19,16.28,16.68,16.27,16.56,5013648,83840672.00
2014/09/22,16.60,16.77,16.40,16.63,5777257,96908808.00
2014/09/23,16.56,16.63,16.35,16.56,5959832,99416872.00
2014/09/24,16.52,16.76,16.35,16.67,7947108,133747192.00
2014/09/25,16.71,16.83,16.55,16.57,6725033,113619432.00
2014/09/26,16.57,16.79,16.39,16.53,6076135,101722848.00
2014/09/29,16.55,17.01,16.53,16.97,10031787,170413360.00
2014/09/30,16.99,17.00,16.85,16.96,5472354,93788216.00
2014/10/08,17.10,17.66,17.10,17.59,13294079,234105056.00
2014/10/09,17.62,17.88,17.23,17.75,11824051,210604688.00
2014/10/10,17.63,17.74,17.30,17.35,7257461,128332280.00
2014/10/13,17.30,17.30,16.63,16.93,7030435,119920984.00
2014/10/14,16.90,16.90,16.56,16.63,6064836,102678152.00
2014/10/15,16.65,16.77,16.55,16.75,4079091,68824944.00
2014/10/16,16.63,16.84,16.52,16.60,4944322,83480240.00
2014/10/17,16.65,16.93,16.43,16.82,6827961,115409536.00
2014/10/20,16.89,17.14,16.74,16.96,6100881,104743560.00
2014/10/21,16.92,17.10,16.45,16.47,5764242,97591848.00
2014/10/22,16.44,16.57,16.18,16.23,6026631,99766176.00
2014/10/23,16.22,16.39,16.02,16.27,3550727,58225960.00
2014/10/24,16.24,16.48,16.19,16.30,2691511,44525064.00
2014/10/27,16.29,16.47,16.20,16.33,2089766,34567240.00
2014/10/28,16.45,17.28,16.42,17.16,12450947,214592688.00
2014/10/29,17.18,17.76,17.16,17.45,13357155,235627968.00
2014/10/30,17.45,17.72,17.31,17.46,10571642,187562112.00
2014/10/31,17.46,17.65,17.22,17.60,7043091,124417256.00
2014/11/03,17.60,17.97,17.39,17.92,8774530,156714752.00
2014/11/04,17.94,17.98,17.39,17.47,6654109,118363792.00
2014/11/05,17.48,17.52,17.25,17.44,4059567,71433488.00
2014/11/06,17.45,17.49,16.98,17.27,5233592,90861248.00
2014/11/07,17.21,17.62,17.16,17.39,7106462,125023112.00
2014/11/10,17.50,17.75,17.32,17.67,6245998,111090784.00
2014/11/11,17.80,17.90,16.89,17.25,5529131,96775928.00
2014/11/12,17.21,17.70,17.20,17.57,5173123,91398912.00
2014/11/13,17.64,19.00,17.55,18.45,19166728,358230720.00
2014/11/14,18.49,18.94,18.16,18.36,10127134,189922912.00
2014/11/17,18.45,18.88,18.20,18.48,6709494,126015440.00
2014/11/18,18.50,19.18,18.34,19.08,10546209,202226320.00
2014/11/19,19.01,19.28,18.72,18.96,7819939,150216320.00
2014/11/20,18.73,18.76,18.20,18.27,5643923,105179112.00
2014/11/21,18.31,19.60,18.31,19.30,9659521,184790288.00
2014/11/24,19.54,19.67,19.00,19.47,8891942,173735616.00
2014/11/25,19.47,19.99,19.26,19.62,8761518,173660512.00
2014/11/26,19.69,19.86,19.33,19.78,6930435,136903360.00
2014/11/27,19.80,21.02,19.79,20.68,12848898,265129920.00
2014/11/28,20.41,21.18,20.10,20.32,7501931,155586128.00
2014/12/01,20.15,20.32,19.57,19.78,8556081,170651488.00
2014/12/02,19.78,20.90,19.64,20.73,8718957,181097136.00
2014/12/03,20.61,21.27,19.81,21.05,8570748,178224848.00
2014/12/04,21.08,21.16,20.39,21.07,9071640,190967456.00
2014/12/05,20.71,20.93,19.10,20.13,8304474,168757472.00
2014/12/08,19.85,20.15,19.25,19.61,10192124,202642096.00
2014/12/09,19.52,19.52,18.17,18.32,10887049,207850304.00
2014/12/10,18.32,19.19,18.00,18.78,6192624,116715032.00
2014/12/11,18.57,19.50,18.52,19.41,5869731,113583232.00
2014/12/12,19.40,19.80,19.29,19.68,5079905,100257312.00
2014/12/15,19.71,20.01,19.55,19.65,4678004,93247936.00
2014/12/16,19.69,20.39,19.40,19.71,8866048,178339312.00
2014/12/17,19.53,19.65,18.67,19.22,6291297,121158936.00
2014/12/18,19.08,19.39,18.68,18.77,5216332,100522040.00
2014/12/19,18.90,19.09,18.01,18.40,5336959,98778264.00
2014/12/22,18.03,18.39,17.32,17.77,5093936,91592160.00
2014/12/23,17.70,18.13,17.42,17.75,3958400,71486688.00
2014/12/24,17.93,18.40,17.81,18.34,3305250,60404912.00
2014/12/25,18.35,18.65,18.28,18.37,2952097,55230108.00
2014/12/26,18.45,18.82,18.34,18.77,2888565,54428476.00
2014/12/29,18.73,18.96,18.50,18.69,2967576,56155600.00
2014/12/30,18.51,18.76,17.11,17.72,5644848,101535912.00
2014/12/31,17.69,17.85,16.71,17.73,10222265,178883424.00
2015/01/05,17.59,19.52,17.43,19.52,8879977,169334096.00
2015/01/06,19.57,20.42,19.28,19.32,10553660,210794688.00
2015/01/07,19.21,20.80,18.85,20.12,9786601,198774624.00
2015/01/08,20.64,21.20,19.59,20.47,10114532,207957840.00
2015/01/09,20.40,20.95,20.01,20.18,5567415,115181384.00
2015/01/12,20.05,21.09,19.85,20.39,5060923,104471936.00
2015/01/13,20.43,21.04,20.18,20.58,3232826,66911496.00
2015/01/14,20.60,20.78,19.87,20.10,2887193,58843008.00
2015/01/15,20.10,20.45,20.00,20.17,2972351,60693088.00
2015/01/16,20.28,20.74,19.91,20.71,4744978,96966784.00
2015/01/19,20.20,20.39,19.30,19.53,4746520,96026472.00
2015/01/20,19.65,20.08,19.63,19.96,6597651,132142232.00
2015/01/21,19.91,21.98,19.88,21.98,12954102,277990752.00
2015/01/22,22.77,22.80,21.45,22.07,10158590,225435680.00
2015/01/23,22.00,22.00,21.37,21.68,5406135,117777960.00
2015/01/26,21.80,22.80,21.68,22.56,7313270,164579056.00
2015/01/27,22.50,23.48,22.45,22.74,7471678,173540336.00
2015/01/28,22.55,22.64,21.71,21.81,5104474,113637872.00
2015/01/29,21.51,21.67,21.31,21.62,3256579,70511064.00
2015/01/30,21.55,22.60,21.49,22.05,4870112,109079616.00
2015/02/02,21.75,21.75,21.12,21.41,3518631,75932840.00
2015/02/03,21.63,21.77,21.00,21.56,4275060,92176792.00
2015/02/04,21.68,21.88,21.32,21.74,3015822,65830952.00
2015/02/05,22.02,22.02,21.03,21.06,4424221,95348672.00
2015/02/06,21.04,21.08,20.03,20.10,4489987,92362176.00
2015/02/09,20.29,20.70,20.00,20.26,2253991,46248992.00
2015/02/10,20.40,20.70,20.20,20.58,2142500,44266904.00
2015/02/11,20.67,20.67,20.11,20.42,2788221,57147544.00
2015/02/12,20.42,21.10,20.08,20.61,3511720,73101360.00
2015/02/13,20.65,21.35,20.65,20.95,4646570,98528952.00
2015/02/16,21.10,21.43,20.87,21.38,3104029,66488204.00
2015/02/17,21.38,21.97,21.20,21.48,2899706,63311856.00
2015/02/25,21.52,21.76,20.76,21.33,3881782,83460408.00
2015/02/26,21.30,21.40,20.80,21.15,3922796,83272448.00
2015/02/27,21.15,21.91,21.12,21.83,5451194,119029112.00
2015/03/02,22.00,22.33,21.62,21.95,6939104,153855744.00
2015/03/03,21.95,22.24,21.68,22.05,4012608,89004280.00
2015/03/04,21.90,22.53,21.90,22.48,4555345,102126064.00
2015/03/05,22.49,22.75,22.01,22.18,4064782,91391936.00
2015/03/06,22.02,22.50,21.51,21.89,5009271,111659368.00
2015/03/09,21.81,22.30,21.46,22.11,5261553,115527008.00
2015/03/10,22.07,22.20,21.71,21.78,3222785,71157632.00
2015/03/11,21.90,22.33,21.70,22.04,4894710,108560088.00
2015/03/12,21.71,22.02,20.80,20.97,10502613,225190016.00
2015/03/13,21.10,22.28,21.00,21.65,8037340,175043904.00
2015/03/16,21.51,22.65,21.51,22.59,9404596,210847296.00
2015/03/17,22.75,23.08,22.51,22.89,9224147,212098640.00
2015/03/18,22.89,23.82,22.66,23.41,7788456,183810176.00
2015/03/19,23.41,23.60,23.11,23.54,6033747,142115152.00
2015/03/20,24.15,24.80,23.68,23.83,9776366,238031456.00
2015/03/23,23.75,24.70,23.61,24.29,6650491,162213744.00
2015/03/24,24.21,24.29,23.15,24.04,7425200,178011872.00
2015/03/25,24.10,24.70,23.80,24.13,6733363,164849392.00
2015/03/26,24.18,24.37,23.48,23.63,5126448,123148752.00
2015/03/27,23.73,24.08,23.60,23.84,4276722,102592712.00
2015/03/30,23.88,25.10,23.88,24.72,7244885,179496880.00
2015/03/31,24.73,25.78,24.11,25.46,10109727,255493920.00
2015/04/01,25.45,26.49,25.25,25.90,7946490,208174784.00
2015/04/02,25.92,27.34,25.74,26.97,7289633,194320928.00
2015/04/03,26.83,27.27,26.30,27.16,6013194,161684304.00
2015/04/07,27.20,29.84,27.20,28.69,10844291,310653792.00
2015/04/08,28.64,29.84,27.95,28.88,7894990,230316048.00
2015/04/09,29.00,29.59,27.40,28.67,6271840,179172272.00
2015/04/10,28.45,29.48,28.06,29.10,4839803,141317936.00
2015/04/13,29.19,29.19,28.30,28.73,6390400,185334032.00
2015/04/14,28.60,28.60,27.86,28.33,7499613,212087504.00
2015/04/15,28.27,28.28,27.46,27.82,5765417,161758432.00
2015/04/16,27.11,28.17,26.10,27.13,5812509,160368704.00
2015/04/17,27.58,29.86,27.35,28.44,11896694,346887648.00
2015/04/20,28.43,28.43,26.70,27.20,6692964,186360448.00
2015/04/21,27.13,28.30,27.03,28.02,6277492,175945424.00
2015/04/22,28.17,28.88,27.76,28.48,7833484,223235600.00
2015/04/23,28.68,29.00,28.22,28.61,6147213,176971168.00
2015/04/24,28.09,28.64,27.36,27.85,6746859,189372096.00
2015/04/27,27.98,29.08,27.77,28.70,9076959,258326208.00
2015/04/28,28.70,29.23,27.15,27.45,7152710,202053200.00
2015/04/29,27.49,27.75,26.72,27.41,4866296,133900552.00
2015/04/30,27.41,28.38,27.30,27.80,4261000,120007272.00
2015/05/04,28.25,29.07,27.93,28.90,10261754,295209824.00
2015/05/05,28.85,30.81,28.30,29.69,12897466,382720384.00
2015/05/06,29.69,30.45,29.31,29.84,8654532,259308512.00
2015/05/07,29.51,29.83,27.83,28.75,5909573,171670176.00
2015/05/08,29.09,29.42,28.12,29.07,4702665,136415152.00
2015/05/11,29.25,32.00,28.45,31.60,13257693,403568192.00
2015/05/12,31.40,31.99,30.39,31.64,10243441,321659712.00
2015/05/13,31.60,33.07,31.20,31.78,8529889,276676640.00
2015/05/14,32.30,32.38,31.27,31.30,5340361,170329696.00
2015/05/15,30.83,30.89,29.10,30.30,8575560,257984752.00
2015/05/18,29.63,30.91,29.63,30.54,6614271,201123632.00
2015/05/19,30.40,30.75,29.99,30.42,5366203,163899360.00
2015/05/20,30.50,31.68,29.91,31.19,9240975,287908416.00
2015/05/21,31.19,31.54,30.31,31.51,7386858,229945216.00
2015/05/22,31.72,32.30,30.81,31.23,7966192,250065232.00
2015/05/25,31.29,33.26,30.82,32.90,16966335,545926016.00
2015/05/26,32.70,33.28,32.41,33.07,10978859,363352640.00
2015/05/27,33.10,35.40,32.31,34.79,12740312,436752128.00
2015/05/28,34.79,35.27,31.29,31.66,12536100,429508768.00
2015/05/29,30.81,32.31,30.18,30.90,9090585,286035136.00
2015/06/01,30.97,32.48,30.95,31.94,10148770,324133504.00
2015/06/02,32.09,34.45,32.09,34.17,10503184,350460128.00
2015/06/03,34.70,35.07,33.10,34.16,9758414,334239648.00
2015/06/04,34.23,34.60,31.30,33.84,6849809,228228960.00
2015/06/05,34.70,34.98,33.88,34.81,10071867,349766400.00
2015/06/08,35.29,35.60,33.85,34.70,9296818,325800416.00
2015/06/09,34.30,35.01,31.99,33.06,10975493,370063424.00
2015/06/10,33.08,33.93,32.10,33.42,7125467,239270928.00
2015/06/11,33.44,34.30,32.65,34.28,7574887,255462624.00
2015/06/12,34.40,37.73,34.40,37.73,18793867,691542976.00
2015/07/21,33.94,33.94,33.94,33.94,860100,29363814.00
2015/07/22,30.53,30.53,30.53,30.53,786400,24166072.00
2015/07/23,27.52,30.39,27.52,29.41,43588915,1252647168.00
2015/07/24,28.78,29.14,27.75,27.93,27932207,793105792.00
2015/07/27,26.99,27.18,25.14,25.14,22543280,586664000.00
2015/07/28,23.00,24.51,22.63,23.15,25747140,592680768.00
2015/07/29,23.54,24.51,21.79,24.43,14711049,339107296.00
2015/07/30,23.80,24.38,22.00,22.31,12961504,307268800.00
2015/07/31,21.90,23.92,21.90,23.81,13706871,314829312.00
2015/08/03,23.50,24.19,22.78,24.12,13110735,305581312.00
2015/08/04,24.18,25.27,23.91,25.04,12369105,303839040.00
2015/08/05,24.68,24.90,23.80,23.88,11075241,269647360.00
2015/08/06,24.06,25.00,23.78,24.37,11361274,279952480.00
2015/08/07,24.60,24.95,24.04,24.81,11135585,274033312.00
2015/08/10,24.89,26.30,24.89,26.01,15404250,396554624.00
2015/08/11,26.25,27.51,25.80,26.25,14971390,399725920.00
2015/08/12,25.70,26.55,25.40,25.46,10009905,259397328.00
2015/08/13,24.71,26.05,24.71,25.88,8627564,218878144.00
2015/08/14,25.50,25.88,25.05,25.37,11973374,304053984.00
2015/08/17,25.48,27.91,25.48,27.91,21362015,579861760.00
2015/08/18,28.64,30.50,25.70,26.58,36209081,1033547136.00
2015/08/19,25.20,28.37,23.92,27.63,18098770,466811744.00
2015/08/20,26.96,27.29,24.87,24.87,11610941,301517184.00
2015/08/21,24.00,24.80,22.38,22.39,9543187,221917552.00
2015/08/24,21.00,21.30,20.15,20.15,13685156,276484384.00
2015/08/25,18.25,18.95,18.14,18.14,16228027,295549664.00
2015/08/26,18.00,18.98,16.60,16.84,9265397,165467568.00
2015/08/27,17.60,17.66,16.01,17.42,10954167,186369632.00
2015/08/28,17.61,18.95,17.15,18.91,13432371,240334576.00
2015/08/31,18.63,18.63,17.11,17.24,9780072,176931152.00
2015/09/01,17.23,17.23,15.52,15.52,12434392,198014512.00
2015/09/02,15.00,16.00,13.97,15.82,10463043,158009120.00
2015/09/07,15.55,16.64,15.52,16.01,6659050,108100864.00
2015/09/08,15.70,16.77,15.68,16.59,5572498,90182584.00
2015/09/09,16.73,17.47,16.28,17.29,9345380,158875104.00
2015/09/10,16.90,17.50,16.70,16.78,6414395,109636944.00
2015/09/11,16.90,17.09,16.50,16.78,4216995,70793424.00
2015/09/14,17.20,17.35,15.10,15.12,7433893,120825528.00
2015/09/15,14.80,15.36,13.91,14.00,4756570,69464464.00
2015/09/16,14.05,15.40,14.05,15.40,7918839,118298552.00
2015/09/17,15.47,16.68,15.42,15.60,10328554,165777792.00
2015/09/18,15.59,15.94,15.40,15.89,5329996,83614864.00
2015/09/21,15.61,16.63,15.60,16.60,5046712,81539528.00
2015/09/22,16.62,16.75,15.95,16.38,6586094,107990296.00
2015/09/23,16.00,16.35,15.80,15.86,5089514,81427968.00
2015/09/24,16.01,16.18,15.68,15.92,4572437,72764976.00
2015/09/25,15.92,16.13,15.00,15.13,4557734,70745984.00
2015/09/28,15.13,15.59,15.00,15.45,4062144,62198704.00
2015/09/29,15.16,15.30,15.02,15.12,2113600,31962790.00
2015/09/30,15.41,15.50,14.92,14.97,5231046,78962824.00
2015/10/08,15.50,15.80,15.36,15.69,7155122,111716760.00
2015/10/09,15.70,16.25,15.55,16.22,8022728,127789816.00
2015/10/12,16.37,17.45,16.28,16.78,15565267,261141952.00
2015/10/13,16.78,17.80,16.56,17.73,27523983,467841888.00
2015/10/14,17.50,17.71,17.05,17.14,18063615,312372384.00
2015/10/15,16.95,17.62,16.95,17.59,19042705,330956864.00
2015/10/16,17.90,18.37,17.38,17.83,20533278,366193504.00
2015/10/19,17.90,17.95,17.13,17.47,20834297,364839968.00
2015/10/20,17.41,17.78,17.21,17.67,15456916,271217696.00
2015/10/21,17.90,18.36,15.98,16.45,24431356,429165856.00
2015/10/22,16.44,17.22,16.23,17.07,13758740,229727248.00
2015/10/23,17.49,17.84,17.38,17.68,18676000,329500608.00
2015/10/26,18.02,18.35,17.66,17.99,19874866,357959168.00
2015/10/27,18.05,19.08,17.42,18.86,23148983,421952000.00
2015/10/28,18.20,18.30,17.61,17.68,22521797,406236608.00
2015/10/29,17.70,17.81,17.18,17.43,11946231,208478304.00
2015/10/30,17.38,17.55,17.06,17.18,8239629,142664912.00
2015/11/02,16.82,17.28,16.50,16.58,9912357,167634592.00
2015/11/03,16.65,16.81,16.01,16.49,6636912,109458008.00
2015/11/04,16.55,17.39,16.55,17.38,11533804,196468400.00
2015/11/05,17.51,17.97,17.23,17.64,15833026,278201792.00
2015/11/06,17.69,18.08,17.55,18.03,15919880,284285600.00
2015/11/09,17.92,18.45,17.82,18.34,18616427,337759424.00
2015/11/10,18.20,19.20,17.95,18.87,20836782,385162080.00
2015/11/11,18.60,19.47,18.54,19.20,20268904,387271968.00
2015/11/12,19.32,19.32,18.60,18.75,14721399,277113824.00
2015/11/13,18.55,18.74,18.05,18.38,11664691,214794480.00
2015/11/16,18.05,18.95,18.02,18.93,11116821,206655104.00
2015/11/17,19.14,19.20,18.53,18.70,13367589,251893136.00
2015/11/18,18.70,18.85,18.21,18.34,7887265,147079168.00
2015/11/19,18.40,18.92,18.30,18.89,8538280,159420336.00
2015/11/20,18.92,19.19,18.75,18.88,10936792,207345856.00
2015/11/23,18.77,19.06,18.60,18.65,9550217,179870320.00
2015/11/24,18.69,18.69,18.14,18.58,11366481,208701360.00
2015/11/25,18.50,18.84,18.35,18.82,9483104,176490784.00
2015/11/26,18.95,19.64,18.81,19.34,20332149,393002208.00
2015/11/27,19.22,19.89,17.51,18.06,18316268,350306688.00
2015/11/30,18.12,18.40,17.09,17.85,10328995,183941136.00
2015/12/01,18.01,18.09,17.38,17.99,7984039,141941168.00
2015/12/02,17.97,18.39,17.51,18.26,9634395,174403040.00
2015/12/03,18.50,18.58,18.15,18.55,8305806,152628368.00
2015/12/04,18.43,18.54,17.79,18.01,8535234,155130448.00
2015/12/07,18.02,18.34,17.77,18.26,6255623,112556064.00
2015/12/08,18.20,19.55,18.05,18.99,23506577,443743904.00
2015/12/09,18.74,20.13,18.48,19.89,21724057,417307360.00
2015/12/10,19.54,19.99,19.18,19.35,14838528,290754944.00
2015/12/11,19.23,19.72,19.03,19.13,10059499,194884640.00
2015/12/14,18.93,19.48,18.42,19.44,10031657,189600528.00
2015/12/15,19.42,19.86,19.11,19.73,13423620,260651696.00
2015/12/16,19.76,19.98,19.18,19.30,10368521,201887712.00
2015/12/17,19.40,20.50,19.21,20.46,19862043,393837824.00
2015/12/18,20.15,20.37,19.81,19.99,13580128,272600896.00
2015/12/21,19.99,20.55,19.80,20.19,11331575,228283136.00
2015/12/22,20.51,20.70,19.84,20.03,12899483,259198752.00
2015/12/23,20.04,20.08,19.24,19.38,14911769,291721088.00
2015/12/24,19.31,19.70,19.12,19.54,9292007,180138496.00
2015/12/25,19.54,19.57,19.21,19.39,7982756,154844096.00
2015/12/28,19.44,19.67,18.52,18.56,9918920,190466672.00
2015/12/29,18.62,19.05,18.50,18.95,7239655,136026560.00
2015/12/30,19.03,19.50,18.98,19.24,7937796,152977088.00
2015/12/31,19.39,19.40,18.70,18.74,6267343,118832672.00
2016/01/04,18.65,18.79,16.87,16.88,7228912,127672168.00
2016/01/05,15.88,17.17,15.81,16.78,9631990,159624224.00
2016/01/06,16.79,17.15,16.51,17.02,6799509,114658792.00
2016/01/07,16.80,16.80,15.32,15.33,2428800,38476528.00
2016/01/08,15.70,15.90,14.50,15.27,11618879,177781248.00
2016/01/11,14.95,15.02,13.74,13.74,10480946,150311232.00
2016/01/12,13.88,14.15,13.40,13.84,8245296,114346152.00
2016/01/13,13.92,14.15,13.11,13.16,9182844,126496064.00
2016/01/14,12.66,13.64,12.56,13.49,8281030,109054272.00
2016/01/15,13.28,13.47,12.50,12.65,7000787,91017536.00
2016/01/18,12.40,13.16,12.37,12.91,5957285,76559760.00
2016/01/19,12.90,13.56,12.76,13.48,7942378,105582352.00
2016/01/20,13.45,13.88,13.25,13.65,12224156,165838480.00
2016/01/21,13.40,13.73,13.11,13.12,6064816,81444888.00
2016/01/22,13.29,13.45,12.86,13.43,4778975,63133332.00
2016/01/25,13.54,13.71,13.37,13.56,4946526,67156512.00
2016/01/26,13.38,13.42,12.20,12.20,7418598,94870376.00
2016/01/27,12.30,12.31,11.28,11.85,9546222,112431712.00
2016/01/28,11.66,11.83,11.17,11.26,6203600,71727888.00
2016/01/29,11.25,12.20,11.24,11.90,6555864,76698840.00
2016/02/01,11.89,12.39,11.67,12.25,9565613,115266792.00
2016/02/02,12.17,12.79,12.17,12.67,6855213,86504632.00
2016/02/03,12.38,12.76,12.25,12.66,4679441,58503508.00
2016/02/04,12.64,13.04,12.59,12.80,4879009,62717568.00
2016/02/05,12.75,12.92,12.45,12.50,2848171,36193740.00
2016/02/15,11.96,12.77,11.95,12.70,4097834,50902496.00
2016/02/16,12.72,13.66,12.72,13.43,7692293,101695104.00
2016/02/17,13.40,13.62,13.24,13.55,6934235,93186368.00
2016/02/18,13.65,13.76,13.34,13.43,4898531,66086216.00
2016/02/19,13.42,13.99,13.31,13.91,7543997,102991160.00
2016/02/22,14.08,14.25,13.79,14.20,6928237,97506088.00
2016/02/23,14.18,14.18,13.63,13.91,4847296,67500880.00
2016/02/24,13.80,14.47,13.69,14.44,6869954,96729720.00
2016/02/25,14.55,14.65,13.00,13.00,8676803,118588088.00
2016/02/26,13.11,13.62,12.95,13.29,7301216,97209024.00
2016/02/29,13.30,13.30,12.11,12.42,5405695,67786888.00
2016/03/01,12.46,12.68,12.23,12.56,4456382,55640664.00
2016/03/02,12.58,13.49,12.55,13.44,6809790,89324048.00
2016/03/03,13.45,13.78,13.42,13.48,5357268,72721704.00
2016/03/04,13.71,13.95,13.17,13.36,6012665,81871232.00
2016/03/07,13.50,13.88,13.48,13.63,4013003,54797228.00
2016/03/08,13.51,13.71,12.82,13.37,6486852,85652032.00
2016/03/09,13.06,13.26,12.83,12.99,3919873,50937864.00
数据来源:通达信
