603311 金海环境 日线 前复权
      日期	    开盘	    最高	    最低	    收盘	    成交量	    成交额
2015/05/18,7.76,7.76,7.76,7.76,28800,223488.00
2015/05/19,8.54,8.54,8.54,8.54,5200,44408.00
2015/05/20,9.39,9.39,9.39,9.39,4100,38499.00
2015/05/21,10.33,10.33,10.33,10.33,2100,21693.00
2015/05/22,11.36,11.36,11.36,11.36,3300,37488.00
2015/05/25,12.50,12.50,12.50,12.50,3400,42500.00
2015/05/26,13.75,13.75,13.75,13.75,5300,72875.00
2015/05/27,15.13,15.13,15.13,15.13,5900,89267.00
2015/05/28,16.64,16.64,16.64,16.64,26700,444288.00
2015/05/29,18.30,18.30,18.30,18.30,39000,713700.00
2015/06/01,20.13,20.13,20.13,20.13,14300,287859.00
2015/06/02,22.14,22.14,22.14,22.14,23200,513648.00
2015/06/03,24.35,24.35,24.35,24.35,42300,1030005.00
2015/06/04,26.79,26.79,26.79,26.79,107800,2887962.00
2015/06/05,29.47,29.47,29.47,29.47,63600,1874292.00
2015/06/08,32.42,32.42,32.42,32.42,107900,3498118.00
2015/06/09,35.66,35.66,35.66,35.66,1442902,51453884.00
2015/06/10,39.23,39.23,39.23,39.23,2024389,79416784.00
2015/06/11,43.15,43.15,43.15,43.15,108000,4660200.00
2015/06/12,47.47,47.47,47.47,47.47,69500,3299165.00
2015/06/15,52.22,52.22,50.00,52.22,17643877,918401472.00
2015/06/16,47.00,52.01,47.00,47.00,13931125,669102720.00
2015/06/17,42.30,45.98,42.30,42.71,14647190,626334848.00
2015/06/18,40.78,41.00,38.44,38.44,11988095,472324032.00
2015/06/19,34.75,36.52,34.60,34.60,10189648,356089248.00
2015/06/23,34.00,36.39,32.50,36.01,11153750,388337376.00
2015/06/24,36.16,36.48,32.89,34.12,10720493,373105216.00
2015/06/25,33.11,33.60,30.71,30.71,9914964,317679616.00
2015/06/26,29.49,29.49,27.64,27.64,6684143,187601200.00
2015/06/29,28.00,28.00,24.88,24.88,7006398,179224128.00
2015/06/30,23.29,26.38,22.39,25.98,9483087,230863920.00
2015/07/01,25.00,27.86,24.40,24.55,10966357,290133760.00
2015/07/02,24.55,24.74,22.10,22.10,7029007,163769520.00
2015/07/03,21.02,23.19,19.89,20.13,6764587,143344352.00
2015/07/06,22.14,22.14,20.22,22.14,11444076,249600640.00
2015/07/07,21.00,21.15,19.93,19.93,5481254,111745520.00
2015/07/08,17.94,17.94,17.94,17.94,1558000,27950520.00
2015/07/09,16.15,19.73,16.15,19.73,7029222,129023720.00
2015/07/10,20.48,21.70,20.00,21.70,4418449,93844120.00
2015/07/13,23.50,23.87,22.70,23.87,7716501,182389024.00
2015/07/14,24.95,26.20,23.87,24.98,13517575,339935232.00
2015/07/15,23.99,24.00,22.48,22.48,5442400,125145552.00
2015/07/16,20.49,23.50,20.23,22.03,6285873,137061440.00
2015/07/17,22.12,23.84,22.12,23.50,5284767,121684536.00
2015/07/20,23.33,23.98,22.60,22.98,6373156,148738288.00
2015/07/21,22.70,24.99,21.81,24.87,8600394,203579808.00
2015/07/22,24.84,25.77,24.02,24.94,9203124,229471584.00
2015/07/23,25.09,27.43,24.85,27.43,10559642,277877728.00
2015/07/24,28.20,29.10,26.60,27.06,14861754,417362080.00
2015/07/27,25.80,27.51,24.35,24.35,8626804,224488304.00
2015/07/28,22.20,24.65,21.92,22.16,7992256,181480832.00
2015/07/29,22.88,24.38,21.65,24.38,6763196,155713216.00
2015/07/30,24.37,26.66,24.06,25.43,11996779,308513824.00
2015/07/31,24.50,27.97,24.40,27.97,19120470,519430400.00
2015/08/03,27.95,30.77,27.30,30.77,21516911,623706368.00
2015/08/04,30.97,31.47,27.69,29.33,20367554,593904000.00
2015/08/05,28.40,32.26,27.90,32.26,22951480,717931200.00
2015/08/06,32.00,34.52,30.00,33.79,24452805,784377920.00
2015/08/07,32.02,35.00,31.69,32.57,18733573,620887872.00
2015/08/10,32.06,33.60,31.19,33.04,16194886,526146560.00
2015/08/11,32.40,33.94,32.09,32.86,13843370,460691872.00
2015/08/12,32.20,32.60,29.86,29.99,10689425,335527168.00
2015/08/13,29.18,30.50,29.01,30.28,6509019,193644288.00
2015/08/14,30.55,31.30,29.97,31.04,7685457,235326368.00
2015/08/17,30.50,30.99,29.50,29.72,6027641,180478000.00
2015/08/18,29.81,30.90,26.75,26.75,7611393,222665936.00
2015/08/19,25.50,28.05,24.30,27.56,6574747,172499280.00
2015/08/20,27.00,27.48,25.20,25.22,5269028,139208208.00
2015/08/21,24.80,25.20,22.80,23.01,4794777,115700168.00
2015/08/24,21.08,22.50,20.71,20.71,3478837,72579936.00
2015/08/25,18.64,21.15,18.64,18.64,6568597,126728640.00
2015/08/26,19.47,20.50,18.31,19.74,10982723,217415616.00
2015/08/27,20.11,20.70,18.60,20.41,8534082,170112752.00
2015/08/28,20.39,22.07,19.78,21.85,9350757,193678944.00
2015/08/31,21.22,22.30,20.78,21.05,8459237,181461584.00
2015/09/01,20.86,20.86,18.95,18.95,5685433,111395608.00
2015/09/02,17.13,19.50,17.13,17.20,5267910,96845160.00
2015/09/07,17.60,18.69,17.56,17.91,3537240,64239712.00
2015/09/08,17.65,19.70,17.65,19.69,6310120,119230640.00
2015/09/09,20.00,21.66,19.80,21.66,8772101,182035824.00
2015/09/10,20.75,21.37,20.35,20.40,5831613,121853640.00
2015/09/11,20.44,22.16,20.30,21.96,7417864,156902432.00
2015/09/14,21.58,21.94,19.76,19.76,7205737,148876400.00
2015/09/15,18.95,19.46,17.78,17.78,4537441,83339112.00
2015/09/16,18.16,19.56,18.15,19.56,4388972,82607824.00
2015/09/17,19.60,20.70,18.80,18.87,5684973,112442064.00
2015/09/18,18.95,19.60,18.80,19.23,3383281,64758628.00
2015/09/21,19.00,20.50,18.88,20.38,4807881,95140712.00
2015/09/22,20.46,21.70,20.02,21.13,7681027,160541360.00
2015/09/23,20.50,22.15,20.30,21.33,8490478,182338128.00
2015/09/24,21.38,22.47,21.33,21.60,7637073,166961744.00
2015/09/25,21.20,22.40,19.66,21.25,8960402,190690752.00
2015/09/28,20.88,22.86,20.60,22.80,8268879,180747744.00
2015/09/29,22.00,22.40,21.12,21.52,6569280,143491520.00
2015/09/30,21.58,21.85,20.68,21.22,3574130,76295000.00
2015/10/08,22.04,22.53,21.65,22.20,6062640,134331856.00
2015/10/09,22.20,22.68,22.02,22.37,5192388,116311328.00
2015/10/12,22.68,23.86,22.52,23.50,7070968,164326672.00
2015/10/13,23.35,24.75,23.01,24.28,6897581,164546592.00
2015/10/14,24.15,25.17,23.40,23.48,8090799,197562896.00
2015/10/15,23.32,24.49,23.00,24.47,7059860,167495328.00
2015/10/16,24.49,26.00,24.49,25.68,10190598,257885072.00
2015/10/19,25.70,26.97,24.80,26.06,9952315,256819696.00
2015/10/20,26.05,26.06,25.05,25.93,6763584,173620400.00
2015/10/21,25.96,26.77,23.34,23.34,9641921,242677792.00
2015/10/22,23.40,24.50,23.00,24.39,6218288,148318256.00
2015/10/23,24.67,26.45,24.20,25.89,7242625,182400240.00
2015/10/26,26.45,26.59,25.31,25.65,6800792,175804928.00
2015/10/27,25.76,28.22,25.26,28.22,13300527,357349920.00
2015/10/28,27.74,27.89,26.15,26.58,11421828,309043456.00
2015/10/29,26.80,26.98,26.01,26.55,5404354,143292928.00
2015/10/30,26.55,27.10,26.22,26.30,5684671,152384032.00
2015/11/02,25.50,27.62,25.50,26.30,6353217,169615296.00
2015/11/03,26.45,27.90,26.01,27.65,9215138,249952016.00
2015/11/04,27.62,28.99,27.60,28.59,9990694,280854784.00
2015/11/05,28.25,28.68,27.31,27.97,9491243,265789408.00
2015/11/06,27.81,29.29,27.81,28.98,8239910,236818912.00
2015/11/09,28.99,30.76,28.52,29.88,9399172,278668224.00
2015/11/10,29.51,30.68,29.00,29.34,7152604,212781328.00
2015/11/11,29.33,31.50,29.13,30.86,9489461,288294240.00
2015/11/12,31.38,33.95,30.70,33.95,11678767,381943296.00
2015/11/13,34.60,36.98,31.60,32.42,19780064,674632384.00
2015/11/16,31.00,33.60,30.40,32.83,9192135,295417760.00
2015/11/17,33.20,34.36,32.50,32.61,10141795,336355904.00
2015/11/18,32.30,32.77,29.80,30.02,8212262,255456608.00
2015/11/19,30.12,31.29,30.01,31.14,4895294,149537920.00
2015/11/20,31.30,31.39,30.30,30.63,5109247,157017008.00
2015/11/23,30.60,31.39,30.35,30.89,4955272,152926880.00
2015/11/24,31.11,32.30,30.67,32.22,6631411,210241712.00
2015/11/25,32.33,32.49,31.80,32.26,5421192,174425536.00
2015/11/26,32.06,33.20,32.06,32.40,6119529,200325504.00
2015/11/27,31.82,32.28,29.16,29.18,6212779,190906864.00
2015/11/30,29.26,30.28,27.02,29.77,6283076,179572048.00
2015/12/01,29.59,31.49,29.18,30.58,6572892,200347744.00
2015/12/02,30.00,30.29,27.60,28.72,4583668,132192224.00
2015/12/03,29.00,29.66,28.70,29.50,3438154,100509088.00
2015/12/04,29.46,30.19,28.90,29.50,4148205,122621488.00
2015/12/07,29.38,30.30,29.38,29.87,3168037,94801488.00
2015/12/08,30.05,30.90,29.00,30.33,5995549,181180848.00
2015/12/09,30.20,32.98,30.01,32.68,10703868,337766304.00
2015/12/10,32.00,32.40,30.78,30.94,7110366,223030240.00
2015/12/11,30.94,30.94,29.00,29.29,5027060,148390928.00
2015/12/14,28.59,30.15,28.20,30.12,4188379,122372304.00
2015/12/15,29.95,30.88,29.83,30.46,3637551,110223528.00
2015/12/16,30.96,31.15,30.40,30.76,4323896,133299264.00
2015/12/17,30.93,31.49,30.74,31.45,6428506,200258864.00
2015/12/18,31.39,31.75,30.73,30.79,4492162,139689760.00
2015/12/21,30.79,30.80,30.13,30.28,3194972,97178744.00
2015/12/22,30.50,31.17,30.50,31.02,3291250,101610232.00
2015/12/23,31.87,32.48,31.17,31.29,7525461,239641600.00
2015/12/24,31.00,31.00,29.83,30.76,4033879,122406416.00
2015/12/25,30.76,31.45,30.67,30.96,3159679,98139112.00
2015/12/28,30.84,31.28,29.90,29.93,3891812,119750512.00
2015/12/29,30.00,30.27,29.80,30.25,2378569,71369064.00
2015/12/30,30.26,30.30,29.90,30.20,2294371,69073056.00
2015/12/31,30.20,30.29,29.19,29.24,2530112,75285776.00
2016/01/04,29.28,29.38,26.32,26.32,2483600,68477968.00
2016/01/05,24.11,26.20,23.85,24.82,3169823,79343968.00
2016/01/06,25.22,25.48,24.62,25.46,2400226,60382176.00
2016/01/07,25.00,25.00,22.91,22.92,603200,14267754.00
2016/01/08,23.50,23.85,21.58,23.16,2726879,63527840.00
2016/01/11,22.83,22.83,20.84,20.84,2865800,62065880.00
2016/01/12,20.81,21.30,19.92,20.90,2272064,47039724.00
2016/01/13,21.14,21.37,19.61,19.70,1754045,36364516.00
2016/01/14,19.10,20.81,18.90,20.64,2056574,41172824.00
2016/01/15,20.73,20.99,19.70,20.03,2074074,42505988.00
2016/01/18,19.31,20.80,19.31,20.52,1850170,37607112.00
2016/01/19,20.47,21.33,20.32,21.30,2000920,41991088.00
2016/01/20,21.37,21.71,21.01,21.41,2277944,48671684.00
2016/01/21,20.90,21.63,20.30,20.40,1799280,37994664.00
2016/01/22,20.73,20.95,20.25,20.84,1428860,29435148.00
2016/01/25,21.01,21.52,20.97,21.22,1393753,29608940.00
2016/01/26,20.70,21.21,19.10,19.13,1612441,32529592.00
2016/01/27,19.19,19.45,18.00,18.88,1881297,35013768.00
2016/01/28,18.67,18.84,17.90,18.05,1228700,22605184.00
2016/01/29,18.12,18.95,18.00,18.74,1809988,33454604.00
2016/02/01,18.80,18.83,18.20,18.45,1066139,19807464.00
2016/02/02,18.45,19.43,18.01,19.37,1522100,29083140.00
2016/02/03,19.09,20.95,18.86,20.71,2106086,41411372.00
2016/02/04,21.00,22.78,20.82,21.53,3199225,69774400.00
2016/02/05,21.80,21.93,20.92,21.43,2096665,44880720.00
2016/02/15,20.60,22.60,20.30,22.43,3314657,72329008.00
2016/02/16,23.00,23.46,22.40,23.09,3582940,82118320.00
2016/02/17,23.27,23.80,22.69,23.39,4228350,98426680.00
2016/02/18,23.50,23.91,22.88,23.21,3474031,80649160.00
2016/02/19,23.48,23.48,22.22,22.96,3136240,71862632.00
2016/02/22,23.58,24.46,23.23,24.10,5698336,136765952.00
2016/02/23,24.22,24.22,23.00,23.71,3605400,85287008.00
2016/02/24,23.79,23.99,22.98,23.61,2888000,67661192.00
2016/02/25,23.77,23.77,21.25,21.25,3362300,75211616.00
2016/02/26,21.50,21.69,19.50,20.57,2608206,54218216.00
2016/02/29,20.20,20.87,18.77,19.26,2199839,43158880.00
2016/03/01,19.40,19.98,19.05,19.82,1498817,29253480.00
2016/03/02,19.69,20.97,19.69,20.72,2093490,42842492.00
2016/03/03,20.72,21.43,20.66,20.74,1894176,39916344.00
2016/03/04,20.61,20.90,19.52,19.68,1630548,32827420.00
2016/03/07,19.95,20.72,19.95,20.12,1186445,24058744.00
2016/03/08,19.93,20.37,19.22,20.05,1709068,33802280.00
2016/03/09,19.92,20.00,19.35,19.78,803630,15869038.00
数据来源:通达信
