600650 锦江投资 日线 前复权
      日期	    开盘	    最高	    最低	    收盘	    成交量	    成交额
2011/01/04,9.96,10.11,9.89,10.03,1118608,12681187.00
2011/01/05,10.09,10.16,9.96,10.05,1257098,14327006.00
2011/01/06,9.96,10.17,9.96,10.04,1127975,12841853.00
2011/01/07,10.05,10.23,9.99,10.10,1584355,18146840.00
2011/01/10,10.08,10.16,9.67,9.75,1355455,15277236.00
2011/01/11,9.68,9.75,9.52,9.73,934223,10234144.00
2011/01/12,9.78,9.82,9.61,9.77,806487,8916306.00
2011/01/13,9.90,9.90,9.69,9.70,954721,10591919.00
2011/01/14,9.70,9.70,9.43,9.48,1328851,14404822.00
2011/01/17,9.36,9.47,8.89,8.91,1396768,14605710.00
2011/01/18,8.91,8.96,8.76,8.89,1049802,10691352.00
2011/01/19,8.89,9.04,8.84,9.04,962713,9935463.00
2011/01/20,9.05,9.26,8.74,8.74,1447850,15057571.00
2011/01/21,8.74,8.96,8.67,8.84,1160044,11805806.00
2011/01/24,8.84,9.01,8.76,8.97,1495434,15313667.00
2011/01/25,8.94,9.44,8.89,9.17,2716941,28444940.00
2011/01/26,9.15,9.16,8.96,9.15,1334523,13907418.00
2011/01/27,9.10,9.23,8.99,9.22,1878729,19673354.00
2011/01/28,9.22,9.26,9.08,9.20,1179594,12400065.00
2011/01/31,9.19,9.51,9.16,9.50,2503312,26796796.00
2011/02/01,9.36,10.01,9.36,9.98,3540025,39403240.00
2011/02/09,9.88,11.04,9.81,10.67,9370477,110696960.00
2011/02/10,10.51,10.69,10.22,10.42,9336634,109029096.00
2011/02/11,10.32,10.60,10.27,10.32,4419902,51700088.00
2011/02/14,10.31,10.41,10.21,10.32,4471620,52190408.00
2011/02/15,10.31,10.50,10.27,10.32,3237753,37899400.00
2011/02/16,10.29,10.43,10.16,10.42,3494484,40710164.00
2011/02/17,10.53,10.86,10.42,10.84,7407468,88755224.00
2011/02/18,10.70,10.77,10.43,10.52,3860113,45969280.00
2011/02/21,10.38,10.60,10.34,10.55,2515244,29805432.00
2011/02/22,10.56,10.64,10.01,10.04,3568504,41466960.00
2011/02/23,9.96,10.36,9.96,10.15,1644640,18920436.00
2011/02/24,10.16,10.24,10.04,10.16,1768090,20316808.00
2011/02/25,10.16,10.42,10.09,10.27,2167853,25228172.00
2011/02/28,10.26,10.45,10.22,10.39,2102371,24626860.00
2011/03/01,10.50,10.50,10.29,10.35,2442182,28642200.00
2011/03/02,10.33,10.65,10.28,10.64,3899089,46068060.00
2011/03/03,10.64,10.64,10.31,10.33,2338621,27633050.00
2011/03/04,10.34,10.51,10.29,10.50,1788953,20996400.00
2011/03/07,10.52,10.75,10.52,10.70,4698788,56099968.00
2011/03/08,10.69,10.78,10.58,10.73,3522287,42398328.00
2011/03/09,10.76,10.83,10.59,10.66,3309533,39760584.00
2011/03/10,10.72,10.86,10.66,10.67,3732882,45091480.00
2011/03/11,10.58,10.66,10.34,10.35,3425991,40538900.00
2011/03/14,10.24,10.51,10.24,10.45,1842312,21530836.00
2011/03/15,10.45,10.46,10.00,10.09,2602619,29864288.00
2011/03/16,10.14,10.26,10.08,10.23,1582512,18208266.00
2011/03/17,10.12,10.15,9.94,9.97,1959589,22297986.00
2011/03/18,10.06,10.11,9.96,10.07,1402470,15960846.00
2011/03/21,10.07,10.22,10.04,10.17,1239212,14238235.00
2011/03/22,10.25,10.26,9.97,10.10,1067202,12206674.00
2011/03/23,10.11,10.28,10.01,10.27,1879744,21621146.00
2011/03/24,10.27,10.31,10.17,10.20,1221858,14140135.00
2011/03/25,10.18,10.94,10.14,10.68,5359723,62997228.00
2011/03/28,10.77,10.77,10.51,10.58,3359518,40174512.00
2011/03/29,10.66,10.76,10.29,10.66,3982701,47280320.00
2011/03/30,10.60,10.66,10.46,10.56,2720243,32386766.00
2011/03/31,10.74,10.97,10.50,10.54,7914033,95914456.00
2011/04/01,10.28,10.52,10.12,10.40,3486790,40486708.00
2011/04/06,10.41,10.48,10.26,10.41,2111390,24733436.00
2011/04/07,10.46,10.77,10.41,10.74,5249364,62934712.00
2011/04/08,10.81,10.82,10.61,10.67,3569535,42922140.00
2011/04/11,10.76,10.77,10.44,10.49,3109151,36984380.00
2011/04/12,10.45,10.77,10.39,10.64,3863792,46384664.00
2011/04/13,10.56,11.34,10.56,11.23,12814962,158549952.00
2011/04/14,11.11,11.21,10.93,10.96,5827817,72178304.00
2011/04/15,10.94,11.29,10.87,11.28,6451498,80208552.00
2011/04/18,11.31,11.46,11.16,11.37,7348558,92914968.00
2011/04/19,11.26,11.30,10.89,11.06,5344338,66307976.00
2011/04/20,11.06,11.24,10.99,11.11,3550259,44186688.00
2011/04/21,11.16,11.21,11.02,11.14,3350824,41746540.00
2011/04/22,11.06,11.21,10.81,10.82,3763435,46122416.00
2011/04/25,10.82,10.83,10.39,10.41,2852451,33804988.00
2011/04/26,10.41,10.46,10.08,10.16,2256943,26079442.00
2011/04/27,10.26,10.30,9.98,10.11,1674479,19241888.00
2011/04/28,10.15,10.18,9.83,9.86,1628282,18479460.00
2011/04/29,10.00,10.03,9.83,10.02,873487,9859801.00
2011/05/03,10.04,10.14,9.96,10.14,1003999,11447738.00
2011/05/04,10.11,10.14,9.77,9.80,1097080,12401505.00
2011/05/05,9.86,9.96,9.76,9.91,851602,9541974.00
2011/05/06,9.91,10.21,9.81,10.13,1860134,21222004.00
2011/05/09,10.14,10.22,10.07,10.12,882211,10119383.00
2011/05/10,10.16,10.16,9.88,9.98,1885450,21330094.00
2011/05/11,9.99,10.04,9.81,9.90,2719667,30488150.00
2011/05/12,9.86,9.86,9.55,9.58,2350853,26014960.00
2011/05/13,9.63,9.85,9.61,9.73,1687684,18588872.00
2011/05/16,9.76,9.80,9.55,9.63,1513301,16669924.00
2011/05/17,9.65,9.72,9.49,9.66,1127771,12350008.00
2011/05/18,9.73,9.79,9.65,9.77,1026799,11358903.00
2011/05/19,9.80,10.01,9.76,9.96,3584477,40320180.00
2011/05/20,9.96,10.07,9.88,10.01,3544544,40249156.00
2011/05/23,9.98,10.00,9.57,9.74,2818331,31197216.00
2011/05/24,9.72,10.07,9.56,9.85,4949578,54893604.00
2011/05/25,9.84,9.98,9.65,9.82,4391452,48953608.00
2011/05/26,9.84,9.86,9.26,9.29,3017201,33274832.00
2011/05/30,9.06,9.06,8.67,8.69,2076719,21131912.00
2011/05/31,8.86,8.94,8.74,8.92,691762,7023231.00
2011/06/01,8.92,9.01,8.90,8.99,856495,8819338.00
2011/06/02,8.90,8.94,8.61,8.73,1493790,15055838.00
2011/06/03,8.74,8.86,8.74,8.83,972509,9872950.00
2011/06/07,8.82,8.90,8.80,8.89,1092244,11129692.00
2011/06/08,8.89,8.92,8.78,8.91,1148946,11714990.00
2011/06/09,9.07,9.51,8.97,8.99,3989203,42177208.00
2011/06/10,8.92,9.05,8.68,8.88,1965037,19941234.00
2011/06/13,8.86,8.86,8.72,8.82,884500,8951167.00
2011/06/14,8.83,9.05,8.80,8.98,1288569,13266784.00
2011/06/15,8.98,9.06,8.82,8.88,1087104,11169969.00
2011/06/16,8.81,8.81,8.59,8.61,1572242,15726496.00
2011/06/17,8.63,8.70,8.38,8.44,948800,9421002.00
2011/06/20,8.54,8.54,8.28,8.32,661499,6420783.00
2011/06/21,8.36,8.41,8.29,8.40,996699,9660752.00
2011/06/22,8.47,8.50,8.36,8.40,614900,5996700.00
2011/06/23,8.40,8.57,8.31,8.54,1065908,10424109.00
2011/06/24,8.49,8.76,8.44,8.75,2166651,21694220.00
2011/06/27,8.76,8.89,8.74,8.81,1319072,13376209.00
2011/06/28,8.84,8.84,8.68,8.75,924342,9317510.00
2011/06/29,8.77,8.80,8.64,8.70,1135560,11414356.00
2011/06/30,8.72,8.85,8.69,8.81,1522336,15419209.00
2011/07/01,8.84,8.87,8.77,8.79,1516744,15408531.00
2011/07/04,8.81,8.99,8.81,8.98,1894685,19445156.00
2011/07/05,9.04,9.13,9.04,9.11,1719277,17925866.00
2011/07/06,9.11,9.11,9.01,9.08,1212746,12593197.00
2011/07/07,9.08,9.16,9.01,9.15,1747894,18230416.00
2011/07/08,9.19,9.25,9.13,9.24,2568307,27069300.00
2011/07/11,9.11,9.22,9.09,9.21,1304125,13268825.00
2011/07/12,9.21,9.21,9.02,9.06,1463753,14793181.00
2011/07/13,9.14,9.15,9.05,9.12,1523963,15464610.00
2011/07/14,9.14,9.23,9.11,9.22,1346446,13724800.00
2011/07/15,9.22,9.25,9.14,9.24,1327852,13605357.00
2011/07/18,9.25,9.30,9.22,9.24,1384073,14245847.00
2011/07/19,9.19,9.28,9.07,9.08,1294050,13169065.00
2011/07/20,9.14,9.20,9.01,9.09,1100830,11164485.00
2011/07/21,9.10,9.10,8.92,8.95,1334502,13363211.00
2011/07/22,9.02,9.04,8.90,8.92,986598,9880054.00
2011/07/25,8.96,8.96,8.49,8.52,1363421,13267696.00
2011/07/26,8.52,8.61,8.50,8.60,764800,7342914.00
2011/07/27,8.60,8.69,8.53,8.68,760673,7353526.00
2011/07/28,8.65,8.65,8.49,8.54,900243,8623424.00
2011/07/29,8.58,8.59,8.35,8.44,1220504,11569056.00
2011/08/01,8.44,8.53,8.42,8.50,842812,8018391.00
2011/08/02,8.47,8.47,8.26,8.44,730438,6849935.00
2011/08/03,8.40,8.50,8.34,8.45,723873,6861273.00
2011/08/04,8.47,8.55,8.46,8.53,946458,9040763.00
2011/08/05,8.27,8.50,8.17,8.47,1320076,12468935.00
2011/08/08,8.36,8.45,7.78,8.29,2123803,19488068.00
2011/08/09,8.14,8.64,7.83,8.61,4294239,40437672.00
2011/08/10,8.62,8.93,8.52,8.59,5404693,52751756.00
2011/08/11,8.18,8.53,8.17,8.50,2895847,27115710.00
2011/08/12,8.52,8.57,8.44,8.46,2022222,19272264.00
2011/08/15,8.48,8.51,8.35,8.50,1530239,14504707.00
2011/08/16,8.51,8.54,8.37,8.40,1164976,11059973.00
2011/08/17,8.42,8.42,8.28,8.39,1092448,10254575.00
2011/08/18,8.38,8.38,8.11,8.12,782549,7257137.00
2011/08/19,7.90,8.02,7.86,7.97,1177645,10580481.00
2011/08/22,7.97,8.07,7.91,7.96,717149,6467664.00
2011/08/23,8.00,8.16,7.96,8.15,1201250,10921748.00
2011/08/24,8.17,8.21,8.06,8.17,1273023,11685559.00
2011/08/25,8.16,8.33,8.10,8.31,1173837,10899220.00
2011/08/26,8.31,8.37,8.27,8.32,698499,6530284.00
2011/08/29,8.31,8.31,8.13,8.21,824131,7610089.00
2011/08/30,8.24,8.43,8.21,8.27,1585459,14871622.00
2011/08/31,8.20,8.71,8.08,8.62,4085480,38783052.00
2011/09/01,8.61,8.76,8.45,8.62,2786474,26794118.00
2011/09/02,8.55,8.60,8.46,8.48,1402546,13409231.00
2011/09/05,8.42,8.54,7.84,7.87,3855166,35255880.00
2011/09/06,7.78,7.89,7.68,7.87,1401182,12404617.00
2011/09/07,7.88,8.01,7.76,7.98,1430839,12802427.00
2011/09/08,8.04,8.05,7.92,7.93,852769,7688220.00
2011/09/09,7.94,8.03,7.88,7.92,858532,7722743.00
2011/09/13,7.84,7.85,7.73,7.79,659317,5817272.00
2011/09/14,7.85,7.92,7.77,7.91,549235,4872358.00
2011/09/15,7.93,7.99,7.87,7.94,822916,7376427.00
2011/09/16,7.98,7.99,7.90,7.93,401564,3607633.00
2011/09/19,7.92,7.92,7.62,7.70,948934,8293424.00
2011/09/20,7.70,7.78,7.65,7.76,399051,3491771.00
2011/09/21,7.77,7.96,7.69,7.94,1586348,14170629.00
2011/09/22,7.90,7.93,7.69,7.75,1112176,9875024.00
2011/09/23,7.66,7.73,7.62,7.71,574440,5005712.00
2011/09/26,7.76,7.76,7.56,7.61,663700,5778099.00
2011/09/27,7.66,7.69,7.59,7.66,479665,4161538.00
2011/09/28,7.72,7.73,7.56,7.59,507873,4418131.00
2011/09/29,7.58,7.59,7.27,7.36,758072,6410445.00
2011/09/30,7.40,7.40,7.24,7.33,808874,6746186.00
2011/10/10,7.35,7.38,7.29,7.37,485365,4064378.00
2011/10/11,7.51,7.54,7.30,7.38,591224,4998863.00
2011/10/12,7.37,7.61,7.27,7.60,1201833,10251577.00
2011/10/13,7.60,7.71,7.55,7.66,957059,8296874.00
2011/10/14,7.67,7.68,7.56,7.62,811636,7010105.00
2011/10/17,7.64,7.67,7.55,7.59,486301,4198964.00
2011/10/18,7.58,7.58,7.31,7.34,696351,5891467.00
2011/10/19,7.37,7.39,7.30,7.36,549562,4604653.00
2011/10/20,7.36,7.36,7.06,7.11,1071227,8767244.00
2011/10/21,7.16,7.16,7.07,7.11,347799,2834640.00
2011/10/24,7.17,7.24,7.05,7.24,613214,5024264.00
2011/10/25,7.26,7.41,7.20,7.40,771545,6441896.00
2011/10/26,7.37,7.51,7.35,7.47,1157986,9830987.00
2011/10/27,8.06,8.32,7.85,7.97,7839547,71343496.00
2011/10/28,7.97,8.04,7.86,8.01,3843086,34576720.00
2011/10/31,7.96,8.00,7.80,7.87,1560960,13928122.00
2011/11/01,7.84,7.89,7.69,7.81,2147356,18975452.00
2011/11/02,7.67,7.95,7.63,7.88,2467153,21819468.00
2011/11/03,7.93,8.24,7.88,8.16,5295999,48299708.00
2011/11/04,8.18,8.26,8.12,8.21,3495610,32286960.00
2011/11/07,8.22,8.28,8.18,8.20,1538921,14249795.00
2011/11/08,8.21,8.29,8.11,8.16,2069490,19112224.00
2011/11/09,8.18,8.30,8.14,8.28,2093949,19389004.00
2011/11/10,8.21,8.36,8.15,8.16,1712343,15899604.00
2011/11/11,8.18,8.60,8.18,8.50,4210648,39919440.00
2011/11/14,8.55,8.71,8.46,8.66,1946246,18754968.00
2011/11/15,8.65,9.05,8.63,8.90,4889813,48763016.00
2011/11/16,8.86,9.02,8.73,8.76,2657589,26308612.00
2011/11/17,8.76,8.98,8.73,8.88,1820716,18022484.00
2011/11/18,8.91,9.01,8.56,8.68,3579833,35265416.00
2011/11/21,8.70,8.75,8.53,8.69,1529059,14783894.00
2011/11/22,8.63,8.72,8.39,8.59,680299,6526309.00
2011/11/23,8.59,8.66,8.49,8.53,572035,5494979.00
2011/11/24,8.51,8.51,8.26,8.39,1428647,13417696.00
2011/11/25,8.39,8.46,8.30,8.42,937889,8839404.00
2011/11/28,8.42,8.76,8.42,8.73,1834494,17714052.00
2011/11/29,8.80,8.93,8.80,8.86,1335192,13229639.00
2011/11/30,8.86,8.96,8.37,8.45,1792335,17354196.00
2011/12/01,8.77,8.99,8.62,8.74,2778699,27386852.00
2011/12/02,8.75,8.81,8.50,8.67,915816,8873774.00
2011/12/05,8.68,8.75,8.46,8.52,575553,5515434.00
2011/12/06,8.52,8.52,8.26,8.39,1421444,13353933.00
2011/12/07,8.29,8.41,8.28,8.38,657117,6171575.00
2011/12/08,8.46,8.46,8.27,8.31,793279,7454804.00
2011/12/09,8.31,8.35,8.18,8.21,268190,2499566.00
2011/12/12,8.27,8.42,8.19,8.23,517250,4827807.00
2011/12/13,8.16,8.23,8.05,8.07,840917,7696236.00
2011/12/14,8.07,8.21,8.06,8.08,333120,3050158.00
2011/12/15,8.08,8.20,7.67,7.74,761162,6761147.00
2011/12/16,7.85,8.00,7.71,7.96,442579,3945684.00
2011/12/19,7.87,7.90,7.66,7.86,692139,6103967.00
2011/12/20,7.92,7.94,7.77,7.80,439440,3903139.00
2011/12/21,7.89,7.89,7.73,7.76,421450,3731145.00
2011/12/22,7.67,7.68,7.26,7.42,626358,5316794.00
2011/12/23,7.46,7.53,7.34,7.46,386745,3285486.00
2011/12/26,7.46,7.55,7.46,7.50,259891,2222365.00
2011/12/27,7.52,7.53,7.26,7.27,317059,2671186.00
2011/12/28,7.33,7.33,7.05,7.21,432279,3541409.00
2011/12/29,7.19,7.32,7.19,7.27,227128,1888502.00
2011/12/30,7.30,7.42,7.27,7.38,416125,3485778.00
2012/01/04,7.36,7.46,7.09,7.12,645940,5345591.00
2012/01/05,7.11,7.14,6.30,6.57,828782,6511628.00
2012/01/06,6.46,6.60,6.21,6.37,972997,7180866.00
2012/01/09,6.41,6.76,6.30,6.75,998344,7598810.00
2012/01/10,6.66,7.12,6.66,7.01,1125041,8981120.00
2012/01/11,7.02,7.06,6.89,7.00,502630,4027240.00
2012/01/12,6.86,7.09,6.86,6.96,357027,2864921.00
2012/01/13,6.99,6.99,6.56,6.64,892579,6896836.00
2012/01/16,6.64,6.65,6.37,6.42,466457,3516579.00
2012/01/17,6.46,6.79,6.44,6.76,1242934,9585518.00
2012/01/18,6.72,6.89,6.58,6.59,1000221,7771350.00
2012/01/19,6.63,6.80,6.57,6.69,445951,3445356.00
2012/01/20,6.79,6.85,6.67,6.83,741872,5772313.00
2012/01/30,6.82,6.84,6.73,6.76,484459,3790430.00
2012/01/31,6.68,6.76,6.66,6.75,264840,2055705.00
2012/02/01,6.74,6.80,6.62,6.63,354884,2751115.00
2012/02/02,6.75,6.82,6.65,6.81,543517,4246071.00
2012/02/03,6.81,6.96,6.76,6.95,918297,7267255.00
2012/02/06,6.94,6.99,6.86,6.95,743000,5905265.00
2012/02/07,6.94,6.94,6.71,6.76,557606,4365249.00
2012/02/08,6.73,6.92,6.68,6.91,869175,6838124.00
2012/02/09,6.89,7.03,6.87,7.00,1310401,10521969.00
2012/02/10,6.99,7.13,6.94,7.03,1337553,10798994.00
2012/02/13,6.99,7.11,6.93,7.10,860417,6949200.00
2012/02/14,7.14,7.14,7.04,7.07,595647,4832679.00
2012/02/15,7.05,7.27,7.04,7.24,1367176,11238693.00
2012/02/16,7.26,7.41,7.14,7.22,1049554,8708958.00
2012/02/17,7.21,7.30,7.06,7.15,803600,6586923.00
2012/02/20,7.25,7.34,7.16,7.19,764105,6331879.00
2012/02/21,7.21,7.27,7.11,7.24,678115,5586541.00
2012/02/22,7.30,7.38,7.24,7.36,1236040,10327201.00
2012/02/23,7.31,7.43,7.21,7.32,1083723,9052584.00
2012/02/24,7.35,7.44,7.24,7.43,1672246,14073908.00
2012/02/27,7.41,7.61,7.41,7.44,2108210,18039616.00
2012/02/28,7.38,7.48,7.33,7.41,1328581,11192467.00
2012/02/29,7.36,7.43,7.30,7.32,711962,5988871.00
2012/03/01,7.35,7.42,7.24,7.34,771399,6447500.00
2012/03/02,7.36,7.45,7.33,7.45,1142716,9636700.00
2012/03/05,7.46,7.63,7.39,7.52,1861187,15871915.00
2012/03/06,7.51,7.51,7.27,7.33,1166766,9802808.00
2012/03/07,7.32,7.37,7.24,7.27,1185154,9886526.00
2012/03/08,7.26,7.44,7.25,7.42,1850227,15567057.00
2012/03/09,7.44,7.49,7.37,7.48,1506581,12788440.00
2012/03/12,7.50,7.53,7.42,7.49,1422978,12130742.00
2012/03/13,7.47,7.64,7.47,7.60,2277302,19617020.00
2012/03/14,7.61,7.81,7.24,7.30,3566393,30818962.00
2012/03/15,7.30,7.37,7.10,7.22,1292244,10721192.00
2012/03/16,7.24,7.38,7.18,7.37,1672463,13926590.00
2012/03/19,7.36,7.56,7.31,7.51,1710321,14545264.00
2012/03/20,7.46,7.46,7.28,7.28,1088308,9130774.00
2012/03/21,7.36,7.48,7.24,7.48,1671748,14065966.00
2012/03/22,7.45,7.50,7.29,7.34,953628,8019225.00
2012/03/23,7.34,7.40,7.14,7.33,1002411,8297129.00
2012/03/26,7.32,7.32,7.15,7.20,608600,5019187.00
2012/03/27,7.20,7.29,7.16,7.21,792787,6563920.00
2012/03/28,7.16,7.16,6.67,6.75,1619491,12816203.00
2012/03/29,6.68,6.74,6.36,6.42,1826711,13830469.00
2012/03/30,6.42,6.49,6.38,6.41,926542,6927195.00
2012/04/05,6.40,6.60,6.40,6.58,967294,7327391.00
2012/04/06,6.58,6.64,6.55,6.64,827331,6318620.00
2012/04/09,6.61,6.63,6.49,6.52,466495,3545685.00
2012/04/10,6.47,6.68,6.47,6.66,696257,5308312.00
2012/04/11,6.66,6.72,6.56,6.72,1266073,9753138.00
2012/04/12,6.65,6.91,6.65,6.88,1701319,13379768.00
2012/04/13,6.87,7.19,6.83,7.13,2269922,18357948.00
2012/04/16,7.10,7.21,7.02,7.14,1358598,11087902.00
2012/04/17,7.13,7.44,6.97,6.98,2703623,22327852.00
2012/04/18,6.97,7.23,6.93,7.18,1669924,13566577.00
2012/04/19,7.24,7.25,7.10,7.12,1058579,8685097.00
2012/04/20,7.11,7.58,7.06,7.45,4433488,37546816.00
2012/04/23,7.42,7.74,7.36,7.46,3420032,29412668.00
2012/04/24,7.36,7.73,7.15,7.72,5011962,42748388.00
2012/04/25,7.64,8.03,7.54,7.87,5992418,53312272.00
2012/04/26,7.85,7.91,7.59,7.67,2921747,25581448.00
2012/04/27,7.61,7.71,7.46,7.48,2140250,18362900.00
2012/05/02,7.63,7.64,7.48,7.51,1684591,14435772.00
2012/05/03,7.50,7.58,7.44,7.57,1198373,10246298.00
2012/05/04,7.55,7.57,7.36,7.54,1558236,13267721.00
2012/05/07,7.50,7.50,7.36,7.44,1445462,12224168.00
2012/05/08,7.43,7.54,7.38,7.49,1270454,10810587.00
2012/05/09,7.48,7.48,7.29,7.35,1263317,10598707.00
2012/05/10,7.38,7.42,7.30,7.35,1071310,9002453.00
2012/05/11,7.34,7.37,7.22,7.23,1099700,9155108.00
2012/05/14,7.32,7.35,7.22,7.24,893521,7435998.00
2012/05/15,7.20,7.25,7.06,7.17,1139940,9326665.00
2012/05/16,7.17,7.18,6.98,7.01,948577,7699571.00
2012/05/17,7.04,7.29,7.00,7.25,1400948,11510635.00
2012/05/18,7.23,7.25,7.02,7.07,1186113,9676142.00
2012/05/21,7.07,7.11,6.96,7.05,613474,4953695.00
2012/05/22,7.10,7.18,7.08,7.18,729705,5969680.00
2012/05/23,7.11,7.19,7.06,7.09,486939,3963040.00
2012/05/24,7.11,7.18,7.07,7.09,630716,5151026.00
2012/05/25,7.10,7.13,6.94,6.98,748072,6029127.00
2012/05/28,6.86,7.16,6.86,7.14,775408,6242885.00
2012/05/29,7.16,7.28,7.11,7.24,1094083,9029509.00
2012/05/30,7.20,7.32,7.18,7.28,1273924,10568313.00
2012/05/31,7.26,7.31,7.21,7.22,927874,7702603.00
2012/06/04,7.12,7.13,6.83,6.84,1367500,10933681.00
2012/06/05,6.89,6.93,6.75,6.78,677386,5319971.00
2012/06/06,6.78,6.84,6.74,6.78,660658,5160828.00
2012/06/07,6.88,6.88,6.72,6.76,845999,6619190.00
2012/06/08,6.81,6.84,6.72,6.76,647581,5055777.00
2012/06/11,6.72,6.86,6.72,6.84,432994,3391103.00
2012/06/12,6.82,6.82,6.68,6.75,409699,3186454.00
2012/06/13,6.75,6.88,6.74,6.86,520262,4091999.00
2012/06/14,6.82,6.90,6.77,6.78,596086,4697299.00
2012/06/15,6.82,6.86,6.74,6.84,529813,4159090.00
2012/06/18,6.83,6.93,6.83,6.89,546817,4340067.00
2012/06/19,6.89,6.92,6.85,6.88,440846,3492476.00
2012/06/20,6.88,6.94,6.85,6.89,541558,4297629.00
2012/06/21,6.86,6.89,6.72,6.81,477794,3754855.00
2012/06/25,6.78,6.78,6.60,6.61,523945,4044761.00
2012/06/26,6.58,6.68,6.53,6.65,334746,2555347.00
2012/06/27,6.61,6.70,6.59,6.61,338599,2600679.00
2012/06/28,6.66,6.69,6.57,6.62,317105,2434715.00
2012/06/29,6.61,6.70,6.53,6.69,528201,4048247.00
2012/07/02,6.72,6.79,6.71,6.78,626992,4884725.00
2012/07/03,6.83,6.84,6.74,6.79,488150,3823673.00
2012/07/04,6.77,6.87,6.77,6.86,583366,4588950.00
2012/07/05,6.82,6.82,6.63,6.65,1141868,8803174.00
2012/07/06,6.72,6.72,6.27,6.50,1531486,10949027.00
2012/07/09,6.43,6.45,6.25,6.26,870560,6156152.00
2012/07/10,6.27,6.34,6.23,6.32,399085,2800585.00
2012/07/11,6.28,6.33,6.24,6.32,288219,2024672.00
2012/07/12,6.31,6.41,6.26,6.39,779519,5520676.00
2012/07/13,6.34,6.39,6.29,6.33,528867,3738516.00
2012/07/16,6.33,6.33,5.96,6.03,1018847,6945557.00
2012/07/17,5.98,6.16,5.98,6.10,443678,3011263.00
2012/07/18,6.12,6.19,6.03,6.15,489707,3350169.00
2012/07/19,6.22,6.66,6.15,6.51,2498818,17892268.00
2012/07/20,6.46,6.47,6.30,6.35,1064570,7575790.00
2012/07/23,6.28,6.42,6.20,6.25,509369,3563738.00
2012/07/24,6.24,6.30,6.19,6.29,398571,2787470.00
2012/07/25,6.30,6.31,6.16,6.17,441344,3071050.00
2012/07/26,6.18,6.21,6.11,6.12,464270,3201866.00
2012/07/27,6.17,6.17,6.11,6.13,171999,1182652.00
2012/07/30,6.14,6.14,5.93,5.96,546292,3680086.00
2012/07/31,5.97,5.97,5.79,5.95,416621,2759925.00
2012/08/01,5.87,6.12,5.87,6.00,255292,1722461.00
2012/08/02,6.01,6.01,5.89,5.91,242914,1622964.00
2012/08/03,5.96,6.03,5.92,6.02,354817,2387091.00
2012/08/06,6.03,6.15,5.99,6.14,357234,2436886.00
2012/08/07,6.18,6.21,6.07,6.20,521164,3596066.00
2012/08/08,6.21,6.21,6.08,6.14,451802,3113136.00
2012/08/09,6.18,6.22,6.09,6.19,582685,4019720.00
2012/08/10,6.19,6.20,6.15,6.16,283686,1960413.00
2012/08/13,6.14,6.16,5.99,6.01,275561,1878413.00
2012/08/14,6.02,6.09,5.95,6.07,303790,2049713.00
2012/08/15,6.07,6.11,5.96,5.97,219586,1489285.00
2012/08/16,5.98,6.03,5.96,5.97,240088,1615123.00
2012/08/17,5.96,6.02,5.87,5.94,347502,2324503.00
2012/08/20,5.90,6.00,5.90,5.98,302961,2021903.00
2012/08/21,5.96,6.06,5.96,6.03,349262,2357703.00
2012/08/22,6.03,6.06,5.96,6.02,445473,2996444.00
2012/08/23,6.01,6.08,5.97,6.06,561463,3802244.00
2012/08/24,6.07,6.07,5.91,5.96,878894,5870913.00
2012/08/27,5.90,5.94,5.73,5.84,589675,3851543.00
2012/08/28,5.78,5.87,5.77,5.83,394776,2595574.00
2012/08/29,5.82,5.86,5.77,5.79,357901,2343925.00
2012/08/30,5.81,5.82,5.61,5.69,596520,3847226.00
2012/08/31,5.66,5.72,5.64,5.70,247200,1586396.00
2012/09/03,5.66,5.83,5.65,5.77,474536,3073910.00
2012/09/04,5.79,5.93,5.74,5.76,721911,4753903.00
2012/09/05,5.81,5.82,5.73,5.76,282099,1837487.00
2012/09/06,5.76,5.81,5.72,5.79,584712,3802775.00
2012/09/07,5.83,6.05,5.82,5.99,1772874,11881583.00
2012/09/10,5.98,6.08,5.95,6.07,1290387,8717264.00
2012/09/11,5.99,6.19,5.99,6.19,2105768,14436877.00
2012/09/12,6.16,6.20,6.08,6.20,959590,6612923.00
2012/09/13,6.13,6.20,6.06,6.10,940640,6449995.00
2012/09/14,6.12,6.14,6.05,6.09,595282,4073700.00
2012/09/17,6.03,6.10,5.88,5.90,457000,3077475.00
2012/09/18,5.96,5.96,5.78,5.83,459700,3032187.00
2012/09/19,5.83,5.91,5.79,5.90,332709,2193369.00
2012/09/20,5.86,5.91,5.61,5.62,1348270,8711031.00
2012/09/21,5.62,5.68,5.56,5.57,629901,3999007.00
2012/09/24,5.57,5.64,5.52,5.59,581958,3670906.00
2012/09/25,5.57,5.60,5.51,5.53,278727,1755117.00
2012/09/26,5.52,5.56,5.44,5.45,395971,2465285.00
2012/09/27,5.46,5.60,5.45,5.54,513401,3214008.00
2012/09/28,5.52,5.67,5.52,5.64,640032,4069936.00
2012/10/08,5.71,5.72,5.58,5.62,372187,2376860.00
2012/10/09,5.58,5.75,5.58,5.74,524432,3388712.00
2012/10/10,5.79,5.79,5.72,5.78,517591,3364291.00
2012/10/11,5.79,5.83,5.70,5.72,603216,3928279.00
2012/10/12,5.72,5.85,5.70,5.71,458874,2982296.00
2012/10/15,5.71,5.71,5.57,5.61,393758,2510133.00
2012/10/16,5.64,5.73,5.62,5.66,299374,1924580.00
2012/10/17,5.66,5.75,5.61,5.69,476119,3059300.00
2012/10/18,5.87,6.33,5.69,6.33,4078778,28602290.00
2012/10/19,6.38,6.44,6.10,6.26,6850153,48057400.00
2012/10/22,6.10,6.23,6.06,6.16,2194060,15116266.00
2012/10/23,6.16,6.21,5.97,6.01,1884691,12829841.00
2012/10/24,6.01,6.14,5.96,6.07,1128286,7649062.00
2012/10/25,6.02,6.10,5.97,6.00,1010814,6839580.00
2012/10/26,5.99,6.05,5.81,5.82,1148573,7630357.00
2012/10/29,5.83,5.83,5.72,5.74,679391,4410068.00
2012/10/30,5.76,5.90,5.76,5.87,791123,5208457.00
2012/10/31,5.87,5.89,5.81,5.88,418393,2758052.00
2012/11/01,5.89,6.03,5.88,6.02,1002502,6731596.00
2012/11/02,6.01,6.04,5.95,6.03,677132,4562346.00
2012/11/05,6.06,6.06,5.94,5.97,564958,3793853.00
2012/11/06,5.96,6.01,5.82,5.86,518333,3429230.00
2012/11/07,5.84,5.95,5.84,5.87,319600,2121103.00
2012/11/08,5.83,5.89,5.74,5.75,559579,3666357.00
2012/11/09,5.75,5.81,5.74,5.75,347571,2258006.00
2012/11/12,5.75,5.82,5.73,5.78,332354,2161306.00
2012/11/13,5.78,5.80,5.64,5.68,482181,3098153.00
2012/11/14,5.69,5.71,5.59,5.66,395202,2530374.00
2012/11/15,5.62,5.65,5.53,5.55,501500,3168073.00
2012/11/16,5.54,5.59,5.47,5.49,376344,2353426.00
2012/11/19,5.47,5.61,5.45,5.58,247800,1551950.00
2012/11/20,5.58,5.65,5.51,5.56,254001,1602560.00
2012/11/21,5.60,5.62,5.51,5.62,511936,3224130.00
2012/11/22,5.59,5.59,5.51,5.56,178200,1119010.00
2012/11/23,5.53,5.60,5.52,5.55,275432,1737339.00
2012/11/26,5.55,5.58,5.54,5.54,172500,1085693.00
2012/11/27,5.53,5.53,5.34,5.34,421551,2588481.00
2012/11/28,5.31,5.31,5.12,5.18,805901,4781927.00
2012/11/29,5.20,5.22,5.05,5.13,350648,2058973.00
2012/11/30,5.13,5.22,5.10,5.19,358500,2118398.00
2012/12/03,5.19,5.19,5.05,5.06,215040,1258103.00
2012/12/04,5.07,5.10,5.01,5.09,604910,3498176.00
2012/12/05,5.07,5.34,5.07,5.28,834500,5008860.00
2012/12/06,5.23,5.30,5.21,5.27,417029,2501455.00
2012/12/07,5.25,5.40,5.23,5.40,525344,3199248.00
2012/12/10,5.40,5.49,5.32,5.48,625787,3863515.00
2012/12/11,5.47,5.51,5.37,5.39,417904,2584156.00
2012/12/12,5.39,5.44,5.32,5.38,309046,1888895.00
2012/12/13,5.56,5.99,5.56,5.99,6519145,43716904.00
2012/12/14,5.86,6.15,5.77,6.09,7611493,51536704.00
2012/12/17,5.99,6.11,5.93,5.97,4936412,33302942.00
2012/12/18,5.99,6.04,5.87,5.94,2555778,17099966.00
2012/12/19,5.89,5.95,5.85,5.90,1441587,9574255.00
2012/12/20,5.86,5.98,5.85,5.93,1432893,9517031.00
2012/12/21,5.91,5.95,5.74,5.77,2069678,13601776.00
2012/12/24,5.73,5.81,5.66,5.76,1345060,8721016.00
2012/12/25,5.71,5.95,5.71,5.94,2395978,15840322.00
2012/12/26,6.01,6.08,5.94,6.01,2583447,17430000.00
2012/12/27,6.24,6.56,5.99,6.02,4474220,30942116.00
2012/12/28,5.94,6.06,5.93,6.05,2179177,14695857.00
2012/12/31,6.06,6.09,5.99,6.07,1682531,11423880.00
2013/01/04,6.08,6.11,5.99,6.08,1439579,9772512.00
2013/01/07,6.06,6.11,6.02,6.10,1338982,9134155.00
2013/01/08,6.12,6.20,6.08,6.12,2041351,14025132.00
2013/01/09,6.13,6.23,6.03,6.11,2091536,14384837.00
2013/01/10,6.11,6.15,6.05,6.09,1481057,10120078.00
2013/01/11,6.12,6.14,5.88,5.91,1681291,11349891.00
2013/01/14,5.87,6.09,5.87,6.09,1404172,9496966.00
2013/01/15,6.08,6.19,6.06,6.17,2576558,17706244.00
2013/01/16,6.16,6.16,6.02,6.07,1391214,9510706.00
2013/01/17,6.07,6.10,5.98,6.02,1057760,7152973.00
2013/01/18,6.04,6.17,6.03,6.16,2002093,13707023.00
2013/01/21,6.19,6.20,6.12,6.15,2083136,14382412.00
2013/01/22,6.17,6.54,6.16,6.36,6918738,49267992.00
2013/01/23,6.30,6.49,6.25,6.40,3891997,27658624.00
2013/01/24,6.37,6.43,6.07,6.12,3597149,25177736.00
2013/01/25,6.12,6.19,6.07,6.10,1051710,7207295.00
2013/01/28,6.08,6.21,6.08,6.21,1370255,9445399.00
2013/01/29,6.23,6.39,6.23,6.31,2225152,15713749.00
2013/01/30,6.35,6.40,6.27,6.38,2237886,15872301.00
2013/01/31,6.40,6.40,6.27,6.33,1662445,11725937.00
2013/02/01,6.29,6.39,6.26,6.38,1545777,10914450.00
2013/02/04,6.42,6.45,6.32,6.42,2252126,16081866.00
2013/02/05,6.35,6.47,6.32,6.44,1440980,10317706.00
2013/02/06,6.44,6.60,6.43,6.49,2114287,15368327.00
2013/02/07,6.49,6.49,6.33,6.39,2034912,14522819.00
2013/02/08,6.40,6.45,6.36,6.42,1393072,9954435.00
2013/02/18,6.43,6.44,6.31,6.39,1466668,10437176.00
2013/02/19,6.39,6.40,6.25,6.27,1394971,9841678.00
2013/02/20,6.27,6.36,6.22,6.35,920386,6483834.00
2013/02/21,6.29,6.32,6.09,6.13,1484351,10311105.00
2013/02/22,6.10,6.18,6.06,6.10,1315550,9036134.00
2013/02/25,6.10,6.20,6.02,6.12,947799,6489425.00
2013/02/26,6.10,6.12,6.04,6.06,1075769,7343158.00
2013/02/27,6.06,6.13,6.02,6.08,710781,4840254.00
2013/02/28,6.23,6.23,6.10,6.21,1102179,7624197.00
2013/03/01,6.21,6.24,6.13,6.23,891860,6169973.00
2013/03/04,6.18,6.18,5.91,5.94,1409660,9546479.00
2013/03/05,5.94,6.10,5.94,6.09,1671571,11259729.00
2013/03/06,6.09,6.36,6.06,6.33,2580343,17980844.00
2013/03/07,6.31,6.35,6.18,6.22,1415343,9924675.00
2013/03/08,6.22,6.38,6.22,6.26,1565596,11052227.00
2013/03/11,6.26,6.41,6.25,6.31,1227912,8671210.00
2013/03/12,6.37,6.37,6.01,6.07,1415239,9792261.00
2013/03/13,6.07,6.09,5.99,6.07,757212,5122360.00
2013/03/14,6.07,6.09,6.00,6.01,676507,4595397.00
2013/03/15,6.02,6.10,5.91,5.98,944311,6384106.00
2013/03/18,5.95,6.04,5.95,5.98,672415,4523811.00
2013/03/19,5.94,6.18,5.94,6.17,1018371,6939891.00
2013/03/20,6.19,6.86,6.12,6.84,7146253,52210744.00
2013/03/21,6.68,6.91,6.61,6.66,8602268,63827056.00
2013/03/22,6.57,6.58,6.43,6.54,3853480,27889070.00
2013/03/25,6.47,6.67,6.47,6.59,2651257,19438104.00
2013/03/26,6.49,6.49,6.29,6.42,3467198,24631756.00
2013/03/27,6.38,6.47,6.33,6.46,2005288,14338936.00
2013/03/28,6.42,6.42,6.22,6.27,1780213,12504722.00
2013/03/29,6.24,6.32,6.20,6.25,1188893,8328595.00
2013/04/01,6.23,6.32,6.14,6.18,1040321,7274993.00
2013/04/02,6.18,6.32,6.15,6.21,1449699,10102884.00
2013/04/03,6.18,6.24,6.03,6.06,1307943,8973879.00
2013/04/08,5.95,5.98,5.82,5.93,1049170,6956282.00
2013/04/09,5.91,6.01,5.91,5.99,817283,5477967.00
2013/04/10,6.00,6.01,5.94,5.95,583200,3916387.00
2013/04/11,5.96,6.01,5.94,5.96,378951,2547385.00
2013/04/12,5.96,6.00,5.89,5.90,421106,2819535.00
2013/04/15,5.90,5.94,5.74,5.80,706008,4605963.00
2013/04/16,5.73,5.88,5.70,5.88,544711,3571192.00
2013/04/17,5.88,5.94,5.81,5.88,477513,3156669.00
2013/04/18,5.88,5.94,5.81,5.90,686211,4547365.00
2013/04/19,5.90,6.17,5.89,6.08,1737295,11826770.00
2013/04/22,6.05,6.07,5.96,6.06,854637,5776309.00
2013/04/23,6.03,6.03,5.82,5.84,830665,5522930.00
2013/04/24,5.86,5.94,5.82,5.93,755802,5007092.00
2013/04/25,5.91,5.92,5.83,5.86,761503,5033941.00
2013/04/26,5.94,5.94,5.72,5.74,959213,6294145.00
2013/05/02,5.76,5.76,5.62,5.68,449562,2884653.00
2013/05/03,5.72,5.83,5.69,5.80,564949,3686405.00
2013/05/06,5.83,5.93,5.78,5.90,798643,5266285.00
2013/05/07,5.91,5.96,5.83,5.93,582595,3865285.00
2013/05/08,5.95,5.96,5.88,5.93,670372,4468873.00
2013/05/09,5.93,5.95,5.81,5.87,758619,5025987.00
2013/05/10,5.86,5.92,5.82,5.90,857955,5664169.00
2013/05/13,5.91,5.93,5.85,5.90,739180,4903596.00
2013/05/14,5.91,5.92,5.86,5.89,643696,4264323.00
2013/05/15,5.87,5.96,5.87,5.96,660544,4394453.00
2013/05/16,5.96,6.04,5.92,6.03,1330405,8975943.00
2013/05/17,6.04,6.07,5.98,6.07,941777,6382378.00
2013/05/20,6.06,6.19,6.04,6.14,1589298,10901205.00
2013/05/21,6.16,6.16,6.07,6.16,1202499,8241946.00
2013/05/22,6.19,6.19,6.10,6.15,985433,6786503.00
2013/05/23,6.10,6.17,6.04,6.04,1216610,8314209.00
2013/05/24,6.02,6.12,6.00,6.11,1001011,6812015.00
2013/05/27,6.14,6.26,6.09,6.25,1755625,12184311.00
2013/05/28,6.22,6.30,6.18,6.28,1077561,7528468.00
2013/05/29,6.27,6.41,6.24,6.39,2677867,18916336.00
2013/05/30,6.38,6.75,6.32,6.58,6612263,48086856.00
2013/05/31,6.56,6.60,6.44,6.45,3559058,25777120.00
2013/06/03,6.71,6.94,6.59,6.64,7767514,58213168.00
2013/06/04,6.47,6.59,6.33,6.39,3452581,24737484.00
2013/06/05,6.36,6.62,6.36,6.41,2954891,21303676.00
2013/06/06,6.42,6.49,6.24,6.29,1907389,13536896.00
2013/06/07,6.32,6.39,6.11,6.18,1730334,12082149.00
2013/06/13,6.16,6.21,5.77,6.06,1608838,10957057.00
2013/06/14,6.06,6.24,6.06,6.13,942497,6485447.00
2013/06/17,6.13,6.17,5.94,6.06,1460117,9927982.00
2013/06/18,6.11,6.22,6.06,6.17,1293128,8894048.00
2013/06/19,6.16,6.31,6.12,6.25,2215870,15461512.00
2013/06/20,6.19,6.25,5.88,5.98,1613009,10973217.00
2013/06/21,5.82,6.00,5.76,5.96,1000866,6684761.00
2013/06/24,6.04,6.04,5.46,5.49,1398770,8650671.00
2013/06/25,5.41,5.60,5.03,5.43,1186474,6958446.00
2013/06/26,5.44,5.44,5.27,5.40,983837,5781003.00
2013/06/27,5.41,5.53,5.34,5.36,947145,5631721.00
2013/06/28,5.34,5.45,5.05,5.40,505184,2972174.00
2013/07/01,5.37,5.46,5.32,5.46,535330,3157742.00
2013/07/02,5.42,5.54,5.39,5.51,761673,4547827.00
2013/07/03,5.48,5.75,5.43,5.66,1327072,8087422.00
2013/07/04,6.20,6.27,5.99,6.07,5591846,37259832.00
2013/07/05,5.95,6.14,5.82,6.04,3013235,19437238.00
2013/07/08,5.84,6.16,5.84,5.89,2434566,15828008.00
2013/07/09,5.84,5.98,5.81,5.90,957516,6117583.00
2013/07/10,5.91,6.15,5.79,6.08,1847606,12081845.00
2013/07/11,6.09,6.24,6.00,6.14,3002372,19970552.00
2013/07/12,6.19,6.19,5.95,5.99,1506918,9924917.00
2013/07/15,5.97,6.11,5.94,6.00,1015002,6622833.00
2013/07/16,6.03,6.06,5.94,6.01,997869,6499292.00
2013/07/17,6.02,6.02,5.83,5.86,1367068,8768412.00
2013/07/18,5.80,5.95,5.74,5.76,1192185,7518630.00
2013/07/19,5.80,5.80,5.62,5.64,989086,6163788.00
2013/07/22,5.59,5.67,5.53,5.66,1094186,6665384.00
2013/07/23,5.65,5.81,5.62,5.77,1019914,6377291.00
2013/07/24,5.77,5.77,5.63,5.75,924477,5731008.00
2013/07/25,5.75,5.79,5.63,5.63,769369,4783948.00
2013/07/26,5.62,5.77,5.59,5.69,816063,5047634.00
2013/07/29,5.67,5.67,5.46,5.49,944486,5691749.00
2013/07/30,5.52,5.55,5.44,5.53,424055,2551116.00
2013/07/31,5.57,5.59,5.52,5.56,461289,2798378.00
2013/08/01,5.58,5.70,5.54,5.69,942083,5776731.00
2013/08/02,5.68,5.71,5.62,5.65,690147,4263779.00
2013/08/05,5.64,5.75,5.59,5.71,940491,5845925.00
2013/08/06,5.77,5.83,5.67,5.81,1950531,12201228.00
2013/08/07,5.79,5.82,5.69,5.71,1275951,8013877.00
2013/08/08,5.70,5.79,5.68,5.70,682360,4255370.00
2013/08/09,5.71,5.84,5.68,5.79,1403536,8791363.00
2013/08/12,5.79,5.95,5.75,5.93,1894996,12092396.00
2013/08/13,5.91,5.98,5.85,5.92,1710455,10942792.00
2013/08/14,5.92,6.15,5.91,6.03,3480659,22900056.00
2013/08/15,5.94,6.20,5.92,6.08,3472672,22949860.00
2013/08/16,6.05,6.13,5.79,5.87,2575253,16677129.00
2013/08/19,5.79,6.27,5.75,6.26,5059035,33677536.00
2013/08/20,6.29,6.37,6.10,6.16,4000361,26963918.00
2013/08/21,6.14,6.31,6.13,6.27,3067879,20712726.00
2013/08/22,6.20,6.32,6.18,6.21,2166482,14623279.00
2013/08/23,6.55,6.88,6.55,6.88,20054995,147486752.00
2013/08/26,7.14,7.62,7.09,7.62,10147772,80432360.00
2013/08/27,8.43,8.43,8.43,8.43,3817606,34129400.00
2013/08/28,9.32,9.32,9.32,9.32,3070207,30180136.00
2013/08/29,10.30,10.30,10.30,10.30,2735941,29575522.00
2013/08/30,11.38,11.38,11.38,11.38,5374643,63904504.00
2013/09/02,12.55,12.57,11.55,12.57,63985161,825244224.00
2013/09/03,11.89,12.17,11.36,11.73,49811928,612616832.00
2013/09/04,11.63,12.89,11.50,12.36,58039671,736484928.00
2013/09/05,11.79,12.22,11.46,11.92,31681765,389381024.00
2013/09/06,11.79,13.16,11.70,13.16,38345801,505397280.00
2013/09/09,13.39,13.39,12.35,12.65,47021655,624375680.00
2013/09/10,12.40,13.89,12.11,12.83,42552191,579594240.00
2013/09/11,12.78,13.26,12.19,12.96,27459367,362636864.00
2013/09/12,12.68,13.33,12.49,12.96,21311608,287174560.00
2013/09/13,12.69,12.94,11.98,12.15,21097662,269972416.00
2013/09/16,12.10,12.59,11.95,12.27,14017712,179510272.00
2013/09/17,12.15,12.15,11.27,11.37,15766571,191617136.00
2013/09/18,11.39,12.56,11.30,12.41,28326996,362048544.00
2013/09/23,12.29,13.44,12.15,12.98,30433762,406235104.00
2013/09/24,12.64,13.76,12.47,13.23,26670189,364988288.00
2013/09/25,13.10,13.61,12.32,12.48,27818702,377251136.00
2013/09/26,12.09,12.10,11.18,11.18,16199023,193649232.00
2013/09/27,10.74,10.75,10.01,10.24,17923216,192662368.00
2013/09/30,10.49,10.71,10.29,10.65,10907349,120602864.00
2013/10/08,10.49,10.72,10.14,10.66,8769245,96421920.00
2013/10/09,10.62,11.19,10.46,11.09,12857034,147496096.00
2013/10/10,10.99,11.28,10.74,10.84,10341806,118935472.00
2013/10/11,10.84,11.98,10.84,11.98,22204540,268450048.00
2013/10/14,11.99,12.19,11.30,11.57,16144481,197173968.00
2013/10/15,11.57,11.84,11.10,11.72,16938558,203087936.00
2013/10/16,11.47,11.47,10.50,10.50,12504085,141229600.00
2013/10/17,10.59,10.75,9.83,10.00,11834548,127168688.00
2013/10/18,10.04,10.24,9.64,10.20,5546922,58312176.00
2013/10/21,10.27,10.67,9.99,10.57,9920162,108728248.00
2013/10/22,10.49,10.52,10.04,10.25,7639695,82227824.00
2013/10/23,10.25,10.49,9.81,10.20,4926286,52508156.00
2013/10/24,10.28,10.45,10.09,10.23,7106266,76754368.00
2013/10/25,10.15,10.19,9.44,9.50,6402901,64951908.00
2013/10/28,9.40,9.92,9.39,9.79,5478100,55888140.00
2013/10/29,9.79,9.82,8.82,9.49,6377813,62933992.00
2013/10/30,9.40,9.56,9.15,9.48,4270116,42218304.00
2013/10/31,9.78,10.48,9.68,9.87,17631633,185793840.00
2013/11/01,9.37,10.31,9.19,9.87,8298518,84446472.00
2013/11/04,9.74,9.91,9.56,9.78,4431095,45285372.00
2013/11/05,9.67,9.99,9.54,9.90,6174475,63888972.00
2013/11/06,9.85,9.93,9.47,9.49,4942445,50596556.00
2013/11/07,9.31,9.60,9.19,9.36,4170715,41268372.00
2013/11/08,9.29,9.71,9.27,9.47,4911931,49264060.00
2013/11/11,9.38,9.39,8.89,9.05,5244635,50117376.00
2013/11/12,8.99,9.27,8.99,9.25,3365781,32560512.00
2013/11/13,9.21,9.52,9.09,9.11,6212572,61045004.00
2013/11/14,8.96,9.21,8.90,9.20,3375052,32257900.00
2013/11/15,9.19,10.17,9.12,9.59,17420924,180207968.00
2013/11/18,9.67,9.95,9.56,9.94,12662296,129443152.00
2013/11/19,9.84,10.18,9.70,9.88,7620274,79275488.00
2013/11/20,9.86,9.95,9.79,9.91,4282703,44408416.00
2013/11/21,9.84,9.98,9.72,9.94,5876262,61035604.00
2013/11/22,9.91,10.09,9.63,9.73,5775878,59730752.00
2013/11/25,9.72,9.99,9.59,9.77,4970653,51284384.00
2013/11/26,9.93,10.45,9.84,10.06,11139250,118631528.00
2013/11/27,9.99,10.23,9.91,10.09,6954734,73571320.00
2013/11/28,10.19,10.38,10.08,10.12,7599423,81578296.00
2013/11/29,10.09,10.25,10.02,10.08,5110473,54302960.00
2013/12/02,9.95,9.95,9.02,9.10,6949540,69014496.00
2013/12/03,9.05,9.39,8.99,9.32,3505060,34210720.00
2013/12/04,9.29,10.30,9.24,10.30,20219526,216083792.00
2013/12/05,10.28,10.29,9.91,10.05,12030134,127362016.00
2013/12/06,9.93,10.17,9.93,10.03,4135355,43641368.00
2013/12/09,10.06,10.26,10.06,10.16,4282793,45703604.00
2013/12/10,10.24,10.94,10.21,10.68,13296326,148450864.00
2013/12/11,10.68,10.68,10.16,10.27,6901243,74716496.00
2013/12/12,10.34,10.57,10.28,10.32,6132184,67015056.00
2013/12/13,10.19,10.38,10.11,10.22,3685027,39721476.00
2013/12/16,10.19,10.31,9.65,9.69,4780567,49685156.00
2013/12/17,9.70,9.77,9.49,9.55,2813343,28411296.00
2013/12/18,9.62,9.75,9.52,9.58,1908772,19323640.00
2013/12/19,9.63,9.74,9.19,9.25,2978911,29643404.00
2013/12/20,9.24,9.59,9.24,9.34,3121383,30922514.00
2013/12/23,9.37,9.37,8.90,9.18,2804778,27112928.00
2013/12/24,9.18,9.35,8.99,9.08,2482906,23975272.00
2013/12/25,9.03,9.19,8.95,9.18,2477850,23817792.00
2013/12/26,9.17,9.44,9.03,9.10,3630512,35297504.00
2013/12/27,8.99,9.22,8.97,9.17,2303998,22211578.00
2013/12/30,9.27,9.29,9.09,9.22,2403814,23420740.00
2013/12/31,9.17,9.59,9.12,9.53,4691684,46473956.00
2014/01/02,9.42,9.48,9.30,9.43,2572603,25527688.00
2014/01/03,9.39,9.39,9.01,9.05,3404408,32792728.00
2014/01/06,8.99,8.99,8.41,8.42,3892531,35543192.00
2014/01/07,8.40,8.84,8.24,8.59,2816069,25697536.00
2014/01/08,8.59,8.63,8.27,8.32,2690559,24034040.00
2014/01/09,8.27,8.74,8.27,8.35,2789883,25104626.00
2014/01/10,8.29,8.39,8.17,8.22,1747151,15343172.00
2014/01/13,8.23,8.41,8.18,8.22,1536526,13503369.00
2014/01/14,8.21,8.40,8.21,8.39,1734976,15329143.00
2014/01/15,8.39,8.43,8.24,8.40,1691186,14944666.00
2014/01/16,8.39,8.57,8.30,8.46,3113543,27882948.00
2014/01/17,8.43,8.43,8.13,8.14,2665604,23260178.00
2014/01/20,8.12,8.24,8.02,8.03,1793766,15489772.00
2014/01/21,7.96,8.17,7.96,8.15,1380720,11922325.00
2014/01/22,8.30,8.86,8.24,8.78,7455276,67952672.00
2014/01/23,8.69,8.75,8.59,8.68,4205061,38510640.00
2014/01/24,8.66,8.97,8.61,8.74,5019438,46663400.00
2014/01/27,8.57,8.92,8.52,8.75,4362387,40429992.00
2014/01/28,8.83,9.26,8.74,9.12,6437914,61609928.00
2014/01/29,9.14,9.14,8.89,9.05,3224979,30641854.00
2014/01/30,8.99,9.19,8.91,9.03,2686681,25711508.00
2014/02/07,8.80,9.11,8.79,9.07,3412467,32411828.00
2014/02/10,9.12,9.47,9.08,9.26,5608225,55121120.00
2014/02/11,9.45,10.24,9.41,10.24,16927209,176343136.00
2014/02/12,10.42,11.27,10.42,10.99,23768619,270857248.00
2014/02/13,10.85,11.14,10.55,10.70,12696735,144167072.00
2014/02/14,10.70,10.89,10.47,10.74,8385934,93798344.00
2014/02/17,10.72,11.10,10.72,10.79,8216621,93317816.00
2014/02/18,10.84,10.84,10.39,10.57,9404303,104103352.00
2014/02/19,10.54,10.68,10.43,10.64,6674170,73864128.00
2014/02/20,10.60,10.95,10.09,10.68,13379048,148473136.00
2014/02/21,10.50,10.61,10.19,10.23,5628546,61140240.00
2014/02/24,10.18,10.19,9.49,9.80,7561289,77792056.00
2014/02/25,9.79,9.91,8.91,9.12,6070130,60993232.00
2014/02/26,9.14,9.26,8.86,9.24,3806053,36473160.00
2014/02/27,9.21,9.56,9.05,9.06,4318748,42358184.00
2014/02/28,9.06,9.19,8.88,9.11,2700574,25765244.00
2014/03/03,9.11,10.07,9.09,10.07,15303548,159368688.00
2014/03/04,10.06,10.11,9.70,9.96,9663647,100389392.00
2014/03/05,10.08,10.16,9.70,9.74,6093993,63384648.00
2014/03/06,9.83,10.06,9.75,9.98,6282890,65554204.00
2014/03/07,9.96,10.14,9.59,9.73,5912448,61399352.00
2014/03/10,9.49,9.60,9.09,9.14,4710841,46325760.00
2014/03/11,9.04,9.37,9.03,9.18,2747335,26744390.00
2014/03/12,9.18,9.33,8.92,9.15,2762855,26635748.00
2014/03/13,9.10,9.28,9.09,9.24,2790332,27095350.00
2014/03/14,9.17,9.36,8.99,9.14,3025708,29452564.00
2014/03/17,9.14,9.36,9.12,9.35,2503627,24378008.00
2014/03/18,9.40,9.82,9.35,9.59,5732231,58087996.00
2014/03/19,9.56,10.32,9.47,10.25,12977419,136441120.00
2014/03/20,10.10,10.29,9.69,9.70,7108694,74744040.00
2014/03/21,9.39,10.13,9.39,10.10,5985669,61798592.00
2014/03/24,10.17,10.52,10.01,10.39,9776684,106325024.00
2014/03/25,10.39,10.95,10.36,10.69,12356206,139199696.00
2014/03/26,10.76,10.79,10.31,10.34,7671972,83973248.00
2014/03/27,10.34,10.79,10.34,10.51,7746129,85929832.00
2014/03/28,10.69,10.91,10.32,10.49,9521523,106875296.00
2014/03/31,10.37,10.48,9.48,9.65,6427606,66122464.00
2014/04/01,9.65,9.77,9.49,9.70,3027867,30774068.00
2014/04/02,9.71,9.85,9.49,9.54,3815294,38587392.00
2014/04/03,9.54,9.64,9.27,9.40,4443850,44009776.00
2014/04/04,9.39,9.61,9.31,9.60,2862341,28710560.00
2014/04/08,9.57,9.78,9.52,9.73,3601992,36765328.00
2014/04/09,9.89,9.99,9.74,9.89,3881493,40247024.00
2014/04/10,9.88,10.28,9.88,10.15,6210017,65972728.00
2014/04/11,10.09,10.24,9.97,10.13,4632928,49308152.00
2014/04/14,10.18,10.35,10.02,10.21,4045143,43064932.00
2014/04/15,10.19,10.27,9.79,9.87,4728822,49808964.00
2014/04/16,9.87,9.93,9.74,9.78,3058435,31577262.00
2014/04/17,9.77,9.96,9.73,9.89,3122398,32408794.00
2014/04/18,9.80,9.87,9.70,9.83,3691188,37986140.00
2014/04/21,9.70,9.92,9.32,9.34,6749230,68123512.00
2014/04/22,9.43,9.66,9.36,9.61,4774449,47891520.00
2014/04/23,9.89,9.89,9.49,9.57,4233907,43376288.00
2014/04/24,9.50,9.50,9.16,9.18,4505785,44150620.00
2014/04/25,9.19,9.27,8.99,9.00,2317988,22310536.00
2014/04/28,8.84,9.00,8.60,8.63,2372934,21908904.00
2014/04/29,8.64,8.87,8.63,8.85,1498803,13894337.00
2014/04/30,8.88,9.06,8.78,9.03,2275170,21543260.00
2014/05/05,9.03,9.06,8.89,9.06,1412214,13389275.00
2014/05/06,9.06,9.21,9.03,9.16,2182275,21029826.00
2014/05/07,9.06,9.25,8.94,8.95,2667524,25654632.00
2014/05/08,8.97,9.21,8.89,9.09,2411959,23195240.00
2014/05/09,9.08,9.15,8.73,8.85,1957516,18389816.00
2014/05/12,8.97,9.11,8.92,9.06,1989234,18976080.00
2014/05/13,9.07,9.13,9.00,9.07,1505496,14397541.00
2014/05/14,9.08,9.21,9.02,9.10,2133574,20561684.00
2014/05/15,9.07,9.12,8.84,8.88,2037802,19269052.00
2014/05/16,8.85,8.90,8.72,8.87,1354523,12632944.00
2014/05/19,8.86,8.87,8.69,8.82,1370015,12686372.00
2014/05/20,8.89,8.91,8.71,8.73,1217312,11324183.00
2014/05/21,8.73,8.86,8.62,8.85,964596,8928277.00
2014/05/22,8.85,9.09,8.79,8.85,1988400,18757592.00
2014/05/23,8.86,8.96,8.80,8.94,1153112,10819266.00
2014/05/26,9.10,9.10,8.93,8.97,1751512,16609736.00
2014/05/27,8.97,9.01,8.92,8.95,1088526,10318682.00
2014/05/28,8.99,9.01,8.84,8.98,1507558,14235947.00
2014/05/29,8.99,9.13,8.91,9.04,3037094,29021140.00
2014/05/30,8.98,9.05,8.91,8.96,1621035,15369643.00
2014/06/03,9.01,9.11,8.86,8.90,1877792,17794352.00
2014/06/04,8.95,9.01,8.72,8.76,1287705,12045155.00
2014/06/05,8.77,8.84,8.71,8.82,1166530,10830592.00
2014/06/06,8.84,8.90,8.78,8.80,1102728,10298393.00
2014/06/09,8.80,8.82,8.69,8.69,1267265,11721588.00
2014/06/10,8.72,8.82,8.68,8.81,1067863,9900510.00
2014/06/11,8.82,8.84,8.76,8.83,1219622,11356866.00
2014/06/12,8.84,8.93,8.80,8.84,1474176,13796308.00
2014/06/13,8.80,8.91,8.71,8.88,1758104,16452304.00
2014/06/16,8.92,8.94,8.77,8.87,1609346,15051316.00
2014/06/17,8.81,8.81,8.70,8.70,1799238,16634354.00
2014/06/18,8.69,8.74,8.36,8.38,3009346,27203156.00
2014/06/19,8.30,8.59,8.20,8.30,2290354,20458308.00
2014/06/20,8.31,8.37,8.22,8.31,1141234,10029015.00
2014/06/23,8.34,8.40,8.32,8.34,1255396,11120298.00
2014/06/24,8.38,8.41,8.31,8.38,1094804,9720123.00
2014/06/25,8.36,8.36,8.19,8.21,1219931,10688641.00
2014/06/26,8.20,8.43,8.20,8.38,1933027,17116424.00
2014/06/27,8.40,8.59,8.36,8.55,2345367,21075984.00
2014/06/30,8.58,8.62,8.47,8.50,1742346,15726208.00
2014/07/01,8.54,8.59,8.47,8.57,1642861,14855473.00
2014/07/02,8.61,8.61,8.49,8.56,1942088,17560812.00
2014/07/03,8.58,8.74,8.52,8.70,3166425,28997740.00
2014/07/04,8.67,8.74,8.63,8.67,2209759,20295660.00
2014/07/07,8.66,8.73,8.59,8.71,1778888,16309401.00
2014/07/08,8.71,8.89,8.69,8.77,3707274,34510188.00
2014/07/09,8.75,8.76,8.47,8.49,3320445,30292348.00
2014/07/10,8.52,8.64,8.45,8.54,1531413,13844534.00
2014/07/11,8.55,8.63,8.47,8.60,1484475,13490461.00
2014/07/14,8.60,8.72,8.60,8.71,1563553,14357800.00
2014/07/15,8.73,8.78,8.66,8.73,2101374,19389668.00
2014/07/16,8.69,8.76,8.56,8.66,2166785,19881888.00
2014/07/17,8.80,9.09,8.75,9.07,10981445,104074480.00
2014/07/18,9.00,9.00,8.75,8.80,5407604,49110188.00
2014/07/21,8.80,8.85,8.64,8.70,2657446,23765592.00
2014/07/22,8.69,8.78,8.57,8.74,2779594,24937880.00
2014/07/23,8.73,8.74,8.55,8.57,3160378,28059328.00
2014/07/24,8.57,8.68,8.51,8.67,2385525,21079370.00
2014/07/25,8.62,8.75,8.61,8.75,2490679,22252220.00
2014/07/28,8.89,8.97,8.81,8.97,5637840,51594616.00
2014/07/29,8.97,9.22,8.93,9.06,6814681,63749028.00
2014/07/30,9.00,9.10,8.95,9.01,3659967,33880236.00
2014/07/31,8.99,9.11,8.98,9.09,3143922,29262220.00
2014/08/01,9.09,9.15,8.88,8.92,4101263,38116592.00
2014/08/04,8.94,9.06,8.85,9.05,3046547,28166248.00
2014/08/05,9.07,9.16,9.03,9.16,3858105,36114496.00
2014/08/06,9.17,9.17,9.08,9.15,2493043,23367746.00
2014/08/07,9.15,9.20,9.09,9.15,3625860,34041232.00
2014/08/08,9.15,9.17,9.07,9.12,2598200,24320812.00
2014/08/11,9.16,9.37,9.12,9.30,6767534,64291360.00
2014/08/12,9.27,9.34,9.20,9.32,4501275,42886788.00
2014/08/13,9.33,9.61,9.28,9.60,10570302,102574272.00
2014/08/14,9.56,9.57,9.37,9.38,5840667,56702452.00
2014/08/15,9.37,9.57,9.28,9.46,4319998,41950508.00
2014/08/18,9.47,9.55,9.41,9.51,3636603,35345240.00
2014/08/19,9.51,9.68,9.49,9.66,6725651,66206040.00
2014/08/20,9.61,9.64,9.52,9.55,3057810,30088016.00
2014/08/21,9.55,9.62,9.35,9.45,4471416,43455328.00
2014/08/22,9.48,9.76,9.48,9.74,8243216,81700960.00
2014/08/25,9.73,9.80,9.58,9.62,3815911,37798076.00
2014/08/26,9.58,9.65,9.29,9.33,3661515,35463152.00
2014/08/27,9.32,9.46,9.28,9.43,2585889,24886760.00
2014/08/28,9.43,9.78,9.18,9.46,7263777,71096488.00
2014/08/29,9.38,9.45,9.28,9.45,3272791,31427112.00
2014/09/01,9.48,9.59,9.40,9.56,3002429,29261842.00
2014/09/02,9.67,9.74,9.57,9.71,5495814,54445480.00
2014/09/03,9.70,9.81,9.65,9.73,5499546,54885084.00
2014/09/04,9.74,10.08,9.74,10.00,11000754,112428592.00
2014/09/05,9.98,10.43,9.95,10.05,12801192,132707992.00
2014/09/09,10.06,10.13,9.95,10.09,5702696,58730080.00
2014/09/10,10.05,10.05,9.90,9.99,5620067,57426452.00
2014/09/11,9.96,10.07,9.83,9.91,5908237,60414360.00
2014/09/12,9.87,10.07,9.87,10.05,4575593,46693116.00
2014/09/15,10.17,11.08,10.09,10.71,20931311,225651136.00
2014/09/16,10.91,11.25,10.49,10.73,19954004,223626272.00
2014/09/17,10.71,10.90,10.33,10.77,8126376,87901336.00
2014/09/18,10.78,11.24,10.60,10.98,9233634,102087416.00
2014/09/19,10.93,11.00,10.64,10.83,7155342,79171848.00
2014/09/22,10.74,10.74,10.50,10.62,4390451,47681160.00
2014/09/23,10.62,10.84,10.62,10.78,4988305,54974880.00
2014/09/24,10.78,11.00,10.68,10.90,5553448,61722180.00
2014/09/25,10.91,10.99,10.72,10.75,5112678,56514612.00
2014/09/26,10.75,10.85,10.56,10.60,4253848,46551124.00
2014/09/29,10.77,10.92,10.75,10.90,7364833,81763088.00
2014/09/30,10.92,11.16,10.86,11.11,7883609,89053992.00
2014/10/08,11.01,11.15,10.93,11.06,4227609,47614336.00
2014/10/09,10.99,11.01,10.80,10.92,4782924,53358400.00
2014/10/10,10.87,10.87,10.63,10.70,4846175,53320808.00
2014/10/13,10.62,10.68,10.43,10.56,3541923,38092724.00
2014/10/14,10.52,10.70,10.48,10.57,2747147,29781946.00
2014/10/15,10.54,10.70,10.48,10.65,2655712,28830760.00
2014/10/16,10.54,10.77,10.54,10.65,4265561,46705640.00
2014/10/17,10.66,10.70,10.20,10.38,4456526,47238332.00
2014/10/20,10.41,10.52,10.37,10.46,2117588,22640600.00
2014/10/21,10.45,10.48,10.25,10.34,1962110,20843608.00
2014/10/22,10.34,10.48,10.34,10.42,2995023,31955732.00
2014/10/23,10.42,10.52,10.00,10.16,3340648,34954396.00
2014/10/24,10.16,10.28,9.96,10.10,2520480,26082120.00
2014/10/27,10.09,10.29,9.90,10.25,1872374,19442920.00
2014/10/28,10.25,11.23,10.21,11.07,11634473,128603664.00
2014/10/29,10.95,12.20,10.95,11.99,28092218,340401600.00
2014/10/30,11.94,12.60,11.72,12.15,21703257,268381456.00
2014/10/31,12.05,12.41,11.75,12.09,10200837,125699952.00
2014/11/03,12.07,13.11,11.99,12.63,14312328,182316624.00
2014/11/04,12.59,12.84,12.21,12.74,11397747,145915312.00
2014/11/05,12.51,12.75,12.36,12.48,4454670,57093608.00
2014/11/06,12.54,13.41,12.46,13.35,10608421,141369312.00
2014/11/07,13.35,14.66,13.17,13.74,13029624,184283968.00
2014/11/10,13.83,15.14,13.55,15.14,13945378,205962848.00
2014/11/11,15.45,15.95,14.43,14.64,22671120,351511008.00
2014/11/12,14.65,16.13,14.52,16.13,25713282,410384160.00
2014/11/13,16.05,16.69,15.65,15.85,22925466,374662272.00
2014/11/14,15.78,16.24,14.96,15.05,16215962,256471680.00
2014/11/17,15.15,16.08,14.46,15.27,14954688,230795520.00
2014/11/18,14.85,15.21,14.63,14.97,13053060,198197968.00
2014/11/19,14.89,15.25,14.73,15.00,8518419,130000576.00
2014/11/20,15.06,15.92,14.95,15.50,11236453,177355136.00
2014/11/21,15.34,15.65,15.26,15.35,9789730,153144432.00
2014/11/24,15.74,15.75,15.05,15.45,16247542,253408752.00
2014/11/25,15.43,17.02,15.38,17.02,16546594,278091136.00
2014/11/26,17.45,17.50,16.52,17.28,25592653,438139424.00
2014/11/27,16.98,17.13,16.68,16.95,12768990,218681472.00
2014/11/28,16.77,17.40,16.50,16.68,14270730,245159104.00
2014/12/01,16.41,16.62,15.87,16.01,11178447,183417424.00
2014/12/02,15.95,16.45,15.94,16.17,9719396,160091632.00
2014/12/03,16.18,16.43,15.99,16.27,9649903,158580352.00
2014/12/04,16.25,16.83,16.05,16.76,14901451,249217104.00
2014/12/05,16.58,16.61,15.38,15.84,14355279,233046608.00
2014/12/08,15.87,16.71,15.85,16.04,10453843,172203328.00
2014/12/09,15.81,17.11,14.93,15.65,22071746,362744032.00
2014/12/10,15.65,16.95,15.55,16.89,17295585,287286208.00
2014/12/11,16.96,17.39,16.43,16.65,14859102,255259648.00
2014/12/12,16.63,16.91,16.39,16.56,8236872,138535472.00
2014/12/15,16.56,17.94,16.56,17.92,19337467,339692800.00
2014/12/16,17.65,17.85,17.20,17.66,12570136,223599856.00
2014/12/17,17.46,17.83,16.90,17.21,10593462,186986992.00
2014/12/18,17.33,17.80,17.05,17.43,9138753,162439424.00
2014/12/19,17.23,18.63,17.15,17.76,13766272,250431552.00
2014/12/22,17.36,17.42,16.37,16.60,12923406,221495680.00
2014/12/23,16.60,17.00,14.96,15.41,12247628,200055216.00
2014/12/24,15.66,15.75,15.15,15.60,8919111,140175776.00
2014/12/25,15.55,15.90,15.47,15.88,6183263,98417384.00
2014/12/26,15.76,16.92,15.75,16.80,13753588,228387744.00
2014/12/29,16.78,17.12,15.95,16.28,11226458,188102416.00
2014/12/30,16.09,16.41,15.80,15.93,5071930,82340448.00
2014/12/31,15.90,16.17,15.63,16.00,5964746,96335528.00
2015/01/05,16.02,16.23,15.91,16.14,5743673,93802408.00
2015/01/06,15.91,17.45,15.77,16.56,11857668,201134640.00
2015/01/07,16.36,17.56,16.30,17.17,15258823,263784512.00
2015/01/08,17.05,17.53,16.68,16.84,11335855,196867472.00
2015/01/09,16.73,17.07,16.39,16.41,8349381,141698800.00
2015/01/12,16.15,16.15,15.55,15.61,7664266,123141248.00
2015/01/13,15.61,15.75,15.55,15.69,4000533,63631564.00
2015/01/14,15.73,15.78,15.44,15.56,3705654,58673088.00
2015/01/15,15.69,16.10,15.69,15.93,4829166,77690656.00
2015/01/16,15.88,16.08,15.70,15.95,5477988,88296064.00
2015/01/19,15.50,15.80,14.33,14.59,9114539,140283952.00
2015/01/20,14.90,15.62,14.79,15.35,7276917,112799848.00
2015/01/21,15.30,16.10,15.30,15.90,10204413,164216192.00
2015/01/22,15.98,16.43,15.93,16.17,7296344,120088536.00
2015/01/23,16.61,17.20,16.61,16.74,16555921,283401824.00
2015/01/26,16.95,18.44,16.65,18.44,24219806,434066432.00
2015/01/27,18.52,18.56,17.41,17.89,20545330,375365248.00
2015/01/28,17.73,18.03,17.46,17.74,10821502,195131056.00
2015/01/29,17.45,17.70,17.18,17.24,7119637,125685056.00
2015/01/30,17.35,17.67,16.74,16.86,6975645,121115304.00
2015/02/02,16.45,17.28,16.33,16.91,5433497,93194032.00
2015/02/03,17.13,17.21,16.50,16.82,9045976,153714624.00
2015/02/04,16.74,16.74,16.25,16.34,9005672,150916208.00
2015/02/05,16.52,16.59,15.76,15.91,11886939,193595856.00
2015/02/06,15.89,16.05,15.35,15.44,6956360,111026960.00
2015/02/09,15.55,15.64,15.26,15.43,3344474,52558012.00
2015/02/10,15.56,16.04,15.43,16.03,4080774,65076096.00
2015/02/11,16.00,16.13,15.87,15.95,3393787,54934756.00
2015/02/12,15.95,16.30,15.93,16.16,4514103,73757856.00
2015/02/13,16.20,16.42,16.13,16.18,5034310,83350664.00
2015/02/16,16.17,16.32,16.14,16.28,4077727,67188392.00
2015/02/17,16.33,16.91,16.25,16.84,8145372,137892080.00
2015/02/25,16.84,16.88,16.36,16.40,5329996,89656544.00
2015/02/26,16.33,16.52,16.26,16.49,4048952,67322888.00
2015/02/27,16.48,16.88,16.48,16.71,6030181,102144736.00
2015/03/02,16.77,16.86,16.52,16.83,6134473,103955040.00
2015/03/03,16.73,16.73,16.38,16.44,6170162,103605920.00
2015/03/04,16.44,16.96,16.35,16.95,10237254,174086400.00
2015/03/05,16.97,17.02,16.63,16.82,6341130,107878208.00
2015/03/06,16.84,17.72,16.73,17.29,13884930,242440736.00
2015/03/09,17.20,17.21,16.82,17.10,6385312,110495392.00
2015/03/10,17.11,17.42,16.97,17.04,6946016,121161560.00
2015/03/11,17.02,17.15,16.52,16.59,7961103,135712224.00
2015/03/12,16.61,17.01,16.57,16.84,5592882,95471504.00
2015/03/13,16.87,17.20,16.86,17.15,5471454,94679456.00
2015/03/16,17.35,17.85,17.25,17.81,11307136,201135840.00
2015/03/17,17.83,18.71,17.70,18.43,17949737,331592896.00
2015/03/18,18.28,18.53,18.20,18.40,10623529,197159520.00
2015/03/19,18.34,18.34,17.81,18.25,10626965,194569872.00
2015/03/20,18.23,18.23,17.90,18.04,6697886,122390648.00
2015/03/23,18.05,18.23,17.96,18.08,8358812,153008208.00
2015/03/24,18.09,19.38,17.86,19.36,24331532,463451712.00
2015/03/25,19.24,19.24,18.69,18.88,13696547,262168672.00
2015/03/26,18.70,18.70,18.03,18.04,10908281,202865344.00
2015/03/27,18.03,18.27,18.02,18.10,6104765,112265592.00
2015/03/30,18.23,18.52,18.08,18.40,7386288,137042528.00
2015/03/31,18.55,18.55,17.96,18.02,8094605,149144880.00
2015/04/01,17.96,18.30,17.95,18.18,7080055,130192288.00
2015/04/02,18.15,18.90,18.15,18.75,13068955,245791472.00
2015/04/03,18.55,19.20,18.51,18.94,11086904,211959776.00
2015/04/07,18.99,19.32,18.66,19.31,13971563,269708416.00
2015/04/08,19.33,19.35,18.55,18.84,10192732,195192352.00
2015/04/09,18.75,18.77,17.77,18.07,9220861,169901024.00
2015/04/10,18.13,18.48,18.13,18.42,6718943,125108000.00
2015/04/13,18.43,19.34,18.15,19.22,14303795,271993600.00
2015/04/14,19.13,21.17,19.06,21.17,29625529,623255872.00
2015/04/15,21.60,22.11,20.45,21.22,31878539,693937600.00
2015/04/16,20.95,21.22,19.96,20.94,14434190,302568768.00
2015/04/17,21.15,21.90,21.07,21.34,14829245,322425760.00
2015/04/20,20.85,23.11,20.68,21.58,21660246,478305408.00
2015/04/21,21.75,22.78,21.31,22.64,14764588,332407200.00
2015/04/22,22.57,23.01,22.35,22.65,12966692,295983360.00
2015/04/23,22.60,23.35,22.24,22.38,13450699,309648896.00
2015/04/24,21.65,22.63,21.49,22.15,10221405,227560608.00
2015/04/27,22.38,22.55,21.53,21.66,10651933,236088096.00
2015/04/28,21.63,21.63,20.40,20.74,9538864,201833760.00
2015/04/29,20.55,21.47,20.55,21.23,7292716,155796432.00
2015/04/30,21.20,21.61,20.85,21.01,7499183,161056352.00
2015/05/04,21.06,21.10,20.41,20.66,5845725,121866064.00
2015/05/05,20.85,20.93,19.90,20.37,7118371,147944016.00
2015/05/06,20.35,20.63,19.25,19.52,5632819,114798192.00
2015/05/07,19.27,19.75,18.80,19.43,6117594,119729168.00
2015/05/08,19.73,19.95,19.41,19.85,5508101,109909080.00
2015/05/11,20.13,21.63,20.10,21.40,11731102,249411744.00
2015/05/12,22.25,23.57,22.13,23.57,21887580,510802944.00
2015/05/13,24.35,25.13,23.57,24.11,30033615,737843712.00
2015/05/14,23.35,23.93,22.70,23.40,16395506,386612160.00
2015/05/15,23.36,24.85,22.50,23.99,20099797,482127200.00
2015/05/18,23.25,24.54,23.10,23.25,14203154,341705792.00
2015/05/19,23.05,24.20,22.99,23.32,11995705,285752416.00
2015/05/20,23.20,23.91,22.92,23.38,11838660,280797088.00
2015/05/21,23.41,25.04,23.25,24.74,16682403,407906784.00
2015/05/22,27.24,27.24,27.24,27.24,4648102,127776320.00
2015/05/25,28.75,29.95,27.65,28.17,27231218,786875328.00
2015/05/26,27.80,29.65,27.35,29.03,20292089,584954816.00
2015/05/27,28.73,29.90,27.81,29.63,17680361,518581696.00
2015/05/28,29.10,29.20,26.64,26.64,14467109,412234880.00
2015/05/29,26.25,27.23,24.64,25.71,11842206,310915424.00
2015/06/01,27.53,28.25,26.57,28.09,10799306,297909184.00
2015/06/02,28.23,30.45,27.76,30.42,17340799,510306208.00
2015/06/03,30.32,30.32,28.12,28.65,13096300,385377856.00
2015/06/04,28.55,30.10,26.04,29.54,17993654,523039776.00
2015/06/05,30.25,30.54,28.23,28.79,15004583,440877344.00
2015/06/08,28.64,30.03,27.66,29.52,15577874,452271840.00
2015/06/09,29.25,29.51,28.28,28.88,11666529,340457952.00
2015/06/10,29.20,30.74,28.95,29.58,20900970,630311552.00
2015/06/11,29.20,31.00,28.86,30.94,20635492,623750528.00
2015/06/12,31.27,32.01,30.25,30.71,21348268,670530304.00
2015/06/15,30.72,31.21,28.76,30.43,15402673,466980928.00
2015/06/16,29.75,31.20,29.25,30.05,13197108,402714560.00
2015/06/17,29.73,30.04,27.33,29.82,13471123,394198720.00
2015/06/18,29.75,29.75,27.72,27.76,8816850,256711440.00
2015/06/19,26.75,27.39,24.96,24.96,7512187,197831984.00
2015/06/23,25.02,25.65,22.44,24.66,8549134,206914144.00
2015/06/24,25.45,26.15,24.55,25.93,9628011,245168432.00
2015/06/25,25.85,25.85,23.55,23.95,9609462,242143408.00
2015/06/26,23.35,23.35,21.53,21.53,8556600,191822432.00
2015/06/29,22.25,22.27,19.35,19.35,10814280,223329728.00
2015/06/30,18.80,20.72,17.39,20.54,12246933,236040656.00
2015/07/01,19.93,21.31,18.65,18.68,10405354,215355568.00
2015/07/02,18.74,19.05,16.79,16.79,10125558,183374704.00
2015/07/03,15.95,17.15,15.09,15.09,11206615,177417312.00
2015/07/06,16.62,16.62,13.56,13.67,14412010,216259264.00
2015/07/07,13.15,13.15,12.28,12.28,8397225,106674992.00
2015/07/08,11.03,11.03,11.03,11.03,3060500,34522440.00
2015/07/09,10.05,12.16,10.05,12.16,13930041,161522816.00
2015/07/10,12.75,13.40,12.63,13.40,5892550,78962456.00
2015/07/13,14.77,14.77,14.33,14.77,13073202,195460352.00
2015/07/14,16.27,16.27,15.67,16.27,22042123,361763232.00
2015/07/15,16.15,16.15,14.62,14.62,19516607,302955968.00
2015/07/16,13.95,16.07,13.80,16.06,17507130,276222528.00
2015/07/17,16.25,17.69,16.15,17.69,19909395,348781056.00
2015/07/20,17.60,19.05,17.36,18.85,21363147,394391584.00
2015/07/21,18.35,18.93,18.07,18.34,16606959,311970464.00
2015/07/22,18.15,19.04,18.05,18.83,16529278,313395616.00
2015/07/23,18.83,19.94,18.80,19.72,15797935,312984704.00
2015/07/24,19.60,20.63,19.02,19.44,20056187,398262464.00
2015/07/27,18.95,20.25,17.47,17.55,21484769,419416992.00
2015/07/28,16.70,18.72,16.45,18.09,18705447,333866976.00
2015/07/29,18.50,19.21,17.20,19.19,16430777,302098336.00
2015/07/30,18.73,19.60,17.93,18.30,16257865,313522016.00
2015/07/31,17.55,18.11,16.63,17.15,12245180,217170976.00
2015/08/03,16.67,17.10,15.41,15.65,12160031,198007376.00
2015/08/04,15.96,17.24,15.85,17.24,13084195,220348160.00
2015/08/05,17.24,18.16,16.95,17.32,13504446,236438352.00
2015/08/06,16.58,17.70,16.42,17.19,8939836,154029152.00
2015/08/07,17.45,18.70,17.45,18.59,16343653,297862976.00
2015/08/10,18.80,20.45,18.62,20.45,23415323,466300992.00
2015/08/11,20.50,22.14,20.35,21.75,24089095,511000192.00
2015/08/12,21.16,23.58,21.04,22.25,25693162,574211840.00
2015/08/13,22.21,24.48,22.00,24.48,30390654,728791552.00
2015/08/14,25.29,26.66,23.70,24.42,38149241,958428224.00
2015/08/17,23.63,26.49,23.52,25.99,22877430,569722944.00
2015/08/18,25.50,25.89,23.39,23.39,20496279,499922400.00
2015/08/19,22.30,25.35,21.08,25.07,27421960,633892288.00
2015/08/20,24.45,24.88,22.56,22.56,19491575,463686976.00
2015/08/21,21.80,22.43,20.30,20.30,17375622,371578368.00
2015/08/24,19.01,19.50,18.27,18.27,11367011,209915664.00
2015/08/25,16.45,18.56,16.44,16.44,20907636,355811584.00
2015/08/26,16.68,17.79,16.01,16.86,27776100,472947744.00
2015/08/27,17.45,18.55,17.45,18.55,25799509,466968416.00
2015/08/28,19.59,20.41,19.25,20.41,12792041,257061152.00
2015/08/31,21.00,22.41,20.68,21.18,35997052,779708608.00
2015/09/01,20.18,21.30,19.06,19.34,32728420,648905920.00
2015/09/02,17.81,21.27,17.81,21.23,45499468,944754432.00
2015/09/07,22.00,23.35,21.33,23.35,35891556,824767872.00
2015/09/08,24.25,25.69,22.70,25.69,44749456,1076920448.00
2015/09/09,28.26,28.26,27.01,28.26,54323084,1520702464.00
2015/09/10,27.60,31.00,27.51,29.23,69718487,2035219200.00
2015/09/11,28.76,32.15,28.28,32.15,62110172,1874603136.00
2015/09/14,34.12,35.14,29.51,30.12,76023932,2492687872.00
2015/09/15,29.51,31.67,28.03,28.29,60252790,1787100928.00
2015/09/16,28.51,31.12,27.85,31.12,56876470,1680908672.00
2015/09/17,32.30,33.80,30.12,30.50,67906510,2204509440.00
2015/09/18,29.84,30.40,27.60,28.86,53270624,1549514112.00
2015/09/21,28.70,31.00,28.08,30.29,43826636,1314692608.00
2015/09/22,30.00,33.32,29.60,33.32,62648677,1994694656.00
2015/09/23,32.00,33.08,31.13,31.45,53442300,1715277184.00
2015/09/24,31.26,32.77,30.19,31.40,35150015,1105142528.00
2015/09/25,31.48,34.54,31.47,33.90,64353217,2160885760.00
2015/09/28,33.90,34.39,30.51,33.28,52577315,1687443840.00
2015/09/29,31.81,34.38,31.58,32.03,38431597,1260075008.00
2015/09/30,31.84,32.50,30.11,30.60,32240978,1002785152.00
2015/10/08,31.23,32.97,30.90,31.75,34572795,1098094208.00
2015/10/09,31.10,32.30,31.02,31.48,27464116,863506176.00
2015/10/12,31.90,34.63,31.60,34.35,54241721,1819876992.00
2015/10/13,33.00,37.79,32.82,37.79,48990541,1761805184.00
2015/10/14,38.00,40.90,37.79,38.82,51752460,2039786880.00
2015/10/15,37.95,42.70,37.88,42.70,38369848,1576583936.00
2015/10/16,43.96,46.97,43.00,46.97,38241438,1718643456.00
2015/10/19,49.00,50.50,45.21,46.32,54622602,2627753216.00
2015/10/20,45.48,49.00,44.08,46.66,46895751,2163475456.00
2015/10/21,46.00,47.77,42.71,44.39,43788392,1986556160.00
2015/10/22,45.45,48.83,44.80,48.83,49118445,2313864448.00
2015/10/23,50.20,53.70,49.38,50.53,53129826,2751517440.00
2015/10/26,47.00,50.00,45.48,46.90,46331569,2164732928.00
2015/10/27,45.20,49.29,43.03,46.93,36863162,1736257920.00
2015/10/28,45.48,47.55,44.30,45.86,26313608,1203799168.00
2015/10/29,46.90,48.50,46.01,47.41,32960842,1571649536.00
2015/10/30,46.50,48.05,44.50,45.63,27811650,1280640896.00
2015/11/02,43.98,46.91,42.90,43.18,23770949,1058005952.00
2015/11/03,43.00,44.00,40.60,41.86,27538837,1156946688.00
2015/11/04,42.01,44.88,40.80,43.87,34315576,1478129280.00
2015/11/05,43.01,45.50,43.00,43.31,28691521,1260119808.00
2015/11/06,42.95,43.68,42.15,43.27,23431104,1007446144.00
2015/11/09,42.92,45.39,42.55,44.50,29425075,1296957056.00
2015/11/10,43.61,45.35,43.56,44.45,25201028,1120889600.00
2015/11/11,44.00,45.29,43.31,44.06,23070540,1022384384.00
2015/11/12,43.70,44.00,42.22,42.55,24160583,1035409408.00
2015/11/13,42.15,46.81,42.00,46.81,50260307,2303850752.00
2015/11/16,47.00,47.87,44.41,46.30,33077997,1521790208.00
2015/11/17,46.80,49.95,45.23,47.21,40442612,1936562048.00
2015/11/18,46.70,50.83,46.01,48.04,36179245,1758339200.00
2015/11/19,47.60,49.00,45.62,47.80,27531806,1285938176.00
2015/11/20,47.80,49.85,46.12,46.46,28337953,1349562496.00
2015/11/23,46.00,46.00,43.50,44.11,23601682,1055869248.00
2015/11/24,43.66,44.50,43.01,44.17,13521778,590689088.00
2015/11/25,44.00,44.68,43.21,44.23,17113447,750209280.00
2015/11/26,44.75,45.42,43.59,43.88,18962982,843006016.00
2015/11/27,43.30,43.55,39.49,39.85,22580184,937360640.00
2015/11/30,39.15,40.10,35.98,38.53,20322668,772971968.00
2015/12/01,38.00,39.93,37.53,38.97,16237870,633212096.00
2015/12/02,38.47,40.97,38.10,40.03,19644788,784749952.00
2015/12/03,40.00,40.40,39.10,40.36,15094298,598840000.00
2015/12/04,40.00,40.90,39.36,39.46,12635308,505766592.00
2015/12/07,39.78,39.87,38.80,39.60,10392241,409032928.00
2015/12/08,39.20,39.40,37.60,37.90,11599652,445418688.00
2015/12/09,37.95,38.69,36.89,37.35,10301150,387602432.00
2015/12/10,37.45,41.09,37.05,41.09,37485650,1508072064.00
2015/12/11,40.38,43.80,39.98,42.10,42063556,1773261952.00
2015/12/14,40.99,44.37,40.78,42.59,26035984,1119147008.00
2015/12/15,42.01,43.69,41.36,42.71,23315805,989019008.00
2015/12/16,42.52,42.70,41.50,41.56,16142049,676502912.00
2015/12/17,41.95,44.06,41.58,42.75,23650289,1014680128.00
2015/12/18,42.31,44.86,42.30,43.14,22990817,1004608768.00
2015/12/21,42.50,42.79,41.75,42.12,15034825,632782080.00
2015/12/22,41.89,42.80,41.85,42.06,11050785,465978912.00
2015/12/23,42.52,42.98,41.21,41.80,15286329,643178496.00
2015/12/24,41.60,43.83,41.31,42.72,20068308,857165056.00
2015/12/25,42.69,43.28,41.85,42.94,14273026,606423040.00
2015/12/28,43.25,47.23,43.01,45.85,39045597,1777043072.00
2015/12/29,45.80,46.97,44.25,46.34,25496477,1161341312.00
2015/12/30,46.59,48.02,45.34,46.05,22456782,1043901312.00
2015/12/31,45.63,46.80,44.82,45.74,17019253,779616128.00
2016/01/04,44.80,46.66,41.21,41.71,16996736,765149824.00
2016/01/05,38.00,44.89,38.00,42.98,26072393,1094059520.00
2016/01/06,42.90,43.18,41.51,42.52,16585605,701810240.00
2016/01/07,41.47,41.50,38.27,38.27,4516900,178894752.00
2016/01/08,38.90,39.38,34.44,36.93,16954254,636333504.00
2016/01/11,35.35,36.50,33.24,33.24,14273940,492879552.00
2016/01/12,32.06,34.05,31.32,33.01,12347427,409999008.00
2016/01/13,35.00,36.31,32.60,32.89,26543317,927469888.00
2016/01/14,30.60,33.44,29.61,33.40,21845112,689469824.00
2016/01/15,32.60,33.96,30.91,31.36,17552233,567174848.00
2016/01/18,30.10,32.20,30.00,31.37,11596094,364673408.00
2016/01/19,31.59,33.50,31.30,33.28,19912724,653570496.00
2016/01/20,32.69,33.50,32.35,32.52,13388630,439583040.00
2016/01/21,31.80,32.48,30.11,30.24,11629078,364555904.00
2016/01/22,30.80,31.25,29.46,30.60,9016502,273292064.00
2016/01/25,31.20,32.18,30.90,31.45,10316643,325345280.00
2016/01/26,30.88,31.05,28.31,28.31,11750982,348601152.00
2016/01/27,28.46,28.90,25.57,27.46,11208816,301760192.00
2016/01/28,26.78,28.94,26.60,27.38,13935685,391643712.00
2016/01/29,27.35,28.53,26.69,28.05,13092480,364187552.00
2016/02/01,28.05,29.00,26.90,27.54,9690208,271901792.00
2016/02/02,27.50,28.87,27.50,28.71,11253974,318876352.00
2016/02/03,28.70,28.95,27.75,28.92,10350748,294014208.00
2016/02/04,30.38,31.20,29.48,29.61,15447480,466174400.00
2016/02/05,29.01,32.57,29.01,31.98,21454585,672007552.00
2016/02/15,30.85,34.20,30.39,33.33,20922873,679113792.00
2016/02/16,33.35,34.49,32.64,34.13,21366666,718230656.00
2016/02/17,33.68,35.72,33.48,34.42,20499355,709875904.00
2016/02/18,34.50,34.79,33.51,33.75,14686897,498098464.00
2016/02/19,33.32,34.06,33.24,33.59,9575817,321039552.00
2016/02/22,34.01,34.95,33.62,34.28,12788474,437334400.00
2016/02/23,34.13,35.78,34.13,35.39,18259004,642551680.00
2016/02/24,35.00,38.93,33.90,38.93,24579819,884173696.00
2016/02/25,38.00,41.38,37.00,37.95,40265937,1586545280.00
2016/02/26,39.00,40.69,37.57,39.35,31037391,1224954752.00
2016/02/29,38.10,38.59,35.42,35.42,17240535,620787904.00
2016/03/01,33.95,35.59,31.90,34.31,21594155,725866048.00
2016/03/02,33.81,36.74,33.50,35.90,21376631,758566656.00
2016/03/03,35.58,37.88,35.26,36.07,22316456,817446080.00
2016/03/04,35.73,36.50,33.00,33.47,16158899,561185088.00
2016/03/07,33.59,35.23,33.59,34.00,10062252,345773568.00
2016/03/08,34.01,34.93,32.00,34.76,14364508,484361024.00
2016/03/09,33.50,35.91,33.11,34.38,13518509,471223968.00
数据来源:通达信
