600356 恒丰纸业 日线 前复权
      日期	    开盘	    最高	    最低	    收盘	    成交量	    成交额
2011/01/04,8.65,8.79,8.59,8.75,1629663,17895612.00
2011/01/05,8.73,8.73,8.64,8.66,1366756,14993866.00
2011/01/06,8.66,8.71,8.56,8.59,1366160,14886672.00
2011/01/07,8.58,8.74,8.54,8.64,1376485,15057690.00
2011/01/10,8.62,8.67,8.40,8.47,893647,9677835.00
2011/01/11,8.47,8.47,8.32,8.44,881040,9362757.00
2011/01/12,8.48,8.62,8.42,8.59,809338,8745838.00
2011/01/13,8.59,8.67,8.56,8.59,958309,10450990.00
2011/01/14,8.61,8.66,8.41,8.45,910329,9810739.00
2011/01/17,8.45,8.49,8.03,8.05,1050529,10947207.00
2011/01/18,8.05,8.16,8.04,8.12,578897,5955490.00
2011/01/19,8.12,8.27,8.07,8.27,867237,8992633.00
2011/01/20,8.21,8.23,7.94,7.96,934775,9543831.00
2011/01/21,7.87,8.07,7.87,8.00,782969,7947649.00
2011/01/24,7.97,8.05,7.85,7.92,730750,7363718.00
2011/01/25,7.87,7.98,7.82,7.87,553511,5543771.00
2011/01/26,7.87,7.98,7.87,7.97,576450,5812812.00
2011/01/27,7.97,8.07,7.87,8.05,845025,8584788.00
2011/01/28,8.05,8.15,8.03,8.07,660267,6771354.00
2011/01/31,8.07,8.16,8.04,8.15,1216000,12517193.00
2011/02/01,8.16,8.17,8.08,8.11,703470,7249229.00
2011/02/09,8.04,8.14,8.04,8.12,833834,8571720.00
2011/02/10,8.12,8.32,7.96,8.31,1627505,17003946.00
2011/02/11,8.31,8.47,8.31,8.46,1315714,13947447.00
2011/02/14,8.48,8.62,8.41,8.55,1378223,14892458.00
2011/02/15,8.55,8.61,8.44,8.44,1650039,17816386.00
2011/02/16,8.44,8.62,8.42,8.61,1188952,12840380.00
2011/02/17,8.64,8.75,8.52,8.62,1550393,16924092.00
2011/02/18,8.63,8.64,8.47,8.53,849235,9192311.00
2011/02/21,8.45,8.73,8.45,8.72,1287837,14052208.00
2011/02/22,8.74,8.78,8.48,8.49,1490041,16241714.00
2011/02/23,8.52,8.85,8.48,8.72,2067145,22769296.00
2011/02/24,8.70,9.09,8.64,8.97,3999184,45203336.00
2011/02/25,8.95,8.95,8.73,8.85,1751474,19530268.00
2011/02/28,8.91,9.07,8.80,8.97,1527298,17311294.00
2011/03/01,8.99,9.03,8.84,8.93,1456498,16453657.00
2011/03/02,8.85,9.00,8.79,8.98,1185055,13336451.00
2011/03/03,8.95,9.05,8.90,8.91,1440676,16299095.00
2011/03/04,8.90,9.02,8.87,8.99,1267005,14319768.00
2011/03/07,9.10,9.12,8.97,9.04,2500737,28518752.00
2011/03/08,9.04,9.16,8.97,9.07,1575451,18034332.00
2011/03/09,9.13,9.13,9.02,9.07,1471352,16843860.00
2011/03/10,9.08,9.29,8.97,9.22,3705313,42659656.00
2011/03/11,9.10,9.29,9.05,9.16,2902823,33610300.00
2011/03/14,9.12,10.07,9.07,10.02,8447569,101543472.00
2011/03/15,9.78,10.20,9.47,10.12,11468928,141724592.00
2011/03/16,9.94,10.77,9.80,10.59,17543994,224692016.00
2011/03/17,10.31,10.49,9.92,10.32,11135576,142448112.00
2011/03/18,10.12,10.24,9.90,10.07,6662326,84029296.00
2011/03/21,9.93,10.09,9.61,10.07,8119185,101183400.00
2011/03/22,10.01,10.13,9.82,10.01,9786453,122653096.00
2011/03/23,9.95,10.87,9.75,10.27,11812975,151701776.00
2011/03/24,10.28,10.33,9.87,10.09,8716978,110219392.00
2011/03/25,9.99,10.23,9.90,9.97,5125872,64218040.00
2011/03/28,9.97,10.00,9.68,9.69,4316464,53194536.00
2011/03/29,9.66,9.77,9.46,9.52,3618558,43794564.00
2011/03/30,9.52,9.70,9.45,9.66,2526933,30377764.00
2011/03/31,9.66,9.70,9.19,9.27,4207299,49729584.00
2011/04/01,9.25,9.43,9.20,9.38,2038238,23910108.00
2011/04/07,9.44,9.49,9.15,9.46,4750936,55506232.00
2011/04/08,9.39,9.49,9.22,9.45,4353376,51352564.00
2011/04/11,9.41,9.45,9.20,9.22,4520144,52933336.00
2011/04/12,9.22,9.42,9.22,9.29,2509099,29445926.00
2011/04/13,9.29,9.47,9.23,9.46,2331543,27487468.00
2011/04/14,9.44,9.48,9.37,9.42,2025844,24036310.00
2011/04/15,9.37,9.42,9.24,9.33,1816771,21326970.00
2011/04/18,9.37,9.50,9.33,9.44,2162248,25663686.00
2011/04/19,9.37,9.41,8.95,9.07,5822704,66790168.00
2011/04/20,9.06,9.16,9.04,9.14,1944185,22357712.00
2011/04/21,9.16,9.32,9.15,9.27,2401105,27984250.00
2011/04/22,9.26,9.70,9.25,9.43,7243905,86952968.00
2011/04/25,9.39,9.46,9.19,9.25,3220037,37858288.00
2011/04/26,9.32,9.32,8.99,9.01,2374935,27255700.00
2011/04/27,9.10,9.28,8.97,9.03,2123009,24446402.00
2011/04/28,9.03,9.11,8.54,8.58,3352860,37135376.00
2011/04/29,8.66,8.75,8.57,8.74,1167533,12813056.00
2011/05/03,8.74,8.87,8.67,8.87,1747762,19390090.00
2011/05/04,8.80,8.83,8.51,8.53,1804020,19767618.00
2011/05/05,8.54,8.70,8.54,8.65,1040161,11363319.00
2011/05/06,8.61,8.67,8.49,8.56,1241795,13468164.00
2011/05/09,8.53,8.67,8.53,8.65,996718,10871265.00
2011/05/10,8.65,8.75,8.62,8.73,1231494,13544574.00
2011/05/11,8.72,8.88,8.68,8.83,2121742,23639860.00
2011/05/12,8.72,8.88,8.67,8.68,2020057,22410328.00
2011/05/13,8.64,8.87,8.62,8.86,1556425,17162052.00
2011/05/16,8.81,8.87,8.78,8.79,973422,10854475.00
2011/05/17,8.78,8.82,8.62,8.76,1127912,12440201.00
2011/05/18,8.76,8.85,8.68,8.84,1252773,13940628.00
2011/05/19,8.85,8.93,8.80,8.84,1113969,12486383.00
2011/05/20,8.88,8.89,8.81,8.86,1156315,12932845.00
2011/05/23,8.89,8.89,8.51,8.56,1360660,14918104.00
2011/05/24,8.61,8.68,8.41,8.66,947499,10276555.00
2011/05/25,8.63,8.67,8.52,8.56,619117,6733985.00
2011/05/26,8.61,8.66,8.48,8.51,972460,10538726.00
2011/05/27,8.53,8.57,8.20,8.26,1684795,17763740.00
2011/05/30,8.17,8.28,7.86,8.05,533160,4571146.00
2011/05/31,8.08,8.15,7.96,8.13,851813,7181472.00
2011/06/01,8.15,8.15,8.04,8.13,640690,5434261.00
2011/06/03,7.99,8.16,7.95,8.13,1172304,9910111.00
2011/06/07,8.11,8.14,8.04,8.14,882064,7480633.00
2011/06/08,8.14,8.19,8.06,8.16,651806,5552197.00
2011/06/09,8.20,8.20,7.88,7.89,848919,7180921.00
2011/06/10,7.83,7.89,7.67,7.79,1061544,8680195.00
2011/06/13,7.79,7.79,7.61,7.69,1028600,8278037.50
2011/06/14,7.70,8.03,7.68,8.00,1636045,13535438.00
2011/06/15,7.96,8.75,7.96,8.54,8903995,78383128.00
2011/06/16,8.37,8.91,8.34,8.59,9181361,82274224.00
2011/06/17,8.54,8.80,8.13,8.42,10746080,94655648.00
2011/06/20,8.31,8.67,8.22,8.38,7125538,62172408.00
2011/06/21,8.52,8.56,8.06,8.22,5469062,47033084.00
2011/06/22,8.24,8.24,7.90,7.91,3763853,31491864.00
2011/06/23,7.89,8.03,7.76,7.96,2673523,22189506.00
2011/06/24,7.96,8.18,7.91,8.16,3608096,30453700.00
2011/06/28,8.25,8.25,8.09,8.15,1946420,16629467.00
2011/06/29,8.19,8.19,7.92,7.94,1833255,15511710.00
2011/06/30,8.01,8.14,7.96,8.09,1698704,14393229.00
2011/07/01,8.11,8.29,8.07,8.17,2949593,25313772.00
2011/07/04,8.17,8.37,8.17,8.33,2872711,24935988.00
2011/07/05,8.29,8.43,8.29,8.41,2402784,20973444.00
2011/07/06,8.35,8.38,8.25,8.34,1957191,17007240.00
2011/07/07,8.34,8.56,8.26,8.34,3616301,31880440.00
2011/07/08,8.37,8.46,8.30,8.45,2380333,20882202.00
2011/07/11,8.44,8.48,8.34,8.42,1815752,15978115.00
2011/07/12,8.41,8.42,8.18,8.19,1535829,13302450.00
2011/07/13,8.19,8.36,8.19,8.34,1204955,10478239.00
2011/07/14,8.34,8.39,8.24,8.37,2136026,18612208.00
2011/07/15,8.36,8.59,8.33,8.50,3583539,31744638.00
2011/07/18,8.51,8.54,8.38,8.42,2061184,18222482.00
2011/07/19,8.43,8.43,8.28,8.33,1406040,12257990.00
2011/07/20,8.38,8.41,8.24,8.30,1277233,11111402.00
2011/07/21,8.31,8.33,8.14,8.15,1355306,11660688.00
2011/07/22,8.18,8.26,8.15,8.21,986610,8476240.00
2011/07/25,8.18,8.21,7.79,7.83,1982679,16595359.00
2011/07/26,7.79,7.89,7.78,7.88,750340,6176440.00
2011/07/27,7.86,7.98,7.82,7.97,871905,7230420.00
2011/07/28,7.92,7.92,7.77,7.86,1010385,8306090.00
2011/07/29,7.86,7.89,7.77,7.80,819061,6729171.00
2011/08/01,7.80,7.89,7.80,7.86,790480,6507853.00
2011/08/02,7.87,7.89,7.67,7.87,1099896,8973941.00
2011/08/03,7.76,7.93,7.76,7.88,998080,8241983.00
2011/08/04,7.92,7.97,7.88,7.90,850591,7078438.00
2011/08/05,7.61,7.79,7.61,7.69,986221,7996307.00
2011/08/08,7.61,7.71,7.11,7.15,1649902,12752350.00
2011/08/09,6.91,7.11,6.83,7.05,1032194,7598589.00
2011/08/10,7.13,7.27,7.11,7.13,1113553,8435167.00
2011/08/11,6.96,7.40,6.91,7.36,2115331,16268912.00
2011/08/12,7.50,7.50,7.34,7.42,1898588,14826177.00
2011/08/15,7.42,7.59,7.39,7.55,1413203,11134770.00
2011/08/16,7.55,7.58,7.39,7.43,1052860,8299980.00
2011/08/17,7.42,7.67,7.42,7.47,1463944,11640513.00
2011/08/18,7.48,7.51,7.26,7.26,1016790,7894037.00
2011/08/19,7.16,7.21,7.05,7.14,896364,6734539.00
2011/08/22,7.14,7.25,7.13,7.15,470497,3562014.00
2011/08/23,7.18,7.33,7.18,7.32,632002,4828191.00
2011/08/24,7.39,7.45,7.28,7.31,947368,7347652.00
2011/08/25,7.31,7.51,7.31,7.49,1428799,11156405.00
2011/08/26,7.45,8.28,7.41,8.28,15988903,135533744.00
2011/08/30,8.26,8.40,8.07,8.25,8200615,70327568.00
2011/08/31,8.13,9.11,8.03,8.75,20588007,185245776.00
2011/09/01,8.61,8.93,8.41,8.59,17133782,154176768.00
2011/09/02,8.42,8.55,8.08,8.18,8441456,72429904.00
2011/09/05,7.89,8.04,7.77,7.95,6198501,51363876.00
2011/09/06,7.91,7.95,7.62,7.68,4318364,35226160.00
2011/09/07,7.75,7.98,7.73,7.97,5278357,43498296.00
2011/09/08,8.04,8.09,7.77,7.79,4430919,36711164.00
2011/09/09,7.76,7.89,7.48,7.50,4383997,35215536.00
2011/09/13,7.32,7.36,7.14,7.29,2200863,16847748.00
2011/09/14,7.34,7.55,7.22,7.50,2724872,21255850.00
2011/09/15,7.46,7.59,7.42,7.50,2562659,20273140.00
2011/09/16,7.53,7.58,7.42,7.44,1680720,13256176.00
2011/09/19,7.36,7.41,7.17,7.22,1514545,11577151.00
2011/09/20,7.20,7.37,7.13,7.30,1215431,9306830.00
2011/09/21,7.30,7.53,7.23,7.52,1873069,14650875.00
2011/09/22,7.50,7.57,7.01,7.20,2600383,20091988.00
2011/09/23,7.00,7.20,7.00,7.11,1951832,14620085.00
2011/09/26,7.07,7.15,6.97,7.01,1048608,7807152.00
2011/09/27,7.07,7.14,6.99,7.09,1274221,9492020.00
2011/09/28,7.14,7.25,6.98,7.06,1143238,8595672.00
2011/09/29,6.98,7.01,6.78,6.80,1556125,11314303.00
2011/09/30,6.83,6.90,6.69,6.82,838084,6022192.00
2011/10/10,6.84,6.88,6.77,6.81,493211,3561190.00
2011/10/11,6.96,7.00,6.69,6.77,1288465,9284391.00
2011/10/12,6.75,7.07,6.71,7.06,1970240,14497873.00
2011/10/13,7.06,7.13,6.98,7.09,1325527,9902893.00
2011/10/14,7.07,7.07,6.96,7.01,792900,5864992.00
2011/10/17,7.06,7.09,6.96,7.03,812243,6023547.00
2011/10/18,7.02,7.02,6.71,6.77,1053294,7624758.00
2011/10/19,6.81,6.83,6.75,6.77,654385,4694687.00
2011/10/20,6.68,6.76,6.50,6.55,914524,6398366.00
2011/10/21,6.57,6.72,6.46,6.47,741438,5161112.00
2011/10/24,6.51,6.59,6.33,6.58,1090713,7493373.00
2011/10/25,6.60,6.73,6.47,6.69,1504316,10546084.00
2011/10/26,6.65,6.82,6.65,6.77,1669055,11922749.00
2011/10/27,6.77,6.85,6.74,6.78,1027618,7370492.00
2011/10/28,6.83,6.94,6.79,6.91,1726816,12514694.00
2011/10/31,6.90,6.97,6.84,6.93,1197321,8735338.00
2011/11/01,6.84,6.95,6.83,6.90,1089371,7933316.00
2011/11/02,6.80,6.99,6.75,6.98,1492675,10831904.00
2011/11/03,6.98,7.13,6.96,7.05,2628511,19609806.00
2011/11/04,7.09,7.24,7.05,7.18,2387544,17970430.00
2011/11/07,7.18,7.29,7.14,7.17,1887007,14344218.00
2011/11/08,7.17,7.19,7.08,7.11,2075819,15593131.00
2011/11/09,7.09,7.21,7.05,7.21,1421931,10675846.00
2011/11/10,7.15,7.18,7.11,7.13,1649225,12418260.00
2011/11/11,7.22,7.40,7.11,7.30,2905153,22282000.00
2011/11/14,7.80,8.07,7.41,7.65,9805575,80191632.00
2011/11/15,7.57,7.64,7.44,7.59,6574908,51875588.00
2011/11/16,7.50,7.60,7.40,7.40,5990608,46852780.00
2011/11/17,7.40,7.58,7.27,7.28,5426004,42264684.00
2011/11/18,7.28,7.37,6.87,7.01,4791573,36062260.00
2011/11/21,6.94,7.08,6.80,6.90,2984937,21795562.00
2011/11/22,6.81,6.86,6.77,6.85,1463213,10546203.00
2011/11/23,6.87,6.89,6.79,6.79,942462,6813702.00
2011/11/24,6.71,6.79,6.66,6.76,1297721,9235028.00
2011/11/25,6.76,6.83,6.71,6.81,864423,6214494.00
2011/11/28,6.82,6.87,6.78,6.84,612231,4417179.00
2011/11/29,6.88,6.92,6.82,6.92,1070688,7780234.00
2011/11/30,6.90,6.91,6.51,6.53,1871159,13246154.00
2011/12/01,6.76,6.84,6.67,6.68,1482958,10595603.00
2011/12/02,6.63,6.70,6.54,6.62,890638,6234468.00
2011/12/05,6.61,6.64,6.45,6.46,603450,4181264.00
2011/12/06,6.46,6.52,6.41,6.50,357809,2459758.00
2011/12/07,6.51,7.01,6.49,6.66,1515245,10752488.00
2011/12/08,6.60,6.70,6.36,6.63,1367313,9528977.00
2011/12/09,6.59,6.66,6.53,6.63,526124,3673292.00
2011/12/12,6.66,6.68,6.41,6.43,762452,5253569.00
2011/12/13,6.42,6.42,6.09,6.10,1202588,7931198.00
2011/12/14,6.10,6.17,5.92,5.95,678123,4362245.00
2011/12/15,5.98,5.98,5.78,5.80,1206393,7527196.00
2011/12/16,5.81,5.92,5.59,5.90,1636141,10016771.00
2011/12/19,5.84,5.87,5.70,5.85,730658,4506827.00
2011/12/20,5.83,5.92,5.82,5.83,780934,4893713.00
2011/12/21,5.87,5.91,5.69,5.69,738300,4579386.00
2011/12/22,5.67,5.67,5.43,5.54,923288,5469729.00
2011/12/23,5.52,5.67,5.51,5.60,638443,3826409.00
2011/12/26,5.57,5.68,5.54,5.61,484150,2899678.00
2011/12/27,5.61,5.63,5.44,5.44,552812,3256459.00
2011/12/28,5.41,5.43,5.29,5.37,872751,5010894.00
2011/12/29,5.37,5.44,5.31,5.41,560760,3240105.00
2011/12/30,5.42,5.54,5.42,5.52,629613,3694848.00
2012/01/04,5.62,5.64,5.39,5.39,520690,3074871.00
2012/01/05,5.34,5.41,5.26,5.28,639899,3658315.00
2012/01/06,5.24,5.33,5.15,5.31,761223,4300834.00
2012/01/09,5.26,5.56,5.26,5.55,907933,5317956.00
2012/01/10,5.56,5.85,5.55,5.79,1632640,9989333.00
2012/01/11,5.79,5.85,5.71,5.79,1336945,8246751.00
2012/01/12,5.76,5.84,5.75,5.78,919868,5682090.00
2012/01/13,5.80,5.81,5.58,5.68,1486051,9074408.00
2012/01/16,5.63,5.70,5.51,5.53,563984,3380126.00
2012/01/17,5.56,5.82,5.52,5.81,1064695,6503140.00
2012/01/18,5.82,5.88,5.68,5.69,860290,5315854.00
2012/01/19,5.77,5.79,5.66,5.75,736550,4514753.00
2012/01/20,5.74,5.85,5.74,5.83,1052049,6526690.00
2012/01/30,5.87,5.89,5.80,5.85,848081,5287108.00
2012/01/31,5.84,5.85,5.75,5.82,704953,4361686.00
2012/02/01,5.80,5.86,5.75,5.80,898597,5575381.00
2012/02/02,5.82,5.87,5.76,5.86,1770939,10990067.00
2012/02/03,5.86,5.95,5.81,5.93,1871058,11743219.00
2012/02/06,5.93,5.96,5.87,5.94,1408384,8873104.00
2012/02/07,5.93,5.93,5.76,5.84,1030673,6406270.00
2012/02/08,5.84,5.98,5.79,5.95,1526020,9590727.00
2012/02/09,5.94,6.04,5.93,6.00,1370700,8749441.00
2012/02/10,6.00,6.15,5.98,6.13,2121173,13699123.00
2012/02/13,6.07,6.19,6.02,6.13,1292347,8416154.00
2012/02/14,6.17,6.30,6.08,6.28,2769278,18270744.00
2012/02/15,6.24,6.32,6.18,6.31,2220300,14765291.00
2012/02/16,6.30,6.36,6.15,6.23,1853383,12306688.00
2012/02/17,6.23,6.28,6.14,6.19,1085903,7150581.00
2012/02/20,6.27,6.30,6.16,6.16,1313701,8686651.00
2012/02/21,6.14,6.23,6.09,6.21,1082486,7092680.00
2012/02/22,6.17,6.31,6.17,6.30,2168724,14429856.00
2012/02/23,6.31,6.43,6.27,6.42,3312403,22395816.00
2012/02/24,6.40,6.48,6.35,6.47,1936123,13213923.00
2012/02/27,6.49,6.56,6.43,6.45,2345876,16154282.00
2012/02/28,6.41,6.45,6.26,6.34,2060794,13868536.00
2012/02/29,6.31,6.39,6.26,6.28,1079439,7251813.00
2012/03/02,6.37,6.47,6.32,6.47,1664720,11348056.00
2012/03/05,6.53,6.80,6.53,6.62,4639052,32881696.00
2012/03/06,6.62,6.65,6.47,6.52,2662003,18472204.00
2012/03/07,6.52,6.65,6.44,6.53,2282742,15861600.00
2012/03/08,6.55,6.78,6.54,6.77,3593134,25419428.00
2012/03/09,6.77,6.80,6.68,6.77,1991458,14187748.00
2012/03/12,6.76,6.79,6.68,6.75,1572907,11189989.00
2012/03/13,6.74,6.80,6.69,6.80,1568491,11029228.00
2012/03/14,6.79,6.81,6.38,6.42,3204906,22183736.00
2012/03/15,6.44,6.46,6.16,6.25,1702585,11198586.00
2012/03/16,6.27,6.42,6.25,6.42,1147515,7616418.00
2012/03/19,6.42,6.60,6.37,6.58,1327536,9030350.00
2012/03/20,6.59,6.65,6.51,6.51,2528778,17381912.00
2012/03/21,6.54,6.70,6.49,6.69,2356803,16232635.00
2012/03/22,6.71,6.77,6.63,6.75,3491848,24456448.00
2012/03/23,6.58,6.75,6.54,6.61,3343525,23181120.00
2012/03/26,6.61,6.74,6.56,6.72,1757237,12211371.00
2012/03/27,6.73,6.76,6.65,6.75,1866326,13070487.00
2012/03/28,6.75,6.76,6.38,6.55,2127241,14587942.00
2012/03/29,6.50,6.56,6.27,6.46,1200191,8106509.00
2012/03/30,6.46,6.57,6.42,6.56,920660,6244608.00
2012/04/05,6.50,6.90,6.50,6.89,3110951,21988312.00
2012/04/06,6.82,6.96,6.80,6.86,2457930,17569398.00
2012/04/09,6.84,6.98,6.79,6.82,2435893,17505926.00
2012/04/10,6.82,6.93,6.52,6.89,2292971,16096421.00
2012/04/11,6.79,6.86,6.64,6.77,2268129,15937523.00
2012/04/12,6.75,6.98,6.75,6.91,2833865,20358296.00
2012/04/13,6.93,6.99,6.80,6.86,2372442,17028004.00
2012/04/16,6.83,7.19,6.80,7.11,3482185,25664660.00
2012/04/17,7.06,7.17,6.94,7.11,2052529,15052332.00
2012/04/18,7.11,7.54,7.11,7.37,6033905,46390360.00
2012/04/19,7.31,7.47,7.23,7.42,2635734,20168024.00
2012/04/20,7.41,7.44,7.29,7.35,2167780,16590026.00
2012/04/23,7.35,7.36,7.06,7.07,2844198,21163908.00
2012/04/25,6.91,7.12,6.89,7.02,3919281,28471422.00
2012/04/26,7.01,7.06,6.87,7.00,1726075,12529039.00
2012/04/27,6.99,7.02,6.92,7.00,790056,5738085.00
2012/05/02,7.09,7.14,6.99,6.99,1964362,14433429.00
2012/05/03,6.99,7.03,6.89,6.95,2019313,14605216.00
2012/05/04,6.96,7.06,6.92,7.05,1413795,10302963.00
2012/05/07,7.03,7.06,6.94,7.04,1213580,8860078.00
2012/05/08,7.06,7.11,6.96,7.04,1498997,10985585.00
2012/05/09,6.99,6.99,6.79,6.81,2015415,14466219.00
2012/05/11,6.97,7.02,6.82,6.89,1270805,9174802.00
2012/05/14,7.02,7.16,6.91,7.03,3109563,22826904.00
2012/05/15,7.01,7.29,6.97,7.21,4197206,31300744.00
2012/05/16,7.24,7.52,7.12,7.43,6048218,46293112.00
2012/05/17,7.36,7.61,7.33,7.39,6111687,47378328.00
2012/05/18,7.32,7.42,7.13,7.20,2606410,19718360.00
2012/05/21,7.21,7.26,7.07,7.18,1110801,8293899.00
2012/05/22,7.27,7.30,7.18,7.25,1052215,7914683.00
2012/05/23,7.25,7.34,7.15,7.20,1030145,7731257.00
2012/05/24,7.21,7.49,7.13,7.45,2669645,20486972.00
2012/05/25,7.37,7.56,7.23,7.32,1918804,14756445.00
2012/05/28,7.32,7.32,6.99,7.20,2106017,15641355.00
2012/05/29,7.22,7.36,7.17,7.33,1825098,13850233.00
2012/05/30,7.32,7.44,7.24,7.34,1458045,11128285.00
2012/05/31,7.33,7.33,7.16,7.22,1226386,9211953.00
2012/06/01,7.21,7.40,7.19,7.37,1649993,12591082.00
2012/06/04,7.19,7.36,7.11,7.21,1574466,11849031.00
2012/06/05,7.19,7.24,7.04,7.09,978661,7244054.00
2012/06/06,7.16,7.16,7.05,7.07,629045,4633661.00
2012/06/07,7.13,7.15,6.97,6.97,950904,6981349.00
2012/06/08,6.99,7.01,6.76,6.78,1280409,9239423.00
2012/06/11,6.90,6.90,6.73,6.86,903185,6422341.00
2012/06/12,6.82,6.82,6.67,6.76,850692,5982532.00
2012/06/13,6.76,6.87,6.73,6.86,1086868,7700561.00
2012/06/14,6.86,6.96,6.78,6.90,1194910,8593079.00
2012/06/15,6.86,6.94,6.82,6.86,425119,3049530.00
2012/06/18,6.87,6.91,6.85,6.89,721513,5165670.00
2012/06/19,6.91,6.91,6.78,6.79,407476,2900908.00
2012/06/20,6.83,6.85,6.77,6.80,278001,1973501.00
2012/06/21,6.81,6.89,6.72,6.85,628647,4455912.00
2012/06/25,6.76,6.83,6.56,6.70,686800,4798589.00
2012/06/26,6.69,6.70,6.53,6.67,469264,3251109.00
2012/06/27,6.74,6.74,6.58,6.67,244981,1704820.00
2012/06/28,6.71,6.73,6.51,6.51,331420,2290852.00
2012/06/29,6.51,6.74,6.39,6.69,503515,3463372.00
2012/07/02,6.69,6.81,6.64,6.74,358075,2509406.00
2012/07/03,6.75,6.77,6.66,6.66,352100,2464129.00
2012/07/04,6.74,6.74,6.67,6.69,263868,1842213.00
2012/07/05,6.62,6.72,6.49,6.50,433902,2972986.00
2012/07/06,6.56,6.64,6.47,6.63,515025,3512524.00
2012/07/09,6.61,6.61,6.46,6.51,366441,2496119.00
2012/07/10,6.51,6.56,6.43,6.48,172572,1164950.00
2012/07/11,6.44,6.53,6.44,6.51,222050,1503913.00
2012/07/12,6.41,6.71,6.36,6.62,635770,4348371.00
2012/07/13,6.62,6.69,6.56,6.59,207973,1433566.00
2012/07/16,6.53,6.61,6.38,6.39,256092,1729400.00
2012/07/17,6.38,6.50,6.38,6.43,182207,1220477.00
2012/07/18,6.50,6.50,6.38,6.44,238320,1602192.00
2012/07/19,6.42,6.56,6.42,6.51,488611,3321557.00
2012/07/20,6.55,6.58,6.48,6.57,555555,3798195.00
2012/07/23,6.51,6.77,6.43,6.64,631269,4381609.00
2012/07/24,6.64,6.72,6.60,6.69,331426,2306572.00
2012/07/25,6.57,6.71,6.57,6.65,259828,1799469.00
2012/07/26,6.69,6.69,6.57,6.58,364710,2515166.00
2012/07/27,6.69,6.69,6.54,6.57,279410,1918000.00
2012/07/30,6.57,6.72,6.56,6.61,908124,6305769.00
2012/07/31,6.59,6.64,6.54,6.58,480811,3296840.00
2012/08/01,6.61,6.74,6.59,6.68,650561,4530060.00
2012/08/02,6.72,6.78,6.65,6.72,712571,4997751.00
2012/08/03,6.72,6.80,6.67,6.78,405826,2850658.00
2012/08/06,6.78,6.90,6.73,6.89,1167482,8302251.00
2012/08/07,6.90,7.03,6.88,6.95,1217013,8810792.00
2012/08/08,6.99,6.99,6.87,6.95,613618,4427848.00
2012/08/09,6.90,7.00,6.90,6.98,688329,4986410.00
2012/08/10,6.95,7.08,6.95,6.97,747618,5445288.00
2012/08/13,6.97,6.97,6.80,6.80,555069,3966433.00
2012/08/14,6.79,6.87,6.71,6.86,525110,3715285.00
2012/08/15,6.77,6.93,6.77,6.81,287210,2052859.00
2012/08/16,6.81,6.87,6.71,6.81,344770,2449141.00
2012/08/17,6.83,6.87,6.73,6.79,409989,2909928.00
2012/08/20,6.72,6.78,6.52,6.55,650670,4510434.00
2012/08/21,6.52,6.66,6.47,6.58,541826,3723670.00
2012/08/22,6.58,6.58,6.44,6.55,837054,5692314.00
2012/08/23,6.49,6.61,6.45,6.58,517168,3542814.00
2012/08/24,6.53,6.61,6.49,6.50,674505,4607489.00
2012/08/27,6.46,6.46,6.19,6.26,1143372,7488893.00
2012/08/28,6.24,6.35,6.19,6.32,340343,2238211.00
2012/08/29,6.39,6.41,6.32,6.39,392675,2611437.00
2012/08/30,6.41,6.47,6.26,6.33,284560,1892594.00
2012/08/31,6.36,6.44,6.31,6.41,237111,1582871.00
2012/09/03,6.46,6.57,6.36,6.55,654669,4465857.00
2012/09/04,6.59,6.59,6.47,6.51,267552,1822551.00
2012/09/05,6.44,6.59,6.44,6.51,397380,2708353.00
2012/09/06,6.59,6.59,6.51,6.54,256530,1752803.00
2012/09/07,6.58,6.77,6.54,6.67,1131574,7874139.00
2012/09/10,6.66,6.74,6.60,6.69,1018562,7094625.00
2012/09/11,6.68,6.68,6.54,6.61,589016,4051344.00
2012/09/12,6.61,6.67,6.47,6.57,796981,5460937.00
2012/09/13,6.57,6.57,6.41,6.43,1143187,7763566.00
2012/09/14,6.49,6.54,6.41,6.48,705200,4767317.00
2012/09/17,6.46,6.51,6.30,6.31,620418,4135878.00
2012/09/18,6.31,6.36,6.29,6.32,303400,2003127.00
2012/09/19,6.36,6.38,6.30,6.36,240176,1592508.00
2012/09/20,6.37,6.38,6.19,6.20,462100,3031809.00
2012/09/21,6.20,6.26,6.16,6.24,347856,2263681.00
2012/09/24,6.23,6.24,6.09,6.22,492658,3188835.00
2012/09/25,6.16,6.30,6.16,6.24,523539,3421183.00
2012/09/26,6.24,6.24,6.08,6.12,686426,4416204.00
2012/09/27,6.14,6.21,6.05,6.18,1615293,10399637.00
2012/09/28,6.13,6.21,6.10,6.16,1739644,11222560.00
2012/10/08,6.18,6.18,6.07,6.07,642310,4118096.00
2012/10/09,6.08,6.27,6.08,6.25,2093935,13545480.00
2012/10/10,6.25,6.48,6.20,6.40,1971200,13088021.00
2012/10/11,6.33,6.40,6.19,6.20,1579100,10378118.00
2012/10/12,6.25,6.26,6.15,6.19,1225048,7954806.00
2012/10/15,6.17,6.19,6.03,6.08,1212689,7725552.00
2012/10/16,6.10,6.18,6.08,6.15,717837,4612183.00
2012/10/17,6.17,6.23,6.09,6.20,567645,3666024.00
2012/10/18,6.19,6.32,6.16,6.29,1015551,6656644.00
2012/10/19,6.26,6.27,6.18,6.21,832700,5428656.00
2012/10/22,6.22,6.25,6.15,6.21,476528,3091418.00
2012/10/23,6.21,6.31,6.21,6.23,921382,6040451.00
2012/10/24,6.22,6.33,6.16,6.29,1049658,6864278.00
2012/10/25,6.27,6.56,6.22,6.49,5049612,33991768.00
2012/10/26,6.46,6.54,6.24,6.33,2854562,19170778.00
2012/10/29,6.37,6.60,6.30,6.57,2862523,19336868.00
2012/10/30,6.59,6.60,6.38,6.38,1924176,13007205.00
2012/10/31,6.36,6.36,6.14,6.22,1931618,12584509.00
2012/11/01,6.22,6.33,6.21,6.30,3005058,19738656.00
2012/11/02,6.31,6.32,6.23,6.31,1280406,8409828.00
2012/11/05,6.30,6.31,6.22,6.27,1225028,8019069.00
2012/11/06,6.27,6.28,6.10,6.19,1202754,7763630.00
2012/11/07,6.18,6.21,6.15,6.17,614881,3976470.00
2012/11/08,6.13,6.13,5.99,6.00,1343773,8532411.00
2012/11/09,6.02,6.03,5.96,6.00,621449,3902801.00
2012/11/12,6.06,6.06,5.98,6.05,472470,2981392.00
2012/11/13,6.02,6.04,5.88,5.95,812053,5065551.00
2012/11/14,5.95,6.28,5.95,6.11,2257078,14487697.00
2012/11/15,6.08,6.08,5.89,5.92,827848,5162104.00
2012/11/16,5.92,5.92,5.81,5.83,792208,4860228.00
2012/11/19,5.88,5.89,5.79,5.88,332125,2035954.00
2012/11/20,5.91,5.92,5.83,5.85,396763,2443485.00
2012/11/21,5.85,5.91,5.79,5.90,506315,3112291.00
2012/11/22,5.88,5.88,5.81,5.85,405500,2483808.00
2012/11/23,5.84,5.89,5.83,5.86,304950,1877078.00
2012/11/26,5.87,5.87,5.81,5.83,172959,1059473.00
2012/11/27,5.86,5.86,5.56,5.57,777031,4620214.00
2012/11/28,5.57,5.62,5.35,5.39,1252971,7151459.00
2012/11/29,5.39,5.43,5.19,5.22,896340,5017222.00
2012/11/30,5.25,5.33,5.23,5.30,419721,2341164.00
2012/12/03,5.30,5.40,5.19,5.39,533071,2977515.00
2012/12/04,5.38,5.41,5.20,5.38,542939,3035671.00
2012/12/05,5.38,5.68,5.31,5.68,1501233,8839559.00
2012/12/06,5.62,5.99,5.61,5.96,2562370,15604934.00
2012/12/07,5.86,6.11,5.86,6.07,1532967,9597846.00
2012/12/10,6.04,6.10,5.91,6.02,1459961,9208057.00
2012/12/11,6.07,6.08,5.89,5.99,1691577,10600694.00
2012/12/12,5.96,5.98,5.81,5.87,884249,5453836.00
2012/12/13,5.83,6.10,5.81,5.99,1579631,9893880.00
2012/12/14,5.91,6.14,5.89,6.09,3513950,22357840.00
2012/12/17,6.10,6.13,6.03,6.08,1519364,9677035.00
2012/12/18,6.04,6.11,5.98,6.01,1193257,7574496.00
2012/12/19,6.01,6.07,5.91,6.02,1046048,6607012.00
2012/12/20,5.98,6.17,5.91,6.14,1001504,6351207.00
2012/12/21,6.11,6.17,5.96,6.14,1997040,12763939.00
2012/12/24,6.07,6.13,6.05,6.06,1111905,7078676.00
2012/12/25,6.07,6.15,6.01,6.08,8128571,51887276.00
2012/12/26,6.08,6.25,6.08,6.23,5464177,35350256.00
2012/12/27,6.21,6.24,6.10,6.12,4761187,30594288.00
2012/12/28,6.07,6.12,6.07,6.11,2040531,13019152.00
2012/12/31,6.11,6.18,6.09,6.12,2941287,18906496.00
2013/01/04,6.16,6.18,6.06,6.10,1676598,10739493.00
2013/01/07,6.08,6.14,6.06,6.14,1428792,9141651.00
2013/01/08,6.14,6.23,6.09,6.19,2509555,16204765.00
2013/01/09,6.21,6.27,6.13,6.22,2319360,15066685.00
2013/01/10,6.20,6.27,6.14,6.22,1728261,11250508.00
2013/01/11,6.23,6.29,5.98,6.00,3390143,21801816.00
2013/01/14,5.93,6.23,5.93,6.22,3374644,21623340.00
2013/01/15,6.29,6.35,6.21,6.30,4055975,26674318.00
2013/01/16,6.28,6.36,6.19,6.28,2200845,14437804.00
2013/01/17,6.28,6.42,6.21,6.34,3587070,23803604.00
2013/01/18,6.35,6.45,6.29,6.44,2777776,18525864.00
2013/01/21,6.44,6.50,6.38,6.45,2414311,16240134.00
2013/01/22,6.46,6.60,6.32,6.33,2955892,20020084.00
2013/01/23,6.31,6.38,6.22,6.32,1281751,8447914.00
2013/01/24,6.32,6.40,6.05,6.18,1883458,12317080.00
2013/01/25,6.18,6.23,6.08,6.15,782253,5043374.00
2013/01/28,6.15,6.28,6.14,6.27,1258683,8194722.00
2013/01/29,6.30,6.34,6.25,6.30,1516016,9962176.00
2013/01/30,6.31,6.40,6.26,6.39,2010149,13325081.00
2013/01/31,6.32,6.39,6.28,6.36,1479442,9813854.00
2013/02/01,6.34,6.42,6.33,6.41,1834478,12225408.00
2013/02/04,6.43,6.44,6.36,6.39,1214810,8113029.00
2013/02/05,6.37,6.45,6.32,6.43,1227978,8214156.00
2013/02/06,6.44,6.50,6.38,6.44,1447409,9761191.00
2013/02/07,6.46,6.52,6.40,6.46,1082838,7307114.00
2013/02/08,6.49,6.57,6.46,6.55,1566992,10678274.00
2013/02/18,6.55,6.63,6.51,6.58,1363557,9337622.00
2013/02/19,6.57,6.58,6.43,6.46,1497674,10156623.00
2013/02/20,6.46,6.56,6.45,6.55,1208350,8225045.00
2013/02/21,6.50,6.50,6.26,6.33,1733893,11552196.00
2013/02/22,6.37,6.38,6.29,6.34,1221823,8093629.00
2013/02/25,6.34,6.41,6.32,6.38,991906,6600570.00
2013/02/26,6.34,6.40,6.18,6.19,1185980,7844453.00
2013/02/27,6.23,6.29,6.17,6.21,891098,5794420.00
2013/02/28,6.22,6.38,6.21,6.38,1315040,8678087.00
2013/03/01,6.41,6.42,6.32,6.38,1547764,10301929.00
2013/03/04,6.35,6.35,6.13,6.15,1274471,8302260.00
2013/03/05,6.15,6.24,6.14,6.23,1245410,8069792.00
2013/03/06,6.26,6.38,6.20,6.34,1832902,12105380.00
2013/03/07,6.33,6.39,6.23,6.36,1690742,11214431.00
2013/03/08,6.37,6.40,6.31,6.31,1217776,8089049.00
2013/03/11,6.32,6.33,6.21,6.28,1037199,6791555.00
2013/03/12,6.31,6.34,6.06,6.08,1458747,9472130.00
2013/03/13,5.99,6.12,5.99,6.02,682164,4313181.00
2013/03/14,6.02,6.11,6.02,6.07,666447,4236495.00
2013/03/15,6.08,6.11,5.91,6.00,1206646,7624645.00
2013/03/18,5.99,6.02,5.92,5.97,590412,3699099.00
2013/03/19,5.97,6.01,5.89,5.99,621855,3878767.00
2013/03/20,5.98,6.10,5.95,6.10,1031368,6539981.00
2013/03/21,6.10,6.17,6.09,6.14,897356,5769678.00
2013/03/22,6.17,6.39,6.17,6.32,3949644,26075060.00
2013/03/25,6.29,6.32,6.21,6.22,1426672,9329816.00
2013/03/26,6.25,6.25,6.09,6.18,969382,6242129.00
2013/03/27,6.22,6.28,6.16,6.20,683810,4441835.00
2013/03/28,6.20,6.20,5.99,5.99,845738,5348937.00
2013/03/29,5.98,6.05,5.94,5.96,677910,4251829.00
2013/04/01,5.96,6.04,5.94,6.02,723090,4553295.00
2013/04/02,6.02,6.07,5.84,5.92,715667,4482330.00
2013/04/03,5.92,6.50,5.87,6.05,1531574,9739237.00
2013/04/08,6.01,6.01,5.83,5.93,1003739,6210077.00
2013/04/09,5.95,6.17,5.91,6.09,1192329,7548035.00
2013/04/10,6.15,6.15,5.99,6.04,854758,5430305.00
2013/04/11,6.03,6.07,5.90,5.92,911202,5710197.00
2013/04/12,5.95,5.96,5.85,5.87,804692,4972224.00
2013/04/15,5.83,5.86,5.78,5.83,577252,3530201.00
2013/04/16,5.80,5.95,5.76,5.92,1256207,7762950.00
2013/04/17,5.97,5.97,5.87,5.94,347780,2159129.00
2013/04/18,5.89,6.02,5.89,5.96,572335,3584802.00
2013/04/19,5.97,6.05,5.93,6.02,1021334,6438127.00
2013/04/22,5.95,6.00,5.94,5.99,590847,3695718.00
2013/04/23,5.98,5.98,5.81,5.84,1474082,9085398.00
2013/04/24,5.77,5.89,5.77,5.86,665427,4086493.00
2013/04/25,5.86,5.88,5.79,5.82,1042297,6387958.00
2013/04/26,5.84,5.86,5.73,5.76,888770,5393931.00
2013/05/02,5.74,5.81,5.72,5.74,438174,2647462.00
2013/05/03,5.75,5.81,5.75,5.79,1551420,9426355.00
2013/05/06,5.80,5.83,5.76,5.83,1016955,6194089.00
2013/05/07,5.82,5.82,5.61,5.77,1461942,8799462.00
2013/05/08,5.78,5.79,5.68,5.71,1742736,10487058.00
2013/05/09,5.71,5.75,5.62,5.72,1517520,9077672.00
2013/05/10,5.70,5.73,5.66,5.70,1511073,9042764.00
2013/05/13,5.70,5.75,5.69,5.74,882612,5307874.00
2013/05/14,5.74,5.76,5.69,5.71,830383,4991614.00
2013/05/15,5.68,5.74,5.68,5.73,541858,3256164.00
2013/05/16,5.73,5.78,5.69,5.77,1982485,11967942.00
2013/05/17,5.74,5.80,5.72,5.79,1947419,11816069.00
2013/05/20,5.82,5.89,5.78,5.86,1872573,11471165.00
2013/05/21,5.87,5.92,5.83,5.90,1495234,9231689.00
2013/05/22,5.90,5.93,5.87,5.89,1126237,6961965.00
2013/05/23,5.88,5.91,5.83,5.86,1266500,7801658.00
2013/05/24,5.88,5.94,5.84,5.93,1969653,12194562.00
2013/05/27,6.00,6.05,5.95,6.00,1245294,7670176.00
2013/05/28,6.01,6.16,5.93,6.15,3506337,21929658.00
2013/05/29,6.17,6.20,6.08,6.12,2542268,16059278.00
2013/05/30,6.15,6.23,6.10,6.20,2138583,13555683.00
2013/05/31,6.19,6.22,6.11,6.16,1842910,11663890.00
2013/06/03,6.16,6.16,6.08,6.10,1372563,8624355.00
2013/06/04,6.10,6.14,6.04,6.07,1296678,8095335.00
2013/06/05,6.08,6.11,6.05,6.09,908020,5667922.00
2013/06/06,6.09,6.09,5.91,5.94,1098379,6761551.00
2013/06/07,5.97,5.97,5.82,5.90,791378,4786522.00
2013/06/13,5.82,5.83,5.65,5.70,815118,4798267.00
2013/06/14,5.73,5.76,5.69,5.74,637018,3751105.00
2013/06/17,5.77,5.77,5.64,5.72,658744,3863346.00
2013/06/18,5.71,5.75,5.67,5.73,339906,1996634.00
2013/06/19,5.70,5.70,5.56,5.67,486885,2821218.00
2013/06/20,5.66,5.66,5.52,5.52,536000,3078565.00
2013/06/21,5.44,5.54,5.35,5.52,656619,3691426.00
2013/06/24,5.44,5.51,5.19,5.26,963808,5280524.00
2013/06/25,5.24,5.33,4.95,5.13,920368,4872738.00
2013/06/26,5.03,5.22,5.03,5.18,470790,2493492.00
2013/06/27,5.22,5.26,5.07,5.08,409940,2179275.00
2013/06/28,5.04,5.15,5.03,5.11,436573,2288553.00
2013/07/01,5.09,5.17,5.05,5.17,414796,2197737.00
2013/07/02,5.17,5.21,5.11,5.20,633399,3372590.00
2013/07/03,5.18,5.18,5.08,5.16,395573,2093330.00
2013/07/04,5.12,5.24,5.10,5.22,794665,4256299.00
2013/07/05,5.19,5.28,5.16,5.21,570616,3070183.00
2013/07/08,5.11,5.24,5.01,5.20,1132108,6023931.00
2013/07/09,5.21,5.48,5.18,5.25,1220021,6719923.00
2013/07/10,5.25,5.33,5.14,5.31,1338172,7204278.00
2013/07/11,5.29,5.44,5.26,5.40,1493396,8292046.00
2013/07/12,5.40,5.43,5.29,5.31,1214749,6699486.00
2013/07/15,5.31,5.39,5.29,5.37,710481,3922102.00
2013/07/16,5.32,5.40,5.30,5.38,763711,4220761.00
2013/07/17,5.37,5.38,5.28,5.31,590789,3248059.00
2013/07/18,5.31,5.31,5.19,5.24,607176,3289865.00
2013/07/19,5.22,5.25,5.11,5.16,582640,3130575.00
2013/07/22,5.03,5.21,5.03,5.19,531392,2822050.00
2013/07/23,5.20,5.34,5.17,5.33,1115893,6076380.00
2013/07/24,5.33,5.33,5.20,5.29,861794,4669640.00
2013/07/25,5.25,5.29,5.16,5.20,729223,3925914.00
2013/07/26,5.20,5.20,5.11,5.15,567129,3018696.00
2013/07/29,5.09,5.24,5.05,5.22,1227483,6516507.00
2013/07/30,5.21,5.28,5.12,5.18,1055151,5673237.00
2013/07/31,5.18,5.22,5.14,5.20,826441,4418269.00
2013/08/01,5.18,5.28,5.16,5.26,1023064,5524705.00
2013/08/02,5.25,5.38,5.23,5.37,2024577,11103842.00
2013/08/05,5.36,5.46,5.33,5.42,1840233,10276609.00
2013/08/06,5.65,5.85,5.56,5.59,7186537,42028228.00
2013/08/07,5.50,5.60,5.43,5.54,3177434,17947664.00
2013/08/08,5.50,5.58,5.44,5.51,1297826,7364234.00
2013/08/09,5.54,5.56,5.45,5.50,1137471,6447154.00
2013/08/12,5.52,5.56,5.47,5.55,1295166,7369667.00
2013/08/13,5.56,5.57,5.51,5.56,1096965,6261613.00
2013/08/14,5.56,5.59,5.50,5.54,882350,5042182.00
2013/08/15,5.53,5.55,5.46,5.46,983800,5582919.00
2013/08/16,5.43,5.55,5.38,5.39,908668,5104768.00
2013/08/19,5.36,5.44,5.36,5.42,647399,3609310.00
2013/08/20,5.43,5.45,5.32,5.39,1273167,7075872.00
2013/08/21,5.39,5.46,5.32,5.42,988141,5466098.00
2013/08/22,5.36,5.37,5.25,5.28,2079840,11390337.00
2013/08/23,5.31,5.33,5.17,5.24,1174221,6367095.00
2013/08/26,5.25,5.34,5.24,5.34,1230054,6720702.00
2013/08/27,5.35,5.41,5.31,5.39,1249324,6923015.00
2013/08/28,5.38,5.41,5.31,5.35,1305287,7208689.00
2013/08/29,5.36,5.42,5.31,5.37,1124730,6207103.00
2013/08/30,5.39,5.40,5.32,5.38,1722811,9542024.00
2013/09/02,5.37,5.46,5.29,5.42,1165881,6463667.00
2013/09/03,5.44,5.56,5.42,5.55,3063340,17448924.00
2013/09/04,5.55,5.55,5.43,5.52,1852135,10479539.00
2013/09/05,5.51,5.59,5.44,5.51,2091825,11907496.00
2013/09/06,5.48,5.57,5.48,5.53,1329461,7561927.00
2013/09/09,5.57,5.57,5.50,5.56,1701445,9725027.00
2013/09/10,5.55,5.62,5.54,5.61,2478437,14219718.00
2013/09/11,5.62,5.68,5.55,5.59,1939069,11206532.00
2013/09/12,5.60,5.67,5.55,5.63,1622883,9373402.00
2013/09/13,5.60,5.63,5.52,5.54,1638871,9391823.00
2013/09/16,5.55,5.63,5.50,5.62,1737720,9977522.00
2013/09/17,5.62,5.62,5.33,5.52,1089676,6212235.00
2013/09/18,5.52,5.57,5.49,5.53,586748,3342865.00
2013/09/23,5.53,5.60,5.51,5.58,760795,4363362.00
2013/09/24,5.59,5.69,5.57,5.67,2581752,14979680.00
2013/09/25,5.66,5.97,5.61,5.85,9319773,56047152.00
2013/09/26,5.85,5.88,5.71,5.73,2257702,13432702.00
2013/09/27,5.69,5.96,5.69,5.93,6927179,41683628.00
2013/09/30,5.91,6.01,5.84,5.96,5812992,35384288.00
2013/10/08,5.96,6.05,5.84,5.99,5077311,31093664.00
2013/10/09,5.97,5.97,5.82,5.90,3704975,22422396.00
2013/10/10,5.90,5.91,5.72,5.75,2739608,16388458.00
2013/10/11,5.76,5.91,5.73,5.84,3105976,18623942.00
2013/10/14,5.83,5.98,5.75,5.94,3993793,24261410.00
2013/10/15,5.89,5.93,5.79,5.82,2871129,17255770.00
2013/10/16,5.81,5.82,5.64,5.64,2071810,12164279.00
2013/10/17,5.67,5.78,5.65,5.68,1770183,10417379.00
2013/10/18,5.69,5.76,5.66,5.71,1107360,6499072.00
2013/10/21,5.70,5.77,5.64,5.76,3453217,20262520.00
2013/10/22,5.69,5.80,5.69,5.79,2354062,13946124.00
2013/10/23,5.79,5.80,5.64,5.65,1151800,6768826.00
2013/10/24,5.65,5.81,5.58,5.59,4182615,24409374.00
2013/10/25,5.59,5.66,5.46,5.50,944551,5394306.00
2013/10/28,5.54,5.58,5.48,5.53,518334,2958638.00
2013/10/29,5.53,5.56,5.23,5.33,1486851,8241705.00
2013/10/30,5.25,5.35,5.21,5.33,2788584,15167585.00
2013/10/31,5.31,5.34,5.26,5.31,1400677,7657463.00
2013/11/01,5.31,5.38,5.27,5.35,1063751,5859072.00
2013/11/04,5.35,5.39,5.31,5.35,952419,5259550.00
2013/11/05,5.33,5.39,5.30,5.39,1096446,6050193.00
2013/11/06,5.38,5.42,5.34,5.37,905010,5010364.00
2013/11/07,5.36,5.37,5.29,5.29,934340,5138774.00
2013/11/08,5.29,5.31,5.21,5.21,670310,3629025.00
2013/11/11,5.23,5.32,5.16,5.28,633242,3419739.00
2013/11/12,5.28,5.39,5.28,5.37,743010,4094792.00
2013/11/13,5.37,5.37,5.28,5.33,604000,3310903.00
2013/11/14,5.36,5.40,5.27,5.37,968997,5328836.00
2013/11/15,5.38,5.47,5.33,5.41,1494558,8352027.00
2013/11/18,5.48,5.48,5.37,5.45,1593117,8933339.00
2013/11/19,5.47,5.52,5.44,5.51,1468403,8295279.00
2013/11/20,5.51,5.58,5.46,5.56,1139027,6471632.00
2013/11/21,5.54,5.55,5.47,5.53,1113700,6328725.00
2013/11/22,5.53,5.57,5.47,5.52,724565,4112235.00
2013/11/25,5.52,5.54,5.46,5.51,949388,5390010.00
2013/11/26,5.50,5.54,5.47,5.52,766840,4350368.00
2013/11/27,5.52,5.57,5.49,5.57,1288988,7361491.00
2013/11/28,5.58,5.64,5.55,5.58,1557799,8994095.00
2013/11/29,5.56,5.60,5.54,5.58,937051,5377116.00
2013/12/02,5.50,5.53,5.25,5.33,1740940,9715565.00
2013/12/03,5.34,5.47,5.33,5.44,882157,4925855.00
2013/12/04,5.45,5.52,5.41,5.48,1350626,7645797.00
2013/12/05,5.50,5.54,5.46,5.51,789740,4485563.00
2013/12/06,5.52,5.54,5.45,5.51,1178900,6688524.00
2013/12/09,5.51,5.55,5.51,5.53,677912,3858994.00
2013/12/10,5.55,5.60,5.51,5.59,951654,5445514.00
2013/12/11,5.57,5.61,5.47,5.57,1102763,6291701.00
2013/12/12,5.56,5.56,5.50,5.54,686736,3922183.00
2013/12/13,5.55,5.62,5.51,5.60,1190193,6841753.00
2013/12/16,5.60,5.62,5.51,5.55,1065834,6098874.00
2013/12/17,5.51,5.57,5.46,5.47,782635,4452270.00
2013/12/18,5.46,5.51,5.45,5.49,376682,2127764.00
2013/12/19,5.49,5.54,5.45,5.53,814261,4606442.00
2013/12/20,5.50,5.53,5.38,5.48,916526,5139221.00
2013/12/23,5.43,5.47,5.34,5.39,677885,3772672.00
2013/12/24,5.48,5.48,5.38,5.43,574697,3206478.00
2013/12/25,5.43,5.49,5.37,5.47,737086,4118595.00
2013/12/26,5.47,5.47,5.35,5.38,776900,4319074.00
2013/12/27,5.38,5.48,5.33,5.46,1139168,6335245.00
2013/12/30,5.44,5.46,5.40,5.44,876390,4904420.00
2013/12/31,5.42,5.48,5.38,5.47,895030,5020684.00
2014/01/02,5.46,5.47,5.39,5.46,999306,5588069.00
2014/01/03,5.43,5.48,5.40,5.42,1142538,6419388.00
2014/01/06,5.41,5.41,5.24,5.30,900028,4918943.00
2014/01/07,5.29,5.30,5.17,5.27,1153786,6227988.00
2014/01/08,5.25,5.27,5.21,5.24,559448,3028406.00
2014/01/09,5.24,5.28,5.14,5.25,1188530,6423574.00
2014/01/10,5.20,5.20,5.10,5.18,796910,4241585.00
2014/01/13,5.16,5.17,5.09,5.14,392424,2081059.00
2014/01/14,5.16,5.19,5.09,5.18,523962,2789278.00
2014/01/15,5.15,5.21,5.13,5.18,346384,1846843.00
2014/01/16,5.16,5.22,5.13,5.18,556752,2983161.00
2014/01/17,5.18,5.18,5.10,5.16,363031,1925679.00
2014/01/20,5.11,5.17,5.08,5.12,430602,2275187.00
2014/01/21,5.13,5.21,5.11,5.17,470031,2511975.00
2014/01/22,5.18,5.31,5.18,5.29,904087,4903196.00
2014/01/23,5.28,5.29,5.24,5.27,585115,3178515.00
2014/01/24,5.25,5.31,5.25,5.30,450730,2463648.00
2014/01/27,5.28,5.34,5.24,5.31,813436,4446159.00
2014/01/28,5.31,5.32,5.24,5.26,604915,3293317.00
2014/01/29,5.26,5.31,5.25,5.27,470536,2558273.00
2014/01/30,5.25,5.31,5.25,5.30,337289,1841054.00
2014/02/07,5.20,5.36,5.20,5.34,518415,2830160.00
2014/02/10,5.32,5.45,5.32,5.42,1345799,7475836.00
2014/02/11,5.42,5.44,5.38,5.42,1142376,6373626.00
2014/02/12,5.41,5.50,5.38,5.50,1470374,8225200.00
2014/02/13,5.47,5.55,5.41,5.43,1280583,7255373.00
2014/02/14,5.42,5.54,5.42,5.53,910320,5156237.00
2014/02/17,5.55,5.58,5.52,5.55,1596138,9138242.00
2014/02/18,5.57,5.59,5.49,5.55,1387393,7928785.00
2014/02/19,5.53,5.59,5.51,5.56,984848,5636879.00
2014/02/20,5.55,5.59,5.50,5.52,1194028,6822516.00
2014/02/21,5.50,5.54,5.41,5.44,785715,4441200.00
2014/02/24,5.43,5.47,5.38,5.42,918585,5121439.00
2014/02/25,5.43,5.44,5.23,5.23,948933,5236336.00
2014/02/26,5.18,5.30,5.18,5.29,604376,3269100.00
2014/02/27,5.27,5.41,5.23,5.38,720263,3952468.00
2014/02/28,5.33,5.51,5.31,5.48,1070706,5970013.00
2014/03/03,5.48,5.59,5.40,5.58,3136096,17782006.00
2014/03/04,5.58,5.79,5.48,5.78,4260489,24837276.00
2014/03/05,5.88,5.88,5.69,5.78,2868986,17015090.00
2014/03/06,5.73,5.88,5.64,5.88,3322121,19839172.00
2014/03/07,5.88,6.49,5.86,6.49,13908395,88868520.00
2014/03/10,6.46,6.55,5.82,5.86,17911455,111973080.00
2014/03/11,5.83,5.86,5.53,5.59,11041691,64380892.00
2014/03/12,5.59,5.69,5.49,5.68,5266147,30416904.00
2014/03/13,5.63,5.71,5.57,5.61,3125594,18090924.00
2014/03/14,5.62,5.65,5.44,5.53,3103613,17663764.00
2014/03/17,5.50,5.59,5.48,5.58,2043640,11671138.00
2014/03/18,5.58,5.63,5.55,5.60,2160350,12425205.00
2014/03/19,5.58,5.70,5.56,5.65,2780844,16165132.00
2014/03/20,5.67,5.69,5.41,5.43,2806423,16127729.00
2014/03/21,5.47,5.61,5.46,5.59,2734987,15615868.00
2014/03/24,5.54,5.69,5.54,5.66,2391015,13896924.00
2014/03/25,5.62,5.68,5.62,5.67,1917087,11156342.00
2014/03/26,5.67,5.67,5.58,5.64,1209800,7015331.00
2014/03/27,5.65,5.70,5.58,5.58,1729399,10064867.00
2014/03/28,5.55,5.64,5.50,5.55,1432093,8193456.00
2014/03/31,5.55,5.55,5.44,5.47,1250499,7083220.00
2014/04/01,5.47,5.54,5.45,5.51,1518543,8589816.00
2014/04/02,5.51,5.55,5.49,5.51,1664561,9479262.00
2014/04/03,5.50,5.56,5.49,5.51,1062798,6045174.00
2014/04/04,5.49,5.54,5.48,5.53,1223519,6959566.00
2014/04/08,5.53,5.63,5.50,5.61,2308556,13271714.00
2014/04/09,5.63,5.66,5.59,5.63,1803826,10447132.00
2014/04/10,5.63,5.69,5.60,5.64,2234450,12981564.00
2014/04/11,5.63,5.65,5.59,5.62,1037445,6003442.00
2014/04/14,5.61,5.68,5.60,5.67,1270282,7388138.00
2014/04/15,5.68,5.72,5.60,5.63,1015878,5907530.00
2014/04/16,5.63,5.64,5.57,5.61,1448320,8359837.00
2014/04/17,5.59,5.66,5.59,5.64,888270,5156514.00
2014/04/18,5.63,5.71,5.62,5.70,1535429,8980453.00
2014/04/21,5.70,5.79,5.62,5.62,2485217,14612616.00
2014/04/22,5.61,5.65,5.56,5.60,1197136,6909716.00
2014/04/23,5.63,5.77,5.62,5.71,2132580,12524468.00
2014/04/24,5.69,5.86,5.67,5.78,4234271,25209536.00
2014/04/25,5.77,5.83,5.59,5.61,2371702,13960721.00
2014/04/28,5.56,5.56,5.26,5.27,2593368,14334900.00
2014/04/29,5.28,5.36,5.22,5.33,883602,4821368.00
2014/04/30,5.34,5.42,5.33,5.41,887365,4928310.00
2014/05/05,5.39,5.54,5.37,5.48,1363664,7706777.00
2014/05/06,5.46,5.55,5.45,5.49,1109962,6293639.00
2014/05/07,5.46,5.53,5.42,5.43,983650,5553942.00
2014/05/08,5.47,5.50,5.41,5.45,1105191,6230641.00
2014/05/09,5.45,5.48,5.33,5.38,693713,3859477.00
2014/05/12,5.42,5.49,5.38,5.49,1126307,6330717.00
2014/05/13,5.49,5.52,5.47,5.49,887246,5032712.00
2014/05/14,5.48,5.60,5.48,5.54,1028727,5888388.00
2014/05/15,5.55,5.57,5.46,5.46,566900,3217061.00
2014/05/16,5.43,5.52,5.41,5.50,438750,2475143.00
2014/05/19,5.48,5.62,5.46,5.57,787963,4488533.00
2014/05/20,5.58,5.61,5.54,5.55,1199717,6875799.00
2014/05/21,5.55,5.67,5.55,5.62,933665,5387699.00
2014/05/22,5.63,5.67,5.53,5.53,908151,5232463.00
2014/05/23,5.58,5.58,5.49,5.54,498048,2839946.00
2014/05/26,5.56,5.64,5.53,5.63,785925,4536427.00
2014/05/27,5.63,5.66,5.59,5.62,516179,2992786.00
2014/05/28,5.62,5.81,5.58,5.72,918394,5340942.00
2014/05/29,5.69,5.72,5.60,5.69,941763,5488277.00
2014/05/30,5.66,5.99,5.61,5.82,2088862,12370018.00
2014/06/03,5.82,6.03,5.72,5.76,3770584,22613984.00
2014/06/04,5.72,5.76,5.62,5.64,1378768,8040296.00
2014/06/05,5.63,5.69,5.61,5.67,948132,5514331.00
2014/06/06,5.66,5.69,5.60,5.65,799445,4644582.00
2014/06/09,5.64,5.64,5.56,5.59,783172,4524656.00
2014/06/10,5.58,5.66,5.55,5.65,690446,3987033.00
2014/06/11,5.60,5.69,5.60,5.67,712177,4148604.00
2014/06/12,5.68,5.69,5.62,5.65,955544,5568485.00
2014/06/13,5.64,5.73,5.63,5.71,1561892,9166889.00
2014/06/16,5.73,5.78,5.70,5.74,990742,5838392.00
2014/06/17,5.72,5.75,5.66,5.69,808208,4748270.00
2014/06/18,5.69,5.71,5.60,5.64,940518,5470267.00
2014/06/19,5.64,5.67,5.50,5.53,1015450,5847132.00
2014/06/20,5.56,5.59,5.51,5.56,575661,3289680.00
2014/06/23,5.54,5.71,5.54,5.70,1143668,6645889.00
2014/06/24,5.70,5.75,5.66,5.72,1209532,7094433.00
2014/06/25,5.73,5.78,5.68,5.76,1615084,9553344.00
2014/06/26,5.75,5.89,5.72,5.86,2948888,17651880.00
2014/06/27,5.99,6.10,5.87,5.91,6495265,39855036.00
2014/06/30,5.91,5.98,5.85,5.92,2727370,16537595.00
2014/07/01,5.89,5.97,5.80,5.93,1932097,11713095.00
2014/07/02,5.93,6.07,5.87,5.97,2341421,14386447.00
2014/07/03,5.96,5.98,5.88,5.89,1997525,12169521.00
2014/07/04,5.90,5.93,5.88,5.91,1196338,7263542.00
2014/07/07,5.91,5.92,5.85,5.89,1395627,8443093.00
2014/07/08,5.89,5.99,5.87,5.98,2094772,12830064.00
2014/07/09,5.97,6.00,5.85,5.85,1432350,8732093.00
2014/07/10,5.86,5.90,5.84,5.86,1058053,6385363.00
2014/07/11,5.85,6.04,5.85,5.97,1929844,11859077.00
2014/07/14,5.99,6.08,5.95,6.07,2110442,13076398.00
2014/07/15,6.05,6.10,5.99,6.07,1176868,7309900.00
2014/07/16,6.04,6.12,6.03,6.08,1521510,9510263.00
2014/07/17,6.07,6.08,5.85,5.97,1544525,9498195.00
2014/07/18,5.97,6.02,5.95,5.97,1285734,7796564.00
2014/07/21,5.98,6.02,5.95,6.00,1169527,7094282.00
2014/07/22,5.98,6.06,5.98,6.04,1574880,9615238.00
2014/07/23,6.02,6.06,5.96,5.97,2205198,13421357.00
2014/07/24,5.99,6.12,5.97,6.09,2417888,14795531.00
2014/07/25,6.09,6.30,6.06,6.25,4911291,30908548.00
2014/07/28,6.26,6.38,6.24,6.35,3725580,23818864.00
2014/07/29,6.36,6.36,6.16,6.23,6123798,38689232.00
2014/07/30,6.23,6.24,6.18,6.21,2293780,14426649.00
2014/07/31,6.22,6.28,6.20,6.24,1885378,11905557.00
2014/08/01,6.24,6.29,6.16,6.18,2431386,15360042.00
2014/08/04,6.19,6.30,6.15,6.29,2381624,15059290.00
2014/08/05,6.29,6.37,6.25,6.34,2274732,14551801.00
2014/08/06,6.34,6.37,6.28,6.34,1918936,12304987.00
2014/08/07,6.34,6.37,6.21,6.22,2299747,14634717.00
2014/08/08,6.22,6.28,6.20,6.25,1944690,12281446.00
2014/08/11,6.26,6.36,6.25,6.35,2044335,13105149.00
2014/08/12,6.35,6.39,6.32,6.37,1458050,9391227.00
2014/08/13,6.37,6.37,6.29,6.35,1550650,9939781.00
2014/08/14,6.36,6.48,6.32,6.39,3168817,20556996.00
2014/08/15,6.39,6.48,6.35,6.47,2124935,13830962.00
2014/08/18,6.47,6.59,6.47,6.58,2611911,17332432.00
2014/08/19,6.58,6.67,6.51,6.66,3308119,22120452.00
2014/08/20,6.57,6.69,6.55,6.61,3074178,20595316.00
2014/08/21,6.62,6.64,6.51,6.55,2908490,19336836.00
2014/08/22,6.55,6.64,6.51,6.63,2087069,13889253.00
2014/08/25,6.62,6.75,6.62,6.71,2716058,18396728.00
2014/08/26,6.71,6.73,6.46,6.50,2385286,15941367.00
2014/08/27,6.51,6.62,6.47,6.59,1668035,11101539.00
2014/08/28,6.60,6.73,6.50,6.52,2503980,16764038.00
2014/08/29,6.52,6.71,6.48,6.70,2479761,16598502.00
2014/09/01,6.67,6.92,6.66,6.91,4738791,32763576.00
2014/09/02,7.12,7.28,6.89,6.94,6873046,48817564.00
2014/09/03,6.97,7.00,6.89,6.92,3177504,22280158.00
2014/09/04,6.92,7.06,6.92,7.02,3497834,24746490.00
2014/09/05,7.03,7.07,6.98,7.01,2926089,20776276.00
2014/09/09,7.02,7.10,6.97,7.09,3056949,21765986.00
2014/09/10,7.06,7.32,7.02,7.29,5034357,36742404.00
2014/09/11,7.32,7.35,7.09,7.17,5619365,41127360.00
2014/09/12,7.12,7.31,7.12,7.30,3131935,22928396.00
2014/09/15,7.29,7.44,7.28,7.43,3102576,23120830.00
2014/09/16,7.45,7.49,7.14,7.16,4715910,35100592.00
2014/09/17,7.20,7.30,7.11,7.29,2645900,19262834.00
2014/09/18,7.28,7.38,7.22,7.33,2157257,15963712.00
2014/09/19,7.32,7.38,7.26,7.37,2586830,19169416.00
2014/09/22,7.37,7.39,7.14,7.22,2429972,17855394.00
2014/09/23,7.22,7.56,7.18,7.48,4088965,30444106.00
2014/09/24,7.48,7.69,7.38,7.67,4174678,32035148.00
2014/09/25,7.72,8.21,7.70,8.09,11131577,90149176.00
2014/09/26,8.16,8.16,7.63,7.77,12852578,101112784.00
2014/09/29,7.72,7.97,7.67,7.94,7401379,58616288.00
2014/09/30,7.92,8.01,7.85,7.91,3872900,30964122.00
2014/10/08,7.92,8.05,7.85,7.98,5325851,42724184.00
2014/10/09,8.00,8.12,7.86,8.00,4861825,39264148.00
2014/10/10,7.96,8.03,7.86,7.98,3902816,31323686.00
2014/10/13,7.97,7.97,7.78,7.92,3280307,26124240.00
2014/10/14,7.91,8.12,7.91,7.97,3570760,28890006.00
2014/10/15,7.93,8.05,7.87,7.94,2653177,21282232.00
2014/10/16,7.93,8.15,7.82,8.01,6339201,51517560.00
2014/10/17,7.99,8.25,7.88,8.18,8821756,72171984.00
2014/10/20,8.18,8.23,8.03,8.16,2827491,23137256.00
2014/10/21,8.12,8.28,8.07,8.17,4199196,34825088.00
2014/10/22,8.12,8.15,7.74,7.75,5316825,42535952.00
2014/10/23,7.73,7.86,7.44,7.49,4457648,34427168.00
2014/10/24,7.47,7.75,7.45,7.55,2267542,17335664.00
2014/10/27,7.54,7.56,7.45,7.54,1544337,11723115.00
2014/10/28,7.51,7.82,7.51,7.77,2464826,19176596.00
2014/10/29,7.78,7.93,7.74,7.89,3314822,26279208.00
2014/10/30,7.97,8.00,7.85,7.92,2490706,19943108.00
2014/10/31,7.91,7.98,7.78,7.84,2976636,23630904.00
2014/11/03,7.85,8.07,7.81,8.04,4685310,37667040.00
2014/11/04,8.02,8.05,7.90,7.94,3867082,31069316.00
2014/11/05,7.93,8.04,7.90,7.96,2294965,18484740.00
2014/11/06,7.93,8.17,7.93,7.97,6594626,53557616.00
2014/11/07,7.97,8.11,7.90,7.95,2944550,23796556.00
2014/11/10,7.95,7.97,7.89,7.95,3492893,27967172.00
2014/11/11,7.95,7.99,7.57,7.66,4539459,35425256.00
2014/11/12,7.70,7.84,7.65,7.79,2436759,19067598.00
2014/11/13,7.79,7.86,7.62,7.64,3118656,24264406.00
2014/11/14,7.62,7.72,7.62,7.67,2029294,15717567.00
2014/11/17,7.71,7.76,7.65,7.72,1146125,8937715.00
2014/11/18,7.72,7.87,7.71,7.77,2429178,19053150.00
2014/11/19,7.76,7.81,7.68,7.75,2034740,15925762.00
2014/11/20,7.75,7.82,7.67,7.79,2405588,18857940.00
2014/11/21,7.76,7.84,7.62,7.78,2310871,18136030.00
2014/11/24,7.79,8.03,7.79,8.01,5933677,47669080.00
2014/11/25,8.00,8.05,7.94,8.05,2562565,20730420.00
2014/11/26,8.03,8.28,7.96,8.19,4986222,41151000.00
2014/11/27,8.19,8.26,8.12,8.19,4221620,34856260.00
2014/11/28,8.16,8.21,7.98,8.02,5387794,43890740.00
2014/12/01,8.08,8.28,8.02,8.05,6872570,56728220.00
2014/12/02,8.06,8.21,8.01,8.10,3786526,31082302.00
2014/12/03,8.10,8.21,8.08,8.16,4202425,34554592.00
2014/12/04,8.15,8.38,8.10,8.23,5394334,44812868.00
2014/12/05,8.22,8.27,7.88,7.95,6259047,50838840.00
2014/12/08,7.96,8.04,7.81,7.87,5388165,42938264.00
2014/12/09,7.82,7.87,7.59,7.59,6626379,51382548.00
2014/12/10,7.60,7.79,7.46,7.76,3321332,25582678.00
2014/12/11,7.72,7.89,7.67,7.88,3127979,24586456.00
2014/12/12,7.88,7.97,7.82,7.96,3136926,25071784.00
2014/12/15,7.94,8.14,7.88,8.13,3270134,26558860.00
2014/12/16,8.11,8.35,8.10,8.31,6784503,56749560.00
2014/12/17,8.26,8.33,8.13,8.20,5459284,45301784.00
2014/12/18,8.22,8.22,8.10,8.19,2632734,21671632.00
2014/12/19,8.19,8.21,7.94,7.96,3293457,26648044.00
2014/12/22,7.96,7.96,7.57,7.67,5013565,38929412.00
2014/12/23,7.67,7.76,7.57,7.62,2172915,16829908.00
2014/12/24,7.65,7.75,7.62,7.70,1626195,12620306.00
2014/12/25,7.70,7.98,7.70,7.97,2423333,19314580.00
2014/12/26,7.97,8.05,7.85,8.04,1952595,15685410.00
2014/12/29,8.09,8.10,7.84,7.96,2100634,16818538.00
2014/12/30,7.92,8.02,7.78,7.81,1875833,14960164.00
2014/12/31,7.90,7.91,7.76,7.90,1487734,11768456.00
2015/01/05,7.80,8.04,7.80,8.02,2444484,19604602.00
2015/01/06,8.01,8.03,7.86,8.00,2613562,20995120.00
2015/01/07,7.97,8.16,7.96,8.05,2926503,23809492.00
2015/01/08,8.05,8.19,7.96,8.09,3351525,27263552.00
2015/01/09,8.12,8.14,7.96,7.96,2629936,21344648.00
2015/01/12,7.94,7.94,7.77,7.80,1950934,15442671.00
2015/01/13,7.80,7.89,7.77,7.86,963964,7602000.00
2015/01/14,7.87,7.88,7.65,7.71,1686712,13218439.00
2015/01/15,7.72,7.83,7.72,7.79,1087640,8552394.00
2015/01/16,7.79,7.85,7.73,7.79,2090910,16444458.00
2015/01/19,7.80,7.85,7.57,7.59,2255561,17582666.00
2015/01/20,7.62,7.88,7.62,7.87,2548909,20107860.00
2015/01/21,7.88,8.16,7.82,8.10,4156178,33851736.00
2015/01/22,8.06,8.18,8.06,8.17,2582750,21175462.00
2015/01/23,8.19,8.29,8.14,8.23,4529358,37591116.00
2015/01/26,8.26,8.82,8.25,8.66,12164952,105656216.00
2015/01/27,8.62,8.63,8.41,8.62,5198984,44798140.00
2015/01/28,8.57,8.67,8.43,8.56,3997794,34441328.00
2015/01/29,8.51,8.73,8.40,8.70,5615163,48566524.00
2015/01/30,8.67,8.76,8.45,8.46,2916586,25301708.00
2015/02/02,8.33,8.49,8.29,8.37,2213984,18758096.00
2015/02/03,8.37,8.54,8.36,8.46,2605509,22221800.00
2015/02/04,8.47,8.47,8.30,8.33,2413472,20445036.00
2015/02/05,8.37,8.42,8.09,8.13,3567207,29493162.00
2015/02/06,8.10,8.20,8.01,8.04,1889184,15445677.00
2015/02/09,8.04,8.18,8.02,8.03,1297101,10601907.00
2015/02/10,8.02,8.13,7.98,8.10,1365947,11126700.00
2015/02/11,8.10,8.17,8.07,8.14,1141969,9368773.00
2015/02/12,8.14,8.25,8.14,8.21,1471287,12179997.00
2015/02/13,8.22,8.43,8.22,8.35,2279927,19249080.00
2015/02/16,8.35,8.47,8.35,8.40,1473428,12509029.00
2015/02/17,8.40,8.41,8.30,8.36,1436417,12107072.00
2015/02/25,8.37,8.44,8.33,8.39,1490895,12613867.00
2015/02/26,8.39,8.54,8.37,8.52,1907744,16362664.00
2015/02/27,8.51,8.66,8.45,8.60,2793522,24213556.00
2015/03/02,8.60,8.88,8.60,8.81,3744932,33113880.00
2015/03/03,8.85,8.85,8.62,8.65,2715461,23993406.00
2015/03/04,8.61,8.86,8.58,8.79,2123773,18774056.00
2015/03/05,8.78,8.85,8.65,8.84,2832210,25056646.00
2015/03/06,8.84,9.07,8.77,8.79,2971839,26698008.00
2015/03/09,8.79,8.99,8.60,8.96,3039247,27019184.00
2015/03/10,8.90,9.07,8.88,8.96,2135793,19401576.00
2015/03/11,9.02,9.03,8.79,8.87,2457920,22189084.00
2015/03/12,8.83,8.90,8.67,8.80,2329705,20591996.00
2015/03/13,8.82,9.02,8.78,8.99,2109262,18992316.00
2015/03/16,9.01,9.20,8.98,9.13,3427230,31488668.00
2015/03/17,9.14,9.35,9.13,9.26,3584104,33455516.00
2015/03/18,9.27,9.44,9.24,9.36,3364964,31636426.00
2015/03/19,9.32,9.70,9.25,9.68,5680835,54506048.00
2015/03/20,9.70,9.88,9.47,9.67,3237530,31599554.00
2015/03/23,9.61,10.10,9.60,9.93,4869130,48455928.00
2015/03/24,9.92,10.08,9.52,9.82,4467210,44215864.00
2015/03/25,9.82,9.84,9.61,9.76,3818581,37345332.00
2015/03/26,9.72,9.89,9.62,9.84,3076233,30288232.00
2015/03/27,9.82,10.12,9.75,10.00,5071964,50820224.00
2015/03/30,10.00,10.19,9.92,10.07,5366830,54481848.00
2015/03/31,10.08,10.18,9.82,9.99,4555728,46063640.00
2015/04/01,9.96,10.15,9.95,10.11,4838540,49190096.00
2015/04/02,10.11,10.26,9.97,10.24,8556742,87377040.00
2015/04/03,10.19,10.78,10.13,10.74,9280070,97456992.00
2015/04/07,10.67,11.27,10.67,11.20,11926083,133320760.00
2015/04/08,11.20,11.53,10.76,11.29,13097050,147285904.00
2015/04/09,11.17,11.30,10.63,10.93,6176652,67899672.00
2015/04/10,10.93,11.81,10.87,11.75,10084533,115843384.00
2015/04/13,11.70,12.22,11.56,12.03,9527652,113893576.00
2015/04/14,12.00,12.29,11.67,11.89,6974215,83531768.00
2015/04/15,11.78,11.78,11.10,11.24,7449699,85692640.00
2015/04/16,11.14,11.46,10.83,11.22,4867714,54933424.00
2015/04/17,11.26,11.49,11.08,11.10,7173110,81078736.00
2015/04/20,11.00,11.01,10.65,10.67,7736088,84518152.00
2015/04/21,10.63,10.97,10.58,10.93,5888778,64124144.00
2015/04/22,10.98,11.42,10.98,11.32,7418949,83837880.00
2015/04/23,11.30,11.80,11.23,11.62,8187954,95373168.00
2015/04/24,11.42,11.59,11.28,11.44,6246557,71773096.00
2015/04/27,11.45,11.76,11.39,11.48,5893253,68391288.00
2015/04/28,11.48,11.52,10.93,11.12,6156558,69231520.00
2015/04/29,11.11,11.42,10.93,11.41,5219360,59018408.00
2015/04/30,11.35,11.44,11.23,11.27,6144628,69976480.00
2015/05/04,11.24,11.60,11.15,11.43,9343961,107884464.00
2015/05/05,11.39,11.85,11.18,11.40,12617945,145522960.00
2015/05/06,11.34,11.87,11.27,11.53,10587361,123462080.00
2015/05/07,11.43,12.08,11.34,11.90,13046728,154830272.00
2015/05/08,11.91,12.36,11.57,12.30,15992583,193535984.00
2015/05/11,12.42,12.69,12.02,12.66,15294101,190313792.00
2015/05/12,12.67,12.74,12.12,12.51,14791267,185421888.00
2015/05/13,12.50,12.51,12.11,12.25,9378101,116197512.00
2015/05/14,12.27,12.57,12.22,12.31,7300968,91120472.00
2015/05/15,12.29,12.30,11.69,11.85,8100847,97117008.00
2015/05/18,11.71,12.20,11.62,12.09,5753129,69528016.00
2015/05/19,12.09,12.69,11.99,12.48,7429890,92679576.00
2015/05/20,12.52,12.93,12.22,12.49,7893126,100712520.00
2015/05/21,12.50,13.12,12.46,13.10,7674244,98671184.00
2015/05/22,13.27,13.90,12.91,13.50,11272417,151025968.00
2015/05/25,13.49,14.12,13.34,13.93,9866442,137260848.00
2015/05/26,13.98,14.14,13.57,14.10,9641788,135226576.00
2015/05/27,14.11,15.07,13.74,14.79,10670871,152886816.00
2015/05/28,14.67,14.99,13.30,13.31,10845750,156280016.00
2015/05/29,13.27,13.62,12.45,13.18,10620522,141075232.00
2015/06/01,13.19,14.11,13.12,14.03,8215674,113032488.00
2015/06/02,13.92,14.94,13.77,14.93,10871450,157787104.00
2015/06/03,14.82,15.51,14.17,15.38,9792662,147412896.00
2015/06/04,16.01,16.01,14.38,15.32,11951546,184117072.00
2015/06/05,15.33,15.89,15.00,15.85,12049002,186822800.00
2015/06/08,15.65,15.97,15.28,15.69,12772491,200493984.00
2015/06/09,15.69,16.89,15.69,16.55,22093010,362284480.00
2015/06/10,16.08,16.40,15.72,16.02,12196032,196637984.00
2015/06/11,15.90,16.20,15.72,16.11,8624672,138264112.00
2015/06/12,16.11,16.89,15.97,16.55,11344892,187597712.00
2015/06/15,16.51,16.61,15.92,16.22,8804479,144628320.00
2015/06/16,16.18,16.21,15.19,15.41,8072954,127634400.00
2015/06/17,15.37,15.71,14.54,15.55,7670876,116878624.00
2015/06/18,15.52,15.94,15.10,15.14,5282973,82827056.00
2015/06/19,14.92,14.92,13.62,13.62,8391754,119546000.00
2015/06/23,13.59,13.84,12.54,13.50,7668484,102425344.00
2015/06/24,13.67,13.94,13.32,13.77,7248388,99508848.00
2015/06/25,13.65,13.82,13.03,13.21,6366858,86877704.00
2015/06/26,12.93,12.93,11.88,11.88,10504309,128537680.00
2015/06/29,12.14,12.19,10.68,10.68,13211758,146882704.00
2015/06/30,10.68,11.24,9.60,11.20,16074342,167751824.00
2015/07/01,10.92,11.29,10.07,10.07,12583598,138856096.00
2015/07/02,9.88,10.14,9.06,9.06,13076247,124501520.00
2015/07/03,8.72,9.38,8.18,8.70,10878174,94798128.00
2015/10/20,9.57,9.57,9.57,9.57,1813900,17359024.00
2015/10/21,10.53,10.53,10.48,10.53,40035557,421544544.00
2015/10/22,10.53,11.04,10.02,10.99,48375937,508783456.00
2015/10/23,10.70,11.09,10.40,10.69,35640545,381211232.00
2015/10/26,10.70,11.08,10.50,10.90,27344209,293833856.00
2015/10/27,10.63,10.70,10.11,10.50,21060474,218991248.00
2015/10/28,10.45,10.48,10.10,10.16,13948701,143468448.00
2015/10/29,10.20,10.35,10.00,10.21,11777676,120216160.00
2015/10/30,10.15,10.21,9.92,9.99,9518617,95491632.00
2015/11/02,9.86,10.08,9.69,9.71,9007377,88671824.00
2015/11/03,9.75,9.85,9.62,9.73,6117807,59419904.00
2015/11/04,9.75,10.19,9.74,10.17,12653899,126879000.00
2015/11/05,10.17,10.32,9.99,10.26,13166557,133596592.00
2015/11/06,10.24,10.54,10.20,10.40,12365565,128730744.00
2015/11/09,10.20,10.47,10.20,10.44,12026051,124218952.00
2015/11/10,10.37,10.57,10.31,10.46,10845223,113377560.00
2015/11/11,10.48,10.99,10.47,10.98,22194985,240757280.00
2015/11/12,10.89,10.95,10.57,10.73,15026912,161668368.00
2015/11/13,10.51,10.68,10.32,10.56,11319397,119132584.00
2015/11/16,10.38,11.19,10.38,11.16,14783718,160206128.00
2015/11/17,11.17,11.30,10.91,10.92,15909023,177018160.00
2015/11/18,10.89,11.10,10.70,10.79,10386732,113168936.00
2015/11/19,10.80,11.00,10.76,10.94,7584727,82427864.00
2015/11/20,11.04,11.30,10.95,11.14,10895223,121133640.00
2015/11/23,11.14,11.66,11.12,11.34,13225521,151034368.00
2015/11/24,11.40,11.51,11.06,11.38,10166249,114385960.00
2015/11/25,11.46,11.67,11.25,11.54,10065198,115633832.00
2015/11/26,11.58,11.67,11.41,11.56,11002673,127123648.00
2015/11/27,11.54,11.80,10.54,10.77,16226022,183528960.00
2015/11/30,10.86,11.10,10.11,10.99,12064490,130463312.00
2015/12/01,11.01,11.53,10.84,11.47,12869460,145399760.00
2015/12/02,11.36,11.66,11.02,11.40,9142429,103530696.00
2015/12/03,11.36,11.63,11.32,11.60,9841002,113034840.00
2015/12/04,11.51,11.77,11.44,11.61,12908331,149968096.00
2015/12/07,11.63,11.73,11.39,11.70,11345987,131480392.00
2015/12/08,11.68,12.05,11.37,11.81,16737609,196868832.00
2015/12/09,11.70,11.93,11.56,11.74,10864284,127601672.00
2015/12/10,11.65,11.89,11.33,11.41,10810240,125123616.00
2015/12/11,11.35,11.59,11.20,11.45,12507524,142601216.00
2015/12/14,11.44,11.87,11.35,11.83,9209303,107174280.00
2015/12/15,11.85,12.47,11.80,12.33,15049131,183629488.00
2015/12/16,12.42,12.85,12.17,12.61,14550562,182293808.00
2015/12/17,12.61,12.88,12.48,12.63,12252725,155106560.00
2015/12/18,12.62,13.23,12.49,13.14,12681753,162897648.00
2015/12/21,13.00,13.27,12.88,13.05,8798599,114626336.00
2015/12/22,13.00,13.17,12.57,12.84,9471615,121372272.00
2015/12/23,12.75,13.15,12.70,12.84,8653685,111605088.00
2015/12/24,12.78,12.94,12.50,12.65,7024809,89115744.00
2015/12/25,12.67,12.96,12.60,12.90,5973263,76375296.00
2015/12/28,12.89,13.37,12.38,12.49,13947823,179817184.00
2015/12/29,12.42,12.86,12.25,12.79,10125740,128112800.00
2015/12/30,12.70,13.21,12.66,13.05,7212214,92893992.00
2015/12/31,13.13,13.30,12.55,12.73,6394206,83030152.00
2016/01/04,12.63,12.73,11.46,11.52,8367815,101704152.00
2016/01/05,10.92,11.48,10.75,11.18,9090367,100847632.00
2016/01/06,11.20,11.49,11.10,11.46,5574343,63076860.00
2016/01/07,11.31,11.31,10.31,10.31,1850900,19740134.00
2016/01/08,9.80,10.79,9.80,10.31,8498243,86818616.00
2016/01/11,10.03,10.15,9.36,9.80,8532470,83253816.00
2016/01/12,9.70,10.10,9.38,9.96,6034201,58722608.00
2016/01/13,10.01,10.12,9.79,9.81,5421438,54033772.00
2016/01/14,9.60,10.10,9.19,10.05,5886714,57122152.00
2016/01/15,9.92,9.93,9.36,9.38,6536802,63119160.00
2016/01/18,9.18,9.88,9.07,9.79,4719639,45245588.00
2016/01/19,9.70,10.29,9.67,10.16,4479711,44807864.00
2016/01/20,10.08,10.20,9.75,9.95,5795103,57878748.00
2016/01/21,9.82,10.08,9.45,9.46,4339200,42510056.00
2016/01/22,9.65,9.74,9.30,9.66,3053348,29111874.00
2016/01/25,9.65,9.93,9.65,9.85,3371985,33008076.00
2016/01/26,9.76,9.81,8.87,8.95,4620388,43289512.00
2016/01/27,8.98,9.07,8.20,8.65,6882013,58610704.00
2016/01/28,8.49,8.70,8.28,8.33,4393189,37359000.00
2016/01/29,8.31,9.11,8.23,8.88,4699449,40998292.00
2016/02/01,8.86,8.95,8.50,8.71,2536811,22279538.00
2016/02/02,8.70,9.06,8.70,8.94,2829227,25228360.00
2016/02/03,8.89,9.01,8.76,8.96,2381306,21104884.00
2016/02/04,9.05,9.18,8.95,9.15,3193795,29105104.00
2016/02/05,9.18,9.33,9.11,9.15,2990400,27615938.00
2016/02/15,8.90,9.18,8.80,9.11,2722161,24467646.00
2016/02/16,9.20,9.43,9.12,9.41,3956771,36864920.00
2016/02/17,9.40,9.73,9.32,9.67,5652276,54339824.00
2016/02/18,9.76,9.76,9.41,9.55,4805022,46036956.00
2016/02/19,9.56,9.59,9.45,9.54,2633769,25056356.00
2016/02/22,9.64,9.84,9.54,9.82,4554057,44268200.00
2016/02/23,9.80,9.85,9.64,9.73,3428301,33388260.00
2016/02/24,9.73,10.02,9.70,10.01,4737898,46592136.00
2016/02/25,9.98,9.98,9.01,9.01,5741163,54593004.00
2016/02/26,9.10,9.17,8.85,9.03,3430081,31032558.00
2016/02/29,9.02,9.08,8.32,8.50,4032190,34482948.00
2016/03/01,8.50,8.75,8.42,8.68,2629415,22567636.00
2016/03/02,8.67,9.14,8.62,9.11,3387984,30311206.00
2016/03/03,9.08,9.36,9.08,9.14,3319476,30555896.00
2016/03/04,9.11,9.24,8.71,8.80,2916475,26236680.00
2016/03/07,8.88,9.29,8.88,9.11,3514906,32094744.00
2016/03/08,9.15,9.40,8.79,9.38,4062758,37002248.00
2016/03/09,9.19,9.24,8.98,9.10,2640698,24051292.00
数据来源:通达信
