600897 厦门空港 日线 前复权
      日期	    开盘	    最高	    最低	    收盘	    成交量	    成交额
2011/01/04,13.66,13.86,13.57,13.78,1418051,21564540.00
2011/01/05,13.80,14.00,13.68,13.96,1678444,25780492.00
2011/01/06,13.99,13.99,13.71,13.71,1214339,18561196.00
2011/01/10,13.64,13.88,13.46,13.48,823771,12485233.00
2011/01/11,13.50,13.62,13.41,13.57,758653,11380837.00
2011/01/12,13.57,13.88,13.57,13.87,1023213,15581346.00
2011/01/13,13.89,13.96,13.71,13.79,1448071,22173884.00
2011/01/14,13.73,13.79,13.43,13.49,835430,12550394.00
2011/01/17,13.38,13.48,13.01,13.05,1058094,15541159.00
2011/01/18,12.98,13.18,12.95,13.08,671201,9751700.00
2011/01/19,13.08,13.26,13.04,13.19,1338481,19601578.00
2011/01/20,13.19,13.19,12.66,12.67,1263999,18224520.00
2011/01/21,12.67,12.94,12.65,12.84,851948,12144294.00
2011/01/24,12.80,12.94,12.72,12.79,990982,14204187.00
2011/01/25,12.80,12.80,12.58,12.72,654080,9269176.00
2011/01/26,12.72,12.98,12.68,12.96,818025,11730666.00
2011/01/27,12.95,13.20,12.76,13.17,1338640,19447158.00
2011/01/28,13.16,13.16,12.98,13.10,753894,10972466.00
2011/01/31,13.07,13.29,13.04,13.21,1071512,15695440.00
2011/02/01,13.21,13.23,13.11,13.21,845300,12402826.00
2011/02/09,13.19,13.19,12.88,12.94,925872,13436948.00
2011/02/10,12.90,13.28,12.89,13.27,945407,13815596.00
2011/02/11,13.25,13.44,13.17,13.38,1883361,27904816.00
2011/02/14,13.41,13.86,13.39,13.84,4760388,72472784.00
2011/02/15,13.80,13.92,13.63,13.68,2788270,42601484.00
2011/02/16,13.69,13.97,13.69,13.95,2251198,34477120.00
2011/02/17,13.99,14.04,13.75,13.96,2333606,35911172.00
2011/02/18,13.90,13.90,13.70,13.76,1859989,28406972.00
2011/02/21,13.77,14.05,13.71,14.04,2537294,39069292.00
2011/02/22,14.05,14.24,13.68,13.69,3316451,51244512.00
2011/02/23,13.64,13.85,13.64,13.82,1636414,24963664.00
2011/02/24,13.80,13.88,13.71,13.87,1395458,21397244.00
2011/02/25,13.87,13.98,13.70,13.95,1540872,23603656.00
2011/02/28,13.86,14.13,13.85,14.12,1641112,25482420.00
2011/03/01,14.12,14.19,13.99,14.06,2260363,35177564.00
2011/03/02,14.01,14.02,13.80,14.01,1379688,21270592.00
2011/03/03,13.98,14.17,13.90,13.94,1959851,30426712.00
2011/03/04,13.93,14.15,13.85,14.14,2882776,44809244.00
2011/03/07,14.18,14.55,14.12,14.35,5092942,80905480.00
2011/03/08,14.30,14.57,14.25,14.49,2973079,47319616.00
2011/03/09,14.49,15.04,14.49,14.90,7928879,129503520.00
2011/03/10,14.86,16.54,14.80,15.07,8308031,139561952.00
2011/03/11,15.24,15.45,14.73,14.90,5788357,95667672.00
2011/03/14,14.65,15.15,14.40,15.10,3890271,62994420.00
2011/03/15,15.05,15.48,14.79,15.20,7407520,122971072.00
2011/03/16,15.14,15.48,15.00,15.11,3424431,57206080.00
2011/03/17,14.95,14.95,14.33,14.40,3757336,60526324.00
2011/03/18,14.55,14.62,14.40,14.43,1567479,25052432.00
2011/03/21,14.38,14.49,14.16,14.23,2258231,35577700.00
2011/03/22,14.31,14.63,14.26,14.59,2423893,38764728.00
2011/03/23,14.65,14.89,14.46,14.83,2079770,33676808.00
2011/03/24,14.88,14.91,14.69,14.82,1683014,27415876.00
2011/03/25,14.77,14.95,14.73,14.88,1826870,29846616.00
2011/03/28,14.90,15.05,14.78,14.96,2525207,41350196.00
2011/03/29,14.95,14.95,14.60,14.81,1940216,31523732.00
2011/03/30,14.73,14.83,14.50,14.75,1239645,20033310.00
2011/03/31,14.67,14.98,14.58,14.90,2594508,42267320.00
2011/04/01,14.59,14.85,14.43,14.77,3081716,49786868.00
2011/04/06,14.70,14.97,14.60,14.80,2880559,47056344.00
2011/04/07,14.80,14.90,14.58,14.84,2814607,45765808.00
2011/04/08,14.88,15.02,14.76,14.99,3250405,53305288.00
2011/04/11,15.27,15.27,14.86,14.90,4302174,71276384.00
2011/04/12,14.87,15.28,14.86,14.93,2389244,39434896.00
2011/04/13,14.93,15.05,14.71,14.94,1405908,22977052.00
2011/04/14,14.94,14.95,14.57,14.58,2254124,36571208.00
2011/04/15,14.60,14.67,14.25,14.41,1980765,31555360.00
2011/04/18,14.42,14.49,14.31,14.47,1236726,19656570.00
2011/04/19,14.44,14.44,14.10,14.15,1611212,25270680.00
2011/04/20,14.16,14.27,14.14,14.20,1246022,19543858.00
2011/04/21,14.25,14.34,14.21,14.27,1477017,23304790.00
2011/04/25,14.27,14.37,13.83,13.86,1461419,22679034.00
2011/04/26,13.84,13.95,13.67,13.70,943453,14408598.00
2011/04/27,13.73,13.89,13.60,13.75,640251,9753238.00
2011/04/28,13.75,13.86,13.25,13.31,993318,14957165.00
2011/04/29,13.37,13.54,13.37,13.52,692091,10333052.00
2011/05/03,13.59,13.81,13.50,13.68,649065,9835019.00
2011/05/04,13.68,13.70,13.36,13.41,679610,10193116.00
2011/05/05,13.45,13.49,13.30,13.43,451834,6739476.00
2011/05/06,13.35,13.55,13.15,13.45,1127132,16779260.00
2011/05/09,13.42,14.10,13.36,13.75,1134380,17330454.00
2011/05/10,13.88,13.88,13.61,13.76,392025,5971846.00
2011/05/11,13.64,13.80,13.64,13.72,493992,7531260.00
2011/05/12,13.67,13.83,13.51,13.57,683347,10409261.00
2011/05/13,13.60,13.77,13.50,13.77,703810,10664419.00
2011/05/16,13.76,13.83,13.62,13.68,491849,7487632.00
2011/05/17,13.68,13.71,13.50,13.60,760156,11487586.00
2011/05/18,13.63,13.73,13.52,13.67,750963,11343387.00
2011/05/19,13.72,13.72,13.46,13.50,1280210,19310244.00
2011/05/20,13.51,13.51,13.39,13.44,695354,10373263.00
2011/05/23,13.48,13.48,12.95,12.96,756400,10999195.00
2011/05/24,12.96,13.20,12.82,13.03,483561,6937872.00
2011/05/25,13.00,13.04,12.80,12.80,345620,4950990.00
2011/05/26,12.89,13.03,12.79,12.81,522483,7464818.00
2011/05/27,12.90,12.90,12.49,12.52,560416,7890363.00
2011/05/30,12.51,12.65,12.49,12.54,604013,8420842.00
2011/05/31,12.52,12.79,12.52,12.78,529395,7459859.00
2011/06/01,12.79,12.86,12.59,12.85,546749,7757418.00
2011/06/02,12.73,12.85,12.54,12.73,701654,9899705.00
2011/06/03,12.76,12.85,12.67,12.82,449314,6377638.00
2011/06/07,12.81,12.96,12.81,12.87,415291,5939445.00
2011/06/08,12.90,12.93,12.65,12.85,470973,6686444.00
2011/06/09,12.86,13.24,12.85,12.91,1968009,28494092.00
2011/06/10,13.01,13.04,12.74,12.96,971441,13901837.00
2011/06/13,13.11,13.27,12.96,13.18,1685000,24502584.00
2011/06/14,13.17,13.33,13.01,13.25,1052933,15387748.00
2011/06/15,13.24,13.34,13.10,13.11,718256,10488485.00
2011/06/16,12.98,13.09,12.70,12.71,675793,9671290.00
2011/06/17,12.77,12.79,12.61,12.66,317627,4478172.00
2011/06/20,12.63,12.68,12.37,12.43,434187,6033615.00
2011/06/21,12.49,12.55,12.38,12.52,697517,9654896.00
2011/06/22,12.56,12.96,12.56,12.89,1149252,16353053.00
2011/06/23,12.79,13.03,12.72,12.99,669341,9577145.00
2011/06/24,12.92,13.27,12.88,13.24,1231849,17930552.00
2011/06/27,13.39,13.51,13.19,13.22,1313650,19358648.00
2011/06/28,13.19,13.25,13.07,13.24,834040,12144825.00
2011/06/29,13.26,13.26,12.95,12.96,1375315,19940464.00
2011/06/30,12.91,13.39,12.91,13.30,996422,14518993.00
2011/07/01,13.29,13.37,13.17,13.17,558321,8167919.00
2011/07/04,13.19,13.39,13.10,13.34,1857601,27341890.00
2011/07/05,13.34,13.41,13.29,13.39,1502959,22175008.00
2011/07/06,13.38,13.38,13.14,13.27,1329843,19478010.00
2011/07/07,13.27,13.45,13.19,13.34,1475228,21734360.00
2011/07/08,13.29,13.52,13.29,13.50,1598241,23720972.00
2011/07/11,13.46,13.56,13.34,13.45,1100871,16363701.00
2011/07/12,13.34,13.41,13.10,13.10,1052400,15383105.00
2011/07/13,13.10,13.34,13.10,13.28,874916,12847842.00
2011/07/14,13.33,13.49,13.21,13.44,1091445,16108625.00
2011/07/15,13.43,13.59,13.32,13.54,1354050,20184484.00
2011/07/18,13.53,13.69,13.41,13.46,1504948,22517904.00
2011/07/19,13.46,13.94,13.46,13.62,2266679,34221476.00
2011/07/20,13.64,14.39,13.52,13.82,3776745,57487696.00
2011/07/21,13.76,13.76,13.42,13.43,1587585,23702988.00
2011/07/22,13.49,13.59,13.27,13.33,1416076,20973520.00
2011/07/25,13.44,13.53,12.88,12.90,1747754,25385768.00
2011/07/26,12.91,13.59,12.88,13.38,2798619,41251528.00
2011/07/27,13.29,13.39,13.10,13.36,1542145,22596290.00
2011/07/28,13.23,13.28,12.97,13.27,953947,13868493.00
2011/07/29,13.27,13.59,13.03,13.35,1854639,27262192.00
2011/08/01,13.22,13.38,13.20,13.32,642182,9454884.00
2011/08/02,13.24,13.25,12.93,13.07,700881,10111485.00
2011/08/03,12.95,13.08,12.90,12.96,488462,7041113.00
2011/08/04,12.98,13.12,12.95,13.00,490987,7075301.00
2011/08/05,12.73,12.78,12.56,12.68,1070462,15087163.00
2011/08/08,12.60,12.67,11.80,11.83,1359669,18468036.00
2011/08/09,11.32,11.80,11.30,11.79,971598,12599148.00
2011/08/10,12.07,12.09,11.85,11.88,1123090,14994588.00
2011/08/11,11.55,12.59,11.49,12.24,2464244,33384844.00
2011/08/12,12.29,12.50,12.29,12.38,1392074,19223940.00
2011/08/15,12.36,13.09,12.31,12.76,2214666,31487462.00
2011/08/16,12.76,12.78,12.35,12.37,1182694,16518527.00
2011/08/17,12.37,12.59,12.35,12.40,511573,7105500.00
2011/08/18,12.37,12.56,12.32,12.42,507364,7005571.00
2011/08/19,12.24,12.36,12.10,12.33,562043,7678194.00
2011/08/22,12.33,12.57,12.27,12.35,676154,9326239.00
2011/08/23,12.39,12.69,12.33,12.65,998544,13977690.00
2011/08/24,12.68,12.69,12.39,12.49,1144166,15955829.00
2011/08/25,12.45,12.83,12.45,12.76,1210008,17013078.00
2011/08/26,12.68,12.75,12.59,12.71,917215,12915415.00
2011/08/29,12.69,12.71,12.40,12.55,776000,10803963.00
2011/08/30,12.50,12.73,12.44,12.45,747000,10481700.00
2011/08/31,12.50,12.94,12.29,12.72,1353668,18986418.00
2011/09/01,12.69,12.74,12.51,12.52,645501,9046736.00
2011/09/02,12.44,12.56,12.20,12.21,1060459,14528920.00
2011/09/05,12.16,12.23,11.94,11.94,489482,6584861.00
2011/09/06,11.90,12.13,11.80,11.96,482250,6433979.00
2011/09/07,12.07,12.23,12.02,12.23,552844,7492360.00
2011/09/08,12.25,12.28,12.01,12.04,649911,8797094.00
2011/09/09,12.12,12.17,11.95,11.97,347609,4679447.00
2011/09/13,11.94,11.99,11.76,11.80,816300,10811653.00
2011/09/14,11.89,11.96,11.81,11.95,400827,5339026.00
2011/09/15,12.07,12.11,11.90,12.01,538190,7222563.00
2011/09/16,12.05,12.09,11.95,12.03,329429,4421757.00
2011/09/19,12.04,12.59,11.98,12.19,1910190,26030596.00
2011/09/20,12.19,12.29,12.10,12.29,668557,9088292.00
2011/09/21,12.28,12.56,12.13,12.52,1272830,17628308.00
2011/09/22,12.47,12.51,12.24,12.24,614741,8446501.00
2011/09/23,12.00,12.22,11.99,12.18,432920,5859629.00
2011/09/26,12.10,12.26,11.97,11.99,227790,3071905.00
2011/09/27,12.07,12.18,12.01,12.13,204866,2767705.00
2011/09/28,12.21,12.21,11.86,11.88,394201,5297682.00
2011/09/29,11.88,11.91,11.60,11.61,339932,4468171.00
2011/09/30,11.61,11.76,11.60,11.70,212362,2775556.00
2011/10/10,11.71,11.88,11.71,11.80,280247,3698976.00
2011/10/11,11.99,12.07,11.74,11.88,385886,5136434.00
2011/10/12,11.80,12.24,11.80,12.21,545022,7372572.00
2011/10/13,12.21,12.37,12.13,12.23,587375,8044568.00
2011/10/14,12.19,12.26,12.04,12.15,299431,4044283.00
2011/10/17,12.15,12.23,12.02,12.15,531021,7192437.00
2011/10/18,12.02,12.28,12.01,12.14,838353,11342416.00
2011/10/19,12.27,12.27,12.05,12.13,242783,3289094.00
2011/10/20,12.19,12.19,11.69,11.97,546103,7236649.00
2011/10/21,11.97,11.98,11.77,11.91,653523,8671966.00
2011/10/24,11.91,12.18,11.73,12.10,374125,4989806.00
2011/10/25,12.10,12.28,11.89,12.25,700886,9537321.00
2011/10/26,12.31,12.57,12.26,12.47,2079575,28893284.00
2011/10/27,12.47,12.60,12.43,12.57,1678343,23411500.00
2011/10/28,12.67,12.72,12.51,12.60,968059,13557258.00
2011/10/31,12.61,12.65,12.49,12.56,466749,6516144.00
2011/11/01,12.46,12.64,12.42,12.62,975738,13660825.00
2011/11/02,12.49,12.85,12.41,12.83,1754851,24700990.00
2011/11/03,12.93,12.94,12.70,12.79,1918067,27294952.00
2011/11/04,12.84,12.94,12.61,12.67,820628,11586628.00
2011/11/07,12.69,12.70,12.54,12.60,836786,11749620.00
2011/11/08,12.64,12.67,12.40,12.51,728256,10176694.00
2011/11/09,12.50,12.67,12.43,12.66,956026,13338100.00
2011/11/10,12.54,12.67,12.46,12.62,1006184,14064851.00
2011/11/11,12.67,12.75,12.52,12.61,644028,9048201.00
2011/11/14,12.72,12.83,12.64,12.82,1233180,17484440.00
2011/11/15,12.77,12.86,12.75,12.83,592329,8424176.00
2011/11/16,12.85,12.85,12.38,12.39,1132263,15880096.00
2011/11/17,12.44,12.53,12.38,12.43,528263,7311857.00
2011/11/18,12.39,12.45,12.11,12.12,649878,8857655.00
2011/11/21,12.10,12.24,12.01,12.22,280925,3807768.00
2011/11/22,12.34,12.53,12.20,12.41,860963,11909737.00
2011/11/23,12.43,12.47,12.24,12.27,512363,7047620.00
2011/11/24,12.09,12.41,12.09,12.33,589751,8083122.00
2011/11/25,12.29,12.34,12.17,12.29,369781,5051483.00
2011/11/28,12.29,12.37,12.14,12.23,381284,5193512.00
2011/11/29,12.42,12.45,12.30,12.44,568286,7842438.00
2011/11/30,12.46,12.47,12.01,12.08,1391644,18992680.00
2011/12/01,12.28,12.51,12.26,12.27,935343,12905748.00
2011/12/02,12.25,12.44,12.10,12.41,708220,9701458.00
2011/12/05,12.41,12.41,11.95,11.98,601549,8158739.00
2011/12/06,11.96,12.08,11.88,12.02,473187,6312745.00
2011/12/07,12.05,12.07,11.90,12.01,298400,3999384.00
2011/12/08,11.93,12.12,11.80,12.10,387605,5194954.00
2011/12/09,12.09,12.16,11.96,12.14,383817,5169366.00
2011/12/12,12.14,12.19,12.04,12.13,424390,5749266.00
2011/12/13,12.09,12.09,11.69,11.72,434120,5747328.00
2011/12/14,11.73,11.79,11.46,11.51,442376,5753066.00
2011/12/15,11.49,11.49,10.59,10.81,734425,9213268.00
2011/12/16,10.89,11.07,10.71,11.06,903874,11123803.00
2011/12/19,10.95,11.09,10.69,10.93,491516,6028708.00
2011/12/20,10.91,11.01,10.84,10.85,400391,4934048.00
2011/12/21,11.03,11.03,10.71,10.72,361235,4435535.00
2011/12/22,10.70,10.71,10.43,10.58,479737,5728813.00
2011/12/23,10.54,10.79,10.47,10.60,308886,3723318.00
2011/12/26,10.61,10.81,10.60,10.79,423247,5155894.00
2011/12/27,10.21,11.07,10.21,10.59,250019,3024815.00
2011/12/28,10.59,10.59,10.36,10.50,252692,2996241.00
2011/12/29,10.44,10.99,10.44,10.88,952088,11648791.00
2011/12/30,10.84,10.99,10.81,10.97,332643,4095268.00
2012/01/04,11.03,11.04,10.52,10.53,775697,9418160.00
2012/01/05,10.54,10.64,10.22,10.54,528019,6302953.00
2012/01/06,10.59,10.64,10.44,10.64,447916,5338957.00
2012/01/09,10.66,10.95,10.44,10.94,601982,7345129.00
2012/01/10,10.93,11.29,10.87,11.26,944057,11836375.00
2012/01/11,11.26,11.29,11.10,11.23,501018,6318867.00
2012/01/12,11.14,11.39,11.07,11.13,854306,10733319.00
2012/01/13,11.19,11.19,10.77,10.89,860533,10641648.00
2012/01/16,11.18,11.49,10.79,10.80,2623376,33146118.00
2012/01/17,10.59,11.16,10.19,11.15,2394825,29041960.00
2012/01/18,11.09,11.09,10.75,10.81,1418734,17463668.00
2012/01/19,10.72,11.05,10.72,10.92,1042522,12846325.00
2012/01/20,10.92,11.10,10.89,11.01,865090,10724004.00
2012/01/30,11.04,11.04,10.75,10.77,2380560,29082120.00
2012/01/31,10.83,10.85,10.72,10.82,579997,7072059.00
2012/02/01,10.79,10.87,10.73,10.77,627024,7664911.00
2012/02/02,10.76,10.95,10.75,10.93,623046,7650476.00
2012/02/03,10.93,11.12,10.87,11.09,1082999,13464746.00
2012/02/06,11.09,11.19,11.01,11.08,698033,8728630.00
2012/02/07,10.99,11.07,10.89,10.92,669690,8302031.00
2012/02/08,10.89,11.17,10.87,11.15,694197,8671142.00
2012/02/09,11.10,11.31,11.09,11.19,985959,12468921.00
2012/02/10,11.23,11.29,11.15,11.19,565648,7140203.00
2012/02/13,11.13,11.38,11.11,11.29,1003179,12715408.00
2012/02/14,11.36,11.36,11.21,11.32,750123,9524117.00
2012/02/15,11.40,11.63,11.34,11.55,1547368,19963304.00
2012/02/16,11.50,11.56,11.37,11.54,1139559,14693428.00
2012/02/17,11.55,11.59,11.40,11.58,605600,7829505.00
2012/02/20,11.66,11.69,11.54,11.61,1086164,14132780.00
2012/02/21,11.34,11.61,11.34,11.56,665821,8587294.00
2012/02/22,11.56,11.73,11.51,11.72,1301643,16993668.00
2012/02/23,11.72,11.79,11.59,11.71,792061,10389104.00
2012/02/24,11.74,11.94,11.65,11.89,1296203,17108690.00
2012/02/27,11.91,12.06,11.77,11.85,1948521,26007028.00
2012/02/28,11.81,11.89,11.62,11.72,1214307,15968030.00
2012/02/29,11.75,11.82,11.66,11.68,549283,7216829.00
2012/03/01,11.65,11.89,11.64,11.82,692739,9136388.00
2012/03/02,11.91,11.96,11.82,11.94,1194657,15915744.00
2012/03/05,12.01,12.10,11.89,11.94,1020745,13657202.00
2012/03/06,11.86,11.94,11.72,11.74,609740,8039873.00
2012/03/07,11.69,11.84,11.62,11.70,625494,8235754.00
2012/03/08,11.71,11.91,11.71,11.89,1064549,14125285.00
2012/03/09,11.92,11.97,11.79,11.96,863612,11501871.00
2012/03/12,12.00,12.11,11.92,12.08,1048237,14045387.00
2012/03/13,12.07,12.20,11.99,12.16,1195539,16196246.00
2012/03/14,12.23,12.23,11.72,11.78,1434962,19192968.00
2012/03/15,11.71,11.87,11.58,11.69,676342,8853513.00
2012/03/16,11.71,12.01,11.70,12.00,810083,10738452.00
2012/03/19,12.00,12.18,11.90,12.17,850594,11479117.00
2012/03/20,12.09,12.19,11.94,12.05,622447,8385364.00
2012/03/21,12.07,12.16,11.88,12.11,768520,10324198.00
2012/03/22,12.07,12.17,11.92,12.07,381779,5135438.00
2012/03/23,12.07,12.14,11.85,11.91,769027,10308649.00
2012/03/26,11.91,12.01,11.79,11.87,345824,4591886.00
2012/03/27,11.91,11.97,11.70,11.78,424150,5627586.00
2012/03/28,11.78,11.79,11.44,11.52,615444,7977597.00
2012/03/29,11.47,11.51,11.15,11.33,673981,8580220.00
2012/03/30,11.27,11.38,11.01,11.27,644667,8177866.00
2012/04/05,11.39,11.51,11.25,11.49,492354,6303130.00
2012/04/06,11.49,11.57,11.41,11.53,521503,6739143.00
2012/04/09,11.57,11.57,11.37,11.47,333804,4294433.00
2012/04/10,11.47,11.49,10.94,11.34,1200452,15050603.00
2012/04/11,11.19,11.37,11.09,11.31,413332,5230530.00
2012/04/12,11.32,11.54,11.25,11.52,636846,8182120.00
2012/04/13,11.44,11.64,11.44,11.50,631171,8184453.00
2012/04/16,11.50,11.58,11.41,11.54,573325,7407540.00
2012/04/17,11.57,11.57,11.38,11.39,403669,5202631.00
2012/04/18,11.40,11.81,11.35,11.75,1073314,14018850.00
2012/04/19,11.78,11.80,11.69,11.79,751671,9894784.00
2012/04/23,11.84,12.18,11.84,12.10,2212232,29827460.00
2012/04/24,12.03,12.41,11.77,12.30,1791636,24189556.00
2012/04/25,12.28,12.58,12.22,12.48,1797612,24863500.00
2012/04/26,12.47,12.55,12.29,12.36,847448,11675780.00
2012/04/27,12.37,12.48,12.08,12.11,969250,13245451.00
2012/05/02,12.43,12.46,12.23,12.33,797082,10966557.00
2012/05/03,12.32,12.57,12.26,12.56,1123415,15598933.00
2012/05/04,12.50,12.55,12.39,12.50,843708,11705295.00
2012/05/07,12.41,12.75,12.40,12.56,838075,11753493.00
2012/05/08,12.58,12.58,12.29,12.47,779258,10758118.00
2012/05/09,12.34,12.34,12.15,12.25,700554,9555450.00
2012/05/10,12.25,12.34,12.20,12.21,338625,4629849.00
2012/05/11,12.21,12.35,12.16,12.22,373331,5101548.00
2012/05/14,12.28,12.32,12.19,12.28,398756,5456333.00
2012/05/15,12.23,12.23,12.06,12.14,487780,6591647.00
2012/05/16,12.18,12.18,11.92,11.92,522849,7016553.00
2012/05/17,11.93,12.32,11.93,12.30,645454,8757952.00
2012/05/18,12.29,12.79,12.09,12.32,2106309,29312780.00
2012/05/21,12.57,12.57,11.92,12.00,895313,11977916.00
2012/05/22,12.04,12.35,12.04,12.28,521026,7051095.00
2012/05/23,12.28,12.36,12.16,12.32,639687,8682084.00
2012/05/24,12.32,12.32,12.12,12.15,452217,6107178.00
2012/05/25,12.10,12.24,12.00,12.07,392165,5258709.00
2012/05/28,12.08,12.25,11.87,12.24,499936,6691818.00
2012/05/29,12.21,12.66,12.10,12.50,1091176,15058964.00
2012/05/30,12.44,12.52,12.29,12.39,493246,6757925.00
2012/05/31,12.38,12.43,12.20,12.30,403013,5508607.00
2012/06/01,12.28,12.42,12.26,12.37,439723,6005832.00
2012/06/04,12.27,12.27,11.90,11.91,579455,7753831.00
2012/06/05,12.03,12.21,11.91,12.09,422870,5637603.00
2012/06/06,11.99,12.17,11.97,12.08,443255,5928798.00
2012/06/07,12.10,12.26,11.86,11.91,345937,4615320.00
2012/06/08,11.95,12.08,11.89,11.91,287010,3808270.00
2012/06/11,11.91,12.10,11.91,12.06,268778,3580933.00
2012/06/12,12.04,12.04,11.85,11.86,477758,6309076.00
2012/06/13,11.85,11.97,11.84,11.95,724008,9572077.00
2012/06/14,11.93,12.04,11.82,11.89,645896,8553038.00
2012/06/15,11.87,11.97,11.80,11.92,539162,7116785.00
2012/06/18,11.99,12.00,11.92,11.97,724843,9623743.00
2012/06/19,11.95,11.99,11.82,11.84,441520,5837767.00
2012/06/20,11.89,11.93,11.74,11.83,705697,9259655.00
2012/06/21,11.84,11.92,11.76,11.88,749129,9847973.00
2012/06/25,11.88,11.96,11.75,11.84,951066,12554313.00
2012/06/26,11.83,12.18,11.83,12.10,1111529,14765678.00
2012/06/27,12.08,12.17,11.92,12.04,643248,8619516.00
2012/06/28,12.09,12.21,11.91,12.00,779895,10457905.00
2012/06/29,11.92,12.12,11.69,12.04,636137,8378992.00
2012/07/02,12.06,12.13,11.95,12.06,513824,6865217.00
2012/07/03,12.07,12.16,11.92,12.10,805376,10763632.00
2012/07/04,12.16,12.19,11.57,11.88,3396922,44567064.00
2012/07/05,11.72,11.72,11.41,11.57,905485,11618996.00
2012/07/06,11.56,11.83,11.35,11.80,1151949,14845553.00
2012/07/09,11.72,11.72,11.44,11.55,360038,4629645.00
2012/07/10,11.54,11.54,11.28,11.38,537521,6813621.00
2012/07/11,11.39,11.39,11.25,11.34,431419,5451906.00
2012/07/12,11.29,11.60,11.17,11.55,1029696,13069099.00
2012/07/13,11.52,11.54,11.23,11.29,507075,6410511.00
2012/07/16,11.29,11.29,10.99,11.09,434053,5391453.00
2012/07/17,11.03,11.29,10.96,11.27,510211,6352011.00
2012/07/18,11.13,11.33,11.03,11.30,431099,5398339.00
2012/07/19,11.29,11.43,11.19,11.37,411482,5193789.00
2012/07/20,11.35,11.35,11.22,11.22,244452,3073124.00
2012/07/23,11.21,11.37,11.11,11.27,205589,2579632.00
2012/07/24,11.12,11.29,11.09,11.28,259853,3252819.00
2012/07/25,11.16,11.26,10.99,11.06,303533,3772499.00
2012/07/26,11.04,11.13,10.91,10.94,519606,6393576.00
2012/07/27,10.99,11.04,10.86,10.99,339394,4164812.00
2012/07/30,10.91,11.02,10.75,10.77,768106,9323019.00
2012/07/31,10.79,10.86,10.70,10.74,406310,4900105.00
2012/08/01,10.84,10.96,10.72,10.83,465304,5663485.00
2012/08/02,10.79,10.83,10.66,10.68,494584,5956304.00
2012/08/03,10.71,10.93,10.61,10.91,737864,8901921.00
2012/08/06,10.84,11.07,10.76,11.02,1040858,12729371.00
2012/08/07,11.02,11.08,10.94,11.03,649416,7996901.00
2012/08/08,11.07,11.64,10.98,11.43,2079152,26402158.00
2012/08/09,11.37,11.37,11.11,11.34,1165583,14603888.00
2012/08/10,11.29,11.56,11.22,11.34,927209,11796365.00
2012/08/13,11.37,11.66,11.19,11.60,2437672,31301382.00
2012/08/14,11.50,11.67,11.31,11.63,918372,11746598.00
2012/08/15,11.59,11.59,11.34,11.34,458487,5827598.00
2012/08/16,11.26,11.69,11.24,11.49,673983,8687119.00
2012/08/17,11.49,11.49,11.15,11.32,593144,7449315.00
2012/08/20,11.24,11.34,11.16,11.33,224708,2823449.00
2012/08/21,11.19,11.42,11.19,11.37,296881,3763061.00
2012/08/22,11.35,11.42,11.25,11.32,307882,3891646.00
2012/08/23,11.30,11.39,11.25,11.37,309437,3913654.00
2012/08/24,11.37,11.40,11.07,11.17,370249,4647695.00
2012/08/27,11.19,11.19,10.90,10.93,469656,5780948.00
2012/08/28,10.94,11.17,10.94,11.08,552159,6825262.00
2012/08/29,11.09,11.15,10.97,11.09,483915,5993557.00
2012/08/30,11.10,11.19,10.94,11.18,543433,6720656.00
2012/08/31,11.07,11.24,11.07,11.14,306343,3825580.00
2012/09/03,11.17,11.39,11.04,11.26,344707,4330314.00
2012/09/04,11.30,11.31,11.04,11.09,412997,5153982.00
2012/09/05,11.05,11.17,10.99,11.09,342281,4241309.00
2012/09/06,11.17,11.18,10.99,11.17,731174,9044256.00
2012/09/07,11.19,11.63,11.19,11.46,1721748,21983800.00
2012/09/10,11.46,11.61,11.40,11.50,1231182,15771150.00
2012/09/11,11.52,11.52,11.34,11.47,775150,9859098.00
2012/09/12,11.41,11.55,11.40,11.49,478872,6129702.00
2012/09/13,11.51,11.70,11.47,11.49,1272457,16438325.00
2012/09/14,11.52,11.57,11.42,11.45,303218,3878989.00
2012/09/17,11.45,11.58,11.11,11.15,343283,4333539.00
2012/09/18,11.17,11.25,11.09,11.13,216690,2700908.00
2012/09/19,11.19,11.19,11.04,11.07,495963,6148694.00
2012/09/20,11.08,11.13,10.83,10.86,340152,4168003.00
2012/09/21,10.79,12.08,10.79,11.08,1084141,13669928.00
2012/09/24,11.03,11.06,10.81,10.93,859621,10490415.00
2012/09/25,10.89,11.57,10.81,10.99,1513962,18866276.00
2012/09/26,10.98,10.99,10.62,10.63,962525,11656148.00
2012/09/27,10.60,10.94,10.29,10.85,760708,9176064.00
2012/09/28,10.83,11.24,10.74,11.18,1233278,15201614.00
2012/10/08,11.26,11.27,11.14,11.16,627605,7845124.00
2012/10/09,11.09,11.41,11.07,11.38,768838,9729130.00
2012/10/10,11.43,11.43,11.24,11.38,570359,7210443.00
2012/10/11,11.30,11.34,11.19,11.20,442482,5551805.00
2012/10/12,11.19,11.31,11.09,11.23,394297,4931490.00
2012/10/15,11.19,11.26,10.99,11.05,432832,5368208.00
2012/10/16,11.05,11.26,11.02,11.07,347960,4329872.00
2012/10/17,11.08,11.16,10.98,11.06,321979,3978073.00
2012/10/18,11.07,11.33,11.07,11.22,545407,6823117.00
2012/10/19,11.22,11.28,11.17,11.21,272857,3416889.00
2012/10/22,11.19,11.39,11.14,11.37,542737,6839080.00
2012/10/23,11.29,11.37,11.22,11.23,328595,4143627.00
2012/10/24,11.18,11.30,11.11,11.22,295751,3704725.00
2012/10/25,11.20,11.44,11.18,11.32,357528,4507949.00
2012/10/26,11.27,11.32,11.00,11.12,353000,4394715.00
2012/10/29,11.18,11.20,11.04,11.16,250392,3109071.00
2012/10/30,11.27,11.54,11.27,11.35,1418909,18071964.00
2012/10/31,11.33,11.54,11.28,11.53,1198045,15313690.00
2012/11/01,11.54,11.60,11.45,11.54,1448502,18603830.00
2012/11/02,11.54,11.82,11.50,11.66,1916946,24875240.00
2012/11/05,11.62,11.68,11.55,11.60,821783,10624106.00
2012/11/06,11.56,11.57,11.31,11.49,845499,10764597.00
2012/11/07,11.47,11.51,11.32,11.45,452040,5760003.00
2012/11/08,11.39,11.39,11.23,11.30,506105,6388228.00
2012/11/09,11.24,11.35,11.24,11.27,234390,2950701.00
2012/11/12,11.37,11.48,11.27,11.46,495728,6300117.00
2012/11/13,11.46,11.47,11.19,11.30,574327,7253565.00
2012/11/14,11.20,11.30,11.11,11.21,335511,4191440.00
2012/11/15,11.21,11.21,10.83,10.91,499170,6159212.00
2012/11/16,10.95,10.95,10.84,10.94,268408,3274881.00
2012/11/19,10.97,11.03,10.86,10.99,291735,3570164.00
2012/11/20,11.06,11.09,10.87,10.88,288591,3545983.00
2012/11/21,10.88,11.09,10.86,11.05,475531,5853190.00
2012/11/22,11.00,11.05,10.94,11.00,151494,1862436.00
2012/11/23,10.90,11.10,10.90,11.08,318855,3944526.00
2012/11/26,11.00,11.16,10.79,10.97,309005,3800190.00
2012/11/27,10.83,10.94,10.64,10.70,524801,6321937.00
2012/11/28,10.65,10.70,10.44,10.56,567936,6731898.00
2012/11/29,10.56,10.65,10.48,10.49,255039,3032857.00
2012/11/30,10.46,10.68,10.46,10.66,297197,3537826.00
2012/12/03,10.65,10.71,10.61,10.64,243585,2912853.00
2012/12/04,10.55,10.77,10.55,10.72,453723,5431684.00
2012/12/05,10.73,11.08,10.72,10.99,794587,9764672.00
2012/12/06,10.99,11.03,10.86,10.90,466147,5702839.00
2012/12/07,10.88,11.07,10.88,11.04,590561,7275284.00
2012/12/10,11.03,11.17,11.03,11.16,816207,10134107.00
2012/12/11,11.14,11.14,10.97,10.98,491849,6075095.00
2012/12/12,10.99,11.04,10.94,11.03,417197,5130378.00
2012/12/13,10.90,11.04,10.90,10.93,200123,2455647.00
2012/12/14,10.93,11.43,10.92,11.38,1302366,16343095.00
2012/12/17,11.38,11.45,11.29,11.42,795915,10099232.00
2012/12/18,11.38,11.52,11.30,11.44,1013428,12897229.00
2012/12/19,11.56,11.60,11.39,11.41,1020039,13061338.00
2012/12/20,11.45,11.45,11.27,11.38,548085,6938425.00
2012/12/21,11.44,11.60,11.34,11.55,1057085,13535984.00
2012/12/24,11.53,11.55,11.46,11.50,476964,6114116.00
2012/12/25,11.50,11.75,11.46,11.72,1349409,17514452.00
2012/12/26,11.76,11.77,11.63,11.75,871019,11343047.00
2012/12/27,11.77,11.91,11.62,11.67,1481582,19393540.00
2012/12/28,11.65,11.87,11.61,11.82,1220966,15904562.00
2012/12/31,11.84,11.88,11.64,11.82,1320538,17281978.00
2013/01/04,11.93,11.93,11.68,11.74,1224816,16020667.00
2013/01/07,11.66,11.94,11.58,11.88,1235739,16240589.00
2013/01/08,11.91,12.23,11.78,12.16,2594928,34710936.00
2013/01/09,12.14,12.19,11.99,12.04,1047555,14048762.00
2013/01/10,12.05,12.21,11.99,12.08,892062,11946949.00
2013/01/11,12.10,12.11,11.72,11.97,1820486,24083880.00
2013/01/14,11.94,12.30,11.94,12.27,2318471,31163808.00
2013/01/15,12.28,12.32,12.16,12.24,1688144,22886332.00
2013/01/16,12.28,12.34,12.03,12.14,1494065,20159116.00
2013/01/17,12.09,12.14,11.96,12.05,1347809,17984100.00
2013/01/18,12.07,12.17,11.99,12.15,1341365,17968700.00
2013/01/21,12.14,12.36,12.14,12.34,1485057,20183192.00
2013/01/22,12.44,12.46,12.14,12.18,1263755,17256810.00
2013/01/23,12.17,12.18,12.03,12.13,788329,10560767.00
2013/01/24,12.13,12.24,12.01,12.06,1464222,19623172.00
2013/01/25,12.09,12.09,11.96,11.99,551767,7350889.00
2013/01/28,11.98,12.54,11.98,12.50,1939450,26553268.00
2013/01/29,12.49,12.54,12.34,12.43,1129902,15520988.00
2013/01/30,12.43,12.51,12.33,12.48,777003,10679123.00
2013/01/31,12.47,12.48,12.24,12.34,779442,10652469.00
2013/02/01,12.34,12.47,12.28,12.46,833681,11410504.00
2013/02/04,12.50,12.80,12.29,12.33,2242592,30962224.00
2013/02/05,12.33,12.47,12.19,12.40,981680,13399634.00
2013/02/06,12.40,12.65,12.32,12.54,1242871,17167648.00
2013/02/07,12.55,12.61,12.36,12.59,1311369,18088420.00
2013/02/08,12.54,13.16,12.52,12.94,3020019,43056248.00
2013/02/18,12.95,13.04,12.75,12.86,1542700,21823628.00
2013/02/19,12.79,12.91,12.52,12.58,1510670,21109020.00
2013/02/20,12.59,12.90,12.58,12.89,1527228,21488356.00
2013/02/21,12.85,12.85,12.45,12.53,1838655,25581960.00
2013/02/22,12.52,12.60,12.42,12.47,1003794,13867911.00
2013/02/25,12.40,12.55,12.40,12.48,713333,9836634.00
2013/02/26,12.44,12.63,12.39,12.42,958786,13240365.00
2013/02/27,12.53,12.56,12.43,12.49,675624,9318381.00
2013/02/28,12.57,12.67,12.46,12.63,899962,12494265.00
2013/03/01,12.64,12.67,12.48,12.60,1474343,20446976.00
2013/03/04,12.55,12.55,12.18,12.26,1172730,16059249.00
2013/03/05,12.19,12.38,12.14,12.37,924800,12573590.00
2013/03/06,12.44,12.60,12.38,12.59,1034220,14271462.00
2013/03/07,12.60,12.60,12.40,12.49,895740,12367830.00
2013/03/08,12.50,12.77,12.49,12.59,920394,12809674.00
2013/03/11,12.65,12.78,12.52,12.69,984361,13770631.00
2013/03/12,12.77,12.77,12.25,12.38,945893,13035435.00
2013/03/13,12.37,12.37,12.08,12.22,624381,8419571.00
2013/03/14,12.23,12.28,12.11,12.21,497002,6720510.00
2013/03/15,12.24,12.50,12.19,12.28,599682,8192609.00
2013/03/18,12.21,12.34,12.16,12.25,455047,6158037.00
2013/03/19,12.25,12.34,12.17,12.31,317730,4309363.00
2013/03/20,12.30,12.54,12.29,12.52,521618,7185757.00
2013/03/21,12.53,12.58,12.45,12.52,587832,8133527.00
2013/03/22,12.52,12.61,12.44,12.55,584904,8092407.00
2013/03/25,12.51,12.61,12.49,12.51,408500,5658515.00
2013/03/26,12.45,12.74,12.45,12.71,1317108,18362536.00
2013/03/27,12.72,12.77,12.56,12.68,709674,9912890.00
2013/03/28,12.41,12.74,12.33,12.44,1038787,14286271.00
2013/03/29,12.44,12.59,12.37,12.43,1117417,15403154.00
2013/04/01,12.46,12.55,12.36,12.52,747589,10308810.00
2013/04/02,12.58,12.62,12.47,12.50,566204,7830743.00
2013/04/03,12.49,12.57,12.38,12.49,721324,9935301.00
2013/04/08,12.28,12.29,11.95,12.19,901444,12109688.00
2013/04/09,12.19,12.33,12.09,12.20,380702,5158813.00
2013/04/10,12.13,12.23,11.99,12.14,651123,8718098.00
2013/04/11,12.24,12.28,12.09,12.19,380124,5120057.00
2013/04/12,12.18,12.19,11.72,11.88,2483942,32765312.00
2013/04/15,11.89,11.89,11.56,11.64,639604,8298654.00
2013/04/16,11.52,11.84,11.51,11.81,278526,3619917.00
2013/04/17,11.81,11.91,11.64,11.88,392981,5148932.00
2013/04/18,11.87,11.93,11.71,11.79,520426,6845266.00
2013/04/19,11.77,12.04,11.77,11.98,741396,9844343.00
2013/04/22,11.93,11.99,11.79,11.96,946305,12446980.00
2013/04/23,11.93,11.97,11.59,11.68,699199,9103127.00
2013/04/24,11.68,11.84,11.59,11.76,700033,9114968.00
2013/04/25,11.76,11.81,11.64,11.74,564246,7353050.00
2013/04/26,11.74,11.79,11.62,11.73,475686,6186142.00
2013/05/02,11.60,11.75,11.57,11.68,593332,7681079.00
2013/05/03,11.73,11.88,11.65,11.85,877493,11512206.00
2013/05/06,11.87,11.96,11.78,11.94,819609,10819595.00
2013/05/07,11.96,11.98,11.85,11.95,441408,5840656.00
2013/05/08,11.89,12.00,11.85,11.90,667687,8827262.00
2013/05/09,11.90,11.98,11.84,11.94,777385,10264526.00
2013/05/10,11.94,12.04,11.90,12.02,520908,6916776.00
2013/05/13,12.04,12.11,11.95,12.04,593487,7912881.00
2013/05/14,12.02,12.02,11.80,11.82,587056,7732842.00
2013/05/15,11.79,11.97,11.79,11.89,526595,6943857.00
2013/05/16,11.89,12.07,11.80,12.03,637989,8483264.00
2013/05/17,11.99,12.22,11.93,12.18,685908,9202623.00
2013/05/20,12.24,12.36,12.15,12.31,1015472,13804640.00
2013/05/21,12.38,12.38,12.19,12.34,599729,8152069.00
2013/05/22,12.34,12.41,12.24,12.28,787474,10737344.00
2013/05/23,12.28,12.45,12.13,12.29,771113,10510029.00
2013/05/24,12.29,12.38,12.21,12.37,539519,7340040.00
2013/05/27,12.44,12.44,12.30,12.33,515647,7044198.00
2013/05/28,12.45,12.64,12.36,12.60,1368390,18930376.00
2013/05/29,12.59,12.66,12.50,12.60,930239,12939829.00
2013/05/30,12.59,12.74,12.54,12.71,891539,12433812.00
2013/05/31,12.80,12.84,12.52,12.54,1139279,15889685.00
2013/06/03,12.70,12.70,12.48,12.54,538086,7248418.00
2013/06/04,12.49,12.68,12.21,12.27,595636,7885517.00
2013/06/05,12.22,12.33,12.20,12.25,517196,6813752.00
2013/06/06,12.25,12.30,12.12,12.13,583364,7653756.00
2013/06/07,12.14,12.26,12.02,12.03,1087876,14170648.00
2013/06/13,12.02,12.02,11.69,11.83,1104838,14030686.00
2013/06/14,11.84,11.93,11.78,11.93,768346,9833497.00
2013/06/17,12.05,12.21,11.31,11.86,711699,9101094.00
2013/06/18,11.88,11.88,11.69,11.83,358170,4546476.00
2013/06/19,11.64,11.87,11.64,11.85,474826,6011723.00
2013/06/20,11.77,11.78,11.58,11.64,484076,6101148.00
2013/06/21,11.58,11.62,11.38,11.48,711030,8833405.00
2013/06/24,11.53,11.53,10.85,10.91,1001477,12132425.00
2013/06/25,10.83,11.12,10.47,10.76,1818070,21562924.00
2013/06/26,10.86,11.11,10.76,11.00,630872,7478714.00
2013/06/27,10.83,11.14,10.83,10.85,532281,6332770.00
2013/06/28,10.85,11.05,10.79,10.94,323598,3830505.00
2013/07/01,11.07,11.07,10.78,11.01,326465,3859004.00
2013/07/02,10.92,11.12,10.90,11.10,575575,6853234.00
2013/07/03,11.08,11.08,10.88,10.99,350010,4157165.00
2013/07/04,10.93,11.17,10.72,11.02,477174,5693851.00
2013/07/05,11.07,11.10,10.95,11.00,292484,3488388.00
2013/07/08,10.92,10.93,10.66,10.69,501443,5840894.00
2013/07/09,10.69,10.78,10.65,10.71,218054,2531179.00
2013/07/10,10.73,11.21,10.70,11.15,874686,10406996.00
2013/07/11,11.54,11.94,11.50,11.58,2772940,34817316.00
2013/07/12,11.41,11.56,11.26,11.31,1290317,15912079.00
2013/07/15,11.33,11.51,11.27,11.39,966855,11898131.00
2013/07/16,11.36,11.55,11.20,11.51,1164632,14282935.00
2013/07/17,11.47,11.48,11.26,11.30,776776,9555365.00
2013/07/18,11.22,11.36,11.14,11.15,597431,7228616.00
2013/07/19,11.15,11.23,10.75,10.77,1301928,15450000.00
2013/07/22,10.76,10.85,10.60,10.82,595188,6935235.00
2013/07/23,10.80,11.04,10.78,11.00,976774,11606855.00
2013/07/24,10.98,11.36,10.95,11.17,1761385,21218914.00
2013/07/25,11.08,11.12,10.91,10.94,1253003,14919059.00
2013/07/26,10.88,11.00,10.86,10.93,541836,6423154.00
2013/07/29,10.93,10.98,10.69,10.76,668051,7822828.00
2013/07/30,10.76,10.98,10.72,10.88,606601,7154312.00
2013/07/31,10.96,11.00,10.83,10.86,517207,6122130.00
2013/08/01,10.88,11.05,10.78,11.05,749841,8929851.00
2013/08/02,11.07,11.21,10.98,11.09,1150051,13804472.00
2013/08/05,11.13,11.20,11.00,11.19,959284,11555942.00
2013/08/06,11.19,11.44,11.08,11.38,1376735,16714266.00
2013/08/07,11.26,11.87,11.24,11.38,1667993,20720694.00
2013/08/08,11.30,11.51,11.26,11.31,1096713,13471007.00
2013/08/09,11.36,11.40,11.18,11.34,945025,11546648.00
2013/08/12,11.36,11.60,11.27,11.59,1348673,16755198.00
2013/08/13,11.62,11.66,11.50,11.63,735469,9196583.00
2013/08/14,11.61,11.67,11.41,11.50,981375,12219936.00
2013/08/15,11.44,11.49,11.25,11.27,1203363,14795086.00
2013/08/16,11.26,11.60,11.18,11.21,1196917,14689182.00
2013/08/19,11.16,11.56,11.08,11.35,1432477,17380638.00
2013/08/20,11.32,11.37,11.19,11.23,828003,10108938.00
2013/08/21,11.28,11.40,11.21,11.39,550575,6736757.00
2013/08/22,11.36,11.51,11.28,11.49,1200409,14851433.00
2013/08/23,11.61,11.71,11.36,11.43,1920458,23881532.00
2013/08/26,11.43,11.97,11.43,11.91,2834912,35967296.00
2013/08/27,11.88,12.80,11.85,12.34,6059528,80841528.00
2013/08/28,12.27,13.06,12.11,12.81,5646092,76361128.00
2013/08/29,12.69,13.21,12.43,12.84,5539358,76601520.00
2013/08/30,12.95,14.18,12.88,13.49,10792228,156756304.00
2013/09/02,13.29,13.36,12.26,12.39,7165529,96710704.00
2013/09/03,12.37,12.78,12.28,12.62,3243557,43859400.00
2013/09/04,12.62,12.90,12.48,12.56,2747902,37392440.00
2013/09/05,12.47,12.56,12.09,12.24,2829795,37361324.00
2013/09/06,12.23,12.68,12.18,12.53,2232788,29928204.00
2013/09/09,12.48,13.03,12.47,12.89,4641937,63927616.00
2013/09/10,12.90,13.76,12.81,13.39,5834283,83409968.00
2013/09/11,13.28,13.48,12.89,12.97,3394477,47679020.00
2013/09/12,12.97,13.14,12.90,13.03,1669122,23239280.00
2013/09/13,12.93,13.06,12.67,12.85,1782535,24529520.00
2013/09/16,12.90,13.01,12.67,12.90,1506421,20714144.00
2013/09/17,12.83,14.05,12.51,13.35,7500018,107085152.00
2013/09/18,12.94,13.07,12.73,12.99,2893595,40047348.00
2013/09/23,13.04,13.06,12.80,13.00,2222250,30778140.00
2013/09/24,12.98,13.00,12.65,12.86,2035565,27967188.00
2013/09/25,12.88,12.97,12.58,12.60,1801401,24696252.00
2013/09/26,12.60,12.73,12.41,12.62,1793201,24174372.00
2013/09/27,12.58,12.71,12.48,12.63,768307,10411217.00
2013/09/30,12.66,12.77,12.60,12.74,834643,11382297.00
2013/10/08,12.67,13.15,12.64,13.04,1574083,21896040.00
2013/10/09,13.03,14.44,12.93,14.44,12672649,188257936.00
2013/10/10,14.73,15.55,14.39,14.40,14772600,233331584.00
2013/10/11,14.22,14.31,13.83,14.13,5929582,88594008.00
2013/10/14,13.93,14.21,13.83,14.01,5111900,76142920.00
2013/10/15,14.01,14.33,13.84,14.30,3896369,58315640.00
2013/10/16,14.16,14.17,13.64,13.74,3343049,49283172.00
2013/10/17,13.78,13.92,13.60,13.65,2109116,31028678.00
2013/10/18,13.68,14.02,13.54,13.93,1846610,27275686.00
2013/10/21,13.88,14.56,13.74,14.31,3757403,56816344.00
2013/10/22,14.29,14.74,14.19,14.34,3371302,51758328.00
2013/10/23,14.36,14.54,13.85,13.87,2707648,40833600.00
2013/10/24,13.87,14.18,13.80,14.14,1932936,28981162.00
2013/10/25,14.14,14.19,13.68,13.73,2221231,32872442.00
2013/10/28,13.90,13.91,13.71,13.82,1034089,15246558.00
2013/10/29,13.80,13.98,13.01,13.31,2481951,35606328.00
2013/10/30,13.28,13.67,13.09,13.57,1501430,21505932.00
2013/10/31,13.46,13.75,13.43,13.53,1324428,19250094.00
2013/11/01,13.54,14.06,13.44,13.70,1884039,27629900.00
2013/11/04,13.76,13.93,13.63,13.68,1206308,17680860.00
2013/11/05,13.69,13.90,13.51,13.86,1118207,16366888.00
2013/11/06,13.86,13.98,13.54,13.57,1495106,21954116.00
2013/11/07,13.50,13.58,13.28,13.32,1190349,17027048.00
2013/11/08,13.28,13.38,13.05,13.07,1347128,18934644.00
2013/11/11,13.08,13.33,12.95,13.31,762809,10729991.00
2013/11/12,13.31,13.39,13.16,13.32,706923,10048534.00
2013/11/13,13.37,14.38,13.23,13.68,4460779,66164776.00
2013/11/14,13.53,14.03,13.40,13.99,2555186,37756760.00
2013/11/15,13.88,14.27,13.83,14.11,3234284,48552092.00
2013/11/18,14.47,14.47,14.11,14.38,3000469,45598124.00
2013/11/19,14.39,14.81,14.30,14.66,5304100,82651128.00
2013/11/20,14.65,15.55,14.53,15.22,6900840,110256848.00
2013/11/21,15.03,15.95,14.83,15.09,7845709,128092128.00
2013/11/22,15.07,15.24,14.54,14.58,3822017,60062452.00
2013/11/25,14.41,14.87,14.28,14.74,2820835,44002776.00
2013/11/26,15.04,15.53,14.67,14.77,5531974,88622416.00
2013/11/27,14.77,14.87,14.48,14.79,2829898,44182964.00
2013/11/28,14.79,15.17,14.74,15.10,2739217,43498948.00
2013/11/29,15.19,15.19,14.89,15.04,1825879,29034080.00
2013/12/02,14.68,14.75,14.14,14.26,2869980,44147096.00
2013/12/03,14.14,14.75,14.14,14.68,1609399,24913140.00
2013/12/04,14.74,15.24,14.68,15.04,2863463,45623048.00
2013/12/05,15.02,15.27,14.93,15.02,2030802,32470624.00
2013/12/06,14.98,15.43,14.96,15.13,2180909,35191076.00
2013/12/09,15.18,15.34,15.02,15.23,2312910,37125136.00
2013/12/10,15.21,15.26,15.01,15.13,2251845,36177000.00
2013/12/11,15.08,15.08,14.54,14.73,2560020,40106072.00
2013/12/12,14.66,14.74,14.47,14.53,1545744,23996164.00
2013/12/13,14.49,14.83,14.41,14.82,1327981,20737112.00
2013/12/16,14.83,14.85,14.56,14.57,1061920,16569750.00
2013/12/17,14.50,14.72,14.48,14.55,833617,12920651.00
2013/12/18,14.51,14.68,14.49,14.55,588086,9103854.00
2013/12/19,14.61,14.68,14.20,14.32,1150360,17622810.00
2013/12/20,14.35,14.40,14.01,14.11,1154559,17440940.00
2013/12/23,14.13,14.16,13.48,13.66,2270760,33226920.00
2013/12/24,13.68,14.06,13.67,13.84,1658476,24604124.00
2013/12/25,13.93,13.93,13.69,13.90,1115010,16425803.00
2013/12/26,13.91,13.92,13.38,13.44,1596386,23158388.00
2013/12/27,13.44,13.71,13.38,13.66,1079070,15646325.00
2013/12/30,14.13,14.88,14.10,14.56,4458851,68671584.00
2013/12/31,14.28,14.32,13.94,14.01,2316531,34751864.00
2014/01/02,13.93,14.15,13.88,14.13,1252773,18699712.00
2014/01/03,14.09,14.09,13.78,13.93,1169977,17346768.00
2014/01/06,13.86,13.93,13.34,13.40,1319406,19064560.00
2014/01/07,13.38,13.65,13.35,13.50,917385,13270681.00
2014/01/08,13.53,13.71,13.40,13.50,782723,11306027.00
2014/01/09,13.50,13.58,13.18,13.30,1229664,17585744.00
2014/01/10,13.30,13.30,13.01,13.08,1047935,14707780.00
2014/01/13,12.97,13.68,12.88,13.27,1389190,19481648.00
2014/01/14,13.25,13.32,13.08,13.30,957156,13520668.00
2014/01/15,13.30,13.32,13.10,13.29,1103704,15595651.00
2014/01/16,13.24,13.54,13.20,13.38,971876,13881596.00
2014/01/17,13.38,13.41,13.18,13.27,693658,9824239.00
2014/01/20,13.27,13.27,13.09,13.16,597239,8404296.00
2014/01/21,13.16,13.30,13.16,13.29,677226,9587618.00
2014/01/22,13.31,13.56,13.28,13.51,1389228,19987022.00
2014/01/23,13.52,13.65,13.49,13.53,1048140,15165464.00
2014/01/24,13.53,13.74,13.41,13.68,1346599,19585460.00
2014/01/27,13.58,13.58,13.38,13.43,1059420,15228342.00
2014/01/28,13.43,13.51,13.27,13.36,675984,9656474.00
2014/01/29,13.41,13.66,13.38,13.65,701019,10128224.00
2014/01/30,13.58,13.65,13.49,13.54,579441,8386052.00
2014/02/07,13.41,13.65,13.36,13.61,879657,12681026.00
2014/02/10,13.62,14.00,13.58,13.96,1756353,26001116.00
2014/02/11,13.96,14.41,13.83,14.25,2601360,39135412.00
2014/02/12,14.29,14.67,14.11,14.57,3539086,54332364.00
2014/02/13,14.51,15.23,14.28,14.65,5053827,79699880.00
2014/02/14,14.60,15.05,14.50,14.77,2819530,44289000.00
2014/02/17,14.83,14.92,14.65,14.81,2141919,33627060.00
2014/02/18,14.81,14.83,14.48,14.76,2303555,35855228.00
2014/02/19,14.71,15.07,14.60,14.78,2309514,36435036.00
2014/02/20,14.75,14.75,14.26,14.27,2094299,32241544.00
2014/02/21,14.29,14.46,14.14,14.43,1455913,22228126.00
2014/02/24,14.36,14.41,14.08,14.22,1053389,15898121.00
2014/02/25,14.19,14.38,13.70,13.76,1407098,21093052.00
2014/02/26,13.74,13.74,13.28,13.48,2165646,31122800.00
2014/02/27,13.58,13.66,13.38,13.47,1565310,22563496.00
2014/02/28,13.47,13.59,13.28,13.55,1086022,15587832.00
2014/03/03,13.55,13.85,13.45,13.82,1478251,21628320.00
2014/03/04,13.76,14.33,13.58,14.13,1821599,27152396.00
2014/03/05,13.98,14.28,13.93,14.03,1703725,25609772.00
2014/03/06,14.03,14.13,13.62,13.76,1719057,25250792.00
2014/03/07,13.68,13.68,13.38,13.42,2166992,31235520.00
2014/03/10,13.23,13.23,12.83,12.91,1663112,23171212.00
2014/03/11,12.87,13.03,12.69,12.93,891642,12333867.00
2014/03/12,12.93,13.03,12.70,12.92,703203,9687688.00
2014/03/13,12.94,13.15,12.90,13.14,877683,12263791.00
2014/03/14,13.06,13.09,12.85,12.98,734295,10191855.00
2014/03/17,12.96,13.26,12.93,13.25,631870,8891022.00
2014/03/18,13.24,13.33,13.18,13.24,491358,6964288.00
2014/03/19,13.22,13.22,13.10,13.20,455035,6402554.00
2014/03/20,13.18,13.26,12.91,12.92,569903,8009494.00
2014/03/21,12.85,13.26,12.84,13.24,738836,10332434.00
2014/03/24,13.18,13.46,13.14,13.42,880447,12581833.00
2014/03/25,13.37,13.50,13.18,13.36,927592,13234524.00
2014/03/26,13.34,13.46,13.29,13.38,656934,9400001.00
2014/03/27,13.30,13.38,13.18,13.25,651308,9243579.00
2014/03/28,13.19,13.33,13.12,13.16,810532,11454287.00
2014/03/31,13.13,13.28,12.98,13.01,522951,7348987.00
2014/04/01,12.99,13.26,12.99,13.24,383349,5396420.00
2014/04/02,13.24,13.32,13.22,13.28,485441,6890611.00
2014/04/03,13.32,13.55,13.29,13.54,1361745,19572068.00
2014/04/04,13.51,13.56,13.41,13.55,719369,10362262.00
2014/04/08,13.48,13.70,13.41,13.66,782913,11382769.00
2014/04/09,13.65,13.70,13.43,13.53,1296878,18778870.00
2014/04/10,13.58,13.75,13.51,13.67,1252159,18263160.00
2014/04/11,13.67,14.18,13.66,14.08,2363633,35112364.00
2014/04/14,14.01,14.67,14.01,14.44,4562770,70221824.00
2014/04/15,14.38,14.56,14.14,14.23,2544060,38790880.00
2014/04/16,14.18,14.62,14.10,14.38,1960028,30039592.00
2014/04/17,14.30,14.42,14.08,14.09,1527460,23089602.00
2014/04/18,14.09,14.26,14.01,14.19,871364,13131908.00
2014/04/21,14.08,14.33,13.93,13.99,1235949,18616138.00
2014/04/22,13.95,14.06,13.77,13.98,933416,13822644.00
2014/04/23,14.01,14.06,13.89,13.98,595884,8875623.00
2014/04/24,13.98,14.56,13.84,14.27,1622375,24568392.00
2014/04/25,14.12,14.22,13.53,13.56,1856836,27478140.00
2014/04/28,13.48,13.54,13.20,13.23,1288014,18398926.00
2014/04/29,13.33,13.48,13.25,13.47,675187,9653391.00
2014/04/30,13.47,13.82,13.46,13.79,770111,11217790.00
2014/05/05,13.67,13.88,13.62,13.78,832687,12197716.00
2014/05/06,13.76,13.86,13.64,13.77,887017,13010097.00
2014/05/07,13.69,13.76,13.28,13.32,1159870,16692719.00
2014/05/08,13.32,13.57,13.26,13.51,856329,12297396.00
2014/05/09,13.46,13.55,13.28,13.42,469333,6725874.00
2014/05/12,13.50,13.78,13.44,13.75,1029325,15009173.00
2014/05/13,13.73,13.83,13.64,13.77,633957,9306860.00
2014/05/14,13.76,13.76,13.60,13.66,403109,5876397.00
2014/05/15,13.59,13.73,13.36,13.38,527590,7608639.00
2014/05/16,13.38,13.51,13.31,13.45,303836,4353249.00
2014/05/19,13.46,13.53,13.30,13.47,359265,5149318.00
2014/05/20,13.54,13.63,13.45,13.48,468709,6781045.00
2014/05/21,13.42,13.63,13.34,13.57,551876,7983390.00
2014/05/22,13.56,13.65,13.41,13.42,777530,11258769.00
2014/05/23,13.36,13.54,13.33,13.50,572706,8212222.00
2014/05/26,13.47,13.65,13.46,13.65,662880,9603742.00
2014/05/27,13.66,13.66,13.53,13.57,345316,5004523.00
2014/05/28,13.61,13.86,13.59,13.86,1657766,24316756.00
2014/05/29,13.87,13.88,13.68,13.70,781085,11466414.00
2014/05/30,13.76,13.88,13.66,13.82,604948,8874689.00
2014/06/03,13.78,13.78,13.63,13.66,540940,7902923.00
2014/06/04,13.62,13.62,13.45,13.45,849801,12266307.00
2014/06/05,13.42,13.58,13.41,13.58,526451,7584635.00
2014/06/06,13.58,13.64,13.38,13.54,482511,6957658.00
2014/06/09,13.53,13.58,13.38,13.48,635449,9167101.00
2014/06/10,13.48,13.66,13.43,13.65,635178,9204299.00
2014/06/11,13.57,13.81,13.57,13.77,806894,11838610.00
2014/06/12,13.80,13.83,13.66,13.71,521510,7650854.00
2014/06/13,13.68,13.93,13.65,13.92,933530,13786039.00
2014/06/16,13.96,14.01,13.81,13.90,744308,11026772.00
2014/06/17,13.92,13.92,13.71,13.77,814105,11968159.00
2014/06/18,13.77,13.85,13.55,13.65,899565,13105664.00
2014/06/19,13.73,13.73,13.09,13.28,1116483,15446031.00
2014/06/20,13.18,14.43,13.15,14.15,4540866,65966192.00
2014/06/23,13.88,14.07,13.53,13.80,3238817,46277192.00
2014/06/24,13.81,13.87,13.63,13.76,983765,13950340.00
2014/06/25,13.69,14.08,13.56,13.82,1554018,22213404.00
2014/06/26,13.76,13.92,13.63,13.79,1256166,17884448.00
2014/06/27,13.79,13.97,13.65,13.80,1348498,19272616.00
2014/06/30,13.78,14.15,13.76,14.09,2156902,31356744.00
2014/07/01,14.13,14.30,14.02,14.11,1475724,21518568.00
2014/07/02,14.13,14.23,13.98,14.20,1267147,18503142.00
2014/07/03,14.13,14.73,14.13,14.65,4311916,64851792.00
2014/07/04,14.66,14.73,14.38,14.53,1869669,28056286.00
2014/07/07,14.59,14.59,14.35,14.50,1041777,15515753.00
2014/07/08,14.44,14.63,14.18,14.53,1327162,19691294.00
2014/07/09,14.43,14.62,14.26,14.29,960930,14339252.00
2014/07/10,14.27,14.40,14.19,14.28,838977,12358658.00
2014/07/11,14.25,14.50,14.20,14.48,865175,12876732.00
2014/07/14,14.43,14.90,14.43,14.77,2057241,31312908.00
2014/07/15,14.73,14.80,14.56,14.61,1132941,17141166.00
2014/07/16,14.72,14.81,14.58,14.70,878174,13302200.00
2014/07/17,14.74,15.01,14.53,14.71,2331242,35549780.00
2014/07/18,14.64,15.05,14.57,14.92,2736853,42063172.00
2014/07/21,14.92,15.23,14.86,14.93,1784225,27654434.00
2014/07/22,14.93,15.86,14.89,15.54,5766184,91894432.00
2014/07/23,15.52,15.83,14.89,14.93,5039752,79369720.00
2014/07/24,14.90,15.32,14.63,14.99,2984868,46009600.00
2014/07/25,14.99,15.07,14.71,14.92,2000465,30700680.00
2014/07/28,14.93,15.32,14.90,15.21,2586429,40314128.00
2014/07/29,15.19,16.18,15.05,15.88,7240373,117855512.00
2014/07/30,15.73,15.83,15.49,15.58,4170620,67193280.00
2014/07/31,15.65,15.93,15.49,15.77,2803092,45201424.00
2014/08/01,15.82,15.96,15.54,15.70,3228455,52321184.00
2014/08/04,15.69,15.75,15.42,15.71,2243508,36020264.00
2014/08/05,15.71,15.71,15.29,15.49,3586239,57059120.00
2014/08/06,15.39,15.43,15.22,15.33,2462035,38833288.00
2014/08/07,15.30,15.37,15.00,15.03,4206730,65765264.00
2014/08/08,15.01,15.19,15.01,15.14,1805058,28127052.00
2014/08/11,15.12,15.38,15.09,15.23,2765348,43552872.00
2014/08/12,15.26,15.37,15.23,15.33,1869884,29512066.00
2014/08/13,15.33,15.68,15.31,15.64,3979348,63831856.00
2014/08/14,15.68,15.81,15.33,15.36,2553235,40821472.00
2014/08/15,15.37,15.65,15.28,15.55,1530047,24407364.00
2014/08/18,15.57,15.68,15.53,15.62,1872826,30068172.00
2014/08/19,15.55,15.79,15.47,15.61,1983815,31920936.00
2014/08/20,15.61,15.61,15.36,15.47,1546693,24640232.00
2014/08/21,15.38,15.47,15.31,15.41,1169407,18528456.00
2014/08/22,15.46,15.49,15.38,15.47,1042504,16598178.00
2014/08/25,15.44,15.70,15.35,15.51,1444126,23134440.00
2014/08/26,15.57,15.58,15.09,15.22,2024455,32040274.00
2014/08/27,15.17,15.32,15.13,15.20,810242,12715129.00
2014/08/28,15.17,15.29,15.11,15.20,726436,11375585.00
2014/08/29,15.20,15.42,15.13,15.39,970362,15267346.00
2014/09/01,15.39,15.54,15.39,15.48,1192878,19034154.00
2014/09/02,15.45,15.88,15.45,15.86,3781505,61213432.00
2014/09/03,15.98,15.99,15.67,15.76,3874113,62961904.00
2014/09/04,15.78,16.02,15.78,15.94,3267371,53546300.00
2014/09/05,16.11,16.60,15.96,16.44,6345726,106435136.00
2014/09/09,16.45,16.71,16.13,16.60,5333302,89695272.00
2014/09/10,16.43,16.43,16.21,16.33,3420313,57422672.00
2014/09/11,16.34,16.61,16.19,16.33,3909795,65923928.00
2014/09/12,16.33,16.34,16.16,16.32,2474663,41387520.00
2014/09/15,16.29,16.47,16.16,16.40,2715337,45583328.00
2014/09/16,16.38,16.42,15.73,15.82,3631438,60223192.00
2014/09/17,15.83,16.01,15.68,16.00,1882622,30777508.00
2014/09/18,16.03,16.18,15.68,16.10,1566868,25889024.00
2014/09/19,16.03,16.20,15.93,16.16,1561357,25806276.00
2014/09/22,16.06,16.12,15.75,15.91,1421342,23271704.00
2014/09/23,15.92,16.12,15.79,16.11,2010581,33042396.00
2014/09/24,16.03,16.43,15.78,16.35,2787143,46670504.00
2014/09/25,16.33,16.52,16.18,16.25,3068302,51751188.00
2014/09/26,16.18,16.89,16.13,16.78,4739671,81253392.00
2014/09/29,16.81,17.43,16.78,17.31,5552109,97936088.00
2014/09/30,17.31,17.55,17.04,17.35,3752120,66973980.00
2014/10/08,17.33,17.37,17.01,17.24,3025914,53326088.00
2014/10/09,17.38,17.84,17.34,17.49,3436822,61965552.00
2014/10/10,17.33,17.48,16.96,16.99,2743468,48490852.00
2014/10/13,16.98,17.18,16.49,16.86,3272528,56167512.00
2014/10/14,16.80,17.13,16.70,16.95,2398355,41601308.00
2014/10/15,16.95,17.15,16.89,17.08,1664844,29137684.00
2014/10/16,16.95,17.08,16.70,16.77,1813307,31493104.00
2014/10/17,16.76,16.83,16.31,16.53,2414645,41049752.00
2014/10/20,16.58,18.10,16.47,18.02,8704136,156521088.00
2014/10/21,18.01,18.03,17.61,17.78,6243869,114449144.00
2014/10/22,17.55,17.88,17.15,17.37,4811641,86511112.00
2014/10/23,17.18,18.63,17.18,18.61,10846675,202620272.00
2014/10/24,18.45,20.48,18.23,19.75,12954363,258390896.00
2014/10/27,19.68,19.73,18.91,19.37,7715611,152585312.00
2014/10/28,19.46,20.23,19.31,20.19,8671080,175123504.00
2014/10/29,20.17,22.12,19.86,21.63,13632615,296216672.00
2014/10/30,21.33,21.63,20.94,21.34,9336389,203218240.00
2014/10/31,21.53,21.73,20.79,20.82,7234167,156859808.00
2014/11/03,21.73,22.42,20.84,21.05,17280639,379452640.00
2014/11/04,20.73,20.74,19.68,19.83,11185098,228992688.00
2014/11/05,19.69,20.18,19.31,20.06,6154608,124852472.00
2014/11/06,19.88,20.08,19.65,19.96,3331677,68016720.00
2014/11/07,20.03,20.21,19.45,19.55,5091080,103432104.00
2014/11/10,19.69,20.36,19.56,20.35,6090033,124941392.00
2014/11/11,20.41,20.53,19.43,19.60,5340834,108350520.00
2014/11/12,19.43,20.07,19.43,20.04,3486475,70864280.00
2014/11/13,20.01,21.01,19.54,20.55,8580025,179568416.00
2014/11/14,20.24,20.38,19.80,20.12,3138743,64598120.00
2014/11/17,20.52,21.18,20.24,20.72,6508625,138261760.00
2014/11/18,20.71,22.40,20.53,21.80,10893029,238320192.00
2014/11/19,21.50,21.70,20.93,21.19,7239043,157154704.00
2014/11/20,20.85,21.56,20.43,21.30,7152772,153516464.00
2014/11/21,21.04,21.32,20.80,20.95,5250888,112786696.00
2014/11/24,21.11,21.44,20.63,21.08,6444399,138212800.00
2014/11/25,21.08,21.25,20.69,21.22,4775527,102201968.00
2014/11/26,21.18,21.39,20.84,21.23,4982674,107457088.00
2014/11/27,21.05,21.23,20.60,20.68,5857375,125021064.00
2014/11/28,20.74,21.58,20.74,21.14,9871296,214345328.00
2014/12/01,21.02,21.52,20.59,20.86,6150897,132214272.00
2014/12/02,20.74,20.91,20.59,20.75,7246847,153829040.00
2014/12/03,20.74,20.74,20.18,20.37,7809263,162872496.00
2014/12/04,20.37,20.83,20.20,20.52,7573015,159393824.00
2014/12/05,20.53,20.62,19.64,19.93,7594437,156313152.00
2014/12/08,20.28,21.97,20.23,21.97,20768286,455523552.00
2014/12/09,22.53,24.21,21.61,22.54,27142431,647834688.00
2014/12/10,23.03,24.84,23.03,24.84,19903842,492183520.00
2014/12/11,26.53,27.37,25.53,27.37,7374215,202824672.00
2014/12/12,29.83,29.83,25.56,29.28,25886105,717329536.00
2014/12/15,29.28,29.49,27.30,27.58,19960437,572843264.00
2014/12/16,27.55,27.55,25.60,26.57,18076939,485255840.00
2014/12/17,26.20,28.73,25.68,27.06,18422389,511210560.00
2014/12/18,26.64,26.98,26.05,26.49,8559748,230414928.00
2014/12/19,26.23,27.01,25.98,26.32,9114653,244964832.00
2014/12/22,25.80,25.80,23.64,23.66,11129262,275350528.00
2014/12/23,23.28,24.33,23.13,23.73,4997489,121657056.00
2014/12/24,23.93,24.91,23.56,24.51,6195464,152854800.00
2014/12/25,24.78,24.91,24.17,24.64,5142839,128249976.00
2014/12/26,24.53,25.67,24.34,25.32,8179088,209446640.00
2014/12/29,25.52,25.52,24.44,24.52,6323052,159387776.00
2014/12/30,24.43,24.69,23.33,23.47,5525403,133310176.00
2014/12/31,23.36,23.53,22.75,23.52,5222345,123282664.00
2015/01/05,23.53,24.33,23.44,24.24,6724673,164410048.00
2015/01/06,24.03,24.28,23.53,24.07,4858018,118443088.00
2015/01/07,23.98,24.36,23.62,24.01,6758132,165444928.00
2015/01/08,23.89,24.05,23.15,23.27,4760425,113853632.00
2015/01/09,23.18,23.64,22.94,23.00,5004943,118195760.00
2015/01/12,22.75,23.25,22.48,22.59,3585983,83402072.00
2015/01/13,22.59,22.83,22.42,22.76,3397147,78539832.00
2015/01/14,22.73,22.85,22.27,22.63,3197314,73545272.00
2015/01/15,22.56,23.07,22.49,23.00,4203387,97917968.00
2015/01/16,23.01,23.57,22.91,23.52,4848508,114787184.00
2015/01/19,23.03,24.00,22.46,22.75,5973508,141331312.00
2015/01/20,22.75,23.68,22.63,23.62,4890662,115799656.00
2015/01/21,23.95,24.41,23.73,24.24,7249427,178439040.00
2015/01/22,24.30,24.72,24.15,24.40,5706894,141792992.00
2015/01/23,24.23,24.44,23.83,23.95,4728171,115766384.00
2015/01/26,23.92,24.68,23.63,24.64,5513526,136354384.00
2015/01/27,24.63,26.03,24.30,25.60,11385951,290584512.00
2015/01/28,25.42,26.11,24.86,25.73,7357583,191251568.00
2015/01/29,25.28,26.08,25.10,25.45,5937905,154762176.00
2015/01/30,25.47,26.02,24.16,24.28,4138557,105162704.00
2015/02/02,23.73,23.85,23.03,23.13,4069954,97126392.00
2015/02/03,23.25,23.50,22.74,23.41,3842797,90537032.00
2015/02/04,23.43,23.49,22.97,22.98,2787619,66061056.00
2015/02/05,23.33,23.38,22.56,22.62,2915571,68130008.00
2015/02/06,22.66,22.82,21.53,21.60,4009929,90175504.00
2015/02/09,21.88,21.93,20.93,21.41,4044493,89020888.00
2015/02/10,21.31,21.69,21.30,21.67,3965839,87041056.00
2015/02/11,21.67,22.65,21.56,22.36,4811572,108675600.00
2015/02/12,22.33,22.36,21.91,22.18,3157369,71406536.00
2015/02/13,22.33,22.77,22.33,22.51,3402293,78378424.00
2015/02/16,22.54,22.85,22.40,22.77,2855858,66240448.00
2015/02/17,22.86,23.49,22.86,23.47,3636765,86041832.00
2015/02/25,23.45,23.45,22.79,22.81,2761074,65171800.00
2015/02/26,22.81,23.67,22.80,23.58,4253252,101529168.00
2015/02/27,23.39,23.57,23.26,23.45,3555001,84915240.00
2015/03/02,23.53,23.84,23.28,23.72,3854814,92697144.00
2015/03/03,23.82,23.86,23.20,23.24,4307197,103220568.00
2015/03/04,23.23,23.32,22.96,23.23,3060630,72278736.00
2015/03/05,23.27,23.36,22.96,23.12,2850868,67351720.00
2015/03/06,23.18,23.98,23.18,23.84,6663005,161405600.00
2015/03/09,23.89,23.90,23.14,23.56,4109749,98061952.00
2015/03/10,23.56,24.27,23.33,23.93,5006408,122150944.00
2015/03/11,23.93,24.41,23.63,23.94,5185735,127388136.00
2015/03/12,24.02,24.19,23.54,23.74,3917443,95037376.00
2015/03/13,23.80,24.37,23.75,24.11,4378516,107562048.00
2015/03/16,24.19,24.93,24.19,24.82,6793786,170446448.00
2015/03/17,24.83,27.33,24.83,26.70,14667074,393062560.00
2015/03/18,26.97,27.73,26.30,26.68,10093622,274406080.00
2015/03/19,26.43,26.93,25.83,26.72,10585119,281712672.00
2015/03/20,26.52,26.52,26.05,26.42,6782792,181653760.00
2015/03/23,26.72,26.94,26.31,26.53,10252794,276418304.00
2015/03/24,26.51,26.51,25.35,26.01,9860772,260074096.00
2015/03/25,26.82,27.92,26.28,26.37,15430281,423691552.00
2015/03/26,26.21,26.25,25.53,26.00,6792769,179166928.00
2015/03/27,25.99,26.21,25.79,26.09,4031701,106756328.00
2015/03/30,26.78,27.68,26.78,27.56,15555188,433264256.00
2015/03/31,27.61,28.09,26.90,26.93,10465682,291105696.00
2015/04/01,26.86,27.43,26.43,27.13,6755970,185480768.00
2015/04/02,27.08,27.38,26.95,27.15,6719248,185591952.00
2015/04/03,26.86,27.17,26.68,27.16,5979991,164082224.00
2015/04/07,27.24,29.53,27.17,28.84,15888541,459500992.00
2015/04/08,28.39,28.87,27.91,28.23,8910292,256525264.00
2015/04/09,28.25,28.38,27.04,27.92,7124422,200799760.00
2015/04/10,27.88,28.53,27.68,28.31,6550075,188210736.00
2015/04/13,28.44,29.03,28.33,28.55,6339345,183880016.00
2015/04/14,28.82,29.42,28.60,28.79,7648078,225142272.00
2015/04/15,28.78,28.79,27.23,27.96,6992654,199390416.00
2015/04/16,27.87,28.27,27.53,28.10,6017010,171183136.00
2015/04/17,28.11,29.63,28.11,29.34,11504036,339676192.00
2015/04/20,29.53,31.62,29.53,30.87,17032927,526067296.00
2015/04/21,30.87,30.88,29.43,30.45,9534433,291468864.00
2015/04/22,30.41,32.20,30.09,31.39,11115800,350742368.00
2015/04/23,31.71,31.71,30.54,30.75,9240631,290134656.00
2015/04/24,29.23,29.43,28.55,29.20,14980597,442309184.00
2015/04/27,29.38,29.48,28.83,29.00,10247232,302553568.00
2015/04/28,28.83,28.93,27.43,27.49,9926480,282129696.00
2015/04/29,27.23,28.43,27.09,28.21,6233347,176729648.00
2015/04/30,28.07,29.00,28.07,28.69,7581324,219771248.00
2015/05/04,28.42,28.83,27.58,28.24,9292843,264996800.00
2015/05/05,27.88,27.88,26.43,26.58,7353537,203202064.00
2015/05/06,26.41,26.85,25.55,25.68,5229693,140386464.00
2015/05/07,25.53,25.77,25.03,25.09,4242366,109347856.00
2015/05/08,25.35,25.75,25.22,25.66,4804730,124619392.00
2015/05/11,25.92,26.48,25.60,26.43,6048793,160635520.00
2015/05/12,26.46,26.66,26.23,26.58,5628111,151591296.00
2015/05/13,26.48,26.53,26.20,26.37,4808610,129005384.00
2015/05/14,26.42,26.51,26.03,26.11,4479199,119431152.00
2015/05/15,26.07,26.07,25.38,25.57,4266896,111395608.00
2015/05/18,25.38,25.78,25.24,25.53,3631267,94594640.00
2015/05/19,25.53,26.48,25.53,26.45,5199204,138536256.00
2015/05/20,26.64,27.28,26.53,26.59,7242903,199093904.00
2015/05/21,26.53,29.30,26.51,29.30,16244011,465799392.00
2015/05/22,29.58,30.21,28.25,28.90,13196006,390301504.00
2015/05/25,28.53,31.84,28.52,31.84,20980533,659677440.00
2015/05/26,32.20,35.00,32.20,33.52,19764559,669543424.00
2015/05/27,33.53,35.28,32.29,35.21,19051043,656893184.00
2015/05/28,34.84,36.49,33.53,33.58,18548638,656870080.00
2015/05/29,33.43,36.38,31.64,34.65,20150426,713005952.00
2015/06/01,35.11,37.39,34.11,36.03,11811366,423605280.00
2015/06/02,35.68,36.97,34.93,35.78,10253568,371884096.00
2015/06/03,35.93,36.88,33.71,35.01,9464027,339886848.00
2015/06/04,34.73,34.73,31.53,32.81,10106246,337913280.00
2015/06/05,33.57,35.83,33.27,34.83,13256919,467741984.00
2015/06/08,34.91,36.68,34.28,36.19,12646310,458197728.00
2015/06/09,35.79,36.03,34.34,34.66,5955339,212357520.00
2015/06/10,34.50,36.51,33.93,35.73,8226821,297542176.00
2015/06/11,34.73,37.71,34.11,37.66,11038458,397599008.00
2015/06/12,37.66,38.25,36.74,37.05,7212488,272415552.00
2015/06/15,37.53,40.80,37.51,40.80,13954164,557139456.00
2015/06/16,40.11,40.40,36.67,36.67,11370704,434895680.00
2015/06/17,35.63,36.85,32.96,35.13,8703255,304118592.00
2015/06/18,35.23,37.39,33.53,33.99,7465124,269856224.00
2015/06/19,32.85,33.00,30.59,30.59,6179092,194226192.00
2015/06/23,29.75,30.85,27.53,30.01,9623048,278314016.00
2015/06/24,30.32,31.48,29.80,31.01,8412684,259587632.00
2015/06/25,31.21,31.34,28.36,28.97,6042806,181970544.00
2015/06/26,28.00,28.49,26.07,26.07,9020716,243251536.00
2015/06/29,26.62,28.68,25.00,28.67,15764615,429973568.00
2015/06/30,27.97,31.03,26.46,30.61,14769289,423914144.00
2015/07/01,29.61,30.40,27.55,27.56,9294101,272982304.00
2015/07/02,27.58,28.10,25.00,25.35,9732374,257170176.00
2015/07/03,25.20,26.35,22.88,23.32,10550680,256593296.00
2015/07/06,25.64,25.64,21.00,22.30,12722106,293138528.00
2015/07/07,21.50,21.80,20.07,20.07,8022394,164696816.00
2015/07/08,18.07,18.11,18.06,18.06,5263000,95061952.00
2015/07/09,16.30,19.87,16.30,19.87,10922939,201194976.00
2015/07/10,20.87,21.86,20.10,21.86,8422339,181231136.00
2015/07/13,22.79,24.05,22.00,24.05,9360379,219170656.00
2015/07/14,24.20,25.80,23.20,24.16,11018895,271481536.00
2015/07/15,23.50,23.93,21.74,21.75,7783666,173849136.00
2015/07/16,20.70,22.94,19.86,22.26,6712384,145234784.00
2015/07/17,22.10,24.32,22.10,24.20,8135171,188463824.00
2015/07/20,24.10,26.50,23.55,25.56,11012465,271774656.00
2015/07/21,24.88,25.98,24.42,25.18,6807835,171802992.00
2015/07/22,25.14,25.68,24.26,24.83,5406822,134969024.00
2015/07/23,24.78,26.66,24.50,25.91,9192964,237626032.00
2015/07/24,25.74,26.48,24.86,25.01,7082104,182238896.00
2015/07/27,24.48,25.19,22.51,24.36,11687196,278834496.00
2015/07/28,23.10,24.15,21.96,23.81,7797163,178141232.00
2015/07/29,23.55,24.65,22.60,24.30,7278165,172742608.00
2015/07/30,24.20,25.88,23.42,24.31,14172902,345623264.00
2015/07/31,23.80,23.93,22.59,22.72,7052163,163815392.00
2015/08/03,22.50,22.50,20.94,21.01,5562538,119449528.00
2015/08/04,20.87,22.44,20.86,22.29,5380263,117640312.00
2015/08/05,22.25,23.11,21.97,22.22,6092462,137469696.00
2015/08/06,21.80,22.50,21.52,22.23,4012442,88753600.00
2015/08/07,22.50,23.34,22.25,22.98,4433487,101617288.00
2015/08/10,23.16,24.42,22.93,24.22,6275251,149243888.00
2015/08/11,24.22,25.36,23.81,24.55,8526712,211910256.00
2015/08/12,23.80,24.45,23.45,23.47,5711973,136509696.00
2015/08/13,23.38,23.99,23.00,23.94,6387541,150717776.00
2015/08/14,24.13,26.33,24.13,26.33,19274354,498508672.00
2015/08/17,26.70,28.96,25.65,28.96,23070721,625740608.00
2015/08/18,28.27,28.83,26.06,26.06,13868115,378678784.00
2015/08/19,24.99,27.44,23.98,26.67,9885230,252810096.00
2015/08/20,26.00,26.70,24.80,25.60,6302815,162012224.00
2015/08/21,25.35,25.38,23.17,24.97,9062120,221988944.00
2015/08/24,23.50,24.20,22.47,22.47,3433397,78129960.00
2015/08/25,20.23,21.12,20.22,20.22,5644639,115057992.00
2015/08/26,20.36,22.24,18.21,21.52,9520399,190688304.00
2015/08/27,20.50,21.70,20.26,21.61,7333713,153828880.00
2015/08/28,21.59,23.57,21.15,23.50,9807587,217309920.00
2015/08/31,22.66,24.00,21.89,23.61,7235419,163380944.00
2015/09/01,22.58,22.58,21.25,21.28,5562373,120434976.00
2015/09/02,19.20,21.26,19.18,19.85,13741713,280755712.00
2015/09/07,20.15,20.80,19.58,19.65,6635313,133824728.00
2015/09/08,19.40,20.32,18.60,20.14,6329171,122648440.00
2015/09/09,20.15,20.83,19.95,20.58,8480381,173548544.00
2015/09/10,19.97,20.38,19.76,19.80,6358953,127686824.00
2015/09/11,19.63,20.15,19.13,19.77,4153405,81653536.00
2015/09/14,20.10,20.18,17.81,17.86,5047009,94472848.00
2015/09/15,17.45,17.66,16.46,16.63,4512956,76972480.00
2015/09/16,16.65,18.25,16.65,17.98,5463186,95239720.00
2015/09/17,17.85,18.35,17.27,17.32,4802748,86147864.00
2015/09/18,17.39,17.87,17.21,17.79,3781452,66277580.00
2015/09/21,17.59,18.29,17.32,18.24,3521321,63247536.00
2015/09/22,18.24,18.97,18.21,18.66,4978104,92767728.00
2015/09/23,18.08,18.34,17.66,17.92,4711998,85022920.00
2015/09/24,18.04,18.34,18.00,18.28,3567436,64914820.00
2015/09/25,18.05,18.38,17.70,17.99,3071276,55352272.00
2015/09/28,17.90,18.24,17.63,18.17,2540649,45773864.00
2015/09/29,17.80,18.08,17.67,17.76,2388398,42591928.00
2015/09/30,17.78,18.00,17.76,17.88,1559286,27877430.00
2015/10/08,18.50,18.68,18.27,18.58,4102295,75829688.00
2015/10/09,18.57,18.94,18.39,18.82,3575152,66732368.00
2015/10/12,18.91,19.93,18.82,19.79,5807227,113148032.00
2015/10/13,19.78,20.28,19.51,20.22,4903531,97602912.00
2015/10/14,20.05,20.27,19.57,19.59,3853908,76637800.00
2015/10/15,19.58,20.22,19.46,20.15,5227118,104615928.00
2015/10/16,20.21,20.85,20.17,20.61,5857475,120397688.00
2015/10/19,20.60,20.74,20.22,20.46,4195374,85880824.00
2015/10/20,20.30,20.77,20.27,20.72,4101833,84298976.00
2015/10/21,20.90,20.90,18.99,19.22,5647053,113241616.00
2015/10/22,19.25,20.06,19.25,19.98,3795003,74559704.00
2015/10/23,20.14,20.52,19.97,20.44,4194071,85089232.00
2015/10/26,20.67,21.01,20.55,20.89,5086138,105561104.00
2015/10/27,20.80,20.98,19.51,20.84,3500868,71805200.00
2015/10/28,20.80,20.96,20.48,20.64,2744145,56814652.00
2015/10/29,20.69,21.10,20.41,20.97,2600788,54170488.00
2015/10/30,20.81,21.18,20.21,20.97,2888127,60088604.00
2015/11/02,20.75,21.47,20.35,21.00,4093450,86694008.00
2015/11/03,21.00,22.08,21.00,21.88,6407346,138673920.00
2015/11/04,24.00,24.07,22.32,24.07,7546195,181332544.00
2015/11/05,26.30,26.48,24.41,24.49,22807973,589106240.00
2015/11/06,23.75,26.00,23.28,25.74,17926197,442927232.00
2015/11/09,24.69,25.49,24.33,24.85,12784471,316791552.00
2015/11/10,24.84,24.84,24.00,24.26,10011079,243015120.00
2015/11/11,24.08,24.55,24.04,24.28,5011197,121561512.00
2015/11/12,24.15,24.56,23.58,23.84,6941807,166841584.00
2015/11/13,23.60,23.98,23.41,23.52,4212087,99796160.00
2015/11/16,22.99,23.73,22.81,23.71,3817655,88700400.00
2015/11/17,23.89,24.48,23.73,24.06,7248720,175093888.00
2015/11/18,24.18,24.29,23.14,23.24,4340786,102727200.00
2015/11/19,23.36,23.67,23.18,23.62,2609939,61156772.00
2015/11/20,23.75,23.88,23.58,23.73,3281088,77899640.00
2015/11/23,23.60,23.98,23.40,23.49,3436333,81327784.00
2015/11/24,23.46,23.67,23.38,23.63,3287489,77343696.00
2015/11/25,23.69,24.12,23.51,24.07,5101221,121527720.00
2015/11/26,24.06,24.18,23.67,23.82,4096221,97912136.00
2015/11/27,23.50,23.75,21.70,21.98,4971635,113737712.00
2015/11/30,22.01,22.26,20.21,21.41,5263780,111577128.00
2015/12/01,21.30,21.72,21.00,21.61,2802181,60039076.00
2015/12/02,21.61,22.21,21.36,22.19,3423724,74306424.00
2015/12/03,22.29,22.72,22.18,22.61,2888086,64875080.00
2015/12/04,22.52,22.52,22.00,22.18,2677717,59471672.00
2015/12/07,22.18,22.71,22.18,22.54,2612244,58804964.00
2015/12/08,22.35,23.19,22.35,22.49,3457767,78632656.00
2015/12/09,22.29,22.31,21.75,21.88,2499146,54961516.00
2015/12/10,21.90,22.20,21.75,21.77,2058194,45252768.00
2015/12/11,21.77,22.09,21.77,21.92,1880171,41214524.00
2015/12/14,21.90,22.47,21.70,22.43,1899988,42217536.00
2015/12/15,22.45,22.73,22.36,22.54,1620979,36581408.00
2015/12/16,22.67,22.88,22.55,22.83,1766595,40187944.00
2015/12/17,22.86,23.29,22.86,23.28,2868889,66471472.00
2015/12/18,23.28,23.96,23.15,23.45,4091299,96573168.00
2015/12/21,23.35,24.20,23.20,23.95,4451442,105950800.00
2015/12/22,23.90,24.02,23.55,23.84,3584161,85203368.00
2015/12/23,23.81,24.09,23.69,23.82,3907708,93464864.00
2015/12/24,23.70,23.95,23.46,23.82,2658134,62984424.00
2015/12/25,23.82,24.50,23.80,24.08,2273193,54853004.00
2015/12/28,24.29,24.44,23.35,23.44,3110105,74631536.00
2015/12/29,23.10,23.77,23.10,23.67,2115316,49712016.00
2015/12/30,23.71,23.88,23.49,23.73,1899004,44923068.00
2015/12/31,23.67,23.78,23.08,23.12,2685336,62751088.00
2016/01/04,23.08,23.29,21.20,21.25,1892117,42407960.00
2016/01/05,20.70,21.75,20.24,21.43,2427629,51433072.00
2016/01/06,21.42,21.90,21.28,21.86,1929674,41721072.00
2016/01/07,21.40,21.42,20.10,20.21,486531,10133475.00
2016/01/08,20.78,20.99,19.46,20.72,2629586,54354760.00
2016/01/11,20.32,21.25,19.88,20.00,3850363,78703312.00
2016/01/12,20.25,20.27,19.39,19.96,2070996,41224896.00
2016/01/13,19.95,20.19,19.30,19.35,1765099,34928552.00
2016/01/14,18.98,19.89,18.77,19.82,2011276,38732464.00
2016/01/15,19.70,19.94,18.70,19.09,2491312,48180668.00
2016/01/18,18.60,19.40,18.60,19.14,1958568,37438504.00
2016/01/19,19.08,19.75,19.02,19.73,1595806,30983296.00
2016/01/20,19.70,20.38,19.49,19.88,2067750,41212460.00
2016/01/21,19.50,19.92,18.79,18.92,1703592,33114834.00
2016/01/22,19.06,19.30,18.75,19.19,965980,18425520.00
2016/01/25,19.29,19.50,19.13,19.40,999684,19338200.00
2016/01/26,19.25,19.26,18.01,18.04,1546728,28842866.00
2016/01/27,18.30,18.35,17.26,17.83,1340397,23693748.00
2016/01/28,17.61,17.90,17.18,17.19,955589,16783340.00
2016/01/29,17.29,17.88,17.19,17.74,1352825,23764104.00
2016/02/01,18.51,19.51,18.11,18.42,4567051,85384160.00
2016/02/02,17.97,18.85,17.97,18.73,2631646,48807516.00
2016/02/03,18.38,18.73,18.10,18.66,1252662,23092684.00
2016/02/04,18.60,18.94,18.60,18.85,1559901,29329184.00
2016/02/05,18.86,18.89,18.40,18.55,1570473,29190042.00
2016/02/15,18.10,18.59,18.01,18.43,1146157,20967666.00
2016/02/16,18.52,19.10,18.52,19.04,1836954,34773440.00
2016/02/17,19.09,19.11,18.71,19.07,2135023,40372084.00
2016/02/18,19.15,19.30,18.88,19.05,1825923,34891136.00
2016/02/19,18.91,19.22,18.91,19.06,1280037,24389976.00
2016/02/22,19.25,19.88,19.15,19.59,2784533,54341616.00
2016/02/23,19.49,19.57,19.01,19.21,2088577,40271008.00
2016/02/24,19.17,19.35,18.84,19.29,1814949,34730548.00
2016/02/25,19.16,19.28,17.86,17.93,2432928,45092624.00
2016/02/26,18.12,18.28,17.56,18.03,1266366,22811916.00
2016/02/29,17.98,18.07,16.91,17.16,1881110,32318476.00
2016/03/01,17.20,17.59,17.01,17.48,1442932,24921550.00
2016/03/02,17.52,18.32,17.47,18.24,1930579,34705336.00
2016/03/03,18.22,18.55,18.12,18.30,2063691,37810528.00
2016/03/04,18.28,18.29,17.69,17.93,1372508,24735074.00
2016/03/07,18.07,18.53,18.07,18.31,1880833,34452236.00
2016/03/08,18.26,18.38,17.72,18.34,2030720,36599844.00
2016/03/09,18.17,18.17,17.60,18.00,1112551,19932022.00
数据来源:通达信
