600466 蓝光发展 日线 前复权
      日期	    开盘	    最高	    最低	    收盘	    成交量	    成交额
2011/01/04,3.90,3.97,3.85,3.96,2810285,27523866.00
2011/01/05,3.94,4.01,3.91,3.99,3397528,33881632.00
2011/01/06,3.99,4.01,3.89,3.91,2842795,28032990.00
2011/01/07,3.90,3.98,3.89,3.93,2104262,20686320.00
2011/01/10,3.91,4.01,3.89,3.92,3449583,34174388.00
2011/01/11,3.90,4.03,3.77,4.02,5486839,53903216.00
2011/01/12,4.03,4.09,3.99,4.07,5799871,58828136.00
2011/01/13,4.07,4.21,4.03,4.17,10846749,112764064.00
2011/01/14,4.13,4.19,4.07,4.07,6630240,68383856.00
2011/01/17,3.99,4.09,3.93,3.97,6023005,60735220.00
2011/01/18,3.94,4.19,3.93,4.18,7689648,78660432.00
2011/01/19,4.21,4.31,4.13,4.27,10485120,111215624.00
2011/01/20,4.26,4.31,4.03,4.09,7173029,75032184.00
2011/01/21,4.09,4.25,4.03,4.25,7503319,78367216.00
2011/01/24,4.23,4.41,4.15,4.17,8929901,95937120.00
2011/01/25,4.09,4.13,3.79,3.86,7478397,73532760.00
2011/01/26,3.85,3.95,3.85,3.88,3727706,36351308.00
2011/01/27,3.83,3.95,3.83,3.93,3678849,36058236.00
2011/01/28,3.92,4.14,3.91,4.13,4915626,49758620.00
2011/01/31,4.11,4.22,4.06,4.18,5969168,61859224.00
2011/02/01,4.18,4.30,4.12,4.27,7356123,78075088.00
2011/02/09,4.23,4.35,4.17,4.25,5954775,63291000.00
2011/02/10,4.26,4.57,4.21,4.55,15380497,170428640.00
2011/02/11,4.49,4.71,4.44,4.70,14804804,169744896.00
2011/02/14,4.65,4.82,4.57,4.81,12601384,148668176.00
2011/02/15,4.79,4.89,4.69,4.75,11737993,141040304.00
2011/02/16,4.75,5.13,4.73,5.11,11569342,142160384.00
2011/02/17,5.07,5.51,5.00,5.41,13631799,179100400.00
2011/02/18,5.34,5.39,5.15,5.29,9214651,121360584.00
2011/02/21,5.24,5.37,5.20,5.34,7756614,103147448.00
2011/02/22,5.31,5.34,4.95,5.17,10442881,133764624.00
2011/02/23,5.10,5.43,5.08,5.42,10950921,145207680.00
2011/02/24,5.39,5.42,5.22,5.34,6111213,81238320.00
2011/02/25,5.29,5.59,5.23,5.53,7343074,100147600.00
2011/02/28,5.51,5.51,5.37,5.41,5572817,75768632.00
2011/03/01,5.41,5.87,5.41,5.57,12028663,169751696.00
2011/03/02,5.50,5.82,5.16,5.75,13890212,191899696.00
2011/03/03,6.33,6.33,6.33,6.33,20273937,321341888.00
2011/03/04,6.47,6.97,6.39,6.80,62404438,1046402304.00
2011/03/07,6.63,6.77,6.57,6.67,23712118,396234112.00
2011/03/08,6.70,7.25,6.65,6.99,33627674,584556608.00
2011/03/09,6.88,7.54,6.88,7.43,28136844,505516992.00
2011/03/10,7.37,7.77,7.29,7.47,22419402,421412736.00
2011/03/11,7.39,8.22,7.39,8.22,28423303,567722432.00
2011/03/14,8.17,8.95,7.88,8.47,33415280,706518016.00
2011/03/15,8.39,8.57,7.97,8.19,24153715,495792128.00
2011/03/16,8.19,8.55,7.93,8.08,22100053,450530432.00
2011/03/17,7.95,8.28,7.78,7.94,17286568,346311232.00
2011/03/18,8.01,8.59,7.90,8.39,24530621,507282432.00
2011/03/21,8.27,8.28,7.63,7.83,29233677,581497792.00
2011/03/22,7.74,7.83,7.42,7.61,16210866,307807520.00
2011/03/24,7.88,8.25,7.79,7.96,24410065,487157696.00
2011/03/25,7.87,8.12,7.77,7.98,13693207,272521952.00
2011/03/28,7.90,8.01,7.47,7.52,21908246,421791936.00
2011/03/29,7.43,7.63,7.26,7.33,14706474,273505312.00
2011/03/30,7.31,7.51,7.28,7.41,7408785,137357520.00
2011/03/31,7.51,7.55,7.03,7.15,11904170,215024752.00
2011/04/01,7.18,7.65,7.15,7.55,14465645,270184640.00
2011/04/06,7.48,7.58,7.29,7.42,10786242,199938048.00
2011/04/07,7.43,7.62,7.30,7.54,13143240,246533744.00
2011/04/08,7.71,8.30,7.71,8.30,27288305,222470784.00
2011/04/11,8.40,8.96,8.37,8.64,125579138,1088613504.00
2011/04/12,8.42,8.48,7.94,8.22,49607521,408250048.00
2011/04/13,8.11,8.65,7.91,8.50,47712259,401133312.00
2011/04/14,8.47,9.35,8.29,9.35,95664834,872880960.00
2011/04/15,9.59,10.23,9.24,10.03,139980314,1360708224.00
2011/04/18,9.68,11.03,9.59,11.03,87525158,919782720.00
2011/04/19,11.03,12.13,11.03,12.13,65635413,779947584.00
2011/04/20,12.49,13.34,12.09,13.28,135913520,1735724544.00
2011/04/26,11.95,11.95,11.95,11.95,2404300,28755428.00
2011/04/27,10.75,10.75,10.75,10.75,7360600,79200056.00
2011/04/28,9.88,11.47,9.67,9.88,95983573,984823552.00
2011/04/29,9.64,10.23,9.47,9.80,64194549,629630464.00
2011/05/03,9.74,10.17,9.31,10.07,63140857,616049920.00
2011/05/04,9.88,11.08,9.69,11.08,75015844,793953280.00
2011/05/05,11.18,11.77,10.65,11.34,106184627,1203433344.00
2011/05/06,10.98,12.35,10.89,12.15,85401389,1012554496.00
2011/05/10,12.09,12.98,11.87,12.25,88833697,1105590400.00
2011/05/12,11.79,12.78,11.21,11.55,75955195,919734016.00
2011/05/13,11.39,11.69,10.64,11.29,52802648,586468992.00
2011/05/16,11.19,11.44,10.89,11.19,36853690,411585792.00
2011/05/17,11.02,12.31,10.78,12.31,85558323,1014157056.00
2011/05/18,12.29,13.24,12.09,12.48,100857618,1283072384.00
2011/05/19,12.10,13.04,11.89,12.78,80470859,1006584832.00
2011/05/20,12.54,12.78,12.27,12.37,41882048,523030976.00
2011/05/23,12.24,12.75,11.87,11.94,47585032,587826944.00
2011/05/24,11.74,11.96,10.91,11.40,41132708,466142720.00
2011/05/25,11.21,12.54,11.17,12.54,87854396,1083257344.00
2011/05/26,12.74,12.87,11.89,11.94,74049928,908127360.00
2011/05/27,11.67,11.94,10.99,11.39,40791742,462621696.00
2011/05/30,11.20,11.77,10.99,11.40,31053976,356107424.00
2011/05/31,11.24,12.42,11.19,12.16,48802222,575066048.00
2011/06/01,12.00,12.39,11.88,12.03,46688528,564867840.00
2011/06/02,11.69,12.09,11.32,11.82,40537511,474680256.00
2011/06/03,11.76,12.59,11.68,12.18,62663010,771401600.00
2011/06/07,12.07,12.49,11.97,12.35,54195942,667300928.00
2011/06/08,12.24,12.54,11.89,12.47,49398797,604228480.00
2011/06/09,12.51,13.72,12.47,13.72,145434479,1943918336.00
2011/06/10,13.29,13.56,12.39,13.00,115952591,1503790592.00
2011/06/13,12.56,12.66,11.94,12.35,58548100,720934848.00
2011/06/14,12.44,12.98,12.39,12.59,53066890,673335616.00
2011/06/15,12.44,12.44,12.20,12.24,38474543,473157024.00
2011/06/16,12.04,12.05,11.51,11.53,42836282,501553184.00
2011/06/17,11.29,11.98,11.28,11.36,24075636,280083200.00
2011/06/20,11.40,11.70,11.09,11.68,25535955,292108160.00
2011/06/21,11.68,11.97,11.40,11.77,28369794,332224768.00
2011/06/22,11.74,11.88,11.56,11.60,21239818,247953664.00
2011/06/23,11.49,11.57,11.19,11.48,25368756,288751968.00
2011/06/24,11.46,12.07,11.29,11.69,42672279,499506432.00
2011/06/27,11.74,12.17,11.63,11.93,42714919,507981792.00
2011/06/28,11.95,11.98,11.67,11.83,31077414,365745280.00
2011/06/29,11.74,11.94,11.45,11.46,26831521,313958848.00
2011/06/30,11.39,11.59,11.33,11.49,22608089,259496688.00
2011/07/01,11.59,11.63,11.24,11.40,24295190,277176992.00
2011/07/04,11.38,11.68,11.30,11.54,30731656,353197088.00
2011/07/05,11.51,11.83,11.35,11.80,46070654,536407552.00
2011/07/06,11.66,12.65,11.64,12.41,88380133,1093899520.00
2011/07/07,12.24,12.39,12.00,12.09,48312259,588486208.00
2011/07/08,12.09,12.22,11.91,12.01,23007345,277635744.00
2011/07/11,12.04,12.23,11.82,12.11,23493735,283600992.00
2011/07/12,11.97,11.98,11.64,11.69,27596620,324389152.00
2011/07/13,11.68,11.91,11.61,11.83,18192264,214278576.00
2011/07/14,11.79,11.91,11.65,11.80,21595847,254615808.00
2011/07/15,11.78,12.22,11.69,12.13,42458312,512814688.00
2011/07/18,12.13,12.33,11.85,11.89,35610501,431038432.00
2011/07/19,11.83,11.83,11.61,11.65,20288460,236872208.00
2011/07/20,11.67,11.79,11.47,11.66,14955513,173369520.00
2011/07/21,11.67,11.71,11.39,11.40,14388185,164951648.00
2011/07/22,11.41,11.61,11.39,11.44,9905239,113579264.00
2011/07/25,11.39,11.44,10.59,10.66,19391799,212483392.00
2011/07/26,10.60,10.75,10.39,10.66,10652272,112479168.00
2011/07/27,10.69,10.94,10.50,10.84,12166248,131010320.00
2011/07/28,10.69,11.03,10.57,10.81,12610222,136569104.00
2011/07/29,10.81,10.87,10.50,10.51,9806176,104130000.00
2011/08/01,10.48,10.48,10.19,10.32,9997949,103415656.00
2011/08/02,10.32,10.47,10.14,10.24,8940433,91666608.00
2011/08/03,10.24,10.29,9.98,10.16,8429058,85636128.00
2011/08/04,10.17,10.56,10.17,10.39,13182894,137505888.00
2011/08/05,10.02,10.44,9.79,10.15,11155548,112620664.00
2011/08/08,9.81,9.99,9.13,9.14,17813804,168520912.00
2011/08/09,8.79,9.14,8.24,8.92,17913683,155601968.00
2011/08/10,9.09,9.36,9.04,9.04,15980401,147044576.00
2011/08/11,8.69,9.95,8.54,9.87,32314916,307100800.00
2011/08/12,9.89,10.14,9.69,9.87,28616289,284160320.00
2011/08/15,9.80,10.29,9.80,10.07,20173958,203546944.00
2011/08/16,10.07,10.16,9.89,9.90,12864578,128536320.00
2011/08/17,9.90,10.01,9.74,9.79,9310009,91507288.00
2011/08/18,9.84,9.89,9.32,9.33,12103757,115507600.00
2011/08/19,9.00,9.44,8.83,9.39,12826216,117511920.00
2011/08/22,9.41,9.49,9.11,9.17,8669760,80630752.00
2011/08/23,9.18,9.30,9.10,9.28,7160620,66116324.00
2011/08/24,9.47,9.93,9.32,9.43,17724183,170922160.00
2011/08/25,9.33,9.54,9.20,9.47,12626775,118779432.00
2011/08/26,9.43,9.62,9.35,9.50,10900117,103459560.00
2011/08/29,9.61,9.89,9.50,9.59,15585799,151253456.00
2011/08/30,9.59,9.75,9.29,9.36,10331899,98466232.00
2011/08/31,9.37,9.45,9.19,9.27,6677386,61950272.00
2011/09/01,9.27,9.34,9.02,9.11,6625810,60870404.00
2011/09/02,9.11,9.19,9.00,9.09,5114552,46446676.00
2011/09/05,9.06,9.06,8.79,8.80,5812516,51636864.00
2011/09/06,8.76,8.76,8.60,8.64,5283675,45829740.00
2011/09/07,8.67,8.93,8.67,8.87,5424604,47889232.00
2011/09/08,8.97,9.53,8.89,9.20,17485456,161515632.00
2011/09/09,9.21,9.25,8.91,8.94,8918943,80554480.00
2011/09/13,8.82,8.82,8.54,8.65,7084793,61466780.00
2011/09/14,8.74,8.78,8.53,8.74,4953595,42886832.00
2011/09/15,8.74,8.94,8.72,8.73,5520298,48740836.00
2011/09/16,8.83,9.13,8.70,8.85,8706574,77823008.00
2011/09/19,8.67,8.83,8.49,8.58,7210490,62337540.00
2011/09/20,8.54,8.70,8.52,8.60,4457123,38334012.00
2011/09/21,8.58,8.88,8.49,8.85,10059622,88010952.00
2011/09/22,8.74,8.83,8.50,8.52,8188934,70936488.00
2011/09/23,8.37,8.48,8.24,8.43,5841748,48850684.00
2011/09/26,8.43,8.88,8.36,8.47,8357951,71803048.00
2011/09/27,8.54,8.74,8.39,8.49,8650834,74190128.00
2011/09/28,8.53,8.63,8.27,8.28,6610647,55565596.00
2011/09/29,8.17,8.17,7.62,7.70,8732441,68813952.00
2011/09/30,7.69,7.83,7.60,7.68,4084164,31471564.00
2011/10/10,7.77,7.80,7.57,7.60,3161687,24286852.00
2011/10/11,7.79,7.89,7.39,7.55,4728911,36172296.00
2011/10/13,7.89,8.31,7.80,8.31,23051335,188479232.00
2011/10/14,8.49,8.96,8.31,8.74,43261668,375979424.00
2011/10/17,8.59,8.77,8.49,8.66,17986851,154979712.00
2011/10/18,8.49,8.55,7.99,8.02,18377671,152181200.00
2011/10/19,8.04,8.31,8.04,8.13,9957374,81480464.00
2011/10/20,8.06,8.12,7.70,7.89,8950607,70103584.00
2011/10/21,7.82,7.89,7.71,7.72,4727149,36788488.00
2011/10/24,7.69,8.11,7.64,8.07,9610864,76224216.00
2011/10/25,8.13,8.26,7.87,8.17,13018717,105481376.00
2011/10/26,8.09,8.88,8.00,8.58,33017355,279138656.00
2011/10/27,8.42,8.75,8.25,8.31,25555994,217031600.00
2011/10/28,8.38,8.47,8.21,8.38,15590736,130480304.00
2011/10/31,8.44,8.45,8.29,8.42,10108095,84687304.00
2011/11/01,8.32,8.63,8.27,8.48,15844088,134569376.00
2011/11/02,8.30,8.66,8.24,8.59,17716786,149382496.00
2011/11/03,8.55,8.87,8.37,8.62,50291623,435720096.00
2011/11/04,8.50,8.62,8.44,8.50,21203740,180370624.00
2011/11/07,8.44,8.63,8.40,8.45,13118544,111847856.00
2011/11/08,8.41,8.49,8.21,8.24,13688912,114200120.00
2011/11/09,8.25,8.39,8.14,8.38,10231863,84911832.00
2011/11/10,8.26,8.44,8.20,8.26,10170043,84670968.00
2011/11/11,8.29,8.62,8.27,8.42,16824710,142169296.00
2011/11/14,8.43,8.65,8.43,8.64,22798249,195296288.00
2011/11/15,8.69,9.17,8.65,8.95,54713169,491688704.00
2011/11/16,8.80,8.90,8.54,8.58,27748411,241924560.00
2011/11/17,8.64,8.87,8.58,8.68,22743137,198907984.00
2011/11/18,8.62,8.67,8.34,8.37,15717514,132695280.00
2011/11/21,8.36,8.49,8.24,8.44,8527159,71446048.00
2011/11/22,8.34,8.42,8.19,8.33,9266828,76967776.00
2011/11/23,8.34,8.56,8.20,8.53,15603973,131582720.00
2011/11/24,8.59,8.90,8.54,8.75,42248050,370146304.00
2011/11/25,8.59,8.66,8.40,8.44,20343816,173020480.00
2011/11/28,8.43,8.52,8.22,8.43,12846490,107371176.00
2011/11/29,8.55,8.67,8.43,8.66,18278491,156682816.00
2011/11/30,8.69,8.70,8.21,8.28,18177510,153035472.00
2011/12/01,8.52,8.97,8.40,8.66,41614321,363511040.00
2011/12/02,8.58,9.17,8.52,9.09,72327722,647506048.00
2011/12/05,8.99,9.05,8.70,8.82,34985107,310425856.00
2011/12/06,8.70,9.13,8.28,9.12,37433531,327999456.00
2011/12/07,9.02,9.48,8.97,9.24,60154087,559267200.00
2011/12/08,8.94,9.27,8.82,8.96,34567919,312147680.00
2011/12/09,8.83,9.17,8.78,8.92,23980513,216109456.00
2011/12/12,8.84,9.03,8.55,8.58,22040354,193463728.00
2011/12/13,8.42,8.56,7.72,7.75,34613944,277503904.00
2011/12/14,7.59,7.79,7.09,7.18,24490576,182338432.00
2011/12/15,6.99,7.05,6.60,6.68,21731877,147992352.00
2011/12/16,6.69,6.96,6.64,6.95,15576314,106257248.00
2011/12/19,6.94,6.94,6.70,6.84,11013417,75085952.00
2011/12/20,6.77,7.04,6.75,6.91,12529509,87162832.00
2011/12/21,7.01,7.08,6.74,6.77,12579561,87255776.00
2011/12/22,6.69,6.69,6.19,6.46,13978641,89801400.00
2011/12/23,6.47,6.57,6.35,6.41,9962170,64581480.00
2011/12/26,6.41,6.51,6.33,6.35,5893331,37815604.00
2011/12/27,6.35,6.38,5.97,6.05,11693282,71605024.00
2011/12/28,5.99,6.19,5.74,6.18,11744761,69930984.00
2011/12/29,6.27,6.47,6.16,6.16,14828655,93107440.00
2011/12/30,6.09,6.22,6.04,6.16,9410214,57867440.00
2012/01/04,6.24,6.26,5.89,5.93,6589870,40300724.00
2012/01/05,5.75,5.89,5.48,5.49,8448436,48382440.00
2012/01/06,5.44,5.59,5.29,5.54,7192361,39280644.00
2012/01/09,5.53,5.94,5.42,5.89,11406225,65431700.00
2012/01/10,5.84,6.19,5.77,6.15,14478138,87613952.00
2012/01/11,6.16,6.33,6.06,6.21,15525603,96187904.00
2012/01/12,6.15,6.83,6.12,6.83,36101832,237536752.00
2012/01/13,6.71,7.09,6.67,6.83,51047579,352412864.00
2012/01/16,6.59,6.87,6.44,6.72,24251382,161995312.00
2012/01/17,6.69,7.12,6.55,7.00,38523285,263897024.00
2012/01/18,6.98,7.27,6.70,6.92,38865318,271584544.00
2012/01/19,6.87,7.11,6.69,7.08,29201569,203999312.00
2012/01/20,7.09,7.20,6.99,7.02,25083395,178039136.00
2012/01/30,7.04,7.09,6.92,6.94,13804372,96682784.00
2012/01/31,6.89,7.04,6.74,7.01,12815300,88016968.00
2012/02/01,6.96,7.62,6.91,7.56,64947549,481703168.00
2012/02/02,7.49,7.77,7.35,7.63,55832270,423942176.00
2012/02/03,7.56,7.87,7.47,7.76,51664714,397797088.00
2012/02/06,7.77,7.82,7.56,7.60,28689825,219822592.00
2012/02/07,7.55,7.72,7.36,7.46,31809750,240756000.00
2012/02/08,7.50,7.62,7.41,7.60,27252391,205145856.00
2012/02/09,7.52,7.82,7.51,7.69,34377575,263702880.00
2012/02/10,7.63,7.69,7.51,7.55,20686906,157160160.00
2012/02/13,7.51,7.68,7.41,7.59,16562758,125588848.00
2012/02/14,7.59,7.87,7.55,7.66,25139620,194162576.00
2012/02/15,7.62,7.72,7.51,7.66,20345446,155163264.00
2012/02/16,7.65,7.74,7.49,7.56,16327738,124313288.00
2012/02/17,7.53,7.64,7.36,7.44,14798262,110562264.00
2012/02/20,7.55,7.58,7.41,7.43,11942671,89619304.00
2012/02/21,7.38,7.49,7.20,7.44,16664764,122640048.00
2012/02/22,7.43,7.54,7.32,7.50,19068364,142395248.00
2012/02/23,7.51,7.63,7.44,7.58,18455592,139471008.00
2012/02/24,7.59,7.65,7.49,7.60,20511150,155529248.00
2012/02/27,7.62,8.07,7.58,7.82,47607833,372990496.00
2012/02/28,7.77,7.85,7.58,7.65,23318576,179803168.00
2012/02/29,7.69,7.76,7.44,7.46,17909257,136308608.00
2012/03/01,7.39,7.50,7.37,7.44,9921652,73953720.00
2012/03/02,7.45,7.57,7.45,7.55,10359719,77870248.00
2012/03/05,7.54,7.63,7.51,7.59,13475345,102207784.00
2012/03/06,7.59,7.59,7.36,7.41,12492322,92976168.00
2012/03/07,7.31,7.47,7.26,7.31,10677470,78571544.00
2012/03/08,7.29,7.47,7.29,7.38,8646269,64016436.00
2012/03/09,7.44,7.63,7.42,7.54,13392950,100921000.00
2012/03/12,7.54,7.69,7.52,7.68,18758504,143058800.00
2012/03/13,7.67,7.74,7.55,7.64,14054593,107351288.00
2012/03/14,7.69,7.96,7.26,7.36,34611225,267445056.00
2012/03/15,7.24,8.10,6.92,8.10,88959636,697385984.00
2012/03/16,8.15,8.74,8.07,8.37,104678043,876011648.00
2012/03/19,8.35,8.57,8.12,8.42,50860661,425563008.00
2012/03/20,8.29,8.36,8.05,8.06,33934657,277030112.00
2012/03/21,8.04,8.13,7.70,7.89,27645357,217719680.00
2012/03/22,7.83,8.09,7.69,7.89,22637782,178242016.00
2012/03/23,7.73,7.81,7.32,7.43,27588938,207436208.00
2012/03/26,7.32,7.45,7.22,7.38,11731903,86099176.00
2012/03/27,7.44,7.47,7.24,7.26,11677576,85685032.00
2012/03/28,7.21,7.21,6.66,6.70,19153386,132066072.00
2012/03/29,6.69,6.69,6.34,6.36,14578390,94051784.00
2012/03/30,6.38,6.54,6.36,6.44,9613816,62069732.00
2012/04/05,6.47,6.84,6.42,6.77,12199643,81874904.00
2012/04/06,6.77,6.86,6.64,6.72,10491458,71002856.00
2012/04/09,6.73,6.83,6.63,6.75,7527515,50866444.00
2012/04/10,6.72,6.81,6.54,6.80,7698202,51562848.00
2012/04/11,6.69,6.83,6.63,6.82,9636578,65129496.00
2012/04/12,6.81,6.98,6.67,6.94,20739481,142453072.00
2012/04/16,6.84,7.19,6.72,7.08,20887028,146609312.00
2012/04/17,7.00,7.33,6.99,7.07,22100746,158761216.00
2012/04/18,7.05,7.16,6.84,7.11,18839972,132774056.00
2012/04/19,7.12,7.34,7.02,7.21,21372903,154559072.00
2012/04/20,7.21,7.35,7.14,7.23,15597409,112861760.00
2012/04/23,7.19,7.23,6.75,6.85,17537071,122741816.00
2012/04/24,6.72,6.89,6.50,6.70,13340539,89055032.00
2012/04/25,6.67,6.96,6.60,6.83,13100361,88563408.00
2012/04/26,6.80,6.89,6.73,6.77,9093959,62029752.00
2012/04/27,6.79,6.81,6.66,6.67,6912543,46454296.00
2012/05/02,6.75,6.82,6.70,6.78,8167800,55376192.00
2012/05/03,6.79,7.04,6.79,6.99,15107246,105263640.00
2012/05/04,6.99,7.06,6.82,6.97,11627606,80797336.00
2012/05/07,6.94,7.06,6.85,7.00,8871075,62011232.00
2012/05/08,6.99,7.08,6.90,6.99,9421911,65922168.00
2012/05/09,7.04,7.15,6.90,6.91,13638497,95747968.00
2012/05/10,6.84,7.02,6.84,6.90,8854971,61458768.00
2012/05/11,6.93,7.47,6.92,7.16,32157494,232022480.00
2012/05/14,7.13,7.38,7.09,7.19,26417234,191820960.00
2012/05/15,7.09,7.15,6.84,6.91,15569801,108364232.00
2012/05/16,6.91,7.02,6.82,6.88,8041636,55692320.00
2012/05/17,6.82,7.01,6.82,6.93,9549640,66284484.00
2012/05/18,6.87,6.89,6.59,6.66,11632374,78589256.00
2012/05/21,6.66,6.74,6.53,6.59,6562064,43493068.00
2012/05/22,6.69,6.73,6.65,6.72,4804712,32191220.00
2012/05/23,6.69,6.78,6.63,6.70,6458198,43310772.00
2012/05/24,6.69,6.74,6.57,6.62,5037489,33519972.00
2012/05/25,6.62,6.85,6.59,6.71,6875270,46158952.00
2012/05/30,6.54,6.74,6.17,6.59,17250943,112743152.00
2012/05/31,6.49,6.67,6.44,6.56,7979216,52487372.00
2012/06/01,6.52,6.63,6.49,6.51,6729087,44014016.00
2012/06/04,6.45,6.45,6.19,6.20,9368512,59273748.00
2012/06/05,6.19,6.34,6.19,6.27,5342087,33607540.00
2012/06/06,6.29,6.34,6.16,6.18,5128120,31937764.00
2012/06/07,6.23,6.29,6.07,6.10,5111185,31565252.00
2012/06/08,6.18,6.20,6.02,6.05,4333555,26418508.00
2012/06/11,6.05,6.14,6.01,6.13,4409177,26843764.00
2012/06/12,6.14,6.21,6.07,6.20,5367999,33141298.00
2012/06/13,6.18,6.31,6.17,6.29,5987797,37529000.00
2012/06/14,6.29,6.33,6.20,6.24,4510395,28266336.00
2012/06/15,6.27,6.39,6.25,6.33,6954146,44025404.00
2012/06/18,6.39,6.58,6.32,6.49,11437775,74090616.00
2012/06/19,6.47,6.84,6.39,6.68,21350284,142325360.00
2012/06/20,6.64,6.65,6.40,6.41,11210848,72790896.00
2012/06/21,6.40,6.41,6.20,6.23,5733064,35978968.00
2012/06/25,6.19,6.29,6.07,6.08,4933726,30439352.00
2012/06/26,6.04,6.14,6.02,6.12,3893248,23754760.00
2012/06/27,6.12,6.18,6.02,6.05,4610011,28177800.00
2012/06/28,6.06,6.11,5.85,5.85,5894809,35160684.00
2012/06/29,5.84,6.02,5.82,5.97,4399241,26168560.00
2012/07/02,6.03,6.12,5.99,6.06,4258132,25826112.00
2012/07/03,6.09,6.14,6.03,6.06,3582188,21845720.00
2012/07/04,6.06,6.11,5.94,6.01,4107568,24706076.00
2012/07/05,6.01,6.01,5.84,5.88,3730918,22073000.00
2012/07/06,5.91,5.99,5.67,5.94,6518550,38059192.00
2012/07/09,5.94,6.10,5.85,5.90,7529574,45193932.00
2012/07/10,5.79,5.94,5.72,5.73,5149490,29881394.00
2012/07/11,5.77,5.82,5.71,5.81,3215441,18572252.00
2012/07/12,5.81,6.07,5.75,5.96,7904403,47028232.00
2012/07/13,5.93,5.96,5.86,5.91,4750234,28163080.00
2012/07/16,5.90,6.00,5.69,5.70,5112069,29841046.00
2012/07/17,5.64,5.64,5.13,5.55,7104799,38696728.00
2012/07/18,5.49,5.51,5.30,5.45,5120690,27713778.00
2012/07/19,5.45,5.60,5.42,5.53,5078062,28083562.00
2012/07/20,5.56,5.66,5.49,5.50,4509741,25091702.00
2012/07/23,5.45,5.49,5.32,5.36,3542151,19071076.00
2012/07/24,5.32,5.48,5.30,5.44,4268489,23164330.00
2012/07/25,5.45,5.68,5.45,5.50,7413027,41313864.00
2012/07/26,5.46,5.49,5.37,5.39,3889650,21161904.00
2012/07/27,5.42,5.45,5.32,5.36,2770404,14868727.00
2012/07/30,5.38,5.42,5.19,5.21,2949163,15576343.00
2012/07/31,5.20,5.24,5.07,5.12,2731381,14032125.00
2012/08/01,5.12,5.23,5.11,5.21,2396600,12438143.00
2012/08/02,5.22,5.23,5.11,5.13,3206740,16597140.00
2012/08/03,5.13,5.47,5.11,5.39,6475678,34275300.00
2012/08/06,5.34,5.47,5.31,5.45,5517515,29880024.00
2012/08/07,5.45,5.55,5.41,5.51,5025393,27653996.00
2012/08/08,5.54,5.54,5.39,5.43,4961146,27030844.00
2012/08/09,5.44,5.65,5.38,5.61,11263652,62634288.00
2012/08/10,5.61,5.65,5.53,5.54,6041820,33826376.00
2012/08/13,5.56,5.62,5.42,5.44,4909500,27101204.00
2012/08/14,5.44,5.55,5.33,5.54,5518637,30150744.00
2012/08/15,5.51,5.55,5.44,5.48,3696071,20319576.00
2012/08/16,5.45,6.03,5.38,6.03,26088326,152356784.00
2012/08/17,6.19,6.22,5.81,5.86,30636533,184171264.00
2012/08/20,5.70,5.87,5.61,5.78,11830932,67962112.00
2012/08/21,5.77,6.06,5.69,5.86,19383231,114358504.00
2012/08/22,5.80,5.91,5.64,5.71,11699026,67581440.00
2012/08/23,5.71,5.75,5.61,5.71,7151692,40624524.00
2012/08/24,5.69,6.02,5.62,5.89,20118012,118100672.00
2012/08/27,5.79,5.95,5.57,5.65,14267927,82386472.00
2012/08/28,5.59,5.64,5.45,5.55,9182244,50961704.00
2012/08/29,5.57,5.58,5.44,5.44,5248878,28951756.00
2012/08/30,5.42,5.51,5.19,5.27,7970522,42582496.00
2012/08/31,5.27,5.32,5.21,5.27,3681151,19396404.00
2012/09/03,5.26,5.37,5.24,5.33,3677864,19655196.00
2012/09/04,5.34,5.39,5.25,5.27,4012812,21423424.00
2012/09/05,5.27,5.38,5.22,5.32,3262396,17404056.00
2012/09/06,5.33,5.43,5.29,5.42,3938370,21213326.00
2012/09/07,5.47,5.69,5.42,5.58,11056661,61712616.00
2012/09/10,5.62,5.68,5.53,5.64,6662335,37473784.00
2012/09/11,5.64,5.95,5.55,5.81,18371359,106687216.00
2012/09/12,5.78,5.82,5.64,5.75,10225224,58502908.00
2012/09/13,5.75,5.81,5.59,5.60,6494896,37076068.00
2012/09/14,5.64,5.79,5.54,5.68,7143317,40415228.00
2012/09/17,5.64,5.77,5.45,5.46,6002922,33687176.00
2012/09/18,5.44,5.51,5.40,5.47,3204777,17510004.00
2012/09/19,5.47,5.56,5.47,5.50,2731360,15056283.00
2012/09/20,5.51,5.51,5.21,5.25,6121056,32625728.00
2012/09/21,5.26,5.30,5.18,5.20,4018045,21067852.00
2012/09/24,5.16,5.27,5.16,5.24,2680399,14035203.00
2012/09/25,5.23,5.38,5.22,5.30,4237910,22545456.00
2012/09/26,5.24,5.36,5.14,5.17,3543466,18498864.00
2012/09/27,5.17,5.30,5.15,5.27,4091222,21527656.00
2012/09/28,5.26,5.33,5.22,5.32,3870197,20557776.00
2012/10/08,5.32,5.39,5.30,5.36,2881547,15393056.00
2012/10/09,5.35,5.54,5.32,5.52,8158614,44677320.00
2012/10/10,5.48,5.64,5.45,5.59,7762320,43290952.00
2012/10/11,5.57,5.64,5.42,5.44,6376745,35244152.00
2012/10/12,5.44,5.51,5.34,5.39,4875280,26463264.00
2012/10/15,5.39,5.49,5.31,5.47,3861382,20884710.00
2012/10/16,5.46,5.55,5.42,5.48,5250788,28937526.00
2012/10/17,5.48,5.51,5.39,5.43,3309471,18052842.00
2012/10/18,5.43,5.64,5.42,5.52,7478063,41487896.00
2012/10/19,5.52,5.59,5.49,5.53,5138557,28504454.00
2012/10/22,5.54,5.56,5.46,5.53,3603364,19841208.00
2012/10/23,5.51,5.84,5.46,5.64,18733088,106400752.00
2012/10/24,5.55,5.65,5.50,5.52,9884568,55126352.00
2012/10/25,5.52,5.55,5.40,5.42,5666399,31139694.00
2012/10/26,5.41,5.45,5.25,5.29,5670644,30145524.00
2012/10/29,5.28,5.32,5.24,5.28,2895449,15308292.00
2012/10/30,5.31,5.34,5.26,5.29,2151384,11398421.00
2012/10/31,5.31,5.40,5.28,5.33,3426492,18347220.00
2012/11/01,5.35,5.43,5.34,5.39,3371349,18237204.00
2012/11/02,5.42,5.49,5.38,5.46,5194695,28317386.00
2012/11/05,5.45,5.49,5.40,5.45,3147293,17137206.00
2012/11/06,5.46,5.46,5.24,5.38,5491093,29281230.00
2012/11/07,5.36,5.55,5.32,5.48,12241155,67106800.00
2012/11/08,5.49,5.52,5.27,5.28,8611401,46505708.00
2012/11/09,5.21,5.30,5.21,5.25,3129789,16460032.00
2012/11/12,5.24,5.29,5.17,5.23,4250197,22230456.00
2012/11/13,5.23,5.23,5.07,5.10,4035104,20783680.00
2012/11/14,5.08,5.17,5.07,5.14,2116155,10840660.00
2012/11/15,5.11,5.16,5.02,5.04,2631577,13427731.00
2012/11/16,5.04,5.06,4.89,4.95,3267391,16165640.00
2012/11/19,4.97,4.98,4.84,4.92,2652279,13024263.00
2012/11/20,4.92,4.97,4.88,4.89,2037403,10019583.00
2012/11/21,4.91,4.94,4.81,4.93,2253563,11055928.00
2012/11/22,4.94,4.94,4.84,4.85,2453216,11976870.00
2012/11/23,4.85,4.89,4.83,4.86,1953452,9515798.00
2012/11/26,4.85,4.90,4.84,4.89,2277423,11130236.00
2012/11/27,4.87,4.87,4.58,4.59,3998638,18775952.00
2012/11/28,4.59,4.59,4.25,4.31,3825326,16677311.00
2012/11/29,4.32,4.37,4.23,4.25,2296788,9934453.00
2012/11/30,4.24,4.32,4.23,4.30,1922398,8262727.00
2012/12/03,4.32,4.32,4.14,4.16,2558301,10865253.00
2012/12/04,4.13,4.17,3.91,4.16,4360059,17643700.00
2012/12/05,4.14,4.36,4.06,4.29,5400203,23056564.00
2012/12/06,4.30,4.34,4.26,4.29,2716327,11693167.00
2012/12/07,4.28,4.43,4.27,4.41,4478287,19620968.00
2012/12/10,4.44,4.52,4.39,4.51,5092587,22838178.00
2012/12/11,4.51,4.65,4.43,4.62,9064063,41239424.00
2012/12/12,4.59,4.67,4.48,4.53,7707247,35318224.00
2012/12/13,4.50,4.50,4.38,4.39,5679456,25184960.00
2012/12/14,4.38,4.66,4.37,4.59,9131081,41632396.00
2012/12/17,4.58,4.79,4.53,4.68,11764989,55178076.00
2012/12/18,4.68,4.88,4.63,4.68,11708398,55675264.00
2012/12/19,4.63,4.69,4.59,4.64,5915447,27468310.00
2012/12/20,4.61,4.63,4.54,4.61,4278676,19698436.00
2012/12/21,4.60,4.68,4.55,4.61,4766252,22111546.00
2012/12/24,4.60,4.69,4.56,4.67,5115603,23839632.00
2012/12/25,4.66,4.82,4.64,4.77,7888013,37516856.00
2012/12/26,4.76,4.89,4.72,4.84,9439612,45460960.00
2012/12/27,4.82,4.96,4.75,4.76,9058138,43969392.00
2012/12/28,4.73,4.80,4.71,4.78,5119639,24432380.00
2012/12/31,4.77,4.89,4.72,4.87,8594649,41540064.00
2013/01/04,4.89,4.92,4.80,4.83,5124127,24834372.00
2013/01/07,4.87,5.14,4.87,5.02,21488847,107715112.00
2013/01/08,4.95,5.10,4.95,5.02,12812968,64450196.00
2013/01/09,5.02,5.02,4.89,4.94,9279714,46091308.00
2013/01/10,4.94,5.00,4.91,4.98,5397562,26812628.00
2013/01/11,4.98,5.03,4.79,4.80,8675145,42691624.00
2013/01/14,4.79,5.09,4.77,5.01,13717125,68542096.00
2013/01/15,5.01,5.14,4.97,5.10,13266097,67707072.00
2013/01/16,5.11,5.59,5.02,5.40,32640731,173609696.00
2013/01/17,5.31,5.39,5.14,5.18,17847437,93651048.00
2013/01/18,5.16,5.25,5.09,5.21,8983362,46598828.00
2013/01/21,5.22,5.27,5.14,5.22,9124798,47717296.00
2013/01/22,5.22,5.24,5.08,5.11,8286843,42678328.00
2013/01/23,5.11,5.17,5.05,5.11,4530379,23164852.00
2013/01/24,5.11,5.18,4.94,4.96,7487950,37968292.00
2013/01/25,4.96,5.01,4.91,4.97,3596284,17908140.00
2013/01/28,4.96,5.09,4.96,5.09,4124518,20842216.00
2013/01/29,5.09,5.13,4.99,5.10,4690354,23852136.00
2013/01/30,5.09,5.19,5.05,5.16,8923357,45878216.00
2013/01/31,5.15,5.17,5.01,5.06,6584138,33446620.00
2013/02/01,5.06,5.10,5.01,5.07,4338642,21995824.00
2013/02/04,5.06,5.12,5.00,5.02,4961529,25062158.00
2013/02/05,4.98,5.03,4.92,5.02,4731401,23586608.00
2013/02/06,5.02,5.18,4.99,5.14,8797355,45042048.00
2013/02/07,5.10,5.13,5.06,5.07,4313566,21982956.00
2013/02/08,5.08,5.29,5.08,5.17,8245651,42786964.00
2013/02/18,5.19,5.27,5.15,5.22,7555297,39469724.00
2013/02/19,5.19,5.33,5.19,5.27,14378625,75947824.00
2013/02/20,5.25,5.57,5.21,5.45,21841646,118453344.00
2013/02/21,5.39,5.49,5.25,5.26,16575226,89233664.00
2013/02/22,5.24,5.38,5.20,5.23,8787496,46551784.00
2013/02/25,5.23,5.32,5.17,5.25,6291744,32988980.00
2013/02/26,5.20,5.36,5.16,5.21,8813240,46458052.00
2013/02/27,5.20,5.25,5.05,5.10,7669916,39566408.00
2013/02/28,5.10,5.17,5.04,5.17,6565961,33706616.00
2013/03/01,5.17,5.33,5.14,5.33,10805124,56874304.00
2013/03/04,5.29,5.39,5.13,5.20,11879240,62656892.00
2013/03/05,5.12,5.44,5.12,5.42,16115010,86562184.00
2013/03/06,5.42,5.55,5.38,5.46,18853956,103384616.00
2013/03/07,5.43,5.54,5.32,5.49,20249321,110461608.00
2013/03/08,5.50,5.51,5.34,5.35,9416335,50948544.00
2013/03/11,5.31,5.44,5.31,5.40,6421551,34633120.00
2013/03/12,5.41,5.47,5.20,5.35,16880229,90809440.00
2013/03/13,5.32,5.47,5.25,5.34,15481654,83497248.00
2013/03/14,5.24,5.28,5.00,5.12,11742926,60378096.00
2013/03/15,5.12,5.24,5.04,5.11,7660730,39484240.00
2013/03/18,5.09,5.24,5.06,5.10,5475433,28211776.00
2013/03/19,5.10,5.13,4.90,5.01,7076962,35460084.00
2013/03/20,5.01,5.19,5.00,5.15,6074651,31114274.00
2013/03/21,5.13,5.31,5.11,5.28,14174881,74364272.00
2013/03/22,5.25,5.31,5.21,5.29,6455287,34068656.00
2013/03/25,5.24,5.35,5.22,5.29,5017637,26533220.00
2013/03/26,5.30,5.37,5.20,5.36,7550930,40007136.00
2013/03/27,5.37,5.43,5.32,5.39,9376441,50459128.00
2013/03/28,5.39,5.62,5.22,5.40,34041145,186566192.00
2013/03/29,5.39,5.65,5.26,5.61,44212714,245405712.00
2013/04/01,5.57,5.74,5.44,5.50,26255122,146188048.00
2013/04/02,5.49,5.51,5.32,5.38,15493835,83664064.00
2013/04/03,5.45,5.92,5.45,5.92,42123458,244571824.00
2013/04/08,5.99,6.51,5.89,6.28,95328892,595380480.00
2013/04/09,6.00,6.08,5.73,5.82,47859049,281583584.00
2013/04/10,5.78,6.11,5.68,6.09,44123582,260762928.00
2013/04/11,5.99,6.04,5.83,5.88,27616586,163664208.00
2013/04/12,5.78,5.78,5.59,5.64,22290777,126549872.00
2013/04/15,5.73,5.84,5.51,5.55,16650902,94613768.00
2013/04/16,5.38,5.39,5.20,5.38,18596719,98509944.00
2013/04/17,5.38,5.48,5.32,5.46,11619349,62966480.00
2013/04/18,5.44,5.44,5.32,5.35,9820357,52865712.00
2013/04/19,5.35,5.45,5.32,5.42,11328204,61317208.00
2013/04/22,5.69,5.96,5.69,5.96,50283933,294856416.00
2013/04/23,5.92,5.92,5.51,5.55,25888435,148098464.00
2013/04/24,5.58,5.77,5.54,5.62,15820035,89238864.00
2013/04/25,5.59,5.59,5.38,5.39,15855380,86784928.00
2013/04/26,5.39,5.49,5.21,5.25,9311760,49942056.00
2013/05/02,5.25,5.33,5.23,5.26,5962934,31523820.00
2013/05/03,5.27,5.37,5.27,5.37,8034083,42980716.00
2013/05/06,5.38,5.42,5.30,5.39,9099286,48969272.00
2013/05/07,5.38,5.40,5.31,5.34,8233049,44115660.00
2013/05/08,5.34,5.40,5.32,5.40,9236546,49636724.00
2013/05/09,5.40,5.41,5.24,5.30,10555280,56087704.00
2013/05/10,5.30,5.38,5.22,5.35,9841078,52219944.00
2013/05/13,5.34,5.36,5.26,5.30,6422761,34068304.00
2013/05/14,5.30,5.34,5.25,5.27,7162591,37919280.00
2013/05/15,5.26,5.31,5.24,5.30,6661429,35227544.00
2013/05/16,5.31,5.45,5.25,5.39,14145813,76334064.00
2013/05/17,5.39,5.43,5.35,5.42,11047483,59753368.00
2013/05/20,5.42,5.46,5.35,5.40,15217860,82171920.00
2013/05/21,5.39,5.58,5.35,5.57,20168290,110575216.00
2013/05/22,5.53,5.60,5.45,5.49,13643031,75384264.00
2013/05/23,5.48,5.56,5.44,5.46,10772750,59165208.00
2013/05/24,5.45,5.50,5.43,5.49,8735621,47884096.00
2013/05/27,5.49,5.56,5.45,5.53,10245979,56594608.00
2013/05/28,5.53,5.58,5.49,5.56,11219279,62221056.00
2013/05/29,5.56,5.84,5.52,5.70,26375820,150069648.00
2013/05/30,5.62,5.81,5.61,5.71,21512683,123221176.00
2013/05/31,5.68,5.89,5.68,5.78,24541063,142896176.00
2013/06/03,5.81,6.00,5.80,5.99,31443005,186620816.00
2013/06/04,5.99,6.03,5.65,5.73,23564997,137390800.00
2013/06/05,5.67,5.94,5.56,5.85,21718721,126333920.00
2013/06/06,5.82,5.84,5.60,5.61,13289225,75972280.00
2013/06/07,5.57,5.67,5.40,5.42,11244555,62115000.00
2013/06/13,5.36,5.36,4.98,5.11,8938325,46058720.00
2013/06/14,5.17,5.25,5.12,5.24,5978875,31149078.00
2013/06/17,5.25,5.26,5.10,5.23,6221118,32366020.00
2013/06/18,5.23,5.29,5.17,5.25,5564870,29182188.00
2013/06/19,5.24,5.24,5.02,5.16,6552465,33574080.00
2013/06/20,5.10,5.13,4.94,4.95,5925895,29899360.00
2013/06/21,4.87,4.87,4.67,4.77,8133991,38754328.00
2013/06/24,4.74,4.74,4.29,4.36,9477817,42587692.00
2013/06/25,4.31,4.44,3.94,4.38,9230439,38667164.00
2013/06/26,4.38,4.44,4.23,4.42,5995111,26284468.00
2013/06/27,4.43,4.50,4.31,4.32,6728258,29811612.00
2013/06/28,4.31,4.37,4.20,4.30,4276462,18411048.00
2013/07/01,4.30,4.38,4.26,4.37,3036417,13183679.00
2013/07/02,4.37,4.48,4.32,4.47,4648028,20660864.00
2013/07/03,4.47,4.47,4.33,4.42,4493459,19792336.00
2013/07/04,4.39,4.53,4.34,4.46,5057112,22580572.00
2013/07/05,4.49,4.53,4.42,4.43,4735363,21214016.00
2013/07/08,4.41,4.41,4.17,4.19,5455883,23256880.00
2013/07/09,4.17,4.24,4.09,4.22,2437498,10229019.00
2013/07/10,4.24,4.37,4.19,4.36,4494137,19278900.00
2013/11/19,4.80,4.80,4.80,4.80,199117,957753.00
2013/11/20,5.28,5.28,5.28,5.28,713622,3775060.00
2013/11/21,5.81,5.81,5.81,5.81,1523805,8868545.00
2013/11/22,6.39,6.39,5.81,6.06,82572125,509073088.00
2013/11/25,5.79,5.93,5.65,5.76,33839678,195822448.00
2013/11/26,5.68,5.75,5.44,5.50,29999624,166777072.00
2013/11/27,5.47,5.64,5.45,5.55,17486587,97428168.00
2013/11/28,5.56,5.57,5.39,5.50,22239282,121851184.00
2013/11/29,5.48,5.55,5.44,5.50,13589826,74767936.00
2013/12/02,5.19,5.31,4.99,5.05,22256830,114997864.00
2013/12/03,5.05,5.17,5.01,5.16,9398743,48256284.00
2013/12/04,5.13,5.26,5.12,5.19,10960206,57246756.00
2013/12/05,5.19,5.37,5.14,5.30,14562353,76886200.00
2013/12/06,5.24,5.31,5.21,5.23,7246083,38133820.00
2013/12/09,5.24,5.32,5.21,5.25,4949626,26006898.00
2013/12/10,5.29,5.30,5.14,5.15,7471576,38796656.00
2013/12/11,5.16,5.16,5.02,5.04,8331023,42166604.00
2013/12/12,5.04,5.13,5.01,5.07,4515109,22994076.00
2013/12/13,5.06,5.12,5.03,5.09,3881193,19719640.00
2013/12/16,5.06,5.10,4.99,5.01,4978660,25064664.00
2013/12/17,4.99,5.06,4.91,4.92,5589181,27882908.00
2013/12/18,4.92,5.11,4.85,5.10,8973433,44876008.00
2013/12/19,5.08,5.11,5.01,5.03,5184815,26277624.00
2013/12/20,5.02,5.02,4.84,4.89,5685906,27912268.00
2013/12/23,4.85,4.94,4.72,4.84,4044752,19622592.00
2013/12/24,4.80,4.88,4.66,4.72,4323523,20705880.00
2013/12/25,4.74,4.75,4.68,4.74,3364380,15875272.00
2013/12/26,4.75,4.77,4.55,4.55,5298342,24609988.00
2013/12/27,4.55,4.67,4.53,4.62,3954022,18278710.00
2013/12/30,4.64,4.67,4.59,4.65,3271117,15176202.00
2013/12/31,4.64,4.70,4.60,4.68,3267771,15281467.00
2014/01/02,4.68,4.73,4.65,4.70,3222895,15174124.00
2014/01/03,4.69,4.70,4.58,4.61,4398612,20340336.00
2014/01/06,4.56,4.59,4.44,4.45,4487936,20157968.00
2014/01/07,4.47,4.54,4.43,4.52,2850711,12842340.00
2014/01/08,4.54,4.55,4.44,4.45,2296782,10325204.00
2014/01/09,4.45,4.56,4.39,4.51,4789853,21563092.00
2014/01/10,4.49,4.54,4.39,4.41,3113665,13818068.00
2014/01/13,4.40,4.46,4.38,4.40,2322792,10275816.00
2014/01/14,4.40,4.51,4.36,4.51,3880365,17284596.00
2014/01/15,4.51,4.69,4.45,4.62,6314379,28938180.00
2014/01/16,4.60,4.63,4.55,4.58,3633564,16710899.00
2014/01/17,4.58,4.58,4.45,4.45,3269859,14699441.00
2014/01/20,4.51,4.63,4.45,4.62,4722263,21529518.00
2014/01/21,4.59,4.65,4.58,4.64,4376923,20268204.00
2014/01/22,4.65,4.71,4.60,4.68,6176520,28879938.00
2014/01/23,4.68,4.71,4.66,4.67,4209557,19740888.00
2014/01/24,4.68,4.79,4.67,4.76,5585817,26629452.00
2014/01/27,4.71,4.75,4.65,4.68,3942137,18531448.00
2014/01/28,4.68,4.77,4.65,4.73,4157164,19710256.00
2014/01/29,4.73,4.75,4.68,4.70,3194234,15042421.00
2014/01/30,4.70,4.72,4.65,4.70,2339408,10999481.00
2014/02/07,4.66,4.71,4.61,4.69,2576368,12043313.00
2014/02/10,4.69,4.84,4.69,4.83,6730261,32382384.00
2014/02/11,4.85,4.96,4.81,4.90,8344117,40918804.00
2014/02/12,4.94,4.96,4.85,4.95,6551869,32281738.00
2014/02/13,4.89,5.06,4.89,4.94,8750134,43826776.00
2014/02/14,4.92,5.26,4.91,5.20,15530039,80184464.00
2014/02/17,5.22,5.57,5.22,5.37,23353195,127009264.00
2014/02/18,5.35,5.35,5.20,5.26,13276019,69946344.00
2014/02/19,5.26,5.39,5.22,5.28,10455774,55625056.00
2014/02/20,5.28,5.33,5.09,5.12,11429295,59160640.00
2014/02/21,5.09,5.17,5.01,5.04,6271871,31955114.00
2014/02/24,5.04,5.18,4.97,5.18,8456709,42951004.00
2014/02/25,5.15,5.27,4.98,5.05,10253367,53103652.00
2014/02/26,5.06,5.06,4.92,5.06,5618862,28111564.00
2014/02/27,5.03,5.13,4.97,4.97,6275331,31827890.00
2014/02/28,4.93,5.01,4.88,5.01,4690320,23264812.00
2014/03/03,4.99,5.09,4.95,5.08,5483762,27745756.00
2014/03/04,5.08,5.08,5.00,5.06,4549986,22945020.00
2014/03/05,5.07,5.10,5.03,5.06,5134856,26060832.00
2014/03/06,5.03,5.04,4.93,4.99,5079854,25336340.00
2014/03/07,4.98,5.03,4.97,4.98,3944810,19736004.00
2014/03/10,4.97,4.97,4.71,4.72,6478891,31161228.00
2014/03/11,4.72,4.80,4.68,4.79,4053057,19197948.00
2014/03/12,4.80,4.80,4.66,4.72,3015913,14304510.00
2014/03/13,4.70,4.77,4.69,4.72,2845700,13505720.00
2014/03/14,4.69,4.76,4.69,4.72,2487489,11757784.00
2014/03/17,4.70,4.84,4.69,4.84,3290742,15803101.00
2014/03/18,4.80,4.95,4.80,4.91,4445947,21875544.00
2014/03/19,4.93,5.17,4.91,5.13,13615674,69445296.00
2014/03/20,5.13,5.13,4.94,4.97,7559170,38179964.00
2014/03/21,4.94,5.11,4.94,5.08,7290002,36946668.00
2014/03/24,5.08,5.16,5.06,5.11,6238353,31938900.00
2014/03/25,5.09,5.12,5.02,5.08,4448771,22603472.00
2014/03/26,5.10,5.12,5.05,5.07,5213086,26565060.00
2014/03/27,5.03,5.10,4.99,5.01,5849365,29536630.00
2014/03/28,4.99,5.04,4.88,4.90,5970744,29634840.00
2014/03/31,4.89,4.91,4.85,4.89,2983256,14582536.00
2014/04/01,4.88,5.02,4.87,5.01,4011327,19850772.00
2014/04/02,5.02,5.04,4.95,4.98,3511462,17541480.00
2014/04/03,5.00,5.00,4.88,4.91,3477217,17180108.00
2014/04/04,4.90,4.98,4.89,4.96,2823726,13987505.00
2014/04/08,4.98,5.06,4.98,5.05,5514193,27789672.00
2014/04/09,5.05,5.08,5.01,5.05,4359766,21999044.00
2014/04/10,5.05,5.07,5.01,5.04,4935774,24876520.00
2014/04/11,5.03,5.14,5.02,5.12,11076680,56634808.00
2014/04/14,5.13,5.15,5.08,5.12,4451427,22777208.00
2014/04/15,5.12,5.13,4.99,5.02,5902038,29813444.00
2014/04/16,4.98,5.04,4.97,5.03,3995247,20063912.00
2014/04/17,5.05,5.06,4.99,5.04,2949730,14851459.00
2014/04/18,5.04,5.05,5.00,5.02,3168216,15945684.00
2014/04/21,4.99,5.01,4.89,4.91,4821771,23944460.00
2014/04/22,4.91,4.94,4.80,4.88,4961945,24125314.00
2014/04/23,4.86,4.89,4.82,4.82,2545642,12365319.00
2014/04/24,4.82,4.86,4.80,4.84,2599411,12574186.00
2014/04/25,4.86,4.86,4.69,4.70,3648825,17397188.00
2014/04/29,4.67,4.68,4.50,4.66,2768073,12754616.00
2014/04/30,4.64,4.71,4.62,4.68,1879920,8805737.00
2014/05/05,4.68,4.77,4.68,4.76,2104403,9981150.00
2014/05/06,4.76,4.78,4.71,4.75,1736442,8275563.00
2014/05/07,4.75,4.75,4.64,4.65,1904026,8974577.00
2014/05/08,4.62,4.71,4.62,4.64,2056730,9627211.00
2014/05/09,4.66,4.66,4.54,4.58,2028789,9326389.00
2014/05/12,4.63,4.70,4.60,4.69,2758743,12849261.00
2014/05/13,4.70,4.73,4.65,4.71,1995884,9383566.00
2014/05/14,4.72,4.72,4.66,4.68,1465103,6878828.00
2014/05/15,4.69,4.72,4.57,4.58,2110066,9836021.00
2014/05/16,4.58,4.66,4.58,4.61,2014783,9290606.00
2014/05/19,4.60,4.60,4.55,4.58,1078851,4943651.00
2014/05/20,4.63,4.64,4.58,4.60,1300711,6007428.00
2014/05/21,4.59,4.62,4.56,4.62,1640195,7542787.00
2014/05/22,4.61,4.65,4.60,4.61,1800660,8349430.00
2014/05/23,4.61,4.64,4.58,4.63,1448437,6691959.00
2014/05/26,4.64,4.74,4.63,4.73,3804952,17929804.00
2014/05/27,4.72,4.72,4.66,4.66,2074463,9725069.00
2014/05/28,4.66,4.70,4.63,4.69,1989846,9294140.00
2014/05/29,4.69,4.78,4.68,4.69,3730339,17683376.00
2014/05/30,4.69,4.71,4.66,4.69,1566410,7350716.00
2014/06/03,4.70,4.74,4.65,4.67,3440532,16177319.00
2014/06/04,4.79,5.14,4.79,4.99,23202855,116118872.00
2014/06/05,4.90,4.94,4.80,4.93,10181913,49635756.00
2014/06/06,4.89,4.90,4.81,4.82,4971510,24105708.00
2014/06/09,4.82,4.82,4.73,4.74,4127236,19699628.00
2014/06/10,4.74,4.78,4.71,4.77,3644724,17316092.00
2014/06/11,4.77,4.77,4.71,4.75,3329484,15809342.00
2014/06/12,4.76,4.78,4.72,4.74,3008365,14299131.00
2014/06/13,4.76,4.79,4.72,4.78,3903606,18625254.00
2014/06/16,4.78,4.81,4.75,4.79,3621519,17356072.00
2014/06/17,4.78,4.78,4.72,4.73,2966039,14087264.00
2014/06/18,4.73,4.73,4.64,4.65,3982147,18677740.00
2014/06/19,4.66,4.69,4.53,4.56,3789928,17475796.00
2014/06/20,4.58,4.62,4.56,4.61,2267913,10445566.00
2014/06/23,4.63,4.67,4.58,4.62,2240300,10396254.00
2014/06/24,4.62,4.64,4.61,4.63,1860947,8629286.00
2014/06/25,4.62,4.65,4.61,4.64,1637807,7600375.00
2014/06/26,4.63,4.68,4.62,4.67,2872302,13405910.00
2014/06/27,4.66,4.71,4.65,4.70,2934564,13793420.00
2014/06/30,4.73,4.73,4.69,4.71,2860359,13508575.00
2014/07/01,4.71,4.76,4.70,4.75,4007286,19013956.00
2014/07/02,4.77,4.77,4.71,4.75,3411723,16198724.00
2014/07/03,4.75,4.89,4.71,4.81,6359226,30756220.00
2014/07/04,4.79,4.82,4.77,4.79,3670313,17617556.00
2014/07/07,4.77,5.01,4.76,4.94,8689240,42470640.00
2014/07/08,4.89,4.94,4.85,4.88,6028131,29450084.00
2014/07/09,4.82,4.87,4.77,4.78,4566118,22060812.00
2014/07/10,4.75,4.98,4.74,4.85,5695652,27766168.00
2014/07/11,4.87,4.88,4.81,4.85,4851958,23561192.00
2014/07/14,4.83,4.91,4.83,4.90,4675168,22881700.00
2014/07/15,4.90,4.95,4.88,4.94,6046818,29823224.00
2014/07/16,4.94,4.95,4.88,4.90,5139180,25282600.00
2014/07/17,4.90,4.90,4.80,4.84,4871113,23585500.00
2014/07/18,4.81,4.90,4.81,4.89,4524677,22085708.00
2014/07/21,4.88,4.88,4.83,4.84,2176600,10577419.00
2014/07/22,4.83,4.90,4.82,4.88,3350919,16333385.00
2014/07/23,4.89,4.91,4.84,4.85,3597103,17565308.00
2014/07/24,4.86,4.87,4.81,4.86,5097949,24745390.00
2014/07/25,4.86,4.93,4.84,4.92,5177967,25389666.00
2014/07/28,4.92,4.98,4.92,4.98,8901362,44231136.00
2014/07/29,4.99,5.01,4.95,4.98,7505641,37459544.00
2014/07/30,4.98,5.18,4.94,5.09,18259876,92710208.00
2014/07/31,5.08,5.11,5.03,5.10,10680878,54330388.00
2014/08/01,5.09,5.34,5.07,5.16,30928452,161967392.00
2014/08/04,5.21,5.39,5.21,5.27,20173769,106482776.00
2014/08/05,5.24,5.24,5.17,5.21,13695900,71331968.00
2014/08/06,5.20,5.20,5.12,5.16,11052489,56981576.00
2014/08/07,5.16,5.19,5.12,5.17,9125680,47087192.00
2014/08/08,5.17,5.24,5.14,5.22,7144484,37105944.00
2014/08/11,5.22,5.28,5.19,5.24,10045624,52709464.00
2014/08/12,5.25,5.25,5.18,5.22,7314879,38155820.00
2014/08/13,5.18,5.21,5.14,5.19,8098557,41943152.00
2014/08/14,5.19,5.20,5.14,5.15,7756383,40171916.00
2014/08/15,5.14,5.23,5.13,5.21,8401128,43757132.00
2014/08/18,5.22,5.36,5.22,5.35,19006141,101206536.00
2014/08/19,5.37,5.39,5.27,5.33,11557683,61711480.00
2014/08/20,5.33,5.43,5.32,5.40,13276286,71646704.00
2014/08/21,5.40,5.48,5.31,5.37,9660585,52201336.00
2014/08/22,5.39,5.40,5.33,5.39,8544073,45874436.00
2014/08/25,5.38,5.42,5.34,5.39,7781684,41909960.00
2014/08/26,5.37,5.39,5.16,5.20,10045336,53121908.00
2014/08/27,5.19,5.27,5.18,5.23,5263953,27593320.00
2014/08/28,5.21,5.28,5.16,5.17,5336378,27855494.00
2014/08/29,5.17,5.23,5.15,5.23,5195050,27032956.00
2014/09/01,5.21,5.31,5.21,5.31,5965389,31527856.00
2014/09/02,5.32,5.38,5.30,5.36,10058436,53963768.00
2014/09/03,5.37,5.43,5.34,5.37,11774388,63465840.00
2014/09/04,5.40,5.58,5.37,5.54,19711048,108872944.00
2014/09/05,5.56,5.58,5.46,5.51,12843826,70789408.00
2014/09/09,5.54,5.67,5.47,5.61,16305702,90981848.00
2014/09/10,5.62,5.62,5.52,5.61,10788090,60278744.00
2014/09/11,5.61,5.69,5.53,5.59,14776774,83170488.00
2014/09/12,5.58,5.65,5.53,5.65,11347526,63708832.00
2014/09/15,5.65,6.03,5.59,5.88,24232905,141938656.00
2014/09/16,5.82,6.00,5.77,5.79,23793719,140153952.00
2014/09/17,5.79,6.32,5.77,6.14,40650426,247207280.00
2014/09/18,6.14,6.14,6.00,6.11,20271793,123030832.00
2014/09/19,6.09,6.13,6.03,6.13,13319473,81113920.00
2014/09/22,6.03,6.03,5.69,5.88,19123845,112664536.00
2014/09/23,5.85,5.93,5.80,5.92,11697222,68773880.00
2014/09/24,5.89,6.02,5.83,5.98,11840246,70653208.00
2014/09/25,5.99,6.10,5.90,5.95,14678146,88097136.00
2014/09/26,5.96,5.96,5.85,5.91,9541982,56414472.00
2014/09/29,5.93,6.06,5.93,6.04,13571335,81661168.00
2014/09/30,6.04,6.17,6.03,6.14,14733648,90468296.00
2014/10/08,6.16,6.29,6.10,6.28,16275672,101375440.00
2014/10/09,6.28,6.90,6.23,6.60,39392353,260604320.00
2014/10/10,6.64,6.64,6.48,6.53,17647757,115800016.00
2014/10/13,6.51,6.84,6.46,6.73,24384702,163359808.00
2014/10/14,6.69,6.81,6.60,6.76,21359776,143761376.00
2014/10/15,6.76,7.19,6.62,7.10,36617810,255799184.00
2014/10/16,7.07,7.59,6.89,6.97,47719189,346334912.00
2014/10/17,6.98,7.03,6.49,6.67,28452477,191052304.00
2014/10/20,6.68,6.93,6.68,6.82,16787682,114754608.00
2014/10/21,6.83,6.83,6.52,6.55,17142626,113832208.00
2014/10/22,6.52,6.58,6.29,6.31,14823276,95361312.00
2014/10/23,6.28,6.47,6.22,6.39,16170796,102543408.00
2014/10/24,6.37,6.47,6.32,6.43,8237544,52748020.00
2014/10/27,6.41,6.43,6.30,6.39,8218538,52431584.00
2014/10/28,6.41,6.64,6.41,6.63,11408907,74924528.00
2014/10/29,6.69,6.78,6.59,6.66,16123721,107844696.00
2014/10/30,6.66,6.88,6.60,6.74,17018293,114999168.00
2014/10/31,6.74,6.78,6.59,6.73,13284032,88743184.00
2014/11/03,6.77,6.78,6.66,6.73,12304228,82600384.00
2014/11/04,6.74,6.74,6.59,6.62,10504627,69926184.00
2014/11/05,6.61,6.61,6.44,6.56,10783656,70428088.00
2014/11/06,6.51,6.61,6.46,6.60,8994107,58805244.00
2014/11/07,6.61,6.62,6.46,6.49,9919960,65031408.00
2014/11/10,6.49,6.55,6.43,6.52,9108110,59264408.00
2014/11/11,6.52,6.53,6.06,6.17,17215948,108257712.00
2014/11/12,6.14,6.38,6.11,6.37,8671479,54428280.00
2014/11/13,6.40,6.40,6.23,6.28,6831437,42949164.00
2014/11/14,6.25,6.30,6.11,6.20,6257476,39007024.00
2014/11/17,6.27,6.33,6.16,6.28,6417497,40333688.00
2014/11/18,6.29,6.39,6.26,6.39,6370269,40483604.00
2014/11/19,6.41,6.54,6.39,6.43,8532814,55271344.00
2014/11/20,6.43,6.44,6.34,6.40,4942873,31599062.00
2014/11/21,6.39,6.44,6.37,6.42,5494751,35290724.00
2014/11/24,6.49,6.53,6.43,6.48,10659689,69107464.00
2014/11/25,6.50,6.60,6.49,6.59,11232547,73549144.00
2014/11/26,6.62,6.63,6.54,6.61,11967294,78896024.00
2014/11/27,6.66,6.77,6.63,6.71,20343077,136524752.00
2014/11/28,6.74,6.75,6.53,6.62,14996016,99600024.00
2014/12/01,6.61,6.61,6.47,6.49,11761339,76720504.00
2014/12/02,6.49,6.64,6.45,6.56,9743672,64032352.00
2014/12/03,6.55,6.62,6.47,6.61,18115941,118408768.00
2014/12/04,6.64,6.99,6.64,6.98,38897439,266505680.00
2014/12/05,6.98,6.98,6.50,6.71,25347375,171235216.00
2014/12/08,6.70,6.80,6.59,6.67,18732252,125840440.00
2014/12/09,6.64,6.89,6.54,6.55,27176063,182104944.00
2014/12/10,6.52,6.67,6.45,6.67,14875200,97959328.00
2014/12/11,6.66,7.09,6.66,7.06,40971716,284254592.00
2014/12/12,7.06,7.16,6.89,7.05,23376271,164200560.00
2014/12/15,7.10,7.40,7.00,7.33,28405806,206447104.00
2014/12/16,7.27,7.34,7.09,7.23,19074172,137678160.00
2014/12/17,7.17,7.17,6.87,6.94,21128686,147362800.00
2014/12/18,6.89,7.02,6.67,6.89,14675045,100976776.00
2014/12/19,6.85,7.15,6.82,7.11,23683896,166754704.00
2014/12/22,7.32,7.32,6.54,6.64,24692774,169968480.00
2014/12/23,6.59,7.04,6.49,6.91,22735317,155827824.00
2014/12/24,6.87,7.17,6.87,7.09,19615678,138881936.00
2014/12/25,7.09,7.21,7.01,7.18,18504457,131998960.00
2014/12/26,7.15,7.79,7.07,7.71,53657984,403902368.00
2014/12/29,7.71,8.39,7.58,8.17,65392685,529630880.00
2014/12/30,8.18,8.37,7.79,7.85,33062253,266615856.00
2014/12/31,7.82,8.40,7.80,8.37,34734892,285753344.00
2015/01/05,8.37,8.70,8.20,8.50,31787237,269769440.00
2015/01/06,8.52,8.52,8.14,8.17,22534346,185618576.00
2015/01/07,8.14,8.14,7.79,8.02,21170784,167996240.00
2015/01/08,7.99,7.99,7.69,7.90,20165269,158293936.00
2015/01/09,7.84,7.91,7.64,7.74,17849670,138665616.00
2015/01/12,7.74,7.75,7.39,7.40,16681650,125805480.00
2015/01/13,7.34,7.82,7.31,7.81,23721175,182436528.00
2015/01/14,7.82,8.08,7.77,7.89,18587316,147103008.00
2015/01/15,7.81,8.19,7.81,8.03,14024016,113011216.00
2015/01/16,8.04,8.05,7.84,7.95,9555742,75838256.00
2015/01/19,7.77,8.34,7.60,7.68,24012720,192366512.00
2015/01/20,7.70,8.17,7.70,8.16,19558311,155261120.00
2015/01/21,8.13,8.38,8.07,8.24,24321596,200420288.00
2015/01/22,8.25,8.44,8.21,8.24,15090234,125402976.00
2015/01/23,8.23,8.27,7.99,8.01,15807806,127688744.00
2015/01/26,7.99,8.10,7.95,8.09,9571097,77043552.00
2015/01/27,8.09,8.28,8.03,8.18,12621115,103092712.00
2015/01/28,8.18,8.22,8.09,8.17,11497230,93946864.00
2015/01/29,8.17,8.26,8.00,8.18,14538030,118961120.00
2015/01/30,8.19,8.21,8.01,8.12,11593166,94029400.00
2015/02/02,7.99,8.09,7.83,7.87,12423824,99092568.00
2015/02/03,7.84,7.99,7.84,7.93,9227425,73107032.00
2015/02/04,7.90,7.99,7.72,7.73,7579352,59694296.00
2015/02/12,8.39,8.50,8.21,8.50,17540552,147916768.00
2015/02/13,9.00,9.26,8.76,8.90,49279321,441984992.00
2015/02/16,8.85,9.70,8.70,9.54,35271282,328128096.00
2015/02/17,9.63,9.67,9.30,9.53,21690025,206365632.00
2015/02/25,9.53,9.53,9.10,9.25,15342218,142576400.00
2015/02/26,9.20,9.43,9.07,9.31,13332058,122763200.00
2015/02/27,9.22,9.53,9.13,9.30,11394940,106432952.00
2015/03/02,9.36,9.91,9.22,9.73,23902035,231044720.00
2015/03/03,9.72,9.86,9.37,9.46,17142839,164263984.00
2015/03/04,9.41,9.68,9.37,9.57,12158476,116373336.00
2015/03/05,9.58,9.59,9.09,9.28,17568786,163371344.00
2015/03/06,9.21,9.44,9.14,9.27,11968370,111290512.00
2015/03/09,9.20,9.56,9.03,9.52,14279145,133964768.00
2015/03/10,9.66,10.20,9.66,9.79,19050840,189050528.00
2015/03/11,9.78,9.85,9.53,9.71,11052163,107091808.00
2015/03/12,9.74,9.75,9.47,9.64,7348767,70499040.00
2015/03/13,9.64,9.84,9.47,9.79,11496038,110713200.00
2015/03/16,9.79,10.77,9.77,10.77,39607148,416863968.00
2015/03/17,10.99,11.50,10.89,11.16,36637653,410915680.00
2015/03/18,11.19,11.94,10.99,11.57,26381681,305027520.00
2015/03/19,11.59,11.92,11.29,11.61,17399397,201199024.00
2015/03/20,11.92,11.92,11.09,11.25,35183600,397798592.00
2015/03/23,11.17,11.29,10.81,11.29,44103772,487489184.00
2015/03/24,11.30,11.30,10.95,11.09,29119563,323882560.00
2015/03/25,10.80,11.27,10.80,11.18,22535419,250592416.00
2015/03/26,11.29,11.69,10.99,11.11,26001134,293790752.00
2015/03/27,11.11,11.47,10.87,11.27,25209771,282261856.00
2015/03/30,11.49,11.99,11.35,11.90,37761857,442612640.00
2015/03/31,12.19,12.19,11.29,11.50,34789479,406874752.00
2015/04/01,11.49,11.75,11.37,11.50,26730547,308233984.00
2015/04/02,11.53,11.66,11.20,11.44,32837559,373944288.00
2015/04/03,11.44,12.19,11.25,12.03,47856814,557830144.00
2015/04/07,12.29,13.23,12.05,13.23,53217862,686627008.00
2015/04/08,13.59,14.51,13.29,13.96,50474387,695364864.00
2015/04/09,14.40,15.09,13.38,14.99,53415911,769846400.00
2015/04/10,14.89,16.49,14.55,16.00,50286045,770993792.00
2015/04/13,15.99,16.34,15.57,15.83,33703211,538926208.00
2015/04/14,15.79,15.79,14.66,15.06,34964327,531913984.00
2015/04/15,15.06,15.68,14.27,15.17,28620362,426898784.00
2015/04/16,14.90,15.39,14.21,14.81,20094327,298398848.00
2015/04/17,14.83,15.03,14.45,14.51,20903801,306280320.00
2015/04/20,14.19,14.32,13.24,13.30,34416369,476653728.00
2015/04/21,13.30,14.24,13.30,14.19,23429873,326538304.00
2015/04/22,14.23,14.76,14.19,14.24,16412584,236010432.00
2015/04/23,14.23,14.29,13.80,13.97,17847662,249585424.00
2015/04/24,13.70,14.29,13.70,14.19,15795090,222548752.00
2015/04/27,14.29,14.65,14.29,14.34,20449430,294915584.00
2015/04/28,14.38,14.47,13.47,13.51,16495144,228644848.00
2015/04/29,13.55,13.79,13.29,13.67,8411094,114660904.00
2015/04/30,14.25,14.99,14.25,14.68,34324136,505492960.00
2015/05/04,14.84,14.96,14.34,14.66,18210019,265921440.00
2015/05/05,14.66,14.66,13.49,13.58,18533243,258274752.00
2015/05/06,13.37,13.58,12.78,12.97,16440345,217976032.00
2015/05/07,12.94,12.94,11.98,12.20,12663608,155688464.00
2015/05/08,12.38,12.88,12.38,12.79,12007242,152568944.00
2015/05/11,13.18,14.07,13.00,14.07,18629147,252407024.00
2015/05/12,14.36,15.14,14.09,14.71,34743023,510038656.00
2015/05/13,14.67,14.67,14.21,14.39,16956512,245355200.00
2015/05/14,14.44,14.76,14.30,14.45,18189024,263522768.00
2015/05/15,14.38,14.39,13.55,13.83,18308656,252916048.00
2015/05/18,13.70,14.09,13.59,13.63,13535903,187219824.00
2015/05/19,13.66,14.99,13.66,14.99,24795578,364202880.00
2015/05/20,15.37,16.28,15.19,15.78,40666905,636635520.00
2015/05/21,15.67,16.69,15.31,16.38,32581674,523610080.00
2015/05/22,16.39,16.65,15.71,16.05,28989586,466115552.00
2015/05/25,15.99,17.66,15.70,17.66,44838413,764890688.00
2015/05/26,17.85,18.39,17.19,18.02,36782429,657158080.00
2015/05/27,18.05,19.59,17.35,18.81,33152200,598851968.00
2015/05/28,18.60,19.38,16.93,16.97,34386824,620479360.00
2015/05/29,16.53,17.39,15.49,16.67,24486094,406665696.00
2015/06/01,16.98,17.44,16.75,17.27,29153446,497314496.00
2015/06/02,17.29,19.00,17.29,19.00,47408489,878655424.00
2015/06/03,19.37,20.09,18.25,19.42,46183141,896736640.00
2015/06/04,19.41,19.41,17.50,18.85,26511808,493434432.00
2015/06/05,19.01,19.57,18.12,18.68,38591112,723629632.00
2015/06/08,18.69,18.97,17.57,17.94,27951003,507042976.00
2015/06/09,17.78,18.09,17.14,17.59,22015372,385981952.00
2015/06/10,17.59,18.83,17.21,18.66,33117356,602497728.00
2015/06/11,18.67,18.94,18.42,18.90,29466723,550608832.00
2015/06/12,19.07,19.37,18.64,18.97,29655083,563387712.00
2015/06/15,18.80,19.44,18.31,18.45,30314166,573748608.00
2015/06/16,17.99,18.18,16.64,17.12,26998951,468310208.00
2015/06/17,16.98,17.19,15.87,16.99,24903267,412333792.00
2015/06/18,16.98,17.66,16.49,16.75,20022902,339401248.00
2015/06/19,16.16,16.98,15.25,15.27,16055683,256294864.00
2015/06/23,15.22,15.80,13.78,14.97,17130788,253481344.00
2015/06/24,15.30,15.86,15.11,15.69,21258300,328814368.00
2015/06/25,15.69,15.80,14.21,14.73,17433040,265572992.00
2015/06/26,14.15,14.18,13.26,13.26,20405616,274910944.00
2015/06/29,13.69,13.75,11.93,12.30,31253331,383446048.00
2015/06/30,11.60,13.45,11.07,13.31,34658718,415388960.00
2015/07/01,12.80,13.39,11.98,12.18,25518420,328476864.00
2015/07/02,12.22,12.38,10.96,11.13,24569484,277301920.00
2015/07/03,10.35,11.18,10.02,10.02,18890894,193502688.00
2015/07/06,11.02,11.02,9.02,9.44,33345136,319855008.00
2015/07/07,9.00,9.00,8.50,8.50,8924465,76396184.00
2015/07/13,9.35,9.35,9.35,9.35,857801,8020439.00
2015/07/14,10.29,10.29,10.29,10.29,935119,9622375.00
2015/07/15,11.20,11.20,9.26,9.26,39091145,392658208.00
2015/07/16,8.38,9.58,8.38,9.45,29727077,272925376.00
2015/07/17,9.32,10.35,9.32,10.17,32726751,323130240.00
2015/07/20,10.29,10.78,10.00,10.42,33484817,347343072.00
2015/07/21,10.13,11.00,10.00,10.82,32832217,348825728.00
2015/07/22,10.89,11.70,10.67,11.39,40878805,457874208.00
2015/07/23,11.40,11.95,11.20,11.80,35872555,420244704.00
2015/07/24,11.80,12.18,11.36,12.00,43826710,514035680.00
2015/07/27,11.67,12.99,10.80,10.80,61518946,707205184.00
2015/07/28,9.80,10.98,9.72,10.07,54012804,544477568.00
2015/07/29,10.34,11.08,9.89,11.08,53851890,561525568.00
2015/07/30,11.05,11.80,10.70,10.93,61254186,691921216.00
2015/07/31,10.51,11.10,10.11,10.41,34793568,377421504.00
2015/08/03,10.16,10.36,9.37,9.37,25458498,245256512.00
2015/08/04,9.45,9.99,9.35,9.93,22710223,220944096.00
2015/08/05,9.95,10.05,9.30,9.63,31371412,304929632.00
2015/08/06,9.38,9.97,9.20,9.81,23224703,223979056.00
2015/08/07,9.84,10.75,9.80,10.58,41076811,424532800.00
2015/08/10,10.66,11.32,10.59,11.05,30224380,331830528.00
2015/08/11,11.12,11.22,10.69,10.88,27073221,296722592.00
2015/08/12,10.58,10.92,10.35,10.41,16708953,178358160.00
2015/08/13,10.32,10.65,10.00,10.49,25055306,260785264.00
2015/08/14,10.66,11.04,10.64,10.79,27041443,293033952.00
2015/08/17,10.79,11.49,10.71,11.44,33446935,374080128.00
2015/10/30,12.58,12.58,12.40,12.58,41489044,521910208.00
2015/11/02,13.84,13.84,12.60,13.84,71376208,978047552.00
2015/11/03,14.61,15.00,12.74,13.06,103358620,1457217792.00
2015/11/04,13.20,14.37,12.91,14.37,46442387,628781760.00
2015/11/05,15.40,15.81,14.77,15.06,107882031,1667466496.00
2015/11/06,14.86,15.85,14.72,15.39,83322963,1277475712.00
2015/11/09,15.05,15.47,14.73,15.08,54945203,828093632.00
2015/11/10,14.90,16.30,14.79,15.31,49754192,771904000.00
2015/11/11,15.12,16.19,15.12,15.90,50518948,794947136.00
2015/11/12,16.21,16.35,15.40,15.56,44993368,706830016.00
2015/11/13,15.10,15.19,14.32,14.44,47431271,698784640.00
2015/11/16,14.12,15.39,14.01,15.07,30767489,457710144.00
2015/11/17,15.01,15.30,14.61,14.77,28755109,429189920.00
2015/11/18,15.08,15.44,14.68,14.84,28843269,434875872.00
2015/11/19,14.75,15.15,14.59,15.08,24153006,359856576.00
2015/11/20,15.02,15.96,15.00,15.65,41730558,644671424.00
2015/11/23,15.48,15.65,14.81,14.87,33727182,513815616.00
2015/11/24,14.80,15.28,14.71,15.07,18012162,270382336.00
2015/11/25,15.00,15.50,14.82,15.37,29311314,448792128.00
2015/11/26,15.33,16.50,15.20,15.70,46277387,733967360.00
2015/11/27,15.45,15.59,14.13,14.14,39489075,587626944.00
2015/11/30,14.00,14.43,13.01,13.92,26700669,369845856.00
2015/12/01,13.94,14.21,13.51,14.04,18643703,257894144.00
2015/12/02,13.96,13.97,12.73,13.49,19520706,262773216.00
2015/12/03,13.51,13.79,13.38,13.74,15906649,216834960.00
2015/12/04,13.86,14.10,13.33,13.46,19324649,264800544.00
2015/12/07,13.58,13.85,13.21,13.69,18476629,251036512.00
2015/12/08,13.44,13.50,12.95,13.00,20471822,269357216.00
2015/12/10,13.70,14.30,13.50,14.30,14340576,202105840.00
2015/12/11,14.60,14.73,13.69,14.02,34261475,484989408.00
2015/12/14,13.53,13.74,13.20,13.64,17899320,241110736.00
2015/12/15,13.63,14.15,13.51,13.80,14902570,206283856.00
2015/12/16,13.81,14.10,13.67,13.84,13668101,189351888.00
2015/12/17,13.96,14.39,13.88,14.10,19767263,279641984.00
2015/12/18,14.16,15.19,14.16,14.75,39875645,589004928.00
2015/12/21,14.60,15.13,14.50,14.81,25473845,379498336.00
2015/12/22,14.79,14.94,14.41,14.72,20574782,301041152.00
2015/12/23,14.68,14.99,14.40,14.62,21553638,315563072.00
2015/12/24,14.65,14.69,14.13,14.34,13949731,200089760.00
2015/12/25,14.51,14.90,14.51,14.74,17029731,250359472.00
2015/12/28,14.85,15.30,14.68,14.70,39916906,598908416.00
2015/12/29,14.50,14.64,14.22,14.58,16913374,244118608.00
2015/12/30,14.70,14.95,14.51,14.78,17970822,265161824.00
2015/12/31,14.80,14.88,14.30,14.32,16857398,245404016.00
2016/01/04,14.20,14.20,12.89,12.89,16914013,226973504.00
2016/01/05,12.00,12.75,11.65,12.22,20929005,255266576.00
2016/01/06,12.23,12.45,12.03,12.43,13607083,167272448.00
2016/01/07,12.15,12.15,11.19,11.19,4069257,46978000.00
2016/01/08,11.45,11.60,10.21,10.99,18868646,208041344.00
2016/01/11,10.69,10.71,9.89,9.89,18179578,186231648.00
2016/01/12,9.80,10.12,9.46,9.91,13820553,136210000.00
2016/01/13,9.76,10.10,9.31,9.37,12247650,120164464.00
2016/01/14,8.80,9.65,8.74,9.57,15648910,144043984.00
2016/01/15,9.41,9.56,8.66,8.83,14886292,135201760.00
2016/01/18,8.51,9.15,8.43,9.01,12305477,109526744.00
2016/01/19,9.19,9.85,9.19,9.74,19933699,189426144.00
2016/01/20,9.58,9.79,9.40,9.52,13822623,132407720.00
2016/01/21,9.22,9.65,8.83,8.89,9759981,91056704.00
2016/01/22,9.07,9.24,8.85,9.15,8461051,76717240.00
2016/01/25,9.27,9.55,9.20,9.44,8272082,77351528.00
2016/01/26,9.30,9.43,8.50,8.51,12702577,113912680.00
2016/01/27,8.61,8.69,7.75,8.44,12243955,100644088.00
2016/01/28,8.19,8.38,7.66,8.11,9466542,76693840.00
2016/01/29,8.00,8.57,7.95,8.48,11879879,98788704.00
2016/02/01,8.54,8.54,8.22,8.50,7785131,65226120.00
2016/02/02,8.50,8.85,8.41,8.79,9534098,83022536.00
2016/02/03,8.75,9.08,8.65,8.94,10499879,93451200.00
2016/02/04,8.91,9.08,8.88,9.01,8511210,76598736.00
2016/02/05,9.04,9.04,8.72,8.73,7037482,62306200.00
2016/02/15,8.27,8.58,8.21,8.49,5921506,49831688.00
2016/02/16,8.59,9.30,8.58,9.08,10702118,96456128.00
2016/02/17,9.38,9.66,9.21,9.52,18317805,172898336.00
2016/02/18,9.56,9.57,9.24,9.28,11607137,108514176.00
2016/02/19,9.22,9.43,9.17,9.29,9363442,87071192.00
2016/02/22,9.48,10.22,9.35,10.22,21566204,210702752.00
2016/02/23,10.76,10.77,10.11,10.43,32295540,337417664.00
2016/02/24,10.18,10.27,9.73,10.03,25804356,257407408.00
2016/02/25,10.00,10.00,9.03,9.03,23009825,215902352.00
2016/02/26,9.02,9.16,8.65,8.91,12551773,112017664.00
2016/02/29,9.06,9.06,8.10,8.55,13927053,116635784.00
2016/03/01,8.59,9.41,8.38,9.41,30381547,273810592.00
2016/03/02,9.65,10.12,9.42,10.08,37039525,362264544.00
2016/03/03,9.85,10.09,9.75,9.79,25800542,255688576.00
2016/03/04,9.71,9.87,9.00,9.21,18754280,177386656.00
2016/03/07,9.30,9.64,8.96,9.08,27915209,256184032.00
2016/03/08,8.99,9.07,8.42,9.01,18976417,165566608.00
2016/03/09,8.72,8.90,8.57,8.76,8831249,77274112.00
数据来源:通达信
