600976 健民集团 日线 前复权
      日期	    开盘	    最高	    最低	    收盘	    成交量	    成交额
2011/01/04,20.96,22.36,20.52,22.17,2782556,65687120.00
2011/01/05,22.17,24.57,21.88,24.15,7855274,202741920.00
2011/01/06,23.96,24.64,23.69,24.37,3183716,83213208.00
2011/01/07,24.36,24.44,23.14,23.59,2020688,51793172.00
2011/01/10,23.59,23.91,22.16,22.80,1553008,38504228.00
2011/01/11,22.53,22.83,22.04,22.25,1098329,26535548.00
2011/01/12,22.35,22.78,22.16,22.76,679320,16545510.00
2011/01/13,22.96,23.16,22.36,22.57,501571,12237774.00
2011/01/14,22.56,22.64,22.24,22.55,502506,12169895.00
2011/01/17,22.46,22.46,20.81,21.09,1363034,31357948.00
2011/01/18,21.14,21.16,20.60,20.82,573178,13006874.00
2011/01/19,21.20,21.86,20.68,21.85,1541754,35872560.00
2011/01/20,21.90,21.90,20.35,20.65,1929545,43875908.00
2011/01/21,20.56,20.67,20.16,20.41,1539088,34183860.00
2011/01/24,20.34,20.46,18.46,18.67,2766867,58120964.00
2011/01/25,18.76,19.05,17.68,18.98,1401728,28344476.00
2011/01/26,18.92,19.13,18.58,18.93,790765,16410417.00
2011/01/27,18.91,19.17,18.21,18.87,1196766,24682358.00
2011/01/28,18.66,19.51,18.61,19.47,907858,19075512.00
2011/01/31,19.50,19.77,19.19,19.51,653076,13978304.00
2011/02/01,19.26,19.74,19.03,19.23,1011886,21319416.00
2011/02/09,19.16,19.16,18.72,18.74,672140,13932732.00
2011/02/10,18.86,20.24,18.75,20.21,1486704,32058124.00
2011/02/11,20.16,20.41,19.87,20.30,1108773,24429450.00
2011/02/14,20.28,20.84,19.99,20.59,1319801,29435196.00
2011/02/15,20.60,20.75,20.37,20.49,1111802,24890196.00
2011/02/16,20.45,20.75,20.24,20.73,912846,20459616.00
2011/02/17,20.69,20.94,20.39,20.65,1023091,22933536.00
2011/02/18,20.61,20.61,20.01,20.04,1455497,32090562.00
2011/02/21,19.86,20.66,19.70,20.45,1926314,42675752.00
2011/02/22,20.36,21.81,20.28,20.75,3983467,91448704.00
2011/02/23,20.54,21.48,20.46,21.46,3231275,74385248.00
2011/02/24,21.37,21.86,21.11,21.33,1958163,45566800.00
2011/02/25,21.26,21.66,20.94,20.95,1861191,42946112.00
2011/02/28,20.85,21.36,20.75,20.98,1180115,26852640.00
2011/03/01,21.00,21.27,20.52,20.71,2826698,64200116.00
2011/03/02,20.67,21.06,19.96,20.51,1980220,44207460.00
2011/03/03,20.46,20.63,19.34,19.46,2613380,56833472.00
2011/03/04,19.74,20.06,19.46,19.89,1102963,23741526.00
2011/03/07,19.74,20.16,19.55,19.72,1458518,31475180.00
2011/03/08,19.79,20.31,19.66,20.30,1338514,29260190.00
2011/03/09,20.34,20.53,20.08,20.26,952517,21053696.00
2011/03/10,20.26,20.37,19.96,20.26,1080494,23741182.00
2011/03/11,20.26,20.59,20.10,20.37,1469620,32687864.00
2011/03/14,20.36,21.05,20.16,20.96,2102936,47646732.00
2011/03/15,20.95,21.39,19.98,20.85,1925212,43456536.00
2011/03/16,20.64,20.95,20.20,20.82,1501728,33845032.00
2011/03/17,20.74,20.74,20.17,20.25,1307129,28984254.00
2011/03/18,20.26,21.14,20.26,20.83,1539174,34710652.00
2011/03/21,20.83,21.49,20.71,21.16,3092058,71014136.00
2011/03/22,21.42,21.42,20.94,21.13,2115857,48563532.00
2011/03/23,21.10,21.13,20.61,20.91,1634413,36996452.00
2011/03/24,20.91,21.16,20.73,21.16,1120465,25597440.00
2011/03/25,21.16,21.16,20.60,20.72,1728602,39048876.00
2011/03/28,20.73,20.73,19.88,20.47,2484807,54744420.00
2011/03/29,20.46,20.71,19.21,19.66,2904759,62866708.00
2011/03/30,19.17,19.86,19.11,19.64,2503144,53225072.00
2011/03/31,19.64,20.00,18.65,19.11,1569007,33067696.00
2011/04/01,19.11,19.46,18.96,19.45,1016981,21482024.00
2011/04/06,19.26,19.63,18.64,18.95,2625392,54866280.00
2011/04/07,18.69,18.93,18.12,18.53,2709809,54857880.00
2011/04/08,18.52,18.91,18.18,18.90,945333,19312958.00
2011/04/11,18.91,18.95,18.52,18.64,1026675,21101866.00
2011/04/12,18.64,18.84,18.33,18.36,856303,17417176.00
2011/04/13,18.46,18.94,18.32,18.93,1229536,25358064.00
2011/04/14,18.93,19.34,18.82,19.23,1242600,26123694.00
2011/04/15,19.17,19.41,18.85,19.02,738665,15456950.00
2011/04/18,18.87,19.24,18.71,19.18,791534,16407538.00
2011/04/19,19.06,19.43,18.72,19.21,1419454,29610360.00
2011/04/20,19.21,20.14,19.04,20.12,5495314,117860704.00
2011/04/22,19.50,19.61,18.32,18.56,5709946,117346696.00
2011/04/25,18.55,18.69,17.94,18.05,2460754,49418696.00
2011/04/26,17.94,18.11,17.71,18.07,1137533,22416688.00
2011/04/27,18.06,18.26,17.43,17.61,1180775,23139352.00
2011/04/28,17.41,18.06,16.76,16.92,1113798,21317936.00
2011/04/29,17.17,17.17,16.67,17.02,738288,13887000.00
2011/05/03,16.99,17.71,16.78,17.39,989465,19010660.00
2011/05/04,17.36,18.00,17.35,17.94,2070900,40700996.00
2011/05/05,17.91,18.18,17.66,18.07,1354647,26811220.00
2011/05/06,18.11,18.11,17.85,17.94,1843800,36526140.00
2011/05/09,17.87,18.36,17.83,18.07,705335,14072541.00
2011/05/10,18.07,18.31,17.89,18.02,540405,10743675.00
2011/05/11,18.01,18.11,17.84,17.97,421592,8338049.00
2011/05/12,17.86,17.96,17.49,17.51,671821,13170615.00
2011/05/13,17.46,17.69,17.26,17.37,786335,15107661.00
2011/05/16,17.64,17.66,17.33,17.41,493325,9535708.00
2011/05/17,17.36,17.71,17.27,17.36,951565,18349088.00
2011/05/18,17.51,17.75,17.31,17.70,996321,19349184.00
2011/05/19,17.71,17.78,17.48,17.75,882981,17208518.00
2011/05/20,17.68,18.34,17.61,18.27,1275818,25417666.00
2011/05/23,18.28,18.29,17.59,17.64,877968,17295412.00
2011/05/24,17.54,17.99,17.26,17.98,623625,12130279.00
2011/05/25,17.80,18.21,17.68,17.93,827185,16453539.00
2011/05/26,17.76,18.15,17.51,17.51,613546,11999291.00
2011/05/27,17.41,17.64,16.96,17.06,582615,11079456.00
2011/05/30,16.76,17.16,16.20,16.29,929712,17213712.00
2011/05/31,16.33,16.96,16.30,16.86,762902,14203427.00
2011/06/01,17.01,17.35,16.66,17.14,910809,17129696.00
2011/06/02,16.93,17.01,16.64,16.96,442850,8270671.00
2011/06/03,17.06,17.19,16.85,17.15,579825,10986125.00
2011/06/07,17.31,17.66,17.06,17.53,764493,14753521.00
2011/06/08,17.54,17.56,17.16,17.47,414851,7965373.00
2011/06/09,17.46,17.56,17.05,17.06,311109,5963535.00
2011/06/10,17.05,17.26,16.81,17.15,513469,9701116.00
2011/06/13,17.15,17.57,16.96,17.45,435500,8258082.50
2011/06/14,17.48,17.68,17.39,17.57,462773,8825757.00
2011/06/15,17.59,17.73,17.27,17.28,481489,9174957.00
2011/06/16,17.28,17.28,16.80,16.86,487830,9051927.00
2011/06/17,16.83,17.26,16.81,17.13,445912,8274148.00
2011/06/20,16.96,17.23,16.77,16.92,410129,7580696.00
2011/06/21,17.15,17.17,16.76,16.81,354725,6517841.00
2011/06/22,16.80,17.41,16.80,17.16,412250,7694709.00
2011/06/23,17.06,17.34,16.97,17.28,323990,6078431.00
2011/06/24,17.26,17.96,17.26,17.61,908268,17503846.00
2011/06/27,17.54,18.16,17.51,17.58,923029,17804530.00
2011/06/28,17.49,17.72,17.46,17.63,485503,9279235.00
2011/06/29,17.69,17.69,17.36,17.37,462707,8796627.00
2011/06/30,17.41,18.56,17.41,18.05,1509557,29624528.00
2011/07/01,18.11,18.63,18.08,18.45,2870125,57220800.00
2011/07/04,18.61,19.26,18.46,18.74,2453311,50009296.00
2011/07/05,18.66,18.74,18.35,18.57,3381634,67771288.00
2011/07/06,18.55,18.64,18.21,18.46,2867123,57338732.00
2011/07/07,18.62,18.66,18.33,18.62,4247179,85226504.00
2011/07/08,18.66,18.86,18.42,18.75,1568547,31710644.00
2011/07/11,18.76,19.81,18.65,19.54,3862064,80673848.00
2011/07/12,19.31,19.96,19.24,19.39,3679957,77981992.00
2011/07/13,19.34,19.65,19.28,19.57,2278147,47943572.00
2011/07/14,19.71,20.06,19.49,19.82,3941489,84077584.00
2011/07/15,19.76,20.69,19.67,20.50,6650515,145700688.00
2011/07/18,20.50,20.97,19.56,19.66,5379322,116219080.00
2011/07/19,19.25,19.42,18.66,19.06,5325837,109022232.00
2011/07/20,19.16,19.52,18.68,19.02,2743643,56437808.00
2011/07/21,18.93,19.12,18.64,18.65,1486958,30346370.00
2011/07/22,18.66,18.89,18.61,18.65,1481755,30022614.00
2011/07/25,18.78,18.83,17.46,17.56,2880300,56048436.00
2011/07/26,17.69,17.81,17.47,17.79,1048535,20175424.00
2011/07/27,17.78,18.00,17.52,17.85,1869730,36056256.00
2011/07/28,17.76,17.76,17.46,17.52,1050081,20088834.00
2011/07/29,17.56,17.71,17.01,17.14,1869098,34988632.00
2011/08/01,17.16,17.27,16.96,17.05,1740456,32430028.00
2011/08/02,17.02,17.03,16.56,17.02,1972507,36110920.00
2011/08/04,17.02,17.21,16.85,17.06,1958972,36404164.00
2011/08/05,16.57,16.67,15.66,15.99,3839458,68086240.00
2011/08/08,15.66,15.75,14.64,15.10,3085762,51594100.00
2011/08/09,14.62,15.34,14.47,15.29,2262526,37405672.00
2011/08/10,15.61,15.72,15.29,15.32,1874755,31937592.00
2011/08/11,14.73,15.66,14.73,15.60,1584259,26771120.00
2011/08/12,15.70,15.90,15.60,15.71,1332561,23023616.00
2011/08/15,15.68,15.96,15.68,15.85,2271734,39491304.00
2011/08/16,15.99,16.21,15.73,15.86,1749471,30649608.00
2011/08/17,15.82,15.89,15.47,15.57,1044209,17908976.00
2011/08/18,15.56,15.57,15.20,15.26,1198543,20208680.00
2011/08/19,14.91,15.55,14.66,15.54,1649367,27583092.00
2011/08/22,15.61,15.88,15.36,15.44,1044845,17914124.00
2011/08/23,15.66,15.84,15.35,15.76,1257089,21528406.00
2011/08/24,15.91,16.62,15.87,16.20,5467951,97401376.00
2011/08/25,16.15,17.26,16.15,17.13,5640742,103470656.00
2011/08/26,16.97,17.38,16.84,17.12,2423633,45386780.00
2011/08/29,16.97,17.10,16.42,16.81,2621862,47915216.00
2011/08/30,16.96,16.96,16.31,16.79,2204138,40030444.00
2011/08/31,16.66,16.68,16.31,16.49,926802,16705685.00
2011/09/01,16.46,16.66,15.99,16.24,1103000,19632872.00
2011/09/02,16.11,16.34,15.79,15.87,648900,11323758.00
2011/09/05,15.87,15.87,15.37,15.49,709620,12097155.00
2011/09/06,15.36,15.59,15.26,15.44,688010,11671463.00
2011/09/07,15.63,15.96,15.46,15.89,1092406,18862744.00
2011/09/08,15.94,16.03,15.62,15.66,601908,10445688.00
2011/09/09,15.65,15.87,15.26,15.39,463900,7928061.00
2011/09/13,15.26,15.26,14.92,15.04,677463,11225220.00
2011/09/14,15.14,15.16,14.67,15.16,786451,12995206.00
2011/09/15,15.16,15.41,15.13,15.17,595720,9978122.00
2011/09/16,15.17,15.41,15.07,15.10,268760,4490697.00
2011/09/19,15.08,15.08,14.76,14.78,279134,4569714.00
2011/09/20,14.78,14.96,14.73,14.93,383620,6283215.00
2011/09/21,14.79,15.49,14.79,15.35,710124,11923809.00
2011/09/22,15.31,15.34,14.64,14.65,608241,10083003.00
2011/09/23,14.45,14.58,14.32,14.42,908102,14479111.00
2011/09/26,14.31,14.54,13.96,13.96,487156,7661807.00
2011/09/27,14.43,14.43,13.57,13.92,619527,9555867.00
2011/09/28,13.96,14.17,13.74,14.02,746073,11631401.00
2011/09/29,14.10,14.45,13.68,14.21,1184100,18494546.00
2011/09/30,14.35,14.35,13.86,14.15,519190,8099866.00
2011/10/10,14.08,14.24,13.66,13.66,557300,8535979.00
2011/10/11,14.00,14.26,13.17,13.59,783738,11807143.00
2011/10/12,13.37,14.26,13.23,14.18,1946416,29932114.00
2011/10/13,13.98,14.32,13.98,14.07,1035742,16235305.00
2011/10/14,14.13,14.14,13.60,13.74,592899,9097359.00
2011/10/17,13.96,13.96,13.61,13.64,872420,13279520.00
2011/10/18,13.62,13.62,13.11,13.31,959219,14212613.00
2011/10/19,13.34,13.34,12.59,12.67,1333220,19233304.00
2011/10/20,12.72,12.72,12.31,12.37,1397307,19581650.00
2011/10/21,12.31,12.42,11.96,12.15,390630,5352548.00
2011/10/24,12.01,12.33,11.84,12.01,3208390,43773900.00
2011/10/25,12.04,12.82,11.98,12.80,3733907,51798980.00
2011/10/26,12.66,13.33,12.66,13.20,2914787,42632612.00
2011/10/27,13.20,13.30,13.01,13.04,1341159,19679940.00
2011/10/28,13.28,13.75,13.21,13.71,3718343,55909816.00
2011/10/31,13.61,13.89,13.59,13.88,2424276,37091732.00
2011/11/01,13.84,14.28,13.67,13.82,2583670,40055212.00
2011/11/02,13.66,14.55,13.49,14.38,2638965,41022236.00
2011/11/03,14.52,14.71,14.26,14.27,1975135,31825544.00
2011/11/04,14.41,14.71,14.21,14.32,1105120,17603860.00
2011/11/07,14.26,14.53,14.06,14.12,1202796,19014116.00
2011/11/08,14.13,14.24,13.99,14.09,791075,12380234.00
2011/11/09,14.21,14.29,13.92,14.20,863328,13504347.00
2011/11/10,14.01,14.64,13.97,14.45,1639830,26100140.00
2011/11/11,14.38,14.57,14.03,14.10,1363611,21531704.00
2011/11/14,14.24,14.55,14.17,14.48,1216408,19365416.00
2011/11/15,14.43,14.85,14.41,14.75,1411875,22860782.00
2011/11/16,14.74,14.86,14.26,14.35,818787,13124861.00
2011/11/17,14.25,14.51,14.23,14.24,586641,9334821.00
2011/11/18,14.16,14.38,13.31,13.72,1919307,29482148.00
2011/11/21,13.74,13.80,13.28,13.48,776042,11655101.00
2011/11/22,13.41,13.58,13.34,13.53,413201,6199194.00
2011/11/23,13.69,13.81,13.48,13.52,444460,6722467.00
2011/11/24,13.37,13.72,13.16,13.51,755918,11307328.00
2011/11/25,13.44,13.78,13.26,13.45,743257,11206561.00
2011/11/28,13.44,13.64,13.06,13.23,1009120,14976915.00
2011/11/29,13.42,13.60,13.32,13.55,1678605,25160566.00
2011/11/30,13.55,13.61,12.36,12.63,2030068,29300412.00
2011/12/01,13.06,13.45,12.84,12.92,1889449,27683482.00
2011/12/02,12.98,13.74,12.92,13.68,3254577,48649680.00
2011/12/05,13.47,13.80,13.23,13.57,1950788,29326428.00
2011/12/06,13.61,13.78,13.06,13.74,1681488,25249708.00
2011/12/07,13.80,14.53,13.67,14.33,4588730,72619752.00
2011/12/08,14.16,14.61,14.02,14.25,2432945,38490776.00
2011/12/09,14.21,14.32,13.87,14.05,2064005,32169036.00
2011/12/12,14.15,14.34,13.94,13.97,2160110,33939152.00
2011/12/13,13.81,14.05,13.22,13.44,1504069,22584296.00
2011/12/14,13.23,13.40,13.14,13.19,669847,9909317.00
2011/12/15,13.08,13.38,13.06,13.12,2222312,32813168.00
2011/12/16,13.33,14.14,12.96,14.12,2450224,37321760.00
2011/12/19,14.12,14.61,13.86,14.48,2373925,37589140.00
2011/12/20,14.42,14.57,14.11,14.12,1584629,25037756.00
2011/12/21,14.26,14.64,14.16,14.21,2265093,36236308.00
2011/12/22,14.08,14.86,13.89,14.81,3137781,50184868.00
2011/12/23,14.68,14.91,14.52,14.69,2204146,35881592.00
2011/12/26,14.66,15.10,14.52,14.62,1686788,27657696.00
2011/12/27,14.51,14.66,13.57,13.61,1646367,25618416.00
2011/12/28,13.25,13.51,13.16,13.38,2030086,30170508.00
2011/12/29,13.38,13.78,13.25,13.64,1398566,21284196.00
2011/12/30,13.66,13.83,13.46,13.57,1196550,18183320.00
2012/01/04,13.56,13.81,12.67,12.72,1602694,23631388.00
2012/01/05,12.46,12.74,11.70,11.99,2327249,31687470.00
2012/01/06,11.96,12.31,11.53,12.01,750932,10166615.00
2012/01/09,12.21,12.56,11.99,12.54,912701,12688821.00
2012/01/10,12.51,13.18,12.49,12.94,2197786,31867254.00
2012/01/11,12.99,13.15,12.84,12.86,1133827,16467394.00
2012/01/12,12.86,12.95,12.61,12.69,805850,11516596.00
2012/01/13,12.79,12.79,12.44,12.61,1537023,21698000.00
2012/01/16,12.52,12.58,11.66,12.00,959239,12958604.00
2012/01/17,11.79,12.65,11.79,12.57,875467,12126308.00
2012/01/18,12.71,12.94,12.04,12.22,812092,11346796.00
2012/01/19,12.32,12.51,11.96,12.35,609159,8468386.00
2012/01/20,12.39,12.70,12.31,12.61,563625,7957128.00
2012/01/30,12.51,12.70,12.48,12.54,367242,5201037.00
2012/01/31,12.51,12.91,12.31,12.83,684127,9714618.00
2012/02/01,12.76,12.94,12.67,12.81,715171,10273989.00
2012/02/02,12.74,12.90,12.60,12.89,1107485,15822047.00
2012/02/03,12.86,12.97,12.68,12.86,1103375,15868335.00
2012/02/06,12.82,13.20,12.76,13.12,1426739,20687792.00
2012/02/07,13.04,13.04,12.64,12.69,606160,8669173.00
2012/02/08,12.71,12.88,12.44,12.75,2219079,31447110.00
2012/02/09,12.77,13.02,12.68,13.01,1910474,27584476.00
2012/02/10,12.98,13.15,12.91,13.02,1322652,19245076.00
2012/02/13,12.84,13.24,12.84,13.07,923576,13508082.00
2012/02/14,13.14,13.24,12.85,13.01,979369,14198053.00
2012/02/15,12.96,13.32,12.89,13.31,1452450,21289384.00
2012/02/16,13.26,13.47,13.12,13.32,1197562,17776600.00
2012/02/17,13.27,13.41,13.16,13.25,620963,9208782.00
2012/02/20,13.46,13.54,13.09,13.15,1316753,19470244.00
2012/02/21,13.06,13.21,12.97,13.16,866050,12680966.00
2012/02/22,13.17,13.51,13.10,13.45,1699671,25339188.00
2012/02/23,13.57,13.63,13.30,13.45,1492066,22311968.00
2012/02/24,13.48,13.87,13.36,13.86,3265204,49404344.00
2012/02/27,13.99,14.26,13.86,13.90,3522252,54869992.00
2012/02/28,13.76,13.84,13.48,13.74,1684928,25569704.00
2012/02/29,13.45,13.56,13.26,13.31,1821136,27163778.00
2012/03/01,13.27,13.51,13.26,13.33,1328250,19784622.00
2012/03/02,13.46,14.01,13.46,13.94,3609977,55176616.00
2012/03/05,13.97,14.67,13.97,14.44,4763760,76165792.00
2012/03/06,14.22,14.74,14.11,14.56,3146681,50184148.00
2012/03/07,14.34,14.94,14.26,14.39,3369143,54476296.00
2012/03/08,14.46,14.71,14.26,14.55,2058853,32992136.00
2012/03/09,14.55,14.69,14.36,14.66,1997163,32146830.00
2012/03/12,14.71,15.01,14.59,14.74,2945258,48120096.00
2012/03/13,14.81,14.89,14.43,14.72,2211681,35623724.00
2012/03/14,14.69,15.08,14.06,14.25,4548519,73841040.00
2012/03/15,14.11,14.41,13.86,14.14,2362703,37038560.00
2012/03/16,14.25,14.54,13.96,14.52,3320533,52402632.00
2012/03/19,14.44,14.86,14.32,14.85,3434435,55541472.00
2012/03/21,14.58,14.65,14.19,14.41,3509249,55669900.00
2012/03/22,14.26,14.38,14.19,14.22,1583691,25003816.00
2012/03/23,14.15,14.15,13.48,13.81,1787081,27504544.00
2012/03/26,13.77,13.82,13.47,13.77,1310803,19903992.00
2012/03/27,13.96,14.02,13.54,13.67,1571034,24029524.00
2012/03/28,13.71,13.73,12.86,12.95,1795372,26488758.00
2012/03/29,12.78,12.96,12.41,12.61,1359837,19297920.00
2012/03/30,12.54,12.73,12.46,12.56,773888,10918506.00
2012/04/05,12.52,12.86,12.52,12.82,1721344,24564710.00
2012/04/06,12.80,12.90,12.67,12.80,1160787,16615392.00
2012/04/09,12.76,12.83,12.52,12.54,843149,11967054.00
2012/04/10,12.47,12.71,12.18,12.69,978131,13690685.00
2012/04/11,12.61,12.80,12.43,12.70,660912,9366204.00
2012/04/12,12.74,13.07,12.65,12.95,1553498,22391782.00
2012/04/13,12.97,13.11,12.85,12.98,1646508,23889976.00
2012/04/16,12.91,13.03,12.71,12.93,852815,12302599.00
2012/04/17,12.94,13.34,12.94,13.10,1927645,28367486.00
2012/04/18,13.14,13.43,13.06,13.26,2527676,37361952.00
2012/04/19,13.39,13.42,13.14,13.38,1753760,26041488.00
2012/04/20,13.31,13.46,13.22,13.36,1249744,18650452.00
2012/04/23,13.36,13.37,12.79,12.79,1990455,29073564.00
2012/04/24,12.66,12.94,12.23,12.59,1534394,21564390.00
2012/04/25,12.60,12.77,12.46,12.75,1095964,15526515.00
2012/04/26,12.80,12.80,12.55,12.64,1043669,14814770.00
2012/04/27,12.76,12.78,12.61,12.72,571830,8136607.00
2012/05/02,12.84,13.06,12.73,13.02,1260929,18229336.00
2012/05/03,13.00,13.31,12.94,13.25,1620760,23862600.00
2012/05/04,13.24,13.35,13.09,13.24,1270372,18714104.00
2012/05/07,13.17,13.94,13.13,13.77,4103923,61996520.00
2012/05/08,13.66,13.77,13.47,13.55,1689124,25574336.00
2012/05/09,13.55,13.63,13.16,13.32,1266608,18841944.00
2012/05/10,13.36,13.96,13.31,13.71,3604343,55124960.00
2012/05/11,13.74,13.91,13.59,13.68,1834073,28011128.00
2012/05/14,13.86,14.02,13.56,13.75,2527824,38733740.00
2012/05/15,13.71,13.71,13.26,13.51,1201014,17532664.00
2012/05/16,13.48,13.64,13.32,13.50,906347,13198540.00
2012/05/17,13.50,13.74,13.40,13.46,1613458,23685882.00
2012/05/18,13.44,13.49,12.84,12.93,1695272,24120002.00
2012/05/21,12.86,13.00,12.66,12.86,1012304,14181391.00
2012/05/22,12.89,13.19,12.89,13.06,1180719,16752221.00
2012/05/23,13.06,13.66,13.02,13.56,2088535,30347460.00
2012/05/24,13.51,13.74,13.49,13.53,1458821,21499596.00
2012/05/25,13.42,13.55,13.07,13.34,1018929,14762860.00
2012/05/28,13.31,13.32,12.87,13.17,1523082,21768402.00
2012/05/29,13.24,13.68,13.08,13.51,1506226,22050180.00
2012/05/30,13.51,14.18,13.42,14.12,4003114,60329480.00
2012/05/31,13.98,14.40,13.96,14.25,2609914,40055756.00
2012/06/01,14.31,14.34,14.03,14.16,1355843,20731984.00
2012/06/04,13.95,14.49,13.83,13.98,2261993,34706888.00
2012/06/05,13.96,14.84,13.96,14.69,4800289,75333960.00
2012/06/06,14.75,14.88,14.25,14.34,4506968,71171552.00
2012/06/07,14.44,14.66,14.26,14.27,1548307,24133588.00
2012/06/08,14.25,14.36,13.88,14.15,1305256,19847984.00
2012/06/11,14.18,14.45,14.03,14.38,1353701,20831604.00
2012/06/12,14.39,14.45,14.22,14.31,1195548,18503286.00
2012/06/13,14.26,14.88,14.04,14.87,2652853,41457392.00
2012/06/14,14.77,14.99,14.48,14.58,1854328,29390472.00
2012/06/15,14.56,16.15,14.56,16.15,10969179,183298720.00
2012/06/18,15.78,16.81,15.75,16.78,7184950,125144920.00
2012/06/19,16.66,16.86,16.31,16.69,5073007,90049352.00
2012/06/20,16.64,16.82,16.01,16.36,3688897,64117140.00
2012/06/21,16.36,18.02,16.09,17.54,9962815,181513872.00
2012/06/25,17.26,17.59,16.91,17.02,3280042,60305332.00
2012/06/26,17.04,17.14,16.25,16.80,2928468,51826828.00
2012/06/27,16.76,17.66,16.64,17.24,4662796,85436912.00
2012/06/28,17.16,17.32,16.76,17.24,2280156,41419928.00
2012/06/29,17.08,18.58,17.06,18.51,5680084,108200064.00
2012/07/02,18.46,18.61,17.96,18.44,6501266,125839096.00
2012/07/03,18.17,18.20,17.54,17.60,6312456,120102096.00
2012/07/04,17.34,17.36,15.91,16.37,11309044,200247104.00
2012/07/05,16.15,16.71,15.92,16.40,5297740,92851552.00
2012/07/06,16.52,17.16,16.07,17.09,6341345,112824416.00
2012/07/09,16.86,17.37,16.72,16.99,4461535,80841432.00
2012/07/10,16.83,17.12,16.46,16.97,2518481,45258152.00
2012/07/11,16.63,17.35,16.31,17.32,3819176,68649440.00
2012/07/12,17.32,18.51,17.14,18.03,7803106,148657232.00
2012/07/13,17.71,18.36,17.57,18.23,2406271,46113152.00
2012/07/16,18.16,18.55,17.66,17.78,2567596,49084060.00
2012/07/17,17.65,17.85,16.74,17.49,2947043,54146648.00
2012/07/18,17.54,17.84,16.86,17.64,2753765,50730520.00
2012/07/19,17.32,18.55,17.28,18.35,2733745,52889592.00
2012/07/20,18.26,18.55,17.86,18.30,1324347,25531998.00
2012/07/23,18.06,18.31,17.74,18.20,1775830,34000196.00
2012/07/24,18.20,18.23,17.74,18.06,1057951,20205350.00
2012/07/25,17.74,18.06,17.61,17.79,1363926,25722296.00
2012/07/26,17.63,17.98,17.60,17.75,1080920,20452976.00
2012/07/27,17.66,17.89,16.36,16.95,4413553,78964528.00
2012/07/30,16.51,16.76,15.94,16.23,1395000,24410344.00
2012/07/31,16.15,16.25,15.90,16.16,971036,16737647.00
2012/08/01,15.91,16.56,15.91,16.28,2821435,49045868.00
2012/08/02,16.19,16.98,16.19,16.83,3810384,67947152.00
2012/08/03,16.83,17.20,16.74,17.14,1415096,25638258.00
2012/08/06,17.14,18.03,17.01,17.91,3278443,61509252.00
2012/08/07,17.81,18.01,17.61,17.81,1237260,23367872.00
2012/08/08,17.86,17.87,17.24,17.59,1328387,24754238.00
2012/08/09,17.47,18.21,17.46,18.13,3236534,61495852.00
2012/08/10,17.96,19.06,17.87,18.90,4469081,88347592.00
2012/08/13,18.56,18.86,18.16,18.53,2881021,56361112.00
2012/08/14,18.38,18.47,17.52,18.32,2310379,44019548.00
2012/08/15,18.06,18.78,18.02,18.58,2010782,39572224.00
2012/08/16,18.26,18.84,18.06,18.30,994567,19271296.00
2012/08/17,17.96,18.26,17.74,17.97,785717,14950638.00
2012/08/20,17.83,18.34,17.04,17.41,1957227,36603688.00
2012/08/21,17.42,18.24,17.41,17.90,1601278,30447744.00
2012/08/22,17.68,18.36,17.68,17.94,692151,13162000.00
2012/08/23,18.00,18.14,17.77,17.89,503215,9591473.00
2012/08/24,17.89,17.89,16.86,17.60,882835,16441414.00
2012/08/27,17.51,17.51,17.01,17.21,810904,14815305.00
2012/08/28,17.14,17.85,16.67,17.62,2299515,42697704.00
2012/08/29,18.06,19.32,17.86,18.85,5531456,109380064.00
2012/08/30,18.84,18.92,17.86,18.62,2369567,46490464.00
2012/08/31,18.44,19.76,18.44,19.38,3064603,62369132.00
2012/09/03,19.25,19.52,18.97,19.48,2065814,42285312.00
2012/09/04,19.56,19.70,19.21,19.41,1446445,29794506.00
2012/09/05,19.21,19.39,18.64,19.15,1977061,39715560.00
2012/09/06,18.97,19.15,18.61,18.85,1478986,29490340.00
2012/09/07,19.04,19.35,18.41,18.81,4448223,88935584.00
2012/09/10,18.71,18.76,18.16,18.75,4739415,92700872.00
2012/09/11,18.57,19.10,18.44,18.80,2831085,55982432.00
2012/09/12,18.86,18.90,18.34,18.50,2026414,39798992.00
2012/09/13,18.50,19.34,18.37,18.95,4240494,85229104.00
2012/09/14,18.86,19.01,18.07,18.21,4627204,90125920.00
2012/09/17,18.01,18.35,17.86,17.87,1360172,26225028.00
2012/09/18,17.74,18.15,17.66,17.92,956533,18181432.00
2012/09/19,18.00,18.36,17.74,18.30,974584,18839906.00
2012/09/20,18.30,18.74,17.69,17.93,1210726,23404252.00
2012/09/21,18.08,18.08,16.84,17.29,2945574,54228768.00
2012/09/24,17.16,17.36,16.96,17.19,1321550,24304006.00
2012/09/25,17.05,17.25,16.92,17.10,470031,8568266.00
2012/09/26,16.98,17.31,16.44,16.74,783845,13997204.00
2012/09/27,16.60,17.06,16.60,16.97,890998,16071166.00
2012/09/28,16.76,17.19,16.76,17.14,1060999,19256796.00
2012/10/08,16.92,17.31,16.74,16.91,790144,14277503.00
2012/10/09,16.90,17.78,16.74,17.49,1696346,31257960.00
2012/10/10,17.24,17.63,17.17,17.41,1070559,19787772.00
2012/10/11,17.41,17.41,16.86,17.16,963397,17656344.00
2012/10/12,17.04,17.40,16.61,16.97,1590618,28657604.00
2012/10/15,16.69,17.06,16.55,16.76,590883,10561292.00
2012/10/16,16.67,17.78,16.66,17.61,9085185,168392064.00
2012/10/17,17.54,17.64,17.14,17.28,5848236,107979656.00
2012/10/18,17.18,17.57,17.18,17.35,1170144,21742420.00
2012/10/19,17.42,17.45,16.84,16.89,1935089,35082752.00
2012/10/22,16.79,16.91,16.56,16.90,1461531,26081682.00
2012/10/23,16.90,16.90,15.77,15.87,3013066,52301840.00
2012/10/24,15.86,16.03,15.40,15.72,2674019,45242412.00
2012/10/25,15.71,15.86,15.54,15.59,783433,13159483.00
2012/10/26,15.66,15.94,15.14,15.66,1698364,28284916.00
2012/10/29,15.64,15.94,15.64,15.93,1482173,25192064.00
2012/10/30,15.93,16.10,15.75,15.91,763640,13001228.00
2012/10/31,15.92,15.92,15.67,15.79,751599,12732097.00
2012/11/01,15.72,16.04,15.65,15.99,1251324,21267090.00
2012/11/02,16.11,16.11,15.94,16.02,841040,14421001.00
2012/11/05,15.96,16.43,15.65,16.26,3080474,53223628.00
2012/11/06,16.12,16.24,15.54,16.09,2531384,42993448.00
2012/11/07,15.86,16.16,15.86,16.01,740474,12698566.00
2012/11/08,15.86,16.06,15.62,15.75,1114723,18823414.00
2012/11/09,15.75,15.85,15.41,15.51,867762,14560419.00
2012/11/12,15.33,15.56,14.83,14.99,2037511,32841924.00
2012/11/13,14.91,14.99,14.37,14.47,909706,14495065.00
2012/11/14,14.60,14.85,14.39,14.83,1049473,16548464.00
2012/11/15,14.76,14.94,14.56,14.71,760726,12099817.00
2012/11/16,14.63,14.81,14.37,14.65,713840,11217125.00
2012/11/19,14.66,14.86,14.36,14.76,708901,11160941.00
2012/11/20,14.66,15.21,14.56,15.01,1453800,23448854.00
2012/11/21,15.00,15.26,14.95,15.15,1101125,17889956.00
2012/11/22,15.01,15.12,14.62,14.80,411800,6567577.00
2012/11/23,14.66,14.86,14.26,14.47,1789627,28003072.00
2012/11/26,14.44,14.44,14.16,14.21,309700,4765885.00
2012/11/27,14.19,14.21,13.21,13.36,1364610,20109392.00
2012/11/28,13.36,13.36,12.63,12.69,2530224,35113648.00
2012/11/29,12.69,12.90,12.45,12.51,1462930,20060106.00
2012/11/30,12.51,12.72,12.48,12.55,1381372,18933900.00
2012/12/03,12.56,12.61,11.76,11.97,1390852,18599392.00
2012/12/04,11.86,12.12,11.66,12.09,1203848,15709230.00
2012/12/05,12.06,12.67,12.02,12.46,1849484,25081396.00
2012/12/06,12.45,12.55,11.92,12.11,1968123,26186046.00
2012/12/07,12.16,12.85,12.06,12.82,2324231,31705852.00
2012/12/10,12.82,13.33,12.68,13.23,2247824,31806360.00
2012/12/11,13.11,13.17,12.85,12.86,1501102,21212972.00
2012/12/12,12.87,13.04,12.77,12.98,822383,11535359.00
2012/12/13,12.80,12.86,12.46,12.55,1370937,18935198.00
2012/12/14,12.36,13.10,12.36,13.05,1619035,22637788.00
2012/12/17,13.16,13.39,13.05,13.29,2660441,38158712.00
2012/12/18,13.31,13.53,13.15,13.24,3092467,44637624.00
2012/12/19,13.24,13.26,13.01,13.17,2892659,41229352.00
2012/12/20,13.07,13.18,12.96,13.13,1188691,16898494.00
2012/12/21,13.13,13.36,12.67,12.91,3190552,44953588.00
2012/12/24,12.91,13.66,12.85,13.63,4304565,62000840.00
2012/12/25,13.52,14.41,13.49,14.25,4270694,64942480.00
2012/12/26,14.16,14.41,14.03,14.24,2386761,36603272.00
2012/12/27,14.21,14.41,14.03,14.07,2288848,34932004.00
2012/12/28,14.09,14.60,14.00,14.52,3217607,49795612.00
2012/12/31,14.64,14.66,14.27,14.36,3113830,48277880.00
2013/01/04,14.47,14.51,13.54,13.75,4427570,66202828.00
2013/01/07,13.75,14.05,13.58,13.96,3384439,50545312.00
2013/01/08,13.91,14.97,13.77,14.58,4998423,76580888.00
2013/01/09,14.66,14.70,14.09,14.47,4578323,70964768.00
2013/01/10,14.41,14.46,14.19,14.33,3828392,59038200.00
2013/01/11,14.36,14.42,14.02,14.17,2566923,39382260.00
2013/01/14,14.14,14.97,14.13,14.65,6965598,109684136.00
2013/01/15,14.56,16.07,14.54,15.80,16425540,271773504.00
2013/01/16,15.63,16.26,15.36,16.24,14442389,242675888.00
2013/01/17,15.76,16.16,15.65,15.90,8198318,139542080.00
2013/01/18,15.60,15.79,15.42,15.61,8738276,146292944.00
2013/01/21,15.66,15.74,15.48,15.61,4519744,75709696.00
2013/01/22,15.63,15.63,14.76,14.97,6425968,104958312.00
2013/01/23,14.81,15.40,14.76,15.38,4528460,73906096.00
2013/01/24,15.38,15.51,14.43,14.67,6103346,98409656.00
2013/01/25,14.71,15.21,14.56,15.01,2830982,45597848.00
2013/01/28,15.06,15.53,14.96,15.49,3811056,62800416.00
2013/01/29,15.50,15.59,15.29,15.37,3799939,62823212.00
2013/01/30,15.37,15.37,14.91,15.08,4121202,66984556.00
2013/01/31,15.08,15.25,14.77,15.00,2112959,33952132.00
2013/02/01,15.00,15.23,14.88,15.13,1982843,32225352.00
2013/02/04,15.10,15.20,14.66,14.76,3157538,50494920.00
2013/02/05,14.76,15.04,14.66,14.83,2333839,37231556.00
2013/02/06,14.88,15.37,14.79,15.11,4212401,68649408.00
2013/02/07,15.12,15.21,14.78,14.94,3061342,49250488.00
2013/02/08,14.95,15.64,14.95,15.47,5254682,86886400.00
2013/02/18,15.59,15.90,15.51,15.81,7196559,121111176.00
2013/02/19,15.76,15.87,15.52,15.67,4163136,70064912.00
2013/02/20,15.69,16.24,15.59,16.16,7672435,131739064.00
2013/02/21,16.15,16.54,15.68,15.96,6717463,115865920.00
2013/02/22,15.96,15.96,15.46,15.52,4071454,68488200.00
2013/02/25,15.57,15.74,15.44,15.69,3125078,52267976.00
2013/02/26,15.58,16.06,15.46,15.64,4533004,76891168.00
2013/02/27,15.68,16.06,14.97,15.05,5187083,85419352.00
2013/02/28,15.09,15.28,14.76,15.23,3135254,50652472.00
2013/03/01,15.24,15.54,15.11,15.48,5023991,82684816.00
2013/03/04,15.36,15.56,14.80,14.86,4285585,69924744.00
2013/03/05,14.98,15.39,14.77,15.38,5026060,82087464.00
2013/03/06,15.41,15.88,15.38,15.79,7710192,129999784.00
2013/03/07,15.85,15.85,15.27,15.42,5119770,85413272.00
2013/03/08,15.51,16.01,15.47,15.72,6553872,110875096.00
2013/03/11,15.76,16.11,15.74,15.84,6690439,114223416.00
2013/03/12,15.81,15.94,14.82,15.03,6824949,112224992.00
2013/03/13,14.96,15.04,14.46,14.60,3236670,51193972.00
2013/03/14,14.66,14.91,14.60,14.75,2046135,32559376.00
2013/03/15,14.66,14.66,13.81,14.19,11598753,176584224.00
2013/03/18,14.86,14.95,14.36,14.68,8942639,140995344.00
2013/03/19,14.57,14.89,14.42,14.64,5130189,81235016.00
2013/03/20,14.66,15.01,14.47,15.00,5126433,81705912.00
2013/03/21,15.00,15.13,14.88,15.07,4093227,66206608.00
2013/03/22,15.05,15.62,14.97,15.61,6852017,113366904.00
2013/03/25,15.70,15.75,15.26,15.61,5401867,89852744.00
2013/03/26,15.49,15.99,15.36,15.94,7281945,122807552.00
2013/03/27,15.97,16.11,15.73,15.93,5625137,95780400.00
2013/03/28,15.76,15.89,15.37,15.61,4870231,81836296.00
2013/03/29,15.86,16.48,15.84,15.86,9047486,156313696.00
2013/04/01,15.88,16.45,15.71,16.26,6508696,112917272.00
2013/04/02,16.22,16.46,15.41,15.61,5573454,94771296.00
2013/04/03,15.64,15.80,15.22,15.54,4465907,73963272.00
2013/04/08,15.44,15.83,15.31,15.75,3365825,56659348.00
2013/04/09,15.75,15.81,15.44,15.80,3844675,64331112.00
2013/04/10,15.76,15.79,14.84,14.97,5185594,84765096.00
2013/04/11,14.86,15.26,14.84,15.22,3451279,55895224.00
2013/04/12,15.14,15.15,14.43,14.57,5827869,91988744.00
2013/04/15,14.54,14.91,14.48,14.57,3246032,51318788.00
2013/04/16,14.51,14.87,14.05,14.85,4068779,63424512.00
2013/04/17,14.81,15.07,14.59,15.02,3108342,49675368.00
2013/04/18,14.87,15.44,14.86,15.21,2634877,42814304.00
2013/04/19,15.34,15.95,15.19,15.79,7393411,123919832.00
2013/04/22,15.72,16.16,15.69,16.10,6538266,111579880.00
2013/04/23,16.07,16.09,15.14,15.19,5440247,90758872.00
2013/04/24,15.18,15.62,15.18,15.36,3046417,50434828.00
2013/04/25,15.42,16.91,15.29,16.38,11462538,198602832.00
2013/04/26,16.17,16.65,16.14,16.31,6599070,115718312.00
2013/05/02,16.43,17.78,16.43,17.32,9794461,179341648.00
2013/05/03,17.33,17.71,17.19,17.56,6127251,114016072.00
2013/05/06,17.52,18.05,17.36,17.54,7713719,145882416.00
2013/05/07,17.42,17.91,17.26,17.31,6103732,113814312.00
2013/05/08,17.25,18.07,17.25,17.92,6678205,126078312.00
2013/05/09,17.96,18.13,17.37,17.58,7278882,137287360.00
2013/05/10,17.54,18.02,17.26,17.95,4728525,89002512.00
2013/05/13,17.95,18.96,17.91,18.82,8781857,173437088.00
2013/05/14,18.72,18.95,18.54,18.83,4683352,93237072.00
2013/05/15,18.80,19.01,18.37,18.85,3827945,76053584.00
2013/05/16,18.93,19.34,18.66,18.74,3950939,77904952.00
2013/05/17,18.72,19.13,18.65,18.74,2513919,49394336.00
2013/05/20,18.73,18.73,16.85,18.08,11216937,208427584.00
2013/05/21,17.88,18.07,17.71,17.91,4383581,81617448.00
2013/05/22,17.98,18.74,17.84,18.38,5641382,107925584.00
2013/05/23,18.43,18.51,17.93,18.15,3144290,59739636.00
2013/05/24,18.15,18.69,18.01,18.66,3642854,69612952.00
2013/05/27,18.64,18.92,18.51,18.66,2580936,50221052.00
2013/05/28,18.66,18.75,18.13,18.47,3769372,72285992.00
2013/05/29,18.51,18.62,17.94,18.22,4840467,91414592.00
2013/05/30,18.24,18.75,18.04,18.72,4507241,86687096.00
2013/05/31,18.93,20.67,18.92,20.65,12718744,266667888.00
2013/06/03,20.69,20.81,20.41,20.55,6019366,128627936.00
2013/06/04,20.59,20.74,19.40,19.83,4625363,95527440.00
2013/06/05,19.75,21.89,19.55,21.89,9829804,213815952.00
2013/06/06,22.30,22.73,21.84,22.35,7998308,184320128.00
2013/06/07,22.34,22.34,20.74,20.82,6521283,144987152.00
2013/06/13,20.47,21.38,18.94,21.04,7719346,161799552.00
2013/06/14,20.98,22.54,20.75,22.13,5513666,123573216.00
2013/06/17,21.94,24.42,21.79,23.42,9180161,222340592.00
2013/06/18,23.29,23.83,22.36,23.03,6620481,157044288.00
2013/06/19,22.84,23.62,22.34,23.07,4415851,104659304.00
2013/06/20,22.79,23.33,21.89,22.05,3503324,81599112.00
2013/06/21,21.40,22.39,20.67,21.45,4744646,105771368.00
2013/06/24,21.50,21.74,19.96,20.11,5404733,116675648.00
2013/06/25,20.05,20.64,18.34,20.22,6836253,140535488.00
2013/06/26,20.38,22.24,20.14,21.93,5684851,124603104.00
2013/06/27,21.87,22.39,20.92,21.11,5303965,119253240.00
2013/06/28,20.82,21.64,20.34,20.84,3302268,71720408.00
2013/07/01,20.84,22.28,20.42,22.16,5751828,127005256.00
2013/07/02,22.29,23.05,21.89,22.80,7498632,175893760.00
2013/07/03,22.60,23.19,21.94,22.74,5070986,118532792.00
2013/07/04,22.57,23.20,22.26,22.46,4332692,101992256.00
2013/07/05,22.29,22.74,21.64,21.84,4039071,92717016.00
2013/07/08,21.30,21.71,20.64,21.05,3175069,69898832.00
2013/07/09,21.06,21.52,20.79,21.19,2757875,60384472.00
2013/07/10,21.14,22.29,20.99,22.24,3530487,79919216.00
2013/07/11,22.29,22.78,22.04,22.49,3946831,91473032.00
2013/07/12,22.42,23.25,22.25,22.55,5615741,131835648.00
2013/07/15,22.40,23.33,22.40,22.80,6267804,148417840.00
2013/07/16,22.74,24.04,22.61,23.90,7372838,178612768.00
2013/07/17,23.74,24.10,22.94,23.20,5188316,125837520.00
2013/07/18,23.04,23.49,22.53,23.15,3175844,75653256.00
2013/07/19,23.00,23.12,21.89,22.05,5086895,118199656.00
2013/07/22,21.67,22.80,21.66,22.72,3659486,84489080.00
2013/07/23,22.74,23.19,22.62,22.83,3526413,83386976.00
2013/07/24,22.94,23.88,22.75,23.66,5981372,145082400.00
2013/07/25,23.87,24.58,23.25,23.33,5498118,135932736.00
2013/07/26,23.19,23.97,22.75,23.43,3054115,73712888.00
2013/07/29,23.24,23.51,22.63,22.77,3147429,74694840.00
2013/07/30,22.77,22.97,21.81,21.93,4069268,93327208.00
2013/07/31,21.98,22.37,21.54,21.68,2371188,54015128.00
2013/08/01,21.59,22.54,21.59,22.31,3718933,84680256.00
2013/08/02,22.36,22.70,22.25,22.35,3013905,69980488.00
2013/08/05,22.53,23.16,22.00,23.05,3434926,80439680.00
2013/08/06,23.06,23.09,22.59,22.72,4135272,97534504.00
2013/08/07,22.69,23.09,22.05,22.11,5194850,120984336.00
2013/08/08,21.84,22.86,21.84,22.74,3375625,78298792.00
2013/08/09,22.79,22.89,22.04,22.37,2514593,58443288.00
2013/08/12,22.36,22.52,21.99,22.19,2210584,50681528.00
2013/08/13,22.09,22.44,21.95,22.39,1983483,45563148.00
2013/08/14,22.59,22.59,22.09,22.30,2125315,48974576.00
2013/08/15,22.34,22.34,20.85,20.96,5862447,129822368.00
2013/08/16,20.74,21.34,19.59,19.86,5256294,112170896.00
2013/08/19,20.12,20.84,20.12,20.68,2958701,63202120.00
2013/08/20,20.71,21.17,20.44,20.76,3291508,71077720.00
2013/08/21,20.77,20.88,20.07,20.34,2961260,62358240.00
2013/08/22,20.33,20.61,20.24,20.53,1842379,38963940.00
2013/08/23,20.58,21.39,20.56,21.04,4346525,94858624.00
2013/08/26,21.00,21.63,20.99,21.37,2560581,56746480.00
2013/08/27,21.37,21.63,21.07,21.49,1668756,36874340.00
2013/08/28,21.33,21.33,20.64,20.80,2402201,52139728.00
2013/08/29,20.80,21.38,20.75,20.93,1339873,29202710.00
2013/08/30,20.84,21.03,20.07,20.34,1975321,42107168.00
2013/09/02,20.34,20.38,19.61,20.19,2512728,52188840.00
2013/09/03,20.20,20.73,20.05,20.61,1542510,32860380.00
2013/09/04,20.62,20.62,20.16,20.32,1594853,33584044.00
2013/09/05,19.95,20.43,19.84,20.28,1579889,33085812.00
2013/09/06,20.30,20.83,20.24,20.62,1912982,40955796.00
2013/09/09,20.59,20.83,19.95,20.35,2287968,48247176.00
2013/09/10,20.33,20.35,19.84,19.98,2694735,56004024.00
2013/09/11,19.97,19.97,19.17,19.64,3864304,78280576.00
2013/09/12,19.44,19.79,19.34,19.44,1212620,24656412.00
2013/09/13,19.44,19.77,19.23,19.75,1979976,40038980.00
2013/09/16,19.74,20.13,19.64,19.93,2191191,45368984.00
2013/09/17,19.69,19.89,19.29,19.37,1649321,33490944.00
2013/09/18,19.44,19.78,19.37,19.67,1294206,26365868.00
2013/09/23,19.69,21.28,19.55,21.02,5945763,127355152.00
2013/09/24,21.02,21.69,20.87,21.13,4620305,102277328.00
2013/09/25,21.01,21.39,20.67,20.73,2323193,50331640.00
2013/09/26,20.52,21.24,20.27,21.18,3708407,80457776.00
2013/09/27,21.11,21.49,20.94,21.10,2819997,62022464.00
2013/09/30,21.06,21.44,20.87,21.12,2676897,58649224.00
2013/10/08,21.04,21.39,20.54,21.34,2210962,48329928.00
2013/10/09,21.40,21.80,21.25,21.40,2460817,54774156.00
2013/10/10,21.44,21.82,21.10,21.28,2438091,54206628.00
2013/10/11,21.14,21.38,20.82,21.03,3513121,76387024.00
2013/10/14,20.99,21.03,20.69,20.86,2513679,54178972.00
2013/10/15,21.02,21.52,20.94,21.26,3633887,79786200.00
2013/10/16,21.20,21.23,20.20,20.45,2522655,53789772.00
2013/10/17,20.49,20.65,20.05,20.30,2028724,42917488.00
2013/10/18,20.32,20.69,19.98,20.10,1634049,34288204.00
2013/10/21,20.10,20.94,20.04,20.91,2956777,63018380.00
2013/10/22,20.84,21.43,20.69,21.36,4363094,95648392.00
2013/10/23,21.44,21.61,20.86,20.93,2510099,55090184.00
2013/10/24,20.87,21.44,20.87,21.14,2014038,44198708.00
2013/10/25,21.03,21.72,20.82,20.83,2964674,65518428.00
2013/10/28,20.85,21.02,19.34,19.75,3498982,72181424.00
2013/10/29,19.64,19.93,18.58,19.40,2480708,49780232.00
2013/10/30,19.32,19.79,19.32,19.52,1195701,24291424.00
2013/10/31,19.44,19.44,18.74,18.93,1022292,20279680.00
2013/11/01,18.93,19.55,18.84,19.37,1733775,34677904.00
2013/11/04,19.26,19.97,19.25,19.59,1189273,24395372.00
2013/11/05,19.55,19.75,19.12,19.32,1022341,20590768.00
2013/11/06,19.32,19.52,19.08,19.13,944189,18907748.00
2013/11/07,19.13,19.15,18.60,18.72,1393849,27238848.00
2013/11/08,18.62,19.04,18.56,18.64,955330,18584668.00
2013/11/11,18.64,19.44,18.24,19.35,1974030,38966564.00
2013/11/12,19.36,19.96,19.15,19.90,1682788,34296984.00
2013/11/13,19.70,19.82,19.35,19.71,1093761,22371134.00
2013/11/14,19.88,20.04,19.55,19.81,743297,15300494.00
2013/11/15,19.67,20.34,19.67,19.80,1973966,41116544.00
2013/11/18,20.41,20.62,19.95,20.23,2835153,59546232.00
2013/11/19,20.23,20.29,19.96,20.13,774330,16137996.00
2013/11/20,20.04,20.22,19.99,20.12,820415,17100186.00
2013/11/21,20.10,20.14,19.69,19.79,1021402,21062580.00
2013/11/22,19.90,19.90,19.65,19.69,554754,11384787.00
2013/11/25,19.64,20.05,19.59,19.81,1025277,21127914.00
2013/11/26,19.92,20.17,19.82,19.92,875959,18190392.00
2013/11/27,19.67,20.00,19.59,19.99,1474340,30288046.00
2013/11/28,19.92,20.36,19.92,20.32,1778673,37273184.00
2013/11/29,20.24,20.96,20.24,20.75,2710265,58335280.00
2013/12/02,20.26,20.49,19.77,19.88,3030340,62939544.00
2013/12/03,19.74,20.87,19.68,20.51,2662602,55879192.00
2013/12/04,20.51,20.92,20.44,20.63,2468400,53071072.00
2013/12/05,20.65,20.76,20.12,20.20,3369822,71103840.00
2013/12/06,20.25,20.59,20.12,20.33,1408075,29678172.00
2013/12/09,20.33,20.43,20.14,20.25,840448,17648754.00
2013/12/10,20.29,20.32,19.98,20.04,845975,17632786.00
2013/12/11,20.02,20.02,19.64,19.83,1231333,25300410.00
2013/12/12,19.77,20.00,19.64,19.68,1474694,30340754.00
2013/12/13,19.69,19.84,19.62,19.69,704919,14432332.00
2013/12/16,19.67,19.76,19.13,19.33,1579196,31691340.00
2013/12/17,19.79,21.34,19.79,20.74,12193113,264190800.00
2013/12/18,20.79,21.34,20.62,20.97,6201241,134845408.00
2013/12/19,20.92,21.62,20.74,21.46,4556726,100077208.00
2013/12/20,21.28,23.04,21.28,22.31,8855156,204308272.00
2013/12/23,22.35,22.94,21.84,22.34,5052641,117159536.00
2013/12/24,22.34,22.64,21.92,22.39,3632057,83591488.00
2013/12/25,22.22,22.54,22.02,22.46,2643512,61002240.00
2013/12/26,22.49,23.24,21.85,21.94,4846870,114071568.00
2013/12/27,21.74,22.92,21.74,22.66,2848746,66072112.00
2013/12/30,22.70,23.12,22.25,22.45,1878012,43806160.00
2013/12/31,22.43,23.36,22.35,23.18,3269534,77947112.00
2014/01/02,23.00,24.12,22.85,23.94,3319503,81144032.00
2014/01/03,23.75,24.07,23.24,23.64,2421920,58856460.00
2014/01/06,23.33,23.62,22.27,22.58,2600736,61353944.00
2014/01/07,22.34,23.54,22.34,23.37,2809411,67013292.00
2014/01/08,23.38,23.59,22.64,22.80,2017672,48047904.00
2014/01/09,22.74,24.23,22.74,23.59,3483822,85275864.00
2014/01/10,23.74,23.82,22.39,22.52,2895730,69031816.00
2014/01/13,22.47,22.90,22.04,22.54,2067581,47896120.00
2014/01/14,22.49,23.80,22.29,23.63,2532268,60966184.00
2014/01/15,23.74,24.29,23.26,24.25,3485768,85977120.00
2014/01/16,24.32,24.74,23.77,23.89,2242997,55837100.00
2014/01/17,23.68,24.39,23.65,23.71,1508771,37392716.00
2014/01/20,23.62,23.84,22.39,22.52,2902896,68530872.00
2014/01/21,22.64,23.09,22.44,22.82,1714668,40341568.00
2014/01/22,22.87,23.18,22.66,22.93,2231806,52903616.00
2014/01/23,22.93,23.13,22.21,22.26,3380280,79147160.00
2014/01/24,22.26,22.88,22.05,22.81,2907962,67935376.00
2014/01/27,22.85,23.64,22.50,23.18,3232579,76820136.00
2014/01/28,23.05,23.41,22.58,22.69,1640679,38595448.00
2014/01/29,22.67,22.92,22.02,22.24,3708431,85523776.00
2014/01/30,22.13,22.54,21.96,22.23,1136953,26166032.00
2014/02/07,22.09,22.74,22.04,22.72,1475200,34298584.00
2014/02/10,22.65,23.86,22.65,23.55,2774323,66702676.00
2014/02/11,23.49,24.12,23.35,23.55,1734767,42456008.00
2014/02/12,23.29,24.69,23.29,24.54,3815504,95809392.00
2014/02/13,24.54,25.16,24.05,24.15,3631844,92584688.00
2014/02/14,24.14,26.20,24.14,26.14,5252364,137571200.00
2014/02/17,26.18,27.09,25.72,26.96,4487849,122217808.00
2014/02/18,26.97,27.98,26.45,27.00,4316581,121143800.00
2014/02/19,26.74,27.51,26.31,26.65,2163204,59900000.00
2014/02/20,26.69,26.69,25.62,25.75,2258255,60283272.00
2014/02/21,25.74,26.22,25.34,25.79,1475354,39094752.00
2014/02/24,25.64,26.13,24.92,25.99,2490110,65426328.00
2014/02/25,25.99,26.58,23.96,24.22,5962827,155468640.00
2014/02/26,23.94,24.20,22.98,23.53,3434630,82815536.00
2014/02/27,23.76,24.19,22.71,22.91,3070341,74256624.00
2014/02/28,22.94,23.09,22.12,23.08,2697193,62813760.00
2014/03/03,23.01,23.46,22.85,23.26,2063760,49441168.00
2014/03/04,23.23,25.32,23.09,25.22,5164193,129785944.00
2014/03/05,24.99,25.79,24.24,25.14,2994293,77832648.00
2014/03/06,24.95,26.04,24.34,25.62,3182375,82652720.00
2014/03/07,25.44,25.74,24.90,25.43,2217546,57837936.00
2014/03/10,25.24,25.41,23.33,23.54,4108909,101746704.00
2014/03/11,23.54,24.29,23.29,24.14,1867883,45978160.00
2014/03/12,24.04,24.34,22.37,22.96,2514006,59977384.00
2014/03/13,22.87,23.21,22.83,23.03,1179109,27988184.00
2014/03/14,22.93,23.14,22.22,23.04,1324842,31079082.00
2014/03/17,22.91,23.90,22.91,23.63,1277466,30966662.00
2014/03/18,23.64,24.27,23.49,23.80,2742856,67552504.00
2014/03/19,23.94,23.99,23.49,23.82,1276268,31320150.00
2014/03/20,23.74,24.39,23.49,23.76,2008986,49998396.00
2014/03/21,23.24,24.05,22.94,23.90,1243316,30110644.00
2014/03/24,23.74,25.02,23.74,24.80,1591874,40444848.00
2014/03/25,24.72,24.98,24.16,24.45,1345836,33774192.00
2014/03/26,24.62,25.20,24.29,24.67,1190534,30340340.00
2014/03/27,24.67,24.74,23.12,23.40,2328153,56653668.00
2014/03/28,23.02,23.02,21.49,21.76,3242164,73971720.00
2014/03/31,21.66,21.98,21.29,21.44,901373,20171796.00
2014/04/01,21.57,21.76,21.42,21.64,1200329,26818556.00
2014/04/02,21.55,21.97,21.35,21.44,1124832,25284116.00
2014/04/03,21.54,21.54,21.12,21.26,954880,21058754.00
2014/04/04,21.27,21.74,21.27,21.61,1029613,22971510.00
2014/04/08,21.61,22.17,21.61,22.14,1125406,25601820.00
2014/04/09,22.11,22.36,21.99,22.27,1247270,28627856.00
2014/04/10,22.26,22.26,21.72,22.15,1759640,40020528.00
2014/04/11,22.03,22.03,21.63,21.92,1294233,29220986.00
2014/04/14,21.94,22.00,21.64,21.79,1509035,34004992.00
2014/04/15,21.68,22.00,21.64,21.90,1361013,30688536.00
2014/04/16,21.85,22.02,21.75,21.83,708769,16018317.00
2014/04/17,21.83,21.83,21.64,21.65,1042982,23453346.00
2014/04/18,21.73,23.21,21.69,23.12,3835163,89687480.00
2014/04/21,22.96,23.34,22.55,22.57,2325917,55545648.00
2014/04/22,22.47,22.83,21.85,22.23,1375355,31726640.00
2014/04/23,22.23,22.43,21.98,22.23,641762,14711439.00
2014/04/24,22.21,22.39,22.00,22.33,789703,18089028.00
2014/04/25,22.30,22.30,21.12,21.45,1191567,26760950.00
2014/04/28,21.19,21.19,19.23,19.23,4856293,98951840.00
2014/04/29,19.07,19.23,18.37,18.86,4301546,83539104.00
2014/04/30,18.88,19.77,18.74,19.63,2980978,60206784.00
2014/05/05,19.69,19.72,19.31,19.65,1138726,23127252.00
2014/05/06,19.65,19.84,19.49,19.69,1121998,22964390.00
2014/05/07,19.76,19.82,19.59,19.60,881987,18060334.00
2014/05/08,19.42,19.58,19.03,19.30,906106,18102372.00
2014/05/09,19.12,19.42,18.65,18.74,1490895,29298548.00
2014/05/12,18.88,19.19,18.84,19.12,1464941,28981324.00
2014/05/13,19.13,19.34,18.71,18.86,2206894,43587936.00
2014/05/14,18.93,19.29,18.82,19.16,1520942,30178898.00
2014/05/15,19.24,19.28,18.94,19.04,1121098,22307776.00
2014/05/16,18.96,19.13,18.57,18.68,1422525,27780404.00
2014/05/19,18.64,18.64,17.82,18.26,3217710,61032104.00
2014/05/20,18.49,18.52,18.12,18.27,1533902,29254720.00
2014/05/21,18.24,18.72,18.17,18.66,1117874,21494660.00
2014/05/22,18.67,19.10,18.59,19.00,2216151,43710764.00
2014/05/23,19.02,19.09,18.80,19.06,955990,18879992.00
2014/05/26,19.29,19.77,19.11,19.42,1980794,39400860.00
2014/05/27,19.43,19.60,19.14,19.26,942916,18539124.00
2014/05/28,19.07,19.60,19.07,19.51,1253566,24848352.00
2014/05/29,19.52,19.92,19.32,19.38,1172731,23368270.00
2014/05/30,19.23,19.47,19.18,19.40,983977,19402416.00
2014/06/03,19.52,19.66,19.31,19.49,1914028,38112108.00
2014/06/04,19.32,19.57,19.22,19.49,964384,19073054.00
2014/06/05,19.35,19.55,19.20,19.54,981228,19418624.00
2014/06/06,19.57,19.89,19.53,19.58,1110225,22308140.00
2014/06/09,19.60,19.83,19.45,19.57,1291056,25883000.00
2014/06/10,19.48,19.64,19.25,19.58,1609884,31967366.00
2014/06/11,19.57,19.89,19.43,19.84,1605366,32193428.00
2014/06/12,19.80,20.01,19.74,19.90,1306453,26458032.00
2014/06/13,19.80,20.30,19.80,20.18,1548387,31744658.00
2014/06/16,20.28,20.38,20.08,20.22,1391004,28633164.00
2014/06/17,20.13,20.26,19.86,20.01,1219243,24812676.00
2014/06/18,19.84,19.97,19.57,19.65,1065730,21389088.00
2014/06/19,19.60,19.81,18.97,19.24,1350336,26590204.00
2014/06/20,19.24,19.38,19.12,19.34,687373,13486199.00
2014/06/23,19.34,19.56,19.20,19.45,1098677,21722986.00
2014/06/24,19.33,19.54,19.02,19.24,2760302,53936424.00
2014/06/25,19.20,19.20,19.01,19.09,1116218,21689892.00
2014/06/26,19.09,19.52,19.03,19.40,1166488,23023828.00
2014/06/27,19.29,19.54,19.28,19.44,1212688,24069892.00
2014/06/30,19.47,19.65,19.30,19.60,1400593,27831692.00
2014/07/01,19.67,20.06,19.56,20.02,2301639,46552752.00
2014/07/02,19.92,20.22,19.82,20.19,1159767,23638292.00
2014/07/03,20.19,21.82,20.02,20.78,2992710,63495000.00
2014/07/04,20.79,21.09,20.52,20.59,1773839,37543580.00
2014/07/07,20.62,20.97,20.47,20.83,1945198,41041004.00
2014/07/08,20.82,20.89,20.55,20.80,898740,18993400.00
2014/07/09,20.82,20.84,20.17,20.17,2239398,46467400.00
2014/07/10,20.08,20.30,20.07,20.14,881821,18143732.00
2014/07/11,21.22,22.19,21.11,22.19,8039793,178035264.00
2014/07/14,22.22,23.50,22.12,22.84,11294045,262758576.00
2014/07/15,22.81,23.12,22.51,22.63,3352944,77584728.00
2014/07/16,22.57,22.82,22.38,22.60,1757620,40400420.00
2014/07/17,22.59,22.59,21.82,22.10,1786036,40235368.00
2014/07/18,21.95,22.83,21.88,22.63,2285772,52477692.00
2014/07/21,22.70,23.92,22.56,23.27,4108658,97317456.00
2014/07/22,23.14,23.82,22.87,23.11,3052991,72603472.00
2014/07/23,23.19,23.69,22.60,22.75,2148608,50435228.00
2014/07/24,22.65,22.88,22.28,22.56,1567750,35845496.00
2014/07/25,22.62,22.91,22.27,22.90,1110696,25424348.00
2014/07/28,22.87,23.40,22.56,23.30,1727470,40273764.00
2014/07/29,23.27,23.58,23.04,23.41,1395932,33203900.00
2014/07/30,23.42,23.52,23.09,23.49,1070216,25316912.00
2014/07/31,23.50,24.73,23.50,24.70,3433926,85013888.00
2014/08/01,24.61,25.20,24.02,24.05,3077213,77301272.00
2014/08/04,24.17,25.79,23.80,25.51,3509501,89431736.00
2014/08/05,25.15,26.34,25.13,25.69,3331935,87254728.00
2014/08/06,25.61,26.00,25.12,25.45,2391653,61708972.00
2014/08/07,25.56,25.56,25.15,25.21,1705444,43795960.00
2014/08/08,25.12,25.41,24.87,25.01,3613900,91830328.00
2014/08/11,24.98,25.19,24.39,25.18,2543904,64302920.00
2014/08/12,25.12,25.92,24.92,25.73,2861352,74581168.00
2014/08/13,25.69,25.92,25.25,25.90,1848736,48000760.00
2014/08/14,26.01,26.12,24.90,25.22,2075191,53639228.00
2014/08/15,24.97,25.29,24.80,24.89,1449691,36773008.00
2014/08/18,24.98,25.37,24.89,25.08,2112661,53888836.00
2014/08/19,25.02,25.35,24.64,25.31,2900494,73505960.00
2014/08/20,25.33,25.37,24.86,25.12,1899529,48312624.00
2014/08/21,24.81,25.22,24.43,25.10,2389792,60177592.00
2014/08/22,25.13,25.13,24.61,24.83,1887071,47509460.00
2014/08/25,24.75,24.83,24.32,24.35,1855944,46261812.00
2014/08/26,24.51,24.81,24.28,24.37,1443343,35965244.00
2014/08/27,24.42,24.54,23.98,24.10,1477097,36360720.00
2014/08/28,24.10,24.32,23.92,24.18,1075890,26357336.00
2014/08/29,24.24,24.44,24.04,24.41,1617998,39944768.00
2014/09/01,24.82,25.34,24.55,24.72,3339333,84360480.00
2014/09/02,24.63,25.52,24.63,25.48,2637357,67556288.00
2014/09/03,25.52,25.87,25.24,25.63,1944021,50424136.00
2014/09/04,25.52,25.63,25.08,25.29,1908062,49043128.00
2014/09/05,25.30,25.46,25.07,25.20,2618654,66993532.00
2014/09/09,25.20,25.22,24.93,25.04,2863181,72950080.00
2014/09/10,25.22,26.12,25.02,26.06,3507940,91505264.00
2014/09/11,26.07,28.41,25.97,27.21,6335091,175613520.00
2014/09/12,27.23,27.79,27.00,27.34,2145587,59403408.00
2014/09/15,27.54,27.54,26.87,27.27,1853546,51033476.00
2014/09/16,27.13,29.16,27.12,27.51,4604962,131294960.00
2014/09/17,27.32,29.02,27.32,28.22,2784260,79235616.00
2014/09/18,28.52,30.12,28.52,29.62,4561620,136341936.00
2014/09/19,29.54,29.87,29.13,29.51,1910836,57024676.00
2014/09/22,29.52,29.52,28.57,29.12,1739872,50970688.00
2014/09/23,29.02,29.35,28.50,29.04,2374526,69554040.00
2014/09/24,28.82,29.42,28.55,29.27,1381745,40401968.00
2014/09/25,29.03,29.27,28.53,28.66,2024683,58935784.00
2014/09/26,28.52,28.65,27.85,28.60,1246577,35709648.00
2014/09/29,28.67,28.79,28.12,28.52,2589402,74576312.00
2014/09/30,28.49,28.58,28.04,28.52,1019767,29385030.00
2014/10/08,28.52,31.41,28.52,31.31,6607799,204706256.00
2014/10/09,31.37,31.61,30.42,30.99,3081544,96906936.00
2014/10/10,30.62,31.12,30.51,30.58,1110434,34617892.00
2014/10/13,30.59,31.01,30.17,30.61,1321448,40894332.00
2014/10/14,30.50,31.32,30.32,30.55,2528260,79216584.00
2014/10/15,30.55,31.37,30.13,31.00,2590460,81296296.00
2014/10/16,30.62,31.29,30.11,30.33,1792414,55784380.00
2014/10/17,30.39,30.45,28.37,29.04,3205852,93888984.00
2014/10/20,29.00,29.80,29.00,29.39,2208070,65929972.00
2014/10/21,29.40,29.40,28.20,28.55,1744237,50462100.00
2014/10/22,28.61,28.61,28.20,28.32,1381281,39696208.00
2014/10/23,28.30,29.01,28.19,28.45,1260032,36430304.00
2014/10/24,28.47,28.91,28.33,28.49,1942581,56144696.00
2014/10/27,28.42,29.29,28.32,29.16,2161990,63468560.00
2014/10/28,29.55,31.05,29.55,30.91,2481134,76981344.00
2014/10/29,30.97,31.70,30.70,31.41,3646276,115633144.00
2014/10/30,31.41,32.82,31.32,31.96,2978872,96926496.00
2014/10/31,32.25,32.25,30.90,31.63,2718872,86281872.00
2014/11/03,31.61,31.79,30.70,31.44,1878545,59520236.00
2014/11/04,31.18,31.60,30.59,31.48,1549171,48563732.00
2014/11/05,31.46,31.60,31.12,31.53,1071469,34042008.00
2014/11/06,31.50,32.56,31.32,32.31,1328484,43214012.00
2014/11/07,32.51,33.20,31.97,32.59,1988963,65531408.00
2014/11/10,32.15,32.97,31.61,32.57,1998148,65006332.00
2014/11/11,32.47,32.60,30.62,30.85,2292534,72486232.00
2014/11/12,30.72,31.09,29.61,29.82,3093940,93982216.00
2014/11/13,29.84,29.92,28.62,28.76,2333628,68883080.00
2014/11/14,28.92,30.30,28.77,30.03,2119912,63715984.00
2014/11/17,30.22,30.55,26.99,29.69,1988672,59588688.00
2014/11/18,29.58,29.67,28.83,28.97,1768935,52522032.00
2014/11/19,28.97,29.87,28.83,29.47,1569888,46846624.00
2014/11/20,29.47,29.47,29.02,29.26,1009726,29847192.00
2014/11/21,29.26,29.44,28.82,29.38,1202008,35494636.00
2014/11/24,29.52,29.52,29.02,29.21,2544788,75158928.00
2014/11/25,29.21,29.97,29.03,29.93,2072854,62276688.00
2014/11/26,29.74,31.19,29.74,30.94,2880183,89203696.00
2014/11/27,30.94,31.12,30.02,30.33,2580706,79304696.00
2014/11/28,30.14,30.67,29.69,29.96,1930870,58913224.00
2014/12/01,30.22,30.22,28.54,28.90,2964563,87041184.00
2014/12/02,28.82,29.50,28.62,28.96,2006462,59121516.00
2014/12/03,29.04,29.31,28.62,29.22,2162154,63651000.00
2014/12/04,28.98,29.49,28.98,29.41,3358220,99645832.00
2014/12/05,29.43,29.46,28.30,28.87,3478914,101664176.00
2014/12/08,28.60,28.60,27.62,27.91,5785263,164234288.00
2014/12/09,27.82,27.82,25.61,25.83,7656329,207516144.00
2014/12/10,25.69,27.49,25.52,27.03,4024717,108493776.00
2014/12/11,27.07,28.08,27.04,27.42,3022821,84506992.00
2014/12/12,27.42,27.90,27.42,27.59,1399986,39218860.00
2014/12/15,27.59,28.97,27.47,28.95,3276885,95083488.00
2014/12/16,28.68,29.00,28.15,28.43,2132589,61328960.00
2014/12/17,28.51,28.51,27.28,27.95,2618438,73754264.00
2014/12/18,28.07,28.10,27.27,27.53,1773558,49701064.00
2014/12/19,27.42,27.42,26.62,27.22,1435384,39315552.00
2014/12/22,27.03,27.03,25.65,25.96,2100625,55563860.00
2014/12/23,25.97,26.59,25.92,26.02,1469487,39112640.00
2014/12/24,26.07,26.80,25.98,26.69,1488655,39829368.00
2014/12/25,26.62,26.70,25.97,26.56,1341232,35903788.00
2014/12/26,26.50,26.74,26.10,26.58,2123776,56752508.00
2014/12/29,26.58,26.58,25.98,26.21,1117079,29643104.00
2014/12/30,26.29,26.73,26.03,26.43,1885907,50615100.00
2014/12/31,26.49,27.11,26.12,26.99,1995439,53611032.00
2015/01/05,26.93,26.94,26.14,26.72,2090783,56150200.00
2015/01/06,26.35,28.50,26.28,28.12,5507359,155472272.00
2015/01/07,27.93,27.93,27.32,27.62,2194714,61444152.00
2015/01/08,27.63,28.21,26.86,27.53,2371518,66791132.00
2015/01/09,27.35,27.70,27.07,27.31,1403479,39215304.00
2015/01/12,27.15,27.22,26.62,26.89,1436210,39104624.00
2015/01/13,26.89,27.52,26.74,27.35,1042984,28801950.00
2015/01/14,27.34,27.37,26.72,26.78,1396716,38106056.00
2015/01/15,27.03,27.93,27.01,27.81,3182762,89168176.00
2015/01/16,27.80,28.12,27.53,27.70,1414906,39868992.00
2015/01/19,27.14,28.73,26.83,27.21,3625485,102800856.00
2015/01/20,27.20,28.40,27.20,28.01,2623753,74673704.00
2015/01/21,28.03,29.39,28.03,28.92,3966164,116073232.00
2015/01/22,28.91,29.47,28.90,29.19,2516034,74190016.00
2015/01/23,29.23,29.29,28.78,28.99,1566087,45952520.00
2015/01/26,28.92,29.72,28.92,29.66,2733009,81517400.00
2015/01/27,29.66,29.66,29.22,29.48,1744838,51914696.00
2015/01/28,29.37,29.48,28.67,28.88,2192296,64348392.00
2015/01/29,28.62,28.86,28.02,28.19,1736561,49843956.00
2015/01/30,28.24,28.41,27.81,27.85,927222,26461832.00
2015/02/02,27.52,28.22,27.39,27.87,923184,26129060.00
2015/02/03,28.10,28.46,27.83,28.28,1886873,53854212.00
2015/02/04,28.29,28.49,27.83,28.13,1070500,30612972.00
2015/02/05,28.16,28.28,27.55,27.79,1380053,38963824.00
2015/02/06,27.62,27.88,27.03,27.17,871301,24162948.00
2015/02/09,27.02,27.31,26.82,26.83,580260,15906682.00
2015/02/10,26.83,27.36,26.83,27.30,1145624,31577630.00
2015/02/11,27.35,27.40,26.34,26.83,3851509,104231056.00
2015/02/12,26.82,27.11,26.72,27.07,1446223,39519508.00
2015/02/13,27.08,28.18,27.08,27.75,2662550,75004104.00
2015/02/16,27.75,27.90,27.42,27.62,3179789,89162608.00
2015/02/17,27.77,27.92,27.34,27.69,2608544,73233232.00
2015/02/25,27.69,28.33,27.42,28.04,2931909,82711040.00
2015/02/26,28.09,28.37,27.90,28.26,1956360,55852812.00
2015/02/27,28.21,28.40,27.92,28.17,2951279,84085000.00
2015/03/02,28.14,28.31,27.94,28.13,4616126,131144912.00
2015/03/03,28.17,29.22,28.12,28.82,6736102,196775536.00
2015/03/04,28.82,30.11,28.58,29.70,5546735,165418352.00
2015/03/05,29.62,30.55,29.27,29.41,4514067,136106064.00
2015/03/06,29.32,29.52,28.38,28.88,3447612,100410904.00
2015/03/09,28.74,29.11,28.56,28.89,2411215,70517296.00
2015/03/10,28.89,30.12,28.72,30.05,4490068,134741808.00
2015/03/11,29.94,30.01,29.18,29.29,2775897,82899104.00
2015/03/12,29.29,29.67,28.77,28.99,2393006,70746848.00
2015/03/13,29.27,29.59,28.83,29.51,2374991,70194880.00
2015/03/16,29.11,30.20,28.92,30.14,9340544,278683776.00
2015/03/17,30.17,30.88,29.92,30.23,8227097,252508400.00
2015/03/18,30.32,31.27,30.32,31.23,7605103,236261616.00
2015/03/19,31.23,33.11,30.92,32.56,10170048,331155648.00
2015/03/20,32.52,32.96,32.07,32.89,4977006,163691696.00
2015/03/23,32.89,33.87,32.63,32.90,6234060,208762432.00
2015/03/24,32.74,33.12,31.20,32.07,8383265,270199328.00
2015/03/25,31.68,32.42,31.18,31.94,7678257,246138656.00
2015/03/26,31.70,32.60,31.27,32.22,6550759,212836064.00
2015/03/27,32.22,33.96,31.77,33.91,9632658,320585184.00
2015/03/30,34.62,35.11,33.48,34.05,8669306,300032000.00
2015/03/31,33.82,34.20,33.32,33.72,4217514,144109232.00
2015/04/01,33.92,35.26,33.73,35.11,6471932,225640192.00
2015/04/02,35.11,36.27,34.43,35.12,7734782,274893088.00
2015/04/03,34.72,35.02,34.23,34.80,6287109,219930688.00
2015/04/07,34.82,36.16,34.18,35.61,9131024,322229152.00
2015/04/08,35.33,35.59,33.62,34.52,5377110,188665760.00
2015/04/09,34.47,34.47,32.50,33.66,4936431,166676160.00
2015/04/10,33.60,36.12,33.28,35.15,6365611,224256448.00
2015/04/13,35.38,36.25,34.60,35.84,7446511,267415168.00
2015/04/14,35.84,37.39,35.43,35.79,5333774,196150384.00
2015/04/15,35.52,35.52,34.17,34.41,3951985,138459344.00
2015/04/16,34.30,35.89,33.38,35.01,4571669,162030848.00
2015/04/17,35.17,36.87,35.14,36.10,7450930,271298816.00
2015/04/20,35.62,37.22,35.32,36.03,9124334,335196064.00
2015/04/21,35.99,39.32,35.50,38.94,7345089,281719136.00
2015/04/22,39.75,39.80,38.27,39.03,4500423,176506320.00
2015/04/23,39.21,39.21,38.24,38.63,3605909,140430880.00
2015/04/24,38.21,38.21,36.62,37.63,5991182,226229840.00
2015/04/27,38.10,38.57,37.21,37.90,6530532,250396896.00
2015/04/28,37.42,37.90,35.67,35.79,5134626,189590576.00
2015/04/29,35.79,37.16,35.57,36.67,3653119,133851024.00
2015/04/30,36.80,36.82,35.97,36.14,3170316,116333136.00
2015/05/04,35.91,36.46,35.22,36.21,2557343,92693864.00
2015/05/05,35.95,36.14,35.22,35.51,2638538,95065576.00
2015/05/06,35.52,36.99,35.32,35.69,3130489,114772592.00
2015/05/07,35.70,35.70,33.02,33.46,2887220,99543080.00
2015/05/08,33.95,34.70,33.12,34.59,4639491,156405632.00
2015/05/11,34.60,35.80,33.75,35.71,6716386,232583760.00
2015/05/12,35.54,37.53,34.71,37.30,7982745,289638304.00
2015/05/13,37.00,38.33,36.08,37.99,8091694,300349792.00
2015/05/14,38.50,39.12,37.44,38.10,6387990,243946368.00
2015/05/15,37.60,38.28,37.32,37.50,4574069,172728304.00
2015/05/18,36.80,38.99,36.66,38.65,6806257,259432160.00
2015/05/19,39.00,39.50,37.92,38.95,5023454,193807712.00
2015/05/20,38.60,39.96,38.31,38.46,4806295,188662736.00
2015/05/21,38.60,40.60,38.51,40.39,5233719,207684000.00
2015/05/22,40.29,41.60,39.50,40.34,5032176,203396336.00
2015/05/25,40.29,44.37,40.00,44.34,7851514,342808608.00
2015/05/26,44.84,46.69,43.33,46.22,8748143,395172064.00
2015/05/27,46.00,46.00,44.40,45.36,5433480,244057008.00
2015/05/28,45.77,47.45,42.05,42.63,7601618,343919904.00
2015/05/29,42.65,44.25,39.50,42.68,4084624,174795248.00
2015/06/01,42.90,45.98,42.90,45.22,3620546,163002592.00
2015/06/02,44.80,47.80,44.80,47.76,4364497,203565488.00
2015/06/03,48.00,49.89,47.01,47.64,6509569,315788512.00
2015/06/04,48.00,48.50,43.00,47.69,4278649,201116352.00
2015/06/05,48.48,49.48,47.00,49.26,5517481,267428688.00
2015/06/08,49.10,49.16,46.01,46.41,4800695,228060928.00
2015/06/09,46.41,47.50,44.80,46.32,5144838,235575424.00
2015/06/10,45.67,46.98,45.16,46.21,4601805,210899424.00
2015/06/11,46.22,46.50,44.91,45.94,4708598,214545472.00
2015/06/12,46.23,49.79,45.81,48.99,6022240,285884672.00
2015/06/15,48.50,48.80,46.68,46.72,4843957,229317552.00
2015/06/16,46.65,46.68,44.00,45.47,3882081,176248544.00
2015/06/17,45.47,45.65,42.90,45.27,2613325,116060672.00
2015/06/18,45.25,47.50,42.90,43.02,3254725,147511088.00
2015/06/19,42.79,42.79,40.02,41.40,3380858,139596672.00
2015/06/23,41.21,42.30,37.26,40.91,3218189,127052144.00
2015/06/24,41.21,42.28,40.00,41.33,3571175,147326304.00
2015/06/25,41.75,42.76,38.10,38.52,3681175,147691840.00
2015/06/26,37.51,37.51,34.67,34.67,4618330,163442096.00
2015/06/29,35.47,35.88,31.20,31.20,5231216,169776640.00
2015/06/30,30.18,34.32,28.67,34.04,8200525,261683248.00
2015/07/01,34.20,36.93,32.70,32.78,7539279,263537280.00
2015/07/02,32.50,33.60,29.50,29.50,6041969,188567712.00
2015/07/03,28.90,30.48,26.55,26.58,9784141,272212128.00
2015/07/06,29.24,29.24,23.92,25.11,11243193,300408128.00
2015/07/07,23.99,25.70,22.60,22.60,13806609,325850592.00
2015/07/08,20.40,22.99,20.34,21.97,19496112,410634656.00
2015/07/09,21.83,24.17,21.62,24.17,7996756,188366912.00
2015/07/10,26.59,26.59,26.59,26.59,1988991,52887272.00
2015/07/13,29.25,29.25,28.32,29.25,6729095,196645696.00
2015/07/14,29.99,32.18,29.25,32.00,16662637,520827520.00
2015/07/15,30.66,31.30,28.80,28.80,9428574,277675488.00
2015/07/16,26.69,30.20,25.92,29.17,7802883,220366048.00
2015/07/17,29.20,31.50,28.81,30.99,10149179,308930432.00
2015/07/20,30.76,32.48,30.49,30.85,6281802,196690368.00
2015/07/21,30.51,31.60,30.08,30.93,5883571,181822400.00
2015/07/22,30.79,31.50,30.09,31.49,4752605,146879760.00
2015/07/23,32.00,32.92,31.30,32.77,6866674,220993056.00
2015/07/24,32.83,33.50,31.78,32.45,6943862,225479936.00
2015/07/27,31.50,32.69,29.21,29.21,6243375,193099520.00
2015/07/28,27.00,29.40,26.31,27.77,7995686,220877856.00
2015/07/29,27.82,29.95,26.58,29.80,6218676,173312272.00
2015/07/30,29.20,30.00,28.30,28.39,3582506,105597952.00
2015/07/31,27.51,28.48,27.20,27.74,3530805,97880328.00
2015/08/03,27.05,27.77,26.50,27.44,3270118,88362712.00
2015/08/04,27.31,29.44,27.11,29.25,3327598,94776416.00
2015/08/05,29.10,30.00,28.32,28.84,2755472,80575704.00
2015/08/06,28.54,30.02,28.02,30.00,3710690,108993792.00
2015/08/07,29.94,31.18,29.81,31.03,3762783,115194080.00
2015/08/10,31.11,32.85,30.68,32.79,4572850,145258000.00
2015/08/11,32.50,32.90,31.63,32.28,3685120,119088456.00
2015/08/12,32.27,32.96,31.20,31.25,3232308,103935600.00
2015/08/13,31.00,31.70,30.11,31.66,2099446,65321652.00
2015/08/14,31.66,33.47,31.66,33.22,5399504,176182576.00
2015/08/17,32.90,34.28,32.75,34.21,4014912,134453632.00
2015/08/18,33.90,34.25,30.79,30.98,4487610,146232304.00
2015/08/19,30.46,32.58,28.20,32.43,6169791,185673424.00
2015/08/20,30.94,31.30,29.20,29.28,5727987,174970608.00
2015/08/21,29.17,29.17,26.35,26.55,5576876,153304144.00
2015/08/24,25.00,25.00,23.90,23.90,3706766,89463808.00
2015/08/25,21.51,23.09,21.51,21.51,7815870,173218336.00
2015/08/26,21.00,23.66,21.00,22.03,8664727,195364496.00
2015/08/27,22.70,24.23,22.60,24.23,5983698,140977280.00
2015/08/28,24.80,26.15,23.82,25.89,6013696,147248720.00
2015/08/31,24.99,24.99,24.02,24.10,4628162,113405128.00
2015/09/01,24.10,24.50,21.77,22.39,5190127,119214704.00
2015/09/02,21.40,23.54,21.00,22.52,3975847,89332512.00
2015/09/07,23.00,24.09,23.00,23.11,2484662,58275928.00
2015/09/08,22.90,25.42,22.60,25.42,3505968,83518512.00
2015/09/09,25.18,26.80,25.12,26.03,3698598,95704800.00
2015/09/10,25.49,26.28,25.03,25.11,2007193,51387452.00
2015/09/11,25.16,26.01,24.55,25.56,1626335,41526516.00
2015/09/14,25.58,25.71,23.23,23.50,2145814,51619844.00
2015/09/15,22.99,23.45,22.55,22.78,1890056,43447264.00
2015/09/16,22.80,24.97,22.22,24.75,2391191,56322520.00
2015/09/17,24.40,25.08,23.91,23.95,2196991,53999464.00
2015/09/18,23.95,24.19,23.50,23.97,1345792,32072328.00
2015/09/21,23.60,25.50,23.51,25.40,2069413,51349260.00
2015/09/22,25.15,26.33,24.00,26.02,3433063,87568416.00
2015/09/23,25.48,25.91,25.30,25.47,1992945,50968240.00
2015/09/24,25.50,26.48,25.50,26.07,3094795,80679296.00
2015/09/25,25.63,26.25,25.00,25.73,1268122,32419860.00
2015/09/28,25.52,28.00,25.30,27.48,2875031,77617024.00
2015/09/29,27.10,28.36,26.88,27.54,3122649,86097344.00
2015/09/30,27.37,27.52,26.50,26.97,1328287,35876604.00
2015/10/08,28.79,28.79,27.60,27.78,4176633,116734256.00
2015/10/09,27.88,27.88,27.06,27.40,3006365,82750792.00
2015/10/12,27.55,28.90,27.41,28.55,4185015,118241552.00
2015/10/13,27.79,28.36,27.50,28.16,2873262,80298448.00
2015/10/14,28.16,29.50,27.50,27.71,2651136,74998544.00
2015/10/15,27.75,28.40,27.40,28.26,2345274,65986852.00
2015/10/16,28.48,28.78,27.81,28.72,3477742,98321584.00
2015/10/19,28.67,28.67,27.90,28.15,3650575,103074736.00
2015/10/20,27.90,28.17,27.52,28.15,3024572,84374184.00
2015/10/21,28.19,28.57,26.10,27.18,5460943,151071472.00
2015/10/22,26.70,27.86,26.51,27.73,3832412,104628528.00
2015/10/23,28.35,30.00,28.35,29.69,7086618,205588128.00
2015/10/26,29.10,29.80,28.61,29.50,4238900,123978528.00
2015/10/27,29.00,29.70,27.90,29.29,3011427,86297936.00
2015/10/28,28.68,29.20,28.46,28.75,3067433,88445744.00
2015/10/29,28.76,29.46,28.58,29.24,3237287,93785200.00
2015/10/30,29.82,31.15,29.50,30.54,14518661,440958080.00
2015/11/02,29.60,30.26,28.57,28.75,5271635,155625008.00
2015/11/03,28.75,29.40,27.87,29.19,4708658,133968832.00
2015/11/04,29.00,30.47,28.64,30.30,7931939,237378304.00
2015/11/05,30.26,30.30,29.63,29.88,5904698,176810320.00
2015/11/06,29.90,30.49,29.71,30.23,4829721,145816432.00
2015/11/09,30.25,30.79,29.00,30.67,8709327,260420480.00
2015/11/10,30.46,30.95,30.08,30.64,5711998,174966128.00
2015/11/11,30.50,31.76,30.31,31.75,6056481,188114544.00
2015/11/12,31.60,32.35,30.68,30.89,4257048,133043256.00
2015/11/13,30.51,31.94,30.02,30.19,5680816,174746704.00
2015/11/16,29.60,30.98,29.25,30.94,5445213,162639760.00
2015/11/17,30.90,32.50,30.90,32.20,13222844,419927872.00
2015/11/18,32.28,33.38,31.75,32.17,10839442,352328448.00
2015/11/19,32.28,32.77,31.40,32.67,5590690,179471232.00
2015/11/20,32.62,34.48,32.28,33.99,7213605,241133328.00
2015/11/23,34.07,35.98,34.00,34.41,9086389,316820032.00
2015/11/24,34.40,34.60,33.13,34.56,6649950,223387216.00
2015/11/25,34.75,35.00,34.11,34.56,4770066,164722960.00
2015/11/26,34.75,35.48,33.70,33.80,5383942,186605392.00
2015/11/27,33.30,34.05,31.88,32.61,6078510,201027424.00
2015/11/30,32.40,33.48,31.01,32.88,5956454,192863248.00
2015/12/01,33.28,33.28,32.21,32.55,3299456,108117904.00
2015/12/02,32.61,32.71,30.03,31.66,3054369,95735008.00
2015/12/03,31.82,32.26,31.40,32.21,2816799,89775552.00
2015/12/04,32.00,32.85,31.71,32.61,2980353,96273504.00
2015/12/07,32.60,33.50,32.36,33.16,4563261,150168080.00
2015/12/08,32.60,32.90,31.67,31.70,2989317,96132872.00
2015/12/09,31.71,31.96,31.20,31.39,2298917,72395336.00
2015/12/10,31.15,31.83,31.10,31.31,1549573,48867752.00
2015/12/11,31.29,31.85,31.20,31.61,1312964,41403420.00
2015/12/14,31.50,32.70,31.11,32.60,2233239,71801224.00
2015/12/15,32.70,32.85,32.26,32.47,2016005,65549396.00
2015/12/16,32.69,33.84,32.55,33.29,4122355,137001568.00
2015/12/17,33.85,33.99,33.12,33.86,3868046,129912608.00
2015/12/18,33.78,34.07,33.17,33.96,3331019,112430112.00
2015/12/21,33.80,34.87,32.92,34.15,6997341,238380480.00
2015/12/22,34.00,34.95,34.00,34.54,7383196,255352960.00
2015/12/23,34.54,37.17,34.54,35.05,7476181,268381424.00
2015/12/24,34.70,37.28,34.66,37.10,6485875,234153744.00
2015/12/25,37.20,37.37,36.08,36.84,3576551,130926480.00
2015/12/28,37.39,37.39,34.91,34.92,5778523,206832496.00
2015/12/29,34.99,35.20,33.78,34.58,4206496,143994976.00
2015/12/30,34.60,34.87,34.00,34.79,2593496,89326480.00
2015/12/31,34.81,35.19,33.60,33.83,3952850,136229600.00
2016/01/04,33.67,33.97,30.45,30.45,4016402,129163352.00
2016/01/05,29.00,31.56,28.60,31.49,6454711,195969008.00
2016/01/06,31.10,32.00,30.63,31.76,4228246,132520728.00
2016/01/07,31.20,31.20,28.58,28.58,773200,22830606.00
2016/01/08,29.01,29.72,26.29,28.51,3329094,95639064.00
2016/01/11,27.98,28.08,25.66,25.86,5002726,134563824.00
2016/01/12,26.42,27.30,25.66,26.68,2363698,62697632.00
2016/01/13,27.10,27.40,25.30,25.43,2315045,61320616.00
2016/01/14,25.00,27.03,24.20,26.83,3172872,81017000.00
2016/01/15,26.80,27.50,26.38,26.64,2573166,69657648.00
2016/01/18,26.20,27.52,26.00,27.34,2469013,66328844.00
2016/01/19,27.20,28.85,26.91,28.49,2496057,69898632.00
2016/01/20,28.51,28.90,27.18,27.68,3028920,84402784.00
2016/01/21,27.20,27.93,26.42,26.45,1674500,45457152.00
2016/01/22,26.72,27.00,25.76,26.88,1209868,32159624.00
2016/01/25,27.25,27.70,27.01,27.25,1086185,29603136.00
2016/01/26,26.95,27.30,24.53,24.57,2405553,62023904.00
2016/01/27,24.70,24.96,22.40,24.20,2745583,64658712.00
2016/01/28,23.68,24.20,23.00,23.07,1384981,32766864.00
2016/01/29,22.98,24.60,22.60,24.18,2150463,51359716.00
2016/02/01,23.85,25.26,23.85,24.42,1842171,45255140.00
2016/02/02,24.60,26.37,24.40,25.86,1971410,50222220.00
2016/02/03,25.61,26.10,25.00,25.70,1148343,29311952.00
2016/02/04,25.97,26.50,25.55,26.28,2446536,63939260.00
2016/02/05,26.18,26.40,25.69,25.70,1764365,45918280.00
2016/02/15,25.05,26.31,25.00,26.09,1171338,30088148.00
2016/02/16,26.34,27.06,26.15,26.80,1357870,36310132.00
2016/02/17,26.70,27.26,26.41,26.71,2035611,54562412.00
2016/02/18,26.69,27.26,26.68,26.76,2064266,55632440.00
2016/02/19,26.60,27.09,26.42,26.80,1422758,38216820.00
2016/02/22,27.04,27.65,26.95,27.38,1562124,42573120.00
2016/02/23,27.22,27.38,26.51,27.21,1664082,44849768.00
2016/02/24,27.05,27.50,26.67,27.44,1587878,42860772.00
2016/02/25,27.40,27.40,24.70,24.73,2598375,67093928.00
2016/02/26,25.01,25.29,23.80,24.72,1853084,45763796.00
2016/02/29,24.49,24.65,22.25,22.25,4054118,92799456.00
2016/03/01,22.49,23.20,22.10,22.94,1991391,45248600.00
2016/03/02,23.18,24.40,22.80,24.16,1409296,33270856.00
2016/03/03,24.16,24.82,23.96,24.55,2373685,58016768.00
2016/03/04,24.55,24.55,23.40,24.01,1804137,43299584.00
2016/03/07,24.25,24.86,24.11,24.52,1126093,27639056.00
2016/03/08,24.54,24.70,23.60,24.53,1327105,31946984.00
2016/03/09,24.03,24.77,24.00,24.31,1423934,34666016.00
数据来源:通达信
