600159 大龙地产 日线 前复权
      日期	    开盘	    最高	    最低	    收盘	    成交量	    成交额
2011/01/04,5.10,5.33,5.05,5.28,15529945,81995912.00
2011/01/05,5.21,5.28,5.15,5.20,9036355,47517576.00
2011/01/06,5.17,5.27,5.17,5.20,8584011,45248068.00
2011/01/07,5.22,5.40,5.19,5.24,14922288,79814448.00
2011/01/10,5.25,5.33,5.11,5.13,9463405,49751184.00
2011/01/11,5.10,5.26,5.08,5.22,7949491,41626984.00
2011/01/12,5.18,5.41,5.17,5.31,14621408,78384520.00
2011/01/13,5.34,5.35,5.20,5.22,7570062,40133992.00
2011/01/14,5.22,5.25,5.14,5.20,6305321,33048172.00
2011/01/17,5.13,5.19,4.97,5.01,9206987,46931844.00
2011/01/18,5.00,5.04,4.96,5.00,4436065,22402696.00
2011/01/19,5.00,5.07,4.97,5.06,5197725,26372804.00
2011/01/20,5.08,5.08,4.88,4.88,8784473,44062884.00
2011/01/21,4.87,5.05,4.85,4.95,6098767,30441044.00
2011/01/24,4.95,4.97,4.85,4.87,4860705,24028830.00
2011/01/25,4.87,4.91,4.85,4.87,3282237,16135474.00
2011/01/26,4.88,4.90,4.86,4.90,3251750,16044522.00
2011/01/28,4.85,4.92,4.81,4.85,8833277,43282328.00
2011/01/31,4.84,4.88,4.81,4.85,6711635,32879504.00
2011/02/01,4.87,4.91,4.83,4.91,6096540,30007740.00
2011/02/09,4.87,4.90,4.81,4.82,5666733,27769792.00
2011/02/10,4.81,4.92,4.78,4.90,7235172,35571696.00
2011/02/11,4.88,5.07,4.84,5.01,14873704,74547496.00
2011/02/14,4.98,5.09,4.97,5.07,14834540,75369408.00
2011/02/15,5.08,5.11,5.01,5.02,11284126,57542124.00
2011/02/16,5.02,5.05,4.97,5.04,9326447,47206824.00
2011/02/17,5.03,5.07,4.95,5.02,10817850,54647708.00
2011/02/18,5.03,5.51,4.98,5.19,42526393,227285152.00
2011/02/21,5.10,5.20,5.02,5.18,19111201,98481608.00
2011/02/22,5.15,5.15,5.00,5.01,14968831,76415024.00
2011/02/23,4.99,5.14,4.97,5.07,10236767,52438840.00
2011/02/24,5.11,5.19,5.05,5.14,14317692,74177008.00
2011/02/25,5.13,5.13,5.04,5.10,8327575,42697164.00
2011/02/28,5.07,5.19,5.06,5.14,10474733,54249148.00
2011/03/01,5.13,5.23,5.13,5.18,15454241,80952120.00
2011/03/02,5.15,5.15,5.06,5.13,11369013,58626948.00
2011/03/03,5.18,5.29,5.13,5.13,17862579,93894744.00
2011/03/04,5.13,5.24,5.09,5.24,16065449,84221264.00
2011/03/07,5.27,5.32,5.22,5.25,22164412,117859552.00
2011/03/08,5.25,5.32,5.19,5.24,14323719,75876472.00
2011/03/09,5.22,5.27,5.17,5.22,10867838,57165168.00
2011/03/10,5.23,5.28,5.16,5.22,13189427,69327008.00
2011/03/11,5.20,5.24,5.13,5.14,10714005,56080536.00
2011/03/14,5.10,5.10,5.03,5.09,12573976,64324668.00
2011/03/15,5.07,5.07,4.89,4.99,12395393,62372736.00
2011/03/16,4.98,5.05,4.96,5.04,6907839,34979000.00
2011/03/17,5.02,5.05,4.95,4.97,8284796,41696336.00
2011/03/18,4.98,5.05,4.98,5.03,6719398,34057448.00
2011/03/21,5.02,5.09,4.98,5.07,9502232,48452404.00
2011/03/22,5.05,5.09,5.01,5.04,6619116,33706928.00
2011/03/23,5.03,5.19,5.01,5.14,18955045,98052624.00
2011/03/24,5.12,5.15,5.07,5.09,11698878,60273176.00
2011/03/25,5.09,5.20,5.07,5.14,15531656,80702512.00
2011/03/28,5.13,5.23,5.13,5.15,14654999,76615112.00
2011/03/29,5.17,5.37,5.09,5.26,35957477,191507824.00
2011/03/30,5.27,5.29,5.13,5.18,15823588,83041432.00
2011/03/31,5.18,5.28,5.16,5.19,16999919,89538104.00
2011/04/01,5.18,5.25,5.14,5.24,12300148,64569688.00
2011/04/06,5.20,5.32,5.18,5.28,19361109,102879432.00
2011/04/07,5.27,5.32,5.23,5.25,12509416,66481552.00
2011/04/08,5.26,5.26,5.18,5.24,11836933,62319164.00
2011/04/11,5.23,5.25,5.15,5.18,11633430,60924024.00
2011/04/12,5.18,5.39,5.16,5.37,33989331,181813312.00
2011/04/13,5.33,5.44,5.25,5.38,26370881,142380304.00
2011/04/14,5.36,5.37,5.25,5.28,15667182,83806240.00
2011/04/15,5.27,5.40,5.27,5.38,22698770,122456472.00
2011/04/18,5.37,5.43,5.29,5.41,21815851,118307480.00
2011/04/19,5.37,5.37,5.19,5.20,19133919,102063696.00
2011/04/20,5.25,5.29,5.20,5.21,11001721,58157832.00
2011/04/21,5.22,5.33,5.20,5.25,10841235,57558820.00
2011/04/25,5.24,5.24,5.06,5.10,12002680,62052424.00
2011/04/26,5.08,5.12,5.04,5.04,6502897,33272012.00
2011/04/27,5.06,5.09,4.90,4.98,8247127,41559452.00
2011/04/28,5.01,5.02,4.85,4.87,6664782,33076138.00
2011/04/29,4.88,4.94,4.85,4.93,4706419,23284592.00
2011/05/03,4.94,5.03,4.92,4.98,5272570,26512968.00
2011/05/04,4.98,4.98,4.82,4.85,7564235,37476048.00
2011/05/05,4.86,4.93,4.85,4.91,4475284,22125684.00
2011/05/06,4.90,5.05,4.84,4.96,12598573,62860080.00
2011/05/09,4.95,4.96,4.90,4.94,6157928,30648560.00
2011/05/10,4.94,4.96,4.88,4.94,4331544,21500720.00
2011/05/11,4.94,4.98,4.89,4.93,6726810,33532088.00
2011/05/13,4.91,4.96,4.87,4.96,7579095,37614896.00
2011/05/16,4.96,5.01,4.92,4.97,7554020,37909376.00
2011/05/17,4.95,5.03,4.94,4.99,8127770,40938776.00
2011/05/18,4.99,5.08,4.95,5.05,11099057,56380872.00
2011/05/19,5.05,5.06,4.95,5.00,9739280,49078712.00
2011/05/20,4.98,5.37,4.98,5.16,44863704,235084832.00
2011/05/23,5.10,5.10,4.90,4.90,21307025,107055456.00
2011/05/24,4.91,4.93,4.71,4.79,12912276,62427048.00
2011/05/25,4.77,4.82,4.71,4.76,7622608,36746068.00
2011/05/26,4.79,4.81,4.73,4.77,9829815,47489664.00
2011/05/27,4.77,4.77,4.50,4.52,7699903,35874368.00
2011/05/30,4.47,4.48,4.33,4.35,7672102,34229992.00
2011/05/31,4.35,4.45,4.31,4.43,4908568,21776412.00
2011/06/01,4.42,4.43,4.38,4.43,3455901,15394683.00
2011/06/02,4.40,4.40,4.26,4.32,4656923,20389208.00
2011/06/03,4.33,4.40,4.25,4.39,4294163,18946580.00
2011/06/07,4.39,4.42,4.37,4.41,3195039,14217149.00
2011/06/08,4.41,4.48,4.35,4.45,6073159,27179464.00
2011/06/09,4.43,4.43,4.31,4.32,4662092,20625140.00
2011/06/10,4.33,4.48,4.32,4.43,9095142,40409132.00
2011/06/13,4.36,4.39,4.32,4.36,4016600,17683690.00
2011/06/14,4.36,4.54,4.34,4.44,10219252,46007024.00
2011/06/15,4.43,4.45,4.36,4.36,5601987,24926044.00
2011/06/16,4.34,4.36,4.25,4.26,5390181,23473424.00
2011/06/17,4.27,4.29,4.19,4.20,3820287,16418869.00
2011/06/20,4.19,4.24,4.12,4.15,4483108,18927936.00
2011/06/21,4.15,4.21,4.15,4.20,2659857,11281658.00
2011/06/22,4.22,4.22,4.17,4.18,2702134,11463990.00
2011/06/23,4.17,4.25,4.15,4.23,4056555,17263076.00
2011/06/24,4.22,4.32,4.20,4.31,6809641,29502092.00
2011/06/27,4.31,4.35,4.28,4.34,6134080,26782384.00
2011/06/28,4.33,4.34,4.27,4.33,4918796,21457428.00
2011/06/29,4.32,4.32,4.27,4.28,3973806,17250486.00
2011/06/30,4.27,4.34,4.27,4.31,4443460,19410324.00
2011/07/01,4.33,4.39,4.30,4.34,7260294,31972472.00
2011/07/04,4.40,4.42,4.37,4.42,7237317,32191766.00
2011/07/05,4.42,4.48,4.37,4.43,8019255,35942384.00
2011/07/06,4.45,4.45,4.37,4.40,6014705,26757588.00
2011/07/07,4.41,4.43,4.37,4.38,6127945,27234642.00
2011/07/08,4.37,4.42,4.37,4.39,3534918,15698176.00
2011/07/11,4.35,4.40,4.34,4.39,3164634,14008271.00
2011/07/12,4.36,4.36,4.24,4.25,6619048,28722876.00
2011/07/13,4.24,4.32,4.24,4.30,4497055,19525070.00
2011/07/14,4.32,4.38,4.30,4.37,7902084,34658368.00
2011/07/15,4.34,4.47,4.32,4.46,13876134,61948424.00
2011/07/18,4.47,4.91,4.43,4.91,64769479,314773888.00
2011/07/19,4.81,4.97,4.77,4.80,54295300,267478064.00
2011/07/20,4.77,4.80,4.66,4.69,16918192,80315168.00
2011/07/21,4.69,4.69,4.57,4.59,11945974,55614056.00
2011/07/22,4.59,5.00,4.56,4.86,35471106,170707552.00
2011/07/25,4.75,4.89,4.57,4.63,24932206,119198448.00
2011/07/26,4.62,4.81,4.56,4.73,17793742,85221968.00
2011/07/27,4.68,4.75,4.62,4.70,10016082,47449716.00
2011/07/28,4.65,4.70,4.48,4.54,12306277,57088216.00
2011/07/29,4.57,4.57,4.43,4.45,7996625,36281540.00
2011/08/01,4.44,4.53,4.43,4.46,4796890,21708824.00
2011/08/02,4.46,4.46,4.29,4.39,7270464,32047590.00
2011/08/03,4.33,4.43,4.30,4.39,4421556,19605696.00
2011/08/04,4.39,4.47,4.39,4.42,4696046,21060232.00
2011/08/05,4.32,4.37,4.25,4.29,5489386,23940192.00
2011/08/08,4.21,4.22,3.87,3.98,10233946,42124804.00
2011/08/09,3.85,4.06,3.78,4.02,10323521,41387824.00
2011/08/10,4.05,4.18,4.05,4.07,8181482,33996856.00
2011/08/11,3.95,4.14,3.92,4.12,7542875,31103040.00
2011/08/12,4.13,4.25,4.10,4.23,9382269,39635784.00
2011/08/15,4.23,4.27,4.18,4.24,5711057,24393944.00
2011/08/16,4.40,4.55,4.22,4.23,14303820,62787864.00
2011/08/17,4.16,4.32,4.16,4.23,7069862,30422040.00
2011/08/18,4.23,4.27,4.15,4.16,5248794,22355278.00
2011/08/19,4.06,4.11,4.00,4.06,5681171,23295892.00
2011/08/22,4.05,4.10,4.02,4.04,3045787,12503806.00
2011/08/23,4.06,4.12,4.03,4.12,3902288,16129489.00
2011/08/24,4.15,4.16,4.06,4.08,3630479,15100313.00
2011/08/25,4.08,4.21,4.08,4.20,6978431,29372908.00
2011/08/26,4.17,4.31,4.15,4.30,8845645,37865728.00
2011/08/29,4.30,4.55,4.23,4.37,12731504,55421468.00
2011/08/30,4.30,4.36,4.23,4.24,9303353,40514520.00
2011/08/31,4.23,4.26,4.12,4.18,6350704,26813356.00
2011/09/01,4.20,4.20,4.10,4.12,4184873,17534364.00
2011/09/02,4.12,4.13,4.05,4.06,3177858,13110620.00
2011/09/05,4.02,4.10,4.00,4.01,2900132,11864511.00
2011/09/06,3.97,4.03,3.95,4.01,2103891,8510114.00
2011/09/07,4.03,4.09,4.00,4.09,3379254,13884879.00
2011/09/08,4.10,4.11,4.02,4.02,2685548,11043106.00
2011/09/09,4.02,4.06,3.97,3.99,3138147,12734102.00
2011/09/13,3.96,3.96,3.89,3.94,2476375,9839511.00
2011/09/14,3.95,4.02,3.93,3.99,2666745,10720512.00
2011/09/15,4.01,4.05,3.98,3.99,2603438,10576019.00
2011/09/16,4.03,4.04,3.97,3.98,2397810,9713339.00
2011/09/19,3.99,3.99,3.84,3.85,3135347,12384153.00
2011/09/20,3.85,3.91,3.82,3.88,1578381,6193239.00
2011/09/21,3.88,3.98,3.84,3.97,3389526,13494330.00
2011/09/22,3.95,3.98,3.84,3.85,3406883,13481836.00
2011/09/23,3.80,4.10,3.78,3.93,6988266,28159894.00
2011/09/26,3.90,3.92,3.79,3.84,4943503,19332352.00
2011/09/27,3.85,3.88,3.80,3.82,2163294,8411323.00
2011/09/28,3.85,3.86,3.69,3.70,3910839,14924119.00
2011/09/29,3.68,3.71,3.58,3.60,4284490,15722261.00
2011/09/30,3.61,3.64,3.53,3.61,3738109,13560018.00
2011/10/10,3.61,3.62,3.54,3.55,1966212,7126193.00
2011/10/11,3.60,3.67,3.50,3.54,2331600,8449037.00
2011/10/12,3.53,3.66,3.47,3.65,3985290,14589585.00
2011/10/13,3.64,3.90,3.60,3.77,6439966,24488132.00
2011/10/14,3.72,4.05,3.67,3.91,10244282,39931256.00
2011/10/17,3.92,4.02,3.85,3.96,16412058,65503104.00
2011/10/18,3.92,3.93,3.81,3.84,6330935,24772286.00
2011/10/19,3.85,4.10,3.76,3.92,14197608,56143988.00
2011/10/20,3.88,3.88,3.65,3.68,5218648,19734618.00
2011/10/21,3.65,3.74,3.63,3.68,2480128,9232624.00
2011/10/24,3.70,3.93,3.60,3.89,6159468,23475680.00
2011/10/25,3.85,3.99,3.81,3.96,8244544,32701544.00
2011/10/26,3.95,4.04,3.90,3.91,16432342,65982264.00
2011/10/27,3.86,3.98,3.85,3.92,8038060,31777020.00
2011/10/28,3.96,4.16,3.95,4.02,17017451,69862712.00
2011/10/31,3.96,3.99,3.89,3.96,6441428,25685168.00
2011/11/01,3.89,3.96,3.87,3.90,5359427,21243748.00
2011/11/02,3.85,3.94,3.82,3.92,5612252,22041696.00
2011/11/03,3.93,4.10,3.92,3.97,14303215,58255956.00
2011/11/04,3.95,4.07,3.94,4.05,12995686,52863864.00
2011/11/07,4.04,4.05,3.97,3.99,6596171,26730858.00
2011/11/08,3.98,4.00,3.89,3.95,6911679,27503120.00
2011/11/09,3.94,3.99,3.89,3.97,4159255,16596047.00
2011/11/10,3.90,3.93,3.84,3.85,5896266,23190108.00
2011/11/11,3.85,3.91,3.83,3.87,2855680,11187756.00
2011/11/14,3.88,3.94,3.88,3.93,4498576,17845120.00
2011/11/15,3.92,3.95,3.90,3.94,3850785,15293036.00
2011/11/16,3.95,3.95,3.79,3.82,5538298,21619580.00
2011/11/17,3.82,3.85,3.78,3.79,3025899,11670207.00
2011/11/18,3.78,3.81,3.67,3.69,3315500,12536696.00
2011/11/21,3.69,3.71,3.65,3.70,2022090,7535520.00
2011/11/22,3.65,3.72,3.64,3.70,2232723,8340503.00
2011/11/23,3.70,3.76,3.68,3.71,2892219,10912402.00
2011/11/24,3.68,3.77,3.63,3.71,3215052,12043454.00
2011/11/25,3.70,3.71,3.61,3.64,2628696,9736869.00
2011/11/28,3.64,3.66,3.60,3.64,1809649,6644211.00
2011/11/29,3.65,3.70,3.64,3.69,2499111,9294044.00
2011/11/30,3.67,3.69,3.47,3.50,3259060,11762419.00
2011/12/01,3.61,3.69,3.58,3.61,4981633,18359746.00
2011/12/02,3.55,3.60,3.52,3.56,2427874,8740196.00
2011/12/05,3.56,3.57,3.48,3.50,1757846,6266854.00
2011/12/06,3.47,3.57,3.47,3.53,1928253,6899052.00
2011/12/07,3.52,3.56,3.51,3.51,1072534,3843608.00
2011/12/08,3.54,3.54,3.47,3.50,1867458,6630507.00
2011/12/09,3.49,3.56,3.48,3.51,2237671,8015267.00
2011/12/12,3.53,3.53,3.46,3.48,2199392,7780249.00
2011/12/13,3.45,3.45,3.30,3.30,2849318,9693081.00
2011/12/14,3.30,3.34,3.22,3.22,2209388,7378026.00
2011/12/15,3.24,3.32,3.20,3.22,3776829,12499334.00
2011/12/16,3.25,3.32,3.22,3.31,2755334,9130593.00
2011/12/19,3.27,3.29,3.20,3.27,2641224,8714813.00
2011/12/20,3.27,3.51,3.24,3.33,4605522,15668760.00
2011/12/21,3.35,3.41,3.27,3.29,3136306,10615958.00
2011/12/22,3.24,3.30,3.13,3.29,4367002,14284401.00
2011/12/23,3.28,3.37,3.25,3.31,3246201,10932887.00
2011/12/26,3.29,3.34,3.26,3.29,1729487,5794863.00
2011/12/27,3.27,3.30,3.21,3.23,1919110,6322752.00
2011/12/28,3.30,3.41,3.24,3.33,7562909,25554752.00
2011/12/29,3.26,3.38,3.26,3.28,3413331,11432524.00
2011/12/30,3.29,3.36,3.28,3.35,3855499,13036093.00
2012/01/04,3.34,3.41,3.21,3.22,4348935,14655380.00
2012/01/05,3.22,3.22,3.10,3.15,3470350,11095520.00
2012/01/06,3.13,3.24,3.04,3.18,5220501,16582408.00
2012/01/09,3.19,3.30,3.10,3.30,7469286,24593768.00
2012/01/10,3.30,3.40,3.26,3.39,10379132,35225776.00
2012/01/11,3.39,3.39,3.32,3.35,5919713,20096968.00
2012/01/12,3.33,3.48,3.31,3.35,8057393,27713956.00
2012/01/13,3.34,3.36,3.21,3.21,5217284,17301572.00
2012/01/16,3.22,3.22,3.14,3.15,3036711,9816037.00
2012/01/17,3.22,3.32,3.18,3.32,6679705,22034724.00
2012/01/18,3.28,3.37,3.25,3.25,5341091,17921384.00
2012/01/19,3.27,3.33,3.24,3.30,5061826,16940878.00
2012/01/20,3.32,3.38,3.29,3.37,5618691,19115116.00
2012/01/30,3.37,3.39,3.31,3.33,3645956,12367773.00
2012/01/31,3.33,3.34,3.29,3.34,2624975,8839295.00
2012/02/01,3.33,3.36,3.29,3.30,3202113,10822958.00
2012/02/02,3.30,3.36,3.29,3.36,3340260,11293066.00
2012/02/03,3.36,3.40,3.34,3.39,5940618,20356348.00
2012/02/06,3.39,3.41,3.35,3.39,4847434,16615644.00
2012/02/07,3.38,3.38,3.28,3.32,3986562,13412402.00
2012/02/08,3.32,3.40,3.30,3.39,6304903,21512442.00
2012/02/09,3.39,3.73,3.37,3.60,33941661,124046568.00
2012/02/10,3.55,3.77,3.52,3.65,29906989,111376560.00
2012/02/13,3.55,3.60,3.48,3.58,13660976,49128044.00
2012/02/14,3.58,3.66,3.50,3.63,10213050,37101468.00
2012/02/15,3.59,3.67,3.53,3.63,10028512,36730384.00
2012/02/16,3.62,3.66,3.57,3.63,6790381,24848480.00
2012/02/17,3.64,3.69,3.56,3.66,9591357,35365416.00
2012/02/20,3.75,3.93,3.68,3.82,28572290,109874520.00
2012/02/21,3.75,3.82,3.72,3.81,18799862,71740016.00
2012/02/22,3.78,3.98,3.78,3.90,23264347,92094128.00
2012/02/23,3.85,3.94,3.80,3.85,13371160,52353568.00
2012/02/24,3.86,4.17,3.83,4.07,31141979,127095936.00
2012/02/27,4.08,4.28,4.02,4.03,33231680,139928128.00
2012/02/28,4.01,4.12,3.98,4.08,17042795,70034000.00
2012/02/29,4.00,4.00,3.87,3.88,16832019,66890152.00
2012/03/01,3.86,3.95,3.84,3.90,8322419,32944304.00
2012/03/02,3.90,4.10,3.89,4.08,18551521,75407600.00
2012/03/05,4.12,4.27,4.07,4.09,22852466,96040144.00
2012/03/06,4.07,4.08,3.97,4.01,10202007,41558148.00
2012/03/07,3.94,4.06,3.92,3.98,8652048,35032036.00
2012/03/08,3.98,4.09,3.98,4.03,8365460,34160456.00
2012/03/09,4.03,4.06,3.96,4.03,8064295,32723700.00
2012/03/12,4.04,4.05,3.91,3.95,11401193,45663480.00
2012/03/13,3.94,4.02,3.93,4.00,8357049,33664852.00
2012/03/14,4.00,4.04,3.64,3.76,17188247,67962016.00
2012/03/15,3.72,3.74,3.56,3.61,10511169,38736360.00
2012/03/16,3.60,3.68,3.57,3.68,6282575,23169730.00
2012/03/19,3.63,3.72,3.62,3.71,5697249,21204856.00
2012/03/20,3.71,3.76,3.64,3.69,6990921,26222464.00
2012/03/21,3.70,3.76,3.66,3.72,5764174,21697120.00
2012/03/22,3.72,3.80,3.68,3.76,8124233,30923184.00
2012/03/23,3.73,3.73,3.61,3.66,5663852,21039858.00
2012/03/26,3.58,3.66,3.58,3.64,3343856,12307100.00
2012/03/27,3.65,3.67,3.61,3.62,3177798,11737417.00
2012/03/28,3.62,3.65,3.46,3.48,6443401,23301206.00
2012/03/29,3.46,3.57,3.40,3.50,5604991,19813474.00
2012/03/30,3.48,3.52,3.43,3.50,3587947,12671538.00
2012/04/05,3.51,3.60,3.46,3.59,4975023,17944784.00
2012/04/06,3.59,3.65,3.55,3.63,5727457,20998316.00
2012/04/09,3.63,3.63,3.55,3.56,2848212,10358209.00
2012/04/10,3.53,3.67,3.50,3.66,5906947,21465956.00
2012/04/11,3.61,3.90,3.58,3.77,14476345,55256724.00
2012/04/12,3.79,3.85,3.73,3.84,11393047,43908304.00
2012/04/13,3.85,3.89,3.80,3.82,12606309,49124124.00
2012/04/16,3.78,3.95,3.76,3.91,13379580,52562088.00
2012/04/17,3.89,3.97,3.73,3.75,9933128,38697952.00
2012/04/18,3.75,3.92,3.74,3.91,10006163,38999556.00
2012/04/19,3.87,3.90,3.82,3.85,7388604,28824928.00
2012/04/20,3.87,4.05,3.79,3.94,20374706,81114960.00
2012/04/23,3.90,3.94,3.80,3.84,12447910,48679008.00
2012/04/24,3.78,3.93,3.73,3.90,13501234,52497012.00
2012/04/25,3.90,4.19,3.85,4.09,37533911,154826112.00
2012/04/26,4.13,4.18,4.01,4.03,23806903,98869104.00
2012/04/27,4.00,4.00,3.87,3.88,15484114,61336624.00
2012/05/02,3.88,3.95,3.82,3.88,12099207,47515252.00
2012/05/03,3.87,3.88,3.78,3.83,9277427,35851024.00
2012/05/04,3.82,3.84,3.79,3.83,6830112,26392032.00
2012/05/07,3.80,3.81,3.72,3.75,8199343,31214152.00
2012/05/08,3.75,3.79,3.71,3.77,5912636,22443046.00
2012/05/09,3.76,3.76,3.67,3.68,5296243,19921374.00
2012/05/11,3.68,3.70,3.62,3.63,4401760,16277574.00
2012/05/14,3.68,3.75,3.67,3.68,6443648,24219864.00
2012/05/15,3.67,3.76,3.64,3.76,6866732,25760810.00
2012/05/16,3.75,3.75,3.68,3.68,3524649,13235946.00
2012/05/17,3.68,3.73,3.67,3.73,3528257,13268356.00
2012/05/18,3.69,3.71,3.57,3.59,5640484,20793872.00
2012/05/21,3.60,3.61,3.52,3.55,3301883,11913741.00
2012/05/22,3.59,3.61,3.57,3.61,3490335,12712713.00
2012/05/23,3.61,3.64,3.55,3.58,3700679,13481972.00
2012/05/24,3.56,3.61,3.54,3.55,3409848,12330415.00
2012/05/25,3.55,3.57,3.53,3.54,2915290,10496961.00
2012/05/28,3.53,3.64,3.45,3.62,5513657,19791668.00
2012/05/29,3.60,3.67,3.60,3.64,5793365,21386636.00
2012/05/30,3.66,3.73,3.63,3.66,5374593,20089460.00
2012/05/31,3.64,3.68,3.60,3.64,3973680,14646043.00
2012/06/01,3.64,3.75,3.64,3.72,7865763,29597460.00
2012/06/04,3.64,3.70,3.54,3.57,5278230,19432676.00
2012/06/05,3.57,3.61,3.52,3.56,3028292,10935774.00
2012/06/06,3.56,3.58,3.47,3.51,3559336,12700346.00
2012/06/07,3.54,3.59,3.48,3.51,2970007,10659747.00
2012/06/08,3.57,3.59,3.49,3.50,3431923,12308455.00
2012/06/11,3.53,3.63,3.49,3.57,4178865,15099023.00
2012/06/12,3.57,3.65,3.54,3.61,4843328,17678152.00
2012/06/13,3.61,3.64,3.58,3.63,4239538,15528542.00
2012/06/14,3.63,3.63,3.54,3.55,4113200,14949707.00
2012/06/15,3.55,3.71,3.53,3.64,9569981,35131148.00
2012/06/18,3.62,3.66,3.61,3.63,3850192,14168514.00
2012/06/19,3.65,3.65,3.57,3.59,2641116,9633130.00
2012/06/20,3.58,3.59,3.54,3.56,2152606,7775693.00
2012/06/21,3.55,3.56,3.50,3.55,2443829,8750737.00
2012/06/25,3.54,3.54,3.43,3.44,2355900,8324566.00
2012/06/26,3.44,3.48,3.34,3.46,3619391,12563414.00
2012/06/27,3.47,3.49,3.40,3.41,2168988,7563126.00
2012/06/28,3.41,3.45,3.34,3.34,2079099,7141117.00
2012/06/29,3.34,3.37,3.29,3.37,2045242,6928432.00
2012/07/02,3.37,3.50,3.37,3.48,9645857,33898500.00
2012/07/03,3.47,3.58,3.41,3.52,10449765,37246084.00
2012/07/04,3.51,3.51,3.43,3.47,2775670,9766624.00
2012/07/05,3.45,3.50,3.40,3.42,2018721,7007404.00
2012/07/06,3.47,3.50,3.43,3.48,3822340,13471507.00
2012/07/09,3.45,3.46,3.32,3.33,3135511,10780922.00
2012/07/10,3.32,3.62,3.21,3.45,13708945,47873056.00
2012/07/11,3.40,3.43,3.37,3.39,2659095,9161123.00
2012/07/12,3.36,3.44,3.36,3.42,1935221,6672962.00
2012/07/13,3.38,3.50,3.38,3.42,2872611,10054597.00
2012/07/16,3.41,3.41,3.27,3.28,2485625,8394696.00
2012/07/17,3.27,3.34,3.25,3.33,1783459,5999801.00
2012/07/18,3.33,3.33,3.25,3.31,2530361,8438432.00
2012/07/19,3.31,3.37,3.28,3.35,2502147,8487468.00
2012/07/20,3.31,3.39,3.30,3.34,2361707,8028570.00
2012/07/23,3.33,3.33,3.26,3.28,1522826,5079191.00
2012/07/24,3.28,3.33,3.24,3.32,1310536,4397834.00
2012/07/25,3.29,3.31,3.27,3.28,1188863,3969077.00
2012/07/26,3.27,3.30,3.21,3.24,2310526,7639492.00
2012/07/27,3.25,3.27,3.21,3.23,1187356,3893950.00
2012/07/30,3.23,3.23,3.13,3.18,2202620,7086507.00
2012/07/31,3.19,3.19,3.11,3.18,1983105,6340206.00
2012/08/01,3.17,3.21,3.14,3.19,2761443,8929634.00
2012/08/02,3.19,3.19,3.10,3.11,2209054,7045616.00
2012/08/03,3.12,3.39,3.08,3.37,11970503,39468880.00
2012/08/06,3.30,3.41,3.28,3.34,20841643,70631264.00
2012/08/07,3.30,3.32,3.23,3.30,11668743,38789240.00
2012/08/08,3.29,3.31,3.25,3.27,4463561,14845533.00
2012/08/09,3.26,3.33,3.25,3.30,6791839,22680540.00
2012/08/10,3.27,3.28,3.19,3.20,6521383,21395672.00
2012/08/13,3.19,3.19,3.13,3.14,3547584,11356798.00
2012/08/14,3.14,3.18,3.11,3.18,2664151,8518000.00
2012/08/15,3.16,3.17,3.11,3.12,2107962,6713219.00
2012/08/16,3.12,3.14,3.10,3.11,2049600,6492930.00
2012/08/17,3.13,3.14,3.10,3.14,1516105,4813799.00
2012/08/20,3.12,3.12,3.08,3.11,1986024,6242482.00
2012/08/21,3.11,3.15,3.11,3.14,2464628,7855314.00
2012/08/22,3.12,3.17,3.10,3.12,2341790,7458051.00
2012/08/23,3.12,3.15,3.11,3.15,1889812,6015544.00
2012/08/24,3.14,3.15,3.09,3.09,2165712,6868114.00
2012/08/27,3.08,3.09,3.04,3.04,2299627,7145626.00
2012/08/28,3.04,3.07,3.02,3.04,1602106,4950169.00
2012/08/29,3.05,3.05,2.98,2.99,2205698,6755242.00
2012/08/30,2.99,3.01,2.93,2.95,2028941,6111585.00
2012/08/31,2.95,2.97,2.93,2.95,1805123,5417015.00
2012/09/03,2.95,3.01,2.93,3.00,2219859,6747504.00
2012/09/04,3.01,3.01,2.94,2.94,1847561,5592387.00
2012/09/05,2.93,2.98,2.93,2.96,1382727,4157592.00
2012/09/06,2.96,2.98,2.95,2.97,1316944,3969081.00
2012/09/07,2.99,3.10,2.98,3.07,5171012,16025928.00
2012/09/10,3.06,3.15,3.06,3.08,3351837,10521697.00
2012/09/11,3.07,3.07,3.03,3.05,2511402,7783567.00
2012/09/12,3.05,3.09,3.04,3.07,2759699,8592241.00
2012/09/13,3.07,3.07,3.01,3.02,2698750,8344752.00
2012/09/14,3.03,3.07,3.00,3.04,2672741,8257092.00
2012/09/17,3.03,3.08,2.98,2.99,3123689,9614457.00
2012/09/18,2.99,2.99,2.96,2.97,1529912,4621025.00
2012/09/19,2.96,3.01,2.96,2.99,1286166,3893592.00
2012/09/20,2.98,2.98,2.89,2.89,2202945,6605730.00
2012/09/21,2.90,2.93,2.87,2.88,1518278,4475120.00
2012/09/24,2.88,2.90,2.85,2.89,1239901,3631190.00
2012/09/25,2.87,2.90,2.86,2.87,1362404,3988100.00
2012/09/26,2.85,2.88,2.78,2.79,1492411,4289869.00
2012/09/27,2.78,2.86,2.75,2.84,2105402,6053356.00
2012/09/28,2.84,2.90,2.82,2.87,2234964,6520626.00
2012/10/08,2.88,2.89,2.84,2.85,1473469,4295068.00
2012/10/09,2.87,2.91,2.86,2.91,2361246,6955838.00
2012/10/10,2.91,2.97,2.89,2.96,3240731,9673694.00
2012/10/11,2.94,3.08,2.92,2.93,4606955,14021656.00
2012/10/12,2.93,2.98,2.91,2.96,2260064,6770558.00
2012/10/15,2.95,2.96,2.90,2.92,1419502,4220407.00
2012/10/16,2.93,2.95,2.91,2.92,1564773,4665855.00
2012/10/17,2.93,2.93,2.89,2.92,1249626,3695559.00
2012/10/18,2.93,3.03,2.92,3.00,7554607,23036544.00
2012/10/19,3.00,3.04,2.97,2.99,4261422,13025824.00
2012/10/22,2.98,3.04,2.96,3.01,3517441,10726765.00
2012/10/23,3.00,3.32,2.99,3.15,24643408,80651832.00
2012/10/24,3.09,3.11,3.03,3.06,13648467,42505304.00
2012/10/25,3.07,3.10,3.00,3.01,6754599,20949524.00
2012/10/26,3.01,3.02,2.95,2.96,4406870,13350604.00
2012/10/29,2.95,2.96,2.90,2.94,2311606,6883024.00
2012/10/30,2.94,3.02,2.92,2.97,2919330,8851171.00
2012/10/31,2.96,2.98,2.93,2.96,2137213,6414266.00
2012/11/01,2.96,3.12,2.96,3.09,10612272,33078566.00
2012/11/02,3.05,3.22,3.05,3.18,14858496,47509368.00
2012/11/05,3.15,3.20,3.10,3.14,6676979,21270690.00
2012/11/06,3.12,3.15,2.99,3.06,7618515,23603220.00
2012/11/07,3.07,3.09,3.02,3.03,2781411,8614470.00
2012/11/08,3.01,3.08,2.96,2.97,4446116,13670669.00
2012/11/09,2.97,3.01,2.96,2.98,2568469,7789799.00
2012/11/12,2.97,3.05,2.97,3.05,2807148,8601492.00
2012/11/13,3.05,3.05,2.92,2.94,3929201,11861770.00
2012/11/14,2.94,2.94,2.88,2.91,2320038,6873412.00
2012/11/15,2.87,2.95,2.85,2.86,2291722,6745692.00
2012/11/16,2.85,2.87,2.83,2.86,1988657,5768942.00
2012/11/19,2.85,2.88,2.83,2.87,1351333,3923000.00
2012/11/20,2.89,2.92,2.87,2.88,2289808,6738330.00
2012/11/21,2.86,2.95,2.85,2.94,2262673,6695823.00
2012/11/22,2.93,2.93,2.87,2.89,1907800,5627027.00
2012/11/23,2.89,2.92,2.88,2.89,1400226,4130634.00
2012/11/26,2.90,2.91,2.86,2.87,1317204,3861732.00
2012/11/27,2.86,2.86,2.76,2.77,1985751,5670048.00
2012/11/28,2.77,2.77,2.68,2.70,1677376,4634597.00
2012/11/29,2.71,2.74,2.69,2.70,1289007,3567289.00
2012/11/30,2.70,2.82,2.68,2.79,2757840,7798547.00
2012/12/03,2.77,2.83,2.74,2.76,2485078,7041519.00
2012/12/04,2.73,2.79,2.68,2.79,1963238,5472328.00
2012/12/05,2.79,2.91,2.78,2.88,4374387,12720539.00
2012/12/06,2.87,2.89,2.85,2.88,3076134,8989408.00
2012/12/07,2.88,2.95,2.86,2.92,5457481,16108430.00
2012/12/10,2.92,2.95,2.90,2.93,4496578,13368458.00
2012/12/11,2.92,2.97,2.89,2.92,5242831,15628998.00
2012/12/12,2.91,2.93,2.85,2.90,4110455,12062561.00
2012/12/13,2.90,2.94,2.86,2.89,3798263,11225198.00
2012/12/14,2.87,3.00,2.87,2.99,8336654,25144860.00
2012/12/17,3.00,3.05,2.97,3.00,6757858,20655956.00
2012/12/18,2.99,3.03,2.95,2.97,6512869,19831516.00
2012/12/19,2.97,3.00,2.95,2.97,4738704,14337089.00
2012/12/20,2.97,2.98,2.92,2.97,3588991,10770946.00
2012/12/21,2.97,2.99,2.92,2.95,4328010,12984962.00
2012/12/24,2.94,2.97,2.92,2.95,2634899,7905801.00
2012/12/25,2.94,3.06,2.93,3.02,9279817,28535664.00
2012/12/26,3.02,3.13,3.01,3.08,10419811,32607536.00
2012/12/27,3.08,3.15,3.04,3.05,6697736,20998836.00
2012/12/28,3.04,3.33,3.04,3.15,13362127,43242280.00
2012/12/31,3.14,3.27,3.14,3.24,13865036,45439932.00
2013/01/04,3.25,3.39,3.21,3.33,16279119,54338440.00
2013/01/07,3.27,3.35,3.24,3.27,8795198,29232020.00
2013/01/08,3.32,3.34,3.23,3.27,10382814,34565920.00
2013/01/09,3.25,3.27,3.18,3.23,6836681,22418850.00
2013/01/10,3.23,3.31,3.20,3.26,8519092,28268616.00
2013/01/11,3.27,3.27,3.11,3.14,8081940,26130764.00
2013/01/14,3.13,3.24,3.12,3.23,5264127,17101516.00
2013/01/15,3.23,3.31,3.22,3.26,5314101,17604570.00
2013/01/16,3.26,3.26,3.16,3.21,5371670,17552712.00
2013/01/17,3.21,3.25,3.17,3.19,3766818,12258502.00
2013/01/18,3.18,3.27,3.17,3.26,5590020,18366904.00
2013/01/21,3.26,3.31,3.25,3.27,5421687,18036672.00
2013/01/22,3.27,3.27,3.18,3.21,4668405,15320263.00
2013/01/23,3.20,3.25,3.18,3.22,3864613,12605615.00
2013/01/24,3.22,3.24,3.10,3.13,6279153,20257916.00
2013/01/25,3.13,3.13,3.07,3.12,2337522,7369337.00
2013/01/28,3.09,3.18,3.08,3.17,5559507,17759496.00
2013/01/29,3.17,3.27,3.15,3.20,6112668,19953712.00
2013/01/30,3.22,3.22,3.17,3.21,4105024,13314120.00
2013/01/31,3.20,3.20,3.11,3.13,4531345,14500349.00
2013/02/01,3.12,3.15,3.10,3.15,3328160,10580195.00
2013/02/04,3.15,3.16,3.08,3.10,4226109,13359504.00
2013/02/05,3.11,3.21,3.08,3.20,5722149,18349188.00
2013/02/06,3.19,3.19,3.14,3.16,3217970,10326883.00
2013/02/07,3.16,3.17,3.13,3.17,1996521,6394216.00
2013/02/08,3.15,3.20,3.14,3.18,2919080,9400381.00
2013/02/18,3.18,3.21,3.17,3.19,3043272,9859092.00
2013/02/19,3.17,3.19,3.11,3.12,3032797,9673022.00
2013/02/20,3.13,3.15,3.10,3.15,3409444,10831076.00
2013/02/21,3.13,3.15,3.06,3.09,4132140,13002758.00
2013/02/22,3.08,3.16,3.07,3.10,3427464,10838998.00
2013/02/25,3.09,3.11,3.06,3.10,2534363,7921852.00
2013/02/26,3.07,3.09,3.01,3.02,2992658,9281034.00
2013/02/27,3.00,3.05,3.00,3.03,1937811,5966298.00
2013/02/28,3.03,3.09,3.02,3.09,3947666,12326197.00
2013/03/01,3.09,3.09,3.04,3.07,3078727,9571085.00
2013/03/04,3.00,3.01,2.80,2.83,8310606,24416524.00
2013/03/05,2.83,2.88,2.82,2.87,3171166,9209403.00
2013/03/06,2.87,2.90,2.85,2.89,3685674,10792619.00
2013/03/07,2.89,2.93,2.86,2.89,4250507,12518022.00
2013/03/08,2.89,2.91,2.87,2.87,1919149,5622970.00
2013/03/11,2.87,2.89,2.85,2.89,1542215,4514190.00
2013/03/12,2.89,2.91,2.81,2.85,3027761,8808899.00
2013/03/13,2.85,2.85,2.81,2.82,2036233,5852755.00
2013/03/14,2.80,2.83,2.80,2.81,1536190,4402073.00
2013/03/15,2.82,2.83,2.76,2.80,2426375,6899774.00
2013/03/18,2.80,2.81,2.76,2.76,1717450,4865474.00
2013/03/19,2.76,2.81,2.76,2.81,2036582,5782478.00
2013/03/20,2.81,2.87,2.78,2.87,4381590,12674353.00
2013/03/21,2.86,2.88,2.84,2.86,2862465,8337269.00
2013/03/22,2.85,2.88,2.84,2.88,1604845,4675770.00
2013/03/25,2.87,2.89,2.85,2.88,1927128,5627448.00
2013/03/26,2.88,2.91,2.84,2.87,2703271,7884248.00
2013/03/27,2.85,2.88,2.82,2.85,2512851,7288413.00
2013/03/28,2.84,2.84,2.76,2.77,2484100,7016896.00
2013/03/29,2.77,2.80,2.72,2.74,2221865,6260983.00
2013/04/01,2.76,2.85,2.75,2.79,2385837,6811773.00
2013/04/02,2.79,2.82,2.77,2.78,1930611,5488477.00
2013/04/03,2.80,2.80,2.75,2.78,1318267,3721594.00
2013/04/08,2.71,2.76,2.70,2.75,1730679,4799986.00
2013/04/09,2.75,2.77,2.73,2.76,1619199,4545180.00
2013/04/10,2.76,2.81,2.75,2.79,3338470,9462043.00
2013/04/11,2.79,2.81,2.77,2.79,1375405,3897692.00
2013/04/12,2.79,2.79,2.75,2.75,1130317,3175171.00
2013/04/15,2.74,2.75,2.69,2.75,2863552,7940959.00
2013/04/16,2.72,2.80,2.70,2.79,2246864,6331598.00
2013/04/17,2.87,3.06,2.87,2.92,19692954,59177468.00
2013/04/18,2.85,2.90,2.82,2.86,8345513,24251540.00
2013/04/19,2.84,2.89,2.84,2.88,6022964,17591512.00
2013/04/22,2.87,2.88,2.82,2.85,3938792,11396183.00
2013/04/23,2.85,2.86,2.75,2.78,4578193,13088630.00
2013/04/24,2.77,2.81,2.76,2.79,3067943,8687790.00
2013/04/25,2.79,2.79,2.74,2.74,2625885,7380780.00
2013/04/26,2.74,2.77,2.73,2.76,1635880,4574267.00
2013/05/02,2.74,2.78,2.74,2.77,1597962,4496158.00
2013/05/03,2.77,2.82,2.77,2.79,3069111,8736041.00
2013/05/06,2.80,2.82,2.78,2.82,2848762,8116773.00
2013/05/07,2.82,2.84,2.80,2.82,2709301,7779409.00
2013/05/08,2.82,2.84,2.80,2.82,3194644,9170064.00
2013/05/09,2.83,2.83,2.79,2.80,2214840,6320382.00
2013/05/10,2.80,2.83,2.78,2.81,1834493,5246013.00
2013/05/13,2.81,2.82,2.78,2.79,1873702,5332110.00
2013/05/14,2.78,2.80,2.76,2.78,1447911,4091458.00
2013/05/15,2.78,2.79,2.76,2.78,1351059,3812460.00
2013/05/16,2.78,2.86,2.77,2.85,4834861,13908657.00
2013/05/17,2.85,2.93,2.82,2.89,6856096,20138236.00
2013/05/20,2.89,2.92,2.86,2.88,6646294,19515668.00
2013/05/21,2.89,2.90,2.86,2.89,4344761,12711637.00
2013/05/22,2.89,2.95,2.87,2.92,6763079,20057472.00
2013/05/23,2.93,2.94,2.88,2.89,3713781,11005236.00
2013/05/24,2.89,2.98,2.89,2.97,12946130,38705544.00
2013/05/27,3.07,3.08,2.98,3.03,16630585,51149256.00
2013/05/28,3.01,3.03,2.96,3.03,7568505,23036584.00
2013/05/29,3.02,3.04,2.99,3.00,5641933,17287696.00
2013/05/30,3.00,3.00,2.97,2.98,3513624,10657343.00
2013/05/31,2.98,2.99,2.92,2.93,4070900,12229542.00
2013/06/03,2.92,2.98,2.90,2.93,3021872,9067424.00
2013/06/04,2.94,2.95,2.87,2.89,2912711,8611433.00
2013/06/05,2.89,2.91,2.87,2.89,2093973,6151759.00
2013/06/06,2.89,2.90,2.84,2.84,2208059,6417931.00
2013/06/07,2.85,2.88,2.80,2.81,2421779,6994238.00
2013/06/13,2.81,2.81,2.68,2.77,3416992,9543976.00
2013/06/14,2.80,2.80,2.75,2.76,1953969,5523822.00
2013/06/17,2.76,2.79,2.72,2.73,2205715,6150329.00
2013/06/18,2.73,2.76,2.72,2.76,1056116,2948160.00
2013/06/19,2.75,2.75,2.71,2.75,1191690,3307487.00
2013/06/20,2.74,2.77,2.69,2.70,1557139,4338535.00
2013/06/21,2.68,2.72,2.67,2.71,1453420,3989140.00
2013/06/24,2.71,2.71,2.51,2.57,2695400,7180416.00
2013/06/25,2.56,2.57,2.33,2.48,3092084,7758092.00
2013/06/26,2.48,2.51,2.44,2.47,3217358,8093428.00
2013/06/27,2.47,2.50,2.44,2.45,2925543,7380099.00
2013/06/28,2.46,2.56,2.42,2.50,3106501,7943936.00
2013/07/01,2.49,2.50,2.44,2.50,2585024,6505129.00
2013/07/02,2.48,2.50,2.45,2.48,2101785,5295646.00
2013/07/03,2.48,2.48,2.42,2.44,1623794,4052208.00
2013/07/04,2.44,2.49,2.41,2.47,1850031,4655354.00
2013/07/05,2.49,2.55,2.49,2.50,2442784,6255794.00
2013/07/08,2.48,2.48,2.41,2.41,1931406,4804706.00
2013/07/09,2.42,2.44,2.39,2.41,1221096,3010740.00
2013/07/10,2.41,2.48,2.40,2.47,1844393,4617642.00
2013/07/11,2.47,2.58,2.47,2.55,4974878,12838741.00
2013/07/12,2.56,2.56,2.49,2.51,2545067,6549178.00
2013/07/15,2.50,2.55,2.49,2.53,1622703,4167150.00
2013/07/16,2.53,2.54,2.50,2.53,1962605,5042315.00
2013/07/17,2.53,2.74,2.51,2.62,11542855,31113336.00
2013/07/18,2.59,2.60,2.51,2.54,6286981,16382681.00
2013/07/19,2.54,2.57,2.46,2.47,3230350,8279798.00
2013/07/22,2.46,2.48,2.43,2.47,2699230,6765375.00
2013/07/23,2.47,2.57,2.46,2.53,4299429,11108227.00
2013/07/24,2.51,2.52,2.47,2.50,3092784,7872339.00
2013/07/25,2.50,2.52,2.47,2.49,1663061,4235826.00
2013/07/26,2.48,2.50,2.43,2.48,2637613,6613250.00
2013/07/29,2.44,2.46,2.43,2.44,1427200,3555305.00
2013/07/30,2.44,2.48,2.43,2.46,1393746,3499141.00
2013/07/31,2.50,2.57,2.48,2.48,2589450,6640773.00
2013/08/01,2.47,2.53,2.47,2.52,2310183,5902797.00
2013/08/02,2.54,2.58,2.53,2.55,3748434,9736486.00
2013/08/05,2.55,2.55,2.51,2.53,2191392,5666442.00
2013/08/06,2.55,2.56,2.52,2.56,2889199,7498239.00
2013/08/07,2.57,2.61,2.56,2.57,4550062,11987486.00
2013/08/08,2.56,2.57,2.54,2.57,2937310,7656028.00
2013/08/09,2.58,2.61,2.52,2.59,4382394,11497234.00
2013/08/12,2.58,2.64,2.57,2.62,4028913,10734876.00
2013/08/13,2.63,2.67,2.61,2.64,3132993,8410245.00
2013/08/14,2.63,2.67,2.62,2.63,3867794,10425207.00
2013/08/15,2.63,2.63,2.57,2.58,3888203,10301186.00
2013/08/16,2.57,2.65,2.55,2.58,4545184,11997902.00
2013/08/19,2.56,2.59,2.50,2.59,2092681,5458300.00
2013/08/20,2.58,2.59,2.54,2.55,1908609,4989582.00
2013/08/21,2.55,2.59,2.54,2.57,1775294,4634196.00
2013/08/22,2.57,2.65,2.55,2.59,4067817,10783284.00
2013/08/23,2.59,2.59,2.52,2.56,3133048,8167264.00
2013/08/26,2.55,2.61,2.54,2.60,3470700,9137370.00
2013/08/27,2.59,2.64,2.59,2.62,3265137,8707900.00
2013/08/28,2.62,2.65,2.59,2.63,4948383,13238292.00
2013/08/29,2.62,2.72,2.62,2.70,7982648,21790488.00
2013/08/30,2.70,2.77,2.67,2.70,7887794,21839572.00
2013/09/02,2.72,2.72,2.61,2.67,5313461,14347150.00
2013/09/03,2.66,2.71,2.63,2.71,5177464,14172096.00
2013/09/04,2.73,2.73,2.68,2.69,3412282,9403022.00
2013/09/05,2.69,2.69,2.64,2.65,3263630,8856787.00
2013/09/06,2.64,2.71,2.64,2.71,3572173,9746181.00
2013/09/09,2.71,2.79,2.68,2.75,7365131,20501632.00
2013/09/10,2.75,2.80,2.72,2.77,5786913,16252330.00
2013/09/11,2.77,2.84,2.75,2.81,7786144,22196852.00
2013/09/12,2.81,2.83,2.77,2.82,4997660,14249544.00
2013/09/13,2.82,2.90,2.77,2.80,6774900,19519136.00
2013/09/16,2.78,2.80,2.75,2.76,3632189,10245865.00
2013/09/17,2.76,2.78,2.69,2.70,3480663,9669377.00
2013/09/18,2.70,2.73,2.69,2.71,2171670,5989136.00
2013/09/23,2.72,2.78,2.71,2.77,2986203,8359182.00
2013/09/24,2.78,2.82,2.73,2.77,4000373,11261343.00
2013/09/25,2.75,2.78,2.72,2.74,3376719,9431818.00
2013/09/26,2.73,2.73,2.64,2.65,3024299,8280155.00
2013/09/27,2.64,2.69,2.64,2.68,1256203,3407178.00
2013/09/30,2.67,2.75,2.66,2.71,2557990,7086838.00
2013/10/08,2.71,2.78,2.68,2.76,3605296,10071603.00
2013/10/09,2.76,2.78,2.74,2.76,2763851,7774918.00
2013/10/10,2.76,2.82,2.75,2.77,4359720,12345612.00
2013/10/11,2.77,2.81,2.74,2.80,5847938,16508006.00
2013/10/14,2.79,2.81,2.77,2.78,5124101,14539624.00
2013/10/15,2.87,2.94,2.82,2.85,17050667,49937320.00
2013/10/16,2.82,2.83,2.72,2.73,7883764,22188592.00
2013/10/17,2.75,2.77,2.72,2.74,3704783,10358637.00
2013/10/18,2.74,2.76,2.73,2.75,2022166,5644629.00
2013/10/21,2.75,2.78,2.73,2.78,3304010,9278242.00
2013/10/22,2.76,2.77,2.75,2.76,2636880,7399065.00
2013/10/23,2.76,2.79,2.71,2.73,3416589,9587890.00
2013/10/24,2.74,2.75,2.68,2.70,2771377,7645269.00
2013/10/25,2.70,2.81,2.66,2.79,10390542,29174998.00
2013/10/28,2.80,2.82,2.73,2.74,11507539,32511616.00
2013/10/29,2.72,3.02,2.71,3.02,58486395,177848064.00
2013/10/30,3.00,3.03,2.92,2.97,33245963,100753592.00
2013/10/31,3.01,3.19,2.96,3.12,37471737,118067360.00
2013/11/01,3.06,3.13,3.00,3.05,18612461,58016216.00
2013/11/04,3.06,3.10,2.97,3.08,14624064,45113048.00
2013/11/05,3.06,3.06,2.99,3.05,9305935,28648456.00
2013/11/06,3.00,3.07,2.98,3.01,11363796,34914256.00
2013/11/07,3.01,3.02,2.86,2.88,19248551,57175880.00
2013/11/08,2.88,2.94,2.87,2.90,8946343,26426624.00
2013/11/11,2.89,2.94,2.83,2.90,6713564,19681188.00
2013/11/12,2.90,2.93,2.86,2.93,6158352,18197456.00
2013/11/13,2.90,2.93,2.81,2.83,8584083,25015358.00
2013/11/14,2.82,2.85,2.78,2.83,6574034,18803868.00
2013/11/15,2.83,2.90,2.80,2.88,8009848,23395188.00
2013/11/18,2.90,2.95,2.86,2.94,9796801,29071670.00
2013/11/19,2.95,2.99,2.91,2.97,8300871,24874636.00
2013/11/20,2.97,3.00,2.93,2.97,5936648,17868616.00
2013/11/21,2.97,2.97,2.91,2.92,5882558,17492944.00
2013/11/22,2.92,2.94,2.87,2.88,5252815,15471042.00
2013/11/25,2.86,2.90,2.84,2.88,4428996,12935101.00
2013/11/26,2.88,2.90,2.86,2.88,4721896,13855762.00
2013/11/27,2.87,2.90,2.86,2.90,3487027,10234428.00
2013/11/28,2.89,2.95,2.88,2.92,7599795,22592016.00
2013/11/29,2.93,2.94,2.89,2.91,4935799,14620892.00
2013/12/02,2.89,2.89,2.78,2.81,8271639,23856176.00
2013/12/03,2.83,2.89,2.80,2.89,4157718,12077996.00
2013/12/04,2.88,2.99,2.88,2.94,10461839,31339732.00
2013/12/05,2.94,2.97,2.93,2.95,5407872,16205101.00
2013/12/06,2.94,3.00,2.92,2.97,6455387,19488536.00
2013/12/09,2.97,2.99,2.88,2.93,7494584,22319612.00
2013/12/10,2.92,3.03,2.86,3.01,23830309,71267784.00
2013/12/11,2.94,2.97,2.92,2.94,10671872,31938898.00
2013/12/12,2.93,2.95,2.91,2.91,4458225,13269642.00
2013/12/13,2.92,2.95,2.88,2.94,5053216,15048783.00
2013/12/16,2.94,2.95,2.89,2.90,3965557,11765071.00
2013/12/17,2.90,2.91,2.86,2.87,3385100,9927540.00
2013/12/18,2.86,2.89,2.86,2.86,2252550,6586680.00
2013/12/19,2.87,2.89,2.83,2.85,2285201,6651449.00
2013/12/20,2.88,2.88,2.81,2.82,2827441,8141847.00
2013/12/23,2.82,2.83,2.74,2.77,3607867,10191830.00
2013/12/24,2.77,2.81,2.75,2.77,2427905,6873008.00
2013/12/25,2.77,2.80,2.75,2.80,1873123,5296387.00
2013/12/26,2.80,2.81,2.73,2.73,2737257,7701567.00
2013/12/27,2.74,2.80,2.72,2.78,4720027,13225786.00
2013/12/30,2.78,2.78,2.75,2.77,2725463,7672435.00
2013/12/31,2.75,2.81,2.75,2.80,3036306,8614593.00
2014/01/02,2.80,2.81,2.77,2.79,2449041,6950347.00
2014/01/03,2.78,2.79,2.74,2.76,1796516,5048923.00
2014/01/06,2.76,2.76,2.67,2.67,2791656,7667859.00
2014/01/07,2.67,2.69,2.65,2.68,2035251,5522657.00
2014/01/08,2.69,2.70,2.61,2.62,2668117,7196210.00
2014/01/09,2.62,2.65,2.60,2.62,1997109,5352238.00
2014/01/10,2.61,2.61,2.54,2.54,2453037,6414253.00
2014/01/13,2.54,2.58,2.53,2.55,2094051,5457588.00
2014/01/14,2.55,2.60,2.50,2.60,2718440,7101717.00
2014/01/15,2.59,2.60,2.56,2.60,1578621,4161748.00
2014/01/16,2.60,2.63,2.58,2.61,2293164,6098564.00
2014/01/17,2.61,2.63,2.57,2.57,1806788,4773845.00
2014/01/20,2.57,2.60,2.56,2.58,1765476,4646977.00
2014/01/21,2.57,2.63,2.57,2.63,2698315,7183418.00
2014/01/22,2.63,2.81,2.60,2.78,9689893,27038248.00
2014/01/23,2.75,2.77,2.70,2.73,5176310,14393973.00
2014/01/24,2.71,2.90,2.71,2.85,13552389,39360512.00
2014/01/27,2.81,2.88,2.75,2.85,5089527,14634072.00
2014/01/28,2.86,2.88,2.80,2.81,4148040,11967672.00
2014/01/29,2.81,2.84,2.79,2.81,2340451,6699213.00
2014/01/30,2.81,2.83,2.77,2.79,2167378,6153681.00
2014/02/07,2.79,2.79,2.75,2.79,2377707,6692520.00
2014/02/10,2.77,2.85,2.77,2.85,4584972,13211593.00
2014/02/11,2.84,2.89,2.82,2.85,5411170,15755828.00
2014/02/12,2.86,2.87,2.83,2.86,5917471,17190904.00
2014/02/13,2.86,2.86,2.81,2.81,3712049,10730062.00
2014/02/14,2.80,2.98,2.78,2.91,12456752,36358640.00
2014/02/17,2.89,2.96,2.86,2.93,11138888,33062510.00
2014/02/18,2.92,2.99,2.89,2.92,9510650,28459796.00
2014/02/19,2.91,2.97,2.89,2.97,8869269,26521356.00
2014/02/20,2.97,2.98,2.89,2.90,5586798,16601738.00
2014/02/21,2.90,2.91,2.84,2.87,4451372,13037862.00
2014/02/24,2.85,2.86,2.70,2.73,7405660,20780828.00
2014/02/25,2.73,2.75,2.69,2.70,4835242,13384342.00
2014/02/26,2.70,2.74,2.68,2.74,3092850,8570575.00
2014/02/27,2.73,2.78,2.72,2.74,3390550,9499225.00
2014/02/28,2.75,2.79,2.72,2.78,2990843,8400167.00
2014/03/03,2.79,2.81,2.76,2.81,4927146,13996523.00
2014/03/04,2.81,2.81,2.76,2.80,3618090,10265734.00
2014/03/05,2.80,2.83,2.77,2.81,3907110,11131699.00
2014/03/06,2.80,2.90,2.75,2.88,7646583,22074010.00
2014/03/07,2.85,2.88,2.82,2.84,4341050,12588595.00
2014/03/10,2.80,2.81,2.73,2.75,3596215,10145473.00
2014/03/11,2.75,2.81,2.73,2.77,3183236,8983856.00
2014/03/12,2.75,3.05,2.75,3.05,52072720,160570624.00
2014/03/13,3.05,3.09,2.95,3.00,35520696,108468320.00
2014/03/14,2.96,2.96,2.79,2.86,26131524,76394608.00
2014/03/17,2.84,2.92,2.83,2.90,15620463,45815408.00
2014/03/18,2.88,2.93,2.84,2.91,12035333,35313952.00
2014/03/19,2.88,2.98,2.84,2.97,17572233,52184568.00
2014/03/20,2.97,3.04,2.91,2.91,18402255,55994920.00
2014/03/21,2.88,3.21,2.85,3.21,33668601,108008464.00
2014/03/24,3.54,3.54,3.54,3.54,13125806,47121644.00
2014/03/25,3.90,3.90,3.90,3.90,7157277,28271244.00
2014/03/26,4.23,4.23,3.73,3.81,107895898,427060480.00
2014/03/27,3.73,4.10,3.63,3.84,102529539,403056864.00
2014/03/28,3.74,3.94,3.59,3.64,60543818,230550672.00
2014/03/31,3.60,3.68,3.44,3.51,38027604,136472288.00
2014/04/01,3.50,3.71,3.40,3.61,43397178,156503088.00
2014/04/02,3.59,3.98,3.56,3.98,61018276,236174224.00
2014/04/03,3.96,3.97,3.69,3.77,68128281,262997008.00
2014/04/04,3.72,3.93,3.65,3.78,50379802,193530864.00
2014/04/08,3.68,3.71,3.57,3.69,33510565,124014592.00
2014/04/09,3.66,3.75,3.61,3.67,22880751,85120112.00
2014/04/10,3.68,3.69,3.52,3.57,33753011,122668728.00
2014/04/11,3.57,3.59,3.49,3.54,23335804,83587376.00
2014/04/14,3.53,3.61,3.46,3.59,22065858,79461688.00
2014/04/15,3.60,3.61,3.46,3.47,18081603,64293272.00
2014/04/16,3.48,3.55,3.46,3.48,13370303,47345532.00
2014/04/17,3.49,3.50,3.39,3.39,15111211,52582976.00
2014/04/18,3.39,3.43,3.36,3.39,9710403,33521792.00
2014/04/21,3.37,3.42,3.26,3.27,11737601,39810344.00
2014/04/22,3.28,3.34,3.24,3.33,12943832,43178812.00
2014/04/23,3.31,3.32,3.23,3.25,8959015,29792178.00
2014/04/24,3.24,3.37,3.23,3.27,15716936,52897724.00
2014/04/25,3.22,3.31,3.16,3.17,13537684,44360612.00
2014/04/28,3.15,3.15,2.94,2.95,15650483,48133428.00
2014/04/29,2.94,3.01,2.91,3.01,10100110,30385430.00
2014/04/30,2.99,3.11,2.97,3.05,12390174,38283832.00
2014/05/05,3.03,3.03,2.94,3.01,10819362,32721568.00
2014/05/06,2.99,3.05,2.98,3.03,7809845,23967538.00
2014/05/07,3.03,3.04,2.95,2.97,6301469,19154532.00
2014/05/08,2.95,3.18,2.94,3.07,23385753,73508160.00
2014/05/09,3.03,3.04,2.95,2.99,12739965,38672512.00
2014/05/12,3.01,3.07,2.97,3.06,11218716,34589592.00
2014/05/13,3.05,3.12,3.03,3.09,10810266,33787564.00
2014/05/14,3.15,3.24,3.08,3.08,14517380,46289452.00
2014/05/15,3.03,3.05,2.96,2.97,11928662,36345248.00
2014/05/16,2.97,3.00,2.96,2.99,5068628,15353493.00
2014/05/19,2.99,2.99,2.95,2.97,3997544,12037799.00
2014/05/20,2.97,3.00,2.95,2.97,5035398,15227388.00
2014/05/21,2.97,2.98,2.89,2.97,5361701,16070459.00
2014/05/22,2.96,3.01,2.94,2.98,7985736,24250772.00
2014/05/23,2.99,3.14,2.97,3.05,16317880,50647004.00
2014/05/26,3.01,3.03,2.99,3.02,8485739,25980030.00
2014/05/27,3.01,3.04,3.00,3.00,6315135,19403044.00
2014/05/28,3.00,3.03,2.97,3.01,6428034,19621488.00
2014/05/29,3.03,3.04,2.97,2.98,4452608,13585527.00
2014/05/30,2.98,2.99,2.94,2.97,5853611,17619660.00
2014/06/03,2.98,3.02,2.95,2.99,5640038,17146880.00
2014/06/04,2.97,2.98,2.93,2.93,4268691,12790860.00
2014/06/05,2.94,2.97,2.92,2.97,4263770,12788361.00
2014/06/06,2.97,2.99,2.94,2.98,5070220,15288056.00
2014/06/09,2.96,3.02,2.94,2.97,5153251,15660023.00
2014/06/10,2.96,3.00,2.96,2.98,4064955,12327528.00
2014/06/11,2.98,3.08,2.98,3.04,14504452,44782728.00
2014/06/12,3.03,3.06,3.01,3.04,5864671,18067172.00
2014/06/13,3.04,3.08,3.03,3.07,6818828,21172284.00
2014/06/16,3.13,3.26,3.04,3.06,31558620,100619376.00
2014/06/17,3.03,3.05,2.98,3.01,12521750,38326708.00
2014/06/18,3.00,3.01,2.96,2.97,6312371,19156322.00
2014/06/19,2.97,2.99,2.88,2.90,7794044,23285374.00
2014/06/20,2.89,2.92,2.88,2.91,4554762,13423351.00
2014/06/23,2.91,2.94,2.90,2.92,3971922,11800513.00
2014/06/24,2.91,2.94,2.91,2.93,3225078,9595808.00
2014/06/25,2.93,2.97,2.91,2.94,3711856,11072000.00
2014/06/26,2.94,2.98,2.92,2.97,4009931,12069503.00
2014/06/27,2.99,3.00,2.96,2.99,4676928,14168813.00
2014/06/30,2.98,3.02,2.97,3.01,4865685,14820091.00
2014/07/01,3.00,3.03,2.97,3.03,7272010,22198784.00
2014/07/02,3.01,3.15,3.01,3.03,25333532,78799112.00
2014/07/03,3.00,3.07,2.98,3.05,12970581,39964204.00
2014/07/04,3.05,3.05,3.01,3.04,6160789,18955846.00
2014/07/07,3.03,3.08,3.02,3.06,7662153,23794344.00
2014/07/08,3.06,3.06,3.00,3.03,6213042,19070720.00
2014/07/09,3.02,3.03,2.95,2.96,7303571,22223680.00
2014/07/10,2.96,3.00,2.95,2.98,4085216,12375529.00
2014/07/11,3.00,3.01,2.98,3.01,3762566,11469825.00
2014/07/14,3.01,3.06,2.99,3.06,7551970,23301836.00
2014/07/15,3.05,3.07,3.03,3.06,7115478,22041406.00
2014/07/16,3.06,3.10,3.05,3.08,10256701,32076560.00
2014/07/17,3.07,3.10,3.04,3.05,6993058,21784712.00
2014/07/18,3.04,3.13,3.04,3.10,15302524,48252864.00
2014/07/21,3.07,3.15,3.07,3.10,11255866,35574984.00
2014/07/22,3.08,3.17,3.08,3.15,14017913,44682692.00
2014/07/23,3.16,3.23,3.13,3.21,19230806,62394340.00
2014/07/24,3.22,3.54,3.19,3.42,59685992,208565280.00
2014/07/25,3.33,3.38,3.26,3.36,29341427,98918448.00
2014/07/28,3.36,3.45,3.31,3.37,28503408,97206240.00
2014/07/29,3.35,3.40,3.29,3.33,23283989,78731720.00
2014/07/30,3.31,3.34,3.27,3.27,15646548,52334112.00
2014/07/31,3.28,3.36,3.27,3.35,14627775,49318900.00
2014/08/01,3.35,3.39,3.27,3.27,15633472,52616248.00
2014/08/04,3.27,3.37,3.26,3.36,15271734,51535008.00
2014/08/05,3.34,3.36,3.31,3.36,12547461,42515776.00
2014/08/06,3.40,3.48,3.36,3.40,21805188,75286608.00
2014/08/07,3.39,3.40,3.30,3.31,12343679,41809120.00
2014/08/08,3.30,3.37,3.26,3.32,10613147,35644220.00
2014/08/11,3.32,3.37,3.28,3.36,12025207,40762820.00
2014/08/12,3.35,3.43,3.33,3.43,20745066,71472448.00
2014/08/13,3.44,3.46,3.35,3.41,15827176,54519072.00
2014/08/14,3.40,3.42,3.33,3.35,12373264,42483272.00
2014/08/15,3.35,3.40,3.33,3.39,9135050,31282734.00
2014/08/18,3.40,3.44,3.38,3.43,12745860,44119608.00
2014/08/19,3.43,3.43,3.38,3.43,11497479,39702572.00
2014/08/20,3.41,3.52,3.40,3.49,23777710,83878040.00
2014/08/21,3.49,3.50,3.39,3.45,12828306,44685560.00
2014/08/22,3.42,3.43,3.35,3.42,13635664,46928332.00
2014/08/25,3.41,3.42,3.35,3.38,8245965,28331852.00
2014/08/26,3.37,3.37,3.28,3.30,11150655,37607660.00
2014/08/27,3.30,3.33,3.28,3.31,4653596,15621479.00
2014/08/28,3.31,3.34,3.24,3.25,7937010,26434212.00
2014/08/29,3.25,3.37,3.22,3.33,6979617,23376172.00
2014/09/01,3.32,3.35,3.28,3.34,6163314,20781804.00
2014/09/02,3.34,3.41,3.33,3.39,8713000,29855688.00
2014/09/03,3.38,3.57,3.37,3.50,35274134,124681840.00
2014/09/04,3.50,3.58,3.46,3.50,22395983,79875800.00
2014/09/05,3.49,3.50,3.40,3.45,24021633,83903504.00
2014/09/09,3.45,3.48,3.41,3.47,12965156,45352308.00
2014/09/10,3.45,3.47,3.41,3.46,11134858,38936040.00
2014/09/11,3.46,3.56,3.43,3.47,16848622,59643680.00
2014/09/12,3.46,3.58,3.45,3.57,25656939,92154704.00
2014/09/15,3.58,3.71,3.55,3.68,29421016,108286576.00
2014/09/16,3.75,4.05,3.72,3.76,78628879,313881088.00
2014/09/17,3.93,4.01,3.72,3.83,50357801,195517392.00
2014/09/18,3.79,3.92,3.67,3.75,41529317,158299200.00
2014/09/19,3.71,3.81,3.70,3.79,23653501,90014168.00
2014/09/22,3.78,3.78,3.64,3.66,17210474,64327088.00
2014/09/23,3.68,3.77,3.67,3.71,14169310,53250300.00
2014/09/24,3.72,3.76,3.69,3.76,15970429,60460684.00
2014/09/25,3.76,3.81,3.72,3.74,16626789,63501372.00
2014/09/26,3.71,3.74,3.68,3.68,12086413,45333968.00
2014/09/29,3.70,3.77,3.69,3.74,11386475,43034556.00
2014/09/30,3.75,3.80,3.72,3.79,15172796,57882492.00
2014/10/08,3.95,4.01,3.82,3.86,27423221,108042112.00
2014/10/09,3.84,3.99,3.81,3.95,28302426,111654432.00
2014/10/10,3.91,4.02,3.88,4.01,30008880,120275032.00
2014/10/13,3.98,4.05,3.92,4.03,21705779,87406040.00
2014/10/14,4.03,4.11,3.95,3.97,26443854,107755560.00
2014/10/15,3.97,3.97,3.86,3.92,16345765,64834536.00
2014/10/16,3.90,3.95,3.82,3.83,13107815,51616872.00
2014/10/17,3.82,3.88,3.73,3.81,12150791,46806800.00
2014/10/20,3.80,3.87,3.80,3.85,7065953,27480230.00
2014/10/21,3.83,3.87,3.78,3.78,8270434,31969040.00
2014/10/22,3.78,3.82,3.66,3.67,10394627,39492844.00
2014/10/23,3.67,3.69,3.52,3.55,15975984,57840816.00
2014/10/24,3.57,3.60,3.54,3.57,5560905,20106938.00
2014/10/27,3.57,3.61,3.53,3.57,5341146,19392934.00
2014/10/28,3.59,3.84,3.59,3.79,19246938,72451328.00
2014/10/29,3.81,4.00,3.75,3.93,27786948,108733904.00
2014/10/30,3.90,3.91,3.82,3.89,21751256,85363912.00
2014/10/31,3.90,3.99,3.87,3.92,19141408,75990952.00
2014/11/03,3.95,4.01,3.92,3.98,21514537,86449768.00
2014/11/04,3.96,3.97,3.89,3.92,15921493,63343780.00
2014/11/05,3.92,3.96,3.87,3.91,10871357,43096672.00
2014/11/06,3.88,3.97,3.86,3.91,9202178,36397168.00
2014/11/07,3.93,3.97,3.84,3.84,15207595,60156444.00
2014/11/10,3.84,3.88,3.79,3.87,11837634,46081784.00
2014/11/11,3.87,3.93,3.71,3.80,18651893,72549056.00
2014/11/12,3.78,3.86,3.75,3.85,9611349,37151384.00
2014/11/13,3.85,3.93,3.79,3.90,14048744,55050476.00
2014/11/14,3.91,3.96,3.85,3.95,21263241,84115624.00
2014/11/17,3.97,3.99,3.84,3.89,17686148,69878936.00
2014/11/18,3.86,3.89,3.83,3.84,9874754,38479552.00
2014/11/19,3.86,3.89,3.84,3.86,10507914,41124560.00
2014/11/20,3.86,3.90,3.84,3.86,6233900,24405008.00
2014/11/21,3.88,4.00,3.86,3.99,25055282,99821912.00
2014/11/24,4.23,4.34,4.14,4.17,66661070,285243008.00
2014/11/25,4.13,4.19,4.06,4.12,33769016,140123360.00
2014/11/26,4.11,4.15,4.07,4.14,21108546,87881248.00
2014/11/27,4.16,4.24,4.10,4.15,23218946,97686192.00
2014/11/28,4.15,4.28,4.08,4.25,39009313,165171232.00
2014/12/01,4.26,4.33,4.11,4.12,28889416,123452552.00
2014/12/02,4.10,4.22,4.08,4.18,19975659,83899984.00
2014/12/03,4.18,4.52,4.18,4.30,47836043,210072768.00
2014/12/04,4.30,4.46,4.24,4.44,37516100,165780800.00
2014/12/05,4.40,4.46,4.11,4.21,33428625,144048784.00
2014/12/08,4.14,4.43,4.08,4.39,31824257,137983168.00
2014/12/09,4.35,4.59,4.14,4.20,50754124,223917616.00
2014/12/10,4.11,4.27,4.08,4.26,23209591,98183504.00
2014/12/11,4.23,4.36,4.19,4.32,23539018,102053192.00
2014/12/12,4.32,4.38,4.29,4.35,21382647,93733384.00
2014/12/15,4.35,4.41,4.25,4.38,19879897,87164984.00
2014/12/16,4.37,4.70,4.34,4.58,52410788,239445872.00
2014/12/17,4.54,4.54,4.37,4.45,34089830,153403440.00
2014/12/18,4.43,4.49,4.31,4.31,19885750,87994424.00
2014/12/19,4.30,4.35,4.18,4.29,17719726,76464592.00
2014/12/22,4.30,4.43,4.15,4.18,22727021,98052192.00
2014/12/23,4.15,4.28,4.10,4.13,15107537,64113260.00
2014/12/24,4.15,4.26,4.11,4.24,12531813,53032744.00
2014/12/25,4.24,4.28,4.21,4.26,10273163,44073056.00
2014/12/26,4.27,4.37,4.25,4.36,19152956,83765360.00
2014/12/29,4.41,4.57,4.36,4.43,34069749,153942336.00
2014/12/30,4.43,4.50,4.32,4.33,19648560,87377552.00
2014/12/31,4.31,4.62,4.28,4.60,34578721,156343360.00
2015/01/05,4.61,4.94,4.55,4.73,61746296,297293472.00
2015/01/06,4.64,4.66,4.49,4.57,30207800,139728000.00
2015/01/07,4.53,4.62,4.48,4.58,15523697,71626192.00
2015/01/08,4.58,4.64,4.45,4.46,14472983,65820832.00
2015/01/09,4.43,4.57,4.39,4.39,14551167,65970972.00
2015/01/12,4.31,4.37,4.17,4.18,14907038,64240572.00
2015/01/13,4.19,4.25,4.19,4.24,5364678,22917906.00
2015/01/14,4.24,4.30,4.20,4.22,5817900,25011740.00
2015/01/15,4.22,4.43,4.22,4.41,12570258,54870184.00
2015/01/16,4.40,4.41,4.29,4.38,11093972,48868384.00
2015/01/19,4.27,4.28,3.94,3.96,20706200,86043072.00
2015/01/20,3.98,4.10,3.98,4.10,11847380,48623024.00
2015/01/21,4.11,4.31,4.11,4.26,15515184,66376800.00
2015/01/22,4.27,4.30,4.23,4.29,10485620,45249304.00
2015/01/23,4.29,4.30,4.22,4.25,9929250,42801120.00
2015/01/26,4.24,4.33,4.19,4.32,13258140,57381452.00
2015/01/27,4.32,4.34,4.16,4.26,15306984,65866856.00
2015/01/28,4.23,4.27,4.19,4.22,8622719,36895064.00
2015/01/29,4.20,4.23,4.15,4.21,8178207,34748688.00
2015/01/30,4.21,4.29,4.17,4.23,12579995,53909608.00
2015/02/02,4.17,4.27,4.14,4.22,9144383,39001752.00
2015/02/03,4.21,4.25,4.18,4.24,6472615,27622172.00
2015/02/04,4.24,4.30,4.22,4.25,9747983,42048696.00
2015/02/05,4.36,4.42,4.21,4.22,16549278,72050288.00
2015/02/06,4.21,4.21,4.01,4.07,11449851,47690476.00
2015/02/09,4.11,4.11,4.00,4.02,5353529,21899340.00
2015/02/10,4.02,4.07,4.01,4.06,4202631,17197848.00
2015/02/11,4.09,4.10,4.05,4.08,5150434,21266828.00
2015/02/12,4.08,4.11,4.05,4.10,4834451,19956552.00
2015/02/13,4.10,4.24,4.10,4.19,9791567,41330204.00
2015/02/16,4.17,4.24,4.15,4.23,8827943,37622576.00
2015/02/17,4.24,4.29,4.23,4.26,7835081,33778748.00
2015/02/25,4.26,4.26,4.21,4.23,6235496,26712484.00
2015/02/26,4.23,4.31,4.21,4.31,10245782,44259356.00
2015/02/27,4.32,4.34,4.29,4.31,11038959,48129948.00
2015/03/02,4.37,4.41,4.32,4.34,21434537,94440144.00
2015/03/03,4.34,4.36,4.30,4.31,13264784,58097736.00
2015/03/04,4.32,4.42,4.30,4.41,18097523,79966128.00
2015/03/05,4.40,4.41,4.35,4.39,10877356,48123704.00
2015/03/06,4.38,4.51,4.31,4.45,20012799,89376816.00
2015/03/09,4.43,4.54,4.39,4.51,19943024,90378088.00
2015/03/10,4.51,4.60,4.48,4.50,15126735,69321336.00
2015/03/11,4.49,4.56,4.49,4.55,15927073,72869776.00
2015/03/12,4.55,4.63,4.53,4.60,17094736,79102776.00
2015/03/13,4.62,4.63,4.53,4.57,14485450,66973208.00
2015/03/16,4.59,4.70,4.58,4.70,21098824,99211224.00
2015/03/17,4.72,4.80,4.67,4.74,30055180,143709312.00
2015/03/18,4.74,5.07,4.72,4.95,42911697,213012272.00
2015/03/19,4.95,4.99,4.86,4.98,28073958,140039856.00
2015/03/20,5.03,5.20,4.99,5.19,36273972,186879440.00
2015/03/23,5.29,5.69,5.26,5.45,55467164,305903776.00
2015/03/24,5.45,5.48,5.13,5.34,36129111,194190256.00
2015/03/25,5.34,5.46,5.17,5.25,27224171,146169344.00
2015/03/26,5.24,5.60,5.15,5.58,42028163,227586896.00
2015/03/27,5.54,5.71,5.43,5.67,45750441,258937312.00
2015/03/30,5.63,6.15,5.56,5.97,52885191,311060832.00
2015/03/31,6.16,6.31,5.77,5.81,62882017,382730368.00
2015/04/01,5.81,5.93,5.75,5.91,26650866,156515152.00
2015/04/02,5.94,6.13,5.90,6.01,30594783,185144800.00
2015/04/03,5.95,6.13,5.90,6.00,25723456,155486112.00
2015/04/07,6.00,6.10,6.00,6.08,32328763,197237136.00
2015/04/08,6.09,6.12,5.86,6.07,36173545,219486928.00
2015/04/09,6.03,6.06,5.75,6.04,33609930,200882752.00
2015/04/10,6.00,6.28,5.90,6.19,43210767,267798592.00
2015/04/13,6.25,6.35,6.07,6.28,43230184,271241888.00
2015/04/14,6.26,6.48,6.22,6.35,38172122,244570416.00
2015/04/15,6.35,6.47,6.07,6.10,30933983,195981472.00
2015/04/16,6.02,6.19,5.85,6.14,23794609,145615136.00
2015/04/17,6.18,6.25,6.11,6.19,31336901,195075440.00
2015/04/20,6.20,6.40,6.12,6.18,46421586,292726464.00
2015/04/21,6.17,6.34,6.12,6.33,27867858,175261248.00
2015/04/22,6.38,6.65,6.34,6.60,42320325,278995936.00
2015/04/23,6.69,7.11,6.59,6.93,56679558,390585440.00
2015/04/24,6.75,6.90,6.67,6.80,34425576,235194624.00
2015/04/27,6.82,6.92,6.67,6.81,28694442,196281152.00
2015/04/28,6.83,6.91,6.48,6.66,30303242,204294976.00
2015/04/29,6.61,6.72,6.33,6.64,22613719,150139312.00
2015/04/30,6.43,6.88,6.43,6.70,34803064,233921696.00
2015/05/04,6.95,7.38,6.87,7.38,73312675,537526080.00
2015/05/05,7.63,7.75,6.84,7.02,86739490,644493440.00
2015/05/06,6.83,7.05,6.50,6.60,40994730,282265536.00
2015/05/07,6.60,6.60,5.94,6.01,34042314,213749856.00
2015/05/08,6.05,6.45,6.05,6.43,31844326,199530640.00
2015/05/11,6.67,7.07,6.58,6.97,56366258,387248608.00
2015/05/12,7.00,7.28,6.80,6.97,56661288,402295456.00
2015/05/13,6.90,7.67,6.85,7.67,115160894,865484800.00
2015/05/14,7.60,8.44,7.49,8.44,148921289,1201077248.00
2015/05/15,8.31,8.40,7.96,8.17,100005133,819950784.00
2015/05/18,8.10,8.30,8.03,8.19,49479396,406800160.00
2015/05/19,8.15,9.01,8.13,9.01,150004938,1319230592.00
2015/05/20,8.80,9.41,8.71,9.30,162589913,1475097984.00
2015/05/21,9.03,9.21,8.73,8.83,106263536,946452736.00
2015/05/22,8.75,8.87,8.50,8.68,72026636,626607360.00
2015/05/25,8.52,8.97,8.52,8.85,64565269,568700288.00
2015/05/26,8.83,9.02,8.57,8.94,67233897,595612800.00
2015/05/27,8.90,8.90,8.60,8.70,48475218,425322400.00
2015/05/28,8.73,9.09,7.98,8.03,62472320,549743424.00
2015/05/29,7.95,8.22,7.44,7.87,41000729,324268960.00
2015/06/01,7.91,8.43,7.91,8.42,38739078,320260832.00
2015/06/02,8.42,9.00,8.25,8.73,45081603,392257184.00
2015/06/03,8.74,9.33,8.55,9.30,77873753,707149760.00
2015/06/04,9.19,9.19,8.41,9.02,52948716,472850336.00
2015/06/05,9.13,9.45,8.90,9.14,63238616,583868352.00
2015/06/08,9.11,9.55,9.08,9.22,63933504,598164992.00
2015/06/09,9.20,9.20,8.69,9.01,43237381,391233184.00
2015/06/10,8.92,9.41,8.75,9.36,54700019,507845056.00
2015/06/11,9.35,9.80,9.27,9.54,62287263,596478656.00
2015/06/12,9.55,10.43,9.40,10.08,73299491,734804480.00
2015/06/15,10.22,10.63,9.87,10.31,74068009,764265408.00
2015/06/16,10.25,11.14,9.95,10.66,82175739,874679488.00
2015/06/17,10.44,10.50,9.75,10.32,54981248,560042240.00
2015/06/18,10.23,11.05,10.11,10.26,50150165,535666240.00
2015/06/19,9.95,10.26,9.23,9.23,38978370,380740288.00
2015/06/23,9.18,9.44,8.30,8.96,42990605,379620352.00
2015/06/24,9.00,9.43,8.95,9.33,37222199,344231200.00
2015/06/25,9.39,9.69,8.85,9.04,41438252,389556352.00
2015/06/26,8.46,8.81,8.13,8.13,30872655,260003680.00
2015/06/29,8.53,8.55,7.31,7.75,59130507,473310176.00
2015/06/30,7.70,8.21,7.01,8.13,50120779,385902848.00
2015/07/01,8.05,8.20,7.31,7.31,39948734,315470272.00
2015/07/02,7.42,7.42,6.57,6.57,34862509,239099360.00
2015/07/03,6.13,6.45,5.91,5.91,28517337,172822768.00
2015/07/06,6.40,6.44,5.31,5.48,45880495,266183360.00
2015/07/07,5.27,5.27,4.93,4.93,17717696,89180056.00
2015/07/08,4.43,4.43,4.43,4.43,10080800,45161984.00
2015/07/09,3.99,4.87,3.99,4.87,43508831,198140544.00
2015/07/10,5.08,5.36,4.92,5.36,25811034,135867024.00
2015/07/13,5.80,5.90,5.50,5.90,47139408,272649824.00
2015/07/14,5.93,6.41,5.75,6.01,61270894,374255808.00
2015/07/15,5.81,5.90,5.41,5.41,35641552,198966144.00
2015/07/16,5.00,5.68,5.00,5.48,29072595,157228544.00
2015/07/17,5.52,5.95,5.45,5.86,28418501,162732624.00
2015/07/20,5.88,6.15,5.76,6.04,34623511,206180944.00
2015/07/21,5.89,6.17,5.81,6.07,27793022,167388864.00
2015/07/22,6.04,6.16,5.83,6.08,28475857,172057232.00
2015/07/23,6.05,6.35,6.01,6.33,42280565,263462112.00
2015/07/24,6.34,6.61,6.20,6.27,48235670,309445568.00
2015/07/27,6.10,6.38,5.64,5.64,34678023,209560448.00
2015/07/28,5.30,5.76,5.08,5.39,29538682,159160640.00
2015/07/29,5.45,5.78,5.29,5.76,24145503,132808160.00
2015/07/30,5.75,5.86,5.49,5.56,22708469,130277120.00
2015/07/31,5.47,5.62,5.33,5.44,15314284,83863592.00
2015/08/03,5.43,5.69,5.20,5.44,20434711,111846376.00
2015/08/04,5.45,5.83,5.40,5.79,25137046,141432528.00
2015/08/05,5.75,5.85,5.51,5.59,24191702,137808352.00
2015/08/06,5.38,5.63,5.35,5.50,14922200,82244528.00
2015/08/07,5.55,5.73,5.52,5.69,18854678,106255200.00
2015/08/10,5.74,6.07,5.65,6.02,30653253,180745024.00
2015/08/11,5.98,6.22,5.96,6.10,32951524,200274160.00
2015/08/12,6.00,6.08,5.90,5.91,25427989,152006336.00
2015/08/13,5.89,6.29,5.85,6.28,40608630,248814432.00
2015/08/14,6.39,6.55,6.21,6.37,45675618,291897792.00
2015/08/17,6.40,6.95,6.38,6.95,50601289,336508640.00
2015/08/18,6.95,6.96,6.26,6.26,48318670,318003072.00
2015/08/19,5.83,6.44,5.69,6.39,36135252,218539408.00
2015/08/20,6.25,6.44,5.96,5.97,27141525,167289776.00
2015/08/21,5.90,5.99,5.39,5.53,27329411,155600240.00
2015/08/24,5.25,5.31,4.98,4.98,20264169,101971144.00
2015/08/25,4.50,4.68,4.48,4.48,16648202,75478376.00
2015/08/26,4.57,4.84,4.24,4.51,28952012,133097120.00
2015/08/27,4.60,4.72,4.31,4.68,17951347,82149440.00
2015/08/28,4.79,5.11,4.68,5.10,26428107,128645688.00
2015/08/31,5.06,5.07,4.80,4.82,19846219,96964512.00
2015/09/01,4.89,4.96,4.39,4.45,20366120,94107888.00
2015/09/02,4.26,4.56,4.15,4.19,17811968,77157560.00
2015/09/07,4.30,4.43,4.25,4.29,13167349,57322088.00
2015/09/08,4.30,4.57,4.25,4.57,14579602,64234436.00
2015/09/09,4.56,4.79,4.47,4.75,20915305,97716272.00
2015/09/10,4.67,4.75,4.61,4.62,13449640,62987068.00
2015/09/11,4.61,4.68,4.50,4.67,10074087,46533616.00
2015/09/14,4.73,4.75,4.20,4.20,16662441,73613440.00
2015/09/15,4.06,4.20,3.94,3.97,14341835,58429644.00
2015/09/16,4.00,4.36,4.00,4.34,15077473,62835800.00
2015/09/17,4.27,4.43,4.15,4.18,17485496,75096056.00
2015/09/18,4.18,4.24,4.09,4.21,9352153,39107848.00
2015/09/21,4.16,4.49,4.13,4.38,13631989,58969576.00
2015/09/22,4.36,4.50,4.36,4.47,17238751,76324976.00
2015/09/23,4.39,4.42,4.24,4.30,14767201,63999176.00
2015/09/24,4.33,4.57,4.30,4.50,21569848,95869824.00
2015/09/25,4.44,4.48,4.23,4.27,13804001,60045116.00
2015/09/28,4.26,4.36,4.18,4.34,8234079,35276772.00
2015/09/29,4.24,4.30,4.20,4.25,7310644,31030918.00
2015/09/30,4.25,4.29,4.21,4.26,6205100,26416336.00
2015/10/08,4.38,4.46,4.34,4.44,14379080,63445184.00
2015/10/09,4.43,4.55,4.40,4.50,15429635,69091120.00
2015/10/12,4.50,4.77,4.49,4.71,25694510,119624440.00
2015/10/13,4.67,4.82,4.64,4.80,21079436,99958832.00
2015/10/14,4.75,4.80,4.66,4.69,16957987,80234136.00
2015/10/15,4.67,4.87,4.64,4.85,19696762,94426536.00
2015/10/16,4.90,4.98,4.77,4.96,25155602,122991320.00
2015/10/19,4.91,5.03,4.79,4.85,19940574,97780912.00
2015/10/20,4.84,4.99,4.77,4.98,18507645,90368016.00
2015/10/21,4.97,5.18,4.52,4.66,34276558,169805488.00
2015/10/22,4.58,4.86,4.58,4.84,21902119,103818032.00
2015/10/23,4.88,5.32,4.84,5.32,31956083,165558512.00
2015/10/26,5.55,5.66,5.16,5.25,53896683,291341856.00
2015/10/27,5.10,5.48,4.92,5.43,44183718,231735376.00
2015/10/28,5.25,5.39,5.03,5.12,29024694,151692368.00
2015/10/29,5.12,5.28,5.10,5.17,17208690,89174216.00
2015/10/30,5.21,5.27,5.13,5.17,15286511,79638696.00
2015/11/02,5.00,5.16,4.94,4.96,24047691,121068976.00
2015/11/03,4.97,5.02,4.92,4.97,11063190,55022732.00
2015/11/04,5.01,5.25,5.00,5.24,23972792,123500520.00
2015/11/05,5.16,5.38,5.16,5.27,31945092,168069936.00
2015/11/06,5.23,5.44,5.22,5.38,29306435,156353728.00
2015/11/09,5.31,5.50,5.27,5.49,29185113,157697504.00
2015/11/10,5.40,5.51,5.33,5.41,23219865,126156192.00
2015/11/11,5.45,5.55,5.41,5.49,22432201,123022680.00
2015/11/12,5.48,5.52,5.33,5.39,19641839,106383408.00
2015/11/13,5.34,5.38,5.23,5.26,15011576,79543240.00
2015/11/16,5.16,5.37,5.12,5.34,13682783,71782544.00
2015/11/17,5.37,5.52,5.35,5.41,21715491,117944512.00
2015/11/18,5.41,5.95,5.36,5.59,59868328,341244160.00
2015/11/19,5.69,5.69,5.39,5.58,33519968,184920352.00
2015/11/20,5.58,5.77,5.51,5.74,36827156,208600384.00
2015/11/23,5.74,6.20,5.68,6.14,66646288,401733088.00
2015/11/24,6.15,6.20,5.95,6.09,32687451,198038000.00
2015/11/25,6.03,6.70,6.02,6.70,89806763,589389248.00
2015/11/26,6.61,7.16,6.56,7.10,98986522,671231872.00
2015/11/27,6.92,6.99,6.55,6.72,60977030,415929344.00
2015/11/30,6.68,6.76,6.43,6.71,44471220,293051552.00
2015/12/01,6.60,7.36,6.60,7.24,104960203,743167104.00
2015/12/02,7.00,7.81,6.75,7.69,128655762,940975552.00
2015/12/03,7.50,7.66,7.21,7.50,114727870,850633792.00
2015/12/04,7.52,7.52,6.96,7.00,81960946,589169984.00
2015/12/07,7.00,7.00,6.66,6.87,41758330,284555744.00
2015/12/08,6.84,7.06,6.59,6.62,36439536,249283280.00
2015/12/09,6.60,6.77,6.53,6.64,29267845,194569200.00
2015/12/10,6.66,6.68,6.41,6.42,32005099,208414672.00
2015/12/11,6.45,6.85,6.42,6.70,54212760,361232128.00
2015/12/14,6.65,7.05,6.46,6.90,60653495,414667168.00
2015/12/15,6.83,7.04,6.75,6.86,48120059,330965504.00
2015/12/16,6.83,6.89,6.61,6.67,33741235,226418656.00
2015/12/17,6.66,7.04,6.66,6.88,42928337,295784704.00
2015/12/18,6.80,6.97,6.65,6.66,34273560,231754912.00
2015/12/21,6.53,6.74,6.48,6.59,27698999,183357824.00
2015/12/22,6.65,6.67,6.51,6.65,20808325,137298912.00
2015/12/23,6.65,6.73,6.53,6.56,23427996,155430960.00
2015/12/24,6.53,6.58,6.21,6.33,22816319,144955456.00
2015/12/25,6.31,6.47,6.30,6.40,15047467,95940504.00
2015/12/28,6.42,6.55,6.30,6.33,21077513,135843392.00
2015/12/29,6.38,6.39,6.08,6.28,19488739,120846440.00
2015/12/30,6.29,6.33,6.16,6.32,13757634,85962248.00
2015/12/31,6.32,6.36,6.16,6.17,14426390,90479880.00
2016/01/04,6.29,6.29,5.55,5.55,17630423,103453240.00
2016/01/05,5.30,5.68,5.18,5.55,26157660,143282032.00
2016/01/06,5.56,5.72,5.48,5.71,18658809,104454672.00
2016/01/07,5.61,5.61,5.14,5.14,3425300,18294196.00
2016/01/08,5.25,5.38,4.70,5.28,20587441,107147968.00
2016/01/11,5.16,5.26,4.82,4.86,16615089,83374960.00
2016/01/12,4.86,5.03,4.75,4.93,11956523,58739324.00
2016/01/13,4.96,5.01,4.70,4.71,10512955,51378296.00
2016/01/14,4.63,4.89,4.54,4.86,12803138,60043556.00
2016/01/15,4.83,4.98,4.68,4.73,13122523,63474424.00
2016/01/18,4.56,4.84,4.56,4.76,9431382,44754792.00
2016/01/19,4.75,5.00,4.75,4.98,14108793,69120464.00
2016/01/20,4.95,5.04,4.88,4.95,12391735,61512368.00
2016/01/21,4.89,4.99,4.74,4.76,10082769,49235224.00
2016/01/22,4.80,4.87,4.65,4.80,9373724,44543620.00
2016/01/25,4.85,4.92,4.80,4.84,6048478,29366672.00
2016/01/26,4.80,4.87,4.36,4.37,12954121,60090264.00
2016/01/27,4.39,4.45,4.06,4.38,11503325,49199440.00
2016/01/28,4.36,4.38,4.13,4.16,6425159,27442332.00
2016/01/29,4.16,4.40,4.08,4.35,9831751,42004424.00
2016/02/01,4.33,4.38,4.19,4.25,6686454,28775494.00
2016/02/02,4.25,4.44,4.25,4.39,7189537,31446696.00
2016/02/03,4.42,4.60,4.40,4.52,13130451,59331856.00
2016/02/04,4.46,4.60,4.46,4.56,12183427,55234776.00
2016/02/05,4.56,4.60,4.48,4.49,7226108,32698890.00
2016/02/15,4.32,4.47,4.25,4.43,5702697,24947392.00
2016/02/16,4.43,4.65,4.43,4.63,7908312,36267632.00
2016/02/17,4.61,4.75,4.59,4.71,8373037,39117544.00
2016/02/18,4.72,4.79,4.65,4.66,8848827,41731780.00
2016/02/19,4.62,4.76,4.62,4.71,6542710,30723720.00
2016/02/22,4.87,4.93,4.79,4.85,11631159,56474344.00
2016/02/23,4.81,4.93,4.76,4.90,10091968,49017048.00
2016/02/24,4.91,4.96,4.80,4.95,12088248,59059424.00
2016/02/25,4.93,4.95,4.46,4.47,13972462,65509300.00
2016/02/26,4.50,4.61,4.41,4.56,10194843,46174768.00
2016/02/29,4.64,4.82,4.38,4.51,16023115,73533456.00
2016/03/01,4.54,4.92,4.39,4.76,20008614,94164576.00
2016/03/02,4.74,5.24,4.71,5.24,46420680,234700624.00
2016/03/03,5.40,5.49,5.11,5.12,54809255,292288672.00
2016/03/04,5.02,5.19,4.80,4.92,31162156,155948368.00
2016/03/07,4.98,5.05,4.90,5.02,16021465,79819912.00
2016/03/08,4.95,4.99,4.71,4.95,15957151,77215232.00
2016/03/09,4.82,4.87,4.75,4.82,9723385,46821432.00
数据来源:通达信
