600262 北方股份 日线 前复权
      日期	    开盘	    最高	    最低	    收盘	    成交量	    成交额
2011/01/04,15.82,16.30,15.81,16.10,1454895,24972452.00
2011/01/05,16.15,16.65,15.95,16.51,1937928,33798656.00
2011/01/06,16.57,16.74,16.26,16.40,1390173,24303240.00
2011/01/07,16.25,16.48,15.91,16.08,1440098,24849468.00
2011/01/10,15.91,16.75,15.81,16.09,1326952,23068558.00
2011/01/11,15.98,16.53,15.75,16.46,1450624,25061976.00
2011/01/12,16.49,16.75,16.37,16.69,1736709,30635340.00
2011/01/13,16.76,16.92,16.25,16.35,1606302,28201186.00
2011/01/14,16.35,16.42,15.75,15.96,1461178,24887172.00
2011/01/17,15.79,16.17,15.60,15.76,1049677,17706246.00
2011/01/18,15.73,15.95,15.54,15.94,682632,11498678.00
2011/01/19,15.98,16.95,15.46,16.92,2681318,47339380.00
2011/01/20,16.85,16.85,15.95,16.00,1968499,34425024.00
2011/01/21,15.94,16.71,15.55,16.34,1820809,31594956.00
2011/01/24,16.35,16.83,16.13,16.74,2902989,51411244.00
2011/01/25,16.75,17.23,15.57,15.77,2607372,44871056.00
2011/01/26,15.35,15.93,15.28,15.75,1172054,19520876.00
2011/01/27,15.54,16.13,15.54,16.01,1088237,18457726.00
2011/01/28,15.66,17.72,15.63,17.72,5209658,95434224.00
2011/01/31,18.14,18.95,17.83,18.80,10399562,202679744.00
2011/02/01,18.60,18.63,17.96,18.32,5057916,97603376.00
2011/02/09,18.29,19.13,18.05,18.77,6131226,120678960.00
2011/02/10,18.64,19.32,18.22,19.24,5735136,114531656.00
2011/02/11,19.18,19.42,18.66,18.70,5248775,105245136.00
2011/02/14,18.45,18.92,18.16,18.90,5054861,99148528.00
2011/02/15,18.94,19.55,18.56,18.61,5475095,109884080.00
2011/02/16,18.49,19.92,18.38,19.81,7132734,145256288.00
2011/02/17,19.65,19.85,19.10,19.53,5175138,105768720.00
2011/02/18,19.42,19.54,18.25,18.27,6067294,120238304.00
2011/02/21,18.17,18.73,17.97,18.55,4124256,80382488.00
2011/02/22,18.55,18.56,16.96,17.30,5916402,111093344.00
2011/02/23,17.16,17.98,17.14,17.75,3288318,61549956.00
2011/02/24,17.71,18.12,17.55,17.88,2015891,38136296.00
2011/02/25,17.92,18.43,17.35,18.41,3382943,64585436.00
2011/02/28,18.41,18.73,18.17,18.67,2503880,48954192.00
2011/03/01,18.63,18.75,18.22,18.53,2716555,52894092.00
2011/03/02,18.40,18.40,17.83,18.05,2214939,42297536.00
2011/03/03,18.05,18.14,17.37,17.44,2238295,42107860.00
2011/03/04,17.44,17.95,17.32,17.91,1123904,21103620.00
2011/03/07,18.05,18.35,17.85,18.34,2147502,41238680.00
2011/03/08,18.32,18.70,18.32,18.56,2161967,42257728.00
2011/03/09,18.55,18.84,18.25,18.64,2721105,53403588.00
2011/03/10,18.64,18.81,18.05,18.08,2249694,43741224.00
2011/03/11,18.00,18.42,17.95,18.07,1873910,36114404.00
2011/03/14,17.95,18.25,17.60,18.11,1765448,33406812.00
2011/03/15,18.01,18.15,17.48,18.14,2301797,43409568.00
2011/03/16,18.14,20.06,18.08,20.06,7077409,146070368.00
2011/03/17,20.45,20.45,19.45,19.78,7764017,162010240.00
2011/03/18,19.65,20.93,19.34,20.22,8985057,191221568.00
2011/03/21,20.14,21.25,19.76,20.68,6899199,149265856.00
2011/03/22,20.51,21.14,20.00,20.13,4443540,95055640.00
2011/03/23,20.05,20.45,19.72,20.44,3910377,82739576.00
2011/03/24,20.47,20.93,20.18,20.72,4401431,95307280.00
2011/03/25,20.93,20.93,20.23,20.51,3591757,77242720.00
2011/03/28,20.53,21.16,20.16,20.65,5240997,114323808.00
2011/03/29,20.40,20.60,19.25,19.29,4818556,100091760.00
2011/03/30,19.21,19.57,18.63,18.84,2584726,51876376.00
2011/03/31,18.85,19.25,18.70,18.89,1521353,30405356.00
2011/04/01,19.00,19.29,18.77,19.20,1497269,30098438.00
2011/04/06,19.19,19.45,18.50,18.55,2258489,44930872.00
2011/04/07,18.44,18.90,18.43,18.68,1837789,36242900.00
2011/04/08,18.56,19.40,18.52,19.31,2596358,52056292.00
2011/04/11,19.42,19.43,18.97,19.14,2425528,48987240.00
2011/04/12,18.95,18.95,18.16,18.22,3201999,62332820.00
2011/04/13,18.12,18.15,17.60,18.08,2525391,47620976.00
2011/04/14,18.08,18.14,17.69,17.87,1740674,32924896.00
2011/04/15,17.80,17.95,17.25,17.62,2142926,39900880.00
2011/04/18,17.53,17.82,17.24,17.58,2028295,37615608.00
2011/04/19,17.41,17.58,17.26,17.45,1447400,26681276.00
2011/04/20,17.41,18.00,17.41,17.61,1625368,30469574.00
2011/04/21,17.61,18.01,17.61,17.89,1385585,26214426.00
2011/04/22,17.95,17.95,17.50,17.92,1502142,28216868.00
2011/04/25,17.92,17.95,16.45,16.61,2270684,41368828.00
2011/04/26,16.61,16.90,16.17,16.39,1102962,19322708.00
2011/04/27,16.74,16.74,16.26,16.37,793688,13900499.00
2011/04/28,16.44,16.68,16.16,16.25,1006069,17580544.00
2011/04/29,16.34,17.74,16.34,17.19,1796948,32629010.00
2011/05/03,17.18,17.44,17.03,17.41,1211885,22227176.00
2011/05/04,17.37,17.37,16.47,16.74,1489702,26702604.00
2011/05/05,16.57,16.95,16.36,16.63,871930,15407352.00
2011/05/09,16.55,17.05,16.55,16.91,811309,14561399.00
2011/05/10,16.93,17.12,16.85,17.03,656235,11825206.00
2011/05/11,17.08,17.70,16.92,17.57,2208418,40977000.00
2011/05/12,17.35,17.73,17.33,17.62,1728715,32117136.00
2011/05/13,17.45,18.45,17.44,18.20,3921688,75279936.00
2011/05/16,18.20,18.90,18.05,18.45,3839826,75091056.00
2011/05/17,18.50,18.72,17.95,18.43,3351816,65245468.00
2011/05/18,18.24,19.15,17.98,18.85,3888264,77071184.00
2011/05/19,18.87,19.03,18.60,18.75,1857315,36793060.00
2011/05/20,18.77,18.77,18.38,18.63,1914100,37226752.00
2011/05/23,18.44,18.89,17.55,17.71,2724468,51887280.00
2011/05/24,17.56,17.78,17.06,17.57,1121874,20569834.00
2011/05/25,17.73,17.91,17.50,17.54,1046238,19504210.00
2011/05/26,17.65,17.80,17.23,17.28,1058860,19596990.00
2011/05/27,17.65,18.59,16.65,16.98,3295721,61906344.00
2011/05/30,16.39,16.89,15.19,16.35,1781116,30509084.00
2011/05/31,15.86,16.55,15.86,16.38,1273139,21996584.00
2011/06/01,16.53,16.67,16.35,16.62,1140751,19940964.00
2011/06/02,16.26,16.54,16.06,16.45,966031,16651527.00
2011/06/03,16.54,17.54,16.45,17.00,1139960,20528260.00
2011/06/07,16.70,17.20,16.70,17.04,806634,14519393.00
2011/06/08,16.95,17.29,16.85,17.09,993347,17939582.00
2011/06/09,17.05,17.30,16.95,16.99,1772778,32099636.00
2011/06/10,16.97,17.70,16.80,17.58,2102317,38220160.00
2011/06/13,17.53,18.18,17.32,18.15,3420100,64675724.00
2011/06/14,18.15,18.20,17.87,18.11,1624759,30942348.00
2011/06/15,18.21,18.21,17.80,17.98,1490185,28249366.00
2011/06/16,18.13,18.59,17.46,17.49,2450284,46577000.00
2011/06/17,17.04,17.44,16.58,17.03,1666775,29903980.00
2011/06/20,16.89,17.04,16.31,16.95,724619,12875075.00
2011/06/21,17.04,17.14,16.70,17.09,854550,15294371.00
2011/06/22,17.09,17.45,16.85,17.14,877360,15931988.00
2011/06/23,17.05,17.40,16.77,17.29,843271,15295741.00
2011/06/24,16.94,18.18,16.94,17.98,2160197,40573648.00
2011/06/27,17.80,19.05,17.80,19.04,4614802,90343040.00
2011/06/28,19.04,19.30,18.67,19.09,4638352,92860552.00
2011/06/29,19.05,19.66,18.76,19.36,5017452,101613600.00
2011/06/30,19.40,19.78,19.18,19.54,3603160,73558968.00
2011/07/01,19.60,20.93,19.36,20.73,6929788,147365152.00
2011/07/04,20.75,21.50,20.55,21.26,6055851,133607136.00
2011/07/05,21.05,21.24,20.71,21.04,2735480,59719320.00
2011/07/06,21.01,21.27,20.65,21.03,2698585,59149984.00
2011/07/07,20.95,21.32,20.33,21.03,4267700,92771432.00
2011/07/08,20.95,20.95,20.40,20.69,2049206,44295636.00
2011/07/11,20.63,22.53,20.43,22.06,4918425,111358096.00
2011/07/12,21.61,23.53,21.55,22.85,5836420,137618000.00
2011/07/13,22.58,23.02,22.25,22.76,3701850,87225704.00
2011/07/14,22.74,23.23,22.46,22.77,2541847,60505200.00
2011/07/15,22.85,24.29,22.50,24.13,4103977,100161176.00
2011/07/18,23.85,24.03,23.13,23.22,4142226,101004976.00
2011/07/19,23.09,23.84,22.15,23.73,5859069,140167808.00
2011/07/20,23.50,23.65,22.23,23.26,5400408,129008208.00
2011/07/21,22.75,23.40,21.55,21.73,3769155,88261040.00
2011/07/22,21.80,22.04,21.55,21.71,2262597,51413400.00
2011/07/25,21.85,22.41,20.90,21.13,3549317,79910912.00
2011/07/26,21.15,21.62,20.57,21.31,2273839,50500112.00
2011/07/27,21.27,22.60,20.96,22.47,3014381,68514952.00
2011/07/28,21.93,22.43,21.45,21.70,3023685,68741656.00
2011/07/29,21.68,22.05,21.26,21.53,1704254,38427564.00
2011/08/01,21.16,22.05,21.13,21.49,2637994,59406736.00
2011/08/02,21.36,21.36,20.65,21.35,1595803,35111940.00
2011/08/03,20.93,21.53,20.89,21.12,1786308,39618764.00
2011/08/04,21.13,21.70,21.13,21.27,1196265,26726958.00
2011/08/05,20.49,21.41,19.55,21.07,1912372,41574424.00
2011/08/08,20.45,21.25,19.85,20.98,2450266,53035212.00
2011/08/09,20.45,21.43,19.85,20.99,2158617,47016892.00
2011/08/10,21.53,22.41,21.18,21.65,4065494,92465064.00
2011/08/11,21.25,22.15,20.99,21.85,3275655,73932192.00
2011/08/12,21.95,22.49,21.70,21.83,2172500,49964296.00
2011/08/15,21.80,22.04,21.56,21.96,1610277,36747992.00
2011/08/16,22.05,22.15,21.40,21.49,2036623,45958376.00
2011/08/17,21.49,21.49,20.91,21.01,1303281,28894596.00
2011/08/18,21.05,21.22,20.26,20.70,1601946,34544528.00
2011/08/19,20.34,20.83,20.10,20.76,899554,19317892.00
2011/08/22,20.76,21.13,20.30,20.62,1694123,36839760.00
2011/08/23,20.74,20.87,20.45,20.84,850263,18347244.00
2011/08/24,20.88,21.00,20.53,20.67,735181,16034365.00
2011/08/25,20.55,20.97,20.55,20.86,1075720,23351928.00
2011/08/26,21.00,21.00,20.75,20.84,731513,15939901.00
2011/08/29,20.80,20.83,19.97,20.19,1776818,37628564.00
2011/08/30,20.30,20.65,19.97,19.98,965310,20464002.00
2011/08/31,19.95,20.23,19.27,19.80,1031739,21306504.00
2011/09/01,19.90,19.95,19.25,19.81,776216,15974813.00
2011/09/02,19.79,19.80,19.39,19.66,319544,6577862.00
2011/09/05,19.66,20.14,19.30,19.95,989406,20520624.00
2011/09/06,19.67,20.02,19.28,19.31,611313,12622996.00
2011/09/07,19.14,19.86,19.14,19.71,574602,11775467.00
2011/09/08,19.72,19.83,19.55,19.65,303477,6262910.00
2011/09/13,19.35,19.54,18.85,19.22,818030,16391908.00
2011/09/14,19.10,19.76,19.10,19.71,784638,15950217.00
2011/09/15,19.67,20.31,19.67,20.04,984638,20719952.00
2011/09/16,20.20,20.37,19.83,19.85,380179,7965840.00
2011/09/19,19.85,19.85,19.36,19.44,230225,4721245.00
2011/09/20,19.25,19.70,19.06,19.53,428250,8760125.00
2011/09/21,19.45,20.27,19.35,20.18,873005,18319568.00
2011/09/22,20.17,20.35,19.75,19.77,582130,12223201.00
2011/09/23,19.37,19.75,19.06,19.68,397550,8083036.00
2011/09/26,19.69,19.90,19.26,19.29,180200,3688103.00
2011/09/27,19.65,19.65,19.15,19.36,353901,7190104.00
2011/09/28,19.54,19.62,19.15,19.27,343714,6971700.00
2011/09/29,19.35,19.35,17.28,19.20,1253376,24657148.00
2011/09/30,19.19,19.35,18.45,19.25,567819,11284783.00
2011/10/10,19.31,19.36,18.55,19.23,371902,7438143.00
2011/10/11,19.55,19.65,18.81,19.22,700500,14032125.00
2011/10/12,18.95,19.57,18.75,19.46,920913,18630376.00
2011/10/13,19.53,19.82,19.29,19.68,856361,17603282.00
2011/10/14,19.68,19.68,19.15,19.23,583426,11841206.00
2011/10/17,19.13,19.39,19.13,19.18,391431,7899754.00
2011/10/18,19.20,19.33,18.81,18.98,548470,10947847.00
2011/10/19,18.97,19.04,18.59,19.01,523119,10354747.00
2011/10/20,18.84,18.84,18.15,18.51,695906,13501920.00
2011/10/21,18.50,18.54,18.05,18.50,431178,8294033.00
2011/10/24,18.73,18.93,18.13,18.72,371058,7211841.00
2011/10/25,18.73,20.27,18.55,19.87,1036646,21247360.00
2011/10/26,19.89,20.25,19.66,19.81,1262952,26421988.00
2011/10/27,19.71,19.97,19.50,19.53,508310,10507500.00
2011/10/28,19.72,20.10,19.60,20.03,1010200,21074092.00
2011/10/31,20.15,20.99,19.93,20.65,1592719,34203016.00
2011/11/01,20.63,21.06,20.37,20.59,1356895,29491696.00
2011/11/02,20.35,20.70,20.05,20.59,1164503,24840560.00
2011/11/03,20.57,21.12,20.25,20.26,1399670,30295906.00
2011/11/04,20.29,20.43,19.97,20.19,803127,16999558.00
2011/11/07,20.11,20.38,19.96,20.04,509461,10754765.00
2011/11/08,20.21,20.21,19.37,19.42,856668,17762340.00
2011/11/09,19.35,19.83,19.26,19.81,536536,11015409.00
2011/11/10,19.54,20.40,19.40,19.99,1093976,23054416.00
2011/11/11,20.13,20.35,19.90,19.97,584613,12321549.00
2011/11/14,20.15,21.03,19.99,20.71,2071990,44664892.00
2011/11/15,20.80,20.80,20.34,20.45,1605806,34456464.00
2011/11/16,20.47,20.61,19.41,19.64,1377096,28737248.00
2011/11/17,19.65,19.80,19.25,19.57,805968,16456299.00
2011/11/18,19.38,19.40,18.15,18.45,1592939,31341556.00
2011/11/21,18.45,18.60,18.06,18.52,687835,13227416.00
2011/11/22,18.22,18.42,17.53,18.01,1056893,19979384.00
2011/11/23,18.19,18.21,17.83,17.93,520745,9839537.00
2011/11/24,17.56,17.88,17.26,17.63,481214,8918452.00
2011/11/25,17.63,17.99,17.25,17.28,525995,9753980.00
2011/11/28,17.21,17.36,16.13,16.56,2461720,42990060.00
2011/11/29,16.64,16.85,16.30,16.84,1740012,30526956.00
2011/11/30,16.66,16.80,16.21,16.53,1089407,18962940.00
2011/12/01,17.03,17.03,16.50,16.56,1762192,31230650.00
2011/12/02,16.75,16.75,15.95,16.31,838491,14454466.00
2011/12/05,16.21,16.21,15.60,15.84,671586,11295797.00
2011/12/06,15.82,16.03,15.50,15.70,795160,13229616.00
2011/12/07,15.90,16.03,15.61,15.88,470682,7918690.00
2011/12/08,15.88,16.23,15.70,15.92,684620,11590577.00
2011/12/09,15.87,16.10,15.73,15.98,516202,8737383.00
2011/12/12,16.09,16.15,15.85,15.87,283635,4793937.00
2011/12/13,15.88,15.96,14.70,14.73,928380,14827139.00
2011/12/14,14.98,14.99,14.05,14.23,566992,8678324.00
2011/12/15,14.30,14.30,13.70,14.05,623756,9249206.00
2011/12/16,14.11,14.50,13.90,14.50,528242,7993625.00
2011/12/19,14.47,14.95,13.95,14.50,841146,12995040.00
2011/12/20,14.45,14.55,13.96,14.02,747642,11368818.00
2011/12/21,14.28,14.35,13.25,13.27,684665,10108912.00
2011/12/22,13.06,13.28,12.63,12.94,791801,11035992.00
2011/12/23,12.95,13.20,12.79,13.05,641725,9005943.00
2011/12/26,13.05,13.34,12.98,13.05,349787,4947808.00
2011/12/27,13.05,13.10,12.74,12.78,410900,5671246.00
2011/12/28,12.57,12.79,12.27,12.48,482640,6452739.00
2011/12/29,12.48,12.57,12.35,12.36,340707,4568730.00
2011/12/30,12.50,12.82,12.36,12.74,1002638,13636079.00
2012/01/04,12.84,12.91,12.15,12.19,489015,6637792.00
2012/01/05,12.00,12.15,10.88,10.97,1701719,20776334.00
2012/01/06,11.03,11.03,10.40,10.74,831190,9653261.00
2012/01/09,10.71,11.42,10.71,11.40,1086745,13134634.00
2012/01/10,11.41,12.22,11.17,12.09,1903261,24403410.00
2012/01/11,12.14,12.80,12.05,12.46,1735325,23171634.00
2012/01/12,12.46,12.55,12.17,12.27,1117041,14879237.00
2012/01/13,12.50,12.54,11.66,11.67,934925,12114778.00
2012/01/16,11.66,11.67,11.30,11.38,454705,5627823.00
2012/01/17,11.42,12.37,11.28,12.31,863582,11070799.00
2012/01/18,12.40,12.78,12.25,12.27,1240336,16744811.00
2012/01/19,12.35,12.70,12.01,12.57,651973,8741435.00
2012/01/20,12.60,13.92,12.31,13.51,1612765,22797684.00
2012/01/30,13.51,13.54,13.17,13.22,1319558,18754764.00
2012/01/31,12.78,13.37,12.78,13.34,785191,11105517.00
2012/02/01,13.27,14.04,13.13,13.17,978630,14143228.00
2012/02/02,13.29,14.04,13.18,13.49,1028041,14861569.00
2012/02/03,13.49,13.70,13.36,13.67,1032728,14968972.00
2012/02/06,13.70,13.79,13.45,13.65,901412,13073760.00
2012/02/07,13.48,13.52,13.18,13.28,579180,8256334.00
2012/02/08,13.25,13.61,13.11,13.51,885631,12715168.00
2012/02/09,13.52,13.72,13.45,13.53,978110,14230486.00
2012/02/10,13.55,13.89,13.50,13.68,1131286,16557096.00
2012/02/13,13.68,13.85,13.48,13.64,1023419,14947476.00
2012/02/14,13.66,13.73,13.21,13.31,1652678,23725652.00
2012/02/15,13.31,13.85,13.26,13.78,2018879,29393072.00
2012/02/16,13.81,14.24,13.44,13.65,2347776,34593584.00
2012/02/17,13.70,13.78,13.40,13.47,1054033,15277403.00
2012/02/20,13.74,14.23,13.55,13.94,3058263,45492944.00
2012/02/21,13.85,14.25,13.67,14.24,2520803,37621504.00
2012/02/22,14.24,14.57,14.14,14.49,3381800,51735688.00
2012/02/23,14.48,15.06,14.37,15.05,3739681,58875044.00
2012/02/24,15.23,15.40,14.83,15.06,2878247,46070728.00
2012/02/27,15.11,15.23,14.85,14.86,2633125,41972280.00
2012/02/28,14.80,15.10,14.66,14.89,1924306,30446450.00
2012/02/29,14.75,14.94,14.64,14.66,1270500,19932804.00
2012/03/01,14.57,14.94,14.52,14.81,1781826,27931432.00
2012/03/02,14.94,15.04,14.82,15.00,1728891,27497724.00
2012/03/05,15.07,15.50,15.03,15.07,2240093,36266576.00
2012/03/06,15.08,15.08,14.56,14.82,1717105,27036670.00
2012/03/07,14.45,14.95,14.35,14.62,1076936,16882170.00
2012/03/08,14.55,14.84,14.55,14.73,1059856,16615043.00
2012/03/09,14.83,15.14,14.74,15.12,1895529,30224972.00
2012/03/12,15.22,15.55,15.03,15.20,1790529,29009706.00
2012/03/13,15.21,15.35,15.07,15.34,1810567,29277520.00
2012/03/14,15.43,15.50,14.05,14.25,2800246,44768076.00
2012/03/15,14.30,14.45,13.80,14.23,2031341,30656376.00
2012/03/16,14.20,14.60,14.05,14.58,1341249,20506776.00
2012/03/19,14.37,14.56,14.22,14.50,1466499,22505944.00
2012/03/20,14.50,14.50,13.84,13.89,1522437,22909416.00
2012/03/21,13.89,14.37,13.80,14.02,764184,11446872.00
2012/03/22,14.05,14.21,13.95,14.04,639348,9604402.00
2012/03/23,14.04,14.09,13.60,13.80,664604,9827318.00
2012/03/26,13.80,13.85,13.25,13.34,930751,13483174.00
2012/03/27,13.38,13.54,12.93,12.94,1650935,23435240.00
2012/03/28,12.91,13.10,12.23,12.23,1273960,17140902.00
2012/03/29,12.23,12.30,11.85,12.06,1105615,14453030.00
2012/03/30,12.09,12.18,11.95,12.07,675308,8796172.00
2012/04/05,12.07,12.43,12.05,12.42,1692446,22346312.00
2012/04/06,12.43,12.62,12.36,12.53,1562578,20990604.00
2012/04/09,12.55,13.01,12.37,12.79,1544448,21202556.00
2012/04/10,12.70,12.89,12.31,12.84,1045773,14177196.00
2012/04/11,12.65,12.90,12.60,12.79,866051,11890186.00
2012/04/12,12.79,13.13,12.75,13.11,1186654,16509426.00
2012/04/13,13.13,13.32,13.05,13.11,1548009,21873740.00
2012/04/16,13.06,13.24,13.03,13.10,1035656,14562435.00
2012/04/17,13.10,13.13,12.75,12.78,1017693,14081970.00
2012/04/18,12.93,13.37,12.67,13.30,1565612,21995830.00
2012/04/19,13.16,13.60,13.11,13.54,1950988,28015484.00
2012/04/20,13.65,14.10,13.46,14.08,2897381,42932692.00
2012/04/23,14.07,14.60,13.95,14.31,3284471,50411772.00
2012/04/24,13.89,13.89,12.78,13.18,4918383,69407016.00
2012/04/25,13.05,13.13,12.61,13.04,2149009,29664908.00
2012/04/26,13.13,13.13,12.81,12.91,1494936,20768256.00
2012/04/27,12.91,13.02,12.80,12.83,672900,9298963.00
2012/05/02,12.98,13.25,12.98,13.13,1387376,19473040.00
2012/05/03,13.08,13.29,12.97,13.25,1103860,15612985.00
2012/05/04,13.16,13.30,13.05,13.30,1035716,14621058.00
2012/05/07,13.25,13.25,13.09,13.21,744711,10502358.00
2012/05/08,13.19,13.62,13.18,13.54,1787533,25718792.00
2012/05/09,13.44,13.75,13.16,13.19,2096934,30236512.00
2012/05/10,13.11,13.20,12.73,12.90,1649956,22884656.00
2012/05/11,12.90,12.90,12.70,12.72,856989,11772473.00
2012/05/14,12.85,13.01,12.05,12.69,727818,9943492.00
2012/05/15,12.58,12.68,12.33,12.65,731547,9835825.00
2012/05/16,12.56,12.82,12.46,12.49,554562,7561601.00
2012/05/18,12.60,12.75,12.23,12.32,958353,12955613.00
2012/05/21,12.06,12.50,12.06,12.36,276944,3686719.00
2012/05/22,12.49,12.63,12.41,12.59,442136,5973616.00
2012/05/23,12.66,12.66,12.35,12.44,468771,6296927.00
2012/05/24,12.36,12.51,12.07,12.21,611362,8108495.00
2012/05/25,12.25,12.33,12.10,12.16,494463,6499410.00
2012/05/28,12.15,12.34,11.59,12.33,872706,11318876.00
2012/05/29,12.32,12.92,12.25,12.69,1466496,20083400.00
2012/05/30,12.62,12.78,12.59,12.74,704979,9627779.00
2012/05/31,12.60,13.19,12.55,13.13,1602791,22267298.00
2012/06/01,13.18,13.29,12.85,13.07,1117422,15636216.00
2012/06/04,12.85,12.90,12.46,12.52,417426,5629130.00
2012/06/05,12.53,12.95,12.43,12.93,920244,12383961.00
2012/06/06,12.90,13.04,12.70,12.78,414648,5665233.00
2012/06/07,12.90,12.95,12.40,12.81,659492,8892052.00
2012/06/08,12.91,12.91,12.56,12.58,347767,4687704.00
2012/06/11,12.59,12.80,12.40,12.73,838058,11226504.00
2012/06/12,12.70,12.70,12.40,12.43,446120,5927302.00
2012/06/13,12.42,12.65,12.24,12.47,766754,10126349.00
2012/06/14,12.53,12.55,12.36,12.38,412357,5467937.00
2012/06/15,12.40,12.49,12.00,12.16,719811,9345362.00
2012/06/18,12.36,12.36,12.10,12.21,409198,5325436.00
2012/06/19,12.28,12.28,12.02,12.03,472378,6083956.00
2012/06/20,12.20,12.34,12.12,12.27,574442,7493577.00
2012/06/21,12.28,12.35,12.06,12.21,468222,6093225.00
2012/06/25,12.13,12.13,11.68,11.71,529063,6682332.00
2012/06/26,11.70,11.80,11.39,11.59,425257,5229886.00
2012/06/27,11.53,11.67,11.42,11.43,278050,3436453.00
2012/06/28,11.48,11.55,11.25,11.29,362151,4428663.00
2012/06/29,11.20,11.36,10.92,11.34,344014,4127250.00
2012/07/02,11.50,11.50,11.34,11.44,401176,4899909.00
2012/07/03,11.42,11.56,11.30,11.36,297577,3640927.00
2012/07/04,11.39,11.44,11.28,11.36,302712,3673792.00
2012/07/05,11.36,11.40,11.00,11.09,280045,3336931.00
2012/07/06,10.87,11.38,10.87,11.31,426825,5111218.00
2012/07/09,11.25,11.28,10.98,11.00,326475,3903561.00
2012/07/10,10.90,11.16,10.88,10.89,288627,3389100.00
2012/07/11,10.90,11.03,10.87,10.96,172803,2028672.00
2012/07/12,11.01,11.30,10.84,11.18,471635,5579611.00
2012/07/13,11.15,11.38,11.12,11.24,342880,4136762.00
2012/07/16,11.30,11.37,10.98,11.00,421623,5048662.00
2012/07/17,10.91,11.13,10.91,11.06,278535,3288744.00
2012/07/18,11.04,11.64,10.83,11.64,957386,11708993.00
2012/07/19,11.57,11.67,11.48,11.65,752677,9324210.00
2012/07/20,11.55,11.78,11.51,11.59,466155,5791745.00
2012/07/23,11.28,11.48,11.26,11.34,190591,2317458.00
2012/07/24,11.32,11.45,11.29,11.39,225712,2747239.00
2012/07/25,11.53,11.56,11.12,11.28,325344,3929215.00
2012/07/26,11.35,11.35,11.07,11.28,445548,5356885.00
2012/07/27,11.30,11.37,11.13,11.16,218815,2636002.00
2012/07/30,11.14,11.23,10.75,10.83,262034,3081007.00
2012/07/31,10.80,10.82,10.42,10.53,308379,3519281.00
2012/08/01,10.50,10.70,10.50,10.51,733708,8356724.00
2012/08/02,10.54,10.63,10.28,10.30,414829,4675397.00
2012/08/03,10.31,10.47,10.25,10.45,277962,3109970.00
2012/08/06,10.45,10.70,10.40,10.69,625223,7087397.00
2012/08/07,10.60,10.83,10.60,10.75,521341,6006033.00
2012/08/08,10.75,10.80,10.60,10.71,408929,4713815.00
2012/08/09,10.62,10.87,10.60,10.83,608518,7026914.00
2012/08/10,10.85,11.99,10.83,11.99,4264502,53626276.00
2012/08/13,11.83,12.30,11.61,12.26,4366086,55877492.00
2012/08/14,12.53,12.55,11.81,11.99,4440354,56985012.00
2012/08/15,11.90,13.27,11.87,13.27,6599630,91176896.00
2012/08/16,13.37,14.55,13.20,13.68,10516093,153737504.00
2012/08/17,13.40,13.40,12.86,13.18,5217181,72645640.00
2012/08/20,13.04,13.29,12.70,13.17,3643034,50109696.00
2012/08/21,12.98,14.20,12.98,13.57,6215754,89504960.00
2012/08/22,13.36,13.59,13.02,13.16,4432517,62006700.00
2012/08/23,13.02,13.38,12.94,13.19,3248710,45215764.00
2012/08/24,13.16,13.16,12.40,12.50,2736463,37111928.00
2012/08/27,12.30,12.98,12.30,12.63,2483268,33438588.00
2012/08/28,12.61,13.00,12.55,12.84,1769848,24027504.00
2012/08/29,12.86,12.88,12.50,12.51,1511815,20354550.00
2012/08/30,12.50,13.25,12.28,13.22,3701981,50314128.00
2012/08/31,13.13,13.78,13.08,13.35,4777486,68297800.00
2012/09/03,13.22,13.76,12.92,13.75,4309796,60967144.00
2012/09/04,13.60,13.80,13.38,13.39,3277451,47010104.00
2012/09/05,13.10,13.58,13.09,13.16,2282323,32173340.00
2012/09/06,13.20,13.55,13.20,13.32,1936084,27426222.00
2012/09/07,13.57,14.05,13.44,13.87,5144198,75258880.00
2012/09/10,13.80,14.05,13.52,13.89,4054434,59178156.00
2012/09/11,14.04,14.46,13.81,14.03,4368827,64984760.00
2012/09/12,14.06,14.08,13.70,14.02,3088203,45464640.00
2012/09/13,13.99,15.48,13.69,14.64,6869839,105857208.00
2012/09/14,14.60,15.04,14.31,14.44,5308474,81982760.00
2012/09/17,14.70,14.70,13.81,13.84,2931321,43860208.00
2012/09/18,13.72,13.75,13.30,13.34,1844881,26438896.00
2012/09/19,13.44,13.55,13.22,13.48,1909457,27067258.00
2012/09/20,13.48,13.51,12.70,12.75,2517881,35044840.00
2012/09/21,12.70,12.76,12.40,12.57,1329667,17809572.00
2012/09/24,12.56,12.92,12.23,12.87,1163795,15810578.00
2012/09/25,12.92,12.92,12.60,12.67,889577,12029107.00
2012/09/26,12.67,12.72,12.24,12.28,925323,12256886.00
2012/09/27,12.27,12.75,12.11,12.65,1329657,17664218.00
2012/09/28,12.60,12.93,12.48,12.87,1400560,19017610.00
2012/10/08,12.92,13.19,12.78,13.07,1304610,17911100.00
2012/10/09,13.00,13.35,12.99,13.28,1459548,20475340.00
2012/10/10,13.37,13.85,13.26,13.41,2495978,35876096.00
2012/10/11,13.40,13.44,12.94,12.96,1684112,23568280.00
2012/10/12,12.97,13.28,12.88,13.15,1310825,18177400.00
2012/10/15,13.13,13.30,12.69,12.84,1357864,18626860.00
2012/10/16,12.93,13.12,12.70,12.89,1204719,16565868.00
2012/10/17,13.01,14.26,12.92,13.95,6416970,93728024.00
2012/10/18,13.85,14.10,13.63,13.99,4223976,61822224.00
2012/10/19,13.98,14.05,13.70,13.79,1808906,26511248.00
2012/10/22,13.82,14.28,13.51,14.14,2236114,32967212.00
2012/10/23,14.10,14.25,13.78,13.81,2054568,30382904.00
2012/10/24,13.60,13.84,13.56,13.63,1200551,17412530.00
2012/10/25,13.50,13.63,13.07,13.09,2480038,35114284.00
2012/10/26,13.09,13.37,12.92,12.97,1708343,23723776.00
2012/10/29,13.00,13.17,12.90,13.06,866291,11989812.00
2012/10/30,13.10,13.29,13.01,13.17,1017499,14202786.00
2012/10/31,13.17,13.29,13.04,13.24,943391,13191093.00
2012/11/01,13.24,13.74,13.24,13.60,1939313,27882404.00
2012/11/02,13.65,13.87,13.53,13.71,1735844,25203128.00
2012/11/05,13.71,13.84,13.36,13.49,1532602,22001318.00
2012/11/06,13.49,13.52,13.15,13.38,1340719,18852760.00
2012/11/07,13.39,13.57,13.35,13.49,1213856,17331512.00
2012/11/08,13.28,13.38,12.21,12.46,2880457,38931012.00
2012/11/09,12.44,12.57,12.25,12.35,916691,12130813.00
2012/11/12,12.20,12.54,12.20,12.48,944061,12491210.00
2012/11/13,12.49,12.53,12.03,12.10,1058974,13774295.00
2012/11/14,12.09,12.22,11.97,12.12,822437,10585151.00
2012/11/15,12.01,12.18,11.81,11.82,624462,7976056.00
2012/11/16,11.75,11.80,11.50,11.54,777764,9640437.00
2012/11/19,11.54,11.89,11.42,11.85,637549,7944793.00
2012/11/20,11.85,12.01,11.65,11.67,493051,6226573.00
2012/11/21,11.63,11.94,11.44,11.93,747544,9342388.00
2012/11/22,11.82,11.89,11.72,11.80,555165,6985061.00
2012/11/23,11.80,11.95,11.71,11.73,638853,8065573.00
2012/11/26,11.88,11.88,11.54,11.55,516623,6456344.00
2012/11/27,11.53,11.53,10.86,10.87,1083372,12861189.00
2012/11/28,10.88,10.92,10.68,10.78,606404,7037315.00
2012/11/29,10.84,10.92,10.53,10.62,742126,8608605.00
2012/11/30,10.65,10.85,10.62,10.80,677886,7844037.00
2012/12/03,10.83,10.86,10.55,10.68,1015244,11697013.00
2012/12/04,10.62,10.84,10.28,10.83,1097865,12442940.00
2012/12/05,10.69,11.54,10.60,11.35,2436808,29376280.00
2012/12/06,11.35,11.43,11.10,11.20,1172999,14135525.00
2012/12/07,11.29,11.65,11.11,11.63,1739955,21273466.00
2012/12/10,11.64,11.95,11.55,11.79,2053773,25838532.00
2012/12/11,11.80,11.80,11.53,11.56,1459264,18138536.00
2012/12/12,11.63,11.97,11.55,11.83,1638937,20658496.00
2012/12/13,11.78,11.80,11.49,11.51,818044,10162791.00
2012/12/14,11.50,12.08,11.47,12.04,1787021,22762424.00
2012/12/17,12.06,12.15,11.93,12.00,1919116,24599148.00
2012/12/18,11.93,12.13,11.85,12.00,1353256,17373230.00
2012/12/19,12.00,12.09,11.88,11.99,1016227,12987915.00
2012/12/20,11.97,11.97,11.73,11.95,1317209,16667914.00
2012/12/21,11.91,12.33,11.91,12.07,1788804,23180484.00
2012/12/24,12.12,12.55,12.00,12.47,2122274,27640964.00
2012/12/25,12.38,12.75,12.38,12.73,2456273,32977216.00
2012/12/26,12.73,12.96,12.61,12.76,2252613,30541788.00
2012/12/27,12.79,12.86,12.22,12.23,4479891,59900800.00
2012/12/28,12.19,12.51,12.18,12.45,2231181,29351444.00
2012/12/31,12.40,13.18,12.38,13.09,4197342,57370092.00
2013/01/04,13.07,13.12,12.79,12.88,2541764,34875640.00
2013/01/07,12.81,13.34,12.56,13.33,4004702,56042656.00
2013/01/08,13.35,13.75,13.08,13.51,4584245,65201104.00
2013/01/09,13.41,14.00,13.40,13.61,4179089,60647172.00
2013/01/10,13.58,13.75,13.45,13.62,2173276,31239356.00
2013/01/11,13.63,13.96,13.37,13.38,3649979,52766812.00
2013/01/14,13.28,14.70,13.18,14.53,5996577,89865376.00
2013/01/15,14.60,15.20,14.20,14.59,7457180,115157696.00
2013/01/16,14.45,14.66,14.10,14.59,5511626,83835168.00
2013/01/17,14.46,14.50,13.92,13.96,3190243,47535460.00
2013/01/18,14.00,14.30,13.90,14.19,2677986,39980260.00
2013/01/21,14.20,14.27,14.05,14.21,2016119,30131200.00
2013/01/22,14.11,14.22,13.61,13.65,2571455,37766144.00
2013/01/23,13.60,13.93,13.46,13.90,1769411,25801104.00
2013/01/24,13.89,14.30,13.34,13.55,2918457,42726036.00
2013/01/25,13.50,13.64,13.22,13.29,1362931,19373424.00
2013/01/28,13.42,13.86,13.31,13.86,1643745,23911932.00
2013/01/29,13.97,14.19,13.74,14.09,2493911,36904896.00
2013/01/30,14.15,14.16,13.65,13.92,1623805,23890774.00
2013/01/31,13.85,13.99,13.66,13.78,1331876,19408528.00
2013/02/01,13.72,13.89,13.60,13.80,1465892,21370964.00
2013/02/04,13.88,14.33,13.80,14.26,3598606,53588188.00
2013/02/05,14.10,14.23,13.89,14.09,2111932,31366040.00
2013/02/06,14.15,14.28,13.98,14.10,1874004,27970768.00
2013/02/07,14.15,14.26,13.96,14.21,2057686,30764280.00
2013/02/08,14.21,14.64,14.18,14.47,2539870,38835760.00
2013/02/18,14.58,14.64,14.30,14.33,2205607,33533348.00
2013/02/19,14.41,14.75,14.18,14.19,3156765,48263312.00
2013/02/20,14.19,14.31,13.91,14.25,2253574,33710532.00
2013/02/21,14.13,14.13,13.44,13.59,2561439,37402712.00
2013/02/22,13.61,13.86,13.56,13.57,1300376,18832608.00
2013/02/25,13.70,13.78,13.50,13.68,1506800,21777012.00
2013/02/26,13.61,13.80,13.46,13.63,1477343,21355520.00
2013/02/27,13.63,14.06,13.63,14.05,2033219,29810452.00
2013/02/28,14.07,14.29,14.00,14.25,2843648,42634016.00
2013/03/01,14.21,14.49,14.21,14.36,2442654,37040632.00
2013/03/04,14.26,14.26,13.63,13.76,2239642,32846480.00
2013/03/05,13.71,14.09,13.60,14.04,2548085,37380856.00
2013/03/06,14.09,14.54,13.96,14.47,3294636,49764396.00
2013/03/07,14.43,14.77,14.14,14.41,3388173,51817080.00
2013/03/08,14.43,14.73,14.29,14.30,2539655,38937384.00
2013/03/11,14.31,14.39,14.05,14.15,1277351,19162594.00
2013/03/12,14.14,14.46,13.61,13.88,1904406,28197780.00
2013/03/13,13.88,13.88,13.41,13.51,1289616,18545788.00
2013/03/14,13.52,13.76,13.52,13.62,934765,13488812.00
2013/03/15,13.62,13.92,13.35,13.59,1440138,20792874.00
2013/03/18,13.59,13.59,13.18,13.19,1242892,17591012.00
2013/03/19,13.25,13.44,13.00,13.41,917403,12902057.00
2013/03/20,13.38,13.77,13.36,13.74,1457549,21031870.00
2013/03/21,13.65,13.90,13.62,13.83,1499679,21875152.00
2013/03/22,13.83,14.97,13.68,14.76,5088648,78310144.00
2013/03/25,14.86,15.64,14.61,15.01,8366014,134467040.00
2013/03/26,14.79,15.30,14.69,14.82,4260248,67194504.00
2013/03/27,14.79,15.53,14.78,15.23,4437503,71160448.00
2013/03/28,15.15,15.15,14.51,14.61,3003456,46853288.00
2013/03/29,14.52,14.87,14.36,14.57,2341997,36138904.00
2013/04/01,14.47,14.88,14.31,14.75,1955536,30247540.00
2013/04/02,14.70,15.41,14.61,15.33,5252986,83848680.00
2013/04/03,15.33,15.48,14.80,15.10,3349120,53319140.00
2013/04/08,14.69,14.74,14.20,14.63,2629081,40262332.00
2013/04/09,14.60,14.86,14.53,14.68,1588957,24616296.00
2013/04/10,14.43,14.79,14.35,14.66,1604938,24669556.00
2013/04/11,14.62,14.75,14.45,14.50,1388738,21384746.00
2013/04/12,14.40,14.49,13.63,13.64,3045411,45102736.00
2013/04/15,13.63,14.15,13.38,14.14,1811324,26370762.00
2013/04/16,13.85,13.99,13.60,13.89,1401303,20519976.00
2013/04/17,13.90,13.99,13.65,13.77,878924,12844839.00
2013/04/18,13.72,14.09,13.60,14.02,1313420,19376400.00
2013/04/19,14.02,14.33,13.94,14.28,1798944,26963262.00
2013/04/22,14.20,14.32,14.04,14.22,1355540,20255556.00
2013/04/23,14.21,14.21,13.48,13.53,1757892,25573426.00
2013/04/24,13.52,13.87,13.52,13.81,1090500,15839025.00
2013/04/25,13.75,14.55,13.53,14.52,3781979,56509280.00
2013/04/26,14.37,14.52,14.00,14.08,2258544,34058240.00
2013/05/02,14.25,15.17,14.21,14.88,4608360,71679912.00
2013/05/03,14.75,15.16,14.70,15.00,3332042,52619744.00
2013/05/06,14.98,15.28,14.92,15.18,3800023,60558968.00
2013/05/07,15.16,15.27,14.86,15.08,3025834,47954928.00
2013/05/08,15.05,16.48,15.05,16.19,8222250,137004560.00
2013/05/09,16.09,16.48,15.86,16.47,6304693,107170600.00
2013/05/10,16.38,16.44,15.93,16.18,4228668,71735464.00
2013/05/13,16.20,17.02,16.18,16.77,4989931,87515552.00
2013/05/14,16.79,16.95,16.12,16.25,4319267,74852904.00
2013/05/15,16.21,16.45,16.04,16.32,2669897,45586312.00
2013/05/16,16.34,16.80,16.13,16.47,3181491,54932732.00
2013/05/17,16.70,16.70,16.20,16.58,3197273,55259344.00
2013/05/20,16.50,17.37,16.45,17.31,5232834,92546448.00
2013/05/21,17.20,17.28,16.93,17.23,3106569,55576796.00
2013/05/22,17.16,17.24,16.34,16.41,4539785,79335632.00
2013/05/23,16.32,16.69,16.11,16.11,2341191,40202772.00
2013/05/24,16.13,16.48,16.05,16.42,2887914,49145212.00
2013/05/27,16.44,16.71,16.23,16.59,2420950,41825840.00
2013/05/28,16.54,16.54,16.26,16.51,1728555,29723836.00
2013/05/29,16.51,17.02,16.48,16.94,3145198,55520416.00
2013/05/30,16.85,17.02,16.56,16.74,2404533,42214788.00
2013/05/31,16.70,16.71,16.28,16.32,2388833,41211500.00
2013/06/03,16.11,16.53,16.10,16.29,1731471,29665504.00
2013/06/04,16.39,16.49,15.77,15.93,1529647,25301976.00
2013/06/05,15.93,16.12,15.82,16.02,830405,13678868.00
2013/06/06,15.85,15.99,15.53,15.60,1106394,17991028.00
2013/06/07,15.61,15.85,15.38,15.44,1285671,20662868.00
2013/06/13,15.46,15.46,14.51,14.64,1822240,27815716.00
2013/06/14,14.61,14.88,14.56,14.79,1282728,19582260.00
2013/06/17,14.84,14.98,14.65,14.87,1240598,19032946.00
2013/06/18,14.92,15.35,14.85,15.21,1769485,27620614.00
2013/06/19,15.14,15.14,14.60,14.95,1375706,21037562.00
2013/06/20,14.81,14.97,14.18,14.24,1234258,18683754.00
2013/06/21,14.00,14.21,13.51,14.10,1292781,18721788.00
2013/06/24,13.98,13.98,12.84,12.98,1882063,26028216.00
2013/06/25,12.71,13.06,11.74,12.87,1925352,25139928.00
2013/06/26,12.86,13.10,12.62,13.09,1356667,18221990.00
2013/06/27,13.11,13.60,13.01,13.49,2819724,39088600.00
2013/06/28,13.25,13.59,13.12,13.25,1499276,20690284.00
2013/07/01,13.24,13.40,12.95,13.40,1211595,16625218.00
2013/07/02,13.30,13.60,13.28,13.60,1319712,18432100.00
2013/07/03,13.61,13.61,13.07,13.34,1342204,18504560.00
2013/07/04,13.16,13.75,13.14,13.62,1691872,23784584.00
2013/07/05,13.61,13.70,13.36,13.37,1354387,19034120.00
2013/07/08,13.28,13.28,12.66,12.72,1203648,16048082.00
2013/07/09,12.69,12.79,12.51,12.71,766550,10103621.00
2013/07/10,12.73,13.07,12.51,13.01,2171455,28876528.00
2013/07/11,13.01,13.58,12.93,13.45,2400286,33194004.00
2013/07/12,13.45,13.66,13.30,13.32,1837687,25703620.00
2013/07/15,13.36,13.77,13.32,13.76,1614877,22741476.00
2013/07/16,13.68,13.98,13.52,13.93,1977185,28197060.00
2013/07/17,13.88,14.63,13.76,14.50,4292655,62682208.00
2013/07/18,14.35,14.48,14.05,14.25,2759182,40817644.00
2013/07/19,14.34,14.38,13.49,13.50,2502106,36143436.00
2013/07/22,13.41,13.79,13.22,13.78,1261699,17766700.00
2013/07/23,13.80,14.28,13.74,14.21,1889754,27607474.00
2013/07/24,14.18,14.36,13.95,14.29,1721571,25264732.00
2013/07/25,14.27,14.70,14.13,14.18,1878627,28030614.00
2013/07/26,14.10,14.15,13.76,14.08,1332725,19258692.00
2013/07/29,13.88,14.04,13.52,13.67,1373376,19564764.00
2013/07/30,13.76,13.76,13.31,13.75,1133390,15984111.00
2013/07/31,13.74,13.95,13.72,13.75,1042358,14917584.00
2013/08/01,13.80,14.14,13.76,14.12,1602423,23271572.00
2013/08/02,14.12,14.25,14.03,14.10,1510973,22144088.00
2013/08/05,14.15,14.47,14.01,14.39,1610765,23893620.00
2013/08/06,14.40,14.47,14.17,14.39,1862796,27624860.00
2013/08/07,14.36,14.46,14.09,14.12,1637687,24125020.00
2013/08/08,14.11,14.27,14.05,14.17,1058729,15536868.00
2013/08/09,14.17,14.43,14.10,14.36,1732590,25630100.00
2013/08/12,14.40,14.61,14.32,14.60,2484451,37212384.00
2013/08/13,14.60,15.22,14.53,14.98,3670154,56723056.00
2013/08/14,14.90,14.98,14.67,14.76,2009765,30735468.00
2013/08/15,14.71,14.77,14.46,14.49,1772793,26734782.00
2013/08/16,14.33,14.79,13.99,14.10,2334473,34692320.00
2013/08/19,13.91,14.40,13.88,14.37,1321463,19405548.00
2013/08/20,14.24,14.60,14.24,14.41,1287153,19214312.00
2013/08/21,14.38,14.38,14.15,14.29,1641870,24214996.00
2013/08/22,14.26,14.45,14.14,14.35,893201,13254394.00
2013/08/23,14.41,14.45,13.92,14.21,1388819,20371240.00
2013/08/26,14.21,14.58,14.21,14.57,1417792,21212818.00
2013/08/27,14.58,14.70,14.40,14.69,1654045,24917650.00
2013/08/28,14.59,15.24,14.53,15.19,5198024,80839152.00
2013/08/29,14.70,14.73,14.08,14.23,5628095,83783912.00
2013/08/30,14.20,14.20,13.53,13.62,3653791,52228496.00
2013/09/02,13.70,13.86,13.56,13.81,1625835,23077828.00
2013/09/03,13.84,14.12,13.68,14.02,2008615,29057788.00
2013/09/04,13.99,14.03,13.80,13.84,1695015,24406598.00
2013/09/05,13.85,13.92,13.51,13.53,2677344,37839700.00
2013/09/06,13.53,13.75,13.51,13.69,1386764,19638602.00
2013/09/09,13.70,14.03,13.69,13.93,2670216,38310792.00
2013/09/10,13.96,13.97,13.78,13.90,2541653,36536656.00
2013/09/11,13.92,14.65,13.92,14.62,6238868,92283968.00
2013/09/12,14.46,14.50,14.25,14.31,2840801,42126296.00
2013/09/13,14.33,14.41,14.04,14.12,1658617,24279360.00
2013/09/16,14.12,14.27,13.84,13.98,1571559,22784504.00
2013/09/17,14.05,14.05,13.63,13.67,1365757,19482356.00
2013/09/18,13.67,13.86,13.60,13.85,959194,13650620.00
2013/09/23,13.85,13.98,13.77,13.93,1221479,17550598.00
2013/09/24,13.92,13.94,13.74,13.79,1596613,22809610.00
2013/09/25,13.79,13.94,13.77,13.82,1277463,18319800.00
2013/09/26,13.90,13.90,13.40,13.42,1424244,20068080.00
2013/09/27,13.44,13.55,13.30,13.38,1233785,17168030.00
2013/09/30,13.39,13.48,13.35,13.46,584915,8132747.00
2013/10/08,13.38,13.65,13.32,13.58,781442,10976278.00
2013/10/09,13.57,13.81,13.51,13.79,955695,13592309.00
2013/10/10,13.83,13.83,13.58,13.60,1078890,15253306.00
2013/10/11,13.61,13.79,13.61,13.73,1347290,19137488.00
2013/10/14,13.73,14.06,13.73,14.01,2045283,29562860.00
2013/10/15,14.00,14.00,13.73,13.86,1702956,24407426.00
2013/10/16,13.86,13.86,13.37,13.39,1546698,21738540.00
2013/10/17,13.45,13.60,13.35,13.41,1056950,14782717.00
2013/10/18,13.41,13.58,13.39,13.52,666925,9328809.00
2013/10/21,13.65,13.79,13.43,13.73,1517446,21451532.00
2013/10/22,13.79,13.97,13.65,13.85,2463365,35349976.00
2013/10/23,13.80,13.97,13.58,13.64,1611814,22981022.00
2013/10/24,13.65,13.65,13.39,13.48,920344,12877386.00
2013/10/25,13.50,13.61,13.35,13.49,835344,11655720.00
2013/10/28,13.36,13.55,13.36,13.41,718724,10019722.00
2013/10/29,13.43,13.54,12.49,12.71,1561886,20865394.00
2013/10/30,12.55,12.79,12.36,12.73,1401463,18269974.00
2013/10/31,12.68,12.73,12.53,12.64,669156,8789971.00
2013/11/01,12.61,12.61,12.40,12.47,643410,8357185.00
2013/11/04,12.47,12.64,12.42,12.61,429110,5594017.00
2013/11/05,12.54,12.66,12.45,12.63,520643,6802140.00
2013/11/06,12.68,12.87,12.30,12.68,777602,10266136.00
2013/11/07,12.59,12.66,12.42,12.44,496118,6461153.00
2013/11/08,12.40,12.44,12.00,12.13,810183,10272760.00
2013/11/11,12.22,12.29,12.02,12.29,322331,4092063.00
2013/11/12,12.33,12.38,12.22,12.37,423046,5426463.00
2013/11/13,12.38,12.68,12.38,12.42,929011,12129779.00
2013/11/14,12.54,12.77,12.35,12.75,1063473,14008492.00
2013/11/15,12.74,13.13,12.74,12.93,1608935,21643720.00
2013/11/18,12.98,13.82,12.94,13.64,3517417,49261632.00
2013/11/19,13.70,13.70,13.41,13.62,1903229,26653234.00
2013/11/20,13.62,14.51,13.47,14.32,6332033,92909720.00
2013/11/21,14.32,14.57,14.12,14.39,4497896,66804144.00
2013/11/22,14.32,14.45,14.12,14.13,2681853,39739140.00
2013/11/25,14.15,14.69,14.12,14.19,3171526,47344124.00
2013/11/26,14.23,14.24,13.89,14.20,1960715,28582612.00
2013/11/27,14.09,14.38,14.07,14.30,1903195,28050440.00
2013/11/28,14.35,14.58,14.18,14.21,2200670,32703796.00
2013/11/29,14.35,14.60,14.09,14.55,2958855,44184984.00
2013/12/02,14.19,14.30,13.55,13.62,2519631,36210712.00
2013/12/03,13.64,14.07,13.60,13.95,1311707,18864092.00
2013/12/04,13.89,14.34,13.78,14.21,1623394,23779332.00
2013/12/05,14.35,14.97,14.30,14.63,3549230,54014852.00
2013/12/06,14.52,14.75,14.31,14.39,1535884,22990660.00
2013/12/09,14.33,14.50,14.29,14.46,1128137,16800170.00
2013/12/10,14.45,14.46,14.15,14.22,1179477,17465900.00
2013/12/11,14.20,14.36,13.97,14.12,1024905,15030465.00
2013/12/12,14.20,14.22,13.85,13.90,1244355,18020802.00
2013/12/13,13.94,14.05,13.92,13.98,632935,9164100.00
2013/12/16,13.97,14.23,13.80,13.99,1540464,22361586.00
2013/12/17,14.01,14.16,13.93,14.07,1205598,17556298.00
2013/12/18,14.02,14.07,13.72,13.76,806309,11572636.00
2013/12/19,13.80,13.86,13.57,13.58,689375,9780499.00
2013/12/20,13.65,13.75,13.22,13.26,850164,11804106.00
2013/12/23,13.28,13.45,13.05,13.18,497181,6856777.00
2013/12/24,13.38,13.78,13.17,13.45,1104006,15525407.00
2013/12/25,13.45,13.94,13.20,13.92,1514963,21534436.00
2013/12/26,13.92,13.92,13.56,13.61,747613,10612611.00
2013/12/27,13.61,14.05,13.61,13.88,1359204,19508848.00
2013/12/30,13.93,14.27,13.85,13.91,1069411,15493011.00
2013/12/31,13.91,13.99,13.65,13.77,604038,8649674.00
2014/01/02,13.75,13.95,13.70,13.91,760837,10890842.00
2014/01/03,13.89,13.89,13.54,13.60,846221,11971218.00
2014/01/06,13.48,13.48,12.85,13.20,1294559,17639424.00
2014/01/07,13.19,13.20,12.93,13.13,537385,7292674.00
2014/01/08,13.18,13.49,13.00,13.00,758347,10348692.00
2014/01/09,12.99,13.09,12.70,12.71,692881,9296636.00
2014/01/10,12.57,12.89,12.55,12.78,475079,6271094.00
2014/01/13,12.78,12.88,12.55,12.70,526468,6924437.00
2014/01/14,12.63,13.10,12.58,13.04,566582,7518216.00
2014/01/15,12.95,13.16,12.90,13.04,397083,5355932.00
2014/01/16,13.10,13.10,12.93,13.04,366829,4949044.00
2014/01/17,12.86,13.05,12.78,12.88,318304,4261233.00
2014/01/20,12.88,13.45,12.84,13.26,1523688,20964912.00
2014/01/21,13.30,13.38,13.15,13.27,479403,6587495.00
2014/01/22,13.38,13.47,13.28,13.37,1426805,19785708.00
2014/01/23,13.39,13.40,13.10,13.22,1433887,19699516.00
2014/01/24,13.22,13.38,13.14,13.32,856731,11814571.00
2014/01/27,13.31,13.31,13.10,13.11,692145,9453856.00
2014/01/28,13.11,13.16,12.85,12.90,1009775,13564878.00
2014/01/29,12.94,13.01,12.74,12.98,667976,8930096.00
2014/01/30,12.94,12.97,12.66,12.80,625961,8320079.00
2014/02/07,12.72,13.05,12.58,13.02,737422,9866077.00
2014/02/10,13.02,13.38,13.02,13.33,1486829,20482868.00
2014/02/11,13.31,13.77,13.27,13.74,2046981,28622514.00
2014/02/12,13.74,13.76,13.57,13.74,1057749,14970010.00
2014/02/13,13.69,13.77,13.50,13.50,1159404,16386498.00
2014/02/14,13.46,13.62,13.38,13.61,1133238,15888289.00
2014/02/17,13.64,14.70,13.64,14.09,3215673,46892168.00
2014/02/18,14.10,14.25,13.90,13.99,1861823,27000122.00
2014/02/19,13.94,14.13,13.81,13.88,2172324,31395412.00
2014/02/20,13.97,14.16,13.82,13.83,1712236,24781284.00
2014/02/21,13.86,13.89,13.66,13.72,1192444,16999616.00
2014/02/24,13.78,13.83,13.52,13.80,979553,13874426.00
2014/02/25,13.79,13.82,13.01,13.10,2035580,28511522.00
2014/02/26,13.10,13.18,12.91,13.14,1134101,15344031.00
2014/02/27,13.17,13.29,12.95,12.97,1146924,15618168.00
2014/02/28,12.97,13.12,12.90,13.08,972903,13130824.00
2014/03/03,13.15,13.30,12.92,13.27,1181658,16164598.00
2014/03/04,13.23,13.35,13.05,13.18,919534,12583520.00
2014/03/05,13.25,13.54,13.17,13.49,1657217,22995856.00
2014/03/06,13.42,13.50,13.16,13.43,904800,12511696.00
2014/03/07,13.43,13.58,13.28,13.40,1012397,14105300.00
2014/03/10,13.39,13.39,12.88,12.89,1025469,13881053.00
2014/03/11,12.81,12.97,12.70,12.88,832877,11129087.00
2014/03/12,12.90,12.94,12.70,12.84,602229,8021200.00
2014/03/13,12.90,13.00,12.83,12.92,580141,7795172.00
2014/03/14,12.94,13.15,12.92,13.01,662385,8971349.00
2014/03/17,13.01,13.15,12.83,13.14,805208,10898589.00
2014/03/18,13.10,13.24,13.03,13.17,1114014,15187776.00
2014/03/19,13.17,13.17,12.95,13.06,752227,10172397.00
2014/03/20,13.01,13.14,12.74,12.75,812080,10953907.00
2014/03/21,12.75,12.97,12.62,12.89,1444807,19208596.00
2014/03/24,12.89,13.05,12.85,12.97,1036521,13931522.00
2014/03/25,12.97,13.06,12.91,13.00,710777,9579884.00
2014/03/26,13.00,13.04,12.91,13.00,611264,8233308.00
2014/03/27,13.00,13.01,12.79,12.81,654846,8799857.00
2014/03/28,12.90,12.94,12.70,12.71,812496,10794704.00
2014/03/31,12.75,12.83,12.62,12.69,537729,7104151.00
2014/04/01,12.67,12.80,12.65,12.80,651889,8621459.00
2014/04/02,12.80,12.88,12.74,12.79,595423,7925096.00
2014/04/03,12.83,12.95,12.70,12.92,822164,10958980.00
2014/04/04,12.87,12.98,12.76,12.94,725366,9718363.00
2014/04/08,12.87,13.24,12.85,13.18,1435566,19533010.00
2014/04/09,13.16,13.19,13.03,13.16,977768,13311697.00
2014/04/10,13.18,13.26,13.08,13.19,1096726,15009425.00
2014/04/11,13.21,13.21,13.10,13.12,744775,10167280.00
2014/04/14,13.12,13.19,13.05,13.19,655513,8924570.00
2014/04/15,13.20,13.48,13.12,13.34,2017110,27953128.00
2014/04/16,13.35,13.55,13.26,13.51,1240458,17199696.00
2014/04/17,13.52,13.56,13.43,13.51,1080627,15116474.00
2014/04/18,13.52,13.98,13.36,13.97,5319914,76045856.00
2014/04/21,13.76,13.95,13.66,13.77,3171044,45369544.00
2014/04/22,13.09,13.09,12.34,12.36,5218855,68057904.00
2014/04/23,12.22,12.36,12.07,12.23,2061092,26221710.00
2014/04/24,12.22,12.59,12.11,12.41,2299939,29592300.00
2014/04/25,12.35,12.60,12.25,12.53,1826983,23617856.00
2014/04/28,12.49,12.58,12.27,12.33,1338712,17290800.00
2014/04/29,12.40,12.82,12.33,12.80,3804525,49682944.00
2014/04/30,12.60,12.85,12.48,12.54,2133414,27910864.00
2014/05/05,12.45,12.49,12.11,12.32,1150309,14645812.00
2014/05/06,12.29,12.36,12.20,12.33,918853,11763031.00
2014/05/07,12.22,12.32,12.08,12.09,815871,10342353.00
2014/05/08,12.02,12.23,11.90,12.05,954390,11967932.00
2014/05/09,12.05,12.08,11.90,11.96,549959,6857272.00
2014/05/12,12.12,12.27,11.93,12.24,1019452,12877534.00
2014/05/13,12.17,12.26,12.07,12.19,798748,10116195.00
2014/05/14,12.10,12.26,12.00,12.10,493336,6248978.00
2014/05/15,12.10,12.20,11.98,11.99,607413,7645889.00
2014/05/16,11.95,12.10,11.80,11.87,593170,7363305.00
2014/05/19,11.94,12.00,11.84,11.99,583659,7247465.00
2014/05/20,11.95,12.05,11.95,12.05,697457,8727224.00
2014/05/21,12.00,12.24,11.96,12.21,623660,7863209.00
2014/05/22,12.14,12.35,12.13,12.29,881528,11229716.00
2014/05/23,12.24,12.38,12.19,12.36,775920,9916262.00
2014/05/26,12.53,12.58,12.37,12.51,879193,11384684.00
2014/05/27,12.45,12.78,12.38,12.76,1403611,18389100.00
2014/05/28,12.76,12.90,12.59,12.88,1415909,18789424.00
2014/05/29,12.97,12.97,12.72,12.89,1391221,18510452.00
2014/05/30,12.85,13.07,12.68,12.99,1415745,18971192.00
2014/06/03,13.00,13.04,12.87,12.87,756147,10147085.00
2014/06/04,12.70,12.85,12.40,12.70,1051413,13784498.00
2014/06/05,12.54,13.21,12.54,13.17,1589315,21388418.00
2014/06/06,13.05,13.17,12.91,13.04,1167693,15816565.00
2014/06/09,13.03,13.05,12.79,12.83,614467,8234987.00
2014/06/10,12.93,12.93,12.64,12.89,428875,5720816.00
2014/06/11,12.91,12.93,12.78,12.89,574282,7655899.00
2014/06/12,12.89,12.95,12.78,12.91,717533,9600672.00
2014/06/13,12.93,12.98,12.80,12.91,842313,11291278.00
2014/06/16,12.93,13.16,12.87,13.15,1150593,15282966.00
2014/06/17,13.15,13.21,13.05,13.12,796544,10677344.00
2014/06/18,13.20,13.20,12.88,12.97,545728,7236835.00
2014/06/19,12.97,13.09,12.56,12.71,542321,7049468.00
2014/06/20,12.15,12.79,12.15,12.76,428019,5523946.00
2014/06/23,12.63,12.85,12.50,12.74,499851,6477609.00
2014/06/24,12.66,12.84,12.60,12.71,895557,11567583.00
2014/06/25,12.62,12.64,12.48,12.55,518654,6635266.00
2014/06/26,12.49,12.67,12.46,12.59,718591,9235713.00
2014/06/27,12.63,12.68,12.51,12.65,581788,7480292.00
2014/06/30,12.70,13.08,12.63,12.68,2444215,31998864.00
2014/07/01,12.75,13.95,12.72,13.57,4116149,56340416.00
2014/07/02,13.43,13.92,13.43,13.75,3155247,43901144.00
2014/07/03,13.65,13.70,13.45,13.46,2205076,30452244.00
2014/07/04,13.53,14.66,13.53,14.43,5854976,84997616.00
2014/07/07,14.35,15.10,14.35,15.01,6562719,98362064.00
2014/07/08,14.96,15.17,14.76,14.99,4513931,68789560.00
2014/07/09,14.92,15.73,14.90,15.22,5455458,84726752.00
2014/07/10,15.09,15.39,14.94,14.98,3139223,48087036.00
2014/07/11,14.98,15.13,14.90,15.11,2239019,34197408.00
2014/07/14,15.03,15.43,14.90,15.35,3140237,48647000.00
2014/07/15,15.45,15.93,15.15,15.43,4274924,67631712.00
2014/07/16,15.26,15.43,14.45,15.05,2950880,45031200.00
2014/07/17,14.75,15.00,14.56,14.71,1278491,19138336.00
2014/07/18,14.45,14.70,14.35,14.59,1565643,23153014.00
2014/07/21,14.61,16.07,14.59,16.07,13026306,208685840.00
2014/07/22,16.22,16.42,15.55,15.67,12907757,209584240.00
2014/07/23,16.33,17.26,16.33,17.26,12887189,224198656.00
2014/07/24,17.75,19.01,17.66,19.01,26882405,510641376.00
2014/07/25,18.44,18.64,17.32,17.78,18710148,339688928.00
2014/07/28,17.71,18.39,17.16,18.00,18623719,336229728.00
2014/07/29,17.55,18.38,17.33,18.23,17794941,323703040.00
2014/07/30,18.03,20.08,17.63,20.06,23794527,465913504.00
2014/07/31,19.31,19.86,18.86,19.57,19264574,376775168.00
2014/08/01,19.23,19.51,18.27,18.41,12304051,234753760.00
2014/08/04,18.42,18.93,18.25,18.69,8187995,154188768.00
2014/08/05,18.56,18.85,17.91,18.66,9486600,177316848.00
2014/08/06,18.45,18.71,18.16,18.47,5669684,105972704.00
2014/08/07,18.40,18.70,17.96,18.16,5826295,107941000.00
2014/08/08,18.05,18.53,18.00,18.18,4750049,88039472.00
2014/08/11,18.26,18.50,18.07,18.44,5683498,105462520.00
2014/08/12,19.15,19.65,18.70,18.78,12494045,242869728.00
2014/08/13,18.74,18.75,18.06,18.44,6362042,118536256.00
2014/08/14,18.25,18.83,18.08,18.30,6043875,112828976.00
2014/08/15,18.25,18.44,18.04,18.28,4361190,80501304.00
2014/08/18,18.29,18.65,18.16,18.62,5151309,95688992.00
2014/08/19,18.55,19.31,18.28,19.04,9755378,186137136.00
2014/08/20,18.79,18.93,18.48,18.58,5415596,102541840.00
2014/08/21,18.48,18.52,17.54,17.88,6494860,118741208.00
2014/08/22,17.81,17.87,17.47,17.72,3748490,67083744.00
2014/08/25,17.67,17.68,17.36,17.43,2852841,50556896.00
2014/08/26,17.32,17.32,16.77,16.84,4602375,79093504.00
2014/08/27,16.76,17.31,16.76,17.01,3087276,53499752.00
2014/08/28,17.04,17.19,16.48,16.51,3225742,55122696.00
2014/08/29,16.73,17.85,16.71,17.71,7902716,139815040.00
2014/09/01,17.90,18.23,17.66,18.05,6620542,120413072.00
2014/09/02,18.05,18.88,17.85,18.55,9539995,177267504.00
2014/09/03,18.51,18.51,18.12,18.30,6466896,119719952.00
2014/09/04,18.30,18.94,18.11,18.60,6869249,129346416.00
2014/09/05,18.45,18.58,18.10,18.28,4873649,90188992.00
2014/09/09,18.21,18.89,18.11,18.78,6366754,119640640.00
2014/09/10,18.75,19.68,18.25,18.98,9710035,188130608.00
2014/09/11,18.89,20.35,18.75,19.83,13200033,259925968.00
2014/09/12,19.65,21.14,19.25,20.92,15820182,326131424.00
2014/09/15,20.74,21.85,20.36,20.47,11485674,241180048.00
2014/09/16,20.56,20.56,18.96,19.00,8629664,171707056.00
2014/09/17,18.75,19.13,18.47,18.88,4035568,76947056.00
2014/09/18,18.79,19.03,18.69,18.92,2732321,52144192.00
2014/09/19,18.92,19.50,18.85,19.23,3244017,63204496.00
2014/09/22,19.34,19.34,18.55,18.65,3088015,58898376.00
2014/09/23,18.75,19.72,18.75,19.71,5675945,111165600.00
2014/09/24,19.72,20.50,19.48,20.01,6625195,135442640.00
2014/09/25,19.85,20.60,19.62,20.09,6276486,128316320.00
2014/09/26,19.89,20.33,19.70,19.83,3735011,75474672.00
2014/09/29,20.03,20.10,19.62,19.78,3701622,74053024.00
2014/09/30,19.78,19.78,19.25,19.57,3688322,72654584.00
2014/10/08,19.52,20.27,19.52,20.26,5444879,110402056.00
2014/10/09,20.26,20.41,19.71,20.18,4439356,90011368.00
2014/10/10,20.13,21.18,19.98,20.97,10244807,213697984.00
2014/10/13,20.70,20.72,20.10,20.49,5955837,123191824.00
2014/10/14,20.46,21.30,20.29,20.74,5788175,122079272.00
2014/10/15,20.65,20.86,19.92,20.32,3396402,69741976.00
2014/10/16,20.20,20.35,19.55,19.60,3019793,61273456.00
2014/10/17,19.15,19.65,18.56,19.21,5159648,99627376.00
2014/10/20,19.21,21.16,18.98,20.95,9535813,197917376.00
2014/10/21,21.15,22.74,20.75,22.03,14613886,317921120.00
2014/10/22,21.65,23.24,21.55,22.43,11696215,267079664.00
2014/10/23,21.91,24.25,21.91,23.84,10979139,261200336.00
2014/10/24,23.61,24.15,23.08,23.85,7990384,191665952.00
2014/10/27,23.45,23.95,23.03,23.57,6002516,142599568.00
2014/10/28,23.56,25.95,23.47,25.95,7717960,197397584.00
2014/10/29,26.76,28.05,25.90,26.95,12721807,342167616.00
2014/10/30,26.41,26.75,25.99,26.07,7276426,193469360.00
2014/10/31,25.96,26.42,24.67,25.12,8146266,207842768.00
2014/11/03,25.25,25.62,24.87,25.45,4912536,125065480.00
2014/11/04,25.35,25.39,24.57,24.86,4137030,104627480.00
2014/11/05,25.02,25.31,24.18,25.21,4211068,106018112.00
2014/11/06,24.95,25.23,24.60,25.06,2646669,66561588.00
2014/11/07,25.06,27.48,25.05,27.42,8895338,235614576.00
2014/11/10,27.31,27.33,26.29,26.52,5024673,135509808.00
2014/11/11,26.57,28.03,23.84,23.84,11697258,301914560.00
2014/11/12,23.05,23.33,22.00,22.55,12911405,294330240.00
2014/11/13,22.25,22.55,21.10,21.64,11231889,246023712.00
2014/11/14,21.35,22.09,21.06,21.67,6183487,135403680.00
2014/11/17,21.70,22.25,21.46,22.03,4953154,110379024.00
2014/11/18,22.01,22.20,21.13,21.64,6304915,137057696.00
2014/11/19,21.35,21.94,21.25,21.74,4349121,94989096.00
2014/11/20,21.75,22.15,21.62,21.84,3729690,82744544.00
2014/11/21,21.99,22.04,21.56,21.80,3306140,72605920.00
2014/11/24,21.96,22.44,21.46,22.27,7031906,156630976.00
2014/11/25,22.45,22.58,22.03,22.28,5300294,119553800.00
2014/11/26,22.29,22.35,21.75,22.17,5256057,117016264.00
2014/11/27,22.20,22.41,21.93,22.15,5200916,116717096.00
2014/11/28,22.25,22.30,21.45,21.61,5053691,111472104.00
2014/12/01,21.45,21.46,20.45,20.45,6882469,144345904.00
2014/12/02,20.48,20.90,20.45,20.73,3448777,72261848.00
2014/12/03,20.73,20.96,20.16,20.94,5581320,115951488.00
2014/12/04,20.93,21.21,20.62,21.16,5198922,110751304.00
2014/12/05,21.20,23.30,20.99,23.30,17373056,394162976.00
2014/12/08,23.74,25.20,23.68,24.30,15780229,391237184.00
2014/12/09,24.30,24.30,21.85,21.85,11750272,272945632.00
2014/12/10,20.75,22.70,20.26,21.99,7386226,160348736.00
2014/12/11,21.73,22.20,20.96,21.74,7116891,154640864.00
2014/12/12,21.70,21.74,21.20,21.62,3765068,81769856.00
2014/12/15,20.95,21.64,20.56,21.54,3991375,85843568.00
2014/12/16,21.45,23.23,21.40,23.04,8169109,184930496.00
2014/12/17,22.95,22.95,21.97,22.16,5011627,112898480.00
2014/12/18,22.14,23.15,21.91,22.60,6261678,143752272.00
2014/12/19,22.35,22.50,21.13,21.71,4709653,103284688.00
2014/12/22,21.67,21.67,19.86,20.13,4850178,99884800.00
2014/12/23,20.07,20.49,19.53,19.58,2479527,50223796.00
2014/12/24,19.65,20.51,19.65,20.20,2117486,43072160.00
2014/12/25,20.35,20.89,20.15,20.57,1799849,37416996.00
2014/12/26,20.50,20.64,20.00,20.36,2423239,49780172.00
2014/12/29,20.30,20.31,19.65,19.85,2917645,58543804.00
2014/12/30,19.86,20.55,19.78,20.05,2447736,49982320.00
2014/12/31,20.17,20.75,20.17,20.43,2632040,54504116.00
2015/01/05,20.39,20.39,19.46,19.96,3047008,61082920.00
2015/01/06,20.15,20.69,19.80,20.58,3159871,65227800.00
2015/01/07,20.58,20.58,20.10,20.29,2110131,43250856.00
2015/01/08,20.29,20.55,20.06,20.07,1751679,35898916.00
2015/01/09,20.15,20.40,19.73,19.75,2056051,41840396.00
2015/01/12,19.75,19.75,18.82,18.90,2085401,40458296.00
2015/01/13,18.92,19.34,18.92,19.22,1134379,22007208.00
2015/01/14,19.16,19.82,19.15,19.54,1811429,35721600.00
2015/01/15,19.54,19.65,19.37,19.46,1647001,32503800.00
2015/01/16,19.63,19.64,19.41,19.48,1595699,31491792.00
2015/01/19,18.88,20.92,17.75,20.69,6343140,129525712.00
2015/01/20,20.55,21.49,20.43,21.25,5514909,117739560.00
2015/01/21,21.21,21.41,20.64,21.24,6734801,142680320.00
2015/01/22,21.22,22.51,20.85,22.08,6883173,150851552.00
2015/01/23,21.78,21.90,21.14,21.27,5035137,109465768.00
2015/01/26,21.15,21.73,21.15,21.35,3207327,69433280.00
2015/01/27,21.36,21.45,20.80,21.37,3143493,67326056.00
2015/01/28,21.50,22.33,21.46,21.76,5688536,126346376.00
2015/01/29,21.45,21.61,21.16,21.46,2315323,50154384.00
2015/01/30,21.47,21.92,21.01,21.07,1775914,38243456.00
2015/02/02,20.75,20.75,20.25,20.41,2392732,49558208.00
2015/02/03,20.30,20.75,20.30,20.58,1969446,41016764.00
2015/02/04,20.74,21.69,20.60,21.23,3854642,82926832.00
2015/02/05,21.33,21.35,20.66,20.67,2229665,47206884.00
2015/02/06,20.59,20.65,19.93,20.00,1710805,35035976.00
2015/02/09,19.77,20.13,19.76,19.87,1149279,23243386.00
2015/02/10,19.88,20.26,19.83,20.06,1095092,22164304.00
2015/02/11,20.10,20.44,20.00,20.43,1066210,21875218.00
2015/02/12,20.43,21.33,20.29,21.16,2136983,45334752.00
2015/02/13,21.15,21.57,21.15,21.23,2142710,46367640.00
2015/02/16,21.28,21.95,21.28,21.89,2976772,65644812.00
2015/02/17,21.89,22.33,21.78,22.15,2850390,63712236.00
2015/02/25,22.15,22.20,21.66,21.92,2186826,48466140.00
2015/02/26,21.92,22.18,21.66,22.02,1500452,33134356.00
2015/02/27,22.15,23.34,22.15,22.70,3623438,83528864.00
2015/03/02,23.25,23.75,22.71,23.70,6428251,152495024.00
2015/03/03,24.15,24.15,23.27,23.28,3492380,83224056.00
2015/03/04,23.25,23.53,23.00,23.33,2106218,49481888.00
2015/03/05,23.33,23.47,22.55,22.73,2841881,65549372.00
2015/03/06,22.61,22.92,22.60,22.81,1484634,34196048.00
2015/03/09,22.81,22.95,22.34,22.65,1811439,41340332.00
2015/03/10,22.64,23.29,22.48,23.26,2718986,63310312.00
2015/03/11,23.28,24.04,23.19,23.82,3736323,89618792.00
2015/03/12,23.82,24.26,23.59,23.89,2547377,61635316.00
2015/03/13,23.72,24.25,23.62,24.09,2558988,61676136.00
2015/03/16,24.25,24.36,23.86,24.22,3232680,78852608.00
2015/03/17,24.26,25.30,24.22,24.58,3765441,93845976.00
2015/03/18,24.58,24.95,24.40,24.75,2399844,59741272.00
2015/03/19,24.75,25.95,24.52,25.59,4264447,109335680.00
2015/03/20,25.75,25.85,25.35,25.67,2617925,67566808.00
2015/03/23,25.63,26.03,25.30,25.92,2825471,73171952.00
2015/03/24,25.84,25.84,24.16,25.15,4308036,109838928.00
2015/03/25,25.13,25.40,24.78,25.28,3014180,76184672.00
2015/03/26,25.75,26.49,25.28,25.57,4629440,121230048.00
2015/03/27,25.55,26.25,25.15,26.21,4302350,112780664.00
2015/03/30,26.23,28.19,26.23,27.58,5402504,148724960.00
2015/03/31,27.63,27.85,26.75,27.21,3628457,99868232.00
2015/04/01,26.95,27.76,26.90,27.69,2585080,71840344.00
2015/04/02,27.77,28.10,27.54,27.65,2982788,83318344.00
2015/04/03,27.65,27.65,26.96,27.20,3883065,106393632.00
2015/04/07,27.21,29.52,26.85,29.47,5870838,164183072.00
2015/04/08,29.15,30.75,28.25,30.19,6540128,194234128.00
2015/04/09,29.75,30.95,28.25,29.84,3811266,114565152.00
2015/04/10,29.55,31.75,29.27,31.64,4240347,132555680.00
2015/04/13,31.64,34.83,31.46,34.83,5498832,186405584.00
2015/04/14,34.84,37.55,34.65,35.02,5957678,216881616.00
2015/04/15,34.25,36.95,33.10,35.37,5321580,186249312.00
2015/04/16,35.37,37.40,33.98,36.11,3267068,119233944.00
2015/04/17,36.00,36.73,35.41,35.48,3642244,131645424.00
2015/04/20,34.75,34.88,32.25,32.30,6483035,218589344.00
2015/04/21,31.25,33.54,30.76,32.63,5318210,174402832.00
2015/04/22,32.95,35.22,32.44,34.44,5466176,186853696.00
2015/04/23,35.03,37.45,34.75,34.87,5887935,211747280.00
2015/04/24,33.76,35.00,33.08,33.66,3782974,129032880.00
2015/04/27,33.64,34.25,32.79,33.11,4342106,145643888.00
2015/04/28,32.77,33.95,32.63,32.70,3190636,106466912.00
2015/04/29,32.68,33.40,32.33,33.14,2161863,71864272.00
2015/04/30,32.80,35.54,32.80,34.65,3914813,134227296.00
2015/05/04,35.55,35.55,33.65,34.12,3052166,105136928.00
2015/05/05,34.00,34.41,32.60,32.62,3243077,109109536.00
2015/05/06,32.52,33.34,32.44,32.53,2159499,71585432.00
2015/05/07,32.53,32.75,30.05,30.22,1936265,61395344.00
2015/05/08,30.96,31.45,30.46,31.13,1827875,56863668.00
2015/05/11,31.75,33.65,31.75,33.38,2691834,89499800.00
2015/05/12,33.75,34.18,33.35,33.97,2800500,95303344.00
2015/05/13,33.83,35.25,33.53,33.97,3650686,126935248.00
2015/05/14,34.58,35.23,34.40,35.02,5309057,186509056.00
2015/05/15,35.50,38.55,33.45,38.13,7383269,264881808.00
2015/05/18,38.04,39.95,36.25,38.84,6595698,258928336.00
2015/05/19,39.22,39.22,37.75,38.41,3291723,127053672.00
2015/05/20,38.43,40.03,36.75,39.37,6327336,247844416.00
2015/05/21,39.65,40.07,38.35,38.95,5080440,199556320.00
2015/05/22,39.55,39.56,37.75,38.16,5240161,202307952.00
2015/05/25,37.85,42.00,37.25,42.00,9969558,395474944.00
2015/05/26,42.85,45.50,41.85,44.73,6652478,295147264.00
2015/05/27,44.25,47.83,42.76,47.76,6038020,275096288.00
2015/05/28,46.65,47.61,43.74,43.95,4348120,200923408.00
2015/05/29,42.67,46.15,40.75,44.66,4262574,188185088.00
2015/06/01,44.71,46.80,44.60,46.35,2978482,138200544.00
2015/06/02,46.43,48.23,45.85,47.49,2833073,134337280.00
2015/06/03,48.23,48.23,44.00,45.19,4202870,192114400.00
2015/06/04,43.87,45.84,41.75,43.32,3237081,143056128.00
2015/06/05,45.20,45.20,43.55,44.08,3326494,148339824.00
2015/06/08,43.30,44.15,41.75,42.80,4521949,195621152.00
2015/06/09,42.81,43.43,42.25,42.57,2256603,96985816.00
2015/06/10,42.55,46.85,42.55,46.85,5525065,255803872.00
2015/06/11,46.95,51.56,46.94,51.44,7115399,356067424.00
2015/06/12,51.12,53.00,50.01,51.32,4050469,207751200.00
2015/06/15,51.45,56.45,50.00,52.86,5769616,310150400.00
2015/06/16,51.32,53.99,48.80,51.08,4373872,225287408.00
2015/06/17,50.03,51.99,47.59,51.22,3130594,156892368.00
2015/06/18,51.01,51.30,46.60,47.53,4317828,211770192.00
2015/06/19,46.50,46.98,42.86,43.46,2929375,130543832.00
2015/06/23,43.45,44.90,39.11,42.85,4326599,180629872.00
2015/06/24,44.06,46.32,44.00,46.22,5043959,227529056.00
2015/06/25,47.49,47.80,42.40,44.07,4483862,206800608.00
2015/06/26,42.13,42.69,39.66,39.68,5390170,217637440.00
2015/06/29,41.22,43.00,35.71,35.71,7162182,268051424.00
2015/06/30,35.71,38.50,32.14,38.43,5165773,179890368.00
2015/07/01,38.00,40.08,34.59,34.97,5158434,195666336.00
2015/07/02,34.97,35.50,31.47,31.47,5011496,160906848.00
2015/07/03,29.85,31.45,28.32,28.32,4325499,124724728.00
2015/07/06,31.10,31.10,25.49,25.49,7175754,196721552.00
2015/07/07,23.88,23.89,22.94,22.94,2593957,59963748.00
2015/07/08,20.65,20.65,20.65,20.65,541900,11190235.00
2015/07/09,18.59,22.72,18.59,22.72,11584637,240191056.00
2015/07/10,22.90,24.99,22.48,24.99,9352856,229753792.00
2015/07/13,25.50,27.49,25.02,27.49,9111302,242830624.00
2015/07/14,27.69,29.98,25.76,27.90,10087246,283976224.00
2015/07/15,26.30,27.27,25.11,25.11,7725512,198028176.00
2015/07/16,22.70,26.26,22.70,25.03,7573527,186039216.00
2015/07/17,25.45,27.53,24.71,27.53,8899870,241515744.00
2015/07/20,28.01,30.28,27.80,30.28,12733490,380203104.00
2015/07/21,30.68,32.80,28.50,32.16,7953538,251922624.00
2015/07/22,32.16,34.20,31.01,33.59,8910303,296237984.00
2015/07/23,33.81,34.36,32.50,33.99,5723657,191012336.00
2015/07/24,33.90,35.48,32.50,33.08,6462739,219494640.00
2015/07/27,31.80,33.57,29.77,29.77,5169999,162628320.00
2015/07/28,26.93,30.59,26.92,27.99,7637206,212960384.00
2015/07/29,29.00,30.17,26.80,30.10,4855520,138392096.00
2015/07/30,30.00,32.50,29.30,30.03,6272326,194540512.00
2015/07/31,29.00,29.99,27.50,28.10,4094506,117274896.00
2015/08/03,27.88,27.88,25.29,25.29,4738101,122195328.00
2015/08/04,25.30,27.55,24.71,27.30,4977793,131424480.00
2015/08/05,27.33,28.32,26.40,27.33,5662832,156596128.00
2015/08/06,26.02,27.75,26.02,27.60,2555813,69420056.00
2015/08/07,27.65,28.80,27.65,28.46,3884767,110137144.00
2015/08/10,29.00,31.08,29.00,30.78,5427302,165357696.00
2015/08/11,31.00,32.00,30.05,30.80,4844764,150914112.00
2015/08/12,30.90,32.93,30.10,31.74,5563070,179042672.00
2015/08/13,31.00,32.20,29.98,32.15,4126021,128987424.00
2015/08/14,32.35,35.37,31.86,35.37,8529675,286295360.00
2015/08/17,35.97,38.91,35.60,38.91,12529040,476246112.00
2015/08/18,38.31,38.40,35.02,35.02,8817279,319456992.00
2015/08/19,32.00,37.20,31.52,35.36,8376084,279956064.00
2015/08/20,35.00,35.49,32.01,32.37,4772848,161908256.00
2015/08/21,32.00,34.49,31.10,31.40,6910712,227148944.00
2015/08/24,29.83,30.79,28.26,28.26,7665625,218062256.00
2015/08/25,25.43,28.70,25.43,27.01,6395076,170627552.00
2015/08/26,26.60,29.20,26.60,27.96,5115144,144024656.00
2015/08/27,28.60,30.00,27.70,29.99,3787716,109798752.00
2015/08/28,30.95,32.99,30.80,32.99,5402352,175048928.00
2015/08/31,33.00,35.89,32.85,33.05,6613586,225161552.00
2015/09/01,32.47,34.54,29.76,31.05,5042284,158234576.00
2015/09/02,28.01,32.25,27.95,27.99,4037862,119385200.00
2015/09/07,28.40,30.79,28.40,30.79,3345679,102474200.00
2015/09/08,31.95,33.87,31.10,33.87,4571496,148436912.00
2015/09/09,33.55,37.19,33.54,36.53,6166465,221569328.00
2015/09/10,36.09,37.98,34.50,35.01,5787263,209603184.00
2015/09/11,35.02,37.18,34.55,36.40,5636806,202901456.00
2015/09/14,36.95,38.50,33.33,34.03,6250698,225062128.00
2015/09/15,31.60,35.60,31.60,35.31,4493635,152909040.00
2015/09/16,35.39,38.84,35.39,38.84,5790635,215728672.00
2015/09/17,38.94,41.00,36.70,36.76,9710370,376228192.00
2015/09/18,36.21,37.52,35.01,35.90,4876243,176830176.00
2015/09/21,35.00,39.49,34.00,39.49,5639759,212141632.00
2015/09/22,39.99,40.59,38.25,39.08,5357915,210976720.00
2015/09/23,38.18,39.74,37.30,38.64,3221848,125031024.00
2015/09/24,38.90,39.60,37.58,38.05,2975852,114261136.00
2015/09/25,38.10,39.85,37.29,38.35,4530621,176318096.00
2015/09/28,38.20,38.22,36.02,37.19,3529997,130263008.00
2015/09/29,36.66,37.73,35.80,36.30,2602811,95094120.00
2015/09/30,36.97,38.49,36.31,36.70,2053730,76424176.00
2015/10/08,38.50,38.88,37.12,38.38,2499566,95355344.00
2015/10/09,38.05,38.55,37.37,38.37,3043554,115640736.00
2015/10/12,39.30,42.08,38.54,41.59,3955038,159339888.00
2015/10/13,40.60,42.00,40.60,40.84,2851279,117270696.00
2015/10/14,40.64,41.44,39.42,39.52,2858950,114050968.00
2015/10/15,39.51,40.18,38.90,40.15,1987762,79220840.00
2015/10/16,40.44,41.41,39.37,40.06,2284687,91961648.00
2015/10/19,40.06,40.34,38.40,39.44,2393672,93306384.00
2015/10/20,39.44,39.91,38.55,39.86,2109031,82413808.00
2015/10/21,40.00,40.05,36.00,36.53,3236463,123171472.00
2015/10/22,36.19,37.62,35.77,37.21,2071701,76099248.00
2015/10/23,37.31,37.98,36.21,37.78,2318525,85879056.00
2015/10/26,37.76,39.10,37.76,38.41,1874993,72034240.00
2015/10/27,38.55,39.73,37.08,39.30,3153713,122861344.00
2015/10/28,39.30,40.00,37.84,38.43,1715940,66791148.00
2015/10/29,38.16,38.72,37.29,37.79,1858906,70284168.00
2015/10/30,37.78,37.97,36.80,36.94,1635626,61078536.00
2015/11/02,35.30,37.35,35.00,36.15,1163724,42434232.00
2015/11/03,36.50,37.50,35.70,36.89,1189385,43616584.00
2015/11/04,37.30,38.00,36.55,37.88,1237767,46414776.00
2015/11/05,37.96,38.39,36.70,37.26,1774083,66624332.00
2015/11/06,37.31,38.60,37.00,38.57,1983102,75278648.00
2015/11/09,38.10,39.82,38.02,39.28,2854040,111418640.00
2015/11/10,39.01,39.24,38.48,38.88,1886041,73171976.00
2015/11/11,38.80,39.45,38.60,39.18,1565481,61420344.00
2015/11/12,39.11,39.30,38.30,38.86,1812853,70095848.00
2015/11/13,38.52,40.00,38.05,39.24,2740024,107966416.00
2015/11/16,38.89,42.13,36.81,42.02,6573063,267082400.00
2015/11/17,41.87,45.80,41.60,45.01,6524168,288405728.00
2015/11/18,44.10,45.44,43.50,44.17,2877374,127295704.00
2015/11/19,43.82,47.98,43.82,47.22,4113097,191871712.00
2015/11/20,47.23,47.88,45.50,46.98,3558243,166537952.00
2015/11/23,46.00,47.50,45.52,46.29,1999175,92643200.00
2015/11/24,46.31,46.86,44.61,45.03,1612869,72961520.00
2015/11/25,45.96,45.97,45.02,45.50,1102244,50060204.00
2015/11/26,45.50,49.29,45.30,48.18,2709800,128779256.00
2015/11/27,48.40,49.50,43.37,43.41,2699520,124636880.00
2015/11/30,43.51,44.75,40.50,42.96,2607922,112424360.00
2015/12/01,43.37,43.89,41.06,41.68,1447912,61957880.00
2015/12/02,41.68,42.80,38.00,40.99,1224484,49555220.00
2015/12/03,41.00,43.60,40.59,43.36,1255150,53278248.00
2015/12/04,43.36,44.85,42.77,43.37,1105158,48288400.00
2015/12/07,43.80,47.71,43.80,47.71,5705503,267550784.00
2015/12/08,47.81,48.99,45.18,45.47,2624926,122512528.00
2015/12/09,45.01,47.73,44.38,46.93,1497794,69093424.00
2015/12/10,46.46,47.34,44.62,44.68,1381900,62701056.00
2015/12/11,44.50,45.14,42.80,44.27,850730,37419728.00
2015/12/14,45.01,45.95,43.39,44.76,1443765,64079448.00
2015/12/15,44.76,47.25,44.03,45.28,1948487,89385472.00
2015/12/16,44.76,45.26,43.37,43.82,2565193,112643920.00
2015/12/17,43.98,45.45,43.58,45.31,2574981,113861128.00
2015/12/18,44.70,46.26,44.65,45.90,2469191,113006656.00
2015/12/21,45.98,46.48,45.00,45.20,1776619,80909456.00
2015/12/22,45.26,45.49,43.21,44.12,1762797,77550272.00
2015/12/23,44.11,44.39,43.41,44.18,1464434,64136668.00
2015/12/24,44.10,44.45,42.80,43.20,806827,34995420.00
2015/12/25,43.20,44.00,42.70,43.95,658097,28638460.00
2015/12/28,44.19,44.20,42.00,42.15,1008900,43679564.00
2015/12/29,43.20,43.33,42.31,42.39,819216,34851648.00
2015/12/30,42.20,43.15,42.10,42.42,946036,40312316.00
2015/12/31,42.43,43.30,42.18,42.30,743766,31739358.00
2016/01/04,42.11,43.00,38.22,38.37,885098,35864192.00
2016/01/05,34.95,37.60,34.53,35.66,3013396,107908264.00
2016/01/06,35.80,36.19,35.08,35.69,1559049,55644168.00
2016/01/07,35.70,35.70,32.30,33.50,354900,12118018.00
2016/01/08,31.33,35.50,31.33,34.77,2074753,71432488.00
2016/01/11,33.98,36.18,33.00,33.27,1736902,60360984.00
2016/01/12,33.30,34.70,32.70,34.20,974094,32940092.00
2016/01/13,34.32,35.88,33.50,34.35,1014664,35107880.00
2016/01/14,33.78,36.00,33.15,35.81,1066895,37204240.00
2016/01/15,35.68,36.80,34.21,34.43,991400,35106956.00
2016/01/18,33.31,34.90,32.80,34.48,1140713,38763456.00
2016/01/19,34.35,35.75,33.84,35.55,771934,27101472.00
2016/01/20,35.23,35.98,34.28,34.30,828830,28833280.00
2016/01/21,34.00,34.87,32.80,33.85,845285,28716648.00
2016/01/22,33.59,34.20,32.80,33.84,674359,22732934.00
2016/01/25,35.12,35.12,33.62,33.85,536101,18426382.00
2016/01/26,33.59,33.60,31.20,32.37,1422408,46416840.00
2016/01/27,32.14,33.20,29.60,33.02,852902,26598772.00
2016/01/28,32.24,32.96,31.35,32.54,750234,24222320.00
2016/01/29,32.55,33.32,32.18,32.99,643544,21144638.00
2016/02/01,32.52,33.21,32.15,32.54,271871,8876053.00
2016/02/02,32.99,33.58,32.49,33.39,547040,18193576.00
2016/02/03,33.66,35.38,33.10,34.70,883958,30405366.00
2016/02/04,34.70,35.85,34.20,34.64,909631,31866868.00
2016/02/05,35.10,35.19,33.51,34.75,687766,23525536.00
2016/02/15,33.62,34.75,32.18,34.10,237108,8030972.00
2016/02/16,34.40,35.00,34.15,34.89,781643,27131060.00
2016/02/17,35.00,35.70,34.66,35.09,713151,25046212.00
2016/02/18,35.10,35.15,34.21,34.30,586537,20290278.00
2016/02/19,34.30,34.54,33.41,33.79,527109,17853064.00
2016/02/22,34.09,37.17,33.85,37.17,1868302,66697720.00
2016/02/23,37.10,37.47,35.80,36.31,1316601,47964528.00
2016/02/24,36.30,36.30,34.60,35.81,1002211,35586920.00
2016/02/25,35.35,35.75,32.23,32.33,1106607,37107164.00
2016/02/26,31.99,32.83,31.63,32.60,902249,29136088.00
2016/02/29,32.27,35.12,29.34,33.01,1364734,42090768.00
2016/03/01,32.52,33.78,31.80,33.48,882139,29173294.00
2016/03/02,33.48,34.80,32.72,34.44,887830,30073144.00
2016/03/03,34.22,35.00,33.90,34.05,650964,22343700.00
2016/03/04,34.58,34.58,32.35,33.42,942345,31249624.00
2016/03/07,33.60,33.99,32.69,33.39,621394,20676316.00
2016/03/08,33.20,33.56,31.50,33.30,556766,18128960.00
2016/03/09,32.90,33.30,32.10,32.96,685747,22504692.00
数据来源:通达信
