600533 栖霞建设 日线 前复权
      日期	    开盘	    最高	    最低	    收盘	    成交量	    成交额
2011/01/04,4.49,4.80,4.48,4.66,12384126,64523456.00
2011/01/05,4.67,4.70,4.61,4.62,6783522,35081568.00
2011/01/06,4.65,4.67,4.57,4.65,5643241,29135316.00
2011/01/07,4.60,4.80,4.57,4.69,16669552,87256712.00
2011/01/10,4.66,4.78,4.57,4.61,11595286,60495400.00
2011/01/11,4.60,4.77,4.58,4.76,9285005,48460692.00
2011/01/12,4.74,4.89,4.71,4.82,15922003,85065496.00
2011/01/13,4.85,4.85,4.71,4.74,6483143,34236120.00
2011/01/14,4.70,4.75,4.63,4.65,6338932,32969586.00
2011/01/17,4.64,4.64,4.34,4.37,10707209,53558180.00
2011/01/18,4.37,4.41,4.32,4.37,4702180,22995904.00
2011/01/19,4.38,4.44,4.33,4.44,3736950,18393420.00
2011/01/20,4.44,4.44,4.23,4.24,4788831,23288166.00
2011/01/21,4.27,4.45,4.24,4.30,6438046,31406904.00
2011/01/24,4.34,4.39,4.30,4.33,3224612,15727146.00
2011/01/25,4.36,4.40,4.29,4.35,3787169,18478264.00
2011/01/26,4.35,4.41,4.31,4.38,3174523,15557932.00
2011/01/27,4.31,4.38,4.26,4.36,5236204,25470932.00
2011/01/28,4.36,4.44,4.33,4.42,7887097,38823192.00
2011/01/31,4.40,4.42,4.27,4.38,6008669,29346072.00
2011/02/01,4.37,4.40,4.34,4.39,2918934,14305336.00
2011/02/09,4.33,4.37,4.29,4.31,4096351,19903148.00
2011/02/10,4.31,4.37,4.25,4.37,5852288,28400912.00
2011/02/11,4.36,4.53,4.32,4.46,12229967,60392016.00
2011/02/14,4.46,4.56,4.44,4.53,11447557,57767272.00
2011/02/15,4.54,4.57,4.50,4.52,8007800,40586176.00
2011/02/16,4.49,4.54,4.47,4.54,6809111,34274796.00
2011/02/17,4.54,4.54,4.47,4.49,6951031,34974424.00
2011/02/18,4.48,4.56,4.44,4.49,7770385,39025620.00
2011/02/21,4.44,4.53,4.44,4.53,5540906,27804494.00
2011/02/22,4.54,4.54,4.37,4.39,6980891,34668856.00
2011/02/23,4.39,4.49,4.36,4.45,5457211,27087988.00
2011/02/24,4.45,4.64,4.43,4.60,15133456,77141928.00
2011/02/25,4.59,4.60,4.48,4.54,8252709,41798024.00
2011/02/28,4.60,4.67,4.56,4.65,12137279,62545368.00
2011/03/01,4.67,4.72,4.63,4.68,11028053,57456812.00
2011/03/02,4.64,4.71,4.55,4.64,10313013,53080668.00
2011/03/03,4.65,4.74,4.58,4.61,8939732,46528276.00
2011/03/04,4.60,4.73,4.59,4.72,10049322,52380172.00
2011/03/07,4.77,4.83,4.73,4.78,13740692,73018656.00
2011/03/08,4.77,4.88,4.74,4.81,8574635,45754208.00
2011/03/09,4.82,4.85,4.74,4.77,7936133,42078856.00
2011/03/10,4.75,4.77,4.67,4.70,7903845,41382632.00
2011/03/11,4.65,4.83,4.65,4.69,7668945,40528928.00
2011/03/14,4.68,4.74,4.62,4.74,8231796,42793348.00
2011/03/15,4.69,4.70,4.55,4.62,8818989,45319408.00
2011/03/16,4.63,4.68,4.59,4.66,4925760,25482380.00
2011/03/17,4.63,4.74,4.57,4.64,9792499,50855500.00
2011/03/18,4.67,4.73,4.66,4.70,7660308,40067432.00
2011/03/21,4.70,4.79,4.64,4.77,14698443,77520968.00
2011/03/22,4.77,4.79,4.66,4.73,6560718,34440812.00
2011/03/23,4.74,5.07,4.72,4.99,37288163,203987264.00
2011/03/24,4.97,5.03,4.92,4.93,19335048,106409920.00
2011/03/25,4.94,5.24,4.94,5.16,34596676,195888848.00
2011/03/28,5.25,5.73,5.17,5.45,64890723,391106368.00
2011/03/29,5.37,5.65,5.37,5.44,34551790,208921952.00
2011/03/30,5.42,5.50,5.25,5.32,15169303,88974384.00
2011/03/31,5.32,5.35,5.14,5.17,11973507,68739912.00
2011/04/01,5.16,5.33,5.15,5.31,12979211,75205400.00
2011/04/06,5.27,5.45,5.22,5.34,14186127,83575936.00
2011/04/07,5.32,5.38,5.24,5.32,10936923,63826900.00
2011/04/08,5.29,5.38,5.24,5.38,10365017,60624264.00
2011/04/11,5.42,5.45,5.19,5.22,12394143,71852248.00
2011/04/12,5.21,5.25,5.06,5.10,15384507,87246304.00
2011/04/13,5.07,5.18,5.05,5.18,8094026,45818832.00
2011/04/14,5.18,5.21,5.09,5.11,9004106,51055448.00
2011/04/15,5.10,5.33,5.08,5.32,17776977,102128896.00
2011/04/18,5.30,5.38,5.24,5.34,20053038,117073632.00
2011/04/19,5.30,5.30,5.13,5.20,11356273,64995008.00
2011/04/20,5.19,5.23,5.13,5.15,8278980,47220856.00
2011/04/21,5.17,5.25,5.13,5.20,6343785,36271444.00
2011/04/22,5.20,5.21,5.09,5.14,7118103,40369552.00
2011/04/25,5.10,5.19,5.08,5.08,5627630,31759558.00
2011/04/26,5.07,5.11,4.73,4.80,18446981,99548416.00
2011/04/27,4.82,4.86,4.56,4.64,26953725,139994208.00
2011/04/28,4.63,4.64,4.48,4.52,9666403,49257900.00
2011/04/29,4.53,4.63,4.50,4.63,5841134,29836706.00
2011/05/03,4.63,4.68,4.57,4.66,5858488,30233552.00
2011/05/04,4.66,4.66,4.52,4.54,5907379,30232912.00
2011/05/06,4.56,4.61,4.53,4.60,5368691,27456808.00
2011/05/09,4.59,4.66,4.59,4.63,3982825,20530916.00
2011/05/11,4.65,4.73,4.57,4.70,8827818,45933620.00
2011/05/12,4.65,4.77,4.62,4.66,8357708,43680568.00
2011/05/13,4.70,4.73,4.65,4.72,6165222,32200308.00
2011/05/16,4.72,4.81,4.70,4.77,8839155,46861468.00
2011/05/17,4.78,4.85,4.73,4.77,9990528,53176644.00
2011/05/18,4.81,4.81,4.73,4.79,5133591,27289968.00
2011/05/19,4.82,4.82,4.70,4.72,5698299,30057392.00
2011/05/20,4.71,4.74,4.66,4.69,3314288,17288448.00
2011/05/23,4.67,4.68,4.49,4.51,5770064,29348072.00
2011/05/24,4.51,4.53,4.46,4.50,4208185,21143794.00
2011/05/25,4.52,4.55,4.42,4.42,5248217,26248964.00
2011/05/26,4.46,4.49,4.40,4.41,5176161,25712260.00
2011/05/27,4.40,4.42,4.34,4.35,5023300,24647696.00
2011/05/30,4.35,4.36,4.28,4.29,2659845,12878618.00
2011/05/31,4.30,4.40,4.30,4.38,2388696,11645606.00
2011/06/01,4.39,4.40,4.34,4.39,2624510,12848377.00
2011/06/02,4.36,4.36,4.23,4.29,3784315,18205464.00
2011/06/03,4.30,4.38,4.26,4.36,2425946,11815021.00
2011/06/07,4.36,4.41,4.33,4.38,2318359,11376393.00
2011/06/08,4.40,4.49,4.35,4.46,3946401,19545504.00
2011/06/09,4.43,4.46,4.33,4.34,3648293,17943626.00
2011/06/13,4.34,4.40,4.33,4.37,2638100,12910244.00
2011/06/14,4.38,4.63,4.37,4.51,9666592,48860128.00
2011/06/15,4.51,4.55,4.47,4.51,5170781,26045942.00
2011/06/16,4.49,4.54,4.42,4.43,5539921,27743532.00
2011/06/17,4.43,4.55,4.42,4.47,6227549,31186008.00
2011/06/20,4.47,4.55,4.40,4.42,5614747,27149492.00
2011/06/21,4.48,4.62,4.48,4.58,8699313,42754456.00
2011/06/22,4.58,4.60,4.51,4.55,5362046,26270952.00
2011/06/23,4.54,4.68,4.51,4.64,9068634,45072140.00
2011/06/24,4.64,4.87,4.62,4.80,19419256,99725272.00
2011/06/27,4.83,4.85,4.75,4.79,7872815,40407240.00
2011/06/28,4.83,4.90,4.72,4.86,9667278,49846472.00
2011/06/29,4.85,4.85,4.70,4.71,7646747,39173532.00
2011/06/30,4.71,4.80,4.69,4.76,6494703,33181550.00
2011/07/01,4.77,4.91,4.77,4.82,15177663,79057512.00
2011/07/04,4.83,5.00,4.82,4.93,12969598,68651176.00
2011/07/05,4.95,4.99,4.88,4.95,6821974,36100792.00
2011/07/06,4.93,4.94,4.86,4.91,6205444,32612888.00
2011/07/07,4.86,4.94,4.85,4.88,11049743,57825004.00
2011/07/08,4.86,4.88,4.81,4.84,4466892,23206566.00
2011/07/11,4.83,4.91,4.81,4.89,4952611,25928852.00
2011/07/12,4.85,4.86,4.75,4.77,4736958,24433654.00
2011/07/13,4.78,4.83,4.76,4.82,3187640,16421481.00
2011/07/14,4.82,4.85,4.77,4.82,3628115,18735016.00
2011/07/15,4.78,4.80,4.59,4.65,27219729,136416256.00
2011/07/18,4.63,4.68,4.55,4.65,13825672,68459496.00
2011/07/19,4.62,4.64,4.59,4.63,5022410,24934038.00
2011/07/20,4.63,4.66,4.56,4.63,4269449,21151448.00
2011/07/21,4.62,4.63,4.54,4.55,4658475,22940280.00
2011/07/22,4.55,4.60,4.55,4.57,2517993,12391494.00
2011/07/25,4.59,4.59,4.40,4.42,6557079,31614112.00
2011/07/26,4.45,4.45,4.37,4.43,3187802,15175802.00
2011/07/27,4.43,4.46,4.37,4.44,3613475,17239922.00
2011/07/28,4.39,4.42,4.33,4.38,4889611,23062018.00
2011/07/29,4.37,4.41,4.32,4.33,9188921,43112548.00
2011/08/01,4.33,4.39,4.33,4.36,3872792,18231536.00
2011/08/02,4.36,4.36,4.26,4.32,3591770,16646620.00
2011/08/03,4.29,4.36,4.25,4.34,2863599,13387434.00
2011/08/04,4.35,4.42,4.34,4.37,3501817,16537489.00
2011/08/05,4.26,4.28,4.22,4.24,3889783,17893632.00
2011/08/08,4.21,4.21,3.86,3.96,7263182,31826580.00
2011/08/09,3.84,3.96,3.78,3.94,5079067,21593400.00
2011/08/10,4.00,4.09,3.94,4.00,6395670,27871080.00
2011/08/11,3.89,4.07,3.89,4.05,5309322,23139064.00
2011/08/12,4.07,4.12,4.04,4.09,5839570,25902068.00
2011/08/15,4.07,4.12,4.07,4.12,3472781,15453090.00
2011/08/16,4.12,4.14,4.06,4.07,3186700,14191027.00
2011/08/17,4.07,4.13,3.99,4.03,5481996,24188740.00
2011/08/18,4.07,4.10,3.99,4.01,3260166,14315556.00
2011/08/19,3.95,3.95,3.87,3.93,3613039,15407795.00
2011/08/22,3.93,3.98,3.90,3.93,2368230,10169001.00
2011/08/23,3.93,4.00,3.93,4.00,2414692,10432815.00
2011/08/24,4.03,4.04,3.94,3.95,2761681,11989734.00
2011/08/25,3.96,4.10,3.96,4.09,5762796,25386732.00
2011/08/26,4.09,4.14,4.05,4.13,4398645,19507794.00
2011/08/29,4.10,4.13,4.06,4.12,7378687,32913940.00
2011/08/30,4.13,4.16,3.91,4.12,5089248,22750132.00
2011/08/31,4.11,4.14,4.05,4.11,3989079,17737760.00
2011/09/01,4.12,4.21,4.11,4.20,6740174,30352476.00
2011/09/05,4.14,4.66,4.12,4.24,25269620,116560864.00
2011/09/06,4.18,4.24,4.05,4.07,8348025,37251812.00
2011/09/07,4.07,4.17,4.02,4.14,5926019,26282512.00
2011/09/08,4.13,4.14,4.02,4.03,6031799,26724724.00
2011/09/09,4.00,4.05,3.95,3.98,3406643,14823789.00
2011/09/13,3.90,3.92,3.83,3.89,2869397,12109921.00
2011/09/14,3.91,3.94,3.86,3.93,2194214,9321403.00
2011/09/15,3.94,3.98,3.91,3.93,2332220,10020400.00
2011/09/16,3.95,4.02,3.93,3.94,2036282,8813529.00
2011/09/19,3.94,3.94,3.84,3.85,2624799,11086810.00
2011/09/20,3.87,3.91,3.82,3.88,1823202,7685804.00
2011/09/21,3.88,3.99,3.85,3.96,3057646,13145987.00
2011/09/22,3.96,3.96,3.81,3.82,2585500,10948312.00
2011/09/23,3.79,3.86,3.76,3.83,2937830,12222457.00
2011/09/26,3.81,3.85,3.73,3.75,2841800,11801088.00
2011/09/27,3.78,3.81,3.74,3.77,1794259,7393115.00
2011/09/28,3.79,3.80,3.69,3.70,2779312,11352607.00
2011/09/29,3.69,3.71,3.61,3.62,3345969,13387326.00
2011/09/30,3.65,3.65,3.56,3.57,2600612,10261638.00
2011/10/10,3.60,3.60,3.53,3.55,1898360,7432602.00
2011/10/11,3.63,3.64,3.54,3.57,1948068,7670780.00
2011/10/12,3.57,3.70,3.53,3.68,2752618,11008389.00
2011/10/13,3.67,3.72,3.65,3.70,2930813,11852100.00
2011/10/14,3.70,3.70,3.62,3.65,2537833,10159189.00
2011/10/17,3.64,3.70,3.63,3.65,2416675,9690717.00
2011/10/18,3.63,3.63,3.52,3.52,3304122,12913930.00
2011/10/19,3.55,3.57,3.49,3.50,1708525,6631782.00
2011/10/20,3.50,3.52,3.34,3.35,3229419,12118915.00
2011/10/21,3.35,3.44,3.33,3.34,1682950,6268870.00
2011/10/24,3.36,3.45,3.29,3.44,2555706,9539473.00
2011/10/25,3.40,3.54,3.39,3.51,4672094,17890764.00
2011/10/26,3.46,3.59,3.46,3.54,5375029,20950996.00
2011/10/27,3.57,3.58,3.51,3.53,3430152,13346085.00
2011/10/28,3.60,3.74,3.59,3.68,8821797,35491296.00
2011/10/31,3.66,3.67,3.55,3.60,5878314,23168278.00
2011/11/01,3.56,3.61,3.52,3.57,5432162,21272242.00
2011/11/02,3.52,3.62,3.47,3.60,6918108,26940188.00
2011/11/03,3.61,3.68,3.58,3.61,7837613,31223294.00
2011/11/04,3.63,3.68,3.61,3.66,6018982,24052076.00
2011/11/07,3.63,3.66,3.60,3.60,2933241,11678541.00
2011/11/08,3.59,3.63,3.46,3.52,6528658,25279210.00
2011/11/09,3.53,3.58,3.45,3.54,4901943,18901078.00
2011/11/10,3.52,3.52,3.42,3.44,6413111,24450040.00
2011/11/11,3.46,3.47,3.42,3.44,3274505,12405612.00
2011/11/14,3.46,3.53,3.45,3.53,5283356,20347628.00
2011/11/15,3.54,3.54,3.48,3.53,4613307,17805024.00
2011/11/16,3.52,3.52,3.41,3.43,5016929,19091768.00
2011/11/17,3.42,3.45,3.39,3.40,3310730,12461446.00
2011/11/18,3.38,3.41,3.30,3.32,3845390,14210781.00
2011/11/21,3.33,3.35,3.26,3.34,3565473,12996160.00
2011/11/22,3.31,3.35,3.28,3.33,2350483,8617763.00
2011/11/23,3.34,3.36,3.30,3.34,3224473,11874298.00
2011/11/24,3.30,3.39,3.29,3.35,3185721,11770786.00
2011/11/25,3.35,3.35,3.29,3.30,1996439,7317757.00
2011/11/28,3.29,3.31,3.27,3.29,1897191,6901135.00
2011/11/29,3.32,3.41,3.28,3.39,5169057,19145608.00
2011/11/30,3.37,3.37,3.24,3.31,9701287,35652364.00
2011/12/01,3.41,3.48,3.33,3.34,14393627,54018776.00
2011/12/02,3.30,3.33,3.21,3.26,6611736,23834000.00
2011/12/05,3.26,3.26,3.17,3.18,3162212,11237382.00
2011/12/06,3.19,3.22,3.15,3.19,2232759,7898636.00
2011/12/07,3.20,3.31,3.16,3.22,3096767,11036792.00
2011/12/08,3.20,3.23,3.15,3.19,3005611,10638892.00
2011/12/09,3.19,3.24,3.16,3.21,1955772,6952834.00
2011/12/12,3.20,3.20,3.13,3.14,2214250,7751286.00
2011/12/13,3.14,3.14,3.01,3.03,3362950,11440432.00
2011/12/14,3.00,3.04,2.93,2.95,2025045,6766563.00
2011/12/15,2.93,2.98,2.88,2.89,3717405,12169924.00
2011/12/19,2.93,2.95,2.87,2.93,2701078,8821286.00
2011/12/20,2.92,3.03,2.92,2.98,4520939,15104510.00
2011/12/21,2.99,3.01,2.90,2.91,1706670,5648283.00
2011/12/22,2.90,2.95,2.81,2.91,3372826,10867587.00
2011/12/23,2.91,3.00,2.90,2.94,2445020,8064832.00
2011/12/26,2.95,2.97,2.91,2.93,2093187,6890852.00
2011/12/27,2.92,2.94,2.87,2.88,1150660,3747087.00
2011/12/28,2.88,2.90,2.80,2.88,2067764,6628826.00
2011/12/29,2.86,2.91,2.85,2.90,2412279,7806373.00
2011/12/30,2.90,2.96,2.90,2.93,3316601,10853026.00
2012/01/04,2.93,2.94,2.83,2.85,2303649,7459826.00
2012/01/05,2.85,2.85,2.75,2.76,2480363,7822912.00
2012/01/06,2.77,2.79,2.68,2.77,2944174,9072785.00
2012/01/09,2.76,2.87,2.72,2.86,3937255,12476524.00
2012/01/10,2.86,3.01,2.83,2.97,8222596,27106840.00
2012/01/11,2.98,2.98,2.91,2.93,5269138,17346044.00
2012/01/12,2.93,3.03,2.92,2.92,7269656,24055080.00
2012/01/13,2.93,2.95,2.80,2.83,4319964,13823166.00
2012/01/16,2.83,2.83,2.75,2.76,2365671,7437248.00
2012/01/17,2.76,2.90,2.75,2.90,6702531,21417336.00
2012/01/18,2.92,2.94,2.83,2.84,4468934,14462507.00
2012/01/19,2.85,2.92,2.83,2.90,4623604,14931265.00
2012/01/20,2.91,2.97,2.89,2.96,8239287,27143426.00
2012/01/30,2.96,2.99,2.91,2.92,3436977,11331957.00
2012/01/31,2.92,2.93,2.89,2.92,1980666,6459196.00
2012/02/01,2.93,2.95,2.89,2.90,1717517,5611150.00
2012/02/02,2.89,2.95,2.87,2.94,2296136,7494114.00
2012/02/03,2.95,3.05,2.92,3.01,6805853,22734040.00
2012/02/06,3.00,3.01,2.96,3.00,3449646,11504482.00
2012/02/07,2.98,2.98,2.90,2.91,2976218,9760504.00
2012/02/08,2.92,3.05,2.90,3.03,7309418,24368036.00
2012/02/09,3.03,3.14,3.00,3.10,19523546,67194544.00
2012/02/10,3.09,3.22,3.08,3.14,16519927,57893808.00
2012/02/13,3.05,3.10,3.02,3.08,8150574,27725884.00
2012/02/14,3.06,3.11,3.03,3.10,5869205,20062182.00
2012/02/15,3.09,3.14,3.06,3.13,7724431,26706980.00
2012/02/16,3.14,3.16,3.09,3.14,5373106,18669980.00
2012/02/17,3.15,3.16,3.08,3.12,4313517,14958913.00
2012/02/20,3.17,3.27,3.17,3.17,14935662,53130732.00
2012/02/21,3.15,3.20,3.11,3.20,5789403,20338096.00
2012/02/22,3.19,3.50,3.18,3.39,31473389,117368672.00
2012/02/23,3.35,3.41,3.32,3.35,10951893,40601820.00
2012/02/24,3.35,3.64,3.34,3.61,31297121,121664680.00
2012/02/27,3.63,3.80,3.60,3.61,28553555,115711072.00
2012/02/28,3.57,3.67,3.54,3.63,10203601,40394772.00
2012/02/29,3.55,3.55,3.43,3.44,12097962,46372200.00
2012/03/01,3.43,3.51,3.41,3.47,6206531,23762362.00
2012/03/02,3.47,3.70,3.46,3.68,18371514,72869152.00
2012/03/05,3.70,3.75,3.60,3.62,10153235,40694876.00
2012/03/06,3.61,3.63,3.51,3.57,6278741,24575580.00
2012/03/07,3.49,3.61,3.48,3.51,5326369,20723952.00
2012/03/08,3.52,3.59,3.52,3.56,4648357,18182872.00
2012/03/09,3.56,3.58,3.51,3.57,6298121,24523380.00
2012/03/12,3.57,3.57,3.44,3.50,12079965,46264280.00
2012/03/13,3.48,3.53,3.46,3.52,7086103,27270940.00
2012/03/14,3.53,3.56,3.25,3.28,11938160,45272616.00
2012/03/15,3.27,3.28,3.14,3.18,8037621,28538478.00
2012/03/16,3.22,3.24,3.15,3.23,3888599,13830410.00
2012/03/19,3.23,3.27,3.18,3.26,3314448,11855568.00
2012/03/21,3.23,3.30,3.21,3.24,3694107,13286672.00
2012/03/22,3.24,3.32,3.21,3.31,7961960,28885614.00
2012/03/23,3.28,3.28,3.17,3.19,4084386,14577989.00
2012/03/26,3.18,3.20,3.14,3.16,3176460,11155959.00
2012/03/27,3.17,3.19,3.14,3.16,2676162,9405278.00
2012/03/28,3.15,3.18,3.02,3.03,3989017,13766787.00
2012/03/29,3.03,3.09,2.94,2.96,7794742,26080528.00
2012/03/30,2.97,3.01,2.95,3.00,3693691,12307396.00
2012/04/05,3.01,3.11,2.98,3.10,4749600,16214494.00
2012/04/06,3.12,3.16,3.05,3.09,7233664,24898258.00
2012/04/09,3.08,3.09,3.03,3.04,4152990,14178862.00
2012/04/10,3.03,3.12,2.98,3.12,4433915,15091489.00
2012/04/11,3.07,3.29,3.06,3.22,11806887,42057176.00
2012/04/12,3.23,3.40,3.23,3.36,13536710,49500568.00
2012/04/13,3.35,3.43,3.30,3.35,11202972,41482152.00
2012/04/16,3.32,3.51,3.29,3.45,12737976,47949188.00
2012/04/17,3.43,3.50,3.28,3.29,10589153,39307384.00
2012/04/18,3.30,3.43,3.29,3.41,7997600,29756408.00
2012/04/19,3.39,3.43,3.35,3.39,5992207,22388028.00
2012/04/20,3.38,3.52,3.35,3.48,12605146,47985408.00
2012/04/23,3.48,3.53,3.43,3.43,11270092,43138384.00
2012/04/25,3.52,3.81,3.52,3.81,39475264,161604560.00
2012/04/26,3.92,4.10,3.76,3.77,66038791,283872992.00
2012/04/27,3.68,3.75,3.60,3.61,26745672,107098312.00
2012/05/02,3.66,3.72,3.60,3.63,15631930,62550432.00
2012/05/03,3.61,3.66,3.53,3.62,11555831,45543572.00
2012/05/04,3.61,3.64,3.54,3.63,8908863,35144996.00
2012/05/07,3.59,3.61,3.54,3.58,8084111,31708756.00
2012/05/08,3.59,3.77,3.53,3.71,20641761,82952464.00
2012/05/09,3.66,3.67,3.57,3.59,9879982,39175152.00
2012/05/10,3.59,3.61,3.53,3.55,7641456,29835004.00
2012/05/14,3.59,3.64,3.53,3.56,10242892,40357272.00
2012/05/15,3.53,3.60,3.47,3.59,8433391,32568098.00
2012/05/16,3.57,3.57,3.50,3.50,4206599,16317678.00
2012/05/17,3.49,3.57,3.48,3.54,5677225,22024872.00
2012/05/18,3.51,3.57,3.48,3.50,4811694,18686718.00
2012/05/21,3.50,3.54,3.45,3.51,4205345,16179943.00
2012/05/22,3.55,3.60,3.51,3.58,6797705,26644668.00
2012/05/23,3.58,3.62,3.56,3.59,5795992,22849994.00
2012/05/24,3.57,3.64,3.55,3.56,4609040,18194692.00
2012/05/25,3.58,3.59,3.48,3.49,5124762,19924098.00
2012/05/28,3.48,3.57,3.40,3.56,6162187,23670640.00
2012/05/29,3.57,3.62,3.45,3.60,6535491,25707672.00
2012/05/30,3.59,3.70,3.57,3.65,12923686,51717788.00
2012/05/31,3.61,3.67,3.56,3.64,6438218,25550944.00
2012/06/01,3.61,3.67,3.56,3.60,3750033,14886948.00
2012/06/04,3.54,3.58,3.48,3.49,8948350,34831896.00
2012/06/05,3.51,3.54,3.47,3.49,4581582,17699844.00
2012/06/06,3.49,3.57,3.49,3.50,3692539,14334427.00
2012/06/07,3.55,3.61,3.48,3.53,6074631,23757534.00
2012/06/08,3.60,3.63,3.55,3.57,6819308,26908716.00
2012/06/11,3.56,3.75,3.55,3.75,13323925,53716296.00
2012/06/12,3.70,3.83,3.69,3.77,12661782,52170208.00
2012/06/13,3.76,3.82,3.73,3.78,7355853,30307832.00
2012/06/14,3.78,3.84,3.75,3.77,9464122,39223488.00
2012/06/15,3.77,3.81,3.69,3.75,17885463,73090056.00
2012/06/18,3.77,3.89,3.77,3.88,11658718,48974176.00
2012/06/19,3.88,3.94,3.75,3.79,16846743,70349520.00
2012/06/20,3.77,3.80,3.69,3.75,10826679,44390360.00
2012/06/21,3.71,3.81,3.69,3.80,7543146,30897284.00
2012/06/25,3.78,3.81,3.72,3.73,6661863,27476260.00
2012/06/26,3.71,3.71,3.61,3.66,9345737,37301996.00
2012/06/27,3.64,3.81,3.57,3.74,7715635,31482316.00
2012/06/28,3.74,3.78,3.69,3.71,5031952,20554470.00
2012/06/29,3.69,3.79,3.67,3.76,3502915,14326943.00
2012/07/02,3.77,3.89,3.76,3.86,6679315,28129184.00
2012/07/03,3.88,3.99,3.86,3.93,10415566,44706560.00
2012/07/04,3.95,4.00,3.89,3.95,9707791,41687632.00
2012/07/05,3.93,4.00,3.90,3.95,8327643,35819120.00
2012/07/06,3.98,4.17,3.98,4.15,16773279,74423984.00
2012/07/09,4.14,4.22,4.05,4.07,10693265,46995788.00
2012/07/10,4.01,4.09,3.90,3.96,7721101,32598814.00
2012/07/11,3.97,4.05,3.94,3.96,4954994,21049834.00
2012/07/12,3.99,4.35,3.96,4.32,16077897,70560960.00
2012/07/13,4.27,4.36,4.22,4.31,10047472,45807236.00
2012/07/16,4.31,4.31,4.14,4.17,11053528,49257684.00
2012/07/17,4.15,4.26,4.15,4.22,4383226,19505386.00
2012/07/18,4.23,4.28,3.93,4.16,16002621,69928792.00
2012/07/19,4.15,4.25,4.10,4.21,7343837,32462574.00
2012/07/20,4.20,4.26,4.14,4.24,5811167,25881308.00
2012/07/23,4.24,4.24,4.09,4.21,7222895,31786244.00
2012/07/24,4.31,4.43,4.24,4.40,17892465,82154328.00
2012/07/25,4.35,4.37,4.20,4.30,12609830,57179420.00
2012/07/26,4.25,4.30,4.15,4.20,7019061,31282858.00
2012/07/27,4.24,4.31,4.08,4.15,14972411,66314472.00
2012/07/30,4.15,4.20,4.08,4.19,9810073,43241332.00
2012/07/31,4.19,4.39,4.19,4.33,26047494,118583256.00
2012/08/01,4.31,4.42,4.26,4.37,11347499,52176860.00
2012/08/02,4.37,4.43,4.23,4.33,12183453,55728376.00
2012/08/03,4.33,4.47,4.24,4.45,13321033,61370972.00
2012/08/06,4.45,4.69,4.39,4.64,21094093,101774976.00
2012/08/07,4.63,4.76,4.60,4.70,18264416,90307224.00
2012/08/08,4.70,4.79,4.66,4.75,13234719,66112092.00
2012/08/09,4.74,4.90,4.70,4.89,14153192,71741864.00
2012/08/10,4.85,4.91,4.75,4.85,9948365,50548632.00
2012/08/13,4.82,4.85,4.59,4.73,7524161,37091044.00
2012/08/14,4.71,4.77,4.64,4.74,4683963,23201308.00
2012/08/15,4.72,4.80,4.70,4.78,5993114,30042528.00
2012/08/16,4.78,4.80,4.65,4.78,7734279,38637588.00
2012/08/17,4.77,4.78,4.65,4.75,6770399,33701696.00
2012/08/20,4.71,4.81,4.56,4.66,9612925,47403824.00
2012/08/21,4.64,4.75,4.59,4.70,10500607,51643072.00
2012/08/22,4.70,4.81,4.68,4.74,13416047,67054732.00
2012/08/23,4.75,4.76,4.63,4.70,8102342,40062152.00
2012/08/24,4.70,4.75,4.60,4.68,7589260,37337608.00
2012/08/27,4.68,4.69,4.36,4.53,10483628,50457936.00
2012/08/28,4.53,4.53,4.13,4.23,12925868,58631568.00
2012/08/29,4.20,4.23,4.13,4.19,3474792,15338199.00
2012/08/30,4.19,4.28,4.03,4.26,7368233,32632156.00
2012/08/31,4.25,4.32,4.11,4.24,9738671,43551828.00
2012/09/03,4.24,4.40,4.15,4.29,17485521,78735352.00
2012/09/04,4.27,4.28,4.10,4.18,11159250,49472676.00
2012/09/05,4.17,4.17,4.03,4.12,8923332,38778576.00
2012/09/06,4.10,4.15,3.78,3.86,33240503,136637520.00
2012/09/07,3.85,4.04,3.79,3.98,52901599,218659744.00
2012/09/10,3.91,3.94,3.84,3.91,24102760,99830448.00
2012/09/11,3.89,3.91,3.85,3.90,10838191,44818448.00
2012/09/12,3.91,3.97,3.90,3.96,16025195,67083316.00
2012/09/13,3.98,3.98,3.83,3.84,11675473,48608652.00
2012/09/14,3.88,3.92,3.83,3.89,7551395,31240884.00
2012/09/17,3.90,3.90,3.65,3.68,9683492,38902188.00
2012/09/18,3.65,3.73,3.65,3.69,3882005,15300722.00
2012/09/19,3.70,3.71,3.63,3.70,4390013,17218564.00
2012/09/20,3.69,3.69,3.53,3.56,6399025,24594038.00
2012/09/21,3.50,3.56,3.43,3.45,6586762,24667978.00
2012/09/24,3.44,3.44,3.33,3.42,5704623,20761512.00
2012/09/25,3.38,3.45,3.37,3.41,6755865,24686360.00
2012/09/26,3.39,3.40,3.23,3.27,7832783,27802118.00
2012/09/27,3.26,3.38,3.25,3.34,8022130,28611368.00
2012/09/28,3.33,3.42,3.30,3.42,6328797,23013112.00
2012/10/08,3.42,3.43,3.33,3.34,5536214,20015058.00
2012/10/09,3.34,3.43,3.34,3.43,12723337,46550732.00
2012/10/10,3.41,3.50,3.41,3.48,15516007,57460100.00
2012/10/11,3.47,3.49,3.39,3.41,14175359,52296016.00
2012/10/12,3.43,3.46,3.35,3.38,11763126,42879280.00
2012/10/15,3.40,3.42,3.37,3.40,5867486,21355132.00
2012/10/16,3.41,3.47,3.38,3.43,8388937,30895794.00
2012/10/17,3.45,3.45,3.38,3.42,6931046,25411144.00
2012/10/18,3.42,3.59,3.42,3.56,28263327,106610072.00
2012/10/19,3.53,3.61,3.51,3.53,15903084,60527256.00
2012/10/22,3.50,3.61,3.49,3.60,11050555,42016976.00
2012/10/23,3.61,3.77,3.59,3.63,26902062,106208464.00
2012/10/24,3.61,3.70,3.59,3.62,12456137,48469336.00
2012/10/25,3.62,3.71,3.58,3.59,12480960,48609400.00
2012/10/26,3.58,3.64,3.43,3.44,13486465,50699672.00
2012/10/29,3.44,3.48,3.37,3.46,7981796,29415428.00
2012/10/30,3.46,3.59,3.44,3.53,11076135,41807076.00
2012/10/31,3.55,3.57,3.49,3.57,6752251,25542508.00
2012/11/01,3.57,3.88,3.55,3.80,35579787,142697104.00
2012/11/02,3.80,4.00,3.74,3.90,34830714,143303920.00
2012/11/05,3.88,3.88,3.76,3.81,19816636,80593160.00
2012/11/06,3.80,3.80,3.65,3.78,14864355,59083128.00
2012/11/07,3.77,3.80,3.70,3.74,7416791,29586852.00
2012/11/08,3.68,3.80,3.62,3.63,9937656,39393188.00
2012/11/09,3.60,3.72,3.60,3.67,7289895,28544026.00
2012/11/12,3.67,3.79,3.65,3.79,10093235,40292408.00
2012/11/13,3.75,3.78,3.61,3.63,9874152,38846828.00
2012/11/14,3.60,3.66,3.54,3.60,5718574,21932640.00
2012/11/15,3.56,3.74,3.54,3.59,10811216,42320712.00
2012/11/16,3.55,3.62,3.49,3.59,6199576,23687142.00
2012/11/19,3.58,3.58,3.41,3.52,13229018,49375496.00
2012/11/20,3.54,3.58,3.49,3.49,6443106,24343596.00
2012/11/21,3.47,3.61,3.41,3.60,9816280,36997676.00
2012/11/22,3.54,3.58,3.48,3.50,7223423,27265388.00
2012/11/23,3.52,3.58,3.49,3.53,5695285,21609456.00
2012/11/26,3.53,3.53,3.44,3.46,6067597,22597076.00
2012/11/27,3.44,3.48,3.32,3.34,6517572,23732224.00
2012/11/28,3.33,3.33,3.22,3.24,5379519,18925724.00
2012/11/29,3.24,3.31,3.22,3.23,4107550,14453573.00
2012/11/30,3.24,3.39,3.23,3.35,11169019,40024124.00
2012/12/03,3.35,3.45,3.32,3.36,10615935,38854412.00
2012/12/04,3.33,3.44,3.25,3.43,9865776,35323068.00
2012/12/05,3.41,3.69,3.39,3.60,19247742,73693616.00
2012/12/06,3.58,3.69,3.53,3.63,14643060,56589428.00
2012/12/07,3.61,3.77,3.56,3.72,17911849,70384096.00
2012/12/10,3.72,3.76,3.64,3.73,20355459,80455704.00
2012/12/11,3.71,3.79,3.66,3.67,15055730,59744740.00
2012/12/12,3.67,3.69,3.58,3.67,10883060,42349640.00
2012/12/13,3.64,3.73,3.62,3.67,10096596,39801524.00
2012/12/14,3.68,3.87,3.65,3.84,24956025,101070256.00
2012/12/17,3.84,3.99,3.84,3.88,25203792,105030176.00
2012/12/18,3.87,3.97,3.80,3.83,17963279,74280344.00
2012/12/19,3.81,3.97,3.77,3.89,13798276,56655556.00
2012/12/20,3.85,3.99,3.83,3.96,15334807,64050428.00
2012/12/21,3.99,4.06,3.88,3.90,17441036,73525216.00
2012/12/24,3.87,3.94,3.86,3.88,6973108,28863440.00
2012/12/25,3.86,4.08,3.83,4.04,18440517,78337296.00
2012/12/26,4.00,4.21,3.99,4.09,19022745,82876192.00
2012/12/27,4.10,4.14,4.03,4.04,12232131,53069476.00
2012/12/28,4.05,4.16,4.02,4.14,13710397,59623844.00
2012/12/31,4.14,4.43,4.13,4.33,23364098,106340448.00
2013/01/04,4.45,4.48,4.31,4.34,20020156,92956984.00
2013/01/07,4.34,4.34,4.22,4.29,12169562,54965968.00
2013/01/08,4.28,4.32,4.21,4.26,8715064,39262240.00
2013/01/09,4.27,4.33,4.22,4.29,9090767,41149408.00
2013/01/10,4.28,4.39,4.26,4.36,11088524,50800020.00
2013/01/11,4.35,4.39,4.07,4.09,16243167,72032768.00
2013/01/14,4.08,4.25,4.05,4.21,14664020,65042192.00
2013/01/15,4.21,4.30,4.14,4.22,18365865,81939872.00
2013/01/16,4.23,4.23,4.10,4.16,10359856,45657512.00
2013/01/17,4.16,4.20,4.11,4.13,6406801,28195032.00
2013/01/18,4.14,4.29,4.11,4.29,18700510,83470272.00
2013/01/21,4.30,4.33,4.24,4.30,11560755,52484204.00
2013/01/22,4.27,4.28,4.13,4.14,12563917,55936344.00
2013/01/23,4.13,4.29,4.12,4.18,11072580,49158328.00
2013/01/24,4.16,4.27,4.09,4.12,12316068,54584712.00
2013/01/25,4.12,4.15,4.01,4.02,6748177,29069160.00
2013/01/28,4.02,4.16,4.02,4.16,9430392,41124096.00
2013/01/29,4.17,4.28,4.15,4.19,14267273,63590040.00
2013/01/30,4.20,4.22,4.11,4.21,15076000,66743132.00
2013/01/31,4.20,4.20,4.02,4.04,17704368,76714352.00
2013/02/01,4.05,4.09,4.03,4.06,9264298,39879464.00
2013/02/04,4.09,4.11,3.96,4.00,18269681,77705680.00
2013/02/05,3.98,4.12,3.94,4.09,13022231,55853936.00
2013/02/06,4.09,4.11,4.00,4.07,10662879,45942492.00
2013/02/07,4.04,4.11,4.02,4.10,7555530,32556650.00
2013/02/08,4.09,4.20,4.09,4.18,12674982,55947556.00
2013/02/18,4.21,4.22,4.14,4.16,7075976,31303400.00
2013/02/19,4.16,4.17,3.98,4.00,10907349,46749792.00
2013/02/20,4.01,4.05,3.98,4.02,6999200,29832532.00
2013/02/21,3.97,4.04,3.88,3.92,10108492,42476940.00
2013/02/22,3.92,3.97,3.90,3.92,4555329,19072540.00
2013/02/25,4.00,4.02,3.91,3.93,3271168,13714793.00
2013/02/26,3.91,4.00,3.83,3.84,5346372,22264670.00
2013/02/27,3.87,3.91,3.84,3.88,4591278,18942624.00
2013/02/28,3.92,3.99,3.88,3.97,10533524,44263564.00
2013/03/01,3.97,3.98,3.86,3.88,11998815,49796844.00
2013/03/04,3.78,3.78,3.47,3.49,22764699,87141104.00
2013/03/05,3.50,3.56,3.46,3.55,8756949,33004364.00
2013/03/06,3.55,3.59,3.54,3.58,9194451,35108404.00
2013/03/07,3.58,3.73,3.54,3.59,16422073,63392536.00
2013/03/08,3.61,3.62,3.54,3.55,8399040,32149904.00
2013/03/11,3.57,3.64,3.53,3.61,7295042,28107608.00
2013/03/12,3.60,3.64,3.45,3.52,8305266,31555902.00
2013/03/13,3.50,3.52,3.40,3.44,8071855,29900024.00
2013/03/14,3.45,3.49,3.44,3.47,3068793,11407602.00
2013/03/15,3.45,3.51,3.42,3.45,5707905,21199824.00
2013/03/18,3.43,3.53,3.42,3.48,4846590,18113104.00
2013/03/19,3.47,3.56,3.46,3.55,7385425,27831104.00
2013/03/20,3.55,3.62,3.52,3.61,9193041,35252200.00
2013/03/21,3.61,3.61,3.54,3.57,7631354,29178832.00
2013/03/22,3.56,3.58,3.52,3.57,4139251,15756227.00
2013/03/25,3.58,3.58,3.53,3.56,2904355,11059684.00
2013/03/26,3.55,3.60,3.50,3.54,4406969,16732965.00
2013/03/27,3.53,3.59,3.53,3.55,3915406,14899479.00
2013/03/28,3.55,3.55,3.43,3.43,5299653,19609502.00
2013/03/29,3.44,3.48,3.43,3.45,2857827,10566765.00
2013/04/01,3.48,3.56,3.46,3.51,5113283,19281282.00
2013/04/02,3.52,3.56,3.49,3.52,4584781,17296888.00
2013/04/03,3.54,3.54,3.48,3.50,3600995,13522159.00
2013/04/08,3.45,3.46,3.41,3.45,3863377,14237001.00
2013/04/09,3.45,3.51,3.45,3.49,3011422,11240672.00
2013/04/10,3.49,3.51,3.43,3.47,3287159,12232764.00
2013/04/11,3.48,3.54,3.46,3.52,5991351,22467200.00
2013/04/12,3.61,3.71,3.60,3.63,22860904,89287032.00
2013/04/15,3.56,3.66,3.52,3.59,9574518,36681776.00
2013/04/16,3.54,3.70,3.53,3.69,13933807,54173564.00
2013/04/17,3.68,3.75,3.64,3.69,9239207,36362860.00
2013/04/18,3.68,3.73,3.63,3.70,9149516,36025752.00
2013/04/19,3.63,3.67,3.58,3.66,24065407,93231136.00
2013/04/22,3.62,3.64,3.56,3.57,12368135,47560124.00
2013/04/23,3.58,3.59,3.40,3.42,12211483,45345760.00
2013/04/24,3.43,3.46,3.39,3.44,6946904,25530356.00
2013/04/25,3.43,3.44,3.35,3.36,6416797,23344430.00
2013/04/26,3.36,3.38,3.27,3.28,5834875,20844770.00
2013/05/02,3.26,3.32,3.26,3.30,3356869,11911970.00
2013/05/03,3.33,3.37,3.30,3.35,6092472,21905664.00
2013/05/06,3.35,3.39,3.34,3.38,5109976,18474508.00
2013/05/07,3.38,3.39,3.36,3.37,3158902,11446740.00
2013/05/08,3.37,3.43,3.37,3.39,3269111,11943663.00
2013/05/09,3.39,3.39,3.30,3.34,5382555,19302128.00
2013/05/10,3.33,3.38,3.32,3.38,3645125,13148979.00
2013/05/13,3.37,3.40,3.36,3.39,2753062,9988353.00
2013/05/14,3.39,3.40,3.34,3.38,3526844,12789489.00
2013/05/15,3.37,3.40,3.36,3.38,2616616,9491930.00
2013/05/16,3.40,3.47,3.37,3.46,9400961,34594888.00
2013/05/17,3.48,3.55,3.45,3.51,10949387,41097056.00
2013/05/20,3.53,3.56,3.51,3.55,9802161,37133676.00
2013/05/21,3.55,3.55,3.50,3.55,6526442,24646932.00
2013/05/22,3.53,3.59,3.52,3.54,6602758,25126214.00
2013/05/23,3.52,3.57,3.48,3.49,5229757,19728948.00
2013/05/24,3.47,3.51,3.46,3.48,4170959,15562933.00
2013/05/27,3.48,3.50,3.47,3.50,2783933,10404419.00
2013/05/28,3.49,3.57,3.46,3.56,8079699,30389214.00
2013/05/29,3.57,3.59,3.54,3.55,7058443,26922190.00
2013/05/30,3.54,3.55,3.49,3.52,7300213,27450004.00
2013/05/31,3.52,3.54,3.49,3.49,4634402,17445140.00
2013/06/03,3.48,3.56,3.48,3.51,5249592,19837858.00
2013/06/04,3.51,3.55,3.46,3.48,7146607,26853876.00
2013/06/05,3.47,3.50,3.46,3.49,2910145,10856808.00
2013/06/06,3.47,3.49,3.36,3.38,7188469,26286700.00
2013/06/07,3.38,3.39,3.31,3.33,3936950,14161773.00
2013/06/13,3.32,3.32,3.21,3.26,6403689,22376616.00
2013/06/14,3.26,3.27,3.23,3.26,4840738,16966576.00
2013/06/17,3.27,3.27,3.20,3.22,3796660,13186466.00
2013/06/18,3.22,3.27,3.21,3.25,1683306,5876632.00
2013/06/19,3.25,3.25,3.16,3.20,3016322,10379080.00
2013/06/20,3.20,3.22,3.17,3.17,4210685,14485519.00
2013/06/21,3.16,3.21,3.09,3.20,3585748,12203190.00
2013/06/24,3.23,3.24,2.95,3.02,5500037,18477464.00
2013/06/25,3.02,3.06,2.78,2.96,6058462,19255384.00
2013/06/26,2.97,3.01,2.92,2.98,3658964,11754484.00
2013/06/27,3.03,3.08,2.99,3.07,6414130,21152326.00
2013/06/28,3.11,3.28,3.04,3.20,8819537,30270484.00
2013/07/01,3.16,3.23,3.08,3.20,7225339,24374514.00
2013/07/02,3.19,3.19,3.09,3.16,4374523,14796169.00
2013/07/03,3.19,3.19,3.09,3.11,2895107,9445713.00
2013/07/04,3.10,3.19,3.08,3.15,2596514,8574815.00
2013/07/05,3.19,3.28,3.18,3.19,4705689,15897972.00
2013/07/08,3.16,3.16,3.06,3.09,3212686,10458475.00
2013/07/09,3.08,3.12,3.02,3.05,2035899,6519807.00
2013/07/10,3.10,3.15,3.04,3.15,3775446,12268128.00
2013/07/11,3.15,3.33,3.13,3.25,12194981,41439516.00
2013/07/12,3.26,3.26,3.16,3.16,6474216,21662882.00
2013/07/15,3.17,3.22,3.15,3.20,3900652,13002184.00
2013/07/16,3.20,3.20,3.11,3.17,5314930,17524480.00
2013/07/17,3.16,3.21,3.12,3.16,5755972,19114852.00
2013/07/18,3.16,3.17,3.11,3.12,3330600,10922569.00
2013/07/19,3.09,3.11,3.03,3.05,6496867,20910168.00
2013/07/22,3.02,3.06,3.01,3.06,2106600,6727695.00
2013/07/23,3.06,3.12,3.04,3.11,3265928,10588962.00
2013/07/24,3.10,3.10,3.04,3.07,3263651,10474269.00
2013/07/25,3.08,3.09,3.04,3.05,2141717,6866992.00
2013/07/26,3.05,3.07,3.03,3.06,1849561,5922531.00
2013/07/29,3.05,3.06,3.02,3.05,3522550,11233465.00
2013/07/30,3.05,3.08,3.02,3.05,2323689,7430993.00
2013/07/31,3.10,3.20,3.04,3.08,5420574,17607220.00
2013/08/01,3.06,3.12,3.05,3.11,4418316,14336470.00
2013/08/02,3.16,3.18,3.11,3.12,5325928,17544360.00
2013/08/05,3.10,3.14,3.07,3.14,4581625,14927595.00
2013/08/06,3.13,3.16,3.11,3.14,3240902,10659039.00
2013/08/07,3.17,3.19,3.14,3.16,4469469,14849052.00
2013/08/08,3.14,3.16,3.12,3.16,2865017,9437974.00
2013/08/09,3.16,3.18,3.13,3.17,2655809,8778266.00
2013/08/12,3.18,3.22,3.15,3.22,5009018,16744513.00
2013/08/13,3.22,3.23,3.18,3.22,3612960,12133491.00
2013/08/14,3.22,3.26,3.21,3.21,4500406,15212638.00
2013/08/15,3.21,3.23,3.18,3.18,2997272,10059499.00
2013/08/16,3.16,3.25,3.14,3.15,4315516,14412697.00
2013/08/19,3.13,3.17,3.11,3.16,2201896,7243054.00
2013/08/20,3.15,3.17,3.11,3.11,2200863,7228285.00
2013/08/21,3.13,3.14,3.10,3.13,1362203,4454383.00
2013/08/22,3.13,3.17,3.12,3.13,2114595,6966499.00
2013/08/23,3.13,3.15,3.04,3.09,2563735,8335568.00
2013/08/26,3.10,3.13,3.07,3.13,3751227,12216371.00
2013/08/27,3.13,3.18,3.12,3.16,4226099,13974254.00
2013/08/28,3.15,3.21,3.13,3.19,6002499,19991096.00
2013/08/29,3.20,3.25,3.18,3.24,6797781,22921670.00
2013/08/30,3.24,3.30,3.22,3.23,7591024,25876280.00
2013/09/02,3.22,3.24,3.14,3.18,4733006,15756423.00
2013/09/03,3.19,3.24,3.15,3.24,5197487,17472492.00
2013/09/04,3.24,3.30,3.22,3.25,6947834,23690662.00
2013/09/05,3.25,3.26,3.19,3.21,4495095,15146938.00
2013/09/06,3.20,3.24,3.20,3.24,3306629,11156505.00
2013/09/09,3.23,3.32,3.23,3.32,9511117,32707812.00
2013/09/10,3.32,3.37,3.28,3.37,8032610,28028728.00
2013/09/11,3.37,3.41,3.33,3.35,8356257,29400972.00
2013/09/12,3.37,3.43,3.33,3.40,8359044,29595262.00
2013/09/13,3.40,3.46,3.35,3.36,8212181,29142252.00
2013/09/16,3.40,3.41,3.32,3.34,4024474,14111073.00
2013/09/17,3.36,3.36,3.25,3.25,4698220,16216826.00
2013/09/18,3.25,3.30,3.23,3.29,3630593,12408392.00
2013/09/23,3.29,3.34,3.28,3.33,3858542,13346157.00
2013/09/24,3.33,3.33,3.25,3.28,6204694,21262744.00
2013/09/25,3.45,3.54,3.34,3.37,23812562,85490928.00
2013/09/26,3.33,3.42,3.24,3.25,12710678,44126440.00
2013/09/27,3.25,3.26,3.19,3.22,6408424,21601412.00
2013/09/30,3.24,3.25,3.21,3.25,3440303,11628985.00
2013/10/08,3.25,3.32,3.20,3.31,5560926,19056462.00
2013/10/09,3.28,3.36,3.27,3.36,6273078,21750864.00
2013/10/10,3.35,3.35,3.29,3.30,4997894,17293256.00
2013/10/11,3.31,3.37,3.30,3.36,5662251,19802248.00
2013/10/14,3.36,3.37,3.33,3.35,7696404,26922660.00
2013/10/15,3.36,3.36,3.32,3.36,5014787,17526354.00
2013/10/16,3.35,3.36,3.26,3.26,4619538,15912298.00
2013/10/17,3.27,3.30,3.26,3.27,2639705,9046400.00
2013/10/18,3.27,3.28,3.24,3.26,2413900,8226300.00
2013/10/21,3.26,3.30,3.25,3.30,2917188,9997087.00
2013/10/22,3.28,3.31,3.27,3.28,2860520,9851414.00
2013/10/23,3.28,3.30,3.22,3.24,4005690,13672364.00
2013/10/24,3.23,3.27,3.21,3.25,3226717,10943655.00
2013/10/25,3.25,3.26,3.16,3.17,2959877,9923885.00
2013/10/28,3.18,3.18,3.12,3.14,2911241,9588810.00
2013/10/29,3.15,3.17,3.04,3.08,4585827,14870439.00
2013/10/30,3.06,3.14,3.06,3.13,2718984,8840724.00
2013/10/31,3.19,3.23,3.13,3.14,3926496,13086317.00
2013/11/01,3.11,3.18,3.09,3.17,2751163,9074823.00
2013/11/04,3.15,3.17,3.13,3.16,2282460,7527381.00
2013/11/05,3.14,3.17,3.11,3.16,2502031,8228373.00
2013/11/06,3.14,3.16,3.12,3.12,2110380,6944573.00
2013/11/07,3.12,3.13,3.08,3.10,2605824,8472234.00
2013/11/08,3.09,3.11,3.05,3.08,2387668,7713608.00
2013/11/11,3.07,3.08,3.05,3.08,1746369,5612352.00
2013/11/12,3.08,3.14,3.06,3.13,2638545,8597015.00
2013/11/13,3.11,3.13,3.08,3.08,1682443,5467782.00
2013/11/14,3.08,3.10,3.00,3.06,2627235,8396216.00
2013/11/15,3.08,3.13,3.05,3.12,2664754,8677637.00
2013/11/18,3.12,3.19,3.12,3.19,3622174,11999787.00
2013/11/19,3.20,3.22,3.17,3.21,3684515,12335896.00
2013/11/20,3.20,3.23,3.19,3.22,2874494,9655381.00
2013/11/21,3.21,3.23,3.20,3.22,4271475,14373807.00
2013/11/22,3.22,3.23,3.19,3.20,3121200,10473302.00
2013/11/25,3.18,3.22,3.18,3.21,1975395,6622924.00
2013/11/26,3.21,3.24,3.21,3.23,1824792,6157188.00
2013/11/27,3.23,3.24,3.21,3.24,1754615,5930431.00
2013/11/28,3.22,3.27,3.22,3.25,2436014,8282598.00
2013/11/29,3.27,3.27,3.23,3.24,1813713,6161494.00
2013/12/02,3.21,3.24,3.10,3.13,3615599,12023613.00
2013/12/03,3.13,3.18,3.11,3.17,2368504,7836301.00
2013/12/04,3.16,3.26,3.16,3.24,3304132,11143160.00
2013/12/05,3.24,3.25,3.22,3.24,1667448,5643939.00
2013/12/06,3.23,3.24,3.21,3.22,1455496,4906861.00
2013/12/09,3.22,3.25,3.22,3.23,1823726,6175128.00
2013/12/10,3.22,3.26,3.22,3.25,2009858,6819641.00
2013/12/11,3.24,3.25,3.21,3.21,2772581,9352455.00
2013/12/12,3.22,3.26,3.22,3.25,2510168,8505411.00
2013/12/13,3.24,3.28,3.22,3.26,4444304,15138341.00
2013/12/16,3.28,3.31,3.25,3.31,7266199,24907172.00
2013/12/17,3.30,3.31,3.26,3.30,5281648,18154596.00
2013/12/18,3.28,3.30,3.23,3.24,3087700,10509393.00
2013/12/19,3.24,3.26,3.22,3.22,1945450,6589720.00
2013/12/20,3.20,3.24,3.16,3.16,2232030,7476210.00
2013/12/23,3.17,3.23,3.16,3.19,2853808,9516480.00
2013/12/24,3.18,3.23,3.18,3.20,1458605,4891710.00
2013/12/25,3.21,3.22,3.18,3.19,2240256,7492555.00
2013/12/26,3.18,3.20,3.16,3.19,3767653,12540569.00
2013/12/27,3.20,3.23,3.17,3.23,2197727,7379999.00
2013/12/30,3.23,3.23,3.20,3.20,2829217,9508017.00
2013/12/31,3.18,3.23,3.18,3.20,1336302,4486045.00
2014/01/02,3.18,3.22,3.18,3.19,1324268,4428463.00
2014/01/03,3.18,3.21,3.12,3.13,1929805,6378304.00
2014/01/06,3.11,3.13,3.01,3.02,2772923,8911867.00
2014/01/07,3.03,3.05,3.02,3.04,1029453,3277239.00
2014/01/08,3.04,3.05,3.00,3.03,2308448,7327182.00
2014/01/09,3.03,3.06,3.01,3.02,3010666,9577836.00
2014/01/10,3.02,3.02,2.95,2.96,2055043,6423774.00
2014/01/13,2.96,2.97,2.90,2.92,1202447,3706145.00
2014/01/14,2.92,2.98,2.90,2.97,1095814,3393432.00
2014/01/15,2.97,2.97,2.89,2.92,2274618,6961101.00
2014/01/16,2.91,2.93,2.89,2.91,2973530,9081866.00
2014/01/17,2.91,2.91,2.83,2.84,2399796,7242948.00
2014/01/20,2.84,2.86,2.82,2.83,1490570,4447573.00
2014/01/21,2.85,2.87,2.84,2.87,1277955,3845196.00
2014/01/22,2.88,2.98,2.86,2.98,3169966,9778677.00
2014/01/23,2.97,2.98,2.93,2.95,1584073,4931559.00
2014/01/24,2.95,3.10,2.94,3.02,3036075,9684478.00
2014/01/27,3.01,3.03,2.97,2.99,2438133,7669208.00
2014/01/28,2.99,3.00,2.98,3.00,845742,2655811.00
2014/01/29,3.00,3.02,2.98,2.99,1377709,4329508.00
2014/01/30,3.00,3.00,2.96,2.97,930200,2910693.00
2014/02/07,2.96,2.98,2.93,2.97,569429,1768249.00
2014/02/10,2.97,3.02,2.96,3.01,2116822,6672476.00
2014/02/11,3.01,3.05,3.00,3.03,1784274,5659844.00
2014/02/12,3.04,3.06,3.02,3.05,2022453,6466998.00
2014/02/13,3.05,3.05,3.01,3.01,2506400,7955972.00
2014/02/14,3.02,3.05,2.99,3.05,2443704,7746223.00
2014/02/17,3.05,3.08,3.03,3.07,3003095,9636206.00
2014/02/18,3.07,3.07,3.00,3.02,2590951,8238558.00
2014/02/19,3.02,3.05,3.01,3.03,3368649,10708606.00
2014/02/20,3.04,3.10,3.02,3.09,5563776,17950560.00
2014/02/21,3.10,3.10,3.00,3.02,2529765,8049714.00
2014/02/24,3.00,3.01,2.89,2.92,3203471,9845415.00
2014/02/25,2.92,2.94,2.81,2.83,3360692,10177273.00
2014/02/26,2.84,2.87,2.82,2.86,1892057,5664029.00
2014/02/27,2.86,2.88,2.83,2.85,1763113,5305123.00
2014/02/28,2.85,2.89,2.83,2.87,2765559,8315494.00
2014/03/03,2.87,2.91,2.85,2.90,2798778,8501439.00
2014/03/04,2.89,2.91,2.87,2.90,2315654,7047514.00
2014/03/05,2.90,2.91,2.84,2.86,2367385,7135415.00
2014/03/06,2.85,2.94,2.84,2.92,2825812,8591520.00
2014/03/07,2.92,2.92,2.87,2.88,1330126,4049005.00
2014/03/10,2.87,2.87,2.77,2.77,2384900,7086147.00
2014/03/11,2.77,2.83,2.75,2.80,2958045,8691829.00
2014/03/12,2.80,2.90,2.76,2.86,3708881,11127730.00
2014/03/13,2.85,2.88,2.84,2.86,2013493,6056226.00
2014/03/14,2.85,2.87,2.80,2.85,1474621,4406827.00
2014/03/17,2.85,2.90,2.85,2.87,1582507,4793973.00
2014/03/18,2.87,2.88,2.85,2.86,1305610,3930109.00
2014/03/19,2.85,2.86,2.81,2.86,1531023,4562192.00
2014/03/20,2.85,2.90,2.84,2.84,2352828,7117099.00
2014/03/21,2.82,2.96,2.82,2.95,6655640,20396980.00
2014/03/24,2.96,3.17,2.94,3.11,12574836,40324136.00
2014/03/25,3.10,3.15,3.04,3.06,7580186,24578062.00
2014/03/26,3.06,3.07,3.00,3.01,4230408,13430233.00
2014/03/27,3.02,3.12,3.02,3.06,7400390,23902372.00
2014/03/28,3.04,3.09,3.03,3.04,3527533,11330076.00
2014/03/31,3.04,3.06,2.99,3.06,3374516,10721862.00
2014/04/01,3.07,3.08,3.01,3.04,3896730,12405998.00
2014/04/02,3.01,3.16,3.01,3.12,11173780,36500264.00
2014/04/03,3.10,3.12,3.03,3.07,5140636,16580194.00
2014/04/04,3.07,3.08,3.03,3.07,2084224,6684935.00
2014/04/08,3.08,3.10,3.04,3.09,3275734,10565434.00
2014/04/09,3.09,3.11,3.06,3.08,2312888,7465863.00
2014/04/10,3.08,3.09,3.03,3.05,4343072,13894417.00
2014/04/11,3.05,3.05,3.01,3.04,2979404,9467672.00
2014/04/14,3.04,3.05,3.01,3.04,2291371,7282719.00
2014/04/15,3.03,3.04,3.00,3.02,2082195,6602791.00
2014/04/16,3.01,3.06,3.00,3.04,2925318,9330262.00
2014/04/17,3.03,3.05,3.03,3.04,1950390,6208637.00
2014/04/18,3.03,3.22,3.00,3.12,9944345,32642784.00
2014/04/21,3.02,3.07,3.00,3.03,7114556,22679324.00
2014/04/22,3.02,3.03,3.00,3.03,2730558,8629728.00
2014/04/23,3.01,3.06,3.01,3.04,1783194,5685499.00
2014/04/24,3.03,3.13,3.01,3.10,5793981,18718588.00
2014/04/25,3.09,3.11,3.04,3.05,5017517,16173150.00
2014/04/28,3.03,3.05,2.95,2.97,7154773,22597832.00
2014/04/29,2.97,3.04,2.95,3.02,2819166,8872254.00
2014/04/30,3.03,3.06,3.00,3.05,2137767,6793073.00
2014/05/05,3.05,3.05,2.99,3.02,2228801,7043250.00
2014/05/06,3.01,3.03,3.00,3.02,862661,2734772.00
2014/05/07,3.00,3.01,2.93,2.94,2413702,7540026.00
2014/05/08,2.94,3.00,2.92,3.00,2139731,6689076.00
2014/05/09,2.98,3.00,2.94,2.96,1383769,4307342.00
2014/05/12,2.98,3.01,2.96,3.00,2967665,9327891.00
2014/05/13,3.00,3.02,2.98,3.00,1941620,6116034.00
2014/05/14,3.02,3.06,3.02,3.03,2786455,8871224.00
2014/05/15,3.00,3.02,2.97,2.98,1229295,3863167.00
2014/05/16,2.97,3.00,2.94,2.96,1561347,4855687.00
2014/05/19,2.96,2.96,2.91,2.92,1271494,3917781.00
2014/05/20,2.93,2.95,2.92,2.93,640853,1975588.00
2014/05/21,2.93,2.94,2.91,2.94,1225972,3767589.00
2014/05/22,2.92,2.97,2.92,2.92,1785709,5519967.00
2014/05/23,2.93,2.96,2.92,2.95,1490811,4612194.00
2014/05/26,2.95,3.00,2.95,2.99,2473619,7745773.00
2014/05/27,2.98,3.00,2.97,2.99,1532597,4812120.00
2014/05/28,2.99,3.01,2.97,3.00,1277318,4011171.00
2014/05/29,3.00,3.00,2.96,2.96,1135000,3550848.00
2014/05/30,2.96,2.97,2.94,2.96,846558,2629482.00
2014/06/03,2.96,2.97,2.95,2.97,496149,1543762.00
2014/06/04,2.97,2.97,2.93,2.94,1077340,3328740.00
2014/06/05,2.94,2.96,2.93,2.95,752608,2329338.00
2014/06/06,2.96,2.98,2.94,2.96,1133399,3531275.00
2014/06/09,2.96,2.99,2.95,2.95,1386479,4326162.00
2014/06/10,2.95,2.99,2.93,2.96,1511122,4706138.00
2014/06/11,2.96,3.00,2.95,3.00,2141239,6710709.00
2014/06/12,3.00,3.00,2.97,2.99,1355033,4246189.00
2014/06/13,2.98,3.07,2.95,3.06,7212902,22911776.00
2014/06/16,3.05,3.05,2.97,2.99,5125213,16127668.00
2014/06/17,2.99,3.00,2.94,2.96,3910688,12130869.00
2014/06/18,2.96,2.96,2.91,2.95,2439753,7527208.00
2014/06/20,2.95,2.98,2.91,2.97,2939725,9101762.00
2014/06/23,2.99,3.01,2.97,3.00,2654153,8082535.00
2014/06/24,3.00,3.01,2.99,2.99,1255331,3822629.00
2014/06/25,2.99,3.02,2.98,2.99,1606208,4901199.00
2014/06/26,2.99,3.02,2.99,3.01,1448047,4420501.00
2014/06/27,3.01,3.05,3.00,3.04,2277044,6999202.00
2014/06/30,3.03,3.05,3.02,3.03,1984668,6116426.00
2014/07/01,3.03,3.08,3.02,3.08,3145847,9787328.00
2014/07/02,3.08,3.09,3.04,3.05,2889199,8994410.00
2014/07/03,3.06,3.09,3.04,3.09,3527882,10993660.00
2014/07/04,3.07,3.11,3.05,3.08,3420384,10685294.00
2014/07/07,3.09,3.09,3.05,3.08,1904517,5944707.00
2014/07/08,3.07,3.09,3.05,3.09,1596118,4990758.00
2014/07/09,3.09,3.09,3.04,3.05,1961200,6099394.00
2014/07/10,3.05,3.06,3.03,3.03,1492909,4620122.00
2014/07/11,3.05,3.07,3.03,3.06,1344770,4175046.00
2014/07/14,3.05,3.06,3.01,3.06,5196727,16052947.00
2014/07/15,3.05,3.11,3.04,3.10,5628668,17626868.00
2014/07/16,3.09,3.10,3.07,3.09,3202064,10047530.00
2014/07/17,3.09,3.12,3.06,3.09,3608065,11346247.00
2014/07/18,3.06,3.12,3.06,3.09,3347749,10532319.00
2014/07/21,3.08,3.09,3.06,3.08,2480025,7734030.00
2014/07/22,3.08,3.13,3.06,3.13,6518287,20567088.00
2014/07/23,3.13,3.14,3.11,3.13,4534358,14391358.00
2014/07/24,3.12,3.24,3.12,3.18,11127036,36053744.00
2014/07/25,3.18,3.19,3.13,3.17,6665002,21339214.00
2014/07/28,3.17,3.25,3.16,3.23,8935295,29205796.00
2014/07/29,3.56,3.56,3.36,3.56,49999545,177398656.00
2014/07/30,3.48,3.55,3.40,3.43,34225832,119748096.00
2014/07/31,3.39,3.43,3.37,3.39,16961467,58423144.00
2014/08/01,3.40,3.48,3.30,3.32,16089209,55646456.00
2014/08/04,3.30,3.39,3.30,3.38,9860292,33601736.00
2014/08/05,3.37,3.38,3.32,3.36,9449490,32033356.00
2014/08/06,3.34,3.38,3.33,3.37,6750507,23007664.00
2014/08/07,3.36,3.38,3.29,3.30,8081688,27430234.00
2014/08/08,3.29,3.34,3.28,3.32,4530008,15234555.00
2014/08/11,3.32,3.38,3.32,3.36,5216276,17752604.00
2014/08/12,3.38,3.42,3.34,3.40,8221833,28177746.00
2014/08/13,3.38,3.41,3.34,3.37,7895131,26987474.00
2014/08/14,3.37,3.40,3.34,3.35,6289543,21517978.00
2014/08/15,3.35,3.39,3.34,3.39,5443149,18596368.00
2014/08/18,3.39,3.42,3.38,3.40,6738700,23228122.00
2014/08/19,3.40,3.41,3.35,3.37,7053620,24198098.00
2014/08/20,3.38,3.42,3.38,3.42,8202594,28298416.00
2014/08/21,3.42,3.44,3.38,3.44,8792275,30470960.00
2014/08/22,3.44,3.48,3.43,3.44,6301610,22044650.00
2014/08/25,3.42,3.53,3.41,3.48,11647407,41092668.00
2014/08/26,3.47,3.49,3.37,3.38,6180730,21541024.00
2014/08/27,3.37,3.39,3.34,3.36,4897906,16723883.00
2014/08/28,3.37,3.37,3.28,3.29,4995180,16804508.00
2014/08/29,3.30,3.33,3.26,3.33,2849483,9558964.00
2014/09/01,3.33,3.38,3.30,3.33,5562707,18877516.00
2014/09/02,3.35,3.39,3.35,3.38,6754080,23074484.00
2014/09/03,3.40,3.41,3.38,3.40,8115033,27929472.00
2014/09/04,3.40,3.44,3.40,3.44,5682990,19743296.00
2014/09/05,3.44,3.45,3.41,3.45,5786281,20159944.00
2014/09/09,3.46,3.48,3.43,3.47,7284797,25545560.00
2014/09/10,3.46,3.51,3.43,3.51,9038971,31778484.00
2014/09/11,3.50,3.57,3.47,3.48,14424638,51562868.00
2014/09/12,3.49,3.54,3.46,3.53,6891690,24575886.00
2014/09/15,3.55,3.66,3.53,3.63,14779684,54062788.00
2014/09/16,3.63,3.72,3.53,3.54,17159569,63178300.00
2014/09/17,3.54,3.83,3.53,3.79,32823579,123577640.00
2014/09/18,3.80,3.80,3.69,3.71,16187706,61141976.00
2014/09/19,3.72,3.75,3.66,3.75,9055374,33945416.00
2014/09/22,3.74,3.74,3.61,3.63,12068972,44803676.00
2014/09/23,3.64,3.69,3.63,3.69,6968598,25846496.00
2014/09/24,3.68,3.71,3.61,3.70,8078448,30159906.00
2014/09/25,3.71,3.72,3.62,3.64,8663795,32304720.00
2014/09/26,3.65,3.68,3.62,3.67,8097099,29969596.00
2014/09/29,3.67,3.77,3.67,3.76,14212669,53934200.00
2014/09/30,3.78,3.79,3.72,3.77,6550790,24928260.00
2014/10/08,3.85,3.87,3.80,3.82,9833238,38198996.00
2014/10/09,3.82,3.86,3.74,3.80,11609493,44711044.00
2014/10/10,3.78,3.84,3.76,3.84,9311425,36015824.00
2014/10/13,3.83,3.94,3.77,3.90,11791116,46049656.00
2014/10/14,3.89,3.93,3.85,3.90,11324649,44580984.00
2014/10/15,3.88,3.90,3.81,3.85,8740901,34047692.00
2014/10/16,3.84,4.24,3.79,3.99,28513667,116570608.00
2014/10/17,4.04,4.39,4.04,4.39,50187167,219428640.00
2014/10/20,4.39,4.45,4.16,4.18,74605152,321745152.00
2014/10/21,4.05,4.10,3.92,3.93,45191567,183404432.00
2014/10/22,3.90,3.93,3.80,3.82,24413078,95787184.00
2014/10/23,3.80,3.84,3.69,3.74,16310613,62263084.00
2014/10/24,3.74,3.79,3.72,3.75,8818059,33522004.00
2014/10/27,3.73,3.77,3.66,3.68,12457961,47010760.00
2014/10/28,3.70,3.80,3.68,3.80,13198843,50258228.00
2014/10/29,3.80,3.89,3.77,3.88,19757516,76784704.00
2014/10/30,3.89,3.90,3.84,3.87,16120122,63211840.00
2014/10/31,3.88,4.14,3.88,3.99,24933243,100701968.00
2014/11/03,4.00,4.05,3.95,4.03,15025526,60961096.00
2014/11/04,4.02,4.07,4.00,4.06,16492253,67605200.00
2014/11/05,4.06,4.11,3.99,4.00,15098551,61750584.00
2014/11/06,4.03,4.03,3.94,3.97,13710778,55166576.00
2014/11/07,3.96,4.00,3.92,3.95,12361673,49630488.00
2014/11/10,3.95,3.99,3.93,3.99,7717641,31029200.00
2014/11/11,3.99,4.03,3.82,3.85,15321760,60986848.00
2014/11/12,3.86,3.92,3.83,3.91,5414169,21261076.00
2014/11/13,3.91,3.92,3.86,3.89,5112191,20135036.00
2014/11/14,3.88,3.88,3.80,3.83,6624557,25703748.00
2014/11/17,3.85,3.90,3.82,3.88,6177416,24202602.00
2014/11/18,3.88,3.93,3.85,3.91,5770141,22768424.00
2014/11/19,3.91,3.93,3.88,3.91,4909123,19413908.00
2014/11/20,3.92,3.93,3.88,3.90,4938294,19562282.00
2014/11/21,3.90,3.94,3.87,3.93,7201955,28527032.00
2014/11/24,4.10,4.15,4.02,4.10,34996153,144869520.00
2014/11/25,4.08,4.12,4.05,4.07,15056076,62193224.00
2014/11/26,4.10,4.10,4.04,4.08,13941616,57448728.00
2014/11/27,4.09,4.20,4.08,4.13,19068203,79891664.00
2014/11/28,4.13,4.23,4.08,4.22,27827873,116992680.00
2014/12/01,4.20,4.30,4.16,4.16,20938005,88965712.00
2014/12/02,4.15,4.23,4.13,4.21,17096746,72547904.00
2014/12/03,4.21,4.44,4.20,4.30,25204827,110145720.00
2014/12/04,4.29,4.37,4.24,4.36,22634337,98784120.00
2014/12/05,4.36,4.36,4.08,4.14,27599418,117588184.00
2014/12/08,4.12,4.23,4.08,4.19,19912211,84023016.00
2014/12/09,4.15,4.39,4.12,4.14,29213854,125488480.00
2014/12/10,4.12,4.22,4.08,4.22,17639997,74243632.00
2014/12/11,4.19,4.37,4.15,4.35,29441829,127695576.00
2014/12/12,4.36,4.41,4.29,4.34,20012984,88096056.00
2014/12/15,4.30,4.44,4.25,4.43,21647281,95004184.00
2014/12/16,4.41,4.51,4.38,4.48,19945463,89429704.00
2014/12/17,4.47,4.53,4.33,4.39,15949754,71390680.00
2014/12/18,4.38,4.41,4.32,4.33,10564428,46602280.00
2014/12/19,4.32,4.36,4.23,4.34,12213546,53031752.00
2014/12/22,4.34,4.43,4.29,4.36,21659549,95927512.00
2014/12/23,4.32,4.61,4.19,4.46,40033762,179809456.00
2014/12/24,4.48,4.62,4.36,4.55,35295446,161043264.00
2014/12/25,4.52,4.63,4.45,4.54,24577770,112717912.00
2014/12/26,4.55,4.75,4.50,4.68,35304272,164332240.00
2014/12/29,4.68,5.08,4.65,4.99,58383414,288644352.00
2014/12/30,4.90,5.02,4.65,4.70,41624850,204798544.00
2014/12/31,4.66,4.98,4.55,4.95,36930348,176725792.00
2015/01/05,4.95,5.27,4.87,5.02,47674610,243093040.00
2015/01/06,4.92,4.94,4.75,4.81,30651780,149746656.00
2015/01/07,4.80,4.89,4.76,4.83,15426855,75110544.00
2015/01/08,4.82,4.82,4.63,4.66,17132240,81317432.00
2015/01/09,4.63,4.73,4.61,4.63,13338770,63154484.00
2015/01/12,4.59,4.59,4.45,4.47,10372294,47179704.00
2015/01/13,4.45,4.51,4.41,4.48,6545247,29615880.00
2015/01/14,4.48,4.52,4.40,4.42,6108351,27548136.00
2015/01/15,4.43,4.52,4.42,4.51,7170450,32434284.00
2015/01/16,4.52,4.55,4.48,4.54,8358641,38214456.00
2015/01/19,4.44,4.44,4.11,4.16,15212130,66052696.00
2015/01/20,4.18,4.40,4.17,4.28,9870653,42462256.00
2015/01/21,4.30,4.54,4.28,4.49,14146908,63199472.00
2015/01/22,4.50,4.51,4.43,4.48,9328447,42147724.00
2015/01/23,4.61,4.61,4.46,4.48,9954967,45573388.00
2015/01/26,4.45,4.55,4.43,4.54,6492942,29495388.00
2015/01/27,4.55,4.59,4.43,4.49,12459379,56570008.00
2015/01/28,4.46,4.51,4.44,4.47,6744752,30560758.00
2015/01/29,4.43,4.49,4.41,4.43,5647699,25368408.00
2015/01/30,4.45,4.54,4.41,4.45,9001202,40749936.00
2015/02/02,4.31,4.38,4.26,4.29,8724552,38097320.00
2015/02/03,4.30,4.35,4.30,4.34,5555678,24321580.00
2015/02/04,4.34,4.42,4.32,4.32,5031021,22261912.00
2015/02/05,4.44,4.44,4.29,4.31,6187132,27318916.00
2015/02/06,4.31,4.35,4.17,4.19,5776238,24940854.00
2015/02/09,4.19,4.29,4.15,4.24,4888022,20936070.00
2015/02/10,4.24,4.32,4.20,4.27,3357576,14491186.00
2015/02/11,4.27,4.30,4.24,4.27,4289273,18517552.00
2015/02/12,4.27,4.32,4.25,4.32,4364789,18956026.00
2015/02/13,4.33,4.42,4.32,4.39,5937071,26307480.00
2015/02/16,4.40,4.45,4.38,4.45,5471415,24479204.00
2015/02/17,4.44,4.49,4.43,4.47,5520206,24907060.00
2015/02/25,4.46,4.50,4.41,4.47,6207230,27987392.00
2015/02/26,4.46,4.53,4.43,4.53,7241698,32852824.00
2015/02/27,4.51,4.62,4.48,4.61,15582130,71743840.00
2015/03/02,4.71,4.71,4.60,4.65,18684473,87759096.00
2015/03/03,4.65,4.65,4.56,4.60,13507956,62767048.00
2015/03/04,4.58,4.64,4.54,4.61,9830920,45675488.00
2015/03/05,4.62,4.66,4.57,4.61,10491845,48908344.00
2015/03/06,4.60,4.64,4.58,4.60,8943016,41617520.00
2015/03/09,4.61,4.63,4.51,4.62,17739167,82282992.00
2015/03/10,4.63,4.70,4.61,4.68,13647480,64398704.00
2015/03/11,4.67,4.72,4.62,4.70,11762864,55584420.00
2015/03/12,4.68,4.98,4.67,4.86,32396719,158887248.00
2015/03/13,4.89,4.90,4.78,4.82,13689958,66504112.00
2015/03/16,4.87,4.95,4.84,4.94,19920040,98592144.00
2015/03/17,4.98,5.03,4.91,4.97,27862082,139760352.00
2015/03/18,4.96,5.13,4.94,5.10,20916546,106955928.00
2015/03/19,5.08,5.21,5.00,5.18,25846848,133017728.00
2015/03/20,5.18,5.25,5.14,5.23,22384757,117740856.00
2015/03/23,5.25,5.50,5.25,5.30,36616464,197380800.00
2015/03/24,5.28,5.39,5.10,5.26,38515091,204128832.00
2015/03/25,5.24,5.34,5.15,5.25,30192438,159768112.00
2015/03/26,5.21,5.31,5.16,5.26,21697711,114988200.00
2015/03/27,5.30,5.44,5.26,5.42,30671633,166147328.00
2015/03/30,5.46,5.67,5.36,5.64,42999286,239186656.00
2015/03/31,5.78,5.88,5.45,5.48,42840822,244949152.00
2015/04/01,5.49,5.54,5.44,5.53,26049764,144345152.00
2015/04/02,5.62,5.62,5.50,5.58,25675854,144039024.00
2015/04/03,5.56,5.79,5.53,5.74,35189624,201762992.00
2015/04/07,5.76,5.98,5.76,5.94,33986292,201867680.00
2015/04/08,5.95,6.03,5.74,5.91,29160103,173806912.00
2015/04/09,5.88,5.92,5.61,5.85,26749867,155744576.00
2015/04/10,5.80,6.18,5.72,6.10,35886533,216363696.00
2015/04/13,6.13,6.72,6.13,6.61,56599725,367837888.00
2015/04/14,6.55,6.69,6.46,6.52,32765090,216316128.00
2015/04/15,6.50,6.51,6.11,6.20,27984403,177605136.00
2015/04/16,6.13,6.35,6.00,6.24,18972335,118697360.00
2015/04/17,6.30,6.45,6.20,6.28,25982647,164692960.00
2015/04/20,6.29,6.39,6.11,6.13,38161562,240406640.00
2015/04/21,6.11,6.29,6.08,6.27,31439513,196020624.00
2015/04/22,6.29,6.51,6.28,6.50,37553686,243100496.00
2015/04/23,6.60,6.71,6.53,6.66,38905564,259647344.00
2015/04/24,6.56,6.80,6.43,6.75,42240189,281428000.00
2015/04/27,6.75,6.83,6.56,6.67,34877108,235339088.00
2015/04/28,6.68,6.71,6.28,6.35,28719835,186668576.00
2015/04/29,6.35,6.49,6.30,6.44,18042987,116858992.00
2015/04/30,6.49,6.68,6.43,6.53,26315080,173428160.00
2015/05/04,6.53,6.89,6.53,6.81,37099613,251676912.00
2015/05/05,6.81,6.81,6.47,6.48,24828971,165685424.00
2015/05/06,6.51,6.62,6.17,6.39,21449731,139791408.00
2015/05/07,6.35,6.38,6.05,6.06,20473534,127923880.00
2015/05/08,6.16,6.22,6.02,6.17,23828838,146921696.00
2015/05/11,6.29,6.39,6.20,6.38,29657014,188818752.00
2015/05/12,6.42,6.42,6.28,6.36,23118333,147981072.00
2015/05/13,6.36,6.43,6.27,6.42,22775740,145308352.00
2015/05/14,6.41,6.74,6.37,6.63,36002052,237705872.00
2015/05/15,6.57,6.60,6.28,6.33,22805867,146986304.00
2015/05/18,6.26,6.41,6.17,6.28,16477639,104894040.00
2015/05/19,6.27,6.51,6.26,6.50,22513582,145590448.00
2015/05/20,6.52,6.69,6.47,6.49,31433228,209438960.00
2015/05/21,6.49,7.14,6.49,7.10,60993857,423393824.00
2015/05/22,7.10,7.43,7.04,7.31,55788168,404729408.00
2015/05/25,7.25,7.53,7.17,7.45,48968307,365154720.00
2015/05/26,7.50,7.79,7.30,7.73,52943245,403326880.00
2015/05/27,7.68,7.88,7.55,7.79,43096294,334613152.00
2015/05/28,7.78,8.18,7.12,7.32,53556512,420889472.00
2015/05/29,7.32,8.06,6.96,8.06,79301902,618316800.00
2015/06/01,8.58,8.83,8.21,8.78,72583126,629392256.00
2015/06/02,8.79,8.85,8.46,8.80,62711092,546590912.00
2015/06/03,8.80,9.69,8.54,9.69,75220407,693775296.00
2015/06/04,9.86,10.39,8.85,10.09,98389643,983232960.00
2015/06/05,10.14,10.30,9.70,9.99,59104056,589785856.00
2015/06/08,9.94,10.33,9.31,9.96,77824413,756839872.00
2015/06/09,9.81,10.14,9.60,9.99,46041821,458091968.00
2015/06/10,9.90,10.49,9.70,10.20,56508696,576489152.00
2015/06/11,10.05,10.20,9.91,10.07,35380535,355486240.00
2015/06/12,10.09,10.73,10.09,10.41,51607429,537204736.00
2015/06/15,10.51,10.68,10.15,10.26,45079278,466415072.00
2015/06/16,10.23,10.23,9.42,9.47,41895720,409910272.00
2015/06/17,9.40,9.69,8.97,9.62,38002985,353153024.00
2015/06/18,9.61,9.75,9.22,9.27,26938278,257882064.00
2015/06/19,8.90,9.19,8.35,8.41,29196692,256049600.00
2015/06/23,8.32,8.60,7.70,8.37,30285411,249075904.00
2015/06/24,8.46,8.75,8.40,8.74,33354547,287152608.00
2015/06/25,8.85,8.98,8.23,8.39,32686789,286412352.00
2015/06/26,8.12,8.12,7.55,7.55,33900397,264028464.00
2015/06/29,7.78,7.89,6.80,6.95,44576807,326601536.00
2015/06/30,6.78,7.51,6.34,7.47,44998864,312786208.00
2015/07/01,7.40,7.83,6.88,7.04,36640823,274040160.00
2015/07/02,7.12,7.25,6.34,6.40,38240879,257871120.00
2015/07/03,6.25,6.40,5.76,5.76,34900772,206348080.00
2015/07/06,6.33,6.33,5.18,5.29,52193956,293328448.00
2015/07/07,5.15,5.15,4.76,4.76,32670753,158581888.00
2015/07/08,4.28,4.56,4.28,4.28,35113903,152356544.00
2015/07/09,3.95,4.71,3.95,4.71,48344364,218210224.00
2015/07/10,4.85,5.18,4.75,5.18,31088393,157949808.00
2015/07/13,5.52,5.70,5.36,5.70,49608675,278101184.00
2015/07/14,5.78,6.13,5.40,5.81,68919105,404349984.00
2015/07/15,5.65,5.66,5.23,5.23,43718371,235694960.00
2015/07/16,4.98,5.50,4.76,5.32,32175871,168189920.00
2015/07/17,5.40,5.74,5.34,5.66,30401609,169003168.00
2015/07/20,5.68,5.86,5.53,5.70,36132158,206031584.00
2015/07/21,5.58,5.85,5.50,5.76,32071972,183280128.00
2015/07/22,5.70,5.85,5.60,5.81,30138073,173538000.00
2015/07/23,5.80,6.14,5.75,6.08,46544114,279390432.00
2015/07/24,6.08,6.18,5.82,5.91,45492667,275485888.00
2015/07/27,5.79,5.98,5.32,5.32,33244403,189562608.00
2015/07/28,5.00,5.38,4.80,5.10,38691050,196137744.00
2015/07/29,5.20,5.47,5.03,5.44,24986243,130273928.00
2015/07/30,5.38,5.65,5.31,5.38,25093031,137603680.00
2015/07/31,5.25,5.41,5.15,5.27,16931719,89408416.00
2015/12/15,5.80,5.80,5.80,5.80,332921,1930942.00
2015/12/16,6.38,6.38,6.38,6.38,601677,3838699.00
2015/12/17,7.02,7.02,7.02,7.02,3430751,24083872.00
2015/12/18,7.58,7.72,7.31,7.72,91294793,699225920.00
2015/12/21,7.70,7.70,7.25,7.36,79574664,588020352.00
2015/12/22,7.36,7.52,7.14,7.42,56204586,412835776.00
2015/12/23,7.35,7.40,7.01,7.06,42847545,308179072.00
2015/12/24,6.98,7.06,6.73,6.95,34308733,235586272.00
2015/12/25,6.95,7.09,6.87,6.90,28285277,196628640.00
2015/12/28,6.92,7.05,6.58,6.59,37723440,257368928.00
2015/12/29,6.60,6.76,6.55,6.74,21352311,142039504.00
2015/12/30,6.75,6.80,6.68,6.77,15165547,102288840.00
2015/12/31,6.74,6.85,6.66,6.77,18419994,124515944.00
2016/01/04,6.77,6.77,6.09,6.09,17850273,114355360.00
2016/01/05,5.69,6.15,5.60,6.04,24058374,142899456.00
2016/01/06,6.05,6.28,6.05,6.25,16670139,102586064.00
2016/01/07,6.11,6.15,5.63,5.65,3965094,23408592.00
2016/01/08,5.91,5.95,5.37,5.83,18485193,106955736.00
2016/01/11,5.74,5.89,5.40,5.43,17598941,100289040.00
2016/01/12,5.46,5.54,5.30,5.42,16744396,90809256.00
2016/01/13,5.46,5.49,5.10,5.13,14385248,76470856.00
2016/01/14,4.98,5.29,4.87,5.28,14026806,71535072.00
2016/01/15,5.23,5.26,4.96,5.01,12221505,62408996.00
2016/01/18,4.96,5.09,4.91,5.01,14094785,70825896.00
2016/01/19,5.02,5.32,4.99,5.26,18482072,95547544.00
2016/01/20,5.22,5.32,5.14,5.23,15245144,79951624.00
2016/01/21,5.14,5.30,5.09,5.11,13620156,70756184.00
2016/01/22,5.15,5.29,5.00,5.27,11929212,61665980.00
2016/01/25,5.30,5.41,5.26,5.39,14857212,79362352.00
2016/01/26,5.33,5.33,4.85,4.85,16525311,84530584.00
2016/01/27,4.91,4.97,4.46,4.72,16808490,79054160.00
2016/01/28,4.73,4.82,4.51,4.78,13684786,63709336.00
2016/01/29,4.78,4.99,4.69,4.96,23379088,114150560.00
2016/02/01,4.86,4.93,4.70,4.78,15017558,72751680.00
2016/02/02,4.76,4.96,4.76,4.91,11423545,55781980.00
2016/02/03,4.98,5.30,4.91,5.05,29394339,150138704.00
2016/02/04,5.03,5.13,5.00,5.08,18670623,94656912.00
2016/02/05,5.07,5.09,4.95,4.97,12594376,63138264.00
2016/02/15,4.78,4.89,4.72,4.86,10902402,52513092.00
2016/02/16,4.87,5.14,4.86,5.10,15864571,79675808.00
2016/02/17,5.09,5.12,5.01,5.11,15606803,79216512.00
2016/02/18,5.10,5.22,5.10,5.14,20217077,104423608.00
2016/02/19,5.13,5.14,5.06,5.13,9972130,50883480.00
2016/02/22,5.24,5.33,5.24,5.32,21965604,116323824.00
2016/02/23,5.30,5.32,5.15,5.22,14003153,73166064.00
2016/02/24,5.20,5.48,5.15,5.42,24538120,130706376.00
2016/02/25,5.42,5.44,4.88,4.88,23718985,121926984.00
2016/02/26,4.96,5.13,4.89,5.05,17057936,85375344.00
2016/02/29,5.12,5.56,5.00,5.56,62648253,334074720.00
2016/03/01,5.85,6.12,5.78,6.12,46151868,276193120.00
2016/03/02,6.50,6.73,6.34,6.73,168312563,1111632384.00
2016/03/03,7.40,7.40,7.22,7.40,121071029,895181696.00
2016/03/04,7.35,7.59,6.83,7.03,196924188,1427081344.00
2016/03/07,7.00,7.19,6.84,7.04,143854820,1007912448.00
2016/03/08,6.80,6.85,6.34,6.70,134264223,881838272.00
2016/03/09,6.33,6.82,6.25,6.65,112710623,735940160.00
数据来源:通达信
