600173 卧龙地产 日线 前复权
      日期	    开盘	    最高	    最低	    收盘	    成交量	    成交额
2011/01/04,6.08,6.40,6.01,6.26,14448932,93408992.00
2011/01/05,6.23,6.35,6.19,6.25,7102664,45922600.00
2011/01/06,6.23,6.35,6.19,6.26,5628825,36397880.00
2011/01/07,6.31,6.49,6.26,6.34,10458549,68987912.00
2011/01/10,6.35,6.41,6.10,6.16,6742745,43822384.00
2011/01/11,6.17,6.34,6.12,6.32,7228455,46827808.00
2011/01/12,6.35,6.50,6.30,6.39,7265670,47996192.00
2011/01/13,6.43,6.44,6.25,6.28,4759856,31048260.00
2011/01/14,6.25,6.33,6.17,6.25,4794317,30845872.00
2011/01/17,6.21,6.21,5.85,5.90,5966417,36926792.00
2011/01/18,5.88,5.97,5.88,5.94,2253103,13797618.00
2011/01/19,5.93,6.02,5.85,5.99,4317367,26502520.00
2011/01/20,6.00,6.00,5.76,5.77,5249539,31773608.00
2011/01/21,5.74,6.09,5.74,5.87,4155535,25324892.00
2011/01/24,5.90,5.98,5.78,5.86,3484688,21118272.00
2011/01/25,5.87,5.94,5.81,5.91,2413486,14682638.00
2011/01/26,5.93,5.96,5.88,5.92,2590488,15846296.00
2011/01/27,5.85,5.85,5.62,5.84,5746006,34316348.00
2011/01/28,5.80,5.93,5.79,5.87,4277258,25900372.00
2011/01/31,5.82,5.87,5.79,5.85,4788220,28837216.00
2011/02/01,5.86,5.91,5.81,5.89,3744371,22708126.00
2011/02/09,5.81,5.84,5.75,5.77,3771751,22610616.00
2011/02/10,5.79,5.90,5.74,5.90,5453373,33006866.00
2011/02/11,5.86,6.07,5.83,5.97,9733854,59863272.00
2011/02/14,5.96,6.12,5.93,6.07,9055716,56437812.00
2011/02/15,6.07,6.18,6.02,6.05,11277848,71141440.00
2011/02/16,6.05,6.08,5.98,6.07,5326092,33213516.00
2011/02/17,6.08,6.09,5.94,5.99,6772180,41940648.00
2011/02/18,6.00,6.35,5.94,6.09,13609234,86784168.00
2011/02/21,6.00,6.24,5.95,6.17,10991752,68863768.00
2011/02/22,6.15,6.15,5.96,5.97,6338294,39431148.00
2011/02/23,5.96,6.10,5.95,6.03,5038221,31324970.00
2011/02/24,6.03,6.12,5.99,6.08,5859089,36675792.00
2011/02/25,6.08,6.08,5.97,6.02,4816323,29973100.00
2011/02/28,6.02,6.12,5.98,6.10,7728157,48504380.00
2011/03/01,6.19,6.21,6.06,6.16,13718989,87025832.00
2011/03/02,6.11,6.11,6.02,6.09,6711458,42070532.00
2011/03/03,6.11,6.19,6.06,6.07,6725348,42603004.00
2011/03/04,6.07,6.28,6.03,6.26,13754527,87931248.00
2011/03/07,6.27,6.49,6.27,6.31,15289725,100033896.00
2011/03/08,6.30,6.39,6.23,6.32,8099096,52659784.00
2011/03/09,6.32,6.35,6.20,6.24,5824748,37611224.00
2011/03/10,6.23,6.33,6.14,6.27,8286067,53327328.00
2011/03/11,6.21,6.26,6.13,6.14,6180838,39500972.00
2011/03/14,6.11,6.14,6.05,6.12,4764296,30014380.00
2011/03/15,6.11,6.11,5.86,5.95,6853621,42268096.00
2011/03/16,5.95,6.01,5.95,5.99,4131129,25525804.00
2011/03/17,5.97,6.02,5.87,5.92,5290626,32421900.00
2011/03/18,5.92,6.06,5.92,6.04,6946790,43049464.00
2011/03/21,6.00,6.24,5.97,6.23,15203954,96723728.00
2011/03/22,6.19,6.36,6.13,6.18,8966716,57354084.00
2011/03/23,6.15,6.43,6.11,6.31,17603413,114425432.00
2011/03/24,6.28,6.31,6.18,6.23,9011173,58050640.00
2011/03/25,6.23,6.40,6.20,6.30,11233228,73196008.00
2011/03/28,6.33,6.42,6.27,6.29,11150210,72947216.00
2011/03/29,6.25,6.52,6.19,6.39,19016408,125417192.00
2011/03/30,6.36,6.37,6.23,6.33,8468272,55076768.00
2011/03/31,6.31,6.38,6.16,6.20,6359548,41035612.00
2011/04/01,6.16,6.34,6.16,6.30,5988868,38612200.00
2011/04/06,6.25,6.43,6.22,6.39,9987447,65429468.00
2011/04/07,6.39,6.47,6.34,6.41,8160592,53960524.00
2011/04/08,6.41,6.41,6.30,6.34,9241527,60341664.00
2011/04/11,6.30,6.46,6.25,6.44,12554214,82248112.00
2011/04/12,6.46,6.62,6.33,6.56,23615999,158200512.00
2011/04/13,6.47,6.55,6.43,6.53,10345184,69215320.00
2011/04/14,6.51,6.53,6.35,6.36,10225134,67613232.00
2011/04/15,6.36,6.59,6.36,6.55,17338657,116323272.00
2011/04/18,6.50,6.64,6.42,6.53,11231582,75733072.00
2011/04/19,6.49,6.49,6.29,6.39,10279017,67661272.00
2011/04/20,6.40,6.43,6.31,6.38,6175337,40549256.00
2011/04/21,6.37,6.44,6.33,6.39,6566120,43232428.00
2011/04/22,6.37,6.37,6.26,6.28,6774894,44042656.00
2011/04/25,6.28,6.28,6.11,6.12,6289356,40100612.00
2011/04/26,6.12,6.17,6.10,6.14,3151867,19972194.00
2011/04/27,6.18,6.19,5.92,5.97,5832402,36361992.00
2011/04/29,5.88,5.98,5.78,5.96,4088921,24857118.00
2011/05/03,5.96,6.03,5.93,6.00,3903524,24102610.00
2011/05/04,6.00,6.00,5.83,5.85,4132473,25236696.00
2011/05/05,5.85,5.92,5.83,5.89,2962179,18024722.00
2011/05/06,5.85,6.01,5.81,5.93,4023715,24538828.00
2011/05/09,5.92,5.97,5.89,5.91,2955645,18079712.00
2011/05/10,5.91,6.00,5.87,5.97,5006252,30716076.00
2011/05/11,5.96,6.02,5.90,5.97,3836097,23696960.00
2011/05/12,5.94,6.08,5.91,5.94,4667922,28955016.00
2011/05/13,5.95,6.02,5.91,6.00,3676077,22660106.00
2011/05/16,5.99,6.10,5.97,6.04,5955524,37226432.00
2011/05/17,6.01,6.11,5.95,6.08,5836417,36486480.00
2011/05/18,6.07,6.16,6.00,6.15,6118962,38590564.00
2011/05/19,6.18,6.18,6.00,6.07,4702736,29541068.00
2011/05/20,6.06,6.25,6.02,6.18,12099421,77236624.00
2011/05/23,6.17,6.17,5.79,5.81,7177544,43579720.00
2011/05/24,5.82,5.87,5.70,5.77,3420800,20201468.00
2011/05/25,5.85,5.87,5.69,5.85,5266361,31141452.00
2011/05/26,5.87,5.91,5.75,5.76,5651029,33811508.00
2011/05/27,5.74,5.75,5.48,5.50,4261671,24366832.00
2011/05/30,5.49,5.51,5.29,5.30,3243952,17910746.00
2011/05/31,5.31,5.41,5.27,5.41,2667340,14595341.00
2011/06/01,5.41,5.45,5.34,5.43,2256479,12443440.00
2011/06/02,5.39,5.40,5.20,5.34,3491440,18959330.00
2011/06/03,5.35,5.43,5.34,5.42,2526209,13950518.00
2011/06/07,5.38,5.49,5.36,5.42,2019922,11185404.00
2011/06/08,5.41,5.51,5.32,5.47,3687957,20535744.00
2011/06/09,5.43,5.44,5.28,5.28,3412640,18731116.00
2011/06/10,5.27,5.38,5.22,5.33,4802969,26075338.00
2011/06/13,5.27,5.28,5.19,5.25,2175400,11659785.00
2011/06/14,5.27,5.49,5.27,5.39,4569080,25287072.00
2011/06/15,5.37,5.42,5.32,5.33,2543660,13973173.00
2011/06/16,5.34,5.34,5.17,5.20,2710921,14561506.00
2011/06/17,5.20,5.25,5.07,5.11,2731628,14525567.00
2011/06/20,5.08,5.17,5.05,5.14,2551687,13393340.00
2011/06/21,5.14,5.23,5.13,5.19,2577732,13695363.00
2011/06/22,5.17,5.22,5.12,5.15,1569870,8306527.00
2011/06/23,5.13,5.24,5.12,5.22,2790815,14842412.00
2011/06/24,5.17,5.35,5.17,5.30,4543800,24584840.00
2011/06/27,5.29,5.35,5.27,5.34,3603977,19611774.00
2011/06/28,5.32,5.39,5.27,5.34,3087856,16871564.00
2011/06/29,5.33,5.35,5.24,5.25,2497903,13546522.00
2011/06/30,5.23,5.34,5.23,5.28,3270010,17750136.00
2011/07/01,5.29,5.40,5.29,5.35,5793995,31799734.00
2011/07/04,5.37,5.46,5.35,5.44,5250647,29154500.00
2011/07/05,5.43,5.51,5.41,5.47,5255950,29401484.00
2011/07/06,5.43,5.44,5.37,5.42,3514127,19437490.00
2011/07/07,5.40,5.47,5.34,5.36,5046022,27881742.00
2011/07/08,5.37,5.40,5.32,5.37,3303005,18109664.00
2011/07/11,5.35,5.43,5.31,5.43,4726788,25992626.00
2011/07/12,5.37,5.38,5.29,5.30,2970077,16206829.00
2011/07/13,5.28,5.47,5.28,5.42,5206122,28732982.00
2011/07/14,5.40,5.44,5.36,5.40,4165726,23012416.00
2011/07/15,5.39,5.39,5.27,5.33,6222857,33815192.00
2011/07/18,5.30,5.68,5.27,5.53,15537462,87214576.00
2011/07/19,5.42,5.50,5.38,5.45,7615979,42379672.00
2011/07/20,5.45,5.47,5.38,5.41,4398716,24383404.00
2011/07/21,5.38,5.41,5.32,5.32,3288522,18016168.00
2011/07/22,5.35,5.52,5.32,5.43,6302911,34955356.00
2011/07/25,5.39,5.39,5.14,5.18,5238302,28359712.00
2011/07/26,5.17,5.21,5.05,5.18,4403568,23214660.00
2011/07/27,5.19,5.23,5.12,5.22,3027823,16093155.00
2011/07/28,5.15,5.21,5.08,5.11,2484529,13053927.00
2011/07/29,5.11,5.19,5.09,5.15,2928043,15428615.00
2011/08/01,5.12,5.22,5.12,5.16,1823810,9686910.00
2011/08/02,5.16,5.18,5.03,5.09,2645680,13781535.00
2011/08/03,5.06,5.19,5.04,5.13,2470839,13016214.00
2011/08/04,5.13,5.18,5.10,5.12,1512260,7972011.00
2011/08/05,5.00,5.00,4.88,4.93,6921077,34994600.00
2011/08/08,4.86,4.87,4.47,4.58,4677993,22589732.00
2011/08/09,4.44,4.61,4.30,4.56,4267856,19793776.00
2011/08/10,4.61,4.89,4.60,4.70,6863446,33597248.00
2011/08/11,4.62,4.81,4.57,4.78,4889620,23829700.00
2011/08/12,4.82,4.86,4.74,4.82,3676260,18143570.00
2011/08/15,4.83,4.85,4.73,4.85,3438487,16979772.00
2011/08/16,4.86,4.99,4.84,4.87,5681838,28742404.00
2011/08/17,4.84,4.94,4.76,4.82,3184142,15884491.00
2011/08/18,4.78,4.85,4.70,4.72,2451510,12015117.00
2011/08/19,4.60,4.65,4.57,4.62,2165968,10269578.00
2011/08/22,4.62,4.67,4.57,4.61,1861544,8857126.00
2011/08/23,4.66,4.73,4.62,4.72,1911632,9192056.00
2011/08/24,4.75,4.81,4.69,4.70,2058657,10037691.00
2011/08/25,4.69,4.87,4.69,4.85,4362224,21578752.00
2011/08/26,4.85,4.91,4.82,4.86,2290319,11403642.00
2011/08/29,4.80,4.85,4.77,4.79,2361305,11649166.00
2011/08/30,4.80,4.86,4.70,4.71,2212250,10882678.00
2011/08/31,4.71,4.74,4.64,4.67,1473037,7093950.00
2011/09/01,4.71,4.72,4.59,4.63,1356358,6502666.00
2011/09/02,4.63,4.74,4.61,4.71,2424009,11633212.00
2011/09/05,4.70,4.70,4.54,4.55,1595728,7574048.00
2011/09/06,4.51,4.57,4.48,4.55,1209010,5617301.00
2011/09/07,4.55,4.64,4.50,4.63,2976129,14000115.00
2011/09/08,4.63,4.63,4.53,4.54,3098192,14559561.00
2011/09/09,4.53,4.57,4.42,4.45,2455900,11376669.00
2011/09/13,4.36,4.42,4.34,4.39,1613505,7279380.00
2011/09/14,4.39,4.46,4.35,4.43,1051869,4765883.00
2011/09/15,4.45,4.48,4.40,4.41,1889540,8655345.00
2011/09/19,4.44,4.44,4.22,4.25,2414128,10689866.00
2011/09/20,4.27,4.32,4.23,4.27,1495590,6572936.00
2011/09/21,4.28,4.39,4.23,4.36,2853590,12758631.00
2011/09/22,4.34,4.36,4.20,4.20,2316901,10202858.00
2011/09/23,4.20,4.63,4.18,4.63,30245896,142721136.00
2011/09/26,4.57,4.81,4.43,4.62,29635844,140955792.00
2011/09/27,4.60,4.66,4.45,4.54,12268048,57192436.00
2011/09/28,4.57,4.61,4.29,4.36,12341170,56640612.00
2011/09/29,4.28,4.34,4.16,4.19,7877342,34450004.00
2011/09/30,4.18,4.28,4.12,4.21,4870117,21075524.00
2011/10/10,4.25,4.25,3.97,3.98,6611993,27826010.00
2011/10/11,4.13,4.13,3.93,4.00,4932159,20456470.00
2011/10/12,3.96,4.17,3.95,4.14,5538305,23401568.00
2011/10/13,4.11,4.25,4.09,4.20,6813849,29387732.00
2011/10/14,4.17,4.31,4.06,4.23,7140598,30617716.00
2011/10/17,4.19,4.30,4.13,4.24,9085419,39570312.00
2011/10/18,4.17,4.18,4.02,4.03,5559003,23456566.00
2011/10/19,3.99,4.12,3.99,4.02,3519129,14696164.00
2011/10/20,3.97,4.00,3.77,3.78,6265873,24864892.00
2011/10/21,3.80,3.89,3.75,3.79,3091086,12218360.00
2011/10/24,3.79,3.89,3.68,3.87,3590336,14144524.00
2011/10/25,3.83,4.01,3.81,3.95,5135390,20817392.00
2011/10/26,3.91,4.07,3.88,3.96,9258230,38097680.00
2011/10/27,3.96,4.04,3.95,4.00,7729936,31977740.00
2011/10/28,4.04,4.31,4.02,4.14,13357204,57384452.00
2011/10/31,4.12,4.12,3.97,4.06,8311846,34549880.00
2011/11/01,3.99,4.07,3.96,3.99,5780724,23930956.00
2011/11/02,3.94,4.03,3.87,4.03,4850556,19804136.00
2011/11/03,4.05,4.44,4.01,4.20,19578425,86135376.00
2011/11/04,4.21,4.39,4.16,4.36,15571048,68292096.00
2011/11/07,4.31,4.36,4.26,4.32,6596470,29259316.00
2011/11/08,4.31,4.57,4.20,4.55,17715434,80314904.00
2011/11/09,4.46,4.66,4.40,4.62,28281337,130359408.00
2011/11/10,4.50,4.60,4.29,4.32,22725986,104275128.00
2011/11/11,4.27,4.35,4.18,4.19,8384020,36752364.00
2011/11/14,4.23,4.30,4.19,4.27,5221220,22878654.00
2011/11/15,4.26,4.29,4.18,4.29,5528675,24179468.00
2011/11/16,4.28,4.29,4.19,4.22,6474984,28183156.00
2011/11/17,4.23,4.28,4.22,4.27,4676415,20442988.00
2011/11/18,4.25,4.35,4.12,4.30,11316576,49553672.00
2011/11/21,4.29,4.35,4.22,4.34,16435542,72761984.00
2011/11/22,4.34,4.36,4.10,4.17,9547744,41764064.00
2011/11/23,4.15,4.18,4.01,4.02,5587338,23452624.00
2011/11/24,3.99,4.09,3.91,4.00,3581648,14739950.00
2011/11/25,4.00,4.03,3.88,3.89,3331229,13563267.00
2011/11/28,3.90,3.93,3.86,3.89,2267593,9114508.00
2011/11/29,3.94,3.97,3.89,3.97,2906560,11818813.00
2011/11/30,3.96,3.96,3.71,3.75,5620879,22128646.00
2011/12/01,3.90,3.97,3.85,3.87,6671750,26908912.00
2011/12/02,3.85,3.85,3.76,3.79,3381081,13257363.00
2011/12/05,3.79,3.79,3.69,3.73,2306136,8935045.00
2011/12/06,3.74,3.90,3.72,3.84,5586126,22197892.00
2011/12/07,3.81,3.85,3.77,3.85,2171284,8567507.00
2011/12/08,3.81,3.86,3.70,3.83,2417205,9478894.00
2011/12/09,3.79,3.92,3.77,3.86,4171606,16651345.00
2011/12/12,3.86,3.87,3.74,3.77,2616123,10296675.00
2011/12/13,3.72,3.76,3.58,3.61,3762811,14244122.00
2011/12/14,3.56,3.65,3.45,3.47,2448412,9012690.00
2011/12/15,3.47,3.63,3.44,3.45,3910809,14227231.00
2011/12/16,3.45,3.61,3.42,3.60,3263689,11888896.00
2011/12/19,3.57,3.65,3.48,3.64,2885339,10614051.00
2011/12/20,3.59,3.73,3.59,3.63,3877414,14724344.00
2011/12/21,3.66,3.69,3.51,3.58,2674316,9949372.00
2011/12/22,3.54,3.56,3.38,3.53,2746588,9917562.00
2011/12/23,3.53,3.66,3.49,3.58,2725259,10107477.00
2011/12/26,3.54,3.60,3.51,3.56,2268585,8341805.00
2011/12/27,3.54,3.57,3.43,3.54,2539025,9232216.00
2011/12/28,3.50,3.64,3.48,3.62,4396614,16276928.00
2011/12/29,3.59,3.63,3.56,3.59,2062818,7668758.00
2011/12/30,3.59,3.68,3.57,3.66,3849253,14439494.00
2012/01/04,3.67,3.69,3.59,3.60,2283319,8602313.00
2012/01/05,3.57,3.63,3.40,3.42,2627320,9559675.00
2012/01/06,3.42,3.47,3.35,3.43,1833693,6492202.00
2012/01/09,3.44,3.54,3.39,3.54,2856327,10345210.00
2012/01/10,3.54,3.69,3.54,3.66,5731905,21461828.00
2012/01/11,3.59,3.66,3.56,3.66,5160070,19318866.00
2012/01/12,3.62,3.77,3.61,3.66,4943268,18881564.00
2012/01/13,3.63,3.65,3.47,3.50,3889581,14272722.00
2012/01/16,3.43,3.54,3.42,3.42,1689674,6092127.00
2012/01/17,3.44,3.61,3.42,3.59,3102533,11371779.00
2012/01/18,3.61,3.66,3.54,3.55,3553756,13253296.00
2012/01/19,3.57,3.66,3.57,3.59,2546676,9545897.00
2012/01/20,3.63,3.67,3.59,3.66,3566112,13431863.00
2012/01/30,3.66,3.68,3.57,3.60,2227776,8345556.00
2012/02/01,3.58,3.62,3.52,3.54,1616892,5978358.00
2012/02/02,3.55,3.61,3.52,3.61,1787727,6626951.00
2012/02/03,3.63,3.66,3.60,3.65,2903241,10929908.00
2012/02/06,3.64,3.68,3.60,3.63,2820790,10645682.00
2012/02/07,3.61,3.63,3.52,3.54,2667572,9825475.00
2012/02/08,3.55,3.66,3.52,3.66,4511200,16874732.00
2012/02/09,3.66,3.97,3.62,3.78,14336313,55969648.00
2012/02/10,3.76,3.93,3.73,3.81,11028692,43695536.00
2012/02/13,3.71,3.82,3.67,3.77,8453353,32708540.00
2012/02/14,3.73,3.86,3.73,3.83,6981556,27496124.00
2012/02/15,3.83,3.90,3.77,3.88,8282429,32992166.00
2012/02/16,3.84,4.02,3.78,3.99,8720256,35064800.00
2012/02/17,3.95,4.08,3.90,4.03,25042118,103761432.00
2012/02/20,4.10,4.45,4.03,4.44,63010985,278712736.00
2012/02/21,4.34,4.52,4.26,4.44,58093750,260754256.00
2012/02/22,4.35,4.45,4.32,4.40,36026534,162750720.00
2012/02/23,4.37,4.39,4.27,4.32,18897020,84222024.00
2012/02/24,4.31,4.57,4.27,4.41,29857135,136085152.00
2012/02/27,4.47,4.48,4.35,4.35,23106979,105005800.00
2012/02/28,4.33,4.43,4.27,4.36,12665888,56574376.00
2012/02/29,4.29,4.31,4.12,4.13,13624778,58670472.00
2012/03/01,4.09,4.21,4.09,4.14,7189909,30864724.00
2012/03/02,4.15,4.32,4.13,4.25,15382662,67325800.00
2012/03/05,4.32,4.34,4.23,4.26,9307026,41095680.00
2012/03/06,4.20,4.35,4.15,4.27,10759922,47180716.00
2012/03/07,4.20,4.39,4.17,4.28,10978089,48797720.00
2012/03/08,4.29,4.38,4.28,4.31,8725154,38897888.00
2012/03/09,4.32,4.37,4.25,4.32,5849201,25900932.00
2012/03/12,4.33,4.37,4.18,4.23,7891396,34663604.00
2012/03/13,4.22,4.31,4.19,4.29,7429185,32708196.00
2012/03/14,4.32,4.38,3.96,4.02,15421899,67098592.00
2012/03/15,4.03,4.04,3.80,3.81,8663362,34731924.00
2012/03/16,3.83,3.89,3.77,3.87,9202150,36475204.00
2012/03/19,3.85,3.94,3.82,3.92,5679192,22801396.00
2012/03/20,3.92,3.94,3.81,3.83,7455754,29850100.00
2012/03/21,3.86,3.89,3.78,3.83,5106439,20223252.00
2012/03/22,3.85,3.92,3.81,3.90,9169624,36710764.00
2012/03/23,3.87,3.87,3.76,3.78,4976889,19609220.00
2012/03/26,3.77,3.84,3.76,3.81,3488198,13704305.00
2012/03/27,3.83,3.84,3.77,3.78,2641844,10395148.00
2012/03/28,3.77,3.79,3.59,3.62,5518919,21147450.00
2012/03/29,3.58,3.71,3.57,3.63,4671238,17568396.00
2012/03/30,3.64,3.74,3.62,3.72,5348887,20443270.00
2012/04/05,3.71,3.82,3.69,3.82,4483493,17486566.00
2012/04/06,3.81,3.86,3.76,3.77,4924473,19372184.00
2012/04/09,3.74,3.80,3.69,3.69,4271651,16512808.00
2012/04/10,3.69,3.88,3.67,3.87,6705064,26227040.00
2012/04/11,3.82,4.06,3.81,3.93,12501820,50886696.00
2012/04/12,3.94,4.05,3.88,4.04,9754035,40123552.00
2012/04/13,4.09,4.10,3.99,3.99,7890446,32852844.00
2012/04/16,3.95,4.15,3.93,4.08,10644947,44722952.00
2012/04/17,4.08,4.20,3.92,3.92,7810409,32463672.00
2012/04/18,3.93,4.11,3.90,4.03,5994490,24864808.00
2012/04/19,4.03,4.05,3.98,4.00,4102975,16994472.00
2012/04/20,4.00,4.41,3.95,4.19,15768114,68079616.00
2012/04/23,4.14,4.25,4.11,4.13,9120118,39248120.00
2012/04/24,4.08,4.28,4.03,4.27,14316535,61608368.00
2012/04/25,4.25,4.64,4.18,4.51,29860795,137815776.00
2012/04/26,4.52,4.72,4.42,4.48,23587908,110809496.00
2012/05/02,4.39,4.46,4.20,4.30,15342918,68034768.00
2012/05/03,4.30,4.33,4.22,4.32,7006521,30900984.00
2012/05/04,4.29,4.33,4.25,4.29,5202804,22988516.00
2012/05/07,4.27,4.29,4.15,4.23,6313033,27386668.00
2012/05/08,4.21,4.27,4.17,4.25,3899486,16958404.00
2012/05/09,4.22,4.22,4.16,4.19,3210018,13854066.00
2012/05/10,4.17,4.24,4.16,4.20,3597869,15584817.00
2012/05/11,4.19,4.20,4.00,4.01,8595823,36163892.00
2012/05/14,4.09,4.17,4.02,4.08,6617600,27948032.00
2012/05/15,4.03,4.11,3.99,4.10,4405257,18363404.00
2012/05/16,4.10,4.21,4.06,4.19,8455603,36188088.00
2012/05/17,4.16,4.27,4.07,4.22,7275729,31250308.00
2012/05/18,4.14,4.21,4.09,4.10,6161625,26409016.00
2012/05/21,4.06,4.23,4.05,4.21,6163063,26523600.00
2012/05/22,4.23,4.31,4.22,4.30,7063337,31128400.00
2012/05/23,4.31,4.34,4.23,4.24,6765088,29856112.00
2012/05/24,4.23,4.33,4.22,4.26,5703569,25160308.00
2012/05/25,4.22,4.24,4.10,4.22,4747208,20576272.00
2012/05/28,4.22,4.35,4.18,4.34,5269421,23315140.00
2012/05/29,4.32,4.48,4.27,4.46,10195829,46482228.00
2012/05/30,4.45,4.57,4.42,4.45,8992389,41518080.00
2012/05/31,4.44,4.65,4.39,4.62,13247064,62082504.00
2012/06/01,4.61,5.10,4.59,5.06,37267417,189175552.00
2012/06/04,5.02,5.11,4.85,5.00,27604853,140665344.00
2012/06/05,4.97,5.37,4.86,5.14,19896191,103108992.00
2012/06/06,5.12,5.22,5.03,5.14,14668233,77187088.00
2012/06/07,5.27,5.33,4.80,5.01,25076520,130868080.00
2012/06/08,5.12,5.17,4.76,4.87,20854512,105106464.00
2012/06/11,4.84,4.98,4.71,4.87,17138403,85441400.00
2012/06/12,4.86,4.93,4.75,4.84,12484230,61969028.00
2012/06/13,4.83,4.92,4.77,4.83,17923000,88953984.00
2012/06/14,4.82,4.83,4.65,4.67,9593134,46523952.00
2012/06/15,4.71,4.78,4.52,4.56,14558396,69166144.00
2012/06/18,4.60,4.65,4.50,4.56,11884057,55834152.00
2012/06/19,4.56,4.60,4.52,4.58,6133103,28804916.00
2012/06/20,4.59,4.59,4.48,4.50,4376634,20396000.00
2012/06/21,4.50,4.51,4.37,4.39,7733637,35242408.00
2012/06/25,4.39,4.43,4.30,4.33,4298739,19341764.00
2012/06/26,4.34,4.49,4.29,4.47,6401279,29073052.00
2012/06/27,4.47,4.49,4.37,4.40,4869510,22224672.00
2012/06/28,4.42,4.50,4.34,4.35,4148761,18931518.00
2012/06/29,4.35,4.47,4.32,4.47,3240894,14750928.00
2012/07/02,4.50,4.57,4.43,4.50,5749145,26631136.00
2012/07/03,4.50,4.60,4.46,4.54,7752360,36171968.00
2012/07/04,4.53,4.55,4.37,4.38,5201615,23863244.00
2012/07/05,4.34,4.35,4.01,4.04,12560935,53170220.00
2012/07/06,4.12,4.14,4.05,4.12,7957131,33650056.00
2012/07/09,4.08,4.09,3.92,3.97,6372998,26403362.00
2012/07/10,3.94,4.06,3.92,4.03,4105835,16857444.00
2012/07/11,3.97,4.05,3.97,4.01,1667856,6906784.00
2012/07/12,4.04,4.13,4.00,4.08,4444705,18684528.00
2012/07/13,4.09,4.12,4.05,4.08,2589745,10920784.00
2012/07/16,4.09,4.11,3.80,3.82,5572205,22384898.00
2012/07/17,3.82,3.89,3.80,3.86,2513364,9994921.00
2012/07/18,3.86,3.88,3.67,3.87,3800502,14879563.00
2012/07/19,3.89,3.91,3.82,3.88,3946755,15838918.00
2012/07/20,3.91,3.91,3.81,3.82,2077807,8248421.00
2012/07/23,3.76,3.82,3.74,3.78,1805016,7066338.00
2012/07/24,3.77,3.85,3.77,3.81,2115311,8325096.00
2012/07/25,3.79,3.83,3.75,3.77,2441256,9545022.00
2012/07/26,3.76,3.77,3.67,3.69,2726498,10478128.00
2012/07/27,3.72,3.73,3.60,3.61,3826576,14428923.00
2012/07/30,3.63,3.64,3.53,3.55,2008418,7453836.00
2012/07/31,3.56,3.57,3.48,3.52,2079742,7607888.00
2012/08/01,3.52,3.61,3.52,3.55,2423230,8976674.00
2012/08/02,3.54,3.57,3.42,3.46,2589890,9355755.00
2012/08/03,3.47,3.56,3.42,3.56,3762224,13591439.00
2012/08/06,3.53,3.66,3.52,3.64,4280799,15916145.00
2012/08/07,3.65,3.70,3.62,3.67,3547093,13438892.00
2012/08/08,3.68,3.69,3.59,3.66,3466758,13086155.00
2012/08/09,3.66,3.79,3.63,3.75,8302757,32043828.00
2012/08/10,3.74,3.74,3.61,3.66,5613345,21305562.00
2012/08/13,3.66,3.66,3.50,3.52,4013169,14819634.00
2012/08/14,3.53,3.58,3.49,3.58,2672920,9830920.00
2012/08/15,3.58,3.58,3.53,3.54,1262274,4651718.00
2012/08/16,3.54,3.56,3.51,3.52,1158535,4240696.00
2012/08/17,3.52,3.55,3.49,3.53,1380662,5031387.00
2012/08/20,3.53,3.53,3.46,3.52,1805811,6541634.00
2012/08/21,3.53,3.59,3.50,3.57,2302798,8479359.00
2012/08/22,3.57,3.65,3.52,3.55,3555822,13229925.00
2012/08/23,3.56,3.58,3.51,3.57,2135396,7849860.00
2012/08/24,3.56,3.58,3.50,3.51,1797458,6572154.00
2012/08/27,3.49,3.49,3.41,3.41,2282401,8143128.00
2012/08/28,3.41,3.46,3.40,3.43,1487752,5285841.00
2012/08/29,3.42,3.46,3.41,3.43,1240685,4422733.00
2012/08/30,3.39,3.43,3.34,3.39,1511338,5316167.00
2012/08/31,3.39,3.43,3.35,3.42,1034970,3650306.00
2012/09/03,3.40,3.54,3.38,3.51,2669358,9677784.00
2012/09/04,3.51,3.52,3.41,3.43,1097060,3955152.00
2012/09/05,3.40,3.51,3.40,3.46,1766588,6369534.00
2012/09/06,3.46,3.51,3.45,3.51,1728867,6249887.00
2012/09/07,3.55,3.72,3.53,3.64,6763206,25370298.00
2012/09/10,3.62,3.65,3.58,3.61,4901823,18322780.00
2012/09/11,3.62,3.62,3.56,3.60,2324236,8619674.00
2012/09/12,3.62,3.63,3.57,3.62,2741660,10239752.00
2012/09/13,3.63,3.63,3.55,3.57,2630677,9783276.00
2012/09/14,3.59,3.61,3.52,3.59,2777860,10282563.00
2012/09/17,3.54,3.62,3.48,3.50,2282805,8392841.00
2012/09/18,3.48,3.51,3.42,3.45,1550581,5565017.00
2012/09/19,3.45,3.50,3.43,3.46,1613137,5774737.00
2012/09/20,3.46,3.57,3.34,3.35,1941681,6875525.00
2012/09/21,3.36,3.38,3.33,3.36,1662856,5789672.00
2012/09/24,3.36,3.40,3.30,3.36,1617164,5609484.00
2012/09/25,3.35,3.38,3.32,3.33,1151758,3995426.00
2012/09/26,3.32,3.33,3.22,3.24,1812478,6153928.00
2012/09/27,3.26,3.33,3.21,3.29,1868510,6365652.00
2012/09/28,3.28,3.39,3.27,3.38,2440743,8474485.00
2012/10/08,3.36,3.39,3.28,3.32,1790950,6193502.00
2012/10/09,3.32,3.41,3.32,3.40,2621154,9205238.00
2012/10/10,3.37,3.48,3.36,3.47,3044079,10841127.00
2012/10/11,3.47,3.49,3.35,3.40,2564972,9105834.00
2012/10/12,3.40,3.45,3.37,3.41,1864239,6608385.00
2012/10/15,3.40,3.42,3.33,3.35,1903960,6630730.00
2012/10/16,3.38,3.40,3.34,3.38,1880655,6604685.00
2012/10/17,3.40,3.42,3.34,3.39,1805503,6341853.00
2012/10/18,3.40,3.53,3.37,3.51,8523343,30765408.00
2012/10/19,3.49,3.57,3.46,3.51,5558429,20285020.00
2012/10/22,3.46,3.62,3.45,3.58,4081933,14984033.00
2012/10/23,3.63,3.95,3.57,3.78,31111187,124280512.00
2012/10/24,3.68,3.74,3.61,3.67,16131412,61276300.00
2012/10/25,3.65,3.70,3.53,3.56,8546404,31979116.00
2012/10/26,3.52,3.58,3.45,3.52,5134338,18647912.00
2012/10/29,3.49,3.52,3.46,3.51,3807189,13782990.00
2012/10/30,3.52,3.64,3.48,3.55,6714916,24845062.00
2012/10/31,3.60,3.60,3.44,3.50,6496592,23494944.00
2012/11/01,3.50,3.75,3.49,3.64,19538979,73815520.00
2012/11/02,3.61,3.93,3.59,3.80,31781150,123598336.00
2012/11/05,3.77,3.84,3.67,3.76,16073634,62264592.00
2012/11/06,3.75,3.75,3.60,3.69,10186216,38626124.00
2012/11/07,3.69,3.72,3.62,3.67,5697201,21617892.00
2012/11/08,3.62,3.79,3.55,3.56,11609013,44101408.00
2012/11/09,3.55,3.60,3.52,3.57,5385830,19837636.00
2012/11/12,3.57,3.66,3.56,3.66,7137785,26655268.00
2012/11/13,3.63,3.64,3.42,3.42,6904237,25241684.00
2012/11/14,3.42,3.44,3.35,3.40,4207377,14804565.00
2012/11/15,3.40,3.44,3.28,3.29,3866520,13528928.00
2012/11/16,3.26,3.33,3.23,3.29,3259311,11143048.00
2012/11/19,3.28,3.33,3.24,3.33,2994061,10234176.00
2012/11/20,3.33,3.39,3.27,3.29,3132311,10835951.00
2012/11/21,3.30,3.42,3.27,3.39,3651623,12694248.00
2012/11/22,3.35,3.40,3.32,3.33,3051475,10645844.00
2012/11/23,3.36,3.40,3.33,3.35,2903695,10160235.00
2012/11/26,3.33,3.36,3.27,3.29,3187061,10904994.00
2012/11/27,3.27,3.28,3.12,3.13,4965194,16531736.00
2012/11/28,3.10,3.13,3.05,3.09,2749362,8841924.00
2012/11/29,3.09,3.14,3.05,3.05,2111037,6828212.00
2012/11/30,3.09,3.25,3.06,3.22,8198974,27191738.00
2012/12/03,3.20,3.28,3.15,3.16,4893040,16391389.00
2012/12/04,3.14,3.25,3.09,3.24,3813035,12564636.00
2012/12/05,3.26,3.41,3.21,3.34,9406487,32586396.00
2012/12/06,3.37,3.39,3.30,3.35,5194351,18086714.00
2012/12/07,3.41,3.43,3.34,3.39,8476468,29854584.00
2012/12/10,3.40,3.49,3.35,3.47,8610531,30574318.00
2012/12/11,3.47,3.51,3.41,3.42,6993046,25075504.00
2012/12/12,3.38,3.45,3.36,3.45,6384039,22599528.00
2012/12/13,3.43,3.53,3.38,3.39,6348181,22689756.00
2012/12/14,3.38,3.56,3.38,3.55,12835149,46687624.00
2012/12/17,3.58,3.66,3.52,3.53,10201620,37773220.00
2012/12/18,3.53,3.61,3.48,3.51,7003023,25799166.00
2012/12/19,3.49,3.56,3.48,3.51,4809251,17529484.00
2012/12/20,3.50,3.54,3.43,3.54,5335636,19272120.00
2012/12/21,3.52,3.57,3.45,3.48,5727044,20747602.00
2012/12/24,3.48,3.49,3.42,3.46,3858498,13860306.00
2012/12/25,3.44,3.66,3.43,3.62,12655074,47083944.00
2012/12/26,3.60,3.69,3.59,3.64,10248795,38687260.00
2012/12/27,3.64,3.73,3.60,3.61,7477317,28273456.00
2012/12/28,3.61,3.98,3.61,3.84,35911694,144798080.00
2012/12/31,3.78,4.01,3.72,3.94,30745518,123254656.00
2013/01/04,3.97,4.05,3.87,3.94,17272548,70521336.00
2013/01/07,3.92,3.97,3.86,3.92,11508788,46515512.00
2013/01/08,3.95,4.25,3.93,4.05,23109247,96895768.00
2013/01/09,4.04,4.21,3.97,4.05,16361597,68601144.00
2013/01/10,4.05,4.11,3.99,4.05,11749408,49036580.00
2013/01/11,4.05,4.06,3.78,3.82,13447402,54096600.00
2013/01/14,3.82,4.02,3.78,3.97,15911437,64884576.00
2013/01/15,3.97,4.09,3.94,3.98,14170418,58280496.00
2013/01/16,3.98,4.03,3.84,3.91,10633164,42950556.00
2013/01/17,3.91,3.95,3.84,3.85,6895112,27707612.00
2013/01/18,3.85,3.99,3.85,3.97,11608416,47257756.00
2013/01/21,4.00,4.04,3.93,3.97,10182741,41851568.00
2013/01/22,3.99,3.99,3.85,3.89,8644232,34814804.00
2013/01/23,3.88,3.97,3.85,3.94,7943907,32144144.00
2013/01/24,3.93,3.97,3.76,3.79,10686730,42613316.00
2013/01/25,3.79,3.81,3.71,3.72,5685109,22052800.00
2013/01/28,3.75,3.86,3.73,3.85,7358315,28928698.00
2013/01/29,3.85,3.92,3.84,3.87,8363228,33533492.00
2013/01/30,3.87,3.91,3.82,3.90,10983540,43946224.00
2013/01/31,3.89,3.89,3.73,3.76,8879528,34727428.00
2013/02/01,3.76,3.78,3.72,3.76,5043093,19563252.00
2013/02/04,3.76,3.81,3.65,3.74,7268655,28167134.00
2013/02/05,3.73,3.89,3.67,3.83,8683265,34065492.00
2013/02/06,3.84,3.84,3.76,3.78,4780018,18721484.00
2013/02/07,3.77,3.78,3.73,3.77,2512696,9766096.00
2013/02/08,3.77,3.82,3.77,3.80,3915455,15358918.00
2013/02/18,3.81,3.82,3.76,3.79,4732056,18523768.00
2013/02/19,3.77,3.78,3.64,3.68,8316049,31801940.00
2013/02/20,3.70,3.72,3.65,3.72,5393833,20601520.00
2013/02/21,3.67,3.68,3.57,3.59,8652075,32494912.00
2013/02/22,3.59,3.65,3.56,3.58,5622477,20991366.00
2013/02/25,3.58,3.61,3.56,3.59,4782394,17724186.00
2013/02/26,3.57,3.59,3.50,3.50,4044140,14865282.00
2013/02/27,3.51,3.56,3.48,3.52,4107650,14995090.00
2013/02/28,3.52,3.64,3.52,3.63,7427730,27740712.00
2013/03/01,3.62,3.64,3.58,3.61,4069472,15221817.00
2013/03/04,3.50,3.50,3.24,3.30,13561335,46938156.00
2013/03/05,3.30,3.38,3.28,3.34,5295102,18334600.00
2013/03/06,3.37,3.38,3.32,3.36,4617813,16090244.00
2013/03/07,3.35,3.43,3.34,3.38,5630494,19783064.00
2013/03/08,3.40,3.40,3.34,3.36,2299999,8025186.00
2013/03/11,3.35,3.38,3.33,3.37,4167209,14540592.00
2013/03/12,3.36,3.40,3.26,3.30,4091094,14162547.00
2013/03/13,3.31,3.32,3.24,3.28,2631724,8933221.00
2013/03/14,3.26,3.29,3.24,3.28,2361778,8026483.00
2013/03/15,3.28,3.31,3.21,3.26,3511535,11914539.00
2013/03/18,3.25,3.27,3.17,3.20,3945532,13233076.00
2013/03/19,3.21,3.32,3.20,3.31,5708405,19371176.00
2013/03/20,3.30,3.37,3.29,3.36,5235428,18173440.00
2013/03/21,3.37,3.37,3.30,3.33,5239702,18126008.00
2013/03/22,3.33,3.35,3.29,3.34,3504050,12087627.00
2013/03/25,3.33,3.35,3.30,3.33,3230305,11176468.00
2013/03/26,3.33,3.37,3.27,3.32,3082328,10621554.00
2013/03/27,3.32,3.36,3.29,3.33,2259364,7807549.00
2013/03/28,3.33,3.33,3.19,3.22,3491775,11704175.00
2013/03/29,3.23,3.24,3.20,3.24,1918803,6429870.00
2013/04/01,3.32,3.52,3.31,3.36,12504699,44078840.00
2013/04/02,3.32,3.41,3.28,3.33,6718883,23405516.00
2013/04/03,3.30,3.34,3.26,3.27,2724458,9344211.00
2013/04/08,3.25,3.25,3.11,3.20,4622367,15280424.00
2013/04/09,3.20,3.25,3.20,3.23,2825016,9478648.00
2013/04/10,3.23,3.27,3.20,3.27,3604362,12178068.00
2013/04/11,3.27,3.29,3.23,3.24,3582109,12126486.00
2013/04/12,3.23,3.26,3.20,3.21,2181635,7322842.00
2013/04/15,3.20,3.23,3.16,3.20,3568795,11840211.00
2013/04/16,3.17,3.30,3.14,3.28,3928998,13246614.00
2013/04/17,3.30,3.39,3.27,3.31,7086449,24500428.00
2013/04/18,3.27,3.32,3.25,3.28,3215723,10983090.00
2013/04/19,3.28,3.34,3.28,3.32,4753219,16389215.00
2013/04/22,3.30,3.32,3.25,3.28,4384255,14915376.00
2013/04/23,3.29,3.29,3.17,3.19,3356399,11203645.00
2013/04/24,3.19,3.23,3.18,3.21,3088903,10301002.00
2013/04/25,3.21,3.21,3.16,3.16,3089200,10238449.00
2013/04/26,3.17,3.19,3.14,3.16,2068636,6803007.00
2013/05/02,3.16,3.19,3.12,3.15,1745311,5721989.00
2013/05/03,3.16,3.22,3.16,3.20,2654097,8827682.00
2013/05/06,3.18,3.23,3.18,3.22,3775445,12620182.00
2013/05/07,3.20,3.26,3.20,3.24,3470711,11680959.00
2013/05/08,3.24,3.27,3.23,3.25,3369518,11396189.00
2013/05/09,3.25,3.25,3.18,3.18,3313509,11050785.00
2013/05/10,3.18,3.24,3.17,3.21,4793619,16002369.00
2013/05/13,3.22,3.23,3.19,3.21,2775624,9266387.00
2013/05/14,3.22,3.22,3.16,3.17,2902514,9613473.00
2013/05/15,3.18,3.20,3.16,3.19,2151490,7113687.00
2013/05/16,3.22,3.28,3.19,3.28,4778155,15866892.00
2013/05/17,3.27,3.38,3.26,3.37,11162126,38240676.00
2013/05/20,3.38,3.42,3.35,3.37,8253810,28578644.00
2013/05/21,3.38,3.38,3.32,3.37,7980590,27367694.00
2013/05/22,3.37,3.45,3.33,3.40,10423097,36289744.00
2013/05/23,3.38,3.43,3.35,3.37,5645564,19569888.00
2013/05/24,3.35,3.42,3.33,3.39,5291413,18242542.00
2013/05/27,3.38,3.39,3.34,3.37,3663723,12603730.00
2013/05/28,3.37,3.45,3.34,3.45,10032702,34955624.00
2013/05/29,3.46,3.49,3.41,3.42,9060042,31952596.00
2013/05/30,3.41,3.44,3.38,3.42,4477975,15617425.00
2013/05/31,3.43,3.43,3.37,3.37,4623164,16096501.00
2013/06/03,3.37,3.42,3.36,3.38,4337539,15037830.00
2013/06/04,3.38,3.45,3.35,3.39,8165665,28377168.00
2013/06/05,3.39,3.40,3.34,3.37,4031466,13893075.00
2013/06/06,3.37,3.37,3.27,3.28,4032200,13707398.00
2013/06/07,3.28,3.30,3.18,3.22,4518942,14969595.00
2013/06/13,3.18,3.20,3.05,3.08,5058152,16033919.00
2013/06/14,3.08,3.13,3.07,3.11,2752393,8746892.00
2013/06/17,3.12,3.12,3.06,3.09,2118542,6704933.00
2013/06/18,3.09,3.12,3.07,3.11,2497984,7934661.00
2013/06/19,3.11,3.11,2.98,3.06,3259842,10205030.00
2013/06/20,3.06,3.06,2.97,2.97,2574624,7953289.00
2013/06/21,2.96,2.98,2.91,2.96,2413472,7304441.00
2013/06/24,2.96,2.96,2.77,2.78,4241739,12448143.00
2013/06/25,2.74,2.78,2.49,2.68,5838329,15708249.00
2013/06/26,2.68,2.71,2.63,2.69,3104541,8508931.00
2013/06/27,2.72,2.74,2.67,2.67,4050131,11286847.00
2013/06/28,2.65,2.80,2.63,2.74,5630163,15858814.00
2013/07/01,2.71,2.75,2.68,2.74,2739854,7628076.00
2013/07/02,2.74,2.74,2.70,2.72,2016671,5636514.00
2013/07/03,2.72,2.72,2.63,2.66,2084572,5733246.00
2013/07/04,2.66,2.73,2.63,2.70,3823602,10639715.00
2013/07/05,2.74,2.81,2.72,2.73,4071860,11556108.00
2013/07/08,2.72,2.72,2.64,2.67,3802490,10479783.00
2013/07/09,2.71,2.79,2.70,2.77,8681962,24552620.00
2013/07/10,2.74,2.83,2.73,2.83,7957290,22748354.00
2013/07/11,2.82,2.93,2.81,2.89,8741837,25949592.00
2013/07/12,2.90,2.94,2.80,2.81,4998375,14693729.00
2013/07/15,2.84,2.87,2.80,2.84,3116601,9080907.00
2013/07/16,2.85,2.85,2.77,2.83,4308218,12459860.00
2013/07/17,2.82,3.12,2.79,3.12,33944704,106877120.00
2013/07/18,3.06,3.10,2.96,3.05,20652340,64096172.00
2013/07/19,3.04,3.18,2.95,2.96,23460294,74468848.00
2013/07/22,2.91,2.91,2.80,2.86,16433930,47911680.00
2013/07/23,2.86,3.11,2.83,3.05,18021209,55295184.00
2013/07/24,2.97,3.02,2.91,2.97,13227877,40177648.00
2013/07/25,2.96,2.97,2.90,2.91,6360695,19131080.00
2013/07/26,2.89,2.93,2.87,2.92,3654324,10894523.00
2013/07/29,2.92,2.92,2.75,2.79,5588901,16253549.00
2013/07/30,2.79,2.90,2.76,2.82,5018827,14613223.00
2013/07/31,2.95,3.03,2.85,2.86,8627505,25985874.00
2013/08/01,2.87,2.92,2.86,2.92,5355234,15950301.00
2013/08/02,2.97,2.99,2.92,2.93,8387406,25418998.00
2013/08/05,2.91,2.94,2.87,2.94,5143194,15401150.00
2013/08/06,2.93,2.97,2.90,2.95,5409588,16291554.00
2013/08/07,2.98,3.12,2.96,3.08,20665782,64736232.00
2013/08/08,3.06,3.09,2.98,3.02,10913570,33811548.00
2013/08/09,2.99,3.04,2.96,3.01,4912250,15135644.00
2013/08/12,3.00,3.08,2.98,3.07,9592676,29956182.00
2013/08/13,3.08,3.12,3.05,3.08,6496672,20530972.00
2013/08/14,3.08,3.14,3.05,3.06,8906785,28196796.00
2013/08/15,3.04,3.08,3.01,3.01,6040619,18830252.00
2013/08/16,2.98,3.10,2.97,2.98,6630639,20581080.00
2013/08/19,2.98,3.03,2.96,3.02,3886567,11951954.00
2013/08/20,3.02,3.03,2.97,2.98,3080471,9470491.00
2013/08/21,2.98,3.01,2.96,3.00,2756339,8439817.00
2013/08/22,2.99,3.10,2.97,3.02,5597097,17413040.00
2013/08/23,3.02,3.04,2.93,3.01,4127170,12654553.00
2013/08/26,3.00,3.06,2.99,3.06,4423872,13768185.00
2013/08/27,3.06,3.07,3.03,3.06,4871011,15245402.00
2013/08/28,3.04,3.06,2.99,3.02,5559871,17250680.00
2013/08/29,3.03,3.11,3.02,3.09,8591512,27065516.00
2013/08/30,3.07,3.15,3.07,3.09,9544648,30518608.00
2013/09/02,3.10,3.13,3.03,3.09,4798769,15124969.00
2013/09/03,3.10,3.16,3.06,3.14,8148748,26111344.00
2013/09/04,3.15,3.16,3.09,3.13,7438958,23795532.00
2013/09/05,3.14,3.14,3.07,3.09,4712977,14935069.00
2013/09/06,3.08,3.10,3.06,3.07,3461720,10928827.00
2013/09/09,3.07,3.16,3.07,3.13,7896615,25321424.00
2013/09/10,3.13,3.17,3.12,3.17,7040011,22717578.00
2013/09/11,3.17,3.23,3.15,3.18,9467519,30933792.00
2013/09/12,3.18,3.22,3.14,3.20,7129126,23261746.00
2013/09/13,3.20,3.34,3.18,3.22,15668327,52366364.00
2013/09/16,3.23,3.23,3.12,3.15,9167184,29749072.00
2013/09/17,3.15,3.17,3.09,3.09,4573430,14665255.00
2013/09/18,3.09,3.12,3.07,3.10,3014335,9556603.00
2013/09/23,3.12,3.17,3.09,3.15,5292760,16984520.00
2013/09/24,3.14,3.31,3.10,3.20,15921269,52512656.00
2013/09/25,3.17,3.17,3.07,3.11,12099079,38578416.00
2013/09/26,3.11,3.11,3.01,3.03,5627050,17651980.00
2013/09/27,3.04,3.06,3.00,3.03,2945312,9172779.00
2013/09/30,3.02,3.05,3.02,3.04,1877280,5851787.00
2013/10/08,3.03,3.10,3.00,3.09,4850647,15280777.00
2013/10/09,3.08,3.09,3.04,3.09,3993330,12588859.00
2013/10/10,3.09,3.14,3.07,3.10,5294998,16874988.00
2013/10/11,3.12,3.13,3.09,3.12,4603206,14682097.00
2013/10/14,3.12,3.15,3.11,3.14,4551287,14612322.00
2013/10/15,3.13,3.17,3.11,3.14,5291356,16984408.00
2013/10/16,3.14,3.14,3.02,3.03,4678737,14711908.00
2013/10/17,3.05,3.07,3.01,3.03,3209037,10010395.00
2013/10/18,3.03,3.05,3.00,3.02,2198433,6819179.00
2013/10/21,3.02,3.05,2.98,3.03,5414142,16759381.00
2013/10/22,3.03,3.04,3.00,3.01,3498867,10834689.00
2013/10/23,3.01,3.04,2.96,2.98,4090323,12580387.00
2013/10/24,2.97,2.98,2.92,2.94,2648860,8008155.00
2013/10/25,2.94,2.96,2.87,2.89,3200223,9564876.00
2013/10/28,2.85,2.89,2.84,2.86,2114541,6224381.00
2013/10/29,2.87,3.00,2.77,2.83,6901080,20469940.00
2013/10/30,2.82,2.88,2.71,2.87,3662562,10636665.00
2013/10/31,2.87,2.95,2.85,2.89,4404416,13157558.00
2013/11/01,2.86,2.91,2.84,2.89,2661104,7873223.00
2013/11/04,2.89,2.90,2.86,2.89,1666975,4934827.00
2013/11/05,2.89,2.89,2.83,2.89,2041363,6008574.00
2013/11/06,2.88,2.91,2.85,2.87,2407219,7123389.00
2013/11/07,2.98,3.07,2.93,2.95,16641294,51182836.00
2013/11/08,2.89,2.90,2.83,2.84,6375823,18742732.00
2013/11/11,2.80,2.84,2.79,2.83,2596090,7512995.00
2013/11/12,2.81,2.85,2.81,2.85,3002000,8751838.00
2013/11/13,2.85,2.85,2.79,2.80,3293436,9520026.00
2013/11/14,2.81,2.81,2.77,2.80,1872843,5374366.00
2013/11/15,2.80,2.86,2.79,2.84,3067528,8950188.00
2013/11/18,2.84,2.93,2.83,2.92,7035883,20843464.00
2013/11/19,2.90,2.92,2.88,2.90,3001652,8938355.00
2013/11/20,2.91,2.92,2.90,2.92,2603978,7789795.00
2013/11/21,2.92,2.92,2.87,2.90,3337370,9894065.00
2013/11/22,2.90,2.90,2.84,2.85,2814880,8293464.00
2013/11/25,2.83,2.87,2.80,2.85,3078829,8990953.00
2013/11/26,2.83,2.85,2.82,2.83,2299375,6702295.00
2013/11/27,2.82,2.85,2.82,2.84,2270873,6625442.00
2013/11/28,2.84,2.89,2.83,2.88,4531998,13364601.00
2013/11/29,2.87,2.89,2.86,2.88,2658495,7857294.00
2013/12/02,2.85,2.86,2.76,2.78,4241851,12236045.00
2013/12/03,2.78,2.82,2.76,2.81,2609070,7497774.00
2013/12/04,2.82,2.89,2.79,2.86,4231301,12420749.00
2013/12/05,2.86,2.88,2.84,2.85,3255086,9555106.00
2013/12/06,2.86,2.87,2.84,2.86,2032466,5965766.00
2013/12/09,2.86,2.88,2.85,2.87,2039957,6011400.00
2013/12/10,2.87,2.89,2.86,2.88,2712574,8025364.00
2013/12/11,2.88,2.88,2.83,2.85,2639239,7741215.00
2013/12/12,2.83,2.88,2.83,2.86,1799000,5274419.00
2013/12/13,2.85,2.88,2.84,2.86,1944181,5719380.00
2013/12/16,2.87,2.88,2.82,2.83,2027705,5939303.00
2013/12/17,2.82,2.85,2.80,2.80,1634412,4728909.00
2013/12/18,2.81,2.82,2.79,2.80,902606,2607140.00
2013/12/19,2.80,2.82,2.78,2.78,1394300,4012209.00
2013/12/20,2.79,2.79,2.71,2.72,1814954,5123219.00
2013/12/23,2.73,2.74,2.67,2.69,1957563,5448435.00
2013/12/24,2.70,2.74,2.69,2.71,1802021,5034242.00
2013/12/25,2.72,2.73,2.69,2.73,868442,2423406.00
2013/12/26,2.72,2.72,2.67,2.68,1568435,4333299.00
2013/12/27,2.68,2.73,2.66,2.72,2105329,5873812.00
2013/12/30,2.73,2.74,2.69,2.71,1984245,5529251.00
2013/12/31,2.71,2.74,2.68,2.73,2624632,7352823.00
2014/01/02,2.73,2.73,2.69,2.71,2940824,8193621.00
2014/01/03,2.71,2.71,2.66,2.67,2433298,6713667.00
2014/01/06,2.67,2.67,2.58,2.59,2656750,7131649.00
2014/01/07,2.59,2.61,2.58,2.60,1071252,2862567.00
2014/01/08,2.59,2.62,2.56,2.57,1677483,4479339.00
2014/01/09,2.58,2.60,2.53,2.54,1615120,4268687.00
2014/01/10,2.53,2.54,2.49,2.53,1686493,4371961.00
2014/01/13,2.55,2.59,2.51,2.55,2152423,5674592.00
2014/01/14,2.56,2.57,2.50,2.57,1672111,4374155.00
2014/01/15,2.56,2.56,2.52,2.54,1130016,2961191.00
2014/01/16,2.55,2.57,2.54,2.56,1389799,3664724.00
2014/01/17,2.55,2.55,2.52,2.54,998505,2606168.00
2014/01/20,2.53,2.54,2.49,2.50,1086767,2818567.00
2014/01/21,2.50,2.54,2.50,2.52,1521097,3959541.00
2014/01/22,2.52,2.64,2.52,2.63,7366709,19694920.00
2014/01/23,2.60,2.62,2.58,2.59,3151199,8434075.00
2014/01/24,2.57,2.68,2.57,2.64,5883830,16031623.00
2014/01/27,2.63,2.65,2.60,2.62,2814083,7600287.00
2014/01/28,2.63,2.66,2.59,2.62,2499591,6752051.00
2014/01/29,2.63,2.65,2.60,2.63,2134094,5784787.00
2014/01/30,2.64,2.64,2.57,2.62,1616363,4352887.00
2014/02/07,2.62,2.63,2.58,2.62,1271602,3412775.00
2014/02/10,2.62,2.69,2.61,2.69,3391056,9317373.00
2014/02/11,2.69,2.73,2.66,2.73,5250346,14649678.00
2014/02/12,2.72,2.73,2.70,2.73,3223522,9016934.00
2014/02/13,2.72,2.73,2.68,2.69,3422240,9545600.00
2014/02/14,2.68,2.85,2.68,2.79,8045430,22938716.00
2014/02/17,2.82,3.07,2.80,3.00,26827413,81501424.00
2014/02/18,3.02,3.28,3.00,3.19,34473294,111292704.00
2014/02/19,3.24,3.34,3.17,3.30,24154156,80648960.00
2014/02/20,3.28,3.28,3.19,3.23,13516362,44721032.00
2014/02/21,3.23,3.25,3.12,3.16,12895598,41985536.00
2014/02/24,3.12,3.33,3.06,3.30,21240628,69939248.00
2014/02/25,3.34,3.42,3.25,3.37,26609539,90834848.00
2014/02/26,3.33,3.43,3.28,3.43,11371946,39228472.00
2014/02/27,3.43,3.78,3.37,3.60,23254232,85986936.00
2014/02/28,3.61,3.92,3.54,3.92,22832099,87951168.00
2014/03/03,3.92,4.22,3.84,4.17,24846512,102002048.00
2014/03/04,4.14,4.30,3.94,4.02,24025212,100155192.00
2014/03/05,3.98,4.18,3.90,4.06,19857466,81410416.00
2014/03/06,4.01,4.06,3.75,3.86,19001714,75066568.00
2014/03/07,3.87,3.91,3.73,3.79,12850177,49825856.00
2014/03/10,3.76,3.81,3.52,3.60,11610019,43432844.00
2014/03/11,3.57,3.66,3.48,3.60,10898432,39860668.00
2014/03/12,3.59,3.70,3.50,3.57,12273744,45298752.00
2014/03/13,3.59,3.68,3.52,3.57,11513147,42347740.00
2014/03/14,3.61,3.61,3.50,3.54,5571887,20277848.00
2014/03/17,3.52,3.70,3.47,3.67,7144377,26098884.00
2014/03/18,3.66,3.77,3.60,3.72,10000702,37754872.00
2014/03/19,3.70,3.77,3.55,3.57,10376250,38651400.00
2014/03/20,3.61,3.73,3.43,3.45,10243530,37822868.00
2014/03/21,3.46,3.61,3.43,3.56,8882815,32108580.00
2014/03/24,3.55,3.69,3.54,3.63,10468473,38721448.00
2014/03/25,3.67,3.70,3.57,3.61,8558402,31697840.00
2014/03/26,3.60,3.65,3.55,3.57,7475205,27402232.00
2014/03/27,3.60,3.67,3.55,3.58,7400987,27302508.00
2014/03/28,3.58,3.61,3.27,3.39,11146132,39112624.00
2014/03/31,3.34,3.40,3.17,3.21,7699210,25861100.00
2014/04/01,3.40,3.40,3.24,3.32,5942366,20261368.00
2014/04/02,3.30,3.66,3.29,3.66,15988438,58311248.00
2014/04/03,3.67,3.87,3.61,3.71,30325757,115599896.00
2014/04/04,3.72,3.74,3.58,3.69,11167860,41662480.00
2014/04/08,3.68,3.68,3.55,3.61,9258080,34088100.00
2014/04/09,3.61,3.65,3.55,3.61,8740119,32162536.00
2014/04/10,3.59,3.62,3.49,3.55,11315312,41105004.00
2014/04/11,3.53,3.57,3.44,3.47,7088077,25323372.00
2014/04/14,3.49,3.49,3.37,3.42,15970786,55789424.00
2014/04/15,3.42,3.44,3.38,3.42,7706038,26913848.00
2014/04/16,3.40,3.44,3.37,3.41,6692968,23282238.00
2014/04/17,3.41,3.45,3.40,3.42,6226115,21832820.00
2014/04/18,3.42,3.44,3.39,3.41,5673263,19861972.00
2014/04/21,3.41,3.42,3.33,3.39,6880719,23833616.00
2014/04/22,3.40,3.40,3.26,3.30,6324868,21412018.00
2014/04/23,3.30,3.32,3.25,3.27,3457000,11639063.00
2014/04/24,3.28,3.33,3.25,3.29,3588911,12102389.00
2014/04/25,3.29,3.32,3.15,3.17,4381670,14398403.00
2014/04/28,3.18,3.20,3.05,3.08,3638934,11590789.00
2014/04/29,3.10,3.13,3.07,3.12,2469954,7864180.00
2014/04/30,3.14,3.44,3.12,3.32,14975877,51636296.00
2014/05/05,3.24,3.35,3.18,3.30,6619231,22135336.00
2014/05/06,3.30,3.37,3.28,3.32,4952195,16848916.00
2014/05/07,3.30,3.41,3.29,3.36,5271793,18143692.00
2014/05/08,3.36,3.43,3.32,3.38,4845439,16824196.00
2014/05/09,3.36,3.42,3.27,3.41,3962714,13486173.00
2014/05/12,3.38,3.46,3.36,3.43,4943350,17304364.00
2014/05/13,3.42,3.61,3.39,3.59,15841119,57204688.00
2014/05/14,3.54,3.75,3.54,3.56,18910984,70847984.00
2014/05/15,3.51,3.52,3.42,3.43,9422310,33263720.00
2014/05/16,3.39,3.42,3.25,3.38,5061271,17390826.00
2014/05/19,3.38,3.39,3.30,3.38,2251133,7701257.00
2014/05/20,3.39,3.40,3.32,3.35,2110660,7271443.00
2014/05/21,3.32,3.43,3.32,3.42,2665114,9224235.00
2014/05/22,3.42,3.47,3.38,3.38,2699176,9465597.00
2014/05/23,3.41,3.73,3.39,3.73,34566033,130065544.00
2014/05/26,3.74,3.74,3.57,3.72,32973214,122911576.00
2014/05/27,3.65,3.69,3.58,3.59,12844491,47719612.00
2014/05/28,3.57,3.64,3.53,3.56,10367950,37996576.00
2014/05/29,3.55,3.63,3.54,3.57,9943107,36278996.00
2014/05/30,3.55,3.67,3.53,3.66,14764932,54593172.00
2014/06/10,3.40,3.44,3.29,3.36,23353925,79887672.00
2014/06/11,3.32,3.65,3.32,3.59,19610855,69738256.00
2014/06/12,3.55,3.73,3.55,3.59,15246927,56624780.00
2014/06/13,3.61,3.83,3.57,3.75,15570367,59386708.00
2014/06/16,3.76,3.82,3.70,3.74,10667995,40966168.00
2014/06/17,3.75,3.77,3.70,3.74,7285886,27794178.00
2014/06/18,3.72,3.77,3.72,3.75,5851817,22417384.00
2014/06/19,3.75,4.03,3.71,3.80,16580807,65390260.00
2014/06/20,3.74,3.97,3.72,3.90,10070992,39733428.00
2014/06/23,3.88,4.10,3.87,4.03,12765051,52201988.00
2014/06/24,4.02,4.07,3.94,3.96,6768472,27341264.00
2014/06/25,3.96,3.99,3.80,3.86,8955952,34998444.00
2014/06/26,3.86,4.03,3.85,4.02,9069883,36561972.00
2014/06/27,4.01,4.17,4.00,4.14,12948761,53538936.00
2014/06/30,4.13,4.23,4.10,4.22,9010374,37962996.00
2014/07/01,4.18,4.23,4.13,4.14,7747752,32666054.00
2014/07/02,4.13,4.22,4.07,4.15,6890709,28874034.00
2014/07/03,4.15,4.26,4.11,4.24,7105365,30186468.00
2014/07/04,4.23,4.31,4.15,4.17,6647654,28323692.00
2014/07/07,4.18,4.27,4.11,4.17,5646291,23952792.00
2014/07/08,4.19,4.23,4.13,4.20,5485204,23168596.00
2014/07/09,4.17,4.27,4.14,4.16,8981029,38208132.00
2014/07/10,4.15,4.16,4.01,4.02,8649459,35616896.00
2014/07/11,4.02,4.08,3.98,4.07,4627569,18928160.00
2014/07/14,4.07,4.29,4.05,4.25,8263932,34963412.00
2014/07/15,4.24,4.35,4.19,4.33,8620524,37221020.00
2014/07/16,4.31,4.36,4.15,4.19,7179041,30708520.00
2014/07/17,4.19,4.19,4.04,4.14,6580373,27347060.00
2014/07/18,4.13,4.35,4.07,4.25,9965017,42690400.00
2014/07/21,4.24,4.35,4.17,4.25,7316044,31620916.00
2014/07/22,4.23,4.31,4.19,4.26,6856480,29503292.00
2014/07/23,4.26,4.26,4.20,4.23,4605799,19680094.00
2014/07/24,4.26,4.40,4.23,4.35,16488360,72179440.00
2014/07/25,4.35,4.38,4.27,4.32,8167568,35803004.00
2014/07/28,4.33,4.75,4.33,4.58,17777548,81871072.00
2014/07/29,4.60,4.72,4.56,4.70,14607986,68613144.00
2014/07/30,4.70,4.88,4.68,4.71,13725465,66106100.00
2014/07/31,4.71,4.74,4.55,4.70,11988908,55941088.00
2014/08/01,4.70,4.81,4.59,4.66,8072419,38201096.00
2014/08/04,4.67,4.69,4.58,4.67,8440348,39409512.00
2014/08/05,4.68,4.68,4.60,4.65,4740598,22177684.00
2014/08/06,4.65,4.66,4.55,4.59,7953879,36935292.00
2014/08/07,4.58,4.62,4.50,4.51,7187568,33034210.00
2014/08/08,4.53,4.62,4.45,4.62,6693460,30730534.00
2014/08/11,4.59,4.72,4.55,4.67,7454796,34957068.00
2014/08/12,4.66,4.82,4.61,4.78,9513591,45576864.00
2014/08/13,4.77,4.93,4.65,4.78,11762981,56882664.00
2014/08/14,4.77,4.95,4.71,4.86,16049545,78566832.00
2014/08/15,4.87,4.90,4.77,4.86,9009357,44008628.00
2014/08/18,4.80,4.80,4.66,4.79,14544937,69617112.00
2014/08/19,4.77,4.78,4.71,4.73,5698391,27314016.00
2014/08/20,4.73,4.85,4.72,4.74,8272445,39992276.00
2014/08/21,4.75,4.79,4.56,4.62,15398191,72433936.00
2014/08/22,4.62,4.62,4.47,4.49,17428118,79674848.00
2014/08/25,4.51,4.66,4.51,4.65,13629785,63446576.00
2014/08/26,4.67,4.82,4.64,4.76,18568654,89237312.00
2014/08/27,4.76,4.79,4.67,4.75,5623921,26872940.00
2014/08/28,4.73,4.82,4.70,4.76,7069964,34018632.00
2014/08/29,4.78,4.79,4.70,4.75,4461588,21379006.00
2014/09/01,4.72,4.84,4.66,4.83,11381013,54679104.00
2014/09/02,4.83,4.90,4.77,4.84,8640392,42106896.00
2014/09/03,4.85,4.92,4.77,4.83,7442013,36261388.00
2014/09/04,4.85,4.85,4.78,4.79,9792115,47545420.00
2014/09/05,4.79,4.80,4.72,4.76,9563128,45981676.00
2014/09/09,4.77,4.79,4.74,4.76,10285717,49419016.00
2014/09/10,4.74,4.75,4.67,4.73,7084295,33758644.00
2014/09/11,4.76,4.83,4.72,4.82,10849637,52497244.00
2014/09/12,4.82,4.87,4.80,4.86,9215368,45100196.00
2014/09/15,4.89,4.89,4.79,4.82,6723189,32740184.00
2014/09/16,4.82,4.87,4.55,4.61,9828086,47215664.00
2014/09/17,4.55,4.70,4.55,4.69,7278653,34078296.00
2014/09/18,4.67,4.68,4.57,4.60,5735758,26806960.00
2014/09/19,4.62,4.65,4.55,4.62,6086138,28260272.00
2014/09/22,4.65,4.65,4.51,4.54,6838746,31620848.00
2014/09/23,4.53,4.57,4.41,4.48,15591303,70408200.00
2014/09/24,4.45,4.51,4.43,4.51,8770039,39622892.00
2014/09/25,4.53,4.75,4.51,4.66,15855036,74706568.00
2014/09/26,4.67,4.79,4.65,4.79,16091173,77408160.00
2014/09/29,4.81,4.90,4.75,4.77,14387569,70074320.00
2014/09/30,4.79,4.81,4.71,4.76,7411295,35542124.00
2014/10/08,4.83,5.01,4.78,5.00,23816585,116992336.00
2014/10/09,5.00,5.18,4.96,5.05,24354829,124692656.00
2014/10/10,5.04,5.08,4.96,5.05,10004651,50749640.00
2014/10/13,5.04,5.04,4.90,4.97,8556659,42809632.00
2014/10/14,4.96,5.10,4.92,5.10,11201722,57053760.00
2014/10/15,5.08,5.20,5.03,5.17,12809553,66403680.00
2014/10/16,5.13,5.38,5.07,5.25,17097544,90093128.00
2014/10/17,5.23,5.43,5.18,5.33,15927958,85389672.00
2014/10/20,5.34,5.53,5.31,5.50,12138580,66662616.00
2014/10/21,5.52,5.57,5.23,5.39,16208547,87672512.00
2014/10/22,5.30,5.35,5.15,5.30,16355450,86412576.00
2014/10/23,5.24,5.31,5.12,5.19,10668862,55810188.00
2014/10/24,5.19,5.24,5.10,5.14,4752982,24747116.00
2014/10/27,5.13,5.19,5.07,5.16,4762913,24671364.00
2014/10/28,5.15,5.28,5.13,5.27,6914250,36323840.00
2014/10/29,5.23,5.41,5.18,5.34,10919856,58430232.00
2014/10/30,5.37,5.39,5.13,5.18,13236481,70316752.00
2014/10/31,5.18,5.18,5.05,5.11,9336165,48091104.00
2014/11/03,5.16,5.30,5.16,5.27,10117399,53630844.00
2014/11/04,5.23,5.28,5.19,5.21,5461879,28766960.00
2014/11/05,5.19,5.19,5.11,5.15,4019785,20894740.00
2014/11/06,5.16,5.27,5.13,5.25,6201343,32585032.00
2014/11/07,5.29,5.33,5.18,5.18,6433164,34162468.00
2014/11/10,5.14,5.29,5.14,5.25,6928235,36411672.00
2014/11/11,5.29,5.29,5.08,5.13,7106956,36935656.00
2014/11/12,5.10,5.15,4.97,5.12,6640186,33979536.00
2014/11/14,4.75,4.93,4.60,4.77,21558491,103174328.00
2014/11/17,4.70,4.80,4.63,4.79,8774952,41942480.00
2014/11/18,4.75,4.84,4.70,4.75,5815458,27982684.00
2014/11/19,4.76,4.82,4.72,4.76,5492147,26442996.00
2014/11/20,4.76,4.77,4.67,4.70,3957379,18838820.00
2014/11/21,4.69,4.77,4.69,4.76,3674018,17574322.00
2014/11/24,4.91,5.04,4.81,4.99,19060728,95044560.00
2014/11/25,4.97,4.97,4.85,4.94,10711233,53007328.00
2014/11/26,4.93,4.93,4.79,4.84,14805404,72375200.00
2014/11/27,4.79,4.88,4.78,4.86,11538305,56325148.00
2014/11/28,4.86,4.97,4.77,4.93,19591061,96563984.00
2014/12/01,4.93,4.93,4.78,4.79,12141827,59341520.00
2014/12/02,4.78,4.86,4.77,4.84,9727428,47398560.00
2014/12/03,4.85,5.13,4.81,4.96,23372514,117866480.00
2014/12/04,4.97,5.00,4.90,4.99,22399881,112063224.00
2014/12/05,5.00,5.15,4.86,5.12,40065156,203368432.00
2014/12/08,5.11,5.52,5.05,5.46,36192125,194167792.00
2014/12/09,5.41,5.66,5.13,5.15,28554419,154404896.00
2014/12/10,5.15,5.24,5.00,5.19,16322839,84605872.00
2014/12/11,5.13,5.33,5.08,5.29,15100600,79646560.00
2014/12/12,5.29,5.29,5.21,5.24,8965781,47387200.00
2014/12/15,5.22,5.34,5.12,5.27,11706060,61654456.00
2014/12/16,5.23,5.40,5.22,5.34,11947672,64077428.00
2014/12/17,5.32,5.45,5.28,5.36,11783481,63664976.00
2014/12/18,5.40,5.71,5.39,5.63,25132031,140540848.00
2014/12/19,5.67,6.12,5.55,6.10,31539669,185305376.00
2014/12/22,6.14,6.32,5.82,5.84,31164868,189404272.00
2014/12/23,5.95,6.36,5.80,6.09,23555821,145074976.00
2014/12/24,6.11,6.70,5.99,6.68,34508145,222658720.00
2014/12/25,6.68,6.98,6.49,6.80,34256497,234297104.00
2014/12/26,6.78,7.44,6.72,7.38,32410517,231716016.00
2014/12/29,7.05,7.30,6.89,7.19,43333293,310944736.00
2014/12/30,7.10,7.12,6.47,6.65,34264782,232222224.00
2014/12/31,6.53,7.07,6.48,6.98,21206095,145080944.00
2015/01/05,6.94,7.25,6.79,6.88,20466790,144269120.00
2015/01/06,6.83,6.83,6.54,6.60,18898272,126098344.00
2015/01/07,6.67,6.83,6.60,6.75,9827127,66331228.00
2015/01/08,6.70,6.82,6.50,6.63,14299276,95566328.00
2015/01/09,6.65,6.66,6.50,6.51,10872594,72268304.00
2015/01/12,6.54,6.61,6.36,6.46,9378406,61221592.00
2015/01/13,6.46,6.52,6.43,6.50,5660753,36964796.00
2015/01/14,6.54,6.55,6.32,6.45,6262906,40720216.00
2015/01/15,6.48,6.70,6.45,6.70,10777770,71705232.00
2015/01/16,6.90,7.04,6.72,6.74,13429295,92436872.00
2015/01/19,6.40,6.56,6.20,6.47,13537624,87938768.00
2015/01/20,6.45,6.63,6.45,6.57,7547928,49798120.00
2015/01/21,6.63,6.73,6.55,6.68,12267421,82070288.00
2015/01/22,6.69,6.72,6.61,6.68,8982128,60257236.00
2015/01/23,6.87,6.94,6.69,6.75,13542252,92336128.00
2015/01/26,6.77,7.10,6.74,7.09,18632114,130819008.00
2015/01/27,7.10,7.12,6.87,7.00,10700412,75212104.00
2015/01/28,6.95,7.10,6.88,7.01,8422770,59632212.00
2015/01/29,7.02,7.02,6.78,6.87,7012529,48675736.00
2015/01/30,6.90,7.04,6.81,6.93,7952646,55500428.00
2015/02/02,6.86,7.02,6.76,6.93,6113302,42674212.00
2015/02/03,6.90,7.03,6.90,7.03,6197876,43532804.00
2015/02/04,7.03,7.14,6.95,6.98,7447802,52901592.00
2015/02/05,7.12,7.13,6.89,6.93,7192516,50571124.00
2015/02/06,6.90,7.43,6.87,7.21,22054231,158929904.00
2015/02/09,7.23,7.25,6.85,6.98,7681041,54542792.00
2015/02/10,6.95,7.07,6.87,6.98,6361454,44389300.00
2015/02/11,7.02,7.06,6.89,6.99,4399013,30899280.00
2015/02/12,7.01,7.08,6.94,7.06,6526422,46043688.00
2015/02/13,7.07,7.28,7.07,7.17,12562208,90891376.00
2015/02/16,7.20,7.43,7.11,7.42,10124770,74880616.00
2015/02/17,7.46,7.91,7.45,7.76,13458918,104474744.00
2015/02/25,7.77,7.88,7.62,7.63,7118619,55352064.00
2015/02/26,7.66,7.70,7.53,7.61,6936517,53069808.00
2015/02/27,7.63,7.66,7.51,7.64,7156087,54731008.00
2015/03/02,7.73,7.83,7.56,7.73,12030107,93484656.00
2015/03/03,7.73,7.83,7.67,7.71,10489543,81836544.00
2015/03/04,7.61,7.85,7.61,7.77,6796937,53102072.00
2015/03/05,7.78,7.90,7.65,7.69,7903871,61817144.00
2015/03/06,7.69,8.11,7.46,8.10,17758886,139772176.00
2015/03/09,8.08,8.74,7.95,8.50,22681759,193985152.00
2015/03/10,8.40,8.75,8.36,8.66,11244186,97191600.00
2015/03/11,8.66,8.76,8.47,8.57,11534719,99730248.00
2015/03/12,8.55,8.63,8.04,8.10,16450355,136466320.00
2015/03/13,8.13,8.22,7.95,8.14,11737524,95500736.00
2015/03/16,8.14,8.43,8.08,8.43,15495947,128266016.00
2015/03/17,8.56,8.69,8.38,8.44,14980838,128794456.00
2015/03/18,8.45,8.61,8.27,8.50,14024391,119366848.00
2015/03/19,8.50,8.83,8.50,8.58,16612276,144358672.00
2015/03/20,8.56,8.78,8.45,8.78,19496851,169196128.00
2015/03/23,8.87,9.12,8.79,8.87,20476569,184002896.00
2015/03/24,8.88,8.89,8.40,8.66,18581229,160902192.00
2015/03/25,8.70,8.71,8.44,8.63,15389338,132117048.00
2015/03/26,8.54,8.66,8.35,8.47,18653894,159543824.00
2015/03/27,8.49,9.32,8.44,9.12,35174388,313307584.00
2015/03/30,9.06,9.71,8.78,9.33,52047772,479055808.00
2015/03/31,9.64,9.64,9.09,9.14,30616973,286504256.00
2015/04/01,9.05,9.23,8.87,9.21,20057002,182852608.00
2015/04/02,9.03,9.42,9.03,9.19,19462156,181057424.00
2015/04/03,9.14,9.30,8.97,9.26,16390527,151231616.00
2015/04/07,9.26,9.33,9.13,9.29,26390476,244581568.00
2015/04/08,9.33,9.61,9.17,9.57,35735459,337151968.00
2015/04/09,9.58,10.23,9.11,10.07,47270590,457144352.00
2015/04/10,10.04,11.08,9.67,11.07,44202832,457385344.00
2015/04/13,11.07,11.93,10.78,11.57,40018279,465053984.00
2015/04/14,11.57,11.95,11.15,11.34,26601269,307646912.00
2015/04/15,11.29,11.30,10.34,10.36,31374269,337045920.00
2015/04/16,10.05,10.80,9.65,10.42,26592116,273351968.00
2015/04/17,10.55,10.75,9.95,10.48,29529877,309436544.00
2015/04/20,10.54,10.70,9.97,10.03,29190607,302010624.00
2015/04/21,9.94,10.34,9.75,10.33,24319493,245953504.00
2015/04/22,10.32,10.56,10.20,10.40,26553780,277194432.00
2015/04/23,10.47,10.51,10.12,10.25,27540766,283731488.00
2015/04/24,10.14,10.14,9.85,9.96,26949424,270289312.00
2015/04/27,10.01,10.20,9.93,10.05,26963810,272148800.00
2015/04/28,10.04,10.04,9.45,9.50,29006936,282783488.00
2015/04/29,9.40,9.58,9.23,9.56,24923489,236301840.00
2015/04/30,9.58,9.92,9.48,9.75,26790721,261139248.00
2015/05/04,9.76,9.83,9.55,9.65,20625163,200410720.00
2015/05/05,9.69,9.69,8.91,9.09,26772091,248680560.00
2015/05/06,9.07,9.28,8.83,8.91,17226609,157577728.00
2015/05/07,8.93,9.24,8.61,9.14,19959890,180433600.00
2015/05/08,9.20,9.30,8.95,9.26,17185468,158112480.00
2015/05/11,9.48,9.65,9.31,9.58,23821904,227458080.00
2015/05/12,9.62,9.64,9.33,9.48,21020427,199639296.00
2015/05/13,9.49,10.13,9.34,10.09,32448731,314273856.00
2015/05/14,10.10,10.11,9.75,9.87,26150989,260751280.00
2015/05/15,9.87,9.87,9.35,9.62,18047531,174054128.00
2015/05/18,9.50,10.09,9.43,9.98,30904275,308381952.00
2015/05/19,9.95,10.45,9.95,10.31,30607339,314007008.00
2015/05/20,10.32,10.62,9.95,10.07,33371182,347508864.00
2015/05/21,10.07,10.51,9.94,10.35,32270103,330654560.00
2015/05/22,10.39,10.85,10.25,10.79,42687869,449904384.00
2015/05/25,10.75,11.45,10.62,11.31,43258056,484254912.00
2015/05/26,11.33,11.67,11.15,11.37,35631424,408064064.00
2015/05/27,11.37,12.51,11.07,12.51,47058849,556877504.00
2015/05/28,12.76,13.63,11.57,11.93,63058076,825800640.00
2015/05/29,12.15,13.13,11.55,13.13,50871068,646730048.00
2015/06/09,11.81,12.25,11.81,11.81,28288700,336196416.00
2015/06/10,11.63,12.04,11.13,12.00,62424870,725213760.00
2015/06/11,11.75,11.94,11.57,11.78,42703653,503266400.00
2015/06/12,11.76,12.96,11.70,12.96,56703794,708459776.00
2015/06/15,13.25,13.92,12.85,12.96,64734266,869333632.00
2015/06/16,12.93,13.70,12.55,13.44,47126533,625244672.00
2015/06/17,13.47,13.47,12.10,12.91,39558554,502572544.00
2015/06/18,12.93,13.50,12.62,12.76,30227759,397197472.00
2015/06/19,12.00,12.47,11.48,11.48,23964002,286714976.00
2015/06/23,11.48,11.48,10.33,10.91,28858514,309851840.00
2015/06/24,10.95,11.25,10.53,11.15,27911511,305761376.00
2015/06/25,11.13,11.58,10.63,10.70,27700619,309714432.00
2015/06/26,10.26,10.30,9.63,9.63,19854938,196234736.00
2015/06/29,10.00,10.14,8.67,8.67,34018879,312003232.00
2015/06/30,8.50,9.35,7.80,9.22,39212115,329851680.00
2015/07/01,9.03,9.35,8.30,8.30,24700325,220303280.00
2015/07/02,8.00,8.26,7.47,7.47,25961207,199670880.00
2015/07/03,6.91,7.30,6.72,6.72,24312398,167019824.00
2015/07/06,7.32,7.37,6.05,6.05,35111718,228368992.00
2015/07/07,5.65,5.75,5.45,5.45,15561528,85886432.00
2015/07/13,6.00,6.00,6.00,6.00,533998,3203988.00
2015/07/14,6.60,6.60,6.60,6.60,595266,3928756.00
2015/07/15,7.26,7.26,6.11,6.34,57772132,395223104.00
2015/07/16,6.05,6.70,5.76,6.53,26371900,167751456.00
2015/07/17,6.57,7.17,6.50,7.08,35554282,246214704.00
2015/07/20,7.11,7.79,7.00,7.78,49567124,366756352.00
2015/07/21,7.60,7.97,7.42,7.66,36078517,279852704.00
2015/07/22,7.55,7.70,7.08,7.48,29488092,219494656.00
2015/07/23,7.51,7.78,7.45,7.72,26559728,203080480.00
2015/07/24,7.70,8.14,7.54,7.66,38510290,300821888.00
2015/07/27,7.36,7.70,6.89,6.89,27124404,197732000.00
2015/07/28,6.40,6.98,6.20,6.37,29652458,190970544.00
2015/07/29,6.45,6.85,6.31,6.84,17673002,115714176.00
2015/07/30,6.85,7.07,6.50,6.63,18433837,126831488.00
2015/07/31,6.54,6.75,6.30,6.51,12593108,83105136.00
2015/08/03,6.37,6.48,5.94,6.17,15153054,93901176.00
2015/08/04,6.21,6.63,6.19,6.62,16296188,104379320.00
2015/08/05,6.59,6.66,6.31,6.42,15633675,101739088.00
2015/08/06,6.24,6.43,6.18,6.37,10076949,63840652.00
2015/08/07,6.44,6.65,6.41,6.62,19771219,129245632.00
2015/08/10,6.66,7.08,6.62,6.99,25456182,174518304.00
2015/08/11,6.98,7.31,6.93,7.21,27576846,197139856.00
2015/08/12,7.03,7.33,6.98,7.11,18578712,132907664.00
2015/08/13,7.02,7.78,7.02,7.76,36635516,272694944.00
2015/08/14,7.77,8.02,7.49,7.89,36345144,280750624.00
2015/08/17,7.71,8.28,7.60,8.07,38233504,304306816.00
2015/08/18,8.12,8.20,7.26,7.26,34991622,264777392.00
2015/08/19,7.10,7.58,6.63,7.45,27587108,195577552.00
2015/08/20,7.38,7.90,7.10,7.13,20877049,154912512.00
2015/08/21,7.00,7.42,6.67,6.70,25818088,182767024.00
2015/08/24,6.11,6.50,6.03,6.03,15453203,94218352.00
2015/08/25,5.47,5.72,5.43,5.43,16035419,88582800.00
2015/08/26,5.51,5.81,4.90,5.18,24155696,130221856.00
2015/08/27,5.36,5.45,5.00,5.35,18094607,94961920.00
2015/08/28,5.42,5.89,5.41,5.89,29407484,166168240.00
2015/08/31,5.80,6.00,5.50,5.61,24894921,143539568.00
2015/09/01,5.66,5.82,5.10,5.21,22090494,122024640.00
2015/09/02,4.90,5.42,4.80,4.96,15754897,79832368.00
2015/09/07,5.10,5.28,5.00,5.08,13042839,67060200.00
2015/09/08,5.13,5.35,5.02,5.34,12678490,65906696.00
2015/09/09,5.40,5.62,5.36,5.58,18531212,102370400.00
2015/09/10,5.50,5.79,5.41,5.51,16274856,91409456.00
2015/09/11,5.50,5.65,5.41,5.53,13558167,74601592.00
2015/09/14,5.58,5.58,4.98,4.98,15076101,78602408.00
2015/09/15,4.89,4.96,4.57,4.64,12200759,58371140.00
2015/09/16,4.71,5.10,4.61,5.05,11643347,56233432.00
2015/09/17,4.95,5.18,4.87,4.90,12947606,65098400.00
2015/09/18,4.91,5.00,4.83,4.91,7200997,35333392.00
2015/09/21,4.82,5.08,4.81,5.07,8254415,41167432.00
2015/09/22,5.10,5.20,5.05,5.13,10603440,54219104.00
2015/09/23,5.01,5.09,4.93,4.97,8482051,42471424.00
2015/09/24,4.99,5.15,4.99,5.12,9204497,46712040.00
2015/09/25,5.06,5.11,4.91,4.93,8653219,43085672.00
2015/09/28,4.95,5.01,4.87,5.00,4637620,22959288.00
2015/09/29,4.95,4.95,4.80,4.83,4429820,21636164.00
2015/09/30,4.90,4.92,4.85,4.90,2648739,12959424.00
2015/10/08,5.07,5.15,5.01,5.10,7328008,37286648.00
2015/10/09,5.10,5.61,5.06,5.61,27999872,151721312.00
2015/10/12,5.69,5.93,5.58,5.74,21359545,123117440.00
2015/10/13,5.73,5.80,5.62,5.73,14528723,82862896.00
2015/10/14,5.69,5.77,5.59,5.59,10437607,59215072.00
2015/10/15,5.59,5.77,5.53,5.75,11464720,65242344.00
2015/10/16,5.79,6.09,5.76,6.03,21273116,125281296.00
2015/10/19,6.03,6.08,5.61,5.81,16312562,95662688.00
2015/10/20,5.76,5.93,5.76,5.89,13207771,77364440.00
2015/10/21,5.92,6.16,5.51,5.63,24110023,143046064.00
2015/10/22,5.64,6.19,5.64,6.19,28900047,173753712.00
2015/10/23,6.21,6.54,6.10,6.43,28274149,177855552.00
2015/10/26,6.50,6.55,6.18,6.29,20545066,130237872.00
2015/10/27,6.25,6.33,5.96,6.22,14193435,86992848.00
2015/10/28,6.14,6.38,5.90,5.96,17126662,105551552.00
2015/10/29,6.01,6.14,5.93,6.06,12010448,72788384.00
2015/10/30,6.07,6.38,6.01,6.27,16240059,101321984.00
2015/11/02,6.13,6.24,6.00,6.07,13159374,80374352.00
2015/11/03,6.03,6.25,6.03,6.15,9264218,56905108.00
2015/11/04,6.17,6.44,6.17,6.42,20296082,128087472.00
2015/11/05,6.43,6.70,6.38,6.59,24984739,163088672.00
2015/11/06,6.60,6.88,6.55,6.80,21659122,145677760.00
2015/11/09,6.72,7.20,6.65,7.07,26750993,187205488.00
2015/11/10,6.97,7.52,6.90,7.50,26569763,192410576.00
2015/11/11,7.47,7.87,7.40,7.52,19072798,144338912.00
2015/11/12,7.42,7.60,7.20,7.32,19973372,146262512.00
2015/11/13,7.21,7.48,7.13,7.30,11388736,83111336.00
2015/11/16,7.12,7.99,7.05,7.95,21624212,163222720.00
2015/11/17,8.06,8.41,7.98,8.09,33445648,272879456.00
2015/11/18,8.07,8.58,7.85,8.25,28404571,236354704.00
2015/11/19,8.21,8.33,8.03,8.26,15450099,126076536.00
2015/11/20,8.25,8.70,8.09,8.17,17976456,149551136.00
2015/11/23,8.15,8.20,7.91,7.99,21688060,173377600.00
2015/11/24,8.06,8.26,7.96,8.24,17342481,141461040.00
2015/11/25,8.19,8.44,8.14,8.23,13921679,115414576.00
2015/11/26,8.25,8.35,7.95,8.10,14811365,121184304.00
2015/11/27,8.07,8.08,7.32,7.42,17918206,139373968.00
2015/11/30,7.43,7.55,6.79,7.36,13786859,100011720.00
2015/12/01,7.37,8.10,7.29,7.71,22866260,177284192.00
2015/12/02,7.61,7.99,7.29,7.66,18906661,144537680.00
2015/12/03,7.66,7.94,7.50,7.89,14611893,113774640.00
2015/12/04,7.81,8.68,7.80,8.68,32936181,272682624.00
2015/12/07,8.60,9.38,8.51,9.11,34462344,305315168.00
2015/12/08,8.95,9.28,8.90,8.92,21786702,197499136.00
2015/12/09,8.88,9.81,8.88,9.71,34924915,333291392.00
2015/12/10,9.60,10.18,9.44,9.52,22110404,216762752.00
2015/12/11,9.50,9.50,9.01,9.08,16517769,152027648.00
2015/12/14,8.90,9.49,8.79,9.16,11589254,106257136.00
2015/12/15,9.29,9.50,9.08,9.18,12557673,116081256.00
2015/12/16,9.15,9.85,9.15,9.59,17809438,168967328.00
2015/12/17,9.60,10.00,9.47,9.88,19425572,190313024.00
2015/12/18,9.81,10.20,9.60,9.90,16633199,165086784.00
2015/12/21,9.89,10.37,9.75,9.89,21355207,215120432.00
2015/12/22,9.92,10.04,9.51,9.76,16169091,157095552.00
2015/12/23,9.80,10.02,9.61,9.81,15286581,149596880.00
2015/12/24,9.83,9.86,9.50,9.71,11384507,109899976.00
2015/12/25,9.72,10.68,9.72,10.68,29588690,303662944.00
2015/12/28,10.50,10.78,10.20,10.21,24376654,254106736.00
2015/12/29,10.27,10.38,9.89,10.12,16335853,164633120.00
2015/12/30,10.02,10.20,9.89,10.16,14913411,150091344.00
2015/12/31,10.18,10.18,9.92,10.00,7646292,76847744.00
2016/01/04,9.95,10.10,9.00,9.00,16964489,161750912.00
2016/01/05,8.47,9.19,8.10,8.66,24411605,208673824.00
2016/01/06,8.69,8.98,8.47,8.94,13599167,118540400.00
2016/01/07,8.80,8.83,8.05,8.06,3874652,32269284.00
2016/01/08,8.13,8.55,7.57,8.26,20041505,162963808.00
2016/01/11,8.08,8.30,7.43,7.43,18198430,140779984.00
2016/01/12,7.35,7.71,7.09,7.45,12252597,91059648.00
2016/01/13,7.54,7.62,7.01,7.23,8302331,61178908.00
2016/01/14,6.98,7.45,6.85,7.35,9122978,65649184.00
2016/01/15,7.35,7.59,7.14,7.17,10712478,79043920.00
2016/01/18,6.90,7.45,6.81,7.37,8205497,59338392.00
2016/01/19,7.31,7.86,7.31,7.75,10546566,80465600.00
2016/01/20,7.66,7.93,7.61,7.69,9060881,70077200.00
2016/01/21,7.60,7.84,7.32,7.38,10213002,77003248.00
2016/01/22,7.15,7.50,7.01,7.38,7164620,52183692.00
2016/01/25,7.44,7.49,7.24,7.36,5703674,41965480.00
2016/01/26,7.25,7.49,6.87,6.97,10910147,79066024.00
2016/01/27,7.05,7.08,6.28,6.51,12256130,80523312.00
2016/01/28,6.44,6.55,6.00,6.18,8188212,51751368.00
2016/01/29,6.13,6.46,6.07,6.39,9831374,61610860.00
2016/02/01,6.37,6.44,6.00,6.22,6011002,37444464.00
2016/02/02,6.15,6.53,6.15,6.48,5686779,36527008.00
2016/02/03,6.49,6.68,6.40,6.54,8001552,52521472.00
2016/02/04,6.50,6.76,6.41,6.64,7749245,51299384.00
2016/02/05,6.58,6.84,6.58,6.66,5297357,35385408.00
2016/02/15,6.38,6.60,6.28,6.49,3643932,23569256.00
2016/02/16,6.54,6.85,6.54,6.81,6846191,46319068.00
2016/02/17,6.82,6.94,6.72,6.86,6250877,42705516.00
2016/02/18,6.91,7.09,6.75,6.81,11422239,78941184.00
2016/02/19,6.80,6.88,6.70,6.76,4463661,30196472.00
2016/02/22,6.90,7.14,6.83,7.01,12333135,86396016.00
2016/02/23,7.01,7.05,6.89,6.97,7915292,55114272.00
2016/02/24,6.99,7.24,6.93,7.14,8028683,56895124.00
2016/02/25,7.08,7.14,6.43,6.56,12417311,83976696.00
2016/02/26,6.64,6.75,6.28,6.47,7740019,49874768.00
2016/02/29,6.47,6.52,5.82,5.86,13707621,82276320.00
2016/03/01,5.90,6.12,5.87,6.00,11411944,68632472.00
2016/03/02,5.96,6.60,5.96,6.57,19557764,123296112.00
2016/03/03,6.55,6.85,6.45,6.51,17481961,116921600.00
2016/03/04,6.40,6.53,6.05,6.18,13795021,87133552.00
2016/03/07,6.39,6.47,6.28,6.41,13355984,85140080.00
2016/03/08,6.42,6.75,6.20,6.58,12874189,82853152.00
2016/03/09,6.45,6.65,6.31,6.37,7863970,50561968.00
数据来源:通达信
