002100 天康生物 日线 前复权
      日期	    开盘	    最高	    最低	    收盘	    成交量	    成交额
2011/01/04,5.58,5.58,5.42,5.58,1073503,20606858.00
2011/01/05,5.53,5.71,5.50,5.69,1886886,36939156.00
2011/01/06,5.68,5.68,5.56,5.57,977895,19111964.00
2011/01/07,5.57,5.63,5.53,5.56,644453,12586792.00
2011/01/10,5.59,5.65,5.44,5.47,1283926,24820982.00
2011/01/11,5.44,5.44,5.19,5.37,1012670,18742818.00
2011/01/12,5.34,5.40,5.29,5.40,536146,10018923.00
2011/01/13,5.42,5.57,5.42,5.44,635808,12086688.00
2011/01/14,5.44,5.58,5.32,5.45,1267755,24317782.00
2011/01/17,5.38,5.38,5.16,5.17,798870,14654642.00
2011/01/18,5.17,5.17,5.02,5.08,735670,13098903.00
2011/01/19,5.10,5.15,5.00,5.14,932214,16629422.00
2011/01/20,5.14,5.14,4.74,4.85,1517517,26200602.00
2011/01/21,4.84,4.91,4.76,4.90,972508,16516487.00
2011/01/24,4.87,4.93,4.82,4.92,627413,10711503.00
2011/01/25,4.92,5.02,4.86,5.02,1142996,19878292.00
2011/01/26,5.02,5.13,4.97,5.12,1088659,19352624.00
2011/01/27,5.11,5.22,5.03,5.21,2053214,36677244.00
2011/01/28,5.20,5.27,5.11,5.25,1150957,20960454.00
2011/01/31,5.23,5.28,5.19,5.26,740710,13595037.00
2011/02/01,5.29,5.32,5.15,5.28,879470,16128609.00
2011/02/09,5.25,5.42,5.20,5.41,1353921,25444296.00
2011/02/10,5.40,5.69,5.33,5.69,2837732,55652644.00
2011/02/11,5.68,5.71,5.55,5.68,2046491,40255928.00
2011/02/14,5.67,5.96,5.64,5.93,4846973,99193144.00
2011/02/16,5.82,6.02,5.74,5.94,2306345,47097264.00
2011/02/17,5.88,5.99,5.82,5.99,2199421,45310920.00
2011/02/18,6.03,6.21,5.92,6.20,4121011,87929288.00
2011/02/21,6.18,6.50,6.13,6.40,4910061,108387504.00
2011/02/22,6.39,6.39,6.11,6.14,3272154,70753840.00
2011/02/23,6.18,6.22,6.03,6.18,2180012,46576580.00
2011/02/24,6.20,6.32,6.10,6.26,1841025,39897524.00
2011/02/25,6.15,6.40,6.15,6.37,2866539,63146748.00
2011/02/28,6.43,6.57,6.37,6.41,2669821,60333360.00
2011/03/01,6.42,6.53,6.29,6.44,2437751,54275020.00
2011/03/02,6.41,6.72,6.38,6.72,5389865,124072048.00
2011/03/03,6.70,6.80,6.48,6.80,3887005,90080192.00
2011/03/04,6.74,6.89,6.68,6.87,3964686,93710760.00
2011/03/07,6.86,6.86,6.71,6.80,2070088,48665504.00
2011/03/08,6.80,6.85,6.71,6.77,2242093,52628752.00
2011/03/09,6.73,6.80,6.63,6.70,1555580,36359548.00
2011/03/10,6.70,6.89,6.67,6.86,2069544,49067304.00
2011/03/11,6.83,6.98,6.78,6.85,1501929,35921296.00
2011/03/14,6.81,6.95,6.79,6.91,1297489,30869536.00
2011/03/15,7.05,7.10,6.85,7.02,2855073,69258048.00
2011/03/16,7.02,7.02,6.70,6.76,2549310,60333828.00
2011/03/17,6.74,6.74,6.27,6.33,3787778,84946296.00
2011/03/18,6.39,6.53,6.27,6.38,2479490,55132516.00
2011/03/21,6.39,6.56,6.33,6.36,1813548,40630512.00
2011/03/22,6.39,6.39,6.17,6.32,1472186,32021460.00
2011/03/23,6.33,6.50,6.24,6.45,1124135,25147518.00
2011/03/24,6.45,6.56,6.42,6.52,1425106,32193630.00
2011/03/25,6.54,6.54,6.34,6.42,1402412,31241190.00
2011/03/28,6.42,6.42,6.07,6.12,3322345,71346376.00
2011/03/29,6.10,6.10,5.69,5.78,4496297,91910928.00
2011/03/30,5.79,5.86,5.74,5.77,1913189,38660940.00
2011/03/31,5.84,5.85,5.57,5.62,1733938,34245968.00
2011/04/01,5.61,5.86,5.61,5.85,1505008,30279734.00
2011/04/06,5.82,5.88,5.77,5.78,1081577,21953424.00
2011/04/07,5.79,5.84,5.74,5.82,1218782,24657394.00
2011/04/08,5.85,5.85,5.73,5.81,1339097,27092660.00
2011/04/11,5.82,5.91,5.73,5.88,2621991,53322584.00
2011/04/12,5.85,6.11,5.85,6.06,3369387,70633656.00
2011/04/13,6.06,6.11,5.92,6.09,1949049,41178768.00
2011/04/14,6.09,6.36,6.04,6.33,2972868,64203856.00
2011/04/15,6.27,6.35,6.09,6.33,2410396,52178796.00
2011/04/18,6.43,6.43,6.12,6.18,1430663,31029604.00
2011/04/19,6.18,6.21,5.94,6.00,1488577,31292518.00
2011/04/20,5.97,6.03,5.92,5.97,771158,15976036.00
2011/04/21,5.94,6.02,5.84,5.84,1093048,22555032.00
2011/04/22,5.82,5.90,5.79,5.82,1383897,28169532.00
2011/04/25,5.70,5.81,5.56,5.65,2388420,47291388.00
2011/04/26,5.65,5.68,5.47,5.54,1479808,28680444.00
2011/04/27,5.56,5.56,5.32,5.38,1365044,25916420.00
2011/04/28,5.44,5.50,5.29,5.29,1188669,22407488.00
2011/04/29,5.29,5.46,5.29,5.44,637535,12007346.00
2011/05/03,5.47,5.54,5.42,5.52,801727,15383231.00
2011/05/04,5.50,5.56,5.44,5.52,1169930,22478718.00
2011/05/05,5.51,5.52,5.41,5.50,1203083,22967790.00
2011/05/09,5.53,5.75,5.53,5.65,1479337,29222600.00
2011/05/10,5.68,5.68,5.56,5.65,837911,16388001.00
2011/05/11,5.65,5.68,5.59,5.65,711246,14013160.00
2011/05/12,5.65,5.80,5.43,5.75,4052853,79620936.00
2011/05/13,5.67,5.81,5.45,5.61,3354226,65644588.00
2011/05/16,5.63,5.69,5.47,5.66,1984739,38501892.00
2011/05/17,5.63,5.65,5.40,5.49,2170028,41802296.00
2011/05/18,5.50,5.62,5.48,5.53,1958982,37997556.00
2011/05/19,5.53,5.56,5.26,5.31,2795489,52671168.00
2011/05/20,5.22,5.33,5.22,5.26,1140206,16133778.00
2011/05/23,5.28,5.31,5.02,5.08,1451273,20106308.00
2011/05/24,5.06,5.13,4.86,5.09,1649279,22062848.00
2011/05/25,5.06,5.12,5.01,5.03,582305,7908443.00
2011/05/26,5.06,5.10,4.85,4.85,1234330,16538982.00
2011/05/27,4.87,4.89,4.52,4.57,1519951,19164976.00
2011/05/30,4.59,4.70,4.54,4.60,1703455,21089786.00
2011/05/31,4.61,4.69,4.52,4.66,1758259,21764450.00
2011/06/01,4.66,4.81,4.62,4.77,2877314,36729832.00
2011/06/02,4.72,4.72,4.54,4.56,2426628,30165616.00
2011/06/03,4.61,4.70,4.57,4.64,1887311,23541554.00
2011/06/07,4.64,4.79,4.56,4.77,2428223,30849374.00
2011/06/08,4.75,4.86,4.72,4.83,2109708,27247892.00
2011/06/09,4.81,4.88,4.64,4.74,2054746,26235018.00
2011/06/10,4.68,4.74,4.58,4.74,1082748,13563149.00
2011/06/13,4.68,4.77,4.60,4.67,972649,12179964.00
2011/06/14,4.69,4.73,4.63,4.70,1765417,22241048.00
2011/06/15,4.70,4.70,4.59,4.61,1132918,14149172.00
2011/06/16,4.54,4.62,4.52,4.56,859429,10570902.00
2011/06/17,4.56,4.63,4.42,4.43,1267248,15477751.00
2011/06/20,4.43,4.43,4.06,4.14,1898753,21584992.00
2011/06/21,4.15,4.17,4.02,4.17,1838538,20408132.00
2011/06/22,4.18,4.21,4.13,4.14,977727,11032107.00
2011/06/23,4.16,4.28,4.08,4.26,1426154,16227200.00
2011/06/24,4.22,4.43,4.21,4.42,2755163,32457262.00
2011/06/27,4.40,4.62,4.40,4.62,2212616,27189394.00
2011/06/28,4.62,4.74,4.54,4.63,2339894,29193946.00
2011/06/29,4.63,4.71,4.58,4.67,2118002,26471730.00
2011/06/30,4.66,4.79,4.63,4.76,2628340,33433360.00
2011/07/01,4.78,4.79,4.70,4.71,1778473,22688614.00
2011/07/04,4.74,4.84,4.69,4.83,2706327,34809864.00
2011/07/05,4.85,5.04,4.75,4.95,4748374,62785636.00
2011/07/06,4.93,4.93,4.82,4.91,3324181,43556356.00
2011/07/07,4.91,4.96,4.86,4.86,2752173,36327400.00
2011/07/08,4.85,4.86,4.76,4.78,2254821,29216878.00
2011/07/11,4.72,5.20,4.72,5.16,5587909,75471832.00
2011/07/12,5.19,5.50,5.14,5.27,10406436,149421632.00
2011/07/13,5.20,5.42,5.16,5.37,3450099,49156940.00
2011/07/14,5.39,5.49,5.24,5.34,4620385,66281552.00
2011/07/15,5.37,5.43,5.27,5.37,3617969,51959556.00
2011/07/18,5.37,5.49,5.33,5.40,3001703,43624720.00
2011/07/19,5.36,5.37,5.19,5.20,2502026,35173452.00
2011/07/20,5.21,5.29,5.08,5.19,1638769,22727590.00
2011/07/21,5.18,5.22,5.12,5.17,1534026,21245060.00
2011/07/22,5.17,5.26,5.11,5.20,1675132,23378118.00
2011/07/25,5.19,5.19,4.72,4.82,2987021,39500940.00
2011/07/26,4.79,4.83,4.71,4.79,2487107,31786172.00
2011/07/27,4.77,4.86,4.68,4.81,3453541,44483116.00
2011/07/28,4.76,4.76,4.65,4.74,1509945,19193128.00
2011/07/29,4.75,4.82,4.72,4.74,1500759,19251702.00
2011/08/01,4.72,4.81,4.72,4.75,1026765,13161468.00
2011/08/02,4.68,4.72,4.49,4.59,1700128,20915516.00
2011/08/03,4.54,4.70,4.50,4.63,1328534,16579068.00
2011/08/04,4.63,4.71,4.63,4.64,1250140,15724925.00
2011/08/05,4.50,4.60,4.42,4.53,1255777,15326801.00
2011/08/08,4.45,4.51,4.09,4.16,1826900,21107654.00
2011/08/09,4.06,4.24,3.81,4.17,2062471,22554056.00
2011/08/10,4.29,4.36,4.21,4.22,1967165,22806126.00
2011/08/11,4.07,4.34,4.07,4.32,2302025,26422946.00
2011/08/12,4.37,4.62,4.37,4.47,2702280,32810300.00
2011/08/15,4.56,4.66,4.51,4.57,1968793,24281060.00
2011/08/16,4.60,4.73,4.56,4.65,2553406,32014378.00
2011/08/17,4.63,4.63,4.55,4.57,1249009,15441617.00
2011/08/18,4.54,4.58,4.43,4.43,1837331,22208128.00
2011/08/19,4.35,4.42,4.28,4.40,1044447,12331500.00
2011/08/22,4.39,4.56,4.38,4.47,1428131,17322378.00
2011/08/23,4.47,4.56,4.41,4.56,1369514,16657915.00
2011/08/24,4.61,4.98,4.57,4.77,4821743,61919440.00
2011/08/25,4.77,5.21,4.77,5.19,7754536,104138512.00
2011/08/31,4.94,5.18,4.87,4.98,5137007,69169720.00
2011/09/01,5.01,5.01,4.71,4.79,3679486,47805672.00
2011/09/02,4.79,5.02,4.77,4.90,3942936,52259980.00
2011/09/05,4.83,4.83,4.56,4.58,2542405,31802932.00
2011/09/06,4.48,4.62,4.41,4.46,1590874,19379364.00
2011/09/07,4.56,4.64,4.41,4.64,2592999,31760840.00
2011/09/08,4.65,5.12,4.65,5.12,7921860,106093960.00
2011/09/09,5.09,5.12,4.95,5.03,6606978,89211928.00
2011/09/13,4.90,5.21,4.86,5.17,5116552,69125648.00
2011/09/14,5.14,5.32,5.04,5.30,9374934,131694136.00
2011/09/15,5.33,5.34,5.21,5.22,5873367,83030440.00
2011/09/19,5.10,5.24,4.91,5.00,2589247,34959872.00
2011/09/20,4.98,5.27,4.89,5.23,4345480,59776532.00
2011/09/21,5.21,5.37,5.12,5.35,6177587,87705120.00
2011/09/22,5.29,5.41,5.04,5.07,5284541,74373472.00
2011/09/23,4.94,5.17,4.89,5.14,2877437,38945016.00
2011/09/26,5.07,5.16,4.91,4.95,1931311,26081926.00
2011/09/27,5.01,5.07,4.62,4.77,3561671,46253672.00
2011/09/28,4.81,4.82,4.54,4.55,1939179,24513282.00
2011/09/29,4.46,4.49,4.13,4.19,4046206,46501400.00
2011/09/30,4.22,4.25,4.06,4.18,2020320,22663386.00
2011/10/10,4.27,4.27,4.17,4.19,2070920,23448962.00
2011/10/11,4.31,4.35,3.99,4.16,2642046,29867626.00
2011/10/12,4.13,4.33,4.05,4.31,2610515,29782644.00
2011/10/13,4.32,4.49,4.28,4.46,2962975,35347424.00
2011/10/14,4.41,4.46,4.32,4.42,1844677,21809732.00
2011/10/17,4.41,4.48,4.39,4.41,1569994,18751282.00
2011/10/18,4.38,4.38,4.18,4.21,2211770,25444712.00
2011/10/19,4.19,4.26,4.13,4.19,1391382,15751513.00
2011/10/20,4.14,4.17,3.92,4.03,1807264,19834272.00
2011/10/21,4.01,4.06,3.95,3.96,705103,7632876.00
2011/10/24,3.99,4.06,3.87,4.02,1391860,14971490.00
2011/10/25,4.03,4.18,4.01,4.15,2501095,27886690.00
2011/10/26,4.12,4.25,4.11,4.19,2447297,27645266.00
2011/10/27,4.29,4.44,4.20,4.20,4005063,46674000.00
2011/10/28,4.24,4.37,4.21,4.32,3535419,40768908.00
2011/10/31,4.32,4.36,4.22,4.34,2498057,29125908.00
2011/11/01,4.31,4.44,4.27,4.38,2741485,32389246.00
2011/11/02,4.29,4.54,4.26,4.54,4046963,48019456.00
2011/11/03,4.52,4.74,4.51,4.54,5473382,67948512.00
2011/11/04,4.56,4.67,4.50,4.63,4681640,57859468.00
2011/11/07,4.60,4.72,4.57,4.67,3687937,46275372.00
2011/11/08,4.63,4.68,4.50,4.52,3046572,37550832.00
2011/11/09,4.53,4.60,4.43,4.59,2376075,28958262.00
2011/11/10,4.54,4.59,4.48,4.49,2181519,26553748.00
2011/11/11,4.49,4.52,4.41,4.45,1962124,23628122.00
2011/11/14,4.45,4.67,4.45,4.64,3471616,42985220.00
2011/11/15,4.64,4.77,4.64,4.70,4572275,58089780.00
2011/11/16,4.73,4.74,4.47,4.49,3197037,39526320.00
2011/11/17,4.51,4.64,4.48,4.57,2127777,26087176.00
2011/11/18,4.54,4.56,4.41,4.42,1583597,19085376.00
2011/11/21,4.42,4.49,4.31,4.39,1456749,17098298.00
2011/11/22,4.35,4.45,4.32,4.44,1312410,15590441.00
2011/11/23,4.44,4.47,4.39,4.42,932019,11166015.00
2011/11/24,4.37,4.49,4.36,4.49,1098393,13174854.00
2011/11/25,4.49,4.51,4.31,4.34,1270760,15116127.00
2011/11/28,4.36,4.50,4.36,4.41,969823,11580918.00
2011/11/29,4.46,4.70,4.46,4.68,4279513,53000636.00
2011/11/30,4.64,4.68,4.37,4.46,2791903,34031764.00
2011/12/01,4.62,4.76,4.52,4.74,6336688,79720680.00
2011/12/02,4.69,4.77,4.57,4.67,4730221,59528652.00
2011/12/05,4.65,4.68,4.49,4.53,2590659,32030334.00
2011/12/06,4.46,4.46,4.31,4.39,2719438,32140950.00
2011/12/07,4.41,4.44,4.33,4.42,1066279,12643191.00
2011/12/08,4.39,4.44,4.27,4.32,1243479,14571946.00
2011/12/09,4.31,4.36,4.26,4.27,821124,9533692.00
2011/12/12,4.27,4.33,4.20,4.20,576690,6650633.50
2011/12/13,4.18,4.19,3.90,4.06,1506778,16444600.00
2011/12/14,4.02,4.11,3.91,3.91,696662,7535553.50
2011/12/15,3.87,3.95,3.82,3.91,1134762,11955543.00
2011/12/16,3.90,4.04,3.90,4.02,1898077,20535456.00
2011/12/19,4.01,4.09,3.96,4.08,1220878,13341112.00
2011/12/20,4.07,4.13,3.98,3.99,1277724,14026864.00
2011/12/21,4.02,4.26,4.01,4.11,3425157,38217208.00
2011/12/22,4.06,4.18,3.97,4.09,2997050,33206512.00
2011/12/23,4.06,4.10,3.91,3.99,2595807,28128458.00
2011/12/26,3.96,4.01,3.91,3.95,998532,10703937.00
2011/12/27,3.95,3.95,3.75,3.91,1351481,14119553.00
2011/12/28,3.79,3.86,3.64,3.80,1544784,15676371.00
2011/12/29,3.77,3.81,3.73,3.74,576275,5899512.50
2011/12/30,3.80,3.83,3.72,3.81,733886,7531250.00
2012/01/04,3.81,3.92,3.71,3.71,840151,8744305.00
2012/01/05,3.70,3.71,3.32,3.33,2054125,19479252.00
2012/01/06,3.33,3.37,3.07,3.26,1801878,15718555.00
2012/01/09,3.21,3.44,3.21,3.44,1424590,12926584.00
2012/01/10,3.48,3.62,3.44,3.59,2887524,27867730.00
2012/01/11,3.59,3.65,3.54,3.59,1738370,17023102.00
2012/01/12,3.57,3.62,3.54,3.57,1061633,10364121.00
2012/01/13,3.55,3.57,3.35,3.39,1590379,14908842.00
2012/01/16,3.42,3.42,3.23,3.23,843679,7660763.00
2012/01/17,3.27,3.44,3.20,3.44,1334059,12198834.00
2012/01/18,3.44,3.46,3.30,3.34,1059115,9839428.00
2012/01/19,3.32,3.41,3.26,3.37,606837,5577329.50
2012/01/20,3.16,3.55,3.16,3.32,2344624,21020760.00
2012/01/30,3.29,3.31,3.26,3.27,793312,7119843.50
2012/01/31,3.24,3.29,3.24,3.27,704332,6284359.50
2012/02/01,3.26,3.35,3.26,3.33,1066850,9665085.00
2012/02/02,3.40,3.45,3.34,3.37,2220954,20526398.00
2012/02/03,3.39,3.43,3.37,3.42,1835176,17025928.00
2012/02/06,3.41,3.49,3.39,3.49,2394642,22476504.00
2012/02/07,3.49,3.49,3.37,3.40,1612716,15077024.00
2012/02/08,3.40,3.48,3.35,3.46,1607334,15077253.00
2012/02/09,3.47,3.56,3.43,3.52,2170398,20748880.00
2012/02/10,3.48,3.56,3.46,3.50,1904194,18189486.00
2012/02/13,3.46,3.57,3.43,3.55,1916606,18417252.00
2012/02/14,3.54,3.58,3.52,3.57,1723634,16671799.00
2012/02/15,3.57,3.62,3.53,3.61,1999001,19532232.00
2012/02/16,3.61,3.69,3.60,3.67,2707399,26865578.00
2012/02/17,3.71,3.71,3.58,3.61,1811241,17850426.00
2012/02/20,3.64,3.67,3.60,3.61,1722364,17019974.00
2012/02/21,3.60,3.67,3.57,3.67,1485599,14600820.00
2012/02/22,3.69,3.76,3.66,3.73,2816856,28434640.00
2012/02/23,3.73,3.77,3.69,3.73,2500295,25343446.00
2012/02/24,3.73,3.76,3.67,3.75,3351269,33794484.00
2012/02/27,3.76,3.81,3.73,3.74,3196968,32694670.00
2012/02/28,3.73,3.76,3.61,3.74,3828648,38299884.00
2012/02/29,3.71,3.71,3.64,3.66,1848769,18466798.00
2012/03/01,3.64,3.68,3.62,3.66,1299860,12936971.00
2012/03/02,3.67,3.73,3.65,3.73,2278414,22926594.00
2012/03/05,3.75,3.77,3.68,3.75,3598189,36524108.00
2012/03/06,3.74,3.74,3.63,3.63,3059908,30467988.00
2012/03/07,3.60,3.65,3.56,3.57,2372467,23212674.00
2012/03/08,3.59,3.64,3.56,3.62,2114464,20746120.00
2012/03/09,3.65,3.86,3.63,3.78,8241017,84167840.00
2012/03/12,3.79,3.82,3.75,3.82,4894710,50392456.00
2012/03/13,3.82,3.86,3.77,3.82,3692229,38157880.00
2012/03/14,3.83,3.84,3.59,3.63,6373425,64879192.00
2012/03/15,3.62,3.64,3.45,3.49,4426715,42615204.00
2012/03/16,3.47,3.54,3.46,3.53,2759512,26358104.00
2012/03/19,3.52,3.60,3.50,3.59,2758240,26806774.00
2012/03/20,3.59,3.59,3.45,3.47,2360855,22575820.00
2012/03/21,3.52,3.52,3.42,3.47,1810343,17080084.00
2012/03/23,3.45,3.47,3.41,3.41,1458679,13663759.00
2012/03/26,3.41,3.43,3.38,3.40,814974,7550713.50
2012/03/27,3.42,3.46,3.41,3.42,990795,9271110.00
2012/03/28,3.41,3.41,3.24,3.24,1630519,14723776.00
2012/03/29,3.24,3.27,3.17,3.17,1228823,10769948.00
2012/03/30,3.18,3.20,3.14,3.15,832094,7211696.00
2012/04/05,3.16,3.27,3.16,3.26,1126528,9943077.00
2012/04/06,3.29,3.29,3.23,3.27,922415,8212049.00
2012/04/09,3.26,3.27,3.21,3.22,1038410,9193672.00
2012/04/10,3.21,3.26,3.15,3.24,1076170,9404420.00
2012/04/11,3.22,3.24,3.17,3.21,1079125,9443535.00
2012/04/12,3.20,3.33,3.20,3.32,1803231,16161599.00
2012/04/13,3.29,3.37,3.29,3.35,1695734,15466876.00
2012/04/16,3.35,3.37,3.31,3.35,1179905,10776525.00
2012/04/17,3.35,3.35,3.30,3.31,1138032,10328988.00
2012/04/18,3.32,3.39,3.30,3.37,1619179,14808982.00
2012/04/19,3.37,3.46,3.35,3.42,1959721,18239132.00
2012/04/20,3.40,3.44,3.37,3.41,1699157,15777197.00
2012/04/23,3.42,3.42,3.32,3.32,1566014,14417434.00
2012/04/24,3.32,3.34,3.17,3.25,1815169,16120023.00
2012/04/25,3.24,3.32,3.22,3.29,1002724,8979625.00
2012/04/26,3.32,3.47,3.32,3.43,3012664,28133398.00
2012/04/27,3.39,3.71,3.39,3.60,7203212,70338952.00
2012/05/02,3.67,3.67,3.56,3.62,4944900,48738716.00
2012/05/03,3.62,3.66,3.56,3.62,3520008,34501620.00
2012/05/04,3.64,3.64,3.57,3.62,2557438,25062474.00
2012/05/07,3.61,3.61,3.56,3.61,2478005,24147272.00
2012/05/08,3.60,3.61,3.56,3.61,2346543,22895978.00
2012/05/09,3.57,3.72,3.56,3.63,5544649,55177292.00
2012/05/11,3.64,3.78,3.57,3.73,5450033,54797968.00
2012/05/14,3.78,3.87,3.72,3.77,7685585,79391760.00
2012/05/15,3.70,3.71,3.57,3.62,4274882,42197224.00
2012/05/16,3.59,3.69,3.59,3.67,2398492,23700904.00
2012/05/17,3.63,3.67,3.59,3.66,2374397,23504974.00
2012/05/18,3.62,3.64,3.51,3.52,2358241,22947440.00
2012/05/21,3.52,3.57,3.49,3.52,1394965,13260900.00
2012/05/22,3.55,3.62,3.53,3.62,1724205,16674175.00
2012/05/23,3.62,3.62,3.55,3.59,1506534,14573473.00
2012/05/24,3.57,3.62,3.56,3.59,1138992,11003253.00
2012/05/25,3.59,3.59,3.49,3.51,1540489,14670221.00
2012/05/28,3.49,3.51,3.38,3.51,1632982,15151332.00
2012/05/29,3.52,3.60,3.49,3.60,1687188,16205211.00
2012/05/30,3.60,3.79,3.58,3.71,3861728,38502644.00
2012/05/31,3.68,3.77,3.66,3.77,3760966,37701784.00
2012/06/01,3.76,3.86,3.75,3.80,4970112,50924504.00
2012/06/04,3.72,3.77,3.66,3.67,3793422,37826504.00
2012/06/05,3.68,3.72,3.63,3.69,2158815,21359466.00
2012/06/06,3.71,3.71,3.55,3.58,2498805,24345424.00
2012/06/07,3.63,3.66,3.55,3.56,1737427,16838260.00
2012/06/08,3.60,3.61,3.47,3.51,1638740,15540355.00
2012/06/11,3.53,3.64,3.51,3.64,1922902,18591904.00
2012/06/12,3.60,3.72,3.60,3.69,4102316,40590340.00
2012/06/13,3.70,3.97,3.67,3.90,7889859,81265912.00
2012/06/14,3.87,3.91,3.79,3.84,4574033,47228040.00
2012/06/15,3.79,3.93,3.76,3.86,4102417,42525888.00
2012/06/19,3.86,3.86,3.77,3.78,3077557,31438378.00
2012/06/20,3.79,3.98,3.79,3.89,5375206,56223072.00
2012/06/21,3.90,4.00,3.80,3.88,4324818,45337260.00
2012/06/25,3.84,3.86,3.72,3.77,2787958,28377514.00
2012/06/26,3.76,3.76,3.59,3.64,3002503,29583276.00
2012/06/27,3.66,3.71,3.60,3.64,2534953,24922828.00
2012/06/28,3.64,3.68,3.47,3.47,3897290,37656636.00
2012/06/29,3.45,3.52,3.35,3.51,3603589,33457442.00
2012/07/02,3.53,3.62,3.49,3.59,2607686,25071070.00
2012/07/03,3.61,3.77,3.59,3.72,4875824,48678236.00
2012/07/04,3.72,3.77,3.66,3.70,2988780,29940286.00
2012/07/05,3.69,3.82,3.66,3.73,4074702,41120944.00
2012/07/06,3.75,3.85,3.71,3.84,3520728,35783460.00
2012/07/09,3.84,3.93,3.77,3.77,6006892,62456092.00
2012/07/10,3.77,3.88,3.70,3.86,4283958,43829352.00
2012/07/11,3.88,3.88,3.74,3.82,2481674,25423674.00
2012/07/12,3.82,4.00,3.74,3.93,6062068,63614980.00
2012/07/13,3.90,4.14,3.88,4.07,7456215,80401992.00
2012/07/16,4.06,4.36,4.06,4.18,12342005,140574288.00
2012/07/17,4.10,4.10,3.89,4.06,5654772,61116904.00
2012/07/18,4.01,4.09,3.89,4.07,5533204,59078044.00
2012/07/19,4.06,4.08,3.95,3.96,5876779,63164320.00
2012/07/20,3.94,4.01,3.91,3.98,3074950,32748742.00
2012/07/23,3.95,4.12,3.86,4.02,3835668,41582352.00
2012/07/24,3.99,4.10,3.95,4.08,2833078,30818822.00
2012/07/25,4.04,4.21,3.98,3.98,6060342,67079204.00
2012/07/26,3.92,4.02,3.87,3.87,3137704,33188138.00
2012/07/27,3.88,3.92,3.76,3.78,1948555,19974922.00
2012/07/30,3.80,3.94,3.80,3.83,1664120,17334990.00
2012/07/31,3.79,3.89,3.75,3.84,1473794,15165624.00
2012/08/01,3.83,4.08,3.81,4.04,3361571,35929284.00
2012/08/02,4.04,4.08,3.97,4.06,2761632,29795184.00
2012/08/03,4.01,4.15,4.01,4.13,3045235,33432376.00
2012/08/06,4.11,4.20,4.06,4.17,3615879,39973612.00
2012/08/07,4.17,4.17,4.04,4.09,3358850,36911112.00
2012/08/08,4.08,4.13,4.06,4.09,1967212,21579322.00
2012/08/09,4.06,4.26,4.04,4.24,5815340,65092076.00
2012/08/10,4.24,4.25,4.17,4.20,2583528,29092340.00
2012/08/13,4.19,4.24,4.10,4.12,3464324,38772380.00
2012/08/14,4.10,4.22,4.02,4.22,4847731,53416624.00
2012/08/15,4.21,4.22,4.05,4.06,2741785,30282394.00
2012/08/16,4.02,4.10,4.01,4.04,1749146,19014982.00
2012/08/17,4.04,4.13,3.95,3.99,2104029,22668260.00
2012/08/20,3.97,4.10,3.92,4.08,1754385,19050354.00
2012/08/21,4.08,4.21,4.05,4.18,3437954,38342616.00
2012/08/22,4.19,4.23,4.14,4.16,2229709,25021268.00
2012/08/23,4.13,4.33,4.13,4.32,5760819,65831660.00
2012/08/24,4.29,4.31,4.20,4.21,2734420,31143594.00
2012/08/27,4.22,4.51,4.06,4.06,4324871,49216592.00
2012/08/28,4.06,4.35,3.99,4.15,3501684,38688404.00
2012/08/29,4.14,4.22,4.07,4.21,2403635,26930560.00
2012/08/30,4.20,4.25,4.02,4.07,2572931,28316464.00
2012/08/31,4.05,4.45,4.02,4.27,4565189,51823908.00
2012/09/03,4.25,4.39,4.22,4.32,3666940,42462652.00
2012/09/04,4.33,4.42,4.27,4.31,3567751,41481320.00
2012/09/05,4.27,4.40,4.24,4.34,3616709,41968112.00
2012/09/06,4.33,4.44,4.31,4.36,3171932,37184288.00
2012/09/07,4.36,4.49,4.34,4.42,5069919,60035956.00
2012/09/10,4.42,4.42,4.32,4.37,3292485,38533904.00
2012/09/11,4.36,4.44,4.29,4.42,2754746,32177344.00
2012/09/12,4.42,4.44,4.31,4.36,2523096,29462848.00
2012/09/13,4.37,4.37,4.24,4.24,2783165,31867252.00
2012/09/14,4.25,4.31,4.20,4.27,2282431,26006438.00
2012/09/17,4.26,4.26,4.09,4.09,2498029,27891534.00
2012/09/18,4.07,4.16,4.06,4.15,2057698,22731308.00
2012/09/19,4.16,4.19,4.12,4.13,1616094,17969846.00
2012/09/20,4.11,4.16,3.95,3.96,2288970,25028866.00
2012/09/21,3.95,3.95,3.79,3.81,1979705,20546442.00
2012/09/24,3.81,3.81,3.67,3.72,2923719,29191394.00
2012/09/25,3.72,3.77,3.68,3.75,1768625,17728270.00
2012/09/26,3.76,3.77,3.46,3.51,2494363,24067956.00
2012/09/27,3.52,3.64,3.49,3.56,2172156,20840340.00
2012/09/28,3.56,3.62,3.48,3.60,4673858,44446200.00
2012/10/08,3.60,3.71,3.59,3.67,3054764,30130634.00
2012/10/09,3.67,3.81,3.64,3.80,4555272,45546692.00
2012/10/10,3.77,3.87,3.72,3.86,4019369,40966328.00
2012/10/11,3.83,3.91,3.75,3.76,4225467,43391456.00
2012/10/12,3.77,3.79,3.64,3.67,3299378,32877892.00
2012/10/15,3.68,3.71,3.62,3.69,1471589,14514521.00
2012/10/16,3.68,3.77,3.66,3.68,2040665,20453342.00
2012/10/17,3.70,3.71,3.61,3.71,1706128,16817570.00
2012/10/18,3.69,3.79,3.66,3.76,2520366,25324182.00
2012/10/19,3.76,3.76,3.70,3.71,1415178,14165621.00
2012/10/22,3.69,3.74,3.67,3.74,1043499,10451375.00
2012/10/23,3.75,3.77,3.69,3.69,1245181,12479586.00
2012/10/24,3.69,3.70,3.58,3.59,3064905,29924632.00
2012/10/25,3.59,3.60,3.50,3.51,2044788,19562616.00
2012/10/26,3.51,3.54,3.35,3.36,2386821,22283952.00
2012/10/29,3.37,3.43,3.34,3.42,1156439,10600340.00
2012/10/30,3.41,3.46,3.40,3.42,1097666,10148567.00
2012/10/31,3.42,3.45,3.42,3.43,1123468,10393457.00
2012/11/01,3.43,3.55,3.43,3.54,2169865,20578008.00
2012/11/05,3.60,3.60,3.47,3.51,2778200,26246636.00
2012/11/06,3.50,3.50,3.39,3.44,1275173,11786940.00
2012/11/07,3.44,3.46,3.42,3.45,1164952,10794570.00
2012/11/08,3.48,3.48,3.30,3.33,2475391,22419768.00
2012/11/09,3.34,3.41,3.34,3.37,1991291,18158728.00
2012/11/12,3.35,3.39,3.31,3.37,1008324,9118766.00
2012/11/13,3.37,3.37,3.27,3.27,1262978,11320672.00
2012/11/14,3.26,3.29,3.23,3.27,1092854,9612483.00
2012/11/15,3.23,3.27,3.21,3.22,927079,8100088.50
2012/11/16,3.23,3.24,3.13,3.14,1216580,10403646.00
2012/11/19,3.16,3.16,3.10,3.14,838653,7101318.50
2012/11/20,3.17,3.20,3.13,3.19,1104804,9470002.00
2012/11/21,3.19,3.22,3.12,3.22,923398,7957888.00
2012/11/22,3.22,3.22,3.11,3.21,2280310,19580066.00
2012/11/23,3.18,3.36,3.17,3.33,3521060,31316414.00
2012/11/26,3.33,3.34,3.22,3.24,1909501,16961536.00
2012/11/27,3.21,3.22,3.02,3.02,2131679,17874672.00
2012/11/28,3.02,3.04,2.87,2.91,1609598,12900196.00
2012/11/29,2.92,2.94,2.84,2.84,1598254,12614153.00
2012/11/30,2.84,2.88,2.79,2.85,1986164,15383788.00
2012/12/03,2.86,2.87,2.71,2.72,2039427,15683142.00
2012/12/04,2.72,2.77,2.62,2.76,2247903,16440698.00
2012/12/05,2.76,3.01,2.74,2.92,3456495,26925012.00
2012/12/06,2.91,2.94,2.88,2.90,1635239,12895858.00
2012/12/07,2.92,3.06,2.90,3.04,4226463,34454272.00
2012/12/10,3.04,3.13,3.04,3.10,3768397,31476876.00
2012/12/11,3.10,3.12,3.04,3.08,3112128,26041976.00
2012/12/12,3.07,3.12,2.99,3.06,3069896,25481890.00
2012/12/13,3.06,3.06,2.97,2.98,1756645,14332069.00
2012/12/14,2.97,3.14,2.97,3.14,3987668,33382746.00
2012/12/17,3.14,3.17,3.10,3.15,3481731,29530904.00
2012/12/18,3.18,3.27,3.14,3.17,4439778,38572144.00
2012/12/19,3.17,3.17,3.10,3.15,2199067,18677768.00
2012/12/20,3.14,3.17,3.08,3.14,2349237,19866864.00
2012/12/21,3.14,3.23,3.13,3.17,3248473,28003708.00
2012/12/24,3.17,3.17,3.08,3.15,2110128,17916790.00
2012/12/25,3.15,3.27,3.14,3.26,4405239,38440936.00
2012/12/26,3.26,3.34,3.23,3.33,3592298,31870942.00
2012/12/27,3.33,3.38,3.28,3.29,2637584,23613656.00
2012/12/28,3.29,3.38,3.27,3.36,2672047,24046602.00
2012/12/31,3.34,3.42,3.34,3.41,2166178,19788796.00
2013/01/04,3.41,3.46,3.34,3.36,3119683,28473450.00
2013/01/07,3.46,3.67,3.46,3.51,6139903,58572264.00
2013/01/08,3.52,3.62,3.45,3.55,8256381,78208512.00
2013/01/09,3.52,3.56,3.45,3.49,6025017,56595352.00
2013/01/10,3.49,3.51,3.43,3.47,3386966,31639858.00
2013/01/11,3.46,3.49,3.36,3.40,4140991,38356248.00
2013/01/14,3.36,3.54,3.36,3.52,4633966,43475464.00
2013/01/15,3.54,3.65,3.51,3.59,6715092,64952820.00
2013/01/16,3.58,3.64,3.53,3.62,4370747,42195212.00
2013/01/17,3.59,3.61,3.54,3.56,2716996,26155046.00
2013/01/18,3.56,3.66,3.54,3.66,3625511,35201856.00
2013/01/21,3.66,3.67,3.58,3.62,2453497,23915526.00
2013/01/22,3.64,3.71,3.50,3.67,4391085,42564656.00
2013/01/23,3.70,3.71,3.56,3.61,2034951,19791318.00
2013/01/24,3.61,3.62,3.49,3.52,3003787,28745544.00
2013/01/25,3.52,3.52,3.49,3.52,1462076,13796683.00
2013/01/28,3.52,3.59,3.50,3.59,1253188,12059293.00
2013/01/29,3.59,3.63,3.57,3.61,1629993,15835319.00
2013/01/30,3.61,3.74,3.61,3.71,4397779,43580552.00
2013/01/31,3.72,3.74,3.65,3.70,2144792,21304760.00
2013/02/01,3.71,3.78,3.68,3.74,2933265,29555284.00
2013/02/04,3.79,3.79,3.62,3.63,3168565,31375088.00
2013/02/05,3.60,3.62,3.54,3.59,2762608,26592062.00
2013/02/06,3.61,3.71,3.59,3.61,2449329,23962090.00
2013/02/07,3.64,3.64,3.57,3.59,1729359,16749178.00
2013/02/08,3.58,3.66,3.57,3.62,2108212,20552188.00
2013/02/18,3.65,3.75,3.64,3.74,3483660,34708040.00
2013/02/19,3.75,3.75,3.67,3.71,2621739,26159354.00
2013/02/20,3.68,3.84,3.68,3.83,3880485,39474212.00
2013/02/21,3.80,3.86,3.72,3.76,3715554,37871828.00
2013/02/22,3.75,4.02,3.74,3.92,6831354,71608840.00
2013/02/25,3.94,3.97,3.89,3.97,3408339,35954264.00
2013/02/26,3.96,4.02,3.77,3.77,5249402,54634152.00
2013/02/27,3.79,3.82,3.74,3.78,2259662,22932770.00
2013/02/28,3.83,3.92,3.82,3.90,2775388,28938894.00
2013/03/01,3.87,3.95,3.86,3.95,2883227,30288718.00
2013/03/04,3.93,3.95,3.76,3.78,3539223,36479364.00
2013/03/05,3.78,3.98,3.78,3.97,4259962,44668992.00
2013/03/06,3.99,4.08,3.91,4.03,4378073,47239084.00
2013/03/07,3.99,4.01,3.86,3.91,3960921,41741100.00
2013/03/08,4.03,4.19,3.91,3.91,5986373,65039344.00
2013/03/11,3.99,4.16,3.91,4.14,8200763,89881328.00
2013/03/12,4.14,4.14,3.87,3.93,6414197,68610872.00
2013/03/13,3.91,3.92,3.59,3.76,6129057,61201248.00
2013/03/14,3.72,3.76,3.65,3.68,2333496,23172190.00
2013/03/15,3.70,3.76,3.59,3.73,2250116,22357874.00
2013/03/18,3.72,3.74,3.63,3.64,1279088,12649286.00
2013/03/19,3.64,3.69,3.48,3.56,2914840,27899122.00
2013/03/20,3.57,3.71,3.57,3.70,1868375,18297886.00
2013/03/21,3.70,3.78,3.68,3.74,1956133,19711990.00
2013/03/22,3.74,3.76,3.69,3.76,1324761,13280008.00
2013/03/25,3.76,3.79,3.71,3.72,1177310,11831800.00
2013/03/26,3.69,3.73,3.61,3.72,2002924,19744784.00
2013/03/27,3.72,3.78,3.70,3.74,1489931,14991409.00
2013/03/28,3.71,3.71,3.61,3.64,1435616,14066001.00
2013/03/29,3.66,3.66,3.59,3.66,959807,9367497.00
2013/04/01,3.74,3.81,3.71,3.72,2205449,22226116.00
2013/04/02,3.71,3.80,3.70,3.72,2084226,21065528.00
2013/04/03,3.76,4.08,3.76,3.99,9844603,104287160.00
2013/04/08,4.10,4.10,3.83,3.98,7543023,80628960.00
2013/04/09,3.95,3.96,3.78,3.83,4030105,41742544.00
2013/04/10,3.81,3.89,3.77,3.82,1903166,19573674.00
2013/04/11,3.87,3.89,3.70,3.76,2983208,30266884.00
2013/04/12,3.75,3.76,3.64,3.70,2246679,22220180.00
2013/04/15,3.69,3.73,3.64,3.68,1425149,14126202.00
2013/04/16,3.64,3.73,3.53,3.72,1968748,19284358.00
2013/04/17,3.72,3.79,3.70,3.77,1050867,10549484.00
2013/04/18,3.76,3.82,3.72,3.81,1770209,18040440.00
2013/04/19,3.82,3.86,3.80,3.83,3568678,36706724.00
2013/04/22,3.79,3.84,3.77,3.83,1943878,19975738.00
2013/04/23,3.91,3.99,3.81,3.83,5355058,55947320.00
2013/04/24,3.72,3.82,3.66,3.77,4020398,40443768.00
2013/04/25,3.83,3.91,3.80,3.88,4801499,49804616.00
2013/04/26,3.88,3.88,3.77,3.78,1944967,19951836.00
2013/05/02,3.76,3.79,3.70,3.75,1162923,11712356.00
2013/05/03,3.74,3.89,3.72,3.88,2652101,27368532.00
2013/05/06,3.89,3.97,3.87,3.95,3470065,36642452.00
2013/05/07,3.91,3.95,3.89,3.91,1961492,20626786.00
2013/05/08,3.92,3.99,3.87,3.93,3443710,36392684.00
2013/05/09,3.93,4.08,3.92,4.07,6561703,70579960.00
2013/05/10,4.04,4.08,3.98,4.07,4028341,43695812.00
2013/05/13,4.06,4.13,4.01,4.05,3039315,33021718.00
2013/05/14,4.04,4.08,3.92,3.97,2759705,29449538.00
2013/05/15,4.02,4.22,4.02,4.22,7791791,86765728.00
2013/05/16,4.24,4.25,4.14,4.19,6713186,75380616.00
2013/05/17,4.21,4.25,4.15,4.22,5269056,59376436.00
2013/05/20,4.24,4.32,4.18,4.30,7693890,88177008.00
2013/05/21,4.31,4.44,4.25,4.31,7574137,87772216.00
2013/05/22,4.29,4.41,4.25,4.25,6397364,56415656.00
2013/05/23,4.26,4.35,4.21,4.25,7245144,63744636.00
2013/05/24,4.24,4.63,4.24,4.54,11074757,100863112.00
2013/05/27,4.58,4.79,4.49,4.71,11683234,110425904.00
2013/05/28,4.72,4.83,4.58,4.59,14176249,136888816.00
2013/05/29,4.58,4.70,4.51,4.59,8704407,82037192.00
2013/05/30,4.55,4.73,4.52,4.69,7686923,72581976.00
2013/05/31,4.68,4.74,4.60,4.61,5515442,52672652.00
2013/06/03,4.59,4.65,4.50,4.52,4851742,45551384.00
2013/06/04,4.50,4.50,4.35,4.39,5133661,46337964.00
2013/06/05,4.39,4.52,4.39,4.48,3123882,28629414.00
2013/06/06,4.47,4.50,4.38,4.39,2215548,20106274.00
2013/06/07,4.41,4.45,4.19,4.27,3015196,26552234.00
2013/06/13,4.22,4.22,4.01,4.13,2564708,21556364.00
2013/06/14,4.15,4.22,4.14,4.18,2875076,24684318.00
2013/06/17,4.19,4.29,4.14,4.23,2605682,22530018.00
2013/06/18,4.25,4.30,4.20,4.27,2060788,17976880.00
2013/06/19,4.24,4.26,4.07,4.19,1654374,14113362.00
2013/06/20,4.17,4.27,4.08,4.09,2386359,20414544.00
2013/06/21,4.04,4.10,3.98,4.07,1594353,13203043.00
2013/06/24,4.07,4.07,3.70,3.76,2854439,22632762.00
2013/06/25,3.75,3.82,3.46,3.73,3898671,29132040.00
2013/06/26,3.74,3.79,3.68,3.77,3128877,24052222.00
2013/06/27,3.78,3.88,3.71,3.74,4987322,39112916.00
2013/06/28,3.74,3.77,3.55,3.68,2705488,20499882.00
2013/07/01,3.68,3.77,3.62,3.76,2007120,15311557.00
2013/07/02,3.77,4.02,3.75,4.01,5001185,40130812.00
2013/07/03,3.94,4.03,3.92,4.00,3410852,27815378.00
2013/07/04,3.99,4.06,3.94,3.99,2511493,20685732.00
2013/07/05,3.98,4.02,3.86,3.88,2646602,21406816.00
2013/07/08,3.84,3.84,3.67,3.67,2514369,19250196.00
2013/07/09,3.68,3.75,3.65,3.72,1355534,10341180.00
2013/07/10,3.72,3.88,3.67,3.88,2186959,16993890.00
2013/07/11,3.92,4.07,3.92,4.02,5958829,49238624.00
2013/07/12,4.04,4.05,3.94,3.95,3470559,28528034.00
2013/07/15,3.95,4.02,3.94,4.00,3309043,27122980.00
2013/07/16,4.01,4.11,3.99,4.04,3485051,28969934.00
2013/07/17,4.04,4.04,3.90,3.91,2843427,23168740.00
2013/07/18,3.91,3.91,3.79,3.81,3126839,24589478.00
2013/07/19,3.81,3.83,3.70,3.72,3909466,30177052.00
2013/07/22,3.67,3.78,3.67,3.77,2813835,21608404.00
2013/07/23,3.77,3.87,3.74,3.85,3416339,26843708.00
2013/07/24,3.85,3.87,3.78,3.87,3350643,26385602.00
2013/07/25,3.86,3.87,3.74,3.74,3037440,23693740.00
2013/07/26,3.73,3.78,3.68,3.72,2243310,17164872.00
2013/07/29,3.70,3.70,3.59,3.62,2912044,21806076.00
2013/07/30,3.63,3.67,3.57,3.66,1836738,13745736.00
2013/07/31,3.65,3.79,3.65,3.75,3221550,24861026.00
2013/08/01,3.78,3.86,3.72,3.85,3633246,28446890.00
2013/08/02,3.84,3.87,3.79,3.82,3358492,26463812.00
2013/08/05,3.82,4.03,3.82,4.01,5884312,47579908.00
2013/08/06,4.03,4.04,3.95,4.00,5974041,49032592.00
2013/08/07,3.99,4.00,3.88,3.89,4313650,34998048.00
2013/08/08,3.87,4.06,3.86,4.04,6563781,53997596.00
2013/08/09,4.06,4.07,3.95,4.00,3283097,27018582.00
2013/08/12,3.99,4.06,3.99,4.00,5755807,47507432.00
2013/08/13,4.01,4.11,4.00,4.10,5591936,46575328.00
2013/08/14,4.10,4.11,4.04,4.05,4477409,37389800.00
2013/08/15,4.04,4.05,3.89,3.92,4988981,40612348.00
2013/08/16,3.91,4.00,3.89,3.89,3977552,32198062.00
2013/08/19,3.87,3.95,3.84,3.95,2288235,18370268.00
2013/08/20,3.92,4.02,3.91,4.00,4123028,33546080.00
2013/08/21,3.98,3.99,3.94,3.97,3114342,25335936.00
2013/08/22,3.95,3.99,3.93,3.97,3344081,27193092.00
2013/08/23,3.97,4.07,3.94,4.05,8520152,70375488.00
2013/08/26,4.07,4.09,4.02,4.09,6525358,54435452.00
2013/08/27,4.09,4.10,4.03,4.07,5254876,43834144.00
2013/08/28,4.04,4.04,3.98,3.98,4920820,40521960.00
2013/08/29,3.99,4.03,3.96,4.01,3221484,26483294.00
2013/08/30,3.99,4.02,3.93,3.97,5134444,41959172.00
2013/09/02,3.97,4.20,3.94,4.17,10091969,84424712.00
2013/09/03,4.19,4.26,4.11,4.15,9903582,84790608.00
2013/09/04,4.14,4.31,4.12,4.30,11196553,96857248.00
2013/09/05,4.31,4.31,4.19,4.20,6737877,58409876.00
2013/09/06,4.20,4.20,4.11,4.17,4290623,36559392.00
2013/09/09,4.17,4.21,4.15,4.18,3977409,34059836.00
2013/09/10,4.18,4.19,4.07,4.14,8654385,72917064.00
2013/09/11,4.12,4.14,4.05,4.09,4865837,40829616.00
2013/09/12,4.07,4.14,4.07,4.11,3672325,31006710.00
2013/09/13,4.11,4.16,4.11,4.14,3640709,30873666.00
2013/09/16,4.14,4.15,4.08,4.09,2935166,24781500.00
2013/09/17,4.09,4.17,4.02,4.03,4177246,35261952.00
2013/09/18,4.04,4.07,4.00,4.07,2591542,21489552.00
2013/09/23,4.09,4.15,4.07,4.15,3381872,28579902.00
2013/09/24,4.15,4.17,4.11,4.13,3250604,27591624.00
2013/09/25,4.15,4.21,4.13,4.14,5418660,46360160.00
2013/09/26,4.13,4.13,4.02,4.03,3719043,31057444.00
2013/09/27,4.03,4.07,4.01,4.04,2344150,19445670.00
2013/09/30,4.04,4.09,4.03,4.07,2002694,16704680.00
2013/10/08,4.06,4.14,4.05,4.13,2715962,22901528.00
2013/10/09,4.13,4.31,4.11,4.30,11538659,100130992.00
2013/10/10,4.25,4.33,4.21,4.29,9141427,80124592.00
2013/10/11,4.30,4.39,4.27,4.37,10212498,90891312.00
2013/10/14,4.37,4.37,4.24,4.28,12133436,106686520.00
2013/10/15,4.27,4.37,4.24,4.37,8530504,75532816.00
2013/10/16,4.34,4.36,4.17,4.22,6224335,54355936.00
2013/10/17,4.24,4.42,4.23,4.34,9356488,83399424.00
2013/10/18,4.33,4.48,4.27,4.43,8287309,74594608.00
2013/10/21,4.43,4.54,4.37,4.52,11544099,105481408.00
2013/10/22,4.50,4.50,4.35,4.38,10722370,97048688.00
2013/10/23,4.33,4.41,4.18,4.19,9986683,87498832.00
2013/10/24,4.19,4.23,4.16,4.16,3550064,30570840.00
2013/10/25,4.18,4.22,4.05,4.08,4414290,37177208.00
2013/10/28,4.10,4.15,4.09,4.12,2702100,22850216.00
2013/10/29,4.17,4.21,3.94,4.09,6429746,54192428.00
2013/10/30,4.10,4.23,4.07,4.22,4017361,34445212.00
2013/10/31,4.21,4.23,4.17,4.21,3175240,27381886.00
2013/11/01,4.20,4.31,4.18,4.29,4209057,36786732.00
2013/11/04,4.32,4.39,4.29,4.38,6290959,56180528.00
2013/11/05,4.35,4.42,4.32,4.40,6299769,56572544.00
2013/11/06,4.40,4.46,4.36,4.46,9325263,84534432.00
2013/11/07,4.43,4.45,4.33,4.38,4903024,43952920.00
2013/11/08,4.31,4.35,4.20,4.27,3232323,28334476.00
2013/11/11,4.28,4.44,4.22,4.39,2779737,24701818.00
2013/11/12,4.41,4.52,4.37,4.47,6227568,56874284.00
2013/11/13,4.49,4.55,4.37,4.39,5640251,51589108.00
2013/11/14,4.38,4.57,4.38,4.54,6912536,63924644.00
2013/11/15,4.53,4.64,4.49,4.61,8049067,75703088.00
2013/11/18,4.63,4.68,4.56,4.61,7706047,72779728.00
2013/11/19,4.62,4.73,4.59,4.72,8457219,80972536.00
2013/11/20,4.70,4.75,4.66,4.71,4708256,45258620.00
2013/11/21,4.70,4.70,4.56,4.65,4432220,41881952.00
2013/11/22,4.64,5.02,4.64,4.90,12538713,124088968.00
2013/11/25,4.93,4.97,4.86,4.91,6811611,68509104.00
2013/11/26,4.90,5.08,4.81,5.03,8237142,83163496.00
2013/11/27,5.01,5.49,4.98,5.40,13229206,143697424.00
2013/11/28,5.34,5.53,5.30,5.44,10751798,119166056.00
2013/11/29,5.44,5.57,5.31,5.44,9106901,100587632.00
2013/12/02,5.29,5.49,5.08,5.30,10519759,113932312.00
2013/12/03,5.29,5.84,5.17,5.78,13169002,149471952.00
2013/12/04,5.78,5.94,5.67,5.77,10813714,127832584.00
2013/12/05,5.74,5.83,5.62,5.68,8695137,101031016.00
2013/12/06,5.64,5.93,5.62,5.78,8010345,95006168.00
2013/12/09,5.79,6.07,5.78,5.99,8376028,101004376.00
2013/12/10,6.00,6.11,5.78,5.81,4951468,59722300.00
2013/12/11,5.83,5.88,5.68,5.82,3786272,44491444.00
2013/12/12,5.80,5.83,5.61,5.67,4524586,52515616.00
2013/12/13,5.65,5.68,5.54,5.60,2843716,32499754.00
2013/12/16,5.58,5.87,5.58,5.65,4667839,54567308.00
2013/12/17,5.62,5.72,5.44,5.57,3024361,34225060.00
2013/12/18,5.57,5.80,5.55,5.66,3177006,36904452.00
2013/12/19,5.62,5.73,5.54,5.54,1904607,21862214.00
2013/12/20,5.52,5.61,5.33,5.53,2722457,30392542.00
2013/12/23,5.61,5.81,5.43,5.77,4603996,53597248.00
2013/12/24,5.74,5.77,5.64,5.72,2420954,28160396.00
2013/12/25,5.82,5.92,5.73,5.89,3795023,45200220.00
2013/12/26,5.95,6.10,5.82,5.85,4177264,50708720.00
2013/12/27,5.88,6.19,5.85,6.14,7239821,90062080.00
2013/12/30,6.19,6.44,6.08,6.30,5165037,66138684.00
2013/12/31,6.29,6.37,6.15,6.27,2860458,36458304.00
2014/01/02,6.22,6.26,6.00,6.04,5793547,71541544.00
2014/01/03,6.04,6.29,6.04,6.06,4945665,62043040.00
2014/01/06,6.05,6.13,5.72,5.85,4839126,58183120.00
2014/01/07,5.85,6.01,5.74,5.99,2398546,28698478.00
2014/01/08,5.99,6.04,5.82,5.87,3829101,45845352.00
2014/01/09,5.83,5.96,5.69,5.75,2575865,30584460.00
2014/01/10,5.74,5.75,5.48,5.49,2536901,28886688.00
2014/01/13,5.52,5.62,5.39,5.42,2009680,22560430.00
2014/01/14,5.43,5.66,5.43,5.66,2007596,22828080.00
2014/01/15,5.64,5.78,5.64,5.67,1992765,23190744.00
2014/01/16,5.67,5.90,5.64,5.84,4307396,50885692.00
2014/01/17,5.84,5.87,5.74,5.83,1341570,15867805.00
2014/01/20,5.87,5.90,5.53,5.59,2901636,33364122.00
2014/01/21,5.54,5.69,5.54,5.58,1953910,22294072.00
2014/01/22,5.60,5.88,5.59,5.83,2714050,31750858.00
2014/01/23,5.88,5.88,5.64,5.72,4349890,51063940.00
2014/01/24,5.71,5.71,5.59,5.63,4935710,56665456.00
2014/01/27,5.62,5.62,5.29,5.32,9451946,104577000.00
2014/01/28,5.31,5.45,5.08,5.45,11028546,119010912.00
2014/01/29,5.62,6.00,5.62,6.00,17589693,210561744.00
2014/01/30,6.04,6.14,5.79,6.01,10539845,127901704.00
2014/02/07,5.99,6.11,5.90,6.09,6305661,77524336.00
2014/02/10,6.09,6.24,6.01,6.24,11061295,137623696.00
2014/02/11,6.22,6.26,5.99,6.03,9895314,122617272.00
2014/02/12,6.03,6.14,5.84,6.11,6022577,73423280.00
2014/02/13,6.09,6.09,5.89,5.91,5830459,70789640.00
2014/02/14,5.89,5.97,5.85,5.94,3704134,44610772.00
2014/02/17,5.94,6.09,5.87,6.07,8736239,105895208.00
2014/02/18,6.02,6.05,5.86,5.89,9201357,110608944.00
2014/02/19,5.87,5.87,5.72,5.76,8272362,97369312.00
2014/02/20,5.75,5.89,5.73,5.82,5744188,68144192.00
2014/02/21,5.79,5.79,5.45,5.57,8586890,98240896.00
2014/02/24,5.56,5.56,5.29,5.41,7589154,83142112.00
2014/02/25,5.40,5.52,5.20,5.25,6870971,75458336.00
2014/02/26,5.25,5.29,5.15,5.29,3699485,39535724.00
2014/02/27,5.31,5.32,5.15,5.17,3656118,39238384.00
2014/02/28,5.24,5.34,5.17,5.27,4144671,44505180.00
2014/03/03,5.34,5.51,5.29,5.50,5438678,60149820.00
2014/03/04,5.47,5.47,5.32,5.34,4655479,51110656.00
2014/03/05,5.42,5.51,5.41,5.43,4921497,54754828.00
2014/03/06,5.46,5.47,5.32,5.36,3492505,38216576.00
2014/03/07,5.34,5.39,5.23,5.26,3290991,35658880.00
2014/03/10,5.22,5.25,5.02,5.04,2956151,31081066.00
2014/03/11,5.04,5.07,4.84,4.88,3846029,38889044.00
2014/03/12,4.89,4.95,4.84,4.95,2351207,23501906.00
2014/03/13,4.94,5.03,4.89,5.02,3557954,36210860.00
2014/03/14,4.99,5.00,4.81,4.89,3801451,38089556.00
2014/03/17,4.89,4.98,4.85,4.98,4074767,40947648.00
2014/03/18,4.98,5.12,4.96,5.09,5424941,55909648.00
2014/03/19,5.09,5.09,4.95,5.00,2770221,28247138.00
2014/03/20,5.00,5.01,4.83,4.87,3610587,36359648.00
2014/03/21,4.87,4.95,4.77,4.94,2823244,28066718.00
2014/03/24,4.95,4.97,4.86,4.95,2998853,30172488.00
2014/03/25,4.95,5.06,4.92,5.04,3654748,37260288.00
2014/03/26,5.05,5.09,4.98,5.02,2158967,22193842.00
2014/03/27,5.02,5.04,4.90,4.91,2153593,21773122.00
2014/03/28,4.90,4.95,4.76,4.77,2596588,25664960.00
2014/03/31,4.79,4.82,4.67,4.69,2115187,20526464.00
2014/04/01,4.73,4.80,4.69,4.74,3067667,29872778.00
2014/04/02,4.75,4.79,4.69,4.73,2623602,25387482.00
2014/04/03,4.74,4.74,4.66,4.69,3121087,29969280.00
2014/04/04,4.70,4.78,4.69,4.77,3508441,33928772.00
2014/04/08,4.79,4.91,4.77,4.89,5157602,51164212.00
2014/04/09,4.90,4.94,4.86,4.93,3242032,32429462.00
2014/04/10,4.93,4.96,4.89,4.90,2948769,29626870.00
2014/04/11,4.89,5.10,4.87,5.03,6492940,66393428.00
2014/04/14,5.03,5.33,5.02,5.21,8621113,91270256.00
2014/04/15,5.23,5.23,5.07,5.07,4175186,43885476.00
2014/04/16,5.08,5.14,5.06,5.10,2970608,30967118.00
2014/04/17,5.14,5.14,5.02,5.12,2955608,30645736.00
2014/04/18,5.12,5.12,5.04,5.09,1756615,18178802.00
2014/04/21,5.02,5.02,4.89,4.93,4859793,49094524.00
2014/04/22,4.92,5.12,4.90,4.97,4419908,45294476.00
2014/04/23,4.98,5.10,4.96,5.10,3632893,37532124.00
2014/04/24,5.08,5.09,4.99,5.01,2241900,23128544.00
2014/04/25,5.04,5.06,4.78,4.79,2724681,27316146.00
2014/04/28,4.72,4.77,4.39,4.50,3940159,37130540.00
2014/04/29,4.48,4.63,4.46,4.62,1564382,14516662.00
2014/04/30,4.61,4.63,4.56,4.62,885274,8325647.00
2014/05/05,4.62,4.73,4.58,4.73,1370397,13134713.00
2014/05/06,4.71,4.82,4.70,4.80,2284121,22288368.00
2014/05/07,4.80,4.82,4.72,4.74,1633756,15938697.00
2014/05/08,4.71,4.80,4.70,4.71,849652,8255231.50
2014/05/09,4.71,4.90,4.71,4.77,1645366,16178138.00
2014/05/12,4.81,4.86,4.76,4.83,1623369,15956714.00
2014/05/13,4.83,4.88,4.77,4.78,1439579,14137743.00
2014/05/14,4.78,4.80,4.74,4.78,850526,8293605.00
2014/05/15,4.79,4.82,4.73,4.76,1423820,13879442.00
2014/05/16,4.72,4.76,4.63,4.72,1026862,9858153.00
2014/05/19,4.72,4.72,4.58,4.59,943963,8920019.00
2014/05/20,4.63,4.70,4.60,4.62,828122,7858736.00
2014/05/21,4.66,4.67,4.57,4.65,1039272,9827582.00
2014/05/22,4.65,4.79,4.65,4.71,1746009,16916154.00
2014/05/23,4.71,4.84,4.70,4.83,1940379,18997474.00
2014/05/26,4.84,4.87,4.83,4.86,1506329,14959051.00
2014/08/25,5.35,5.35,5.35,5.35,188538,2036210.38
2014/08/26,5.89,5.89,5.89,5.89,648976,7709835.00
2014/08/27,6.49,6.49,6.49,6.49,3545557,46340428.00
2014/08/28,6.83,6.83,6.49,6.59,46170832,620813056.00
2014/08/29,6.31,6.64,6.31,6.53,23073399,302133632.00
2014/09/01,6.45,6.68,6.35,6.59,14104725,185732512.00
2014/09/02,6.59,7.05,6.59,6.85,22488923,309678208.00
2014/09/03,6.84,6.97,6.71,6.82,10222246,141410144.00
2014/09/04,6.76,6.83,6.70,6.77,6218251,84728840.00
2014/09/05,6.74,6.93,6.74,6.79,6712565,92482416.00
2014/09/09,6.76,7.02,6.68,6.94,8925424,123728336.00
2014/09/10,6.90,6.95,6.81,6.86,4607562,63782024.00
2014/09/11,6.86,7.01,6.82,6.96,6829944,95044840.00
2014/09/12,6.99,7.00,6.80,6.87,4488786,62081388.00
2014/09/15,6.87,6.95,6.74,6.89,5316517,73465344.00
2014/09/16,6.87,6.88,6.61,6.61,4845426,65748676.00
2014/09/17,6.64,6.85,6.48,6.84,4381095,58752704.00
2014/09/18,6.81,6.91,6.76,6.83,3004008,41360596.00
2014/09/19,6.83,6.91,6.74,6.86,3308689,45620496.00
2014/09/22,6.88,6.89,6.76,6.86,3429764,47243516.00
2014/09/23,6.83,6.95,6.79,6.84,3883375,53803888.00
2014/09/24,6.87,6.89,6.74,6.80,5976619,81909592.00
2014/09/25,6.82,6.88,6.66,6.70,3776086,51537380.00
2014/09/26,6.71,6.85,6.66,6.77,4548857,62030460.00
2014/09/29,6.82,6.92,6.78,6.91,4179236,57741408.00
2014/09/30,6.98,7.00,6.86,6.95,4805714,67105684.00
2014/10/08,6.95,7.01,6.85,7.00,3180502,44406772.00
2014/10/09,7.03,7.71,6.98,7.42,13152498,197206896.00
2014/10/10,7.37,7.56,7.26,7.39,7853084,117831160.00
2014/10/13,7.38,7.55,7.35,7.48,5401408,80907424.00
2014/10/14,7.48,7.48,7.27,7.29,3901003,57893920.00
2014/10/15,7.32,7.48,7.12,7.44,5227873,77300344.00
2014/10/16,7.40,7.66,7.30,7.40,4420855,66888612.00
2014/10/17,7.40,7.41,7.02,7.32,4055022,58796068.00
2014/10/20,7.29,7.31,7.20,7.27,1963989,28681630.00
2014/10/21,7.28,7.30,7.01,7.10,3827949,54685868.00
2014/10/22,7.08,7.22,7.02,7.03,1835325,26322642.00
2014/10/23,7.00,7.00,6.55,6.75,4119123,56038136.00
2014/10/24,6.71,6.79,6.60,6.66,1568474,21117692.00
2014/10/27,6.63,6.64,6.49,6.63,3476923,45930280.00
2014/10/28,6.65,7.13,6.62,7.03,6362260,87716144.00
2014/10/29,7.03,7.10,6.93,7.03,2982667,41983856.00
2014/10/30,7.03,7.30,7.01,7.11,4069624,58794420.00
2014/10/31,7.10,7.20,6.87,6.99,2772722,39129500.00
2014/11/03,6.98,7.06,6.89,6.95,3305279,46218200.00
2014/11/04,6.93,6.99,6.60,6.67,5967026,81251672.00
2014/11/05,6.69,6.70,6.55,6.64,4141487,55076416.00
2014/11/06,6.68,6.80,6.64,6.77,2554398,34676344.00
2014/11/07,6.78,6.79,6.59,6.64,3214853,43203260.00
2014/11/10,6.65,6.65,6.50,6.62,3229480,42715648.00
2014/11/11,6.61,6.62,6.35,6.45,3514204,45879604.00
2014/11/12,6.39,6.56,6.38,6.53,1810071,23644564.00
2014/11/13,6.53,6.83,6.53,6.63,7462238,100775568.00
2014/11/14,6.63,6.78,6.50,6.69,3001824,40378052.00
2014/11/17,6.68,6.85,6.63,6.83,3305732,45218024.00
2014/11/18,6.88,6.89,6.66,6.69,3790641,51715072.00
2014/11/19,6.67,6.81,6.65,6.79,1723623,23471446.00
2014/11/20,6.79,6.79,6.70,6.74,1225005,16622460.00
2014/11/21,6.77,6.80,6.72,6.78,1478163,20143040.00
2014/11/24,6.80,6.84,6.74,6.79,3213493,43976356.00
2014/11/25,6.79,6.79,6.53,6.59,8133254,108130152.00
2014/11/26,6.59,6.59,6.38,6.43,14558913,188591888.00
2014/11/27,6.45,6.57,6.45,6.53,9821547,128625112.00
2014/11/28,6.55,6.59,6.42,6.46,8537261,111955624.00
2014/12/01,6.45,6.51,6.41,6.47,3941458,51235408.00
2014/12/02,6.45,6.53,6.45,6.51,4602917,60317444.00
2014/12/03,6.55,6.55,6.41,6.48,6715890,87259600.00
2014/12/04,6.49,6.60,6.47,6.59,6993369,92458144.00
2014/12/05,6.61,6.63,6.34,6.37,9079982,117595664.00
2014/12/08,6.38,6.40,6.10,6.19,13019966,162133696.00
2014/12/09,6.20,6.20,5.93,5.93,9671339,117521040.00
2014/12/10,5.90,6.11,5.86,6.11,6919128,84062824.00
2014/12/11,6.09,6.18,6.03,6.16,4835696,59755740.00
2014/12/12,6.17,6.28,6.15,6.20,5856915,73178216.00
2014/12/15,6.18,6.23,6.12,6.22,6316783,78675032.00
2014/12/16,6.24,6.36,6.21,6.31,7899127,100169856.00
2014/12/17,6.32,6.34,5.86,6.06,10093667,123723384.00
2014/12/18,6.03,6.06,5.85,5.95,9092092,108831304.00
2014/12/19,5.91,5.97,5.83,5.91,3884823,46048416.00
2014/12/22,5.94,5.99,5.56,5.82,5555286,64690984.00
2014/12/23,5.78,5.92,5.75,5.78,2587699,30505708.00
2014/12/24,5.79,5.97,5.79,5.97,4218480,50276808.00
2014/12/25,5.98,6.07,5.95,5.97,3820081,46290284.00
2014/12/26,6.03,6.09,5.95,5.97,3854307,46673152.00
2014/12/29,5.97,5.99,5.83,5.88,3212307,38070808.00
2014/12/30,5.90,5.98,5.85,5.87,3005246,35858116.00
2014/12/31,5.88,5.93,5.83,5.93,2162881,25643986.00
2015/01/05,5.93,6.05,5.88,6.03,5877666,70595200.00
2015/01/06,5.99,6.30,5.94,6.24,9456105,117119784.00
2015/01/07,6.21,6.27,6.13,6.16,3979308,49544896.00
2015/01/08,6.12,6.58,6.12,6.41,18985164,246438976.00
2015/01/09,6.38,6.54,6.33,6.36,8470831,110003280.00
2015/01/12,6.39,6.40,6.15,6.35,4618300,58409552.00
2015/01/13,6.33,6.42,6.23,6.41,4624858,59052484.00
2015/01/14,6.40,6.63,6.35,6.57,9283610,122391680.00
2015/01/15,6.60,6.64,6.48,6.50,5198332,68680992.00
2015/01/16,6.51,6.56,6.46,6.50,3499455,45880592.00
2015/01/19,6.35,6.59,6.05,6.26,6164401,79763968.00
2015/01/20,6.33,6.58,6.26,6.49,7213523,94001416.00
2015/01/21,6.49,6.75,6.46,6.68,8643140,115719552.00
2015/01/22,6.69,6.83,6.65,6.80,5988522,81658728.00
2015/01/23,6.82,6.83,6.66,6.72,4097124,55535412.00
2015/01/26,6.73,6.83,6.72,6.76,4352826,59198388.00
2015/01/27,6.76,6.93,6.76,6.87,6613766,91237552.00
2015/01/28,6.86,6.96,6.78,6.80,4858138,66994360.00
2015/01/29,6.80,6.91,6.71,6.88,5793576,79511184.00
2015/01/30,6.86,6.95,6.72,6.73,3799966,52307348.00
2015/02/02,6.79,6.89,6.73,6.84,5061225,69566912.00
2015/02/03,6.92,6.95,6.80,6.85,4053628,56124580.00
2015/02/04,6.83,6.93,6.68,6.68,3844307,52354776.00
2015/02/05,6.73,6.79,6.56,6.56,3550298,47629504.00
2015/02/06,6.52,6.60,6.37,6.48,2955099,38535324.00
2015/02/09,6.48,6.54,6.39,6.48,2632666,34229632.00
2015/02/10,6.48,6.58,6.43,6.55,2461093,32194140.00
2015/02/11,6.50,6.65,6.46,6.62,3639348,48009272.00
2015/02/12,6.62,6.63,6.49,6.61,3125234,41327436.00
2015/02/13,6.59,6.72,6.59,6.71,4622262,62112772.00
2015/02/16,6.69,6.91,6.68,6.82,4732820,65050608.00
2015/02/17,6.82,6.95,6.80,6.82,3288923,45451676.00
2015/02/25,6.82,6.90,6.75,6.88,3459886,47648232.00
2015/02/26,6.89,7.11,6.86,7.06,5860665,82795968.00
2015/02/27,7.10,7.15,7.01,7.06,4451832,63400312.00
2015/03/02,7.08,7.11,7.03,7.09,5042837,71759456.00
2015/03/03,7.09,7.15,6.96,7.05,5910995,84012112.00
2015/03/04,7.05,7.25,7.00,7.20,6913990,99300016.00
2015/03/12,7.45,7.64,7.10,7.24,14687733,218397360.00
2015/03/13,7.20,7.20,6.95,7.13,6681973,94972752.00
2015/03/16,7.13,7.25,7.05,7.24,10193758,146931184.00
2015/03/17,7.36,7.62,7.30,7.62,15699017,235578336.00
2015/03/18,7.70,7.75,7.54,7.67,10703360,164458480.00
2015/03/19,7.65,7.67,7.48,7.61,6990613,106471656.00
2015/03/20,7.60,7.64,7.51,7.58,7404929,112787360.00
2015/03/23,7.58,7.72,7.51,7.59,13785925,211444896.00
2015/03/24,7.61,7.62,7.38,7.61,11600960,175597824.00
2015/03/25,7.58,7.65,7.40,7.63,9985190,151665984.00
2015/03/26,7.69,8.22,7.66,8.07,19047351,306104832.00
2015/03/27,8.00,8.27,7.96,8.24,11110546,181863296.00
2015/03/30,8.34,9.05,8.34,8.61,15905710,277889664.00
2015/03/31,8.56,8.63,8.36,8.50,8150152,139306656.00
2015/04/01,8.50,8.90,8.49,8.85,9176445,160676816.00
2015/04/02,8.86,8.90,8.64,8.87,8658286,152324160.00
2015/04/03,8.79,9.00,8.71,8.92,7277369,130365832.00
2015/04/07,8.95,9.02,8.76,8.95,10333856,184483808.00
2015/04/08,8.96,8.98,8.53,8.73,8439043,147728224.00
2015/04/09,8.62,8.69,8.16,8.33,9533990,159727696.00
2015/04/10,8.34,8.70,8.34,8.58,8239411,142727200.00
2015/04/13,8.62,8.72,8.34,8.64,12428937,213244416.00
2015/04/14,8.60,8.95,8.48,8.86,10708358,187474736.00
2015/04/15,8.82,9.34,8.80,8.86,12641768,230543296.00
2015/04/16,9.45,9.75,9.20,9.75,19257522,370297952.00
2015/04/17,10.20,10.40,9.75,9.92,27438946,555447040.00
2015/04/20,9.92,9.93,9.44,9.47,13981641,270394912.00
2015/04/21,9.45,10.42,9.40,10.42,18324660,369921440.00
2015/04/22,10.53,10.68,10.23,10.42,17898626,374267776.00
2015/04/23,10.35,10.50,10.25,10.35,11362140,236502416.00
2015/04/24,10.19,10.89,10.10,10.71,15627656,331605632.00
2015/04/27,10.89,11.21,10.61,10.71,11435818,249892992.00
2015/04/28,10.68,10.82,10.21,10.35,8984532,190104768.00
2015/04/29,10.30,10.63,10.16,10.53,6043126,126437968.00
2015/04/30,10.55,10.63,10.32,10.39,6591830,138010352.00
2015/05/04,10.31,10.45,10.19,10.32,4647485,96281832.00
2015/05/05,10.35,10.39,9.69,9.72,7783098,156567952.00
2015/05/06,9.81,9.95,9.46,9.51,5276376,103533040.00
2015/05/07,9.50,9.89,9.45,9.82,4484464,86842160.00
2015/05/08,9.91,10.08,9.68,10.04,6794947,135534624.00
2015/05/11,10.10,10.35,9.73,10.32,10718223,217143312.00
2015/05/12,10.32,10.41,10.11,10.41,11594103,239693600.00
2015/05/13,10.51,11.25,10.48,10.93,15489924,339088672.00
2015/05/14,10.87,10.98,10.75,10.84,8545649,186055120.00
2015/05/15,10.82,10.84,10.46,10.75,7806991,167345280.00
2015/05/18,10.85,11.80,10.84,11.75,15160265,343557984.00
2015/05/19,11.75,12.17,11.61,11.93,14975132,357400736.00
2015/05/20,12.10,13.12,12.00,13.12,40298253,516942656.00
2015/05/21,13.49,14.43,13.48,14.43,62595753,879433664.00
2015/05/22,15.15,15.42,13.85,14.16,57804382,833996736.00
2015/05/25,14.00,14.67,13.60,14.34,37900888,536445632.00
2015/05/26,14.35,14.96,14.12,14.83,36463128,530158720.00
2015/05/27,14.81,16.31,14.60,16.31,47488857,739475328.00
2015/05/28,16.53,17.90,15.18,15.30,57882979,987039488.00
2015/05/29,15.30,16.79,14.10,16.45,50296191,796009408.00
2015/06/01,16.52,17.50,16.00,16.99,64331192,1078632320.00
2015/06/02,16.66,17.51,16.32,17.22,52959059,890604608.00
2015/06/03,17.01,17.02,16.36,16.54,34270399,572398848.00
2015/06/04,16.53,16.53,15.04,16.11,26742836,425305184.00
2015/06/05,16.17,16.80,15.97,16.66,31619537,516502304.00
2015/06/08,16.88,17.27,16.55,16.80,43025343,726187264.00
2015/06/09,16.90,16.95,16.15,16.37,25096844,412229760.00
2015/06/10,16.30,16.56,15.70,16.32,21786997,353635456.00
2015/06/11,16.32,16.47,16.00,16.31,19859086,321357280.00
2015/06/12,16.31,16.50,16.12,16.36,21736205,354694688.00
2015/06/15,16.41,17.35,16.36,16.92,46683857,787503552.00
2015/06/16,16.67,16.70,15.85,16.48,28563365,466109824.00
2015/06/17,16.45,16.46,15.10,16.03,21333029,335851040.00
2015/06/18,16.03,16.03,14.95,15.04,16321974,253593376.00
2015/06/19,14.71,14.71,13.54,13.54,20853737,287659968.00
2015/06/23,13.20,13.53,12.20,13.08,20060265,256722816.00
2015/06/24,13.30,13.57,13.09,13.49,16492579,220546208.00
2015/06/25,13.56,14.19,13.32,13.72,20926110,288267392.00
2015/06/26,13.20,13.33,12.35,12.35,13968596,177823040.00
2015/06/29,12.54,12.88,11.12,11.12,17071588,197913040.00
2015/06/30,11.00,11.79,10.01,11.71,21914462,237241600.00
2015/07/01,11.60,12.01,10.54,10.54,15546231,177481760.00
2015/07/02,10.56,10.80,9.49,9.49,17019833,170088688.00
2015/07/03,9.17,10.15,8.54,8.60,19208297,174325920.00
2015/07/06,9.46,9.46,7.98,8.98,25806948,228814560.00
2015/07/07,8.70,8.97,8.08,8.08,12612171,104874944.00
2015/07/08,7.27,8.50,7.27,8.00,49171522,385918560.00
2015/07/09,7.20,8.80,7.20,8.80,23527875,193686480.00
2015/07/10,9.50,9.68,9.23,9.68,8317164,79640072.00
2015/07/13,10.65,10.65,10.28,10.65,19053091,201620816.00
2015/07/14,11.70,11.72,10.96,11.40,33137681,378498400.00
2015/07/15,11.05,11.10,10.26,10.26,16658539,175740544.00
2015/07/16,10.26,11.04,9.42,10.75,16705813,177400464.00
2015/07/17,10.81,11.80,10.80,11.71,19637633,227831744.00
2015/07/20,11.80,12.88,11.70,12.88,30673881,388279872.00
2015/07/21,13.09,13.74,12.62,13.12,28722728,383474720.00
2015/07/22,13.00,13.12,12.49,12.92,21050461,268796864.00
2015/07/23,12.77,13.47,12.68,13.30,15475400,205455392.00
2015/07/24,13.35,13.37,12.78,12.83,17057177,223062608.00
2015/07/27,12.50,13.40,11.61,11.68,18301767,234210320.00
2015/07/28,11.01,12.25,10.51,12.00,17507349,201151088.00
2015/07/29,12.13,12.50,11.51,12.49,15407645,185483504.00
2015/07/30,12.30,12.49,11.60,11.67,12960345,158050048.00
2015/07/31,11.40,11.68,10.67,11.23,11495336,129526016.00
2015/08/03,11.55,11.60,10.11,10.22,16303230,175177536.00
2015/08/04,10.15,10.99,10.10,10.98,11990195,126357056.00
2015/08/05,10.97,11.14,10.41,10.63,10472045,113290528.00
2015/08/06,10.30,10.60,10.11,10.32,6635786,68895064.00
2015/08/07,10.70,11.00,10.55,10.80,11260117,121385792.00
2015/08/10,10.99,11.88,10.85,11.88,20251770,232611872.00
2015/08/11,12.08,12.40,11.69,11.80,25548063,308291104.00
2015/08/12,11.85,12.05,11.58,11.86,13276337,156979904.00
2015/08/13,11.85,12.00,11.51,12.00,15468604,183047872.00
2015/08/14,12.05,12.40,12.01,12.12,17829662,217753824.00
2015/08/17,12.14,12.39,11.81,12.35,23813273,290060672.00
2015/08/18,12.35,12.59,11.12,11.12,23065014,275653824.00
2015/08/19,10.68,11.52,10.31,11.43,18098723,200125040.00
2015/08/20,11.10,11.61,11.00,11.10,12755735,144913632.00
2015/08/21,10.98,11.00,10.10,10.18,13573334,142943424.00
2015/08/24,9.78,9.80,9.16,9.16,8396315,77773408.00
2015/08/25,8.24,8.62,8.24,8.24,8931458,74379592.00
2015/08/26,8.47,8.62,7.61,7.72,11232039,91668544.00
2015/08/27,8.05,8.18,7.60,8.16,9678534,76879192.00
2015/08/28,8.20,8.90,8.20,8.90,11515304,97668368.00
2015/08/31,8.91,8.93,8.42,8.42,9542571,82186240.00
2015/09/01,8.45,8.52,7.58,7.58,11493134,90087456.00
2015/09/02,7.20,7.85,7.02,7.23,10803886,79900320.00
2015/09/07,7.55,7.76,7.41,7.47,10346966,78358408.00
2015/09/08,7.48,7.99,7.41,7.97,8599007,65883852.00
2015/09/09,8.15,8.43,8.04,8.43,15004713,124109224.00
2015/09/10,8.30,9.27,8.20,9.27,46845011,428948448.00
2015/09/11,9.32,9.32,8.72,9.02,34673884,311917792.00
2015/09/14,8.98,9.09,8.12,8.12,22045698,187157280.00
2015/09/15,7.62,8.01,7.31,7.31,18135788,137593088.00
2015/09/16,7.42,8.04,7.34,8.04,15827170,121438800.00
2015/09/17,7.99,8.41,7.66,7.79,19989336,159807312.00
2015/09/18,7.85,8.41,7.71,8.30,19915381,160585968.00
2015/09/21,8.15,8.55,8.04,8.51,15003676,125537440.00
2015/09/22,8.52,9.00,8.46,8.70,20897428,183050080.00
2015/09/23,8.59,8.98,8.50,8.62,15831228,138094448.00
2015/09/24,8.69,8.98,8.64,8.90,15955173,141609792.00
2015/09/25,8.85,8.86,8.16,8.32,11843107,100657592.00
2015/09/28,8.35,8.54,8.20,8.53,6695369,56181220.00
2015/09/29,8.38,8.78,8.25,8.55,10795192,92726368.00
2015/09/30,8.51,8.64,8.31,8.44,7110268,60106476.00
2015/10/08,8.75,8.95,8.63,8.76,11144150,97883192.00
2015/10/09,8.76,9.07,8.70,8.99,13406410,119389472.00
2015/10/12,9.12,9.65,9.01,9.55,18814133,176734224.00
2015/10/13,9.50,9.84,9.38,9.75,14171027,136390832.00
2015/10/14,9.74,9.90,9.41,9.41,17408803,165771008.00
2015/10/15,9.51,10.33,9.51,10.27,31038655,310460224.00
2015/10/16,10.27,10.44,9.98,10.42,23621429,241412000.00
2015/10/19,10.42,10.42,9.80,9.85,33284780,332479744.00
2015/10/20,9.81,9.93,9.67,9.92,19717620,193418032.00
2015/10/21,9.94,10.00,9.00,9.08,21227829,202084256.00
2015/10/22,9.08,9.45,9.05,9.41,11334801,105138144.00
2015/10/23,9.44,9.66,9.38,9.62,18235847,173286928.00
2015/10/26,9.83,9.87,9.58,9.77,23170162,225528784.00
2015/10/27,9.69,9.74,9.13,9.69,17409475,164393280.00
2015/10/28,9.58,10.17,9.51,9.88,33562514,333313600.00
2015/10/29,10.79,10.87,10.79,10.87,25405220,275749600.00
2015/10/30,10.87,10.98,10.38,10.38,48630088,518307808.00
2015/11/02,10.00,10.29,9.80,9.86,26427089,264185296.00
2015/11/03,9.83,10.30,9.83,10.07,20327151,204225888.00
2015/11/04,10.19,10.54,10.01,10.53,31964217,328725408.00
2015/11/05,10.56,10.60,10.18,10.30,28885359,299307040.00
2015/11/06,10.29,10.94,10.17,10.88,40539658,432554016.00
2015/11/09,10.73,11.28,10.71,11.08,39392989,433130816.00
2015/11/10,10.95,11.01,10.72,10.89,22048173,240081856.00
2015/11/11,10.88,10.93,10.60,10.89,19274271,207671072.00
2015/11/12,10.90,11.14,10.62,10.75,28071019,305132160.00
2015/11/13,10.58,10.62,10.28,10.38,16692525,174605392.00
2015/11/16,10.20,10.66,10.08,10.63,13637379,142106704.00
2015/11/17,10.65,10.84,10.45,10.47,19974789,212056624.00
2015/11/18,10.46,10.53,10.31,10.34,8712028,90852312.00
2015/11/19,10.31,10.54,10.24,10.53,11684306,121325752.00
2015/11/20,10.55,10.72,10.45,10.62,23233536,246366688.00
2015/11/23,10.61,10.80,10.46,10.75,30658856,326454912.00
2015/11/24,10.69,10.77,10.38,10.66,16326093,172933904.00
2015/11/25,10.66,10.85,10.63,10.82,23504663,253190352.00
2015/11/26,10.81,10.89,10.62,10.73,16815303,180759648.00
2015/11/27,10.67,10.84,9.66,9.88,23113221,241391040.00
2015/11/30,9.96,10.04,9.18,9.77,14473133,140023296.00
2015/12/01,9.77,9.85,9.53,9.75,11244253,108706792.00
2015/12/02,9.80,9.83,9.49,9.79,11404254,110068768.00
2015/12/03,9.80,10.06,9.72,10.06,11022630,108986800.00
2015/12/04,9.98,10.05,9.83,9.90,10997026,109151960.00
2015/12/07,9.94,10.10,9.84,10.03,9578105,95410248.00
2015/12/08,9.94,9.98,9.71,9.72,8613370,84557840.00
2015/12/09,9.60,9.70,9.53,9.57,6513280,62544776.00
2015/12/10,9.56,9.70,9.55,9.60,5445002,52495976.00
2015/12/11,9.60,9.60,9.37,9.44,6022598,57096916.00
2015/12/14,9.38,9.68,9.32,9.66,6650123,63261092.00
2015/12/15,9.68,9.84,9.64,9.78,9277373,90603216.00
2015/12/16,9.78,9.94,9.73,9.79,10454085,102883992.00
2015/12/17,9.82,10.14,9.82,10.07,16795268,167879040.00
2015/12/18,10.03,10.07,9.90,9.95,11231169,111950768.00
2015/12/21,9.95,10.18,9.91,10.16,13767393,138687360.00
2015/12/22,10.11,10.59,10.06,10.58,26764864,279335936.00
2015/12/23,10.58,10.59,10.22,10.27,17384671,180903232.00
2015/12/24,10.23,10.46,10.20,10.39,9459252,97687728.00
2015/12/25,10.43,10.46,10.24,10.29,9419939,97419640.00
2015/12/28,10.35,10.43,9.98,9.98,12942524,132348584.00
2015/12/29,9.95,10.14,9.90,10.14,5968015,59783740.00
2015/12/30,10.15,10.25,10.10,10.23,8096572,82448872.00
2015/12/31,10.24,10.34,10.05,10.06,6652035,67761936.00
2016/01/04,10.10,10.15,9.10,9.12,8020199,77276736.00
2016/01/05,8.80,9.26,8.57,9.01,11226327,100797448.00
2016/01/06,9.08,9.23,8.96,9.19,8409193,76398752.00
2016/01/07,9.07,9.08,8.52,8.52,2557651,22438374.00
2016/01/08,9.00,9.02,8.30,8.84,8490799,74872144.00
2016/01/11,8.70,9.05,8.41,8.44,9082879,80050696.00
2016/01/12,8.44,8.73,8.15,8.40,5728576,48130980.00
2016/01/13,8.43,8.56,8.18,8.20,4805610,40471456.00
2016/01/14,7.99,8.47,7.92,8.43,5791919,47526156.00
2016/01/15,8.40,8.42,8.04,8.08,4573055,37839260.00
2016/01/18,8.00,8.26,7.95,8.19,3495435,28519234.00
2016/01/19,8.18,8.48,8.15,8.46,4483761,37383224.00
2016/01/20,8.40,8.53,8.36,8.41,4826266,40724792.00
2016/01/21,8.32,8.50,8.25,8.25,4365898,36638508.00
2016/01/22,8.30,8.38,8.05,8.28,3510299,28898800.00
2016/01/25,8.36,8.40,8.24,8.36,3141513,26158314.00
2016/01/26,8.29,8.29,7.52,7.60,5753972,45767936.00
2016/01/27,7.89,7.89,7.05,7.59,4817093,35867276.00
2016/01/28,7.61,7.75,7.30,7.39,3312034,25141122.00
2016/01/29,7.40,7.71,7.36,7.60,3895324,29487646.00
2016/02/01,7.60,7.63,7.35,7.47,2666825,20043240.00
2016/02/02,7.46,7.78,7.46,7.69,3998625,30659404.00
2016/02/03,7.61,7.80,7.55,7.75,3350713,25800300.00
2016/02/04,7.73,7.95,7.73,7.90,3627236,28622708.00
2016/02/05,7.90,7.97,7.74,7.76,4092849,32045022.00
2016/02/15,7.56,7.77,7.46,7.72,2778059,21217592.00
2016/02/16,7.75,8.02,7.74,8.01,6074103,48283612.00
2016/02/17,8.01,8.08,7.94,8.08,4852078,38837936.00
2016/02/18,8.10,8.14,8.01,8.03,4760425,38403632.00
2016/02/19,8.02,8.10,7.97,8.03,3383022,27190080.00
2016/02/22,8.08,8.22,8.08,8.18,4997128,40748684.00
2016/02/23,8.18,8.25,8.01,8.10,4131255,33586408.00
2016/02/24,8.10,8.18,8.05,8.18,5171845,41926284.00
2016/02/25,8.16,8.21,7.36,7.36,6954078,54188072.00
2016/02/26,7.49,7.67,7.40,7.56,4682906,35371188.00
2016/02/29,7.60,7.62,7.10,7.23,4929653,35791600.00
2016/03/01,7.31,7.60,7.23,7.53,5658343,41956432.00
2016/03/02,7.50,8.09,7.50,8.08,7005777,54872800.00
2016/03/03,8.07,8.19,7.96,8.02,7363162,59373796.00
2016/03/04,8.02,8.06,7.55,7.73,6279889,49101252.00
2016/03/07,7.80,8.03,7.80,7.95,5479532,43512488.00
2016/03/08,7.95,7.95,7.59,7.87,5107324,39634660.00
2016/03/09,7.70,7.78,7.61,7.67,3392766,26092262.00
数据来源:通达信
