002736 国信证券 日线 前复权
      日期	    开盘	    最高	    最低	    收盘	    成交量	    成交额
2014/12/29,6.80,8.20,6.80,8.20,579501,4856366.50
2014/12/30,9.04,9.04,9.04,9.04,142800,1319472.00
2014/12/31,9.96,9.96,9.96,9.96,125600,1276096.00
2015/01/05,10.98,10.98,10.98,10.98,101801,1138135.13
2015/01/06,12.10,12.10,12.10,12.10,1333350,16400205.00
2015/01/07,13.33,13.33,13.33,13.33,229300,3102429.00
2015/01/08,14.68,14.68,14.68,14.68,428553,6376868.50
2015/01/09,16.17,16.17,16.17,16.17,1058925,17334602.00
2015/01/12,17.81,17.81,17.81,17.81,2796369,50362604.00
2015/01/13,19.61,19.61,19.61,19.61,4879090,96654776.00
2015/01/14,21.59,21.59,21.59,21.59,188753040,4112928768.00
2015/01/15,21.47,23.77,20.91,23.77,746977882,16838617088.00
2015/01/16,23.54,24.72,23.03,23.48,496708569,11919328256.00
2015/01/19,21.40,22.36,21.11,21.11,382508896,8329898496.00
2015/01/20,21.80,23.09,21.46,22.98,445866506,10028666880.00
2015/01/21,23.00,25.00,22.30,23.91,407593624,9619881984.00
2015/01/22,23.51,23.90,23.02,23.65,233886952,5532838912.00
2015/01/23,23.94,24.65,23.01,23.40,255417457,6124593664.00
2015/01/26,22.94,23.09,21.93,22.73,211700740,4807971840.00
2015/01/27,22.60,22.80,21.76,22.01,160641369,3598472704.00
2015/01/28,21.82,22.73,21.70,22.10,141858842,3189519104.00
2015/01/29,21.70,22.25,21.21,21.65,129986435,2837816576.00
2015/01/30,21.82,22.03,20.81,20.89,109974502,2370760704.00
2015/02/02,19.90,20.65,19.88,20.20,92786232,1892597632.00
2015/02/03,20.55,21.36,20.22,21.19,119859414,2520247040.00
2015/02/04,21.15,21.30,20.27,20.30,118096744,2482374656.00
2015/02/05,21.09,21.10,20.08,20.09,104716068,2176919808.00
2015/02/06,19.82,20.38,19.70,19.94,68931184,1396351232.00
2015/02/09,19.80,20.96,19.76,20.58,106778683,2207703040.00
2015/02/10,20.40,20.74,20.10,20.40,86859516,1786814464.00
2015/02/11,20.40,20.73,20.11,20.64,69971188,1448969856.00
2015/02/12,20.60,21.25,20.31,21.06,82523146,1729957376.00
2015/02/13,21.20,21.37,20.89,20.96,88899777,1896345856.00
2015/02/16,20.89,21.00,20.64,20.84,60127240,1263194496.00
2015/02/17,20.92,21.26,20.84,20.94,55028286,1168011776.00
2015/02/25,20.87,20.87,20.26,20.27,52569268,1087488384.00
2015/02/26,20.27,21.25,20.11,21.01,92157321,1936861312.00
2015/02/27,20.89,21.15,20.80,20.87,66958314,1416702592.00
2015/03/02,21.20,21.65,20.98,21.19,97337085,2089646976.00
2015/03/03,21.03,21.04,20.31,20.34,85621088,1781610880.00
2015/03/04,20.29,20.54,20.17,20.36,46186321,947245056.00
2015/03/05,20.26,20.55,20.15,20.49,53316242,1097121792.00
2015/03/06,20.45,20.72,20.16,20.19,48507215,1000391808.00
2015/03/09,19.79,19.79,19.14,19.59,74872445,1468659072.00
2015/03/10,19.50,19.84,19.30,19.53,50785823,1001173952.00
2015/03/11,19.51,19.80,19.26,19.29,42817566,843589632.00
2015/03/12,19.37,19.80,19.27,19.65,56571971,1118889984.00
2015/03/13,19.88,20.15,19.63,19.73,47160729,946588672.00
2015/03/16,19.92,20.76,19.70,20.51,98700211,2030514944.00
2015/03/17,20.90,21.24,20.57,21.04,134899633,2842692864.00
2015/03/18,21.15,21.45,21.15,21.45,113325252,2436268032.00
2015/03/19,21.57,21.57,21.15,21.30,89237606,1924718464.00
2015/03/20,21.35,23.32,21.13,22.41,175145354,3915497728.00
2015/03/23,22.61,22.77,22.22,22.54,115971924,2627318784.00
2015/03/24,22.56,22.56,21.40,21.89,109051844,2421005312.00
2015/03/25,21.89,22.34,21.60,21.94,80163174,1778483584.00
2015/03/26,21.79,22.58,21.60,21.88,86913067,1939308032.00
2015/03/27,21.81,22.19,21.70,21.88,49047768,1087203456.00
2015/03/30,22.00,22.44,21.72,22.21,92245053,2057173248.00
2015/03/31,22.51,23.25,21.90,21.98,122459222,2792354304.00
2015/04/01,22.16,22.55,21.95,22.38,93239395,2094317696.00
2015/04/02,22.68,22.73,22.05,22.36,85862796,1935259136.00
2015/04/03,22.21,24.55,22.16,24.33,241535115,5752537088.00
2015/04/07,24.40,25.53,23.96,25.20,205766939,5138557952.00
2015/04/08,25.25,27.74,25.25,27.74,217369940,5911205376.00
2015/04/09,28.79,30.53,28.30,28.80,284158686,8474548736.00
2015/04/10,29.01,31.70,28.80,31.30,243933226,7425217024.00
2015/04/13,30.80,30.98,29.56,30.33,197386042,5990503424.00
2015/04/14,29.81,29.99,28.71,29.63,144297396,4274265088.00
2015/04/15,29.10,29.95,28.67,28.68,89131693,2621176320.00
2015/04/16,27.90,29.28,27.88,28.68,74988265,2156237312.00
2015/04/17,29.19,30.79,28.97,29.35,111652629,3345645824.00
2015/04/29,29.20,29.27,27.68,28.50,102371182,2929003520.00
2015/04/30,28.62,30.86,28.62,29.00,103291579,3091152128.00
2015/05/04,28.80,30.49,28.58,29.90,101820284,3058595072.00
2015/05/05,29.80,30.80,27.82,28.21,118332163,3502567680.00
2015/05/06,28.36,29.05,27.10,27.45,89480887,2537596160.00
2015/05/07,27.17,28.15,27.15,27.75,69578710,1945628544.00
2015/05/08,28.48,28.57,27.05,27.92,78754711,2202043648.00
2015/05/11,28.10,29.29,27.68,29.17,101113249,2895369216.00
2015/05/12,29.08,30.75,28.51,29.72,118723737,3551988480.00
2015/05/13,29.31,29.69,28.55,28.80,78495369,2295032320.00
2015/05/14,28.85,29.26,28.42,28.68,59867516,1736264064.00
2015/05/15,28.46,28.47,27.36,27.59,73260771,2050812672.00
2015/05/18,27.27,28.04,27.00,27.39,53331797,1479061120.00
2015/05/19,27.34,30.15,27.30,29.84,168160194,4970991104.00
2015/05/20,29.50,29.76,28.59,28.89,134350156,3919089664.00
2015/05/21,28.88,29.49,28.52,29.22,80379068,2349561344.00
2015/05/22,29.65,31.66,29.30,31.28,176043800,5434946560.00
2015/05/25,31.70,34.43,31.70,34.41,246317959,8400365568.00
2015/05/26,33.60,34.74,32.60,34.51,207190508,6999107072.00
2015/05/27,34.10,34.48,33.31,33.59,118950330,4047614976.00
2015/05/28,33.49,34.30,30.24,30.26,145469228,4776507904.00
2015/05/29,30.25,31.17,28.81,29.74,111220464,3372386560.00
2015/06/01,29.79,32.06,29.36,31.40,103334983,3189735168.00
2015/06/02,31.05,31.54,30.31,31.01,83368353,2593696768.00
2015/06/03,31.03,31.62,30.48,30.78,80189572,2497075456.00
2015/06/04,30.80,32.27,29.62,32.00,118048649,3717197056.00
2015/06/05,32.85,33.39,30.91,31.90,121103185,3935691008.00
2015/06/08,31.92,33.90,31.31,33.51,145316728,4790529024.00
2015/06/09,33.62,34.00,32.09,32.47,96619433,3193437696.00
2015/06/10,31.80,32.35,31.49,31.76,73754261,2366979840.00
2015/06/11,31.57,31.76,30.80,31.19,64448287,2022898432.00
2015/06/12,31.22,32.17,31.22,31.48,68498510,2177428992.00
2015/06/15,32.10,32.49,31.53,31.80,98875681,3186227968.00
2015/06/16,31.40,32.38,30.25,30.49,73343537,2314688512.00
2015/06/17,30.49,30.70,28.92,30.15,65880004,1976091136.00
2015/06/18,29.76,29.98,28.38,28.50,48801821,1441794560.00
2015/06/19,28.12,29.04,27.11,27.13,61687165,1747352192.00
2015/06/23,27.31,28.35,25.81,28.29,55447314,1535278336.00
2015/06/24,28.50,28.59,27.60,28.40,54526777,1546915200.00
2015/06/25,28.33,28.97,27.40,27.64,54385991,1541777792.00
2015/06/26,26.94,28.18,24.88,24.95,80956983,2117947008.00
2015/06/29,25.75,25.80,22.46,22.81,100498936,2410620160.00
2015/06/30,22.82,25.09,21.60,25.09,94216721,2231347200.00
2015/07/01,24.93,26.28,24.09,24.30,96862269,2465018624.00
2015/07/02,25.30,25.85,23.03,24.36,85286741,2112125696.00
2015/07/03,24.40,25.21,22.31,23.05,71550472,1702083840.00
2015/07/06,25.36,25.36,23.00,24.43,98787574,2397470720.00
2015/07/07,23.70,24.55,21.99,23.70,139028921,3187287296.00
2015/07/08,21.33,21.80,21.33,21.33,52997964,1130886272.00
2015/07/09,21.00,23.46,19.20,23.46,166905941,3638494208.00
2015/07/10,22.92,25.78,22.20,25.42,184299280,4595770368.00
2015/07/13,24.70,26.60,24.20,25.32,159929425,4044596736.00
2015/07/14,24.48,24.96,23.01,23.40,105234321,2539284992.00
2015/07/15,22.90,23.58,21.06,21.06,84892804,1860861696.00
2015/07/16,21.06,21.79,20.05,21.11,57493251,1212576256.00
2015/07/17,21.40,22.56,21.11,22.18,60835349,1327269760.00
2015/07/20,22.18,22.48,21.41,21.59,59143225,1293936000.00
2015/07/21,21.30,22.40,20.96,21.83,68076432,1479859328.00
2015/07/22,21.59,22.09,21.23,21.54,47126626,1018862592.00
2015/07/23,21.65,22.41,21.62,22.29,72404879,1603233536.00
2015/07/24,22.81,22.99,21.84,21.95,81562273,1837811968.00
2015/07/27,21.40,21.77,19.76,19.76,73069504,1515850368.00
2015/07/28,19.17,21.74,18.21,21.74,148080702,3035017216.00
2015/07/29,22.50,22.78,21.51,22.58,137449103,3058904320.00
2015/07/30,22.10,22.51,21.00,21.06,92647535,2037619200.00
2015/07/31,20.80,22.19,20.63,21.81,92673123,1999229056.00
2015/08/03,21.02,22.78,20.90,22.77,102038900,2253831936.00
2015/08/04,22.59,23.27,21.89,23.04,94799183,2149768192.00
2015/08/05,22.71,22.90,22.11,22.14,54860871,1233875840.00
2015/08/06,21.70,21.99,21.20,21.25,41009821,883514688.00
2015/08/07,21.52,21.93,21.35,21.56,40227376,869901312.00
2015/08/10,21.60,23.40,21.40,22.98,82136600,1845389184.00
2015/08/11,22.70,23.03,22.39,22.44,54216984,1229828736.00
2015/08/12,22.10,23.35,22.01,22.46,56479981,1286696448.00
2015/08/13,22.52,23.25,22.28,22.90,47316038,1076456064.00
2015/08/14,23.10,23.32,22.77,22.99,58608902,1350103936.00
2015/08/17,22.92,23.01,22.08,22.47,41713943,936838144.00
2015/08/18,22.56,23.40,20.24,20.45,85031002,1888630400.00
2015/08/19,19.95,20.74,19.32,20.66,50197515,1012400000.00
2015/08/20,20.32,20.50,19.80,19.80,36290359,728248064.00
2015/08/21,19.37,19.90,18.10,18.31,37412732,712602112.00
2015/08/24,17.68,17.68,16.48,16.48,42279487,706930752.00
2015/08/25,14.88,15.61,14.83,14.88,59417482,892733312.00
2015/08/26,15.25,15.61,13.88,14.30,63617270,950748416.00
2015/08/27,14.75,15.20,13.76,15.12,50556256,738745344.00
2015/08/28,15.30,15.98,15.08,15.74,65223472,1004868352.00
2015/08/31,15.85,15.85,14.42,15.37,56801654,862972608.00
2015/09/01,15.00,16.22,14.30,16.20,84089129,1310333696.00
2015/09/02,15.50,17.03,15.30,16.93,118543481,1947553280.00
2015/09/07,16.58,17.37,16.18,16.24,39742533,665987264.00
2015/09/08,15.90,16.60,15.22,16.52,36552936,579908736.00
2015/09/09,16.45,17.35,16.11,16.79,46621384,779237632.00
2015/09/10,16.32,16.50,16.00,16.06,24935882,406339200.00
2015/09/11,16.06,16.29,15.71,15.90,17161901,274858624.00
2015/09/14,15.90,15.99,14.31,14.50,29630741,443498432.00
2015/09/15,14.26,14.73,13.77,13.83,23789887,336238912.00
2015/09/16,13.95,15.20,13.81,14.91,24553054,353005312.00
2015/09/17,14.75,15.15,14.46,14.46,22986287,340317728.00
2015/09/18,14.58,14.69,14.36,14.48,12411110,180277136.00
2015/09/21,14.32,14.93,14.20,14.86,16689140,244841200.00
2015/09/22,14.94,16.14,14.83,15.55,37794385,590487552.00
2015/09/23,15.15,15.42,14.94,15.00,21472770,325214880.00
2015/09/24,15.10,15.28,14.91,15.13,13576609,205215872.00
2015/09/25,15.00,15.15,14.32,14.44,13086819,192740448.00
2015/09/28,14.50,14.80,14.33,14.72,9188425,133950256.00
2015/09/29,14.50,15.24,14.29,14.75,17698212,260024608.00
2015/09/30,14.67,15.20,14.61,14.79,16972960,253755216.00
2015/10/08,15.60,15.75,15.17,15.18,29554732,455291968.00
2015/10/09,15.20,15.85,15.18,15.72,32352373,503028576.00
2015/10/12,15.65,16.93,15.51,16.51,50001441,815646208.00
2015/10/13,16.20,16.35,16.04,16.30,27957289,453517056.00
2015/10/14,16.14,16.65,16.01,16.01,31191177,507895552.00
2015/10/15,15.95,16.47,15.90,16.42,28393570,461500928.00
2015/10/16,16.58,16.95,16.41,16.72,43427132,724773248.00
2015/10/19,16.78,18.11,16.78,17.29,64404941,1123343744.00
2015/10/20,17.25,17.48,17.01,17.44,30172461,521102848.00
2015/10/21,17.45,17.67,16.00,16.18,42606132,724589248.00
2015/10/22,16.20,16.56,15.82,16.49,28442327,462831232.00
2015/10/23,16.63,16.95,16.16,16.80,33677171,557790144.00
2015/10/26,16.99,17.58,16.64,16.75,65337422,1118219264.00
2015/10/27,16.45,16.51,15.71,16.46,42221540,679799808.00
2015/10/28,16.40,16.61,16.00,16.10,26168454,426280256.00
2015/10/29,16.19,16.30,16.01,16.19,17745088,286813568.00
2015/10/30,16.22,16.96,15.92,16.48,45873184,759018496.00
2015/11/02,16.10,16.55,16.00,16.12,25757085,418963808.00
2015/11/03,16.20,16.45,16.11,16.28,21024162,342763744.00
2015/11/04,16.35,17.91,16.35,17.91,91647098,1602991872.00
2015/11/05,18.75,19.70,18.52,19.15,145534362,2818115328.00
2015/11/06,18.97,21.07,18.56,21.07,143928167,2889758720.00
2015/11/09,21.38,22.29,20.70,20.91,145286646,3123295744.00
2015/11/10,20.40,22.99,20.30,21.62,114547821,2484289024.00
2015/11/11,21.20,23.10,21.00,22.75,90868046,1994792832.00
2015/11/12,23.00,23.00,21.72,22.06,75170787,1685685376.00
2015/11/13,21.77,22.65,21.56,21.92,76948255,1696320384.00
2015/11/16,21.20,21.55,20.85,21.28,56672325,1199260288.00
2015/11/17,21.65,23.41,21.57,22.27,131960924,3003030272.00
2015/11/18,22.10,22.38,20.30,20.60,81143649,1744229888.00
2015/11/19,20.70,21.12,20.30,21.09,40469801,839132096.00
2015/11/20,21.00,21.07,20.58,20.80,32099009,667164288.00
2015/11/23,21.05,22.62,20.91,21.15,59535417,1287559552.00
2015/11/24,20.77,22.00,20.50,21.85,49821889,1068297280.00
2015/11/25,21.48,21.98,21.31,21.84,41268835,893365696.00
2015/11/26,22.19,22.82,21.50,21.62,49086963,1087364480.00
2015/11/27,20.65,20.99,19.46,19.46,83920528,1692710272.00
2015/11/30,19.30,19.48,17.91,18.92,56433735,1059069504.00
2015/12/01,18.80,18.96,18.20,18.75,41284663,769730880.00
2015/12/02,18.69,19.97,18.53,19.80,51500390,993333760.00
2015/12/03,19.60,20.18,19.39,19.80,35736105,707679552.00
2015/12/04,19.69,19.69,18.98,19.09,31960695,616179456.00
2015/12/07,19.10,19.18,18.70,18.94,20638794,390217472.00
2015/12/08,18.80,19.15,18.62,18.68,23808012,449765888.00
2015/12/09,18.57,18.93,18.50,18.65,15831942,296016384.00
2015/12/10,18.79,19.69,18.61,18.73,36021461,691041664.00
2015/12/11,18.45,19.20,18.26,18.80,26274185,490615520.00
2015/12/14,18.59,20.50,18.50,20.30,55155117,1080860160.00
2015/12/15,20.29,20.29,19.60,19.74,44074042,876287232.00
2015/12/16,19.86,20.20,19.64,19.76,25380927,505053888.00
2015/12/17,20.00,20.39,19.81,20.08,44197445,889612224.00
2015/12/18,20.06,20.16,19.80,19.90,24284425,484318784.00
2015/12/21,19.75,20.56,19.75,20.16,33902324,685118464.00
2015/12/22,20.18,20.39,19.93,20.31,28572057,577045632.00
2015/12/23,20.43,21.86,20.30,20.87,83386774,1754590208.00
2015/12/24,20.59,20.68,19.89,20.19,36149530,733311488.00
2015/12/25,20.11,20.36,19.90,20.10,21180043,425240960.00
2015/12/28,20.22,20.32,19.48,19.48,27529344,548016640.00
2015/12/29,19.41,19.84,19.41,19.77,20181808,396057216.00
2015/12/30,19.77,19.87,19.40,19.70,18380389,361061568.00
2015/12/31,19.71,20.21,19.71,19.75,21435370,427238496.00
2016/01/04,19.97,20.04,17.78,17.88,22452930,423540032.00
2016/01/05,17.08,18.29,17.00,18.02,28220747,502135776.00
2016/01/06,18.02,18.42,17.80,18.25,20443751,370156544.00
2016/01/07,17.84,17.93,16.51,16.59,5156224,89816408.00
2016/01/08,17.10,17.88,16.31,16.96,41132690,708973696.00
2016/01/11,16.40,16.74,15.56,15.58,26747310,433192160.00
2016/01/12,15.99,16.34,15.58,15.85,22018486,351540224.00
2016/01/13,16.15,16.28,15.80,16.02,25096357,403233440.00
2016/01/14,15.69,17.09,15.50,16.90,38062261,633574528.00
2016/01/15,16.56,16.77,15.96,16.24,31646082,518550944.00
2016/01/18,15.88,16.46,15.80,16.22,20299589,328937248.00
2016/01/19,16.18,16.85,16.03,16.83,31368287,518528512.00
2016/01/20,16.70,17.06,16.57,16.84,30360432,510676416.00
2016/01/21,16.52,16.97,15.85,15.90,21698411,357925216.00
2016/01/22,16.15,16.30,15.65,16.15,15945876,255318880.00
2016/01/25,16.31,16.68,16.13,16.31,15929883,261364400.00
2016/01/26,16.08,16.21,14.69,14.69,29769678,461197920.00
2016/01/27,14.74,14.98,13.76,14.25,26625815,380398432.00
2016/01/28,14.17,14.68,13.77,13.84,22698983,321699968.00
2016/01/29,13.92,14.70,13.88,14.59,31122787,450236384.00
2016/02/01,14.57,14.75,14.28,14.53,22440392,324989568.00
2016/02/02,14.65,15.07,14.56,14.99,20096111,299530240.00
2016/02/03,14.75,14.99,14.55,14.86,15837979,234100368.00
2016/02/04,14.93,15.20,14.89,15.05,14449973,217524992.00
2016/02/05,14.80,14.91,14.53,14.55,15052887,220772320.00
2016/02/15,13.98,14.34,13.98,14.24,10344187,146470160.00
2016/02/16,14.32,14.90,14.32,14.81,17319263,254990688.00
2016/02/17,14.75,15.14,14.69,14.94,17442564,260123824.00
2016/02/18,15.10,15.39,14.90,14.91,17366589,263058592.00
2016/02/19,14.90,15.07,14.83,14.94,12318640,184124784.00
2016/02/22,15.20,15.67,15.06,15.45,24858271,382672128.00
2016/02/23,15.49,15.49,15.10,15.28,15426256,234970736.00
2016/02/24,15.28,15.47,14.98,15.35,14663673,223456432.00
2016/02/25,15.30,15.33,13.96,14.10,22408827,327693184.00
2016/02/26,14.31,14.39,13.96,14.20,13664017,194302464.00
2016/02/29,14.10,14.17,13.28,13.50,19461177,263554784.00
2016/03/01,13.65,14.35,13.45,14.01,19625240,271108416.00
2016/03/02,13.91,14.88,13.91,14.81,25482600,367523264.00
2016/03/03,14.75,15.10,14.60,14.64,23418364,347000736.00
2016/03/04,14.56,14.95,14.41,14.67,34796072,510313248.00
2016/03/07,14.95,15.29,14.71,14.87,20099795,301272864.00
2016/03/08,14.85,14.86,14.25,14.76,15256914,221586960.00
2016/03/09,14.48,14.80,14.28,14.38,13879717,200889072.00
数据来源:通达信
