000078 海王生物 日线 前复权
      日期	    开盘	    最高	    最低	    收盘	    成交量	    成交额
2011/01/04,12.00,12.10,11.85,12.05,7716054,92345784.00
2011/01/05,12.00,12.15,11.90,12.01,7528087,90757912.00
2011/01/06,12.01,12.05,11.81,11.82,6072000,72075736.00
2011/01/07,11.82,12.12,11.82,11.92,7703015,92406536.00
2011/01/10,11.98,12.09,11.54,11.61,6034290,71436632.00
2011/01/11,11.56,11.60,11.16,11.28,6044681,68388072.00
2011/01/12,11.29,11.39,11.20,11.35,4077333,46012080.00
2011/01/13,11.35,11.42,11.27,11.28,3641197,41208124.00
2011/01/14,11.33,12.38,11.30,11.99,26514046,316695392.00
2011/01/17,11.65,11.78,11.22,11.29,11413011,131409920.00
2011/01/18,11.09,11.17,10.81,10.92,7350412,80378144.00
2011/01/19,10.94,11.15,10.85,11.13,5846692,64253960.00
2011/01/20,11.14,11.14,10.60,10.61,6333370,68628592.00
2011/01/21,10.58,10.69,10.38,10.62,4886115,51663452.00
2011/01/24,10.72,10.79,10.40,10.46,4336167,45863792.00
2011/01/25,10.46,10.79,10.40,10.56,5399351,57548344.00
2011/01/26,10.50,10.64,10.42,10.64,4426792,46656008.00
2011/01/27,10.48,10.80,10.48,10.79,5467810,58595900.00
2011/01/28,10.78,10.99,10.71,10.88,5199198,56529400.00
2011/01/31,10.86,10.95,10.75,10.93,5251030,57093320.00
2011/02/01,10.94,11.07,10.90,11.02,4599845,50559452.00
2011/02/09,11.01,11.43,11.01,11.13,7820875,87689488.00
2011/02/10,11.19,12.10,11.19,11.80,20531444,240978992.00
2011/02/11,11.87,11.98,11.62,11.86,16031514,189288880.00
2011/02/14,12.00,12.24,11.80,11.93,15311623,183521328.00
2011/02/15,11.91,12.47,11.76,12.34,30046265,366052352.00
2011/02/18,12.30,12.69,11.91,12.38,30628959,377374720.00
2011/02/21,12.10,12.34,12.05,12.29,14266288,173896864.00
2011/02/22,12.28,12.35,11.78,11.82,15714849,189279248.00
2011/02/23,11.76,12.20,11.72,12.03,11168025,134361120.00
2011/02/24,12.00,12.30,11.76,12.17,15984885,193939504.00
2011/02/25,12.10,12.10,11.91,11.97,8518813,102031464.00
2011/02/28,11.92,12.10,11.85,12.02,7908110,94719576.00
2011/03/01,12.03,12.35,12.00,12.19,14152084,172616576.00
2011/03/02,12.26,12.52,12.13,12.36,19507479,240819248.00
2011/03/03,12.30,12.35,11.96,11.98,12324835,149238112.00
2011/03/04,11.99,12.07,11.85,12.05,6210072,74300400.00
2011/03/07,12.04,12.18,12.01,12.14,10941124,132503800.00
2011/03/09,12.19,12.30,12.04,12.08,9251878,112288832.00
2011/03/10,12.09,12.09,11.90,11.93,8358121,100048896.00
2011/03/11,11.89,12.03,11.88,11.91,6595901,78880856.00
2011/03/14,11.80,12.30,11.79,12.23,19524219,237740448.00
2011/03/15,12.27,12.40,11.72,12.31,24561187,299437984.00
2011/03/16,12.44,12.60,12.16,12.37,24123285,299225120.00
2011/03/17,12.30,12.79,12.13,12.45,31168729,390718624.00
2011/03/18,12.47,12.53,12.21,12.27,13319041,164030288.00
2011/03/21,12.22,12.25,11.90,11.94,11459397,137500560.00
2011/03/22,11.95,12.10,11.80,12.00,7597547,90691152.00
2011/03/23,12.00,12.05,11.89,12.01,7199309,86192264.00
2011/03/24,12.04,12.48,11.89,12.25,21027317,257739536.00
2011/03/25,12.22,12.22,12.00,12.09,13610514,164362896.00
2011/03/28,12.14,12.18,11.92,11.98,12680078,152924224.00
2011/03/29,11.94,12.50,11.82,12.25,23124080,281464512.00
2011/03/30,12.15,12.70,12.08,12.55,42253000,526864800.00
2011/03/31,12.50,12.50,11.95,12.01,20594025,251106752.00
2011/04/01,11.93,12.08,11.88,12.03,8529764,102200680.00
2011/04/06,12.03,12.42,11.91,12.15,11604709,141211456.00
2011/04/07,12.05,12.36,11.98,12.28,12916952,157581152.00
2011/04/08,12.28,12.44,12.19,12.36,16510978,204014480.00
2011/04/11,12.40,12.96,12.21,12.76,46335099,586780736.00
2011/04/12,12.85,13.10,12.68,12.85,38308542,492236672.00
2011/04/13,12.80,13.50,12.65,13.28,44008311,578723328.00
2011/04/14,13.20,13.33,12.88,12.98,29514374,386030656.00
2011/04/15,12.90,12.98,12.60,12.72,21568184,274724864.00
2011/04/19,12.76,13.05,12.56,12.78,24982350,320163616.00
2011/04/20,12.78,13.10,12.65,13.08,28191691,364709888.00
2011/04/21,13.00,13.05,12.68,12.72,21618933,278192992.00
2011/04/22,12.70,12.81,12.36,12.37,17398687,217884464.00
2011/04/25,12.36,12.44,12.00,12.03,12634065,153113920.00
2011/04/26,12.07,12.16,11.62,11.71,11736389,138954384.00
2011/04/27,11.78,11.90,11.21,11.41,11340211,131431144.00
2011/04/28,11.42,11.49,11.20,11.24,7356919,83310608.00
2011/04/29,11.25,11.45,11.24,11.40,5339941,60698380.00
2011/05/03,11.55,11.60,11.40,11.57,5402126,62247292.00
2011/05/04,11.55,11.57,11.06,11.10,8440437,95201896.00
2011/05/05,11.10,11.25,11.07,11.14,5669738,63296864.00
2011/05/06,11.13,11.36,11.02,11.27,5041783,56675232.00
2011/05/09,11.27,11.47,11.27,11.36,5175513,58940160.00
2011/05/10,11.37,11.43,11.26,11.42,4902213,55530284.00
2011/05/11,11.40,11.41,11.16,11.28,5304199,59970792.00
2011/05/12,11.20,11.20,11.00,11.00,7636654,84805920.00
2011/05/13,11.01,11.09,10.77,11.07,6601063,72265024.00
2011/05/16,11.10,11.23,11.00,11.05,4790959,53178264.00
2011/05/17,11.04,11.17,10.95,11.12,4737669,52573492.00
2011/05/18,11.12,11.28,11.03,11.22,5220354,58405592.00
2011/05/19,11.21,11.24,10.99,11.02,6175910,68662520.00
2011/05/20,11.02,11.13,10.96,11.08,3196906,35300736.00
2011/05/23,11.09,11.12,10.52,10.54,6891708,74304280.00
2011/05/24,10.54,10.54,10.21,10.42,4411590,45735396.00
2011/05/25,10.51,10.51,10.25,10.25,3607942,37295980.00
2011/05/26,10.31,10.42,10.13,10.15,3457598,35421820.00
2011/05/27,10.16,10.25,9.90,9.92,4411170,44228152.00
2011/05/30,9.93,10.02,9.83,9.88,3499622,34733396.00
2011/05/31,9.90,10.18,9.90,10.16,3479931,34963080.00
2011/06/01,10.17,10.75,10.11,10.49,9799152,102830064.00
2011/06/02,10.28,10.34,10.05,10.19,5572983,56792596.00
2011/06/03,10.22,10.45,10.22,10.37,4204269,43597628.00
2011/06/07,10.43,10.65,10.38,10.49,5740237,60521556.00
2011/06/08,10.50,10.50,10.20,10.37,5015027,51699896.00
2011/06/09,10.34,10.38,10.13,10.15,4375510,44800008.00
2011/06/10,10.13,10.30,9.95,10.22,4592505,46504656.00
2011/06/13,10.02,10.14,9.96,10.11,3239255,32586250.00
2011/06/14,10.12,10.28,10.03,10.26,3669162,37522128.00
2011/06/15,10.25,10.26,10.12,10.12,3586261,36511100.00
2011/06/16,10.07,10.07,9.87,9.90,3828674,38151384.00
2011/06/17,9.90,10.42,9.90,10.02,7390437,75384808.00
2011/06/20,9.88,9.88,9.30,9.35,7947719,74901688.00
2011/06/22,9.36,9.48,8.96,9.10,9781507,89478568.00
2011/06/23,9.05,9.25,8.92,9.24,6733238,61248224.00
2011/06/24,9.29,9.60,9.19,9.48,9737859,91479488.00
2011/06/27,9.45,9.63,9.40,9.61,8198333,78187416.00
2011/06/28,9.56,9.81,9.54,9.59,6482468,62565812.00
2011/06/29,9.56,9.65,9.43,9.46,4584435,43692016.00
2011/06/30,9.44,9.64,9.43,9.56,4835435,46126656.00
2011/07/01,9.57,9.79,9.55,9.61,8986691,87044512.00
2011/07/04,9.64,9.85,9.50,9.80,9820205,95585152.00
2011/07/05,9.80,10.00,9.73,10.00,10983468,108506352.00
2011/07/06,10.08,10.10,9.90,9.97,10448719,104139360.00
2011/07/07,9.96,10.03,9.85,9.93,8946301,89050568.00
2011/07/08,9.87,9.95,9.82,9.87,5207374,51415716.00
2011/07/11,9.87,10.05,9.79,10.04,6559400,65220816.00
2011/07/12,9.98,9.98,9.81,9.82,5328883,52547824.00
2011/07/13,9.81,10.07,9.80,10.07,7689935,76685648.00
2011/07/14,10.06,10.18,9.99,10.13,14460665,145891360.00
2011/07/15,10.15,10.37,10.10,10.33,18617847,190987360.00
2011/07/18,10.38,10.76,10.28,10.44,20936517,221425760.00
2011/07/19,10.44,10.69,10.28,10.29,14238567,149043648.00
2011/07/20,10.40,10.40,10.08,10.18,7792954,79346544.00
2011/07/21,10.15,10.22,9.99,10.00,5872210,59032568.00
2011/07/22,9.99,10.12,9.99,10.07,3836993,38607796.00
2011/07/25,10.02,10.02,9.42,9.46,8144863,78693816.00
2011/07/26,9.46,9.58,9.33,9.50,3745536,35337676.00
2011/07/27,9.46,10.00,9.35,9.75,6920261,67247320.00
2011/07/28,9.60,9.75,9.56,9.64,3969352,38355028.00
2011/07/29,9.65,9.71,9.38,9.44,4580374,43533568.00
2011/08/01,9.44,9.53,9.35,9.47,2898034,27393772.00
2011/08/02,9.48,9.49,9.20,9.32,3934795,36526268.00
2011/08/03,9.21,9.52,9.20,9.38,3260895,30570148.00
2011/08/04,9.40,9.52,9.40,9.43,2674509,25283742.00
2011/08/05,9.18,9.32,8.94,9.19,3856882,35399604.00
2011/08/08,9.07,9.08,8.30,8.49,7509231,65281852.00
2011/08/09,8.19,8.47,7.83,8.36,6906139,56200436.00
2011/08/10,8.52,8.59,8.40,8.40,5499809,46701816.00
2011/08/11,8.27,8.85,8.08,8.74,8503439,72637200.00
2011/08/12,8.75,8.84,8.65,8.77,5280947,46245280.00
2011/08/15,8.78,8.89,8.70,8.86,4640478,40888092.00
2011/08/16,8.86,9.08,8.77,8.94,6358814,56793676.00
2011/08/17,8.87,8.93,8.71,8.80,3802798,33531408.00
2011/08/18,8.79,8.79,8.61,8.63,4309578,37487940.00
2011/08/22,8.54,8.73,8.54,8.58,2856743,24668218.00
2011/08/23,8.57,8.77,8.57,8.73,2723241,23697350.00
2011/08/24,8.75,8.97,8.75,8.78,3694213,32702888.00
2011/08/25,8.73,8.97,8.73,8.96,7064201,62913496.00
2011/08/26,8.91,9.03,8.86,9.01,5840053,52408768.00
2011/08/29,8.95,9.33,8.91,9.17,12081817,110383856.00
2011/08/30,9.18,9.23,8.93,8.96,7832722,70994352.00
2011/08/31,8.91,8.99,8.78,8.86,3533093,31306884.00
2011/09/01,8.89,9.04,8.84,8.91,4483618,40034028.00
2011/09/02,8.87,9.05,8.80,8.80,4209065,37487620.00
2011/09/05,8.72,8.72,8.39,8.40,4154581,35163560.00
2011/09/06,8.29,8.42,8.21,8.25,2599622,21569316.00
2011/09/07,8.28,8.50,8.28,8.47,2544803,21329018.00
2011/09/08,8.49,8.89,8.42,8.62,7332242,63614172.00
2011/09/09,8.61,8.65,8.41,8.42,3333335,28411086.00
2011/09/13,8.38,8.38,8.18,8.24,2318886,19105428.00
2011/09/14,8.24,8.38,8.21,8.35,2030151,16846826.00
2011/09/15,8.35,8.55,8.35,8.43,3129918,26474054.00
2011/09/16,8.45,8.53,8.34,8.35,2256403,19020950.00
2011/09/19,8.29,8.34,8.16,8.22,1819028,15018737.00
2011/09/20,8.22,8.31,8.20,8.25,2039150,16823612.00
2011/09/21,8.22,8.57,8.20,8.52,4778218,40233172.00
2011/09/22,8.46,8.48,8.18,8.20,3888204,32313394.00
2011/09/23,8.03,8.19,7.95,8.13,3080053,24874580.00
2011/09/26,8.10,8.24,8.06,8.07,2651060,21570044.00
2011/09/27,8.15,8.21,8.10,8.13,2109805,17211534.00
2011/09/28,8.22,8.31,8.15,8.30,7773155,64077804.00
2011/09/29,8.38,8.60,8.20,8.21,14673262,123641024.00
2011/09/30,8.14,8.14,7.61,7.67,9042367,70184392.00
2011/10/10,7.74,7.79,7.60,7.63,2895183,22210004.00
2011/10/11,7.78,7.90,7.55,7.63,2827343,21755244.00
2011/10/12,7.61,7.88,7.44,7.85,4805737,37338024.00
2011/10/13,7.88,8.04,7.78,7.93,4594148,36404976.00
2011/10/14,7.93,7.95,7.77,7.84,3236314,25365894.00
2011/10/17,7.88,7.97,7.82,7.90,2358667,18632564.00
2011/10/18,7.99,7.99,7.76,7.77,3491491,27358862.00
2011/10/19,7.74,7.84,7.63,7.71,1967818,15195866.00
2011/10/20,7.69,7.71,7.45,7.47,2300462,17312898.00
2011/10/21,7.50,7.55,7.33,7.33,1727699,12818657.00
2011/10/24,7.32,7.52,7.18,7.46,2309138,17048966.00
2011/10/25,7.48,7.66,7.37,7.62,3943684,29778622.00
2011/10/26,7.59,7.80,7.53,7.77,6134042,47423868.00
2011/10/27,8.08,8.39,7.95,7.97,17625204,144031008.00
2011/10/28,7.97,8.16,7.90,8.06,9818657,78742024.00
2011/10/31,8.03,8.03,7.91,7.98,4948999,39403864.00
2011/11/01,7.98,8.15,7.90,8.10,7452571,60198272.00
2011/11/02,7.90,8.17,7.83,8.16,7191179,57641096.00
2011/11/03,8.18,8.39,8.16,8.17,12283857,101484256.00
2011/11/04,8.19,8.38,8.13,8.20,7257694,59558804.00
2011/11/07,8.16,8.28,8.09,8.11,5383014,43969356.00
2011/11/08,8.10,8.14,7.91,7.94,6295527,50332204.00
2011/11/09,7.93,8.18,7.82,8.11,8223545,66129352.00
2011/11/10,7.98,8.27,7.97,8.08,10435941,84895528.00
2011/11/11,8.08,8.15,7.99,8.05,6569888,53007584.00
2011/11/14,8.11,8.32,8.10,8.30,10730926,88499040.00
2011/11/15,8.30,8.46,8.27,8.39,10684845,89295000.00
2011/11/16,8.45,8.49,8.10,8.12,10264060,85039352.00
2011/11/17,8.15,8.28,8.12,8.17,5136173,42123800.00
2011/11/18,8.15,8.15,7.79,7.81,6638706,52508496.00
2011/11/21,7.81,7.88,7.69,7.84,3810883,29596936.00
2011/11/22,7.75,7.90,7.70,7.87,3472913,27116686.00
2011/11/23,7.85,8.18,7.83,8.17,9920080,79913416.00
2011/11/24,8.08,8.40,8.03,8.38,18371880,152179456.00
2011/11/25,8.30,8.36,8.16,8.31,10246863,84750480.00
2011/11/28,8.30,8.35,8.05,8.16,7038151,57557832.00
2011/11/29,8.31,8.65,8.21,8.44,18849829,159840000.00
2011/11/30,8.39,8.41,7.72,8.15,12112455,98885840.00
2011/12/01,8.39,8.78,8.17,8.59,27132372,231990992.00
2011/12/05,8.30,8.31,7.73,7.81,15075644,119611864.00
2011/12/06,7.74,7.75,7.41,7.61,9142961,68932992.00
2011/12/07,7.59,7.87,7.51,7.78,7241838,55691400.00
2011/12/08,7.66,7.75,7.47,7.58,6854366,52122100.00
2011/12/09,7.51,7.62,7.41,7.41,4996981,37390516.00
2011/12/12,7.40,7.50,7.31,7.31,3239105,23952080.00
2011/12/13,7.30,7.30,6.89,6.93,5239387,36911856.00
2011/12/14,6.93,7.04,6.73,6.74,3440273,23642340.00
2011/12/15,6.72,6.73,6.43,6.44,4450862,29124162.00
2011/12/16,6.41,6.67,6.40,6.65,3329537,21659622.00
2011/12/20,6.55,7.10,6.53,6.88,7271134,49955588.00
2011/12/21,6.98,7.04,6.77,6.81,6165204,42486556.00
2011/12/22,6.60,7.28,6.60,7.16,16930009,119973408.00
2011/12/23,7.00,7.16,6.90,7.09,8474522,59535732.00
2011/12/26,7.01,7.15,6.82,6.82,5576499,38999724.00
2011/12/27,6.81,6.85,6.47,6.52,5268824,34991540.00
2011/12/28,6.50,6.50,6.17,6.41,4737767,30013048.00
2011/12/29,6.36,6.43,6.31,6.32,3060158,19507066.00
2011/12/30,6.37,6.45,6.35,6.44,2385776,15318908.00
2012/01/04,6.60,6.66,6.31,6.32,3705956,24132636.00
2012/01/05,6.30,6.32,6.00,6.01,3723188,22915832.00
2012/01/06,6.01,6.11,5.90,6.10,2603991,15570912.00
2012/01/09,6.11,6.36,6.01,6.34,4419871,27657472.00
2012/01/10,6.38,6.66,6.30,6.61,6279935,41003048.00
2012/01/11,6.60,6.69,6.52,6.60,6189611,40879968.00
2012/01/12,6.58,6.71,6.54,6.66,5941041,39382440.00
2012/01/13,6.61,6.68,6.30,6.31,5918498,38084484.00
2012/01/16,6.22,6.25,6.05,6.05,2720518,16815046.00
2012/01/17,6.14,6.53,6.06,6.51,5893542,37456952.00
2012/01/18,6.52,6.56,6.18,6.27,5962199,38065860.00
2012/01/19,6.30,6.46,6.21,6.33,4305625,27293612.00
2012/01/20,6.34,6.47,6.34,6.45,3459977,22207864.00
2012/01/30,6.48,6.55,6.42,6.47,3688920,23958868.00
2012/01/31,6.50,6.51,6.29,6.40,2688587,17172422.00
2012/02/01,6.38,6.71,6.36,6.57,9449707,62105064.00
2012/02/02,6.53,6.65,6.44,6.63,6876477,45072948.00
2012/02/03,6.63,6.76,6.57,6.68,7340241,49034392.00
2012/02/06,6.75,6.79,6.64,6.73,6787161,45519084.00
2012/02/07,6.71,6.92,6.66,6.76,11803429,80138704.00
2012/02/08,6.76,6.85,6.58,6.83,10464213,70400456.00
2012/02/09,6.79,7.18,6.75,7.07,17292046,121044416.00
2012/02/10,7.00,7.09,6.92,6.99,11888488,83009232.00
2012/02/13,6.95,7.27,6.88,7.11,13649942,97028032.00
2012/02/14,7.12,7.13,7.01,7.04,6915283,48804092.00
2012/02/15,7.02,7.15,6.97,7.10,7047502,49811300.00
2012/02/16,7.10,7.19,6.95,7.06,8543107,60552704.00
2012/02/17,7.04,7.20,6.91,7.12,9435642,66680116.00
2012/02/20,7.18,7.18,7.02,7.05,7821686,55649124.00
2012/02/21,7.04,7.11,6.89,7.08,7487626,52452488.00
2012/02/22,7.08,7.27,7.02,7.21,12698935,91151808.00
2012/02/23,7.20,7.26,7.12,7.22,8572935,61660516.00
2012/02/24,7.21,7.39,7.17,7.35,13252715,96704008.00
2012/02/27,7.42,7.50,7.31,7.32,12223703,90462416.00
2012/02/28,7.29,7.38,7.13,7.26,10366434,75148448.00
2012/02/29,7.25,7.39,7.19,7.22,7151934,52076884.00
2012/03/01,7.18,7.29,7.13,7.22,4701990,34026192.00
2012/03/02,7.22,7.41,7.21,7.37,8217765,60221828.00
2012/03/05,7.50,7.54,7.35,7.39,8841214,65501020.00
2012/03/06,7.30,7.48,7.20,7.48,11927174,87825264.00
2012/03/07,7.58,7.82,7.44,7.44,26443900,201618928.00
2012/03/08,7.30,7.46,7.25,7.39,15325709,112565696.00
2012/03/09,7.39,7.49,7.34,7.48,9647227,71624152.00
2012/03/12,7.52,7.90,7.50,7.85,20881524,160095520.00
2012/03/13,7.81,7.81,7.67,7.76,14448833,111489360.00
2012/03/14,7.78,7.82,7.25,7.29,17178523,130377048.00
2012/03/15,7.25,7.35,6.95,7.12,10063832,71672608.00
2012/03/16,7.13,7.28,7.10,7.26,7024130,50631504.00
2012/03/19,7.23,7.38,7.19,7.37,7478733,54555132.00
2012/03/20,7.34,7.35,7.10,7.11,7389112,53104932.00
2012/03/21,7.15,7.23,7.09,7.18,4827578,34507764.00
2012/03/22,7.19,7.22,7.08,7.13,3357734,24018890.00
2012/03/23,7.10,7.16,6.98,7.02,4403951,31073474.00
2012/03/26,7.00,7.18,6.99,7.07,3446232,24363966.00
2012/03/27,7.08,7.14,7.04,7.04,2468992,17508340.00
2012/03/28,7.05,7.05,6.54,6.59,5104353,34661224.00
2012/03/29,6.59,6.64,6.25,6.38,4840569,31132958.00
2012/03/30,6.37,6.45,6.31,6.38,2796946,17881130.00
2012/04/05,6.39,6.61,6.39,6.58,3315527,21587558.00
2012/04/06,6.60,6.72,6.53,6.71,4034568,26675530.00
2012/04/09,6.66,6.74,6.55,6.62,2940474,19496336.00
2012/04/10,6.60,6.65,6.42,6.65,2749349,18005054.00
2012/04/11,6.59,6.67,6.53,6.66,2532066,16751454.00
2012/04/12,6.66,7.08,6.63,6.91,8107357,55640864.00
2012/04/13,6.88,6.94,6.84,6.91,5836429,40284696.00
2012/04/16,6.92,7.00,6.85,6.97,4324218,29972080.00
2012/04/17,6.97,7.10,6.91,6.92,6663631,46807924.00
2012/04/18,6.89,7.09,6.85,7.06,6797182,47409100.00
2012/04/19,7.10,7.39,7.03,7.29,17595225,127460920.00
2012/04/20,7.23,7.29,7.11,7.19,9217333,66204204.00
2012/04/23,7.20,7.25,7.00,7.01,7466609,52835808.00
2012/04/24,6.96,7.07,6.60,6.81,8041027,54625788.00
2012/04/25,6.80,7.00,6.71,6.95,5198499,35882128.00
2012/04/26,6.96,7.02,6.86,6.92,4308950,29854122.00
2012/04/27,6.92,6.95,6.80,6.83,3209677,22038178.00
2012/05/02,6.96,6.98,6.89,6.95,3678485,25522766.00
2012/05/03,6.95,7.15,6.95,7.13,7953916,56490880.00
2012/05/04,7.12,7.21,7.03,7.19,7737841,55216004.00
2012/05/07,7.14,7.19,7.10,7.18,5052136,36060436.00
2012/05/08,7.20,7.22,7.08,7.12,4339857,30920636.00
2012/05/09,7.07,7.07,6.91,6.91,5520529,38415776.00
2012/05/10,6.90,7.06,6.90,6.95,4179477,29234642.00
2012/05/11,6.98,7.18,6.90,7.12,8336258,58967240.00
2012/05/14,7.14,7.40,7.09,7.23,16898722,122950984.00
2012/05/15,7.17,7.21,6.95,7.11,8367530,59148664.00
2012/05/16,7.05,7.23,7.05,7.07,6797522,48507588.00
2012/05/17,7.05,7.25,7.00,7.25,11507832,82723160.00
2012/05/21,7.11,7.14,6.88,7.00,7723233,54159272.00
2012/05/22,7.05,7.20,7.05,7.12,5094046,36317700.00
2012/05/23,7.15,7.45,7.15,7.38,21490136,157024560.00
2012/05/24,7.36,7.38,7.25,7.29,12212642,89330424.00
2012/05/25,7.27,7.33,7.00,7.05,10499537,74907472.00
2012/05/28,6.98,6.98,6.63,6.94,9526359,64986804.00
2012/05/29,6.91,7.05,6.88,7.00,6911898,48252976.00
2012/05/30,7.00,7.47,7.00,7.22,15539663,113342368.00
2012/05/31,7.11,7.47,7.10,7.30,16399541,120380768.00
2012/06/01,7.25,7.34,7.15,7.27,8144038,58856796.00
2012/06/04,7.11,7.45,7.05,7.31,18889409,138069360.00
2012/06/05,7.35,7.95,7.26,7.59,35605602,271014688.00
2012/06/06,7.50,7.66,7.22,7.37,21338944,158555280.00
2012/06/07,7.44,7.47,7.16,7.25,13961593,102057520.00
2012/06/08,7.31,7.32,7.03,7.05,10690109,76354888.00
2012/06/11,7.05,7.17,6.90,7.17,9471052,66692008.00
2012/06/12,7.12,7.19,7.05,7.06,6284222,44724260.00
2012/06/13,7.06,7.22,7.06,7.22,6821590,48837632.00
2012/06/14,7.26,7.39,7.18,7.19,9539951,69491008.00
2012/06/15,7.19,7.37,7.19,7.35,9459352,69078120.00
2012/06/18,7.39,7.44,7.31,7.37,9035699,66688668.00
2012/06/19,7.35,7.64,7.33,7.49,19013820,142843680.00
2012/06/20,7.49,7.51,7.24,7.25,10317724,75695072.00
2012/06/21,7.23,7.23,7.06,7.13,6783303,48263072.00
2012/06/25,7.09,7.20,7.00,7.03,5918269,42032184.00
2012/06/26,7.00,7.10,6.93,7.09,4799897,33750648.00
2012/06/27,7.10,7.14,6.98,6.98,4291000,30302768.00
2012/06/28,7.04,7.05,6.68,6.70,7836298,53616340.00
2012/06/29,6.71,6.88,6.71,6.87,4517839,30812136.00
2012/07/02,6.94,7.04,6.89,6.95,4021032,28002070.00
2012/07/03,6.98,7.03,6.91,6.94,4392253,30552358.00
2012/07/04,6.99,7.02,6.83,6.91,4030208,27928828.00
2012/07/05,6.92,6.92,6.72,6.75,3631293,24617152.00
2012/07/06,6.79,6.91,6.59,6.87,4923690,33234406.00
2012/07/09,6.79,6.99,6.78,6.80,4935093,34035480.00
2012/07/10,6.63,6.74,6.62,6.65,2991569,19963114.00
2012/07/11,6.62,6.71,6.61,6.69,2499836,16680352.00
2012/07/12,6.70,6.83,6.64,6.80,4275711,28942502.00
2012/07/13,6.80,6.85,6.72,6.75,2825216,19091534.00
2012/07/16,6.81,6.81,6.40,6.41,4812125,31630632.00
2012/07/17,6.36,6.49,6.36,6.46,2126844,13683502.00
2012/07/18,6.45,6.46,6.18,6.37,5170524,32500910.00
2012/07/19,6.38,6.46,6.31,6.43,3878630,24867700.00
2012/07/20,6.40,6.52,6.37,6.45,2715969,17500548.00
2012/07/23,6.40,6.40,6.28,6.36,2051281,13009961.00
2012/07/24,6.37,6.47,6.31,6.45,2575651,16494052.00
2012/07/25,6.39,6.50,6.38,6.41,2718141,17528814.00
2012/07/26,6.38,6.43,6.30,6.30,2323550,14800333.00
2012/07/27,6.32,6.36,6.20,6.22,2344784,14691672.00
2012/07/30,6.24,6.25,6.01,6.04,2795476,17089370.00
2012/07/31,6.04,6.06,5.83,5.92,2220993,13145107.00
2012/08/01,5.92,6.05,5.91,6.03,1634997,9840322.00
2012/08/02,6.04,6.13,5.97,6.01,1983582,11998062.00
2012/08/03,6.00,6.10,6.00,6.10,1766833,10701972.00
2012/08/06,6.11,6.22,6.08,6.21,2539210,15631430.00
2012/08/07,6.22,6.27,6.19,6.27,3737888,23287460.00
2012/08/08,6.28,6.29,6.18,6.23,2279411,14162972.00
2012/08/09,6.22,6.75,6.18,6.53,9263671,60053044.00
2012/08/10,6.45,6.49,6.38,6.39,4846058,31137202.00
2012/08/13,6.39,6.42,6.27,6.27,2808668,17798204.00
2012/08/14,6.36,6.42,6.23,6.39,3551079,22523904.00
2012/08/15,6.36,6.43,6.27,6.38,2756067,17518514.00
2012/08/16,6.38,6.39,6.28,6.30,2213010,13998042.00
2012/08/17,6.32,6.33,6.13,6.19,1942770,12088666.00
2012/08/20,6.18,6.23,6.07,6.19,2303516,14111239.00
2012/08/21,6.20,6.35,6.15,6.30,2935556,18453600.00
2012/08/22,6.28,6.37,6.20,6.27,2874144,18120630.00
2012/08/23,6.23,6.53,6.23,6.42,5014777,32067948.00
2012/08/24,6.40,6.48,6.30,6.33,2431830,15460332.00
2012/08/27,6.31,6.32,6.10,6.13,2548552,15734575.00
2012/08/28,6.13,6.27,6.08,6.17,3887831,23937714.00
2012/08/29,6.15,6.23,6.11,6.12,1983660,12203731.00
2012/08/30,6.12,6.15,5.93,5.98,2385136,14393431.00
2012/08/31,5.92,6.04,5.92,6.02,1081139,6485934.50
2012/09/03,6.02,6.13,5.98,6.09,1559621,9489027.00
2012/09/04,6.10,6.15,6.03,6.04,1644042,10024345.00
2012/09/05,6.04,6.11,6.00,6.09,1712948,10383589.00
2012/09/06,6.08,6.17,6.07,6.15,2043455,12508819.00
2012/09/07,6.18,6.39,6.18,6.32,4816972,30369028.00
2012/09/10,6.34,6.36,6.27,6.32,3572556,22550756.00
2012/09/11,6.32,6.46,6.25,6.38,6355481,40489908.00
2012/09/12,6.37,6.42,6.30,6.38,3848074,24420750.00
2012/09/13,6.37,6.37,6.24,6.25,3873357,24421570.00
2012/09/14,6.30,6.33,6.24,6.30,3428415,21528732.00
2012/09/17,6.32,6.32,6.07,6.08,3306726,20391392.00
2012/09/18,6.07,6.13,6.05,6.09,1858435,11323462.00
2012/09/19,6.12,6.17,6.07,6.15,1689855,10339282.00
2012/09/20,6.12,6.13,5.95,5.96,2972551,17876094.00
2012/09/21,5.96,5.99,5.88,5.91,2121527,12589690.00
2012/09/24,5.88,5.96,5.85,5.94,1565902,9253794.00
2012/09/25,5.95,6.15,5.93,6.15,3854228,23340130.00
2012/09/26,6.20,6.37,6.10,6.14,9550672,59701308.00
2012/09/27,6.11,6.29,6.09,6.22,7995844,49653168.00
2012/09/28,6.21,6.27,6.13,6.25,5787910,35923468.00
2012/10/08,6.24,6.30,6.11,6.19,3931088,24411690.00
2012/10/09,6.18,6.32,6.18,6.32,5709660,35907132.00
2012/10/10,6.32,6.35,6.26,6.33,4626184,29134884.00
2012/10/11,6.39,6.56,6.30,6.30,10436865,67210728.00
2012/10/12,6.20,6.32,6.14,6.25,6092869,38000144.00
2012/10/15,6.24,6.31,6.14,6.19,3520679,21826660.00
2012/10/16,6.19,6.26,6.14,6.20,2858289,17756550.00
2012/10/17,6.24,6.26,6.15,6.22,2718862,16857078.00
2012/10/18,6.21,6.31,6.15,6.28,4152720,26025164.00
2012/10/19,6.35,6.37,6.27,6.29,3392699,21405840.00
2012/10/22,6.24,6.31,6.20,6.29,2740428,17159434.00
2012/10/23,6.29,6.40,6.27,6.35,6517581,41299744.00
2012/10/24,6.28,6.36,6.26,6.33,4456099,28156680.00
2012/10/25,6.31,6.48,6.28,6.37,7126082,45456576.00
2012/10/26,6.34,6.35,6.10,6.13,4489147,27852378.00
2012/10/29,6.10,6.18,6.05,6.07,2301797,13992514.00
2012/10/30,6.07,6.15,6.05,6.09,2100524,12797624.00
2012/10/31,6.09,6.14,6.09,6.11,1722326,10519361.00
2012/11/01,6.11,6.22,6.10,6.19,3048372,18834022.00
2012/11/02,6.20,6.22,6.13,6.20,2538078,15695316.00
2012/11/05,6.20,6.33,6.18,6.29,4449963,27887454.00
2012/11/06,6.28,6.30,6.09,6.24,4077102,25182534.00
2012/11/07,6.21,6.23,6.15,6.18,2144423,13263652.00
2012/11/08,6.13,6.15,6.05,6.05,2722133,16569321.00
2012/11/09,6.05,6.17,6.03,6.06,2266051,13812088.00
2012/11/12,6.01,6.11,6.01,6.06,1694193,10267688.00
2012/11/13,6.06,6.09,5.97,6.00,1672289,10055281.00
2012/11/14,6.00,6.07,6.00,6.04,1396200,8420886.00
2012/11/15,6.03,6.04,5.95,5.96,1247212,7469970.00
2012/11/16,5.96,5.96,5.87,5.90,1878764,11074999.00
2012/11/19,5.96,5.96,5.86,5.91,1108189,6526409.00
2012/11/20,5.92,5.99,5.91,5.92,1129805,6704085.50
2012/11/21,5.93,5.99,5.89,5.98,1487201,8846409.00
2012/11/22,5.94,6.07,5.92,5.93,1712757,10251788.00
2012/11/23,5.86,5.96,5.86,5.94,1316440,7806480.00
2012/11/26,5.94,5.95,5.86,5.87,1174541,6924026.50
2012/11/27,5.87,5.91,5.65,5.65,2542112,14591663.00
2012/11/28,5.65,5.65,5.41,5.42,1820444,9958727.00
2012/11/29,5.42,5.52,5.30,5.40,1431156,7760146.50
2012/11/30,5.39,5.46,5.32,5.42,1439305,7791303.50
2012/12/03,5.42,5.44,5.16,5.16,1703180,9029146.00
2012/12/04,5.16,5.16,4.95,5.14,2889834,14584983.00
2012/12/05,5.13,5.41,5.09,5.36,4479156,23676356.00
2012/12/06,5.31,5.37,5.20,5.29,2491564,13200514.00
2012/12/07,5.34,5.46,5.29,5.45,3491925,18866210.00
2012/12/10,5.45,5.55,5.43,5.52,3048186,16785156.00
2012/12/11,5.50,5.59,5.42,5.50,3254492,17927218.00
2012/12/12,5.50,5.60,5.47,5.55,3438831,19097224.00
2012/12/13,5.56,5.63,5.41,5.47,3596734,19821474.00
2012/12/14,5.36,5.65,5.36,5.63,5502716,30696886.00
2012/12/17,5.65,5.68,5.60,5.65,4421398,24950178.00
2012/12/18,5.70,5.88,5.69,5.71,9100150,52681728.00
2012/12/19,5.73,5.94,5.72,5.77,6606742,38481500.00
2012/12/20,5.71,5.71,5.57,5.64,5391878,30360036.00
2012/12/21,5.64,5.70,5.61,5.63,3205859,18114048.00
2012/12/24,5.59,5.68,5.59,5.64,2471888,13938665.00
2012/12/25,5.69,5.80,5.66,5.77,5451644,31387776.00
2012/12/26,5.77,5.82,5.73,5.81,5064906,29234834.00
2012/12/27,5.82,5.84,5.73,5.73,3681354,21270432.00
2012/12/28,5.76,5.80,5.74,5.78,2933407,16943720.00
2012/12/31,5.79,5.87,5.79,5.82,3630720,21173004.00
2013/01/04,5.85,5.89,5.72,5.78,3180243,18405682.00
2013/01/07,6.36,6.36,6.36,6.36,7835282,49832392.00
2013/01/08,7.00,7.00,7.00,7.00,6798350,47588448.00
2013/01/09,7.58,7.58,7.08,7.18,75015289,549060992.00
2013/01/14,7.66,7.90,7.40,7.90,22011635,171624336.00
2013/01/15,8.59,8.69,8.38,8.69,56672175,488683328.00
2013/01/16,9.06,9.18,8.50,8.92,87742822,780480064.00
2013/01/17,8.92,8.97,8.03,8.03,54337697,450868192.00
2013/01/18,7.93,8.17,7.93,8.06,30254345,243293280.00
2013/01/21,8.01,8.01,7.76,7.88,26125718,205738944.00
2013/01/22,7.83,7.86,7.56,7.67,28298951,217511248.00
2013/01/23,7.60,7.84,7.58,7.81,22134145,171923392.00
2013/01/24,7.75,7.96,7.51,7.81,30237208,235806464.00
2013/01/25,7.69,7.94,7.62,7.71,19716672,153873696.00
2013/01/28,7.62,7.94,7.62,7.85,23806990,186104896.00
2013/01/29,7.91,7.93,7.76,7.83,18388858,144098064.00
2013/01/30,7.82,8.43,7.62,8.30,48346418,389893568.00
2013/01/31,8.10,8.24,7.95,7.97,23634690,190656048.00
2013/02/01,7.90,7.98,7.77,7.83,14093142,110642680.00
2013/02/04,7.82,7.86,7.60,7.62,13942517,107331736.00
2013/02/05,7.63,7.82,7.62,7.75,9797626,76019976.00
2013/02/06,7.75,7.83,7.68,7.73,9525375,73985920.00
2013/02/07,7.75,7.88,7.70,7.75,9187998,71617256.00
2013/02/08,7.75,7.85,7.72,7.80,7465219,58302772.00
2013/02/18,7.93,8.26,7.93,8.02,16190196,130429976.00
2013/02/19,8.00,8.47,7.91,8.28,38235750,316805184.00
2013/02/20,8.15,8.42,8.04,8.30,24197194,199427440.00
2013/02/21,8.39,8.58,8.08,8.14,29841277,249243024.00
2013/02/22,8.01,8.14,7.90,7.93,15071821,120362816.00
2013/02/25,7.90,8.03,7.85,7.95,9616447,76220880.00
2013/02/26,7.95,8.10,7.85,7.93,13007850,104027816.00
2013/02/27,7.92,7.98,7.71,7.76,12141944,94714824.00
2013/02/28,7.76,7.89,7.75,7.88,9877929,77435784.00
2013/03/01,7.90,8.10,7.89,8.10,16471695,132177776.00
2013/03/04,8.12,8.12,7.80,7.85,13899468,110471216.00
2013/03/05,7.87,8.07,7.86,8.06,11873642,95150320.00
2013/03/06,8.06,8.29,8.05,8.23,19054380,156456272.00
2013/03/07,8.27,8.27,7.99,8.08,14400166,116560960.00
2013/03/08,8.07,8.10,7.91,7.92,8085310,64670256.00
2013/03/11,7.92,7.97,7.80,7.92,5752885,45390988.00
2013/03/12,7.91,7.99,7.36,7.61,11670688,89628088.00
2013/03/13,7.59,7.59,7.26,7.31,8371069,61750852.00
2013/03/14,7.30,7.51,7.28,7.38,5245990,38897264.00
2013/03/15,7.39,7.49,7.30,7.40,5671616,41986012.00
2013/03/18,7.40,7.57,7.38,7.44,5964832,44473436.00
2013/03/19,7.40,7.48,7.04,7.22,6403035,46332592.00
2013/03/20,7.20,7.44,7.20,7.43,5591855,41094268.00
2013/03/21,7.44,7.56,7.35,7.48,7301784,54536064.00
2013/03/22,7.46,7.84,7.41,7.76,13245537,101090720.00
2013/03/25,7.70,7.79,7.56,7.61,8611501,65645308.00
2013/03/26,7.59,7.65,7.42,7.46,5332354,39946116.00
2013/03/27,7.49,7.64,7.47,7.59,6835665,51713820.00
2013/03/28,7.58,7.58,7.24,7.25,6428741,47160756.00
2013/03/29,7.26,7.36,7.23,7.26,3551366,25922672.00
2013/04/01,7.99,7.99,7.99,7.99,7396464,59097748.00
2013/04/02,8.79,8.79,8.21,8.62,77469146,661066240.00
2013/04/03,8.90,9.48,8.84,9.48,93488714,873259392.00
2013/04/08,9.50,9.85,8.53,9.00,109225451,1012090560.00
2013/04/09,8.70,8.70,8.23,8.34,54157713,454624768.00
2013/04/10,8.28,8.47,8.18,8.38,31355461,261468288.00
2013/04/11,8.34,8.78,8.10,8.60,49164198,412727968.00
2013/04/12,8.39,8.45,8.10,8.13,24408423,201646464.00
2013/04/15,8.33,8.66,8.18,8.20,28742474,241204432.00
2013/04/16,7.95,7.98,7.63,7.90,22045790,172218672.00
2013/04/17,7.94,8.11,7.85,8.08,16901767,135447104.00
2013/04/18,8.00,8.05,7.86,7.96,13783665,109456584.00
2013/04/19,7.92,8.09,7.88,8.05,17064624,136798640.00
2013/04/22,8.01,8.34,8.00,8.17,21668420,177865664.00
2013/04/23,8.11,8.26,7.81,7.82,16859182,134075344.00
2013/04/24,7.89,7.89,7.60,7.82,14091160,109305328.00
2013/04/25,7.80,7.80,7.52,7.54,12244199,93698584.00
2013/04/26,7.50,7.66,7.38,7.41,9048025,67812704.00
2013/05/02,7.41,7.50,7.33,7.39,5578732,41289332.00
2013/05/03,7.42,7.68,7.42,7.65,9090791,68932480.00
2013/05/06,7.66,7.73,7.55,7.67,8548125,65392824.00
2013/05/07,7.64,7.72,7.59,7.63,8121766,62097004.00
2013/05/08,7.63,7.79,7.63,7.76,11458681,88425200.00
2013/05/09,7.72,7.74,7.48,7.54,12460556,94511056.00
2013/05/10,7.52,7.99,7.50,7.89,19711625,153593648.00
2013/05/13,7.86,7.98,7.71,7.84,15731343,123425568.00
2013/05/14,7.82,7.93,7.76,7.82,11055282,86839408.00
2013/05/15,7.84,7.92,7.74,7.87,8912397,69789264.00
2013/05/16,7.91,7.93,7.77,7.93,12718375,100150536.00
2013/05/17,8.04,8.10,7.93,7.99,17005464,136005232.00
2013/05/20,7.98,7.98,7.70,7.91,18396968,144439568.00
2013/05/21,7.87,8.13,7.82,8.12,25516417,204675712.00
2013/05/22,8.18,8.31,8.05,8.07,21901151,178523872.00
2013/05/23,8.06,8.15,7.89,7.90,12548887,100675832.00
2013/05/24,7.90,7.94,7.80,7.89,8877198,69760152.00
2013/05/27,7.80,7.94,7.62,7.92,13204558,102884408.00
2013/05/28,7.88,7.94,7.77,7.89,9526970,74808752.00
2013/05/29,7.91,8.10,7.91,8.05,17140462,137836576.00
2013/05/30,8.02,8.14,7.96,8.10,15733594,127067696.00
2013/05/31,8.19,8.19,8.01,8.01,12452850,100634888.00
2013/06/03,8.01,8.07,7.89,8.00,10004268,79877896.00
2013/06/04,7.99,7.99,7.67,7.71,10714706,83616480.00
2013/06/05,7.68,7.79,7.68,7.76,4219124,32622928.00
2013/06/06,7.75,7.75,7.51,7.54,7105747,54025692.00
2013/06/07,7.51,7.62,7.30,7.32,6223001,46305120.00
2013/06/13,7.32,7.32,6.98,7.10,5198939,36865276.00
2013/06/14,7.12,7.24,7.12,7.16,3920789,28206956.00
2013/06/17,7.16,7.30,7.16,7.24,3747835,27188848.00
2013/06/18,7.25,7.35,7.22,7.27,2703567,19637702.00
2013/06/19,7.29,7.32,7.00,7.17,3921010,27897004.00
2013/06/20,7.17,7.19,6.93,6.94,4080410,28816396.00
2013/06/21,6.90,6.90,6.62,6.78,4108513,27721308.00
2013/06/24,6.78,6.78,6.10,6.16,6308832,40080080.00
2013/06/25,6.14,6.25,5.54,6.14,8409182,49935852.00
2013/06/26,6.15,6.37,6.05,6.36,7892407,49339140.00
2013/06/27,6.36,6.49,6.20,6.20,8424228,53703088.00
2013/06/28,6.20,6.30,6.01,6.20,4509291,27922760.00
2013/07/01,6.20,6.24,5.97,6.19,6157763,37627064.00
2013/07/02,6.20,6.34,6.15,6.33,5749746,36030228.00
2013/07/03,6.34,6.58,6.26,6.47,11486600,74000880.00
2013/07/04,6.38,6.52,6.31,6.43,7212209,46337452.00
2013/07/05,6.43,6.49,6.36,6.39,4991782,32106792.00
2013/07/08,6.30,6.30,6.04,6.15,4432767,27376538.00
2013/07/09,6.14,6.24,6.06,6.13,2830862,17341874.00
2013/07/10,6.13,6.34,6.12,6.34,4949770,30884848.00
2013/07/11,6.37,6.85,6.35,6.63,14879996,98853256.00
2013/07/12,6.63,6.64,6.44,6.46,8419636,55043840.00
2013/07/15,6.48,6.67,6.46,6.60,6900119,45457316.00
2013/07/16,6.60,6.80,6.60,6.69,7821250,52341952.00
2013/07/17,6.66,6.77,6.62,6.63,7945184,53302324.00
2013/07/18,6.60,6.71,6.53,6.58,6214732,41158992.00
2013/07/19,6.60,6.66,6.37,6.40,4779952,31245798.00
2013/07/22,6.80,7.04,6.50,7.04,28474550,197465760.00
2013/07/23,7.00,7.06,6.80,6.96,20413095,141369200.00
2013/07/24,6.90,7.38,6.82,7.12,24637578,176074080.00
2013/07/25,7.06,7.12,6.85,6.88,12661794,88031728.00
2013/07/26,6.84,6.95,6.71,6.77,6431894,43866860.00
2013/07/29,6.70,6.77,6.61,6.67,5918736,39478740.00
2013/07/30,6.71,6.83,6.63,6.77,6127168,41338240.00
2013/07/31,6.79,6.87,6.66,6.74,5048090,34024492.00
2013/08/01,6.71,6.84,6.69,6.83,7200362,48708288.00
2013/08/02,6.78,6.88,6.78,6.82,6439680,44019396.00
2013/08/05,6.81,7.05,6.75,7.03,10667358,74000416.00
2013/08/06,7.02,7.08,6.90,7.00,9324385,65170612.00
2013/08/07,6.95,7.05,6.91,6.93,6997338,48716636.00
2013/08/08,6.99,7.24,6.96,7.09,15366162,109335368.00
2013/08/09,7.04,7.09,6.90,7.01,8805532,61701016.00
2013/08/12,7.15,7.25,7.08,7.14,11302062,80728120.00
2013/08/13,7.19,7.20,7.08,7.14,6897828,49116160.00
2013/08/14,7.12,7.14,7.02,7.05,7238276,51226712.00
2013/08/15,7.05,7.07,6.89,6.90,6943377,48367300.00
2013/08/16,6.83,6.98,6.75,6.77,8070067,55255248.00
2013/08/19,6.70,6.84,6.64,6.80,4637622,31347484.00
2013/08/20,6.81,6.83,6.68,6.71,5915994,39872892.00
2013/08/21,6.66,6.77,6.66,6.77,3771768,25359862.00
2013/08/22,6.76,6.77,6.69,6.71,4037356,27151762.00
2013/08/23,6.70,6.74,6.54,6.63,4910594,32665156.00
2013/08/26,6.64,6.77,6.62,6.76,4248647,28558194.00
2013/08/27,6.79,6.92,6.76,6.90,7926163,54355276.00
2013/08/28,6.91,6.91,6.75,6.80,5984004,40684908.00
2013/08/29,6.79,6.84,6.68,6.73,5273717,35664728.00
2013/08/30,6.72,6.82,6.66,6.71,5700730,38427492.00
2013/09/02,6.71,6.76,6.61,6.75,4513544,30157256.00
2013/09/03,6.75,6.82,6.69,6.82,5585442,37933244.00
2013/09/04,6.82,6.85,6.75,6.80,4332964,29399506.00
2013/09/05,6.80,6.97,6.76,6.97,13532658,93632168.00
2013/09/06,7.00,7.01,6.86,6.92,8381782,57972692.00
2013/09/09,6.90,6.96,6.86,6.93,8286801,57289636.00
2013/09/10,6.92,7.01,6.87,6.99,10425723,72276240.00
2013/09/11,7.00,7.03,6.90,6.97,10792409,75231200.00
2013/09/12,6.97,7.29,6.91,7.10,19355958,138084336.00
2013/09/13,7.07,7.07,6.93,6.96,8909866,62228828.00
2013/09/16,6.97,7.03,6.90,6.90,6195823,43079296.00
2013/09/17,6.90,7.02,6.80,6.80,5684667,39269668.00
2013/09/18,6.80,6.90,6.78,6.88,3475411,23845696.00
2013/09/23,6.90,7.03,6.90,7.03,7256517,50674288.00
2013/09/24,7.04,7.15,6.93,7.09,8911581,62672608.00
2013/09/25,7.07,7.80,7.00,7.80,43269941,330821760.00
2013/09/26,7.73,8.00,7.60,7.70,49257332,385905536.00
2013/09/27,7.77,7.89,7.57,7.62,21921161,170058944.00
2013/09/30,7.58,7.80,7.34,7.69,19493541,146626896.00
2013/10/08,7.60,7.67,7.48,7.56,12855115,97245504.00
2013/10/09,7.57,7.96,7.54,7.84,26934056,210250512.00
2013/10/10,7.75,7.83,7.56,7.67,16899276,129530896.00
2013/10/11,7.69,7.85,7.58,7.78,14908847,115406152.00
2013/10/14,7.79,7.99,7.75,7.86,20021868,158000944.00
2013/10/15,7.97,8.58,7.85,8.42,46167382,381996448.00
2013/10/16,8.32,8.33,7.95,8.02,27310010,220772208.00
2013/10/17,8.07,8.15,7.81,7.86,18861136,150025152.00
2013/10/18,7.89,7.98,7.71,7.89,9834892,77358528.00
2013/10/21,7.89,8.10,7.85,8.05,14616522,116708752.00
2013/10/22,8.03,8.04,7.71,7.77,15713671,123678216.00
2013/10/23,7.77,7.89,7.51,7.53,12165268,93292760.00
2013/10/24,7.65,7.84,7.61,7.63,9450499,72883904.00
2013/10/25,7.60,7.66,7.35,7.40,9263781,69293640.00
2013/10/28,7.48,7.59,7.40,7.51,5848594,43877348.00
2013/10/29,7.49,7.50,6.81,7.14,10634850,75875504.00
2013/10/30,7.15,7.22,7.08,7.22,6058800,43369144.00
2013/10/31,7.16,7.46,7.08,7.40,8389131,60643340.00
2013/11/01,7.30,7.41,7.25,7.30,5174118,37940904.00
2013/11/04,7.35,7.39,7.23,7.30,3595122,26249008.00
2013/11/05,7.30,7.30,7.05,7.29,6088028,43795352.00
2013/11/06,7.38,7.75,7.38,7.41,14825672,111574944.00
2013/11/07,7.42,7.45,7.18,7.21,7065924,51317304.00
2013/11/08,7.18,7.20,6.99,7.11,5839621,41391820.00
2013/11/11,7.12,7.20,7.08,7.19,4146505,29594998.00
2013/11/12,7.15,7.21,7.11,7.21,4488493,32191692.00
2013/11/13,7.11,7.16,6.99,7.00,5416988,38232948.00
2013/11/14,6.92,7.08,6.86,7.05,4716166,32868574.00
2013/11/15,7.01,7.22,7.01,7.16,6765091,48314684.00
2013/11/18,7.21,7.41,7.16,7.38,10024622,73327008.00
2013/11/19,7.40,7.63,7.29,7.52,15806138,117989728.00
2013/11/20,7.44,7.50,7.38,7.47,7245925,53860580.00
2013/11/21,7.41,7.44,7.28,7.34,7838822,57538352.00
2013/11/22,7.33,7.38,7.30,7.37,5079127,37331172.00
2013/11/25,7.30,7.47,7.26,7.35,5462210,40431000.00
2013/11/26,7.34,7.51,7.27,7.49,9599652,71402912.00
2013/11/27,7.44,7.55,7.42,7.54,8103567,60737248.00
2013/11/28,7.53,7.62,7.50,7.54,10611601,80220616.00
2013/11/29,7.60,7.64,7.51,7.58,7446683,56302016.00
2013/12/02,7.53,7.53,7.07,7.17,10970720,80172496.00
2013/12/03,7.20,7.39,7.20,7.36,5204027,38080600.00
2013/12/04,7.39,7.55,7.37,7.52,9772497,73223104.00
2013/12/05,7.53,7.69,7.43,7.62,14624370,110910400.00
2013/12/06,7.55,7.70,7.52,7.53,8519308,64703292.00
2013/12/09,7.55,7.66,7.54,7.60,7518084,57142104.00
2013/12/10,7.61,7.65,7.50,7.53,6145157,46373728.00
2013/12/11,7.49,7.49,7.29,7.36,6445919,47535328.00
2013/12/12,7.40,7.97,7.38,7.69,29924189,231046480.00
2013/12/13,7.55,7.70,7.50,7.63,12917355,98191776.00
2013/12/16,7.68,7.72,7.45,7.49,10319493,78336920.00
2013/12/17,7.51,7.87,7.51,7.69,16640337,128615696.00
2013/12/18,7.72,8.27,7.68,8.09,39487722,315796608.00
2013/12/19,8.03,8.36,7.85,7.91,39227975,318313664.00
2013/12/20,7.94,8.23,7.84,8.00,29553895,237629984.00
2013/12/23,8.13,8.56,8.10,8.37,46340387,385900576.00
2013/12/24,8.23,8.26,7.90,7.95,29224093,234644752.00
2013/12/25,7.80,7.80,7.56,7.72,26155900,200648432.00
2013/12/26,7.65,7.82,7.45,7.45,18648754,142849776.00
2013/12/27,7.41,7.71,7.36,7.66,16530712,123848464.00
2013/12/30,7.68,7.72,7.51,7.52,11580759,87960328.00
2013/12/31,7.50,7.56,7.43,7.55,10805800,81211656.00
2014/01/02,7.55,7.63,7.49,7.53,8954358,67653240.00
2014/01/03,7.53,7.62,7.32,7.60,14814088,110641424.00
2014/01/06,7.60,7.65,7.40,7.42,10154040,76328464.00
2014/01/07,7.42,7.56,7.35,7.50,7145704,53310716.00
2014/01/08,7.75,7.79,7.48,7.53,14417353,109106840.00
2014/01/09,7.63,7.75,7.48,7.53,15272201,116416280.00
2014/01/10,7.51,7.51,7.06,7.06,13124945,94854424.00
2014/01/13,7.09,7.20,6.77,6.85,10684808,74418008.00
2014/01/14,6.90,7.00,6.86,7.00,5545894,38430916.00
2014/01/15,7.02,7.09,6.95,7.04,6729132,47224404.00
2014/01/16,7.05,7.22,6.95,7.12,7927026,56206628.00
2014/01/17,7.22,7.22,7.06,7.12,6842597,48758888.00
2014/01/20,7.13,7.59,7.09,7.49,16957776,124725944.00
2014/01/21,7.43,7.58,7.37,7.41,14979175,111672768.00
2014/01/22,7.41,7.51,7.38,7.48,11108513,82784752.00
2014/01/23,7.48,7.60,7.45,7.54,11983843,90245288.00
2014/01/24,7.67,7.75,7.56,7.61,14903274,113730256.00
2014/01/27,7.65,7.75,7.50,7.53,13476778,102962848.00
2014/01/28,7.65,8.18,7.64,7.88,31708349,251350464.00
2014/01/29,7.80,7.91,7.74,7.86,14269037,111611664.00
2014/01/30,7.84,7.94,7.76,7.88,10496910,82228832.00
2014/02/07,7.86,7.86,7.66,7.80,11571759,89765728.00
2014/02/10,7.82,7.93,7.82,7.90,16482325,129946832.00
2014/02/11,7.93,8.08,7.75,7.83,16704470,131975504.00
2014/02/12,7.85,7.87,7.67,7.85,13977274,108717312.00
2014/02/13,7.84,7.84,7.58,7.60,13627217,104934984.00
2014/02/14,7.64,7.76,7.61,7.73,8125727,62658628.00
2014/02/17,7.79,7.87,7.71,7.85,12555661,98047856.00
2014/02/18,7.85,7.86,7.67,7.70,12543520,97203304.00
2014/02/19,7.70,8.05,7.70,7.99,30606889,242872464.00
2014/02/20,8.00,8.04,7.74,7.82,16615722,130514528.00
2014/02/21,7.79,7.94,7.72,7.88,10899031,85397416.00
2014/02/24,7.89,8.03,7.70,8.02,21283017,168290736.00
2014/02/25,8.02,8.18,7.68,7.70,25296644,202034144.00
2014/02/26,7.52,7.65,7.18,7.56,14349240,106774752.00
2014/02/27,7.61,7.84,7.39,7.76,16909137,129658760.00
2014/02/28,7.70,7.87,7.56,7.73,10352814,79814504.00
2014/03/03,7.71,7.79,7.60,7.76,8962195,69111512.00
2014/03/04,7.71,7.71,7.52,7.60,9346271,71000208.00
2014/03/05,7.64,8.14,7.63,7.84,19881928,156884400.00
2014/03/07,8.62,8.62,8.51,8.62,18778923,161864448.00
2014/03/10,9.24,9.48,8.75,9.41,104234119,952897344.00
2014/03/11,9.00,9.11,8.67,8.74,46499409,413177472.00
2014/03/12,8.70,8.96,8.19,8.43,42560140,363407392.00
2014/03/13,8.58,8.87,8.48,8.54,31971977,276947104.00
2014/03/14,8.35,8.43,8.21,8.40,21265716,177069264.00
2014/03/17,8.37,8.62,8.26,8.52,19997737,169082432.00
2014/03/18,8.47,8.85,8.45,8.63,26608411,230757696.00
2014/03/19,8.63,8.76,8.39,8.48,21631213,185282816.00
2014/03/20,8.41,8.45,8.10,8.10,19240252,159672160.00
2014/03/21,8.05,8.24,7.81,8.19,18928632,152081248.00
2014/03/24,8.20,8.32,8.10,8.28,13158211,108133512.00
2014/03/25,8.24,8.34,8.15,8.23,11338732,93526840.00
2014/03/26,8.28,8.50,8.27,8.35,16979338,142569424.00
2014/03/27,8.30,8.30,8.01,8.04,15816819,128286264.00
2014/03/28,8.00,8.21,7.94,8.20,12820678,103409248.00
2014/03/31,8.17,8.19,8.00,8.05,7532415,60771828.00
2014/04/01,8.05,8.11,7.97,8.06,5998643,48359408.00
2014/04/02,8.08,8.14,7.91,7.95,9755996,78230360.00
2014/04/03,7.95,8.02,7.86,7.92,7504010,59526968.00
2014/04/04,7.90,8.07,7.86,8.04,7048141,56472004.00
2014/04/08,7.98,8.14,7.95,8.12,7412839,59864616.00
2014/04/09,8.11,8.44,8.08,8.37,19364302,159721088.00
2014/04/10,8.40,8.49,8.32,8.33,16647612,139596000.00
2014/04/11,8.30,8.32,8.17,8.27,9208734,75870544.00
2014/04/14,8.27,8.45,8.23,8.42,12667154,106215120.00
2014/04/15,8.40,8.40,8.20,8.25,9181724,75938200.00
2014/04/16,8.23,8.38,8.21,8.29,5646162,46857516.00
2014/04/17,8.32,8.32,8.15,8.16,7384417,60679780.00
2014/04/18,8.19,8.34,8.19,8.25,8376137,69397832.00
2014/04/21,8.18,8.21,8.02,8.02,10647447,86412720.00
2014/04/22,7.99,8.08,7.89,8.03,7807509,62234444.00
2014/04/23,8.04,8.06,7.90,7.93,4860053,38704532.00
2014/04/24,7.88,7.94,7.84,7.87,4538449,35781988.00
2014/04/25,7.87,7.92,7.63,7.64,7029141,54591844.00
2014/04/28,7.63,7.67,7.36,7.37,6468024,48203744.00
2014/04/29,7.37,7.48,7.36,7.48,3854565,28655070.00
2014/04/30,7.48,7.60,7.45,7.60,4161430,31444530.00
2014/05/05,7.59,7.68,7.54,7.65,4168283,31764678.00
2014/05/06,7.65,7.70,7.56,7.62,4185146,31984264.00
2014/05/07,7.63,7.63,7.46,7.47,4964255,37361264.00
2014/05/08,7.39,7.55,7.36,7.45,3660071,27360958.00
2014/05/09,7.46,7.50,7.22,7.27,5511757,40383808.00
2014/05/12,7.32,7.49,7.30,7.48,5072756,37545852.00
2014/05/13,7.49,7.59,7.43,7.58,5621447,42296876.00
2014/05/14,7.60,7.68,7.54,7.54,6405539,48726608.00
2014/05/15,7.54,7.65,7.42,7.45,5170848,39087660.00
2014/05/16,7.44,7.44,7.30,7.39,4080869,30032898.00
2014/05/19,7.38,7.38,7.27,7.32,3586253,26212582.00
2014/05/20,7.35,7.40,7.29,7.34,2823214,20735582.00
2014/05/21,7.30,7.39,7.20,7.38,3228402,23604606.00
2014/05/22,7.39,7.45,7.36,7.36,3924000,29078098.00
2014/05/23,7.35,7.44,7.32,7.43,3489832,25776382.00
2014/05/26,7.43,7.56,7.43,7.54,5026764,37749080.00
2014/05/27,7.51,7.57,7.44,7.44,4231100,31769800.00
2014/05/28,7.44,7.53,7.41,7.52,3872700,28981416.00
2014/05/29,7.52,7.63,7.45,7.46,5244324,39570036.00
2014/05/30,7.45,7.48,7.33,7.41,4508488,33303068.00
2014/06/03,7.40,7.88,7.36,7.63,13720885,105346584.00
2014/06/04,7.55,7.64,7.48,7.53,6393142,48256956.00
2014/06/05,7.50,7.62,7.48,7.59,4757120,36035260.00
2014/06/06,7.59,7.72,7.56,7.63,6944571,53058820.00
2014/06/09,7.64,7.75,7.63,7.72,7260063,55932004.00
2014/06/10,7.72,7.77,7.62,7.72,6115003,47034036.00
2014/06/11,7.70,7.75,7.67,7.72,4286055,33054208.00
2014/06/12,7.70,7.70,7.53,7.55,6297792,47818828.00
2014/06/13,7.56,7.66,7.56,7.59,4561484,34703228.00
2014/06/16,7.57,7.78,7.56,7.72,9403446,72344616.00
2014/06/17,7.68,7.69,7.59,7.61,5015063,38294736.00
2014/06/18,7.61,7.63,7.45,7.49,5478256,41255524.00
2014/06/19,7.47,7.52,7.00,7.19,6652735,48477304.00
2014/06/20,7.16,7.25,7.12,7.24,2964031,21358702.00
2014/06/23,7.24,7.32,7.21,7.28,2715742,19782082.00
2014/06/24,7.28,7.34,7.25,7.29,2799371,20384926.00
2014/06/25,7.31,7.32,7.14,7.20,3530911,25456372.00
2014/06/26,7.20,7.33,7.20,7.29,3813168,27819396.00
2014/06/27,7.27,7.40,7.27,7.35,3968797,29156726.00
2014/06/30,7.35,7.44,7.32,7.41,4025522,29803030.00
2014/07/01,7.44,7.52,7.41,7.50,5262815,39303588.00
2014/07/02,7.51,7.59,7.45,7.52,5694241,42788008.00
2014/07/03,7.48,7.94,7.48,7.72,18933047,147031696.00
2014/07/04,7.74,7.78,7.63,7.64,8973321,68908224.00
2014/07/07,7.64,7.72,7.59,7.66,5436919,41695204.00
2014/07/08,7.62,7.66,7.52,7.62,5974448,45279960.00
2014/07/09,7.57,7.75,7.57,7.68,11042950,84737816.00
2014/07/10,7.66,7.91,7.61,7.85,18709089,146344304.00
2014/07/11,8.08,8.18,7.83,7.85,17700386,140774096.00
2014/07/14,7.81,7.93,7.77,7.91,10411527,81754496.00
2014/07/15,7.88,8.13,7.83,8.09,18927783,151709200.00
2014/07/16,8.07,8.12,7.95,7.97,9538914,76361352.00
2014/07/17,7.95,7.95,7.77,7.80,7602139,59566428.00
2014/07/18,7.81,7.93,7.80,7.85,5939799,46751328.00
2014/07/21,7.85,7.90,7.72,7.73,4899248,38172084.00
2014/07/22,7.75,7.88,7.69,7.84,5889477,46085888.00
2014/07/23,7.84,7.99,7.81,7.90,9415885,74665016.00
2014/07/24,7.91,7.94,7.76,7.88,6968482,54725156.00
2014/07/25,7.92,8.08,7.87,8.03,10796009,86089176.00
2014/07/28,8.11,8.19,8.00,8.09,15255605,123378664.00
2014/07/29,8.08,8.25,8.06,8.12,14387110,117354688.00
2014/07/30,8.12,8.59,8.07,8.46,32171648,268627264.00
2014/07/31,8.46,8.75,8.32,8.50,34223573,292060800.00
2014/08/01,8.45,9.25,8.40,8.97,71365556,638124352.00
2014/08/04,8.98,9.08,8.70,8.96,46738357,416660224.00
2014/08/05,8.85,8.85,8.50,8.60,53107681,457891136.00
2014/08/06,8.52,8.58,8.46,8.55,23975166,204474016.00
2014/08/07,8.54,8.66,8.43,8.51,28522144,243811872.00
2014/08/08,8.49,8.51,8.40,8.44,18488406,156115648.00
2014/08/11,8.55,8.65,8.52,8.55,19769535,169289328.00
2014/08/12,8.56,8.59,8.42,8.50,17111281,145203920.00
2014/08/13,8.48,8.49,8.32,8.42,15717780,132194936.00
2014/08/14,8.41,8.49,8.38,8.40,12778703,107848704.00
2014/08/15,8.43,8.51,8.38,8.50,13257917,112314048.00
2014/08/18,8.57,8.74,8.55,8.65,26850539,232147616.00
2014/08/19,8.62,8.63,8.52,8.58,18228509,155972816.00
2014/08/20,8.57,8.63,8.51,8.56,13138394,112563744.00
2014/08/21,8.54,8.56,8.34,8.42,14054649,118454040.00
2014/08/22,8.40,8.47,8.38,8.45,10378126,87418216.00
2014/08/25,8.45,8.49,8.29,8.31,10279490,85858112.00
2014/08/26,8.28,8.33,8.10,8.13,11781252,96608800.00
2014/08/27,8.13,8.21,8.13,8.16,6249261,51037668.00
2014/08/28,8.17,8.20,8.09,8.15,6625630,53994456.00
2014/08/29,8.16,8.24,8.14,8.24,5412141,44283956.00
2014/09/01,8.23,8.35,8.21,8.35,7565623,62845320.00
2014/09/02,8.37,8.60,8.33,8.50,17801397,151036784.00
2014/09/03,8.46,8.56,8.42,8.49,14175910,120342336.00
2014/09/04,8.48,8.55,8.45,8.53,13923459,118433848.00
2014/09/05,8.54,8.78,8.48,8.74,33115096,286410304.00
2014/09/09,8.70,9.07,8.59,9.01,56529118,502291648.00
2014/09/10,8.78,8.97,8.75,8.88,39003793,346247648.00
2014/09/11,8.95,9.08,8.66,8.72,47420739,419970752.00
2014/09/12,8.76,8.85,8.64,8.84,25193999,220485712.00
2014/09/15,8.88,8.94,8.75,8.90,28034305,248438672.00
2014/09/16,8.89,8.95,8.58,8.59,24862631,218348464.00
2014/09/17,8.62,9.08,8.54,8.99,35198009,309396256.00
2014/09/18,8.98,9.25,8.91,9.15,63646551,578044992.00
2014/09/19,9.09,9.12,8.97,9.05,27208449,246267888.00
2014/09/22,9.15,9.44,8.98,9.18,59283380,546433728.00
2014/09/23,9.18,9.29,9.11,9.27,32347588,297980128.00
2014/09/24,9.27,9.36,9.15,9.26,32262776,298987744.00
2014/09/25,9.29,9.65,9.22,9.44,48342766,454694304.00
2014/09/26,9.44,9.60,9.30,9.47,34451025,325732608.00
2014/09/29,9.65,9.84,9.47,9.82,49197373,475771104.00
2014/09/30,9.80,9.85,9.60,9.68,42301849,410616096.00
2014/10/08,9.76,10.16,9.58,10.08,46900557,461821632.00
2014/10/09,10.01,10.47,9.96,10.27,56711442,581261568.00
2014/10/10,10.19,10.49,10.11,10.23,41962215,432123392.00
2014/10/13,10.19,10.70,10.11,10.59,54499798,570443520.00
2014/10/14,10.55,10.97,10.36,10.70,57407545,609957632.00
2014/10/15,10.66,11.77,10.50,11.49,111978436,1266438912.00
2014/10/16,11.33,12.24,10.88,10.93,135790908,1579278720.00
2014/10/17,10.91,11.04,10.10,10.41,73145122,769240960.00
2014/10/20,10.50,10.93,10.46,10.65,50203171,536585216.00
2014/10/21,10.40,10.40,10.01,10.13,48054453,488826432.00
2014/10/22,10.13,10.25,9.90,9.94,29073057,292596064.00
2014/10/23,9.92,10.16,9.75,10.03,33028207,328680896.00
2014/10/24,10.00,10.14,9.89,10.00,18626579,186546528.00
2014/10/27,10.00,10.13,9.81,10.11,18824750,189032560.00
2014/10/28,10.05,10.32,10.03,10.30,28172564,288450432.00
2014/10/29,10.33,10.40,10.20,10.35,33060571,340270304.00
2014/10/30,10.31,10.79,10.27,10.58,47071332,499141600.00
2014/10/31,10.50,10.67,10.25,10.39,31271252,324800000.00
2014/11/03,10.35,10.54,10.20,10.50,29706641,306322656.00
2014/11/04,10.42,10.49,10.24,10.25,18175995,187648096.00
2014/11/05,10.21,10.25,10.05,10.13,18278142,185202224.00
2014/11/06,10.13,10.21,10.10,10.18,12483003,126818304.00
2014/11/07,10.20,10.22,9.87,9.90,26535004,266340560.00
2014/11/10,9.85,9.96,9.82,9.94,13481844,133513776.00
2014/11/11,9.94,9.97,9.32,9.41,32487042,311753472.00
2014/11/12,9.40,9.62,9.35,9.58,13941211,132989768.00
2014/11/13,9.55,9.64,9.38,9.56,15435571,146607600.00
2014/11/14,9.58,9.84,9.50,9.83,20156921,195901248.00
2014/11/17,9.83,9.94,9.75,9.82,14438445,142223696.00
2014/11/18,9.82,9.98,9.70,9.93,15963543,157297344.00
2014/11/19,10.00,10.15,9.93,9.96,22187273,222841264.00
2014/11/20,9.90,9.90,9.76,9.78,14291919,140054272.00
2014/11/21,9.76,9.84,9.64,9.82,12419182,120996168.00
2014/11/24,9.87,9.95,9.75,9.91,17766609,175252384.00
2014/11/25,9.92,10.10,9.88,10.10,22096897,221970080.00
2014/11/26,10.12,10.34,10.03,10.33,31207269,317811968.00
2014/11/27,10.33,10.43,10.17,10.24,27412356,281674464.00
2014/11/28,10.28,10.35,10.12,10.18,23287687,238330128.00
2014/12/01,10.09,10.25,10.00,10.05,21198348,213810736.00
2014/12/02,10.02,10.33,10.01,10.25,24315998,248784112.00
2014/12/03,10.27,10.30,10.10,10.28,27580014,281301408.00
2014/12/04,10.31,10.65,10.28,10.57,47546528,499447520.00
2014/12/05,10.58,10.59,9.83,10.10,37998370,387773696.00
2014/12/08,10.20,10.77,10.20,10.62,56915180,598111744.00
2014/12/09,10.58,10.58,9.99,10.00,44396883,457166432.00
2014/12/10,10.00,10.39,9.80,10.29,24695300,250904432.00
2014/12/11,10.21,10.94,10.16,10.85,67067300,711613184.00
2014/12/12,10.73,10.84,10.53,10.72,39261755,419379072.00
2014/12/15,10.70,11.08,10.56,11.04,45537073,495564448.00
2014/12/16,11.08,11.20,10.80,10.93,32747025,358717120.00
2014/12/17,11.00,11.00,10.36,10.58,35111510,373375680.00
2014/12/18,10.44,10.62,10.38,10.41,21486074,225269088.00
2014/12/19,10.44,10.49,10.02,10.21,26712714,272446048.00
2014/12/22,10.19,10.19,9.44,9.54,30915777,300078720.00
2014/12/23,9.48,9.73,9.45,9.52,13375910,128497504.00
2014/12/24,9.56,9.83,9.56,9.77,13361897,129422488.00
2014/12/25,9.73,9.83,9.61,9.74,13626683,132442752.00
2014/12/26,9.74,9.80,9.64,9.74,13398125,130268416.00
2014/12/29,9.75,9.88,9.64,9.78,15553586,151702000.00
2014/12/30,9.79,10.17,9.79,9.93,25806414,258911776.00
2014/12/31,9.85,9.87,9.55,9.77,17113090,165863344.00
2015/01/05,9.77,9.88,9.55,9.85,19757659,191779056.00
2015/01/06,9.83,10.10,9.70,10.02,24266289,241210560.00
2015/01/07,9.98,10.11,9.83,9.91,14501478,144366544.00
2015/01/08,9.91,10.15,9.89,10.02,21223290,213464608.00
2015/01/09,10.10,10.38,10.00,10.06,27105019,276346624.00
2015/01/12,10.00,10.01,9.60,9.62,16084105,156858592.00
2015/01/13,9.54,10.08,9.53,10.00,19102911,188449920.00
2015/01/14,9.95,10.49,9.82,10.20,36108338,369381664.00
2015/01/15,10.10,10.16,9.99,10.08,15436995,155350784.00
2015/01/16,10.11,10.17,9.99,10.10,15461339,155705616.00
2015/01/19,9.95,10.44,9.80,10.04,35847383,365818400.00
2015/01/20,9.90,10.34,9.90,10.31,31950266,325259936.00
2015/01/21,10.28,10.45,10.21,10.42,34350758,356674208.00
2015/01/22,10.48,10.55,10.31,10.46,27433821,285714240.00
2015/01/23,10.46,10.78,10.25,10.66,52120365,550029056.00
2015/01/26,10.59,10.76,10.49,10.66,36180519,385093344.00
2015/01/27,10.70,10.70,10.22,10.40,30935135,323978720.00
2015/01/28,10.40,10.64,10.36,10.40,24513645,257259056.00
2015/01/29,10.39,10.39,10.13,10.20,18267623,187079904.00
2015/01/30,10.23,10.35,10.10,10.17,17480773,178417680.00
2015/02/02,9.95,10.09,9.80,9.86,18241575,181292160.00
2015/02/03,9.82,9.97,9.80,9.97,12507752,123799960.00
2015/02/04,9.98,10.02,9.82,9.84,12551215,124481656.00
2015/02/05,9.91,10.11,9.89,9.91,18474294,184591264.00
2015/02/06,9.82,9.99,9.58,9.63,14644587,143005296.00
2015/02/09,9.61,9.69,9.52,9.56,8410952,80638624.00
2015/02/10,9.56,9.77,9.56,9.72,7628793,73801032.00
2015/02/11,9.73,9.86,9.65,9.78,7711882,75360784.00
2015/02/12,9.78,9.88,9.75,9.78,8105051,79636128.00
2015/02/13,9.81,10.06,9.80,9.99,15195035,151634688.00
2015/02/16,9.99,10.08,9.93,10.01,12578688,126048512.00
2015/02/17,10.02,10.22,9.98,10.13,17959707,181588544.00
2015/02/25,10.12,10.31,10.03,10.26,18769248,191042912.00
2015/02/26,10.27,10.37,10.17,10.27,17311355,177230272.00
2015/02/27,10.26,10.30,10.15,10.22,16726587,170783344.00
2015/03/02,10.24,10.57,10.19,10.53,38298897,398365696.00
2015/03/03,10.48,10.67,10.37,10.47,38731513,407621248.00
2015/03/04,10.43,10.88,10.40,10.83,54364559,581891200.00
2015/03/05,10.78,10.92,10.60,10.77,33504059,359076768.00
2015/03/06,10.71,10.84,10.39,10.41,29634068,312535200.00
2015/03/09,10.40,10.91,10.31,10.86,42618440,457523680.00
2015/03/10,11.00,11.16,10.75,10.88,67598728,741201920.00
2015/03/11,10.84,10.84,10.55,10.65,35248977,376154976.00
2015/03/12,10.67,10.98,10.59,10.81,33614646,362948832.00
2015/03/13,10.80,10.96,10.71,10.90,28250623,306013024.00
2015/03/16,10.96,11.35,10.91,11.21,46761729,523358208.00
2015/03/17,11.33,11.39,11.11,11.27,44551109,500791968.00
2015/03/18,11.30,11.48,11.18,11.41,42712931,484467968.00
2015/03/19,11.48,11.86,11.36,11.62,76045506,884102016.00
2015/03/20,11.69,12.05,11.63,11.93,25317485,299801408.00
2015/03/31,13.12,13.12,12.42,13.12,132614938,1719575552.00
2015/04/01,12.92,14.43,12.81,14.13,139301190,1898879744.00
2015/04/02,13.98,14.68,13.82,14.35,78121364,1111970048.00
2015/04/03,14.14,15.79,14.02,15.79,84631949,1266579456.00
2015/04/07,17.00,17.37,16.50,17.37,63588768,1091102720.00
2015/04/08,18.00,18.68,16.79,17.55,131903973,2357068800.00
2015/04/09,17.88,19.31,17.73,19.31,112498627,2080682496.00
2015/04/10,19.99,21.24,19.31,21.24,68523216,1402717824.00
2015/04/13,22.50,23.36,22.00,23.36,113523801,2622824448.00
2015/04/14,23.35,24.80,21.78,21.95,130061334,3029010176.00
2015/04/15,22.20,22.58,19.90,20.62,108056820,2293863424.00
2015/04/22,22.00,22.68,21.00,22.68,36267612,811106176.00
2015/04/23,24.28,24.90,23.40,23.40,100127063,2405256704.00
2015/04/24,22.63,23.10,21.50,22.20,63170850,1405476992.00
2015/04/27,22.25,22.89,21.10,22.04,53099706,1154766976.00
2015/04/28,22.20,22.94,21.30,22.46,62498960,1396435200.00
2015/04/29,22.00,23.00,21.65,22.19,39482432,881950720.00
2015/04/30,22.11,22.28,21.00,21.42,43154480,926381504.00
2015/05/04,21.40,21.67,20.50,20.98,28199477,592756992.00
2015/05/05,20.90,21.66,20.62,21.16,33823122,719239808.00
2015/05/06,21.20,21.78,20.35,20.43,29035120,616243648.00
2015/05/07,20.43,20.82,18.88,19.08,30750672,613432384.00
2015/05/08,19.10,19.95,18.50,19.70,37942788,732390912.00
2015/05/11,19.89,21.67,19.89,21.67,41395535,881572992.00
2015/05/12,22.28,23.53,22.00,22.95,70228770,1586009856.00
2015/05/13,22.69,25.25,22.01,25.25,69424091,1692330112.00
2015/05/14,25.91,26.98,24.01,25.86,91007316,2314737152.00
2015/05/15,25.20,26.95,24.75,26.28,60770551,1582605184.00
2015/05/18,26.35,27.50,25.60,25.83,54376665,1444820992.00
2015/05/19,25.52,26.12,25.11,25.70,43270964,1106204160.00
2015/05/20,25.49,28.20,25.49,27.00,51421256,1394159232.00
2015/05/21,26.95,29.70,26.95,29.69,52510440,1506297600.00
2015/05/22,30.51,30.70,28.50,29.43,61232162,1798175232.00
2015/05/25,28.80,32.24,28.43,32.00,62118778,1867053312.00
2015/05/26,31.77,34.36,31.12,32.56,50972277,1675053184.00
2015/05/27,32.30,33.00,30.67,31.42,60837276,1917330048.00
2015/05/28,31.35,31.40,29.00,29.05,54198603,1631809920.00
2015/05/29,28.74,30.99,27.81,29.98,48189263,1426309248.00
2015/06/01,31.96,32.98,31.96,32.98,60635295,1979128704.00
2015/06/02,35.38,35.39,33.20,34.60,58137732,2006756352.00
2015/06/03,35.31,35.40,32.57,34.60,53724080,1827880320.00
2015/06/04,34.60,34.75,31.50,33.51,43071345,1433503872.00
2015/06/05,33.58,34.30,32.52,33.00,41588429,1384739200.00
2015/06/08,32.60,32.65,31.10,31.38,37247897,1176721152.00
2015/06/09,30.88,32.90,29.78,32.58,48833923,1552430336.00
2015/06/10,32.52,33.51,31.40,32.84,38077915,1241592832.00
2015/06/11,32.87,35.98,32.61,34.89,49501259,1717883648.00
2015/06/12,34.95,35.83,33.59,34.09,37868599,1301773568.00
2015/06/15,34.19,34.81,32.40,32.50,30032451,1001231936.00
2015/06/16,32.00,32.00,29.77,30.27,29686589,913171392.00
2015/06/17,30.10,31.91,29.55,31.51,21238624,654301376.00
2015/06/18,31.51,32.18,30.11,30.40,19954383,624806464.00
2015/06/19,30.25,30.25,27.36,27.36,26187662,740044800.00
2015/06/23,27.20,28.20,24.62,26.62,35350049,908637696.00
2015/06/24,26.71,27.60,25.90,27.09,26609295,715654592.00
2015/06/25,27.10,27.30,24.80,25.36,22942601,608594240.00
2015/06/26,24.66,24.68,22.82,22.82,26139396,608689856.00
2015/06/29,23.05,23.23,20.54,20.54,24913292,527071584.00
2015/06/30,18.49,22.23,18.49,22.00,50191531,993197056.00
2015/07/01,21.50,23.22,19.80,19.85,44275780,965442944.00
2015/07/02,19.05,19.91,17.87,17.87,33910944,628841536.00
2015/07/03,16.52,18.55,16.08,16.08,40001600,660375936.00
2015/07/06,17.69,17.69,14.47,14.47,66943499,1024008960.00
2015/07/07,13.60,14.10,13.02,13.02,33672366,443767936.00
2015/07/13,14.32,14.32,14.32,14.32,1957263,28028006.00
2015/07/14,15.75,15.75,15.75,15.75,1217631,19177688.00
2015/07/15,17.33,17.33,14.92,15.67,115168961,1916536192.00
2015/07/16,15.00,16.90,14.10,16.45,59588498,940017600.00
2015/07/17,16.61,18.10,16.10,18.10,56893464,997452352.00
2015/07/20,18.79,19.91,18.20,19.91,71460586,1374003968.00
2015/07/21,19.60,21.25,19.17,20.00,64734682,1321930368.00
2015/07/22,19.62,20.40,19.00,19.90,53749310,1054679296.00
2015/07/23,19.75,20.88,19.75,20.69,43814025,891546880.00
2015/07/24,20.98,21.66,20.12,20.24,51052824,1067567232.00
2015/07/27,19.20,20.87,18.22,18.22,46672823,907589952.00
2015/07/28,16.48,18.18,16.40,16.65,54905326,925780608.00
2015/07/29,17.18,17.99,15.71,17.89,44901804,754153728.00
2015/07/30,17.90,18.38,17.00,17.36,40613731,731343936.00
2015/07/31,17.01,17.49,15.81,16.70,32797268,550080704.00
2015/08/03,16.18,16.40,15.03,15.19,39353448,609202752.00
2015/08/04,15.21,16.71,15.10,16.71,36573220,584661632.00
2015/08/05,16.75,17.65,16.40,17.16,57728134,992261760.00
2015/08/06,16.50,18.88,16.35,18.88,70032773,1253726208.00
2015/08/07,18.90,19.77,18.28,19.19,81375248,1547368960.00
2015/08/10,19.18,20.25,19.00,19.86,67585522,1325975552.00
2015/08/11,19.70,20.03,19.14,19.41,57023029,1115470336.00
2015/08/12,19.00,19.49,18.60,18.66,33517291,637395392.00
2015/08/13,18.50,19.36,18.40,19.36,33372642,631270464.00
2015/08/14,19.66,20.79,19.40,20.31,69802718,1405169920.00
2015/08/17,19.97,20.20,19.36,19.91,44117880,871835904.00
2015/08/18,19.82,20.28,17.92,17.92,49809440,946390464.00
2015/08/19,17.11,18.54,16.13,18.15,40686677,701205824.00
2015/08/20,17.73,18.30,16.98,16.98,28157973,497060704.00
2015/08/21,16.50,17.50,16.00,16.50,37614169,630761856.00
2015/08/24,15.94,15.94,14.85,14.85,25451264,380985504.00
2015/08/25,13.37,13.93,13.37,13.37,33615531,452152384.00
2015/08/26,13.37,14.02,12.03,12.03,53499942,688572032.00
2015/08/27,12.48,12.83,11.21,12.44,45512385,556894976.00
2015/08/28,12.72,13.68,12.55,13.68,48488316,631268672.00
2015/08/31,13.50,14.88,13.34,14.18,54395537,759870592.00
2015/09/01,13.60,13.75,12.76,12.76,37791726,490116672.00
2015/09/02,11.81,13.10,11.48,11.48,40884864,489639232.00
2015/09/07,11.80,12.49,11.57,11.88,33305044,401908352.00
2015/09/08,11.88,13.07,11.68,13.07,35269095,436141216.00
2015/09/09,13.40,14.30,13.22,13.97,53493058,733723712.00
2015/09/10,13.60,14.18,13.40,13.65,37763842,521143520.00
2015/09/11,13.42,14.33,13.42,14.07,40944184,571119360.00
2015/09/14,13.94,14.07,12.66,12.66,42676253,564328384.00
2015/09/15,12.12,12.38,11.39,11.41,40090920,473261248.00
2015/09/16,11.50,12.55,11.50,12.55,36580103,440958816.00
2015/09/17,12.85,13.50,12.22,12.30,45597601,590515072.00
2015/09/18,12.61,13.00,12.43,12.78,30673158,389930240.00
2015/09/21,12.58,13.75,12.36,13.65,37687460,498018560.00
2015/09/22,13.65,13.97,13.16,13.66,47409524,646841792.00
2015/09/23,13.26,13.60,13.03,13.22,33213494,442600736.00
2015/09/24,13.32,13.68,13.18,13.44,29589856,396442176.00
2015/09/25,13.35,13.39,12.38,12.57,31419036,402858848.00
2015/09/28,12.74,13.35,12.40,13.23,25774509,333990144.00
2015/09/29,12.85,13.10,12.55,12.80,19130754,246062496.00
2015/09/30,12.85,13.30,12.60,13.02,21926752,285838560.00
2015/10/08,13.85,14.32,13.57,14.32,50601004,714298368.00
2015/10/09,14.35,14.60,14.10,14.46,55864294,801860032.00
2015/10/12,14.60,15.43,14.49,15.19,55517939,833628544.00
2015/10/13,15.00,15.20,14.76,15.09,37937384,568103040.00
2015/10/14,14.93,15.84,14.90,15.54,53939573,829865344.00
2015/10/15,15.28,16.20,15.11,16.09,49749501,781453440.00
2015/10/16,16.18,16.50,15.63,16.02,44667317,714189568.00
2015/10/19,16.05,16.25,15.53,15.88,39349703,626645888.00
2015/10/20,15.89,17.12,15.72,16.70,45788470,750296896.00
2015/10/21,16.57,17.18,15.10,15.14,53598207,865851456.00
2015/10/22,15.14,16.65,15.14,16.65,55397753,890572800.00
2015/10/23,17.28,18.00,16.75,17.57,71927779,1252235776.00
2015/10/26,17.62,18.50,17.01,18.27,55504473,978255360.00
2015/10/27,18.29,19.16,17.68,19.00,85043207,1587081984.00
2015/10/28,18.21,18.80,17.59,17.86,54209902,987181888.00
2015/10/29,17.86,18.18,17.30,17.76,34423710,610078016.00
2015/10/30,17.68,18.19,17.10,17.82,34665827,615388736.00
2015/11/02,17.09,17.85,16.65,16.79,32388197,559248640.00
2015/11/03,16.81,17.22,16.70,16.88,22236030,376973248.00
2015/11/04,16.99,18.29,16.99,18.22,43905720,783852032.00
2015/11/05,18.48,18.49,17.71,17.88,50460923,910121280.00
2015/11/06,17.81,18.37,17.80,18.20,38616297,701696832.00
2015/11/09,18.10,18.90,17.69,18.55,53563019,983525312.00
2015/11/10,18.50,18.76,17.76,17.80,50980451,933572864.00
2015/11/11,18.00,19.50,17.86,19.31,65494088,1216640128.00
2015/11/12,19.10,19.20,18.64,18.85,49246032,930700480.00
2015/11/13,18.55,19.23,17.77,18.72,58089893,1078245248.00
2015/11/16,18.20,18.85,18.06,18.81,28125134,520833376.00
2015/11/17,19.00,19.62,18.89,19.01,63390660,1222759936.00
2015/11/18,19.02,19.47,18.50,18.59,37400135,712951872.00
2015/11/19,18.60,18.80,18.21,18.73,33636371,623140608.00
2015/11/20,18.73,19.17,18.50,19.10,34338292,651014848.00
2015/11/23,19.09,20.38,18.88,19.88,64544998,1263851648.00
2015/11/24,19.59,19.73,19.10,19.57,36620031,710019520.00
2015/11/25,19.51,20.48,19.48,20.15,47205396,950458752.00
2015/11/26,20.50,20.66,19.85,19.90,43606758,881973056.00
2015/11/27,19.75,19.97,17.91,17.98,45106125,854145920.00
2015/11/30,17.98,18.18,16.68,17.78,35241279,617192128.00
2015/12/01,17.70,18.15,17.50,17.98,23151135,413550144.00
2015/12/02,18.00,18.05,16.89,17.80,18785002,329311904.00
2015/12/03,17.80,18.20,17.66,18.11,22019433,395261024.00
2015/12/04,17.99,18.27,17.70,17.88,23335192,420084096.00
2015/12/07,18.00,18.22,17.74,18.02,21905210,393190880.00
2015/12/08,17.88,17.98,17.22,17.46,24561431,431880480.00
2015/12/09,17.35,17.56,17.13,17.32,19729064,341766624.00
2015/12/10,17.90,19.05,17.85,18.14,60248476,1119154432.00
2015/12/11,17.64,18.26,17.61,17.72,25929515,463044448.00
2015/12/14,17.72,19.15,17.63,19.15,41422794,769191296.00
2015/12/15,19.14,19.78,18.99,19.37,48362541,938042048.00
2015/12/16,19.30,20.17,19.30,19.38,39360243,776256704.00
2015/12/17,19.51,20.65,19.50,20.21,54282734,1097546368.00
2015/12/18,20.21,22.23,20.09,22.23,54835294,1181747840.00
2015/12/21,23.39,24.40,22.40,23.09,109492853,2529652992.00
2015/12/22,23.18,23.50,22.65,23.23,63657650,1467395456.00
2015/12/23,23.19,23.19,22.28,22.36,52584729,1200133120.00
2015/12/24,22.22,22.28,21.38,21.99,35606485,776091264.00
2015/12/25,21.94,22.60,21.63,22.49,33687045,741942144.00
2015/12/28,22.43,23.25,22.03,22.40,54343608,1238633472.00
2015/12/29,22.23,22.97,22.00,22.71,28983584,651142528.00
2015/12/30,22.83,24.98,22.83,24.98,67237900,1623842560.00
2015/12/31,24.50,24.69,23.60,23.96,53418116,1293479424.00
2016/01/04,23.98,23.98,21.56,21.56,36826725,820410560.00
2016/01/05,19.90,21.35,19.45,20.43,50948646,1039530432.00
2016/01/06,20.93,21.20,20.18,21.01,44197368,916970368.00
2016/01/07,20.50,20.50,18.91,18.91,10127994,197016512.00
2016/01/08,19.12,19.79,17.30,19.18,46127975,877222528.00
2016/01/11,18.50,19.05,17.26,17.26,38419965,691681344.00
2016/01/12,17.16,17.42,15.80,16.80,39839788,668187712.00
2016/01/13,17.00,17.19,16.23,16.25,31049483,522891296.00
2016/01/14,15.69,17.38,15.12,17.23,34726968,571491520.00
2016/01/15,17.00,17.96,16.63,17.00,43690138,758807168.00
2016/01/18,16.50,17.90,16.20,17.52,29394007,509751456.00
2016/01/19,17.50,18.36,17.32,18.30,32091981,576873216.00
2016/01/20,18.28,18.86,17.82,17.95,35891970,656344832.00
2016/01/21,17.70,18.45,17.29,17.30,30083342,539948288.00
2016/01/22,17.50,17.88,16.80,17.61,22239169,387770816.00
2016/01/25,17.90,18.10,17.45,17.80,20102276,358703296.00
2016/01/26,17.46,17.64,16.02,16.02,31393448,522616256.00
2016/01/27,16.15,16.30,14.52,15.50,29399341,449313920.00
2016/01/28,15.30,16.38,14.89,15.15,32741759,507668512.00
2016/01/29,14.89,15.83,14.80,15.65,27976214,432436928.00
2016/02/01,15.60,15.67,14.75,15.06,19105578,292271040.00
2016/02/02,14.90,15.79,14.90,15.60,21019814,326985760.00
2016/02/03,15.34,15.53,14.97,15.37,18174657,276406720.00
2016/02/04,15.51,16.08,15.51,15.93,28204712,447132896.00
2016/02/05,15.93,16.16,15.74,15.98,20711071,331056512.00
2016/02/15,15.39,16.10,15.21,15.96,18336856,287017568.00
2016/02/16,16.18,17.56,16.16,17.56,26205758,452023936.00
2016/02/17,17.60,18.01,16.94,17.75,49587858,863446400.00
2016/02/18,17.70,17.78,17.26,17.34,29595619,518162112.00
2016/02/19,17.26,17.77,17.21,17.58,20941518,367018560.00
2016/02/22,17.90,18.00,17.48,17.70,24058060,426327360.00
2016/02/23,17.70,17.77,17.11,17.42,19232759,334881792.00
2016/02/24,17.30,17.73,17.13,17.70,32203963,562490688.00
2016/02/25,17.77,18.25,15.93,15.93,47440093,822266752.00
2016/02/26,16.21,16.50,15.53,15.97,30934955,499020256.00
2016/02/29,15.90,15.90,14.37,14.45,34116506,500749312.00
2016/03/01,14.58,15.02,13.65,14.99,33557122,483073440.00
2016/03/02,14.75,15.87,14.58,15.68,37833713,574717632.00
2016/03/03,15.63,16.08,15.51,15.58,28251121,444678144.00
2016/03/04,15.50,16.00,14.78,15.02,33207429,510998112.00
2016/03/07,15.25,15.59,15.07,15.26,19176945,293425152.00
2016/03/08,15.26,15.26,14.08,15.19,22631053,333777664.00
2016/03/09,14.80,15.50,14.61,15.20,22741895,344503520.00
数据来源:通达信
