002307 北新路桥 日线 前复权
      日期	    开盘	    最高	    最低	    收盘	    成交量	    成交额
2011/01/04,7.52,7.71,7.37,7.64,4003564,78279280.00
2011/01/05,7.60,7.64,7.47,7.60,2547732,50164136.00
2011/01/06,7.58,7.66,7.53,7.58,1581874,31276416.00
2011/01/07,7.58,7.62,7.43,7.49,1570862,30794954.00
2011/01/10,7.44,7.55,7.23,7.25,1582661,30573696.00
2011/01/11,7.26,7.26,7.09,7.17,1597723,29817566.00
2011/01/12,7.29,7.89,7.28,7.89,3573073,73100016.00
2011/01/13,7.91,8.30,7.87,7.92,10978165,230059504.00
2011/01/14,7.85,8.12,7.64,8.04,7499954,154340624.00
2011/01/17,7.89,7.98,7.51,7.66,3751933,75718192.00
2011/01/18,7.66,7.78,7.29,7.42,2632576,51368468.00
2011/01/19,7.41,7.63,7.33,7.63,2933033,57457396.00
2011/01/20,7.63,7.63,7.17,7.17,3214002,61729468.00
2011/01/21,7.18,7.40,7.17,7.29,2613916,49623296.00
2011/01/24,7.23,7.39,7.21,7.29,1777377,33862300.00
2011/01/25,7.56,7.86,7.43,7.53,4315460,85760688.00
2011/01/26,7.37,7.82,7.37,7.77,4114169,82392616.00
2011/01/27,7.62,7.90,7.60,7.86,4327615,87489824.00
2011/01/28,7.80,7.87,7.68,7.80,3150847,63990592.00
2011/01/31,7.78,8.06,7.70,7.96,3769399,77983152.00
2011/02/01,7.96,8.00,7.72,7.78,2795680,56985596.00
2011/02/09,7.67,7.83,7.67,7.69,2013400,40602968.00
2011/02/10,7.68,7.94,7.63,7.90,3009166,61412528.00
2011/02/11,7.94,8.03,7.85,7.98,3393542,70025688.00
2011/02/14,8.01,8.19,8.01,8.10,4910503,103866952.00
2011/02/15,8.12,8.17,8.03,8.03,4583642,96568256.00
2011/02/16,8.04,8.15,7.92,8.15,4103027,86180576.00
2011/02/17,8.18,8.33,8.10,8.29,6549684,140596864.00
2011/02/18,8.27,8.27,8.06,8.08,3641419,77139312.00
2011/02/21,8.01,8.13,7.98,8.12,2683832,56518356.00
2011/02/22,8.13,8.28,7.95,7.97,4284056,90761760.00
2011/02/23,7.90,8.12,7.84,8.04,3095198,64434224.00
2011/02/24,7.92,8.13,7.92,8.13,2610474,54667048.00
2011/02/25,8.15,8.16,7.95,8.05,2577478,53953832.00
2011/02/28,8.04,8.42,7.98,8.38,7407264,159433376.00
2011/03/01,8.42,8.75,8.29,8.38,9376934,208176096.00
2011/03/03,8.25,8.44,8.06,8.09,4729868,101485544.00
2011/03/04,8.08,8.18,8.00,8.17,2589531,54555372.00
2011/03/07,8.17,8.55,8.16,8.36,5204038,113526128.00
2011/03/08,8.33,8.33,8.22,8.29,2884968,62094572.00
2011/03/09,8.32,8.38,8.20,8.30,3079490,66395696.00
2011/03/10,8.29,8.44,8.17,8.38,4163837,90478328.00
2011/03/11,8.36,8.40,8.24,8.25,3039234,65818616.00
2011/03/14,8.29,8.51,8.29,8.49,5744104,126534056.00
2011/03/15,8.59,8.60,8.22,8.43,4467052,97682088.00
2011/03/16,8.40,8.48,8.33,8.46,3552764,77802896.00
2011/03/17,8.38,8.42,8.06,8.10,3627444,78006536.00
2011/03/18,8.15,8.22,8.07,8.10,2217833,46922084.00
2011/03/21,8.06,8.35,7.93,8.33,4482135,95825200.00
2011/03/22,8.44,8.48,8.22,8.24,3447665,74884320.00
2011/03/23,8.25,8.30,8.13,8.22,2226757,47658740.00
2011/03/24,8.22,8.63,8.10,8.40,6545945,143500960.00
2011/03/25,8.31,8.42,8.29,8.33,3207001,69688576.00
2011/03/28,8.35,8.40,8.25,8.26,2842667,61346472.00
2011/03/29,8.27,8.63,8.09,8.37,7112304,155039552.00
2011/03/30,8.30,8.34,8.14,8.15,2848191,60874956.00
2011/03/31,8.17,8.21,7.95,7.96,2443771,51371312.00
2011/04/01,8.05,8.15,7.98,8.07,1096178,22993904.00
2011/04/06,8.05,8.14,7.97,8.05,1469041,30847274.00
2011/04/07,8.02,8.14,8.02,8.06,1214040,25515612.00
2011/04/08,8.06,8.13,8.00,8.11,1841154,38693488.00
2011/04/11,8.11,8.17,7.94,7.95,1858016,39007988.00
2011/04/12,8.02,8.11,7.94,7.98,1384610,28913106.00
2011/04/13,8.05,8.12,7.98,8.11,1728033,36412608.00
2011/04/14,8.13,8.14,7.98,7.99,1810357,37893064.00
2011/04/15,7.99,8.00,7.73,7.79,2323143,47457744.00
2011/04/18,7.68,7.75,7.63,7.67,1879239,37567276.00
2011/04/19,7.66,7.66,7.38,7.45,1847082,35861996.00
2011/04/20,7.44,7.53,7.42,7.48,1079809,21051278.00
2011/04/21,7.56,7.74,7.52,7.65,1363834,27227452.00
2011/04/22,7.65,7.73,7.56,7.62,928299,18437936.00
2011/04/25,7.56,7.63,7.40,7.40,1046983,20329036.00
2011/04/26,7.44,7.52,7.25,7.29,739590,14142591.00
2011/04/27,7.38,7.38,7.29,7.32,849558,16197425.00
2011/04/28,7.30,7.30,6.60,6.63,2761730,48999288.00
2011/04/29,6.64,6.71,6.22,6.58,1658389,27792376.00
2011/05/03,6.52,6.80,6.40,6.79,1566906,27172962.00
2011/05/04,6.67,6.78,6.66,6.67,1159615,20271742.00
2011/05/05,6.64,6.71,6.64,6.65,545549,9477515.00
2011/05/06,6.65,6.73,6.44,6.63,745161,12835537.00
2011/05/09,6.58,6.79,6.58,6.78,1232599,21659840.00
2011/05/10,6.75,7.00,6.75,6.93,1661807,29943650.00
2011/05/11,6.98,7.04,6.87,6.90,1168670,21182150.00
2011/05/12,6.90,7.04,6.83,6.83,1266893,22956070.00
2011/05/13,6.83,6.90,6.67,6.85,1133801,20053662.00
2011/05/16,6.87,6.97,6.83,6.86,612793,10996579.00
2011/05/17,6.83,6.85,6.58,6.67,992086,17295300.00
2011/05/18,6.67,6.70,6.60,6.67,657221,11410312.00
2011/05/20,6.65,6.65,6.52,6.55,670929,11483141.00
2011/05/23,6.58,6.58,6.20,6.21,1127810,18591292.00
2011/05/24,6.21,6.27,6.01,6.12,986983,15779191.00
2011/05/25,6.20,6.21,6.10,6.21,663936,10645985.00
2011/05/26,6.21,6.27,6.15,6.27,732445,11884743.00
2011/05/27,6.17,6.27,6.06,6.26,566362,9111678.00
2011/05/30,6.38,6.71,6.27,6.34,3193365,53969644.00
2011/05/31,6.15,6.31,5.97,6.30,1604878,25663324.00
2011/06/01,6.27,6.33,6.21,6.23,982591,15964209.00
2011/06/02,6.15,6.15,6.01,6.08,1085888,17106184.00
2011/06/03,6.53,6.53,6.27,6.30,2134121,35249804.00
2011/06/07,6.17,6.30,6.10,6.25,952312,15437160.00
2011/06/08,6.28,6.29,6.12,6.21,999418,16075272.00
2011/06/09,6.21,6.23,6.04,6.04,1052020,16699640.00
2011/06/10,5.88,6.01,5.87,5.99,781977,12066454.00
2011/06/13,5.92,5.98,5.90,5.96,476099,7352513.50
2011/06/14,6.00,6.14,5.94,6.10,985944,15526067.00
2011/06/15,6.10,6.11,5.99,6.01,700381,11008143.00
2011/06/16,5.97,5.99,5.89,5.91,612260,9440319.00
2011/06/17,5.92,6.02,5.90,5.91,596869,9224952.00
2011/06/20,5.96,6.11,5.91,5.97,1445760,22635528.00
2011/06/21,5.98,6.03,5.79,5.93,967033,14860572.00
2011/06/22,5.93,5.95,5.87,5.92,654690,10051198.00
2011/06/23,5.95,6.09,5.83,6.06,1661881,26023112.00
2011/06/24,6.04,6.21,5.97,6.18,2074158,33111934.00
2011/06/27,6.19,6.38,6.19,6.25,2188299,35765640.00
2011/06/28,6.29,6.35,6.19,6.32,1362568,22142096.00
2011/06/29,6.34,6.65,6.24,6.42,2915516,49090984.00
2011/06/30,6.33,6.48,6.31,6.38,2113935,34999860.00
2011/07/01,6.35,6.41,6.28,6.29,1648207,27087852.00
2011/07/04,6.29,6.42,6.29,6.40,1791499,29628526.00
2011/07/05,6.40,6.54,6.35,6.50,1895470,31840250.00
2011/07/06,7.15,7.15,6.87,6.96,9757091,178365392.00
2011/07/07,6.73,6.82,6.67,6.70,5643413,98972008.00
2011/07/08,6.67,6.84,6.65,6.76,3970144,69841808.00
2011/07/14,7.12,7.44,6.92,7.44,9202446,175242336.00
2011/07/15,7.50,7.88,7.42,7.74,14813094,295111680.00
2011/07/18,7.63,7.96,7.54,7.84,8064106,162022624.00
2011/07/19,7.73,7.80,7.58,7.67,5233444,104650664.00
2011/07/20,7.72,7.73,7.23,7.35,6767830,130846960.00
2011/07/21,7.27,7.27,7.02,7.08,5333086,98611080.00
2011/07/22,6.90,7.38,6.77,7.38,17742491,323672544.00
2011/07/25,7.28,7.36,6.98,7.25,8743297,163717536.00
2011/07/26,7.23,7.58,7.23,7.56,12058835,234099488.00
2011/07/27,7.56,7.62,7.40,7.54,5978950,116511824.00
2011/07/28,7.48,7.88,7.42,7.82,12078441,242269888.00
2011/07/29,7.82,8.01,7.65,7.69,8425883,171582976.00
2011/08/01,7.69,7.87,7.55,7.67,6176807,123490872.00
2011/08/02,7.67,7.88,7.50,7.88,6109832,122000504.00
2011/08/03,7.83,8.02,7.78,7.87,7569075,155372064.00
2011/08/04,7.85,7.99,7.71,7.75,4693295,95294144.00
2011/08/05,7.50,7.78,7.31,7.53,4860224,96053560.00
2011/08/08,7.49,7.62,6.82,7.08,5990475,111854936.00
2011/08/09,6.92,7.27,6.53,7.17,6860979,122744168.00
2011/08/10,7.49,7.87,7.29,7.34,12508615,244637152.00
2011/08/11,7.04,7.37,7.04,7.31,5478301,102916008.00
2011/08/12,7.34,7.50,7.25,7.47,6354287,122035792.00
2011/08/15,7.42,7.77,7.38,7.63,6536748,128802288.00
2011/08/16,7.63,7.68,7.47,7.52,4317746,84918712.00
2011/08/17,7.60,7.78,7.46,7.70,5386251,107550752.00
2011/08/18,7.69,7.72,7.43,7.44,3203076,62959036.00
2011/08/19,7.23,7.35,6.77,7.22,4552984,84607208.00
2011/08/22,7.31,7.49,7.06,7.08,4813653,91069216.00
2011/08/24,7.26,7.35,7.16,7.23,3705590,69815400.00
2011/08/25,7.31,7.32,7.12,7.30,3874156,72735416.00
2011/08/26,7.23,7.60,7.23,7.56,6344646,123141968.00
2011/08/29,7.65,7.70,7.37,7.46,7624883,149125968.00
2011/08/30,7.47,7.53,7.32,7.33,3306141,63746156.00
2011/08/31,7.31,7.35,7.08,7.15,3099864,57827684.00
2011/09/01,7.23,7.27,7.08,7.13,1820870,33988548.00
2011/09/02,7.08,7.16,6.96,7.07,1538201,28154104.00
2011/09/05,7.06,7.10,6.79,6.79,1886812,33898308.00
2011/09/06,6.91,7.11,6.82,6.87,3577145,64706948.00
2011/09/07,6.85,6.95,6.72,6.95,4118219,73311280.00
2011/09/08,6.95,6.96,6.81,6.81,2179298,38950300.00
2011/09/13,6.53,6.67,6.50,6.52,2473814,42233164.00
2011/09/14,6.55,6.64,6.49,6.63,1724704,29471244.00
2011/09/15,6.83,6.96,6.73,6.84,3035038,54223444.00
2011/09/16,6.85,6.91,6.77,6.84,1389430,24710380.00
2011/09/19,6.76,6.92,6.76,6.77,1436625,25529138.00
2011/09/20,6.80,6.92,6.73,6.83,2212285,39302636.00
2011/09/21,6.83,6.98,6.55,6.95,5847109,51947468.00
2011/09/22,6.83,6.92,6.46,6.48,4852185,42237204.00
2011/09/23,6.34,6.48,6.26,6.42,3533241,29302608.00
2011/09/26,6.32,6.45,6.19,6.22,2766746,22688718.00
2011/09/27,6.31,6.77,6.27,6.50,5035935,42638220.00
2011/09/28,6.46,6.52,6.20,6.37,3573667,29613262.00
2011/09/29,6.29,6.29,6.11,6.11,2486853,19994784.00
2011/09/30,6.12,6.35,6.08,6.08,2178390,17540404.00
2011/10/10,6.16,6.27,6.11,6.14,1406383,11257881.00
2011/10/11,6.32,6.36,6.00,6.34,4903805,39602112.00
2011/10/12,6.28,6.62,6.23,6.54,8826937,73756112.00
2011/10/13,6.50,6.58,6.40,6.55,6002033,50772712.00
2011/10/14,6.55,6.55,6.38,6.51,3462976,29187888.00
2011/10/17,6.52,6.55,6.35,6.37,3778561,31543358.00
2011/10/18,6.34,6.62,6.31,6.42,8210432,69144312.00
2011/10/19,6.39,6.42,6.08,6.12,5842212,47035124.00
2011/10/20,6.29,6.32,5.85,5.98,5786344,46207024.00
2011/10/21,5.86,5.95,5.67,5.68,3977911,30042970.00
2011/10/24,5.71,5.75,5.46,5.72,2658782,19465082.00
2011/10/25,5.73,5.88,5.62,5.81,2942849,22027056.00
2011/10/26,5.76,6.03,5.68,5.95,6040352,46442212.00
2011/10/27,5.97,6.01,5.85,5.94,3674602,28372644.00
2011/10/28,6.01,6.05,5.93,6.01,4399529,34259048.00
2011/10/31,6.01,6.12,5.91,6.11,5235659,41018964.00
2011/11/01,6.03,6.32,6.00,6.27,7780668,62735928.00
2011/11/02,6.15,6.37,6.08,6.35,7565382,61360696.00
2011/11/03,6.38,6.39,6.24,6.28,7192521,59077300.00
2011/11/04,6.31,6.36,6.24,6.31,3991160,32629262.00
2011/11/07,6.29,6.38,6.18,6.22,4555790,37154592.00
2011/11/08,6.22,6.27,5.98,6.01,5566060,44302328.00
2011/11/09,6.07,6.61,6.00,6.61,19494499,163276832.00
2011/11/10,6.52,6.54,6.33,6.38,11426379,95704888.00
2011/11/11,6.40,6.65,6.39,6.48,12123054,103244816.00
2011/11/14,6.56,6.65,6.48,6.57,7104976,60536436.00
2011/11/15,6.68,7.10,6.68,6.98,18686704,168274096.00
2011/11/16,6.89,6.92,6.63,6.69,10162761,89628536.00
2011/11/17,6.65,6.76,6.55,6.60,6446711,55569340.00
2011/11/18,6.55,6.60,6.28,6.32,5385378,44737356.00
2011/11/21,6.37,6.45,6.27,6.45,3311265,27345046.00
2011/11/22,6.35,6.42,6.08,6.24,5315023,43086520.00
2011/11/23,6.23,6.27,6.04,6.06,5612435,44645056.00
2011/11/24,6.00,6.08,5.85,5.97,3594436,27849904.00
2011/11/25,5.98,6.05,5.92,5.95,2055369,15983681.00
2011/11/28,5.98,6.07,5.92,5.95,2214725,17221290.00
2011/11/29,6.05,6.18,6.00,6.12,3823354,30317232.00
2011/11/30,6.15,6.30,5.94,6.00,8580652,68695368.00
2011/12/01,6.20,6.29,6.00,6.05,8286656,66171064.00
2011/12/02,6.29,6.30,6.08,6.15,7632227,61308132.00
2011/12/05,6.08,6.12,5.69,5.74,4739550,36090076.00
2011/12/06,5.67,5.85,5.62,5.75,1888005,14132737.00
2011/12/07,5.77,5.84,5.72,5.78,1375518,10345409.00
2011/12/08,5.82,5.82,5.50,5.65,3157095,23111034.00
2011/12/09,5.55,5.69,5.55,5.58,1586813,11556479.00
2011/12/13,5.59,5.59,5.18,5.22,3294759,22781710.00
2011/12/14,5.19,5.25,5.00,5.01,1927581,12907495.00
2011/12/15,4.90,5.00,4.64,4.65,4269098,26486070.00
2011/12/19,4.73,4.82,4.65,4.80,3509624,21573654.00
2011/12/20,4.78,4.88,4.78,4.80,2183069,13730329.00
2011/12/21,4.87,4.91,4.68,4.71,2194942,13757257.00
2011/12/22,4.62,4.70,4.42,4.62,2901404,17171416.00
2011/12/23,4.60,4.75,4.56,4.71,2057374,12511527.00
2011/12/26,4.72,4.86,4.64,4.77,2752845,17102828.00
2011/12/27,4.71,4.83,4.65,4.65,2130273,13060170.00
2011/12/28,4.63,4.65,4.46,4.62,1709910,10146209.00
2011/12/29,4.69,4.72,4.62,4.67,1820996,11066734.00
2011/12/30,4.68,4.78,4.68,4.72,1666303,10227427.00
2012/01/04,4.77,4.86,4.60,4.62,2278967,14015487.00
2012/01/05,4.58,4.67,4.38,4.40,3423975,20153156.00
2012/01/06,4.41,4.51,4.27,4.48,2227220,12682255.00
2012/01/09,4.49,4.68,4.46,4.65,1951782,11706120.00
2012/01/10,4.70,5.12,4.70,5.12,7595452,49695736.00
2012/01/11,5.08,5.18,5.02,5.09,5961183,39551468.00
2012/01/12,5.10,5.21,4.97,5.00,4550125,29978952.00
2012/01/13,4.97,5.05,4.77,4.81,3940502,24937078.00
2012/01/16,4.70,4.87,4.69,4.78,2315305,14409222.00
2012/01/17,4.75,5.09,4.75,5.09,4667729,30039484.00
2012/01/18,5.07,5.40,5.00,5.00,7048192,47294200.00
2012/01/19,4.96,5.00,4.72,4.93,3879164,24632482.00
2012/01/20,5.00,5.04,4.92,5.02,2425844,15739400.00
2012/01/30,5.02,5.10,4.97,4.98,1936551,12679513.00
2012/01/31,4.96,5.00,4.92,4.98,1288176,8296688.00
2012/02/01,4.93,5.26,4.93,5.05,3333096,22195974.00
2012/02/02,5.05,5.16,5.01,5.14,2199560,14586043.00
2012/02/03,5.15,5.23,5.06,5.19,4155629,27862722.00
2012/02/06,5.18,5.22,5.08,5.13,3931748,26303730.00
2012/02/07,5.12,5.14,4.95,5.01,2423702,15827146.00
2012/02/08,5.02,5.17,5.01,5.15,3216021,21389118.00
2012/02/09,5.15,5.35,5.10,5.30,6983180,47825088.00
2012/02/10,5.25,5.38,5.25,5.28,5555421,38427472.00
2012/02/13,5.21,5.32,5.12,5.31,3719570,25375632.00
2012/02/14,5.27,5.53,5.25,5.48,6674761,46834388.00
2012/02/15,5.50,5.54,5.38,5.54,6090599,43366416.00
2012/02/16,5.55,5.59,5.42,5.52,4921398,35332412.00
2012/02/17,5.52,5.63,5.44,5.48,4306269,30922340.00
2012/02/20,5.54,6.02,5.45,6.02,13233117,99077280.00
2012/02/21,6.06,6.28,5.89,6.08,19514880,154221440.00
2012/02/22,6.02,6.22,5.94,6.18,15210846,120318952.00
2012/02/23,6.15,6.15,6.02,6.05,8628835,68211184.00
2012/02/24,6.02,6.12,5.97,6.12,7577804,59476996.00
2012/02/27,6.12,6.15,6.01,6.02,9377055,74093976.00
2012/02/28,5.95,6.01,5.89,5.96,5433647,41947708.00
2012/02/29,5.90,5.95,5.77,5.84,5247324,39880968.00
2012/03/01,5.78,5.92,5.75,5.84,3275915,24955940.00
2012/03/02,5.86,6.05,5.85,6.01,5817059,45042568.00
2012/03/05,6.01,6.04,5.92,5.94,4212277,32715666.00
2012/03/06,5.88,6.07,5.81,6.06,5447677,42133660.00
2012/03/07,6.00,6.19,5.92,6.03,6423668,50673392.00
2012/03/09,6.16,6.35,6.15,6.24,11926503,96841856.00
2012/03/12,6.21,6.23,6.07,6.21,6128346,49059552.00
2012/03/13,6.21,6.38,6.17,6.32,9205145,75284664.00
2012/03/14,6.32,6.60,6.02,6.13,15698603,129503168.00
2012/03/15,6.15,6.24,5.95,6.04,9003698,71338344.00
2012/03/16,6.02,6.32,6.02,6.29,8249283,66652312.00
2012/03/19,6.26,6.42,6.21,6.36,6671434,54852596.00
2012/03/20,6.33,6.35,6.15,6.22,5768308,46769672.00
2012/03/21,6.18,6.42,6.12,6.25,7595970,61780384.00
2012/03/22,6.21,6.60,6.21,6.45,14782283,124350736.00
2012/03/23,6.51,7.06,6.45,6.81,28575483,252591760.00
2012/03/26,6.80,6.82,6.54,6.78,14611202,127141512.00
2012/03/27,6.82,7.41,6.74,7.24,26999219,250467472.00
2012/03/28,7.11,7.50,7.00,7.08,23336169,218614048.00
2012/03/29,6.85,6.85,6.37,6.37,7049986,58742672.00
2012/03/30,5.85,6.33,5.73,5.98,21509654,166904688.00
2012/04/05,5.83,6.10,5.77,6.06,10486629,81012768.00
2012/04/06,6.02,6.06,5.85,5.92,9834845,76045200.00
2012/04/09,5.91,5.91,5.71,5.75,8288666,62300064.00
2012/04/10,5.91,6.22,5.82,6.12,15350483,120935504.00
2012/04/11,5.92,6.06,5.87,6.01,7712793,60005352.00
2012/04/12,5.94,6.09,5.94,6.07,8546593,67054388.00
2012/04/13,6.08,6.15,6.00,6.14,8831393,69862696.00
2012/04/16,6.12,6.53,6.05,6.38,15022610,124150920.00
2012/04/17,6.35,6.44,6.14,6.17,10559851,85594112.00
2012/04/18,6.18,6.32,6.08,6.22,8640480,69662160.00
2012/04/20,6.18,6.32,6.12,6.28,8402860,68024200.00
2012/04/23,6.27,6.30,6.00,6.01,7889858,63031388.00
2012/04/24,5.98,6.03,5.42,5.74,9265177,69246096.00
2012/04/26,5.82,5.97,5.76,5.77,4676992,35570656.00
2012/04/27,5.78,5.85,5.52,5.59,5127079,37516032.00
2012/05/02,5.71,5.88,5.65,5.75,4770722,35778848.00
2012/05/03,5.75,5.92,5.71,5.85,3837340,28942214.00
2012/05/04,5.82,6.09,5.79,6.08,6671977,51472644.00
2012/05/08,6.28,6.28,6.09,6.14,8029224,64533200.00
2012/05/09,6.09,6.09,5.85,5.91,4814510,37308612.00
2012/05/10,5.85,5.95,5.83,5.92,3655638,27941722.00
2012/05/11,5.93,5.97,5.79,5.86,2854568,21866326.00
2012/05/14,5.91,5.96,5.78,5.90,3568699,27310202.00
2012/05/15,5.83,5.88,5.76,5.86,2662291,20117388.00
2012/05/16,5.86,5.88,5.62,5.62,2877939,21469836.00
2012/05/17,5.61,5.80,5.58,5.80,2710147,20182220.00
2012/05/18,5.71,6.01,5.71,5.92,6130099,46876340.00
2012/05/21,5.89,5.96,5.76,5.87,3710985,28307728.00
2012/05/22,5.86,6.06,5.85,6.03,7166907,55701636.00
2012/05/23,5.98,6.46,5.93,6.32,13983193,112256816.00
2012/05/24,6.25,6.65,6.22,6.48,22470378,187916000.00
2012/05/25,6.38,6.48,6.23,6.32,12432032,102162720.00
2012/05/28,6.40,6.68,6.32,6.57,17668346,149127856.00
2012/05/29,6.52,6.63,6.42,6.62,14256974,120924008.00
2012/05/30,6.62,6.65,6.45,6.45,12535781,106701880.00
2012/05/31,6.42,6.42,6.21,6.35,11251370,92257392.00
2012/06/01,6.40,6.41,6.24,6.26,6437283,52837592.00
2012/06/04,6.11,6.12,5.86,5.88,6917334,53888648.00
2012/06/05,5.88,6.09,5.86,5.99,5004602,38859840.00
2012/06/06,6.07,6.21,5.89,6.06,5294679,41560888.00
2012/06/07,6.19,6.25,5.97,5.98,5515953,43844556.00
2012/06/08,6.07,6.16,5.96,6.10,5283046,41696240.00
2012/06/12,6.08,6.12,5.83,5.85,5842965,45254248.00
2012/06/13,5.85,5.92,5.82,5.90,5122630,39099992.00
2012/06/14,5.89,5.89,5.68,5.71,6053681,45522348.00
2012/06/15,5.75,5.78,5.69,5.75,2778731,20766072.00
2012/06/18,5.77,5.88,5.77,5.83,2392722,18145908.00
2012/06/19,5.82,5.83,5.73,5.75,1853299,13925332.00
2012/06/20,5.75,5.83,5.69,5.71,1661456,12453932.00
2012/06/21,5.67,5.72,5.45,5.52,4501751,32391166.00
2012/06/25,5.52,5.54,5.28,5.29,2817903,19712478.00
2012/06/26,5.25,5.27,5.09,5.25,2532312,17100402.00
2012/06/27,5.25,5.32,5.15,5.17,1857860,12714853.00
2012/06/28,5.18,5.25,5.15,5.15,1806200,12202446.00
2012/06/29,5.08,5.18,5.06,5.17,1904525,12666202.00
2012/07/02,5.27,5.28,5.20,5.23,1483353,10104923.00
2012/07/03,5.26,5.28,5.19,5.25,1393394,9488022.00
2012/07/04,5.28,5.29,5.12,5.12,1533526,10363842.00
2012/07/05,5.12,5.18,4.93,4.94,1946973,12775037.00
2012/07/06,4.98,5.11,4.89,5.07,2203090,14355358.00
2012/07/09,5.02,5.02,4.89,4.90,1593104,10245001.00
2012/07/10,4.88,4.90,4.72,4.78,1497922,9321785.00
2012/07/11,4.83,4.95,4.76,4.89,1330779,8435640.00
2012/07/12,4.89,4.96,4.76,4.93,1650628,10444315.00
2012/07/13,4.93,4.98,4.87,4.95,1081229,6954368.00
2012/07/16,4.95,4.95,4.65,4.67,1935596,12023400.00
2012/07/17,4.63,4.81,4.63,4.75,1338410,8263763.00
2012/07/18,4.74,4.88,4.68,4.88,1826191,11344035.00
2012/07/19,4.88,5.00,4.81,4.91,2444867,15662906.00
2012/07/20,4.92,5.04,4.91,4.95,2049893,13209317.00
2012/07/23,4.85,5.14,4.80,4.95,2003294,12853679.00
2012/07/24,4.82,5.04,4.82,4.99,2590831,16629079.00
2012/07/25,4.96,5.02,4.92,5.00,1774644,11465574.00
2012/07/26,5.08,5.30,5.02,5.09,4630601,31139730.00
2012/07/27,5.05,5.15,5.03,5.06,1876495,12372702.00
2012/07/30,5.07,5.22,4.92,4.93,1970674,12924582.00
2012/07/31,4.85,4.88,4.65,4.73,1939208,11991703.00
2012/08/01,4.73,4.88,4.73,4.82,1323676,8303029.00
2012/08/02,4.82,4.85,4.71,4.75,1431774,8907252.00
2012/08/03,4.77,4.95,4.75,4.90,1669370,10579742.00
2012/08/06,4.90,5.28,4.90,5.22,5561937,37225428.00
2012/08/07,5.16,5.25,5.14,5.22,3244856,21916782.00
2012/08/08,5.21,5.21,5.08,5.14,2226897,14833476.00
2012/08/09,5.14,5.35,5.02,5.21,3773684,25441814.00
2012/08/10,5.15,5.57,5.12,5.54,8517616,59540712.00
2012/08/13,5.49,5.49,5.28,5.34,4303029,30116960.00
2012/08/14,5.31,5.38,5.08,5.28,3736194,25319370.00
2012/08/15,5.28,5.28,5.12,5.17,1772592,11963201.00
2012/08/16,5.17,5.41,5.15,5.28,3253834,22483918.00
2012/08/17,5.27,5.31,5.16,5.25,1150877,7804774.00
2012/08/20,5.22,5.28,5.15,5.26,905300,6138934.50
2012/08/21,5.27,5.43,5.26,5.38,2146675,14931794.00
2012/08/22,5.42,5.42,5.15,5.19,2585487,17659202.00
2012/08/23,5.15,5.52,5.15,5.45,5633447,39588276.00
2012/08/24,5.42,5.42,5.25,5.32,3259242,22579362.00
2012/08/27,5.32,5.32,5.01,5.05,2949541,19777080.00
2012/08/28,5.05,5.10,4.92,5.04,1983400,12884678.00
2012/08/29,4.96,5.09,4.95,4.96,1414482,9196041.00
2012/08/30,4.95,5.01,4.77,4.87,1809804,11467733.00
2012/08/31,4.87,4.92,4.84,4.89,880895,5588009.00
2012/09/03,4.90,5.19,4.87,5.05,1684778,11029522.00
2012/09/04,5.01,5.20,5.01,5.02,1844951,12220088.00
2012/09/05,4.98,5.13,4.98,5.04,1771182,11656016.00
2012/09/06,5.15,5.20,5.05,5.14,2665856,17738928.00
2012/09/07,5.55,5.65,5.38,5.49,15846239,114636104.00
2012/09/10,5.40,5.77,5.32,5.62,15943372,115627368.00
2012/09/11,5.52,5.55,5.41,5.46,6152564,43733676.00
2012/09/12,5.54,5.54,5.42,5.50,3108299,22126056.00
2012/09/13,5.50,5.50,5.33,5.33,3051306,21476760.00
2012/09/14,5.38,5.42,5.23,5.30,2916571,20184674.00
2012/09/17,5.31,5.33,4.99,5.08,3029019,20422816.00
2012/09/18,5.08,5.16,5.01,5.11,1885381,12500450.00
2012/09/19,5.12,5.16,5.08,5.11,1264188,8413137.00
2012/09/20,5.11,5.12,4.88,4.89,2358041,15244196.00
2012/09/21,4.92,4.97,4.88,4.89,1275472,8165660.00
2012/09/24,4.89,4.96,4.76,4.95,1519097,9625485.00
2012/09/25,4.95,5.18,4.91,5.01,2067823,13583684.00
2012/09/26,4.97,4.98,4.78,4.78,1739783,10989963.00
2012/09/27,4.78,4.98,4.78,4.91,1603385,10176186.00
2012/09/28,4.88,5.02,4.88,5.01,1454790,9416467.00
2012/10/08,5.08,5.08,4.95,5.00,1284351,8340811.00
2012/10/09,5.02,5.49,5.02,5.35,6882038,47153096.00
2012/10/10,5.23,5.33,5.22,5.27,3778723,25877912.00
2012/10/11,5.27,5.32,5.17,5.17,2644846,18004494.00
2012/10/12,5.17,5.27,5.15,5.17,1943988,13120775.00
2012/10/15,5.17,5.28,5.14,5.26,2859972,19415336.00
2012/10/16,5.31,5.46,5.26,5.27,5244523,36454560.00
2012/10/17,5.25,5.26,5.15,5.19,2341452,15820560.00
2012/10/18,5.19,5.28,5.16,5.28,2194314,14933423.00
2012/10/19,5.25,5.34,5.19,5.20,1446176,9863999.00
2012/10/22,5.17,5.22,5.16,5.22,1510232,10192481.00
2012/10/23,5.17,5.38,5.17,5.27,3314260,22764410.00
2012/10/24,5.28,5.28,5.15,5.22,2164655,14670796.00
2012/10/25,5.15,5.24,5.12,5.12,1522914,10250010.00
2012/10/26,5.12,5.18,4.92,4.97,1810358,11774397.00
2012/10/29,4.98,5.02,4.93,4.94,809675,5229190.00
2012/10/30,4.98,5.02,4.95,4.98,769350,4986191.50
2012/10/31,4.97,5.05,4.97,5.05,988343,6443444.50
2012/11/01,5.04,5.12,5.01,5.10,1648442,10901430.00
2012/11/02,5.12,5.18,5.06,5.15,1539875,10246460.00
2012/11/05,5.11,5.15,5.07,5.08,1391006,9219926.00
2012/11/06,5.11,5.11,4.92,5.02,1566422,10156510.00
2012/11/07,5.08,5.08,4.98,5.02,948934,6176158.00
2012/11/08,4.95,5.23,4.92,4.95,4015760,26604078.00
2012/11/09,4.82,5.05,4.77,4.91,2996117,18946920.00
2012/11/12,4.87,4.95,4.82,4.90,1693246,10765872.00
2012/11/13,4.90,4.92,4.77,4.78,1676661,10529012.00
2012/11/14,4.83,4.85,4.74,4.78,1430085,8914893.00
2012/11/15,4.78,4.82,4.68,4.69,1270251,7853183.50
2012/11/16,4.70,4.73,4.46,4.49,2702833,15927553.00
2012/11/19,4.50,4.56,4.44,4.48,1134973,6615713.50
2012/11/20,4.52,4.53,4.48,4.49,501700,2938964.00
2012/11/21,4.53,4.65,4.48,4.63,1455349,8631295.00
2012/11/22,4.64,4.73,4.58,4.60,1568232,9477379.00
2012/11/23,4.61,4.65,4.54,4.57,897654,5349731.00
2012/11/26,4.55,4.58,4.48,4.49,581999,3426904.00
2012/11/27,4.51,4.60,4.38,4.38,1344651,7836756.50
2012/11/28,4.37,4.37,3.96,4.01,3015822,16071725.00
2012/11/29,4.01,4.08,3.98,3.98,1236349,6461525.50
2012/11/30,3.98,4.07,3.98,4.05,743122,3913748.75
2012/12/03,4.02,4.08,3.92,3.92,575804,3002519.75
2012/12/04,3.95,4.01,3.86,3.99,892766,4555792.50
2012/12/05,3.99,4.39,3.99,4.28,3144965,17355330.00
2012/12/06,4.23,4.71,4.22,4.71,6026896,35948692.00
2012/12/07,4.85,4.88,4.58,4.85,12381248,76276760.00
2012/12/10,4.79,5.12,4.69,4.85,10886882,68440240.00
2012/12/11,4.77,4.86,4.72,4.74,6691019,41679416.00
2012/12/12,4.85,5.22,4.85,5.08,21958349,146022576.00
2012/12/13,4.96,4.97,4.75,4.75,13819073,86537664.00
2012/12/14,4.77,4.97,4.73,4.91,8258887,52411104.00
2012/12/17,4.91,5.02,4.88,4.92,5936277,38115012.00
2012/12/18,4.88,5.04,4.80,4.82,6737882,43025580.00
2012/12/19,4.82,4.96,4.82,4.88,3460470,21960046.00
2012/12/20,4.88,4.89,4.78,4.86,2802123,17606578.00
2012/12/21,4.88,5.05,4.82,4.91,6230863,39844272.00
2012/12/24,4.90,4.92,4.83,4.92,2970851,18818486.00
2012/12/25,4.92,5.23,4.89,5.18,13982286,92925784.00
2012/12/26,5.16,5.38,5.09,5.37,19214927,131059016.00
2012/12/27,5.23,5.32,5.18,5.23,10354554,70816416.00
2012/12/28,5.19,5.32,5.15,5.23,5527669,37614528.00
2012/12/31,5.23,5.28,5.17,5.22,3845795,26114724.00
2013/01/04,5.25,5.29,5.16,5.21,3561366,24129002.00
2013/01/07,5.18,5.45,5.18,5.42,9389432,65315944.00
2013/01/08,5.41,5.41,5.28,5.32,7129179,49312356.00
2013/01/09,5.32,5.42,5.28,5.32,5250813,36402460.00
2013/01/10,5.34,5.37,5.22,5.25,5794468,39865652.00
2013/01/11,5.25,5.54,5.20,5.37,13161912,92190432.00
2013/01/14,5.32,5.56,5.28,5.52,14404552,101572232.00
2013/01/15,5.51,5.81,5.42,5.76,19421154,141628880.00
2013/01/16,5.64,5.69,5.46,5.51,15196230,109716792.00
2013/01/17,5.51,5.56,5.38,5.44,5881271,41619524.00
2013/01/18,5.45,5.53,5.41,5.48,4170198,29619934.00
2013/01/21,5.50,5.59,5.45,5.53,5531123,39739144.00
2013/01/22,5.53,5.55,5.31,5.35,5600708,39472104.00
2013/01/23,5.32,5.36,5.18,5.28,4206953,28818322.00
2013/01/24,5.29,5.35,5.11,5.11,4521229,30702160.00
2013/01/25,5.08,5.34,5.08,5.32,4542511,31115928.00
2013/01/28,5.25,5.38,5.25,5.38,3204683,22267908.00
2013/01/29,5.38,5.45,5.32,5.35,3221742,22450652.00
2013/01/30,5.35,5.46,5.32,5.35,3365216,23478278.00
2013/01/31,5.35,5.41,5.32,5.36,3206019,22347528.00
2013/02/01,5.32,5.35,5.26,5.28,2818761,19394656.00
2013/02/04,5.31,5.35,5.21,5.26,2703405,18540590.00
2013/02/05,5.25,5.37,5.22,5.35,3015417,20862190.00
2013/02/06,5.35,5.42,5.32,5.36,2449901,17081262.00
2013/02/07,5.38,5.52,5.34,5.52,7029014,49757800.00
2013/02/08,5.52,5.73,5.48,5.64,7449971,54535948.00
2013/02/18,5.63,5.63,5.48,5.58,5250277,38022508.00
2013/02/19,5.59,5.62,5.42,5.45,3948618,28141870.00
2013/02/20,5.45,5.52,5.42,5.52,3400557,24193274.00
2013/02/21,5.50,5.50,5.22,5.27,5397672,37483528.00
2013/02/22,5.24,5.32,5.24,5.27,2156261,14774204.00
2013/02/25,5.28,5.38,5.28,5.34,2318158,16015877.00
2013/02/26,5.35,5.35,5.25,5.28,2565872,17612564.00
2013/02/27,5.27,5.32,5.22,5.28,2242700,15355694.00
2013/02/28,5.29,5.39,5.24,5.39,3775667,26118108.00
2013/03/01,5.39,5.45,5.35,5.44,3776706,26570712.00
2013/03/04,5.42,5.42,5.11,5.25,4772131,32507490.00
2013/03/05,5.28,5.35,5.19,5.31,2752489,18890712.00
2013/03/06,5.35,5.35,5.26,5.34,2859380,19730840.00
2013/03/07,5.34,5.35,5.25,5.31,2737534,18857182.00
2013/03/08,5.32,5.37,5.28,5.28,1362474,9401016.00
2013/03/11,5.24,5.28,5.23,5.26,1468349,10020301.00
2013/03/12,5.25,5.28,4.98,5.02,4555425,30073508.00
2013/03/13,5.06,5.06,4.85,4.90,2439374,15559108.00
2013/03/14,4.93,5.39,4.93,5.39,8028959,54697300.00
2013/03/15,5.18,5.38,5.10,5.24,10951824,74346168.00
2013/03/18,5.13,5.22,5.02,5.02,4346817,28762066.00
2013/03/19,4.99,5.09,4.92,5.01,3118492,20237338.00
2013/03/20,5.01,5.12,4.99,5.11,4084639,26904668.00
2013/03/21,5.17,5.27,5.11,5.20,5958493,40111420.00
2013/03/22,5.15,5.18,5.08,5.09,3780891,25172462.00
2013/03/25,5.15,5.22,5.13,5.19,4164729,28025968.00
2013/03/26,5.19,5.19,4.98,5.03,3433600,22561156.00
2013/03/27,5.01,5.10,4.96,5.00,2417398,15764393.00
2013/03/28,5.05,5.19,4.98,4.99,5578686,36746040.00
2013/03/29,4.96,5.00,4.85,4.89,3325996,21191982.00
2013/04/01,4.90,4.95,4.87,4.90,2012885,12810771.00
2013/04/02,4.91,4.96,4.81,4.82,2422183,15348359.00
2013/04/03,4.82,4.86,4.70,4.76,1596732,9876344.00
2013/04/08,4.68,4.72,4.58,4.68,1972343,11879075.00
2013/04/09,4.74,4.75,4.68,4.71,1167657,7157307.00
2013/04/10,4.71,4.77,4.67,4.70,1586817,9734775.00
2013/04/11,4.74,4.76,4.68,4.71,1124438,6890177.00
2013/04/12,4.64,4.74,4.61,4.62,1484684,8974799.00
2013/04/15,4.62,4.65,4.52,4.56,1224384,7246595.50
2013/04/16,4.55,4.63,4.48,4.62,1048382,6204318.50
2013/04/17,4.67,4.74,4.62,4.73,1964362,11948258.00
2013/04/18,4.69,4.75,4.63,4.68,1439059,8771468.00
2013/04/19,4.65,4.78,4.65,4.75,2232333,13747990.00
2013/04/22,4.82,4.88,4.76,4.78,2364417,14785181.00
2013/04/23,4.75,4.77,4.55,4.55,2131037,12826899.00
2013/04/24,4.52,4.65,4.52,4.64,1127661,6757913.00
2013/04/25,4.67,4.67,4.57,4.57,1305399,7837532.00
2013/04/26,4.57,4.60,4.47,4.48,1708936,10087112.00
2013/05/02,4.48,4.53,4.47,4.52,1014082,5940388.00
2013/05/03,4.54,4.62,4.54,4.58,1714869,10218184.00
2013/05/06,4.55,4.71,4.55,4.68,2893788,17443172.00
2013/05/07,4.68,4.72,4.65,4.71,2026839,12321120.00
2013/05/08,4.71,4.83,4.71,4.74,2526208,15657934.00
2013/05/09,4.75,4.95,4.68,4.93,6612961,41495232.00
2013/05/10,4.92,4.92,4.77,4.85,4856497,30482768.00
2013/05/13,4.90,4.90,4.75,4.82,1932702,12080763.00
2013/05/14,4.82,4.83,4.73,4.76,2179214,13497001.00
2013/05/15,4.73,4.82,4.72,4.78,2048108,12740045.00
2013/05/16,4.78,4.85,4.76,4.82,2871952,17932600.00
2013/05/17,4.83,4.92,4.75,4.88,5848388,36822316.00
2013/05/20,4.88,4.93,4.83,4.91,5249425,33352620.00
2013/05/21,4.90,4.93,4.85,4.89,4235521,26882834.00
2013/05/22,4.88,4.95,4.83,4.91,4979489,31705590.00
2013/05/23,4.88,4.91,4.78,4.79,3805780,23936892.00
2013/05/24,4.79,4.86,4.76,4.86,2696477,16861750.00
2013/05/27,4.86,4.99,4.84,4.97,6011790,38568196.00
2013/05/28,4.98,4.98,4.90,4.95,4477132,28746462.00
2013/05/29,4.95,5.04,4.95,4.96,3656479,23651750.00
2013/05/30,4.96,4.96,4.86,4.88,3157391,20082482.00
2013/05/31,4.88,5.01,4.85,4.93,4451472,28623162.00
2013/06/03,4.91,4.97,4.87,4.95,3459287,22182886.00
2013/06/04,4.97,4.99,4.73,4.75,3730634,23375294.00
2013/06/05,4.78,4.78,4.69,4.73,2038099,12530764.00
2013/06/06,4.72,4.73,4.61,4.62,2168091,13164376.00
2013/06/07,4.61,4.67,4.53,4.55,1559437,9303110.00
2013/06/13,4.50,4.52,4.29,4.31,2621405,14918828.00
2013/06/14,4.31,4.40,4.30,4.35,1945525,10959269.00
2013/06/17,4.37,4.37,4.23,4.28,1654768,9220349.00
2013/06/18,4.31,4.34,4.22,4.24,1565384,8673090.00
2013/06/19,4.21,4.31,4.19,4.30,1822504,10071515.00
2013/06/20,4.28,4.49,4.24,4.28,3796199,21493372.00
2013/06/21,4.18,4.31,4.18,4.29,2169325,11995370.00
2013/06/24,4.30,4.32,3.89,3.92,2769460,14562931.00
2013/06/25,3.85,3.92,3.55,3.79,4145420,20317996.00
2013/06/26,3.78,3.88,3.75,3.82,1853880,9186315.00
2013/06/27,3.84,3.88,3.71,3.75,1924419,9547481.00
2013/06/28,3.77,3.83,3.67,3.73,1013389,4962891.50
2013/07/01,3.65,3.75,3.63,3.75,1420844,6859575.00
2013/07/02,3.75,3.86,3.73,3.82,1396102,6912819.50
2013/07/03,3.80,3.80,3.65,3.72,1971023,9514925.00
2013/07/04,3.75,3.88,3.72,3.83,3058980,15242871.00
2013/07/05,3.82,4.00,3.81,3.87,2654831,13449265.00
2013/07/08,3.82,3.82,3.54,3.64,1978826,9470410.00
2013/07/09,3.72,3.75,3.66,3.72,1189099,5728585.50
2013/07/10,3.72,3.81,3.68,3.81,2141801,10445193.00
2013/07/11,3.81,4.15,3.81,4.02,5403015,28001764.00
2013/07/12,4.00,4.05,3.92,3.93,2944085,15253005.00
2013/07/15,3.92,4.02,3.92,3.98,1739226,9007480.00
2013/07/16,4.02,4.13,3.92,4.06,3457802,18149736.00
2013/07/17,4.05,4.05,3.91,3.95,3299741,17082812.00
2013/07/18,3.97,3.97,3.81,3.84,2938379,14850941.00
2013/07/19,3.85,3.88,3.69,3.71,2481664,12222984.00
2013/07/22,3.69,3.75,3.66,3.75,1376788,6662916.50
2013/07/23,3.75,3.86,3.73,3.82,2104241,10444395.00
2013/07/24,3.82,3.86,3.74,3.80,1880059,9267217.00
2013/07/25,3.85,4.10,3.83,4.05,11165557,58432028.00
2013/07/26,4.00,4.03,3.91,3.95,4728671,24344596.00
2013/07/29,3.92,3.92,3.76,3.77,3602440,17804140.00
2013/07/30,3.75,3.82,3.73,3.78,2112236,10399062.00
2013/07/31,3.78,3.84,3.74,3.75,1635826,8037185.00
2013/08/01,3.75,3.85,3.75,3.84,2881224,14279689.00
2013/08/02,3.84,3.92,3.84,3.88,3455816,17444258.00
2013/08/05,3.88,3.98,3.85,3.96,3399734,17375510.00
2013/08/06,4.02,4.12,3.98,4.02,6807879,35733424.00
2013/08/07,3.98,4.03,3.96,3.98,3253148,16845690.00
2013/08/08,3.96,3.99,3.92,3.94,2112075,10833684.00
2013/08/09,3.98,3.99,3.92,3.98,2521448,12991254.00
2013/08/12,3.97,4.07,3.97,4.05,3842718,20088094.00
2013/08/13,4.02,4.10,4.02,4.07,4119616,21766490.00
2013/08/14,4.08,4.11,4.02,4.03,3427184,18056890.00
2013/08/15,4.01,4.05,3.95,3.96,1965297,10229025.00
2013/08/16,3.97,4.05,3.91,3.92,2518284,12985077.00
2013/08/19,3.92,3.97,3.90,3.96,1609880,8232603.00
2013/08/20,3.98,4.04,3.95,3.98,2165822,11242629.00
2013/08/21,3.97,4.04,3.95,4.01,2253611,11713825.00
2013/08/22,4.03,4.03,3.98,4.02,2839611,14816795.00
2013/08/23,4.02,4.03,3.92,3.95,3754444,19383944.00
2013/08/26,3.95,4.05,3.94,4.02,3295782,17152664.00
2013/08/27,4.05,4.10,4.00,4.10,5594599,29489984.00
2013/08/28,4.09,4.36,4.05,4.16,12280650,67038500.00
2013/08/29,4.16,4.32,4.10,4.27,9968111,54908996.00
2013/08/30,4.25,4.52,4.22,4.49,21870490,125318768.00
2013/09/02,4.58,4.65,4.30,4.36,12548623,71577760.00
2013/09/03,4.32,4.35,4.23,4.33,7682286,42873384.00
2013/09/04,4.32,4.76,4.26,4.76,20632928,121748032.00
2013/09/05,5.21,5.21,4.81,4.92,47594952,311306912.00
2013/09/06,4.73,5.06,4.62,4.81,25274080,157794032.00
2013/09/09,4.88,4.96,4.78,4.88,18135932,114877504.00
2013/09/10,4.88,5.19,4.75,5.08,24781044,160634736.00
2013/09/11,5.01,5.04,4.83,4.84,14582316,93349056.00
2013/09/12,4.89,5.01,4.77,4.81,10313610,65255596.00
2013/09/13,4.95,5.07,4.83,4.95,15040539,96878832.00
2013/09/16,5.02,5.18,4.96,4.98,15901735,104695480.00
2013/09/17,5.05,5.48,5.05,5.26,33311818,230415392.00
2013/09/18,5.19,5.24,5.03,5.19,19604405,130757048.00
2013/09/23,5.16,5.50,5.15,5.19,19669853,134579376.00
2013/09/24,5.15,5.15,4.98,5.05,13523398,88838800.00
2013/09/25,5.08,5.11,4.86,4.89,12240612,78823872.00
2013/09/26,4.86,4.87,4.67,4.73,9958393,61387812.00
2013/09/27,4.70,4.75,4.57,4.62,5585438,33803200.00
2013/09/30,4.69,4.74,4.66,4.71,4040470,24689044.00
2013/10/08,4.72,4.77,4.62,4.73,5396533,32976612.00
2013/10/09,4.75,4.87,4.65,4.82,8413969,52017492.00
2013/10/10,4.77,4.82,4.65,4.67,6959016,42772036.00
2013/10/11,4.72,4.82,4.69,4.75,6562944,40607420.00
2013/10/14,4.74,4.84,4.70,4.77,6113940,37793828.00
2013/10/15,4.75,4.80,4.60,4.66,7567948,45872800.00
2013/10/16,4.68,4.73,4.57,4.58,6470093,39118148.00
2013/10/17,4.59,4.65,4.48,4.50,5605295,33152628.00
2013/10/18,4.50,4.54,4.43,4.48,3109501,18061058.00
2013/10/21,4.48,4.58,4.45,4.58,4290869,25306866.00
2013/10/22,4.59,4.69,4.57,4.61,5909066,35571996.00
2013/10/23,4.63,4.69,4.45,4.49,5220876,31048356.00
2013/10/24,4.45,4.52,4.41,4.42,2822888,16372264.00
2013/10/25,4.42,4.45,4.15,4.19,6110556,33828308.00
2013/10/28,4.17,4.27,4.15,4.21,1953585,10640658.00
2013/10/29,4.17,4.22,3.92,4.00,3858446,20347204.00
2013/10/30,3.99,4.07,3.98,4.06,2583257,13527512.00
2013/10/31,4.05,4.14,4.02,4.08,2748339,14650205.00
2013/11/01,4.08,4.12,4.01,4.06,2089407,11009755.00
2013/11/04,4.10,4.13,4.07,4.13,2059254,10981324.00
2013/11/05,4.12,4.16,4.03,4.15,1887299,10111079.00
2013/11/06,4.17,4.42,4.12,4.28,6574536,36571484.00
2013/11/07,4.20,4.26,4.15,4.15,4158563,22648840.00
2013/11/08,4.14,4.17,4.05,4.07,1908785,10186994.00
2013/11/11,4.05,4.14,4.04,4.12,1465230,7797909.00
2013/11/12,4.10,4.24,4.08,4.18,2601203,14076716.00
2013/11/13,4.22,4.22,4.01,4.02,2584097,13791456.00
2013/11/14,4.02,4.08,3.98,4.06,2228756,11672917.00
2013/11/15,4.04,4.32,4.03,4.18,5861852,32005328.00
2013/11/18,4.32,4.38,4.25,4.32,6791632,38036356.00
2013/11/19,4.38,4.58,4.38,4.42,12134027,70260880.00
2013/11/20,4.38,4.49,4.33,4.46,6780168,38902904.00
2013/11/21,4.42,4.57,4.39,4.54,7944391,46674732.00
2013/11/22,4.54,4.65,4.52,4.52,8697144,51711676.00
2013/11/25,4.52,4.63,4.46,4.50,6488927,38414064.00
2013/11/26,4.52,4.64,4.52,4.59,5679753,33831332.00
2013/11/27,4.55,4.67,4.51,4.67,7086716,42371452.00
2013/11/28,4.65,4.74,4.62,4.70,10856690,66162876.00
2013/11/29,4.72,4.74,4.62,4.68,7646781,46415420.00
2013/12/02,4.54,4.61,4.32,4.35,8516896,49058024.00
2013/12/03,4.34,4.45,4.33,4.43,3579882,20458860.00
2013/12/04,4.43,4.51,4.42,4.46,4741000,27544724.00
2013/12/05,4.44,4.52,4.41,4.48,4238974,24632460.00
2013/12/06,4.51,4.51,4.42,4.43,3171978,18355666.00
2013/12/09,4.43,4.48,4.42,4.48,2587454,14967875.00
2013/12/10,4.46,4.50,4.41,4.42,2907508,16774202.00
2013/12/11,4.41,4.41,4.26,4.29,3784610,21246934.00
2013/12/12,4.29,4.35,4.28,4.32,2169398,12142527.00
2013/12/13,4.30,4.35,4.26,4.33,1822682,10215379.00
2013/12/16,4.39,4.42,4.28,4.30,2567363,14499075.00
2013/12/17,4.39,4.45,4.35,4.36,5277153,30130570.00
2013/12/18,4.28,4.35,4.26,4.31,1989780,11110742.00
2013/12/19,4.33,4.35,4.23,4.23,1682500,9384472.00
2013/12/20,4.22,4.24,4.08,4.12,2104120,11369609.00
2013/12/23,4.09,4.18,4.08,4.11,1335220,7143367.50
2013/12/24,4.13,4.20,4.09,4.14,1139901,6140191.00
2013/12/25,4.14,4.18,4.12,4.18,1341344,7238337.50
2013/12/26,4.23,4.31,4.13,4.14,3035809,16679163.00
2013/12/27,4.10,4.19,4.08,4.18,1932992,10422792.00
2013/12/30,4.18,4.24,4.17,4.21,1872145,10219160.00
2013/12/31,4.18,4.25,4.17,4.21,1841915,10113342.00
2014/01/02,4.18,4.26,4.18,4.22,1215362,6660743.00
2014/01/03,4.22,4.23,4.15,4.17,1886171,10241474.00
2014/01/06,4.16,4.16,4.02,4.04,1960250,10324622.00
2014/01/07,4.02,4.05,3.98,4.02,1264990,6600205.00
2014/01/08,4.05,4.05,3.97,4.02,1944740,10140011.00
2014/01/09,3.98,4.05,3.95,3.95,2112786,10974961.00
2014/01/10,3.94,3.95,3.77,3.82,2556418,12826240.00
2014/01/13,3.82,3.86,3.80,3.82,931754,4632902.50
2014/01/14,3.83,3.88,3.79,3.88,1278852,6393547.00
2014/01/15,3.89,3.89,3.85,3.88,1335939,6708706.50
2014/01/16,3.89,3.89,3.85,3.85,2457797,12361837.00
2014/01/17,3.82,3.84,3.75,3.75,2126310,10448204.00
2014/01/20,3.75,3.78,3.72,3.78,3201234,15605149.00
2014/01/21,3.74,3.82,3.74,3.81,1360199,6714052.50
2014/01/22,3.81,3.91,3.78,3.90,2007396,10072705.00
2014/01/23,3.88,3.92,3.88,3.88,1790439,9060049.00
2014/01/24,3.89,3.98,3.88,3.96,2784379,14278036.00
2014/01/27,3.94,3.95,3.91,3.92,1525862,7778581.00
2014/01/28,3.88,3.91,3.79,3.82,2983082,14828517.00
2014/01/29,3.81,3.84,3.80,3.81,1472493,7305954.00
2014/01/30,3.81,3.82,3.78,3.80,1333859,6599403.50
2014/02/07,3.80,3.88,3.78,3.88,1514702,7560730.50
2014/02/10,3.87,4.02,3.87,4.01,4070126,20994252.00
2014/02/11,4.03,4.08,4.00,4.04,3670116,19252528.00
2014/02/12,4.05,4.08,4.01,4.06,3041064,15983319.00
2014/02/13,4.18,4.35,4.10,4.12,13425654,73920816.00
2014/02/14,4.08,4.18,4.04,4.17,5964298,31945114.00
2014/02/17,4.16,4.22,4.14,4.20,4833607,26274384.00
2014/02/18,4.22,4.22,4.12,4.13,3204203,17298614.00
2014/02/19,4.12,4.27,4.12,4.25,6141609,33582364.00
2014/02/20,4.28,4.42,4.15,4.28,11826514,65723364.00
2014/02/21,4.23,4.29,4.10,4.12,7511916,40713768.00
2014/02/24,4.08,4.08,3.96,4.02,4712507,24617986.00
2014/02/25,4.03,4.06,3.85,3.86,3821469,19740290.00
2014/02/26,3.85,3.91,3.82,3.89,3107773,15626101.00
2014/02/27,3.91,3.94,3.85,3.85,2631295,13343354.00
2014/02/28,3.85,3.92,3.83,3.91,2233357,11244873.00
2014/03/03,3.92,4.09,3.90,4.05,3740921,19424968.00
2014/03/04,4.02,4.08,3.98,4.05,3297935,17282294.00
2014/03/05,4.05,4.09,4.00,4.02,2741032,14405935.00
2014/03/06,4.02,4.02,3.96,4.01,2398776,12450952.00
2014/03/07,3.98,4.04,3.95,3.95,1849810,9603725.00
2014/03/10,3.94,3.95,3.78,3.80,2781993,13920537.00
2014/03/11,3.80,3.84,3.78,3.82,1494427,7407238.50
2014/03/12,3.82,3.86,3.77,3.82,1704404,8454160.00
2014/03/13,3.85,3.89,3.82,3.85,1820161,9130158.00
2014/03/14,3.85,3.85,3.78,3.83,1790971,8899290.00
2014/03/17,3.85,3.92,3.85,3.92,1866863,9467713.00
2014/03/18,3.91,3.93,3.89,3.90,1714276,8704043.00
2014/03/19,3.88,3.91,3.83,3.89,2127288,10697419.00
2014/03/20,3.87,3.93,3.83,3.83,2456263,12425673.00
2014/03/21,3.85,3.92,3.79,3.91,3261085,16355322.00
2014/03/24,3.91,3.98,3.89,3.97,3670818,18851882.00
2014/03/25,3.95,4.13,3.93,4.09,3982064,20697658.00
2014/03/26,4.07,4.09,4.00,4.03,4798199,25307438.00
2014/03/27,4.01,4.07,3.95,4.02,3397246,17722628.00
2014/03/28,4.02,4.06,3.95,4.01,3601406,18784284.00
2014/03/31,4.05,4.41,4.05,4.40,30573234,172180880.00
2014/04/01,4.31,4.65,4.26,4.45,29809255,173330016.00
2014/04/02,4.38,4.45,4.30,4.38,13882889,78771960.00
2014/04/03,4.35,4.44,4.31,4.40,12066018,68532744.00
2014/04/04,4.37,4.40,4.26,4.33,8363446,46903308.00
2014/04/08,4.28,4.35,4.27,4.35,6813017,38165288.00
2014/04/09,4.35,4.38,4.30,4.32,6278112,35316452.00
2014/04/10,4.32,4.52,4.29,4.33,12674652,72520976.00
2014/04/11,4.23,4.25,4.12,4.14,9800061,53134088.00
2014/04/14,4.18,4.55,4.15,4.55,16471116,94031840.00
2014/04/15,4.85,4.95,4.65,4.66,40679253,253313616.00
2014/04/16,4.55,5.13,4.54,5.06,47228503,302070560.00
2014/04/17,5.00,5.02,4.80,4.80,21843486,138835648.00
2014/04/18,4.83,4.97,4.78,4.80,11295110,71203168.00
2014/04/21,4.75,4.95,4.75,4.75,12901753,81308424.00
2014/04/22,4.69,4.74,4.48,4.65,11376553,68102728.00
2014/04/23,4.61,4.63,4.49,4.55,5866483,34795344.00
2014/04/24,4.54,4.64,4.47,4.48,5461935,32384164.00
2014/04/25,4.52,4.52,4.31,4.32,7309473,41648040.00
2014/04/28,4.31,4.37,4.16,4.25,5305230,29379032.00
2014/04/29,4.31,4.68,4.31,4.68,12139438,70823120.00
2014/04/30,4.72,4.79,4.58,4.69,17712085,108303152.00
2014/05/05,4.65,4.74,4.58,4.69,9519831,57709612.00
2014/05/06,4.68,4.95,4.58,4.83,25960575,161683152.00
2014/05/07,4.72,4.74,4.58,4.58,14443976,87216552.00
2014/05/08,4.58,4.80,4.45,4.46,14402124,86711464.00
2014/05/09,4.43,4.69,4.34,4.61,15290094,90263424.00
2014/05/12,4.57,4.69,4.54,4.68,13180288,79468104.00
2014/05/13,4.68,4.91,4.62,4.79,21093629,130977960.00
2014/05/14,4.74,4.81,4.65,4.69,11369895,69698472.00
2014/05/15,4.68,4.88,4.65,4.72,17068483,105572200.00
2014/05/16,4.65,4.68,4.47,4.61,11684653,69452888.00
2014/05/19,4.57,4.57,4.42,4.48,5854890,34196848.00
2014/05/20,4.52,4.59,4.48,4.52,5521096,32504998.00
2014/05/21,4.52,4.72,4.42,4.68,8927186,53742308.00
2014/05/22,4.68,4.82,4.62,4.65,12591595,77298792.00
2014/05/23,4.65,5.08,4.62,4.91,21404844,135368400.00
2014/05/26,4.98,5.40,4.88,5.40,45915972,316241152.00
2014/05/27,5.53,5.94,5.43,5.94,56313132,415520224.00
2014/05/28,6.14,6.53,5.83,6.34,100029375,619024512.00
2014/05/29,6.22,6.97,6.21,6.80,111810713,751103296.00
2014/05/30,6.70,7.39,6.50,6.88,112003406,776924864.00
2014/06/03,6.80,6.80,6.44,6.51,70625682,467260832.00
2014/06/04,6.47,6.73,6.38,6.52,58041906,380878656.00
2014/06/05,6.39,6.73,6.30,6.59,52753892,345049504.00
2014/06/06,6.52,6.57,6.23,6.35,56778273,361015040.00
2014/06/09,6.30,6.31,6.17,6.27,31289971,195472128.00
2014/06/10,6.35,6.78,6.28,6.71,80197064,524882592.00
2014/06/11,6.56,6.74,6.46,6.62,49515969,325512896.00
2014/06/12,6.60,7.28,6.47,7.28,61171268,423828064.00
2014/06/13,7.20,7.58,7.08,7.26,88733398,649233536.00
2014/06/16,7.13,7.29,7.03,7.18,38454963,275142560.00
2014/06/17,7.09,7.35,6.95,7.04,42233493,300504000.00
2014/06/18,6.93,7.18,6.71,6.76,42255902,293369376.00
2014/06/19,6.72,6.80,6.22,6.33,37799286,245241328.00
2014/06/20,6.35,6.55,6.20,6.50,27665061,177192016.00
2014/06/23,6.56,6.67,6.49,6.53,23306497,153083824.00
2014/06/24,6.49,7.00,6.36,6.80,35009778,235999696.00
2014/06/25,6.80,6.94,6.61,6.85,31227687,211495856.00
2014/06/26,6.79,7.13,6.75,6.85,34432912,238660816.00
2014/06/27,6.93,7.01,6.71,6.73,28265702,192710800.00
2014/06/30,6.61,6.75,6.43,6.75,27804060,183510624.00
2014/07/01,6.61,6.80,6.60,6.68,18490674,123882672.00
2014/07/02,6.72,6.94,6.62,6.73,23244424,156942864.00
2014/07/03,6.69,6.87,6.61,6.80,29014785,196192192.00
2014/07/04,6.80,6.85,6.66,6.66,19977446,134200784.00
2014/07/07,6.60,6.65,6.44,6.48,20779758,135316176.00
2014/07/08,6.48,6.60,6.43,6.55,14282483,93276760.00
2014/07/09,6.58,6.65,6.32,6.33,20995233,136366752.00
2014/07/10,6.26,6.34,6.18,6.22,17792324,111007280.00
2014/07/11,6.25,6.46,6.21,6.37,15174066,96142176.00
2014/07/14,6.33,6.43,6.23,6.41,13464924,85234080.00
2014/07/15,6.38,6.40,6.24,6.27,10899844,68809568.00
2014/07/16,6.23,6.61,6.23,6.61,26518061,170731520.00
2014/07/17,6.50,6.62,6.37,6.49,22875486,148512576.00
2014/07/18,6.42,6.61,6.40,6.43,16095581,104719800.00
2014/07/21,6.40,6.40,6.24,6.29,12916186,81199656.00
2014/07/22,6.27,6.37,6.24,6.32,9887487,62473772.00
2014/07/23,6.32,6.37,6.18,6.21,12149639,75889544.00
2014/07/24,6.21,6.21,5.88,6.09,13324845,80917280.00
2014/07/25,6.09,6.22,6.02,6.21,10070339,61872356.00
2014/07/28,6.23,6.32,6.16,6.27,13213344,82685504.00
2014/07/29,6.28,6.36,6.24,6.34,15112085,95144448.00
2014/07/30,6.31,6.56,6.28,6.48,26484196,170905712.00
2014/07/31,6.43,6.55,6.37,6.43,17250213,111333424.00
2014/08/01,6.41,6.42,6.25,6.26,15280625,96623952.00
2014/08/04,6.27,6.38,6.25,6.36,10700104,67705400.00
2014/08/05,6.36,6.50,6.28,6.45,15683260,100390136.00
2014/08/06,6.41,6.48,6.35,6.44,11030728,70726168.00
2014/08/07,6.46,6.54,6.33,6.36,14873132,95963976.00
2014/08/08,6.35,6.41,6.30,6.38,9075347,57666164.00
2014/08/11,6.40,6.47,6.35,6.45,10996395,70648832.00
2014/08/12,6.45,6.73,6.43,6.66,30951252,204008704.00
2014/08/13,6.65,6.65,6.44,6.57,18604872,121845232.00
2014/08/14,6.54,6.81,6.47,6.72,30363164,202245664.00
2014/08/15,6.67,6.81,6.66,6.80,26875270,180848800.00
2014/08/18,6.86,6.99,6.82,6.93,30291726,208452000.00
2014/08/19,6.93,6.95,6.82,6.88,22014761,151531344.00
2014/08/20,6.88,6.98,6.80,6.80,19370025,133300808.00
2014/08/21,6.80,6.81,6.60,6.74,19285719,129364680.00
2014/08/22,6.68,6.95,6.68,6.92,25722416,175938304.00
2014/08/25,6.99,7.00,6.75,6.76,22012281,150895712.00
2014/08/26,6.75,6.75,6.42,6.49,17032362,112222232.00
2014/08/27,6.45,6.54,6.43,6.49,9100693,59000848.00
2014/08/28,6.48,6.50,6.33,6.34,10420026,66615008.00
2014/08/29,6.35,6.49,6.31,6.46,7890624,50613424.00
2014/09/01,6.46,6.84,6.37,6.79,20546819,136052720.00
2014/09/02,6.75,6.91,6.71,6.86,25366281,172618672.00
2014/09/03,6.90,6.94,6.76,6.89,24071574,165104768.00
2014/09/04,7.04,7.17,6.91,7.09,40897690,287724768.00
2014/09/05,7.09,7.27,6.90,7.19,35077814,248658528.00
2014/09/09,7.35,7.43,7.09,7.25,40509649,294251456.00
2014/09/10,7.16,7.30,7.10,7.19,22792942,163574176.00
2014/09/11,7.18,7.55,7.15,7.37,41959604,307906656.00
2014/09/12,7.31,7.32,7.10,7.28,26070570,188051424.00
2014/09/15,7.31,7.35,7.15,7.23,23007258,166461328.00
2014/09/16,7.20,7.23,6.80,6.82,29538472,207923792.00
2014/09/17,6.82,6.87,6.64,6.83,13846922,94019872.00
2014/09/18,6.84,6.98,6.76,6.86,15928511,109366016.00
2014/09/19,6.86,7.17,6.81,7.01,21392468,149705600.00
2014/09/22,6.94,7.03,6.76,6.97,18086885,124631464.00
2014/09/23,6.98,7.08,6.92,7.06,19438383,136295232.00
2014/09/24,7.03,7.19,6.97,7.15,19673669,139955728.00
2014/09/25,7.18,7.42,7.12,7.31,36049213,261560848.00
2014/09/26,7.41,7.62,7.28,7.52,45732577,341186240.00
2014/09/29,7.55,7.73,7.44,7.64,39008693,295657504.00
2014/09/30,7.62,7.64,7.47,7.48,25603304,193276192.00
2014/10/08,7.46,7.58,7.29,7.51,19549561,145256880.00
2014/10/09,7.51,8.26,7.48,8.26,43727856,343624288.00
2014/10/10,8.44,9.09,8.29,8.68,85802281,741542912.00
2014/10/13,8.79,9.30,8.53,8.86,61817823,550835840.00
2014/10/14,8.70,8.88,8.52,8.79,39305960,342224512.00
2014/10/15,8.77,9.08,8.55,8.96,44442264,393496288.00
2014/10/16,8.79,8.93,8.40,8.44,33001814,287672864.00
2014/10/17,8.46,8.88,8.33,8.60,34140587,294447520.00
2014/10/20,8.46,8.68,8.30,8.61,23436018,199248432.00
2014/10/21,8.63,8.66,8.23,8.24,22300806,187738544.00
2014/10/22,8.26,8.34,7.96,8.00,21775188,176916288.00
2014/10/23,8.07,8.10,7.74,7.80,16866905,133039984.00
2014/10/24,7.85,8.11,7.72,8.06,17682436,140563184.00
2014/10/27,7.99,8.50,7.95,8.35,27865605,230650336.00
2014/10/28,8.30,8.58,8.27,8.44,28446566,239482464.00
2014/10/29,8.44,9.28,8.36,9.06,53879462,476194816.00
2014/10/30,9.19,9.96,9.14,9.47,76303669,728102208.00
2014/10/31,9.35,9.95,9.35,9.80,71179542,688189248.00
2014/11/03,9.97,10.78,9.85,10.78,67491352,704764608.00
2014/11/04,11.10,11.44,10.52,10.67,85038429,932346816.00
2014/11/05,10.70,11.50,10.31,11.16,70186654,773947584.00
2014/11/06,10.80,11.30,10.60,11.29,58299507,637138304.00
2014/11/07,11.21,11.48,10.60,10.70,69339749,765580416.00
2014/11/10,11.11,11.77,10.76,11.32,96559033,1097503744.00
2014/11/11,11.09,11.09,10.25,10.37,63850001,679275520.00
2014/11/12,10.26,10.34,9.96,10.30,32377850,329317216.00
2014/11/13,10.40,10.67,10.19,10.19,34899733,364506400.00
2014/11/14,10.00,10.37,9.82,10.10,23656394,238789392.00
2014/11/17,10.00,10.68,10.00,10.57,34316070,357923232.00
2014/11/18,10.72,11.09,10.58,10.79,44576637,483085856.00
2014/11/19,10.66,11.09,10.55,10.90,39630139,431205888.00
2014/11/20,10.76,11.48,10.70,11.41,58753695,656105920.00
2014/11/21,11.23,11.36,10.95,11.19,41453494,462175776.00
2014/11/24,11.30,11.48,10.96,11.19,44992785,503228256.00
2014/11/25,11.08,11.40,10.93,11.18,45191064,503029536.00
2014/11/26,11.28,11.39,10.96,11.28,42587238,476040704.00
2014/11/27,11.28,11.39,10.90,10.91,38717511,428918976.00
2014/11/28,10.75,10.77,10.30,10.44,39342740,413456608.00
2014/12/01,10.44,10.63,10.38,10.53,18466608,194059696.00
2014/12/02,10.55,10.60,10.35,10.48,21079588,220599824.00
2014/12/03,10.49,11.15,10.25,11.01,48422981,517892288.00
2014/12/04,10.95,11.07,10.75,10.97,35197003,383533696.00
2014/12/05,10.85,10.91,10.06,10.27,32444495,338139456.00
2014/12/08,10.35,11.30,10.35,11.30,43564592,481328512.00
2014/12/09,11.90,12.43,11.44,11.55,114632669,1386332544.00
2014/12/10,11.98,12.71,11.60,12.71,77805713,955449664.00
2014/12/11,12.98,13.54,12.70,13.19,76975112,1012176832.00
2014/12/12,13.35,13.50,12.49,12.89,50025969,644900352.00
2014/12/15,12.94,13.38,12.62,13.27,51778711,676832256.00
2014/12/16,13.20,13.24,12.60,12.73,43163307,552160896.00
2014/12/17,12.75,13.18,12.30,12.44,43496598,555233856.00
2014/12/18,12.42,12.90,12.30,12.66,33386043,420344864.00
2014/12/19,12.58,12.59,12.01,12.38,31079867,382913024.00
2014/12/22,12.33,12.33,11.40,11.52,31876455,377037248.00
2014/12/23,11.95,12.26,11.73,11.73,26452034,316456160.00
2014/12/24,11.50,12.09,11.45,11.98,21254128,252076352.00
2014/12/25,11.98,12.29,11.88,12.26,22134259,268935808.00
2014/12/26,12.45,12.77,12.35,12.56,29743875,373417120.00
2014/12/29,12.59,13.34,12.05,12.75,45695396,582258880.00
2014/12/30,12.60,12.60,11.90,11.91,29670116,362157664.00
2014/12/31,11.91,12.17,11.45,11.72,23296119,272413472.00
2015/01/05,11.71,12.00,11.61,11.82,17976207,213012432.00
2015/01/06,11.70,12.06,11.50,11.95,17671520,209457488.00
2015/01/07,11.98,12.20,11.85,12.00,16638442,200071952.00
2015/01/08,12.07,12.07,11.50,11.59,13453956,157530688.00
2015/01/09,11.54,11.76,11.48,11.51,11351340,132263576.00
2015/01/12,11.49,12.25,11.09,12.15,31711995,373576320.00
2015/01/13,12.60,13.00,12.29,12.33,44407152,560470784.00
2015/01/14,12.23,12.27,11.65,11.70,21607211,256309440.00
2015/01/15,11.62,11.87,11.60,11.85,14743578,172808272.00
2015/01/16,11.82,12.43,11.71,12.23,23608886,285614112.00
2015/01/19,11.60,12.10,11.20,11.48,22867465,268406160.00
2015/01/20,11.75,12.48,11.55,12.35,30439738,365700320.00
2015/01/21,12.30,12.58,12.10,12.58,44544156,552347776.00
2015/01/22,12.56,12.97,12.39,12.72,35794611,453739744.00
2015/01/23,12.77,12.88,12.31,12.32,31483861,397456576.00
2015/01/26,12.04,12.68,12.04,12.61,23131877,284377376.00
2015/01/27,12.73,12.84,12.22,12.61,25143448,316541280.00
2015/01/28,12.44,13.29,12.41,13.08,53079711,686566976.00
2015/01/29,12.80,12.91,12.60,12.62,23613797,301224992.00
2015/01/30,12.62,12.76,12.07,12.10,21009983,260246288.00
2015/02/02,12.17,12.49,12.01,12.18,15500435,189716768.00
2015/02/03,12.23,12.32,12.01,12.27,12877051,156596720.00
2015/02/04,12.60,12.68,12.21,12.21,14441431,178579952.00
2015/02/05,12.28,12.35,11.91,11.92,14799508,178035792.00
2015/02/06,11.80,11.99,11.49,11.54,12452855,146225760.00
2015/02/09,11.54,11.62,11.30,11.38,8696946,99282760.00
2015/02/10,11.38,11.72,11.34,11.65,7955608,91678936.00
2015/02/11,11.80,11.80,11.54,11.61,7571368,88124120.00
2015/02/12,11.61,11.88,11.45,11.85,10202003,119152608.00
2015/02/13,11.92,12.16,11.85,11.92,13161876,158005824.00
2015/02/16,11.85,12.09,11.80,12.03,11396432,135939904.00
2015/02/17,11.96,12.09,11.90,12.06,10149953,121705704.00
2015/02/25,12.30,12.78,12.29,12.43,25782458,322505888.00
2015/02/26,12.44,12.99,12.34,12.83,29725877,378009408.00
2015/02/27,12.87,12.98,12.60,12.73,22073058,280028192.00
2015/03/02,12.73,13.10,12.56,13.10,32705317,421536896.00
2015/03/03,13.00,13.17,12.75,12.76,28022165,362500512.00
2015/03/04,12.77,12.84,12.51,12.67,18945174,239844176.00
2015/03/05,12.67,12.79,12.28,12.43,20359427,253473088.00
2015/03/06,12.50,12.94,12.30,12.70,23713168,299315456.00
2015/03/09,12.58,13.09,12.48,13.04,30367280,389866144.00
2015/03/10,12.90,13.00,12.78,12.82,19778676,255081440.00
2015/03/11,12.80,13.29,12.58,13.18,36816233,477749184.00
2015/03/12,13.10,13.31,12.72,12.79,25040936,325650688.00
2015/03/13,12.79,12.90,12.62,12.70,16076301,204862304.00
2015/03/16,12.90,13.97,12.84,13.69,57296892,767490880.00
2015/03/17,14.02,15.00,13.71,14.39,72254948,1034972544.00
2015/03/18,14.29,14.65,14.06,14.40,45168185,649968384.00
2015/03/19,14.42,15.29,14.30,14.68,53244157,789040768.00
2015/03/20,14.61,15.10,14.46,15.00,43451918,640980288.00
2015/03/23,15.00,15.48,15.00,15.32,40449988,617431488.00
2015/03/24,15.30,15.30,14.30,15.02,47290015,702166336.00
2015/03/25,14.88,16.42,14.56,15.99,51160753,788116224.00
2015/03/26,16.15,16.76,15.29,15.72,51738256,832626304.00
2015/03/27,15.50,16.14,15.33,15.93,31502123,499288192.00
2015/03/30,17.02,17.52,17.02,17.52,62027577,1080260480.00
2015/03/31,18.00,18.60,17.50,17.54,98649860,1782878592.00
2015/04/01,17.44,19.00,16.73,18.06,71740196,1279949824.00
2015/04/02,17.70,18.89,17.70,18.48,60510343,1108833408.00
2015/04/03,18.39,18.43,17.88,18.14,39583919,717584832.00
2015/04/07,18.15,18.59,17.80,18.10,42536785,774238208.00
2015/04/08,17.88,18.35,17.65,17.92,35670663,639754176.00
2015/04/09,17.95,18.00,16.68,17.34,30350403,528698880.00
2015/04/10,17.08,17.60,16.95,17.47,21519104,373765152.00
2015/04/13,17.49,17.99,17.21,17.57,29389047,517889856.00
2015/04/14,17.79,19.09,17.60,18.46,52456880,965683456.00
2015/04/15,18.17,18.99,17.84,18.25,54223076,1003411520.00
2015/04/16,17.65,17.85,17.17,17.54,30401595,533591328.00
2015/04/17,17.89,19.29,17.61,19.01,71360006,1330650752.00
2015/04/20,19.81,20.91,19.35,20.91,98702547,2029921408.00
2015/04/21,20.87,20.87,18.87,19.67,73357391,1441317120.00
2015/04/22,19.68,20.18,19.01,19.69,52634389,1035240704.00
2015/04/23,19.88,19.88,18.90,19.11,44035415,846506112.00
2015/04/24,18.74,19.49,18.55,19.21,31065835,591780928.00
2015/04/27,19.21,19.44,18.80,19.24,34943908,668504576.00
2015/04/28,19.18,19.19,17.76,17.86,32322036,594445184.00
2015/04/29,17.80,18.35,17.41,18.19,19782961,354885696.00
2015/04/30,18.38,18.97,18.19,18.79,27336535,508529280.00
2015/05/04,19.00,19.10,18.52,18.83,25433832,478298848.00
2015/05/05,19.34,19.34,18.10,18.25,30017189,566056064.00
2015/05/06,18.19,18.44,16.70,17.30,23587276,420321280.00
2015/05/07,17.30,17.55,16.22,16.72,20582814,346708000.00
2015/05/08,17.02,17.15,16.58,17.14,20514260,345187648.00
2015/05/11,17.00,17.69,16.90,17.57,23919033,414876832.00
2015/05/12,17.65,17.66,17.20,17.41,22294526,387609536.00
2015/05/13,17.41,17.80,17.20,17.55,23240967,408419392.00
2015/05/14,17.69,17.85,17.18,17.30,21119095,367247424.00
2015/05/15,17.22,17.22,16.60,16.71,16983484,285175296.00
2015/05/18,16.60,16.88,16.37,16.71,13391282,223406576.00
2015/05/19,16.84,17.49,16.82,17.40,20466758,352787392.00
2015/05/20,17.59,17.65,17.26,17.36,23983896,418904704.00
2015/05/21,17.37,19.03,17.16,18.60,45311937,826837184.00
2015/05/22,18.65,18.69,18.20,18.52,37409629,690375040.00
2015/05/25,18.30,19.25,18.20,18.93,45534646,858780992.00
2015/05/26,19.05,19.48,18.60,19.41,52431933,999798976.00
2015/05/27,19.45,19.78,18.60,19.51,71693711,1370395648.00
2015/05/28,19.51,19.85,17.56,17.56,68748270,1313245056.00
2015/05/29,16.90,17.38,15.80,16.61,40088548,669456064.00
2015/06/01,16.59,17.49,16.51,17.38,29673192,504247840.00
2015/06/02,17.37,18.20,17.08,18.06,38736668,682303936.00
2015/06/03,17.80,18.01,17.25,17.54,30572141,539297728.00
2015/06/04,17.54,17.54,15.90,17.05,28242173,475055168.00
2015/06/05,17.23,18.76,17.20,18.76,66571500,1204541952.00
2015/06/08,19.70,20.45,19.11,19.70,116387269,2313659648.00
2015/06/09,19.75,21.60,19.12,20.88,97892556,1982198144.00
2015/06/10,20.21,21.99,19.74,21.06,84449461,1778816640.00
2015/06/11,21.11,21.50,20.60,20.95,60807938,1279874048.00
2015/06/12,20.75,21.04,20.18,20.59,48918873,1005631232.00
2015/06/15,20.47,21.40,20.03,20.29,46306500,963836736.00
2015/06/16,19.86,19.98,18.36,18.70,39837220,763981504.00
2015/06/17,18.60,19.54,17.30,19.12,35678021,655535680.00
2015/06/18,19.00,19.20,17.50,17.69,27171345,503962208.00
2015/06/19,16.95,17.26,15.92,15.92,26234279,432187328.00
2015/06/23,15.82,16.28,14.38,15.79,24205516,374555264.00
2015/06/24,15.93,16.25,15.53,16.18,25644474,411510816.00
2015/06/25,16.20,16.96,15.73,16.33,36356287,593469312.00
2015/06/26,15.85,16.32,14.70,14.70,24925391,384199968.00
2015/06/29,15.25,15.27,13.23,13.23,25880531,359614272.00
2015/06/30,12.99,13.95,11.91,13.84,30866412,397100928.00
2015/07/01,13.46,14.18,12.46,12.46,26802022,362058880.00
2015/07/02,12.46,12.76,11.21,11.21,21999193,255983984.00
2015/07/03,10.40,11.15,10.09,10.09,21801809,224599824.00
2015/07/06,11.00,11.00,9.08,9.08,33847157,330238560.00
2015/07/07,8.40,8.45,8.17,8.17,9923489,81521840.00
2015/07/08,7.35,7.59,7.35,7.35,46157622,339856640.00
2015/07/09,6.77,8.09,6.77,8.09,27723986,214840272.00
2015/07/10,8.49,8.90,8.30,8.90,18331689,161189152.00
2015/07/13,9.70,9.79,8.99,9.79,38846341,376482304.00
2015/07/14,10.08,10.77,9.85,10.45,56502932,585883712.00
2015/07/15,10.00,10.29,9.41,9.41,35768884,344766304.00
2015/07/16,9.61,9.98,8.50,9.72,27711217,264804960.00
2015/07/17,9.75,10.53,9.75,10.41,27577858,281326816.00
2015/07/20,10.48,10.83,10.17,10.54,32257985,339544896.00
2015/07/21,10.22,11.00,10.12,10.76,33252857,355266912.00
2015/07/22,10.68,11.84,10.50,11.84,42059297,466941024.00
2015/07/23,11.90,12.97,11.51,12.60,58741374,714913920.00
2015/07/24,12.60,13.26,12.01,12.11,53732622,682986432.00
2015/07/27,11.65,12.49,10.90,10.90,37428361,443278560.00
2015/07/28,10.15,11.18,9.81,10.22,28823778,297160992.00
2015/07/29,10.64,11.24,10.22,11.24,28916879,309523744.00
2015/07/30,11.48,12.15,11.11,11.30,35511869,415925120.00
2015/07/31,11.15,11.98,11.08,11.60,28007161,324405792.00
2015/08/03,11.35,12.30,11.15,11.88,35017505,414373824.00
2015/08/04,12.01,12.87,11.51,12.83,45257806,547120448.00
2015/08/05,12.56,13.30,12.50,12.79,47974878,616094336.00
2015/08/06,12.40,13.00,12.20,12.41,29404175,370322496.00
2015/08/07,12.76,12.98,12.40,12.51,29326317,370965824.00
2015/08/10,12.60,13.35,12.47,13.14,40183531,517879360.00
2015/08/11,12.98,13.13,12.80,12.82,33769317,436942784.00
2015/08/12,12.58,12.87,12.19,12.20,23221621,290974304.00
2015/08/13,12.14,13.20,12.08,13.06,39561745,508153056.00
2015/08/14,13.10,14.37,12.89,13.96,70325494,971606272.00
2015/08/17,14.20,15.36,13.82,15.36,72157232,1054421312.00
2015/08/18,15.64,16.19,14.00,14.45,91725336,1414447104.00
2015/08/19,13.96,15.90,13.95,15.90,81166126,1249332480.00
2015/08/20,16.10,17.20,15.41,15.89,88059702,1440726400.00
2015/08/21,15.00,16.01,14.30,14.30,55682769,817034624.00
2015/08/24,13.50,13.76,12.87,12.87,23806252,311793344.00
2015/08/25,11.58,11.58,11.58,11.58,4747200,54972576.00
2015/08/26,10.67,11.95,10.42,10.42,49324514,534621760.00
2015/08/27,10.69,10.89,9.38,10.46,44754145,450626080.00
2015/08/28,10.65,11.51,10.50,11.51,38471462,433322624.00
2015/08/31,12.00,12.20,11.50,11.65,60438923,718008448.00
2015/09/01,11.25,11.25,10.49,10.49,27166627,288779360.00
2015/09/02,9.44,10.75,9.44,9.44,33758441,327142336.00
2015/09/07,9.72,10.20,8.72,8.92,43543739,410706048.00
2015/09/08,8.99,9.81,8.81,9.81,33393639,310086176.00
2015/09/09,10.20,10.79,10.00,10.71,57223347,596676544.00
2015/09/10,10.43,11.77,10.31,11.28,63778083,719606144.00
2015/09/11,11.22,12.40,10.69,12.35,76461484,880101120.00
2015/09/14,12.68,13.18,11.14,11.21,85133531,1055084160.00
2015/09/15,10.80,12.20,10.80,11.99,75066883,877971456.00
2015/09/16,11.96,13.19,11.76,13.19,75666790,949937984.00
2015/09/17,13.40,14.41,12.88,13.00,90841294,1223098624.00
2015/09/18,13.15,13.80,12.79,13.47,55121707,736575808.00
2015/09/21,13.00,14.36,12.86,14.02,63000784,856786816.00
2015/09/22,13.90,14.62,13.65,14.12,67080717,947651392.00
2015/09/23,13.72,14.33,13.20,13.30,59913930,823234624.00
2015/09/24,13.57,13.70,12.85,13.05,41739598,548610624.00
2015/09/25,13.00,13.73,12.62,13.24,52724480,695038912.00
2015/09/28,13.01,13.14,11.92,12.55,40386404,501128480.00
2015/09/29,12.02,12.88,11.99,12.07,35867260,444002304.00
2015/09/30,12.28,12.28,11.25,11.31,35541781,413878240.00
2015/10/08,11.68,11.83,11.36,11.68,33643408,391136448.00
2015/10/09,11.70,12.24,11.45,12.11,38259672,455175232.00
2015/10/12,12.13,12.89,12.13,12.78,44501594,559148992.00
2015/10/13,12.76,13.15,12.37,12.99,46389292,592124416.00
2015/10/14,12.89,13.11,12.50,12.56,32895064,419384608.00
2015/10/15,12.50,13.00,12.30,12.99,38973430,495609344.00
2015/10/16,13.17,13.67,12.59,13.44,68951186,899230720.00
2015/10/19,13.20,13.30,12.71,12.81,45701849,594910080.00
2015/10/20,12.80,13.49,12.63,13.32,45294028,592270080.00
2015/10/21,13.26,13.40,11.99,11.99,45820567,584034176.00
2015/10/22,11.71,12.20,11.40,12.10,36048081,428645984.00
2015/10/23,12.15,12.28,11.87,12.11,31293842,378250208.00
2015/10/26,12.28,12.50,12.03,12.15,26551125,325092096.00
2015/10/27,12.03,12.05,11.27,11.86,27376964,319103040.00
2015/10/28,11.78,12.85,11.70,12.33,44884388,554708928.00
2015/10/29,12.15,12.33,12.00,12.13,25146198,305755584.00
2015/10/30,12.06,12.08,11.66,11.80,18456635,218808816.00
2015/11/02,11.70,12.48,11.50,12.22,35442875,432223936.00
2015/11/03,12.46,12.55,11.93,12.04,27131719,330952064.00
2015/11/04,12.09,12.65,11.96,12.61,38760674,479782880.00
2015/11/05,12.70,13.13,12.47,12.75,54516112,698119104.00
2015/11/06,12.99,13.10,12.75,12.89,41456578,534971008.00
2015/11/09,12.86,13.25,12.66,13.15,46676230,607002752.00
2015/11/10,13.06,13.49,12.93,13.20,47251553,622831168.00
2015/11/11,13.18,13.48,12.81,13.32,43359840,566708160.00
2015/11/12,13.24,13.26,12.85,12.86,30112451,391637184.00
2015/11/13,12.76,12.80,12.33,12.43,24454037,308033920.00
2015/11/16,12.10,12.62,12.05,12.56,15983544,197421216.00
2015/11/17,12.62,13.06,12.59,12.70,30770763,395297696.00
2015/11/18,12.95,13.08,12.51,12.57,27547246,354463872.00
2015/11/19,12.57,12.75,12.33,12.69,19247762,241706304.00
2015/11/20,12.68,12.98,12.62,12.74,20342628,260438400.00
2015/11/23,12.80,13.08,12.69,12.81,26265256,338928448.00
2015/11/24,12.80,12.91,12.60,12.84,15209975,194147216.00
2015/11/25,12.81,13.39,12.78,13.20,42032862,548726080.00
2015/11/26,13.15,13.41,12.90,13.40,48498111,638617856.00
2015/11/27,13.42,13.60,12.06,12.19,50488820,663218560.00
2015/11/30,12.00,12.19,11.00,11.61,28440864,332111168.00
2015/12/01,11.49,11.75,11.36,11.52,16353223,189350624.00
2015/12/02,11.55,11.64,11.01,11.41,14625488,165720928.00
2015/12/03,11.45,11.66,11.41,11.61,12245906,141393728.00
2015/12/04,11.61,11.66,11.30,11.41,14579008,167261024.00
2015/12/07,11.49,11.49,11.30,11.42,10582389,120624464.00
2015/12/08,11.36,11.36,10.88,10.90,16558630,183241920.00
2015/12/09,10.87,11.17,10.77,11.16,14357666,157584896.00
2015/12/10,11.21,11.37,11.05,11.06,13520002,151093200.00
2015/12/11,10.94,10.94,10.81,10.83,8956554,97249264.00
2015/12/14,10.88,11.49,10.88,11.49,19181133,216543328.00
2015/12/15,11.59,11.63,11.31,11.36,13891576,158685920.00
2015/12/16,11.34,11.40,11.22,11.25,11140118,125745824.00
2015/12/17,11.30,11.57,11.30,11.51,16515017,189575648.00
2015/12/18,11.50,11.58,11.30,11.39,14039286,160432912.00
2015/12/21,11.31,11.59,11.29,11.49,14605993,167491984.00
2015/12/22,11.61,11.69,11.46,11.57,14343534,165725648.00
2015/12/23,11.60,11.71,11.43,11.43,14754878,170701152.00
2015/12/24,11.44,11.50,11.10,11.23,10478697,117833792.00
2015/12/25,11.34,11.54,11.22,11.45,8981820,102169472.00
2015/12/28,11.45,11.53,11.10,11.11,11442916,129581448.00
2015/12/29,11.03,11.38,10.95,11.35,8988565,99843952.00
2015/12/30,11.32,11.39,11.14,11.29,7767731,87584488.00
2015/12/31,11.36,11.45,11.21,11.28,9806895,111319632.00
2016/01/04,11.43,11.49,10.18,10.22,12259027,135602000.00
2016/01/05,9.72,10.48,9.36,9.86,14752419,145391664.00
2016/01/06,9.92,10.19,9.90,10.14,10383159,104239176.00
2016/01/07,9.95,9.96,9.13,9.14,3035800,28739006.00
2016/01/08,9.43,9.54,8.32,9.20,12420241,113751880.00
2016/01/11,9.14,9.38,8.36,8.43,11553508,103653080.00
2016/01/12,8.40,8.58,8.12,8.40,9078375,76299400.00
2016/01/13,8.56,8.62,8.18,8.18,8696798,73217880.00
2016/01/14,7.80,8.48,7.61,8.43,9780808,79257864.00
2016/01/15,8.25,8.48,7.80,7.98,8383279,68568272.00
2016/01/18,7.80,8.20,7.75,8.07,7618269,61412556.00
2016/01/19,8.10,8.70,7.96,8.62,15547573,130712600.00
2016/01/20,8.51,8.66,8.37,8.47,11414001,97254320.00
2016/01/21,8.35,8.93,8.15,8.33,12713570,107879656.00
2016/01/22,8.39,8.56,8.18,8.44,9625061,80545992.00
2016/01/25,8.52,8.70,8.42,8.70,9715931,83177816.00
2016/01/26,8.56,8.94,7.85,7.97,16993699,145394656.00
2016/01/27,8.09,8.17,7.57,8.05,10053969,79630816.00
2016/01/28,8.00,8.10,7.28,7.37,6913210,53613544.00
2016/01/29,7.38,7.87,7.37,7.67,7021406,53316428.00
2016/02/01,7.65,7.73,7.31,7.45,4743258,35869188.00
2016/02/02,7.50,7.74,7.44,7.74,6188258,47325040.00
2016/02/03,7.90,8.15,7.75,8.01,10560777,84226408.00
2016/02/04,8.02,8.15,7.88,8.05,10317226,82820064.00
2016/02/05,7.99,8.11,7.92,7.92,6151849,49331808.00
2016/02/15,7.61,7.88,7.55,7.77,4679282,36036332.00
2016/02/16,7.80,8.20,7.79,8.14,9391116,75555104.00
2016/02/17,8.14,8.31,8.07,8.26,11973424,98432432.00
2016/02/18,8.30,8.64,8.19,8.38,15236816,128401264.00
2016/02/19,8.29,8.48,8.21,8.30,8492582,70657504.00
2016/02/22,8.40,8.59,8.32,8.50,10372319,87837984.00
2016/02/23,8.49,8.52,8.27,8.45,8031756,67375640.00
2016/02/24,8.40,8.65,8.37,8.61,11688523,99603640.00
2016/02/25,8.55,8.58,7.75,7.75,12596871,102284712.00
2016/02/26,7.81,7.95,7.50,7.72,7438478,57389404.00
2016/02/29,7.70,7.72,7.01,7.13,7122434,51330376.00
2016/03/01,7.19,7.33,6.92,7.29,7572083,54279808.00
2016/03/02,7.29,7.70,7.22,7.68,10379936,78144488.00
2016/03/03,7.62,8.16,7.58,7.92,13544645,105839936.00
2016/03/04,7.81,7.88,7.41,7.51,8896944,68163680.00
2016/03/07,7.70,7.83,7.55,7.74,6767554,52358968.00
2016/03/08,7.80,8.51,7.41,8.31,21144933,171636288.00
2016/03/09,8.00,8.15,7.80,7.83,12843787,102152624.00
数据来源:通达信
