000739 普洛药业 日线 前复权
      日期	    开盘	    最高	    最低	    收盘	    成交量	    成交额
2011/01/04,3.33,3.41,3.33,3.40,5687410,51370760.00
2011/01/05,3.37,3.53,3.37,3.42,7784966,72071528.00
2011/01/06,3.42,3.48,3.36,3.47,6757660,62040900.00
2011/01/07,3.47,3.50,3.41,3.42,5138356,47493204.00
2011/01/10,3.41,3.42,3.24,3.25,5535925,49253260.00
2011/01/11,3.24,3.27,3.17,3.23,4208477,36345992.00
2011/01/12,3.23,3.27,3.20,3.27,3016146,26144532.00
2011/01/13,3.27,3.28,3.23,3.25,2505964,21843960.00
2011/01/14,3.27,3.33,3.24,3.28,6266341,55249920.00
2011/01/17,3.21,3.23,2.96,2.96,7315071,60336740.00
2011/01/18,2.96,3.01,2.94,2.97,2719420,21695188.00
2011/01/19,2.98,3.04,2.98,3.03,3278211,26522002.00
2011/01/20,3.04,3.04,2.89,2.90,4694257,37258648.00
2011/01/21,2.90,2.92,2.83,2.90,4574404,35467128.00
2011/01/24,2.90,2.91,2.79,2.79,3777166,28838708.00
2011/01/25,2.79,2.83,2.75,2.80,2500297,18809960.00
2011/01/26,2.81,2.85,2.78,2.84,1914959,14568077.00
2011/01/27,2.82,2.89,2.80,2.89,2940737,22666714.00
2011/01/28,2.89,2.93,2.87,2.93,3233872,25300888.00
2011/01/31,2.92,3.05,2.90,2.99,4490198,36124388.00
2011/02/01,2.98,3.00,2.96,3.00,2266230,18169906.00
2011/02/09,2.98,3.05,2.97,3.01,3407543,27659582.00
2011/02/10,3.02,3.19,2.99,3.14,7312764,61309224.00
2011/02/11,3.11,3.20,3.10,3.17,5958393,50275176.00
2011/02/14,3.18,3.20,3.15,3.19,6058789,51649060.00
2011/02/15,3.19,3.25,3.15,3.17,5922260,50840708.00
2011/02/16,3.14,3.25,3.14,3.22,5467029,47024376.00
2011/02/17,3.21,3.23,3.16,3.23,6040167,51876452.00
2011/02/18,3.23,3.35,3.20,3.32,11797141,104170216.00
2011/02/21,3.27,3.42,3.26,3.39,9683964,86746216.00
2011/02/22,3.39,3.41,3.23,3.25,8502537,75483824.00
2011/02/23,3.23,3.34,3.23,3.32,6060864,53586932.00
2011/02/24,3.28,3.43,3.28,3.39,8014180,72153552.00
2011/02/25,3.39,3.46,3.35,3.43,8259294,75605760.00
2011/02/28,3.43,3.46,3.36,3.42,6351164,57705632.00
2011/03/01,3.42,3.50,3.40,3.43,8402657,77486768.00
2011/03/02,3.43,3.66,3.43,3.56,15994073,151940912.00
2011/03/03,3.56,3.57,3.42,3.42,9550164,89165768.00
2011/03/04,3.44,3.49,3.42,3.47,4677775,43192888.00
2011/03/07,3.48,3.54,3.43,3.44,7106524,65776552.00
2011/03/08,3.44,3.48,3.37,3.47,8019980,73379352.00
2011/03/09,3.47,3.47,3.40,3.43,5413134,49852904.00
2011/03/10,3.42,3.44,3.39,3.41,4246626,38839116.00
2011/03/11,3.40,3.51,3.38,3.43,8217726,75933784.00
2011/03/14,3.43,3.70,3.43,3.65,20021620,193302512.00
2011/03/15,3.66,3.93,3.44,3.78,29491574,291896480.00
2011/03/16,3.72,3.75,3.63,3.71,14103497,139023776.00
2011/03/17,3.67,3.85,3.59,3.63,14768701,146866768.00
2011/03/18,3.65,3.68,3.57,3.60,8002407,77278800.00
2011/03/21,3.60,3.63,3.50,3.53,6727856,63644564.00
2011/03/22,3.53,3.57,3.45,3.56,6011195,56527904.00
2011/03/23,3.55,3.58,3.52,3.57,4966892,47137232.00
2011/03/24,3.56,3.76,3.53,3.65,13695725,134201936.00
2011/03/25,3.65,3.69,3.62,3.64,8664738,84145216.00
2011/03/28,3.65,3.70,3.62,3.62,8834474,86267544.00
2011/03/29,3.63,3.73,3.58,3.72,13214377,129546568.00
2011/03/30,3.70,3.78,3.66,3.69,11201037,111380320.00
2011/03/31,3.68,3.72,3.37,3.40,12391366,116429544.00
2011/04/01,3.41,3.45,3.35,3.44,5531967,50566124.00
2011/04/06,3.43,3.45,3.38,3.41,5330563,48640536.00
2011/04/07,3.42,3.44,3.37,3.44,4947868,45137004.00
2011/04/08,3.42,3.46,3.40,3.45,5409247,49763348.00
2011/04/11,3.45,3.49,3.41,3.46,7013279,64737836.00
2011/04/12,3.43,3.46,3.41,3.43,4773993,43830568.00
2011/04/13,3.42,3.49,3.40,3.48,5169006,47778828.00
2011/04/14,3.48,3.53,3.46,3.49,5059426,47222876.00
2011/04/15,3.48,3.52,3.44,3.47,4797091,44483248.00
2011/04/18,3.44,3.61,3.44,3.58,9764050,92736392.00
2011/04/19,3.57,3.65,3.47,3.59,9849417,93479344.00
2011/04/20,3.58,3.84,3.55,3.80,25071558,249404848.00
2011/04/21,3.75,3.85,3.72,3.75,15959623,160169600.00
2011/04/22,3.73,3.80,3.69,3.73,10344793,103218896.00
2011/04/25,3.68,3.69,3.44,3.46,11447925,107766232.00
2011/04/26,3.46,3.50,3.42,3.42,4771833,44154048.00
2011/04/27,3.44,3.50,3.32,3.37,4913745,44922092.00
2011/04/28,3.39,3.40,3.24,3.25,4391823,38985036.00
2011/04/29,3.23,3.33,3.23,3.29,3078106,27016712.00
2011/05/03,3.28,3.40,3.27,3.38,2678022,23981358.00
2011/05/04,3.38,3.42,3.30,3.33,3469007,31188720.00
2011/05/05,3.33,3.38,3.31,3.34,1881228,16865662.00
2011/05/06,3.33,3.37,3.28,3.36,2804577,24980714.00
2011/05/09,3.38,3.42,3.35,3.39,2571531,23313548.00
2011/05/10,3.39,3.40,3.35,3.40,2257044,20413308.00
2011/05/11,3.39,3.43,3.36,3.43,3617030,32925844.00
2011/05/12,3.47,3.70,3.37,3.61,13857326,131604640.00
2011/05/13,3.55,3.75,3.54,3.67,18922372,184578576.00
2011/05/16,3.61,3.82,3.58,3.62,10771154,105083072.00
2011/05/17,3.61,3.68,3.49,3.52,7157046,67861096.00
2011/05/18,3.52,3.69,3.45,3.65,10058096,97089912.00
2011/05/19,3.63,3.78,3.56,3.67,15840315,156681232.00
2011/05/23,3.65,3.65,3.40,3.40,9460911,88316936.00
2011/05/24,3.36,3.39,3.25,3.32,6076271,53882944.00
2011/05/25,3.32,3.37,3.27,3.27,3765784,33373276.00
2011/05/26,3.27,3.37,3.27,3.30,4380137,38994352.00
2011/05/27,3.28,3.32,3.08,3.09,5996009,51216848.00
2011/05/30,3.09,3.15,3.01,3.02,3354324,27815060.00
2011/05/31,3.02,3.12,3.01,3.11,2306349,19024912.00
2011/06/01,3.11,3.22,3.11,3.17,3059406,26024132.00
2011/06/02,3.11,3.27,3.10,3.21,5387064,46233476.00
2011/06/03,3.23,3.32,3.17,3.26,4653948,40830348.00
2011/06/07,3.22,3.36,3.21,3.31,4278144,37981964.00
2011/06/08,3.31,3.37,3.23,3.36,5521044,48976760.00
2011/06/09,3.35,3.51,3.32,3.42,11247255,103349640.00
2011/06/10,3.42,3.52,3.37,3.48,7453595,68585432.00
2011/06/13,3.44,3.62,3.42,3.56,10967609,103894728.00
2011/06/14,3.56,3.61,3.52,3.61,8170558,77888272.00
2011/06/15,3.61,3.70,3.55,3.61,11110710,107607368.00
2011/06/16,3.58,3.64,3.48,3.63,11142014,105563392.00
2011/06/17,3.58,3.69,3.44,3.45,8395634,79748080.00
2011/06/20,3.42,3.53,3.33,3.52,6910982,63446152.00
2011/06/21,3.51,3.58,3.49,3.55,5376892,50974212.00
2011/06/22,3.58,3.63,3.50,3.59,6316974,60130364.00
2011/06/23,3.59,3.63,3.51,3.59,5670983,54395580.00
2011/06/24,3.59,3.96,3.57,3.96,34327773,357907360.00
2011/06/27,4.02,4.20,3.96,4.05,43061687,465523616.00
2011/06/28,3.99,4.15,3.92,4.07,23272060,251057552.00
2011/06/29,4.02,4.28,3.98,4.02,28033225,308531936.00
2011/06/30,3.97,4.10,3.90,4.07,18646325,199881648.00
2011/07/01,4.05,4.15,4.00,4.07,17322533,188042976.00
2011/07/04,4.10,4.18,4.01,4.17,26567716,289547264.00
2011/07/05,4.14,4.20,4.02,4.12,23170194,253707840.00
2011/07/06,4.10,4.34,4.05,4.27,31766014,357878304.00
2011/07/07,4.23,4.27,4.08,4.08,22903085,255365968.00
2011/07/08,4.07,4.07,3.93,4.00,14347531,152939488.00
2011/07/11,3.98,4.08,3.97,4.03,8971714,96443832.00
2011/07/12,3.98,4.17,3.93,4.07,14219715,154538496.00
2011/07/13,4.07,4.19,4.03,4.13,10434691,114414376.00
2011/07/14,4.07,4.14,4.03,4.06,14260487,154807664.00
2011/07/18,4.12,4.35,4.01,4.02,23298183,258494608.00
2011/07/19,3.92,3.95,3.74,3.78,17438577,177644736.00
2011/07/20,3.81,3.83,3.72,3.80,7324484,73729472.00
2011/07/21,3.80,3.81,3.65,3.67,7689218,76566888.00
2011/07/22,3.68,3.78,3.68,3.73,6370478,63348660.00
2011/07/25,3.72,3.81,3.66,3.68,9342930,93162144.00
2011/07/26,3.67,3.79,3.64,3.79,6371928,63377572.00
2011/07/27,3.77,3.89,3.74,3.86,8505767,86554912.00
2011/07/28,3.79,3.83,3.70,3.75,6971749,69715208.00
2011/07/29,3.72,3.78,3.68,3.72,4333859,43078456.00
2011/08/01,3.69,3.71,3.60,3.68,4913380,47804160.00
2011/08/02,3.67,3.67,3.48,3.56,5133379,48498000.00
2011/08/03,3.53,3.59,3.47,3.56,3279344,30930226.00
2011/08/04,3.57,3.64,3.57,3.59,3421142,32830306.00
2011/08/05,3.45,3.56,3.39,3.51,3478550,32477814.00
2011/08/08,3.42,3.75,3.32,3.35,7853357,72913832.00
2011/08/09,3.23,3.27,3.08,3.21,8479864,72442496.00
2011/08/10,3.27,3.35,3.24,3.24,6655401,58458916.00
2011/08/11,3.15,3.32,3.13,3.31,6024779,52217892.00
2011/08/12,3.34,3.41,3.32,3.33,5457021,48953972.00
2011/08/15,3.33,3.55,3.32,3.49,7936239,73613096.00
2011/08/16,3.50,3.56,3.45,3.48,7572179,70651520.00
2011/08/17,3.47,3.68,3.45,3.60,12036987,114800552.00
2011/08/18,3.59,3.68,3.50,3.50,8885064,85269304.00
2011/08/19,3.41,3.47,3.38,3.43,4180159,38194912.00
2011/08/22,3.42,3.48,3.38,3.40,2990331,27472954.00
2011/08/23,3.42,3.58,3.42,3.52,3494396,32615448.00
2011/08/24,3.52,3.56,3.45,3.47,3088630,28865930.00
2011/08/25,3.47,3.57,3.43,3.55,5093189,47858008.00
2011/08/26,3.53,3.57,3.50,3.56,3125837,29517282.00
2011/08/29,3.54,3.61,3.52,3.57,3975338,37904152.00
2011/08/30,3.60,3.62,3.43,3.44,4029965,38009592.00
2011/08/31,3.44,3.48,3.30,3.38,4239183,38216116.00
2011/09/01,3.37,3.42,3.35,3.35,1937042,17483886.00
2011/09/02,3.37,3.43,3.33,3.37,2258872,20354368.00
2011/09/05,3.35,3.35,3.18,3.22,2966402,25657040.00
2011/09/06,3.22,3.25,3.17,3.20,1976988,16944296.00
2011/09/07,3.22,3.33,3.21,3.33,2950636,25866696.00
2011/09/08,3.33,3.42,3.29,3.35,4537615,40703316.00
2011/09/09,3.35,3.37,3.27,3.33,2499426,22128460.00
2011/09/13,3.22,3.31,3.22,3.28,1485182,12984824.00
2011/09/14,3.31,3.35,3.25,3.35,2115891,18764204.00
2011/09/15,3.37,3.38,3.29,3.30,1796070,15968050.00
2011/09/16,3.30,3.34,3.30,3.32,1358248,12044677.00
2011/09/19,3.31,3.31,3.22,3.22,1981871,17179188.00
2011/09/20,3.19,3.23,3.15,3.21,1774034,15125598.00
2011/09/21,3.19,3.32,3.16,3.30,3029954,26322812.00
2011/09/22,3.29,3.31,3.22,3.22,2608194,22826886.00
2011/09/23,3.14,3.18,3.08,3.10,3093258,25798450.00
2011/09/26,3.10,3.13,3.00,3.02,1926841,15831050.00
2011/09/27,3.04,3.05,2.98,3.02,1939817,15698967.00
2011/09/28,3.04,3.06,2.90,2.92,2008493,16064630.00
2011/09/29,2.93,2.93,2.75,2.77,3277354,24785488.00
2011/09/30,2.77,2.80,2.72,2.79,1978507,14673129.00
2011/10/10,2.79,2.83,2.77,2.80,1416671,10667027.00
2011/10/11,2.85,2.93,2.80,2.82,2016575,15443087.00
2011/10/12,2.82,2.94,2.78,2.93,2373333,18452376.00
2011/10/13,2.93,3.00,2.91,2.95,1909292,15152168.00
2011/10/14,2.97,2.97,2.90,2.92,1446473,11349360.00
2011/10/17,2.92,2.98,2.91,2.93,2258480,17852260.00
2011/10/18,2.94,2.94,2.77,2.78,2184437,16662944.00
2011/10/19,2.78,2.80,2.67,2.70,2486329,18183418.00
2011/10/20,2.72,2.75,2.67,2.73,2023596,14696626.00
2011/10/21,2.69,2.73,2.62,2.70,1384543,9960618.00
2011/10/24,2.73,2.84,2.67,2.80,4863628,36335384.00
2011/10/25,2.80,2.90,2.75,2.87,3892917,29933444.00
2011/10/26,2.87,3.05,2.84,3.03,5925527,47399376.00
2011/10/27,3.05,3.08,2.99,3.05,6412011,52366232.00
2011/10/28,3.06,3.11,3.03,3.08,4350208,35711612.00
2011/10/31,3.08,3.12,3.05,3.08,3333762,27566260.00
2011/11/01,3.07,3.11,3.03,3.08,2543831,20903868.00
2011/11/02,3.02,3.16,3.00,3.14,2806369,23167554.00
2011/11/03,3.13,3.29,3.12,3.17,9452753,81210432.00
2011/11/04,3.17,3.27,3.14,3.17,2922895,24912688.00
2011/11/07,3.20,3.23,3.15,3.20,1976322,16878288.00
2011/11/08,3.19,3.31,3.16,3.22,4520791,39337536.00
2011/11/09,3.23,3.39,3.23,3.38,3670904,32426366.00
2012/02/13,3.37,3.38,3.03,3.25,15597805,134557072.00
2012/02/14,3.25,3.30,3.14,3.27,9564610,82386488.00
2012/02/15,3.23,3.39,3.21,3.33,8412695,74302304.00
2012/02/16,3.30,3.35,3.16,3.20,5924114,51224416.00
2012/02/17,3.15,3.24,3.15,3.19,3514409,29927606.00
2012/02/20,3.21,3.25,3.13,3.13,4003895,34025648.00
2012/02/21,3.13,3.15,3.04,3.14,4849331,40144024.00
2012/02/22,3.13,3.25,3.09,3.22,6397486,54566760.00
2012/02/23,3.21,3.28,3.18,3.28,6343129,54946680.00
2012/02/24,3.28,3.31,3.22,3.25,6490966,56581200.00
2012/02/27,3.27,3.35,3.23,3.28,9069380,79830280.00
2012/02/28,3.27,3.27,3.08,3.16,6882166,58561204.00
2012/02/29,3.16,3.20,3.10,3.10,2978356,25116766.00
2012/03/01,3.10,3.28,3.09,3.19,4214433,35849176.00
2012/03/02,3.17,3.21,3.14,3.20,3505481,29849180.00
2012/03/05,3.21,3.25,3.15,3.25,5961330,51086036.00
2012/03/06,3.23,3.23,3.15,3.20,3424213,29214842.00
2012/03/07,3.16,3.25,3.14,3.18,4367213,37484516.00
2012/03/08,3.18,3.24,3.16,3.24,5091577,43644116.00
2012/03/09,3.24,3.28,3.22,3.26,6080137,52848932.00
2012/03/12,3.27,3.30,3.24,3.29,6468405,56618160.00
2012/03/13,3.28,3.29,3.24,3.27,4916777,42911676.00
2012/03/14,3.29,3.34,3.08,3.12,9636241,83712064.00
2012/03/15,3.08,3.12,2.95,2.98,6158892,49897384.00
2012/03/16,3.00,3.05,2.98,3.02,3536990,28568396.00
2012/03/19,3.03,3.08,3.02,3.08,3809265,31184832.00
2012/03/20,3.06,3.08,2.97,2.98,3469393,27937490.00
2012/03/21,3.00,3.01,2.95,2.98,2568351,20484032.00
2012/03/22,2.98,3.04,2.97,3.00,2047456,16464248.00
2012/03/23,3.00,3.00,2.87,2.89,2994915,23491834.00
2012/03/26,2.91,2.91,2.85,2.87,1795854,13829359.00
2012/03/27,2.90,2.96,2.88,2.92,2076234,16208004.00
2012/03/28,2.92,2.92,2.71,2.75,3040893,22980130.00
2012/03/29,2.74,2.74,2.65,2.68,2175531,15746663.00
2012/03/30,2.67,2.93,2.67,2.79,3058851,22703816.00
2012/04/05,2.79,2.82,2.73,2.80,2716213,20393458.00
2012/04/06,2.81,2.82,2.78,2.81,1313145,9876070.00
2012/04/09,2.81,2.81,2.77,2.78,940892,7033005.50
2012/04/10,2.76,2.81,2.71,2.79,2043694,15167730.00
2012/04/11,2.77,2.84,2.75,2.83,2678806,20206116.00
2012/04/12,2.83,2.92,2.81,2.89,4365375,33734148.00
2012/04/13,2.88,2.96,2.85,2.91,3445406,26745344.00
2012/04/16,2.88,2.93,2.85,2.88,2101087,16314322.00
2012/04/17,2.87,2.95,2.86,2.92,3597713,28161702.00
2012/04/18,2.92,3.00,2.89,2.97,4311011,33967224.00
2012/04/19,2.96,3.02,2.93,2.96,3411593,27142070.00
2012/04/20,2.94,3.00,2.93,2.93,2803065,22160498.00
2012/04/23,2.93,2.95,2.81,2.82,3495813,27015810.00
2012/04/24,2.79,2.85,2.72,2.78,2962166,22066356.00
2012/04/25,2.78,2.97,2.75,2.92,3470354,26423802.00
2012/04/26,2.91,2.96,2.85,2.88,3073453,23818328.00
2012/04/27,2.84,2.88,2.83,2.85,1680832,12862775.00
2012/05/02,2.86,2.92,2.83,2.90,2605045,20173296.00
2012/05/03,2.90,2.97,2.90,2.93,3203249,25250196.00
2012/05/04,2.94,2.95,2.89,2.92,2561827,20025810.00
2012/05/07,2.92,2.97,2.89,2.93,2188345,17189328.00
2012/05/08,2.93,2.96,2.90,2.90,2049237,16006701.00
2012/05/09,2.90,2.90,2.79,2.80,2733185,20789438.00
2012/05/10,2.80,2.84,2.80,2.80,1405899,10652468.00
2012/05/11,2.81,2.88,2.81,2.86,2493190,19102666.00
2012/05/14,2.88,2.98,2.86,2.92,5639200,44503644.00
2012/05/15,2.89,2.95,2.83,2.87,3152489,24495166.00
2012/05/16,2.86,3.00,2.83,2.96,6045665,47887368.00
2012/05/17,2.98,3.08,2.98,3.03,9750129,79452992.00
2012/05/18,3.01,3.04,2.95,3.00,6002036,48241976.00
2012/05/21,2.98,3.01,2.89,2.93,3572966,28053492.00
2012/05/22,2.93,2.97,2.93,2.94,2832101,22397432.00
2012/05/23,3.09,3.17,2.99,3.02,9788249,80792392.00
2012/05/24,2.94,3.07,2.93,3.06,6854327,55464388.00
2012/05/25,3.02,3.06,3.00,3.03,3823508,31005464.00
2012/05/28,3.02,3.02,2.86,2.95,4496145,35207068.00
2012/05/29,2.93,2.97,2.89,2.97,3000592,23731234.00
2012/05/30,2.98,3.03,2.95,2.98,3372860,27068024.00
2012/05/31,2.98,3.06,2.95,3.02,5093187,41137356.00
2012/06/01,3.01,3.05,2.98,3.02,2796133,22573708.00
2012/06/04,2.96,3.00,2.87,2.90,2749339,21729466.00
2012/06/05,2.89,3.07,2.89,2.97,2980040,23724878.00
2012/06/06,2.97,2.99,2.87,2.89,2505232,19508062.00
2012/06/07,2.90,3.16,2.90,3.07,10708557,87399376.00
2012/06/08,3.07,3.09,3.02,3.06,5442355,44556080.00
2012/06/11,3.06,3.12,3.04,3.09,5916562,48949080.00
2012/06/12,3.05,3.16,3.01,3.15,6371630,52726740.00
2012/06/13,3.15,3.16,3.10,3.14,5076512,42543704.00
2012/06/14,3.13,3.13,3.04,3.08,3907086,32292434.00
2012/06/15,3.08,3.23,3.08,3.14,7808288,66082688.00
2012/06/19,3.18,3.23,3.12,3.12,5984124,50843420.00
2012/06/20,3.11,3.21,3.09,3.14,3759494,31710102.00
2012/06/21,3.14,3.15,3.06,3.06,2384137,19695920.00
2012/06/25,3.00,3.09,2.98,3.04,2535443,20609916.00
2012/06/26,3.04,3.05,2.97,3.03,1937957,15636984.00
2012/06/27,3.00,3.06,3.00,3.05,1859112,15133916.00
2012/06/28,3.05,3.13,3.05,3.10,3948131,32703104.00
2012/06/29,3.09,3.15,3.07,3.15,3085726,25769374.00
2012/07/02,3.14,3.22,3.13,3.20,4093943,34929912.00
2012/07/03,3.20,3.20,3.12,3.14,3148417,26636810.00
2012/07/04,3.14,3.17,3.11,3.15,1807603,15190581.00
2012/07/05,3.13,3.14,3.05,3.12,2106746,17484718.00
2012/07/06,3.12,3.22,3.08,3.20,3274447,27655732.00
2012/07/09,3.19,3.28,3.17,3.20,6034227,52134384.00
2012/07/10,3.18,3.26,3.18,3.22,4767651,41197952.00
2012/07/11,3.21,3.34,3.10,3.33,6627076,57425124.00
2012/07/12,3.30,3.45,3.28,3.39,7949027,71795264.00
2012/07/13,3.39,3.42,3.34,3.39,3591556,32384886.00
2012/07/16,3.40,3.43,3.25,3.25,4657685,41254200.00
2012/07/17,3.24,3.37,3.23,3.33,3175224,27991354.00
2012/07/18,3.29,3.44,3.27,3.39,4415554,39591356.00
2012/07/19,3.38,3.44,3.35,3.36,3463728,31318754.00
2012/07/20,3.33,3.38,3.30,3.32,2120769,18873002.00
2012/07/23,3.39,3.39,3.26,3.27,2039420,18037974.00
2012/07/24,3.26,3.30,3.21,3.28,1683535,14655727.00
2012/07/25,3.26,3.30,3.22,3.22,1617269,14092366.00
2012/07/26,3.22,3.27,3.14,3.17,3023119,25990052.00
2012/07/27,3.16,3.20,3.11,3.13,2081459,17522296.00
2012/07/30,3.12,3.16,3.08,3.10,2675407,22306508.00
2012/07/31,3.10,3.17,3.07,3.11,1349641,11256435.00
2012/08/01,3.10,3.19,3.10,3.17,1563402,13220896.00
2012/08/02,3.19,3.23,3.16,3.20,2791236,23879940.00
2012/08/03,3.21,3.43,3.21,3.28,2640036,23156618.00
2012/08/06,3.28,3.31,3.25,3.30,2136835,18784834.00
2012/08/07,3.28,3.32,3.27,3.30,2483098,21859562.00
2012/08/08,3.33,3.37,3.25,3.25,2653286,23389790.00
2012/08/09,3.27,3.32,3.22,3.31,2333245,20435442.00
2012/08/10,3.32,3.42,3.29,3.35,4424921,39769324.00
2012/08/13,3.35,3.43,3.33,3.33,4592910,41510000.00
2012/08/14,3.35,3.66,3.33,3.52,11851436,110463560.00
2012/08/15,3.50,3.62,3.46,3.54,9100056,86020424.00
2012/08/16,3.50,3.60,3.46,3.47,6288714,59318764.00
2012/08/17,3.47,3.47,3.39,3.44,3168635,28977716.00
2012/08/20,3.41,3.48,3.33,3.45,3260164,29601046.00
2012/08/21,3.41,3.52,3.41,3.48,3258421,30106424.00
2012/08/22,3.46,3.50,3.36,3.40,2659952,24288576.00
2012/08/23,3.38,3.42,3.34,3.40,1736373,15700815.00
2012/08/24,3.40,3.43,3.35,3.39,2162381,19551798.00
2012/08/27,3.38,3.38,3.23,3.23,3379189,29587218.00
2012/08/28,3.23,3.34,3.23,3.29,2963453,26088288.00
2012/08/29,3.29,3.32,3.20,3.23,2469766,21476240.00
2012/08/30,3.23,3.28,3.17,3.20,2032950,17475436.00
2012/08/31,3.18,3.23,3.16,3.22,1307611,11171060.00
2012/09/03,3.22,3.31,3.18,3.29,2567445,22511184.00
2012/09/04,3.29,3.32,3.26,3.28,1000999,8792372.00
2012/09/05,3.25,3.33,3.25,3.32,1132609,9998676.00
2012/09/06,3.31,3.35,3.29,3.30,1365156,12097855.00
2012/09/07,3.30,3.44,3.30,3.40,3736583,33723260.00
2012/09/10,3.43,3.48,3.38,3.48,4987823,45663028.00
2012/09/11,3.46,3.49,3.42,3.49,3702836,34227204.00
2012/09/12,3.49,3.52,3.40,3.47,2778672,25567524.00
2012/09/13,3.45,3.47,3.39,3.43,2103332,19262880.00
2012/09/14,3.43,3.54,3.35,3.53,6556768,60527848.00
2012/09/17,3.53,3.53,3.43,3.43,4599796,42736496.00
2012/09/18,3.40,3.46,3.35,3.38,4025504,36677720.00
2012/09/19,3.41,3.43,3.32,3.38,3626911,32651392.00
2012/09/20,3.37,3.37,3.23,3.29,3552875,31158664.00
2012/09/21,3.30,3.35,3.22,3.27,3252464,28684406.00
2012/09/24,3.25,3.33,3.22,3.31,2311933,20376252.00
2012/09/25,3.31,3.33,3.24,3.24,1921940,16826000.00
2012/09/26,3.23,3.27,3.16,3.24,2215353,19084436.00
2012/09/27,3.24,3.35,3.23,3.30,2383057,21067664.00
2012/09/28,3.30,3.35,3.29,3.34,1871127,16643809.00
2012/10/08,3.35,3.39,3.27,3.34,2166828,19279234.00
2012/10/09,3.34,3.42,3.32,3.42,3404144,30787656.00
2012/10/10,3.39,3.41,3.34,3.40,4244068,38209048.00
2012/10/11,3.38,3.40,3.31,3.32,2651385,23830800.00
2012/10/12,3.30,3.35,3.25,3.25,2469492,21629766.00
2012/10/15,3.32,3.45,3.29,3.43,8815548,80212120.00
2012/10/16,3.29,3.35,3.18,3.29,14469321,126091472.00
2012/10/17,3.26,3.29,3.19,3.22,4720435,40697652.00
2012/10/18,3.22,3.27,3.20,3.23,4043958,35039632.00
2012/10/19,3.24,3.25,3.20,3.22,2878333,24796806.00
2012/10/22,3.22,3.27,3.22,3.26,4207157,36574300.00
2012/10/23,3.26,3.27,3.20,3.21,2802580,24201286.00
2012/10/24,3.18,3.24,3.15,3.18,2883039,24644918.00
2012/10/25,3.18,3.22,3.16,3.17,2428487,20694472.00
2012/10/26,3.16,3.22,3.15,3.18,2119795,18034818.00
2012/10/29,3.18,3.20,3.12,3.12,1713016,14474397.00
2012/10/30,3.18,3.18,3.06,3.11,1860670,15478531.00
2012/10/31,3.10,3.15,3.08,3.14,1027068,8595470.00
2012/11/01,3.14,3.25,3.12,3.22,2736523,23458378.00
2012/11/02,3.24,3.25,3.19,3.21,1179227,10130085.00
2012/11/05,3.18,3.23,3.17,3.18,1396878,11933609.00
2012/11/06,3.17,3.19,3.11,3.13,1205971,10148312.00
2012/11/07,3.13,3.18,3.11,3.15,692833,5827854.00
2012/11/08,3.15,3.15,3.03,3.04,1921861,15876259.00
2012/11/09,3.02,3.08,3.01,3.05,846026,6896508.50
2012/11/12,3.04,3.08,3.03,3.05,598778,4902324.50
2012/11/13,3.04,3.12,2.97,3.11,2187798,17823528.00
2012/11/14,3.08,3.11,3.02,3.11,1048802,8575595.00
2012/11/15,3.09,3.09,3.03,3.06,737943,6039869.50
2012/11/16,3.04,3.04,2.98,3.02,512138,4131856.50
2012/11/19,2.99,3.04,2.95,3.03,845136,6764152.00
2012/11/20,3.04,3.04,2.97,2.97,591809,4742527.50
2012/11/21,2.95,3.01,2.95,2.99,795851,6354625.50
2012/11/22,2.99,2.99,2.95,2.97,874262,6954799.00
2012/11/23,2.95,2.99,2.95,2.97,311656,2486126.25
2012/11/26,2.97,2.97,2.92,2.93,500537,3945408.50
2012/11/27,2.93,2.93,2.80,2.91,1891298,14495891.00
2012/11/28,2.84,2.87,2.81,2.81,596950,4557741.00
2012/11/29,2.80,2.85,2.75,2.76,1100784,8289857.00
2012/11/30,2.77,2.79,2.75,2.79,770680,5737113.50
2012/12/03,2.89,2.92,2.84,2.84,2390773,18535180.00
2012/12/04,2.79,2.90,2.77,2.90,969080,7347360.50
2012/12/05,2.88,3.03,2.86,3.00,3435850,27291104.00
2012/12/06,3.00,3.05,2.96,3.02,3045762,24570130.00
2012/12/14,3.20,3.29,3.02,3.23,6568329,56024816.00
2012/12/17,3.25,3.27,3.10,3.24,4550336,39187292.00
2012/12/18,3.23,3.28,3.17,3.25,3101060,26769118.00
2012/12/19,3.22,3.25,3.18,3.19,1369527,11790593.00
2012/12/20,3.19,3.19,3.13,3.18,2534865,21341784.00
2012/12/21,3.18,3.18,3.13,3.16,1811392,15254223.00
2012/12/24,3.15,3.19,3.14,3.19,1473256,12523011.00
2012/12/25,3.22,3.36,3.22,3.29,5704546,50316932.00
2012/12/26,3.27,3.48,3.25,3.29,4615095,40636164.00
2012/12/27,3.30,3.30,3.24,3.24,2482841,21647416.00
2012/12/28,3.23,3.25,3.19,3.23,2060122,17747684.00
2012/12/31,3.25,3.25,3.17,3.24,3804276,32682472.00
2013/01/04,3.30,3.30,3.21,3.22,2179519,18885342.00
2013/01/07,3.27,3.38,3.27,3.37,5941601,52700196.00
2013/01/08,3.72,3.72,3.68,3.72,19821124,196168016.00
2013/01/09,3.75,3.88,3.63,3.64,31623763,317411488.00
2013/01/10,3.58,3.71,3.53,3.67,12159782,117684440.00
2013/01/11,3.67,3.78,3.63,3.64,11247698,110731216.00
2013/01/14,3.72,3.92,3.71,3.89,20029999,202537344.00
2013/01/15,3.88,3.90,3.80,3.82,15195497,155028864.00
2013/01/16,3.82,3.82,3.63,3.69,13165461,129780024.00
2013/01/17,3.70,3.74,3.64,3.65,5847756,57394436.00
2013/01/18,3.66,3.70,3.56,3.68,6662315,64797176.00
2013/01/21,3.69,3.70,3.62,3.66,5333100,52017292.00
2013/01/22,3.66,3.74,3.59,3.62,6473986,63331180.00
2013/01/23,3.57,3.62,3.51,3.57,6075390,57666592.00
2013/01/24,3.57,3.63,3.44,3.47,6042512,56936044.00
2013/01/25,3.47,3.53,3.45,3.50,3740093,34934696.00
2013/01/28,3.50,3.63,3.50,3.60,5649736,53650032.00
2013/01/29,3.60,3.65,3.58,3.61,5764818,55523044.00
2013/01/30,3.60,3.65,3.56,3.64,5771900,55544504.00
2013/01/31,3.64,3.66,3.50,3.56,4968935,47134976.00
2013/02/01,3.55,3.56,3.50,3.54,2721802,25618206.00
2013/02/04,3.54,3.55,3.39,3.41,6843713,62749508.00
2013/02/05,3.76,3.76,3.76,3.76,7888879,78967680.00
2013/02/06,3.90,4.14,3.87,4.14,50813183,548056192.00
2013/02/07,4.06,4.30,4.02,4.21,38253901,422261312.00
2013/02/08,4.18,4.64,4.15,4.64,31615171,379177792.00
2013/02/22,4.79,5.10,4.78,4.91,47879071,623263616.00
2013/02/25,4.89,4.98,4.81,4.96,31096628,403773856.00
2013/02/26,4.91,5.44,4.84,4.97,43053932,587426176.00
2013/02/27,4.97,5.15,4.89,4.96,27472135,363567104.00
2013/02/28,4.91,4.97,4.75,4.90,25127161,323062272.00
2013/03/01,4.86,5.21,4.85,5.16,33537528,450135712.00
2013/03/04,5.15,5.25,4.93,5.03,23513709,316003136.00
2013/03/05,5.09,5.18,4.98,5.17,21404556,287981600.00
2013/03/06,5.22,5.40,5.17,5.26,25195698,350701568.00
2013/03/07,5.23,5.34,4.89,4.94,26655980,357962688.00
2013/03/08,4.95,5.04,4.85,4.87,14020950,183021200.00
2013/03/11,4.88,4.97,4.81,4.88,10122052,130820560.00
2013/03/12,4.86,4.93,4.64,4.75,13694144,172724048.00
2013/03/13,4.74,4.81,4.66,4.78,7898438,99415544.00
2013/03/14,4.77,4.83,4.66,4.66,9219827,115586856.00
2013/03/15,4.66,4.88,4.58,4.73,11588975,145513872.00
2013/03/18,4.66,4.85,4.66,4.76,8813957,111444432.00
2013/03/19,4.74,4.79,4.57,4.70,6643853,82235960.00
2013/03/20,4.70,5.02,4.70,5.02,14741734,190637584.00
2013/03/21,5.04,5.22,4.99,5.21,19824879,267369552.00
2013/03/22,5.22,5.37,5.10,5.36,19646464,272708576.00
2013/03/25,5.33,5.36,5.19,5.33,10978683,153164576.00
2013/03/26,5.25,5.33,5.07,5.19,10129201,138410464.00
2013/03/27,5.16,5.27,5.13,5.23,9994433,137802736.00
2013/03/28,5.16,5.17,4.85,5.00,8958588,118572712.00
2013/03/29,4.98,5.08,4.97,5.03,5523403,73503464.00
2013/04/01,5.25,5.52,5.10,5.35,35292416,492200576.00
2013/04/02,5.25,5.26,5.00,5.03,18973661,258371648.00
2013/04/03,5.47,5.47,5.18,5.22,30260743,424817504.00
2013/04/08,5.29,5.48,5.08,5.12,33224155,463855648.00
2013/04/16,4.60,4.65,4.60,4.60,5924080,72238856.00
2013/04/17,4.50,4.62,4.41,4.61,19491675,233029536.00
2013/04/18,4.52,4.62,4.47,4.54,11400133,137481616.00
2013/04/19,4.55,4.71,4.53,4.67,12532639,153831520.00
2013/04/22,4.70,4.97,4.70,4.91,15415146,196532848.00
2013/04/23,4.90,5.02,4.83,4.85,13483509,175507600.00
2013/04/24,4.87,4.93,4.72,4.90,11667729,149626080.00
2013/04/25,4.88,5.00,4.75,4.75,12298159,159218080.00
2013/04/26,4.76,4.80,4.54,4.55,7929000,97954608.00
2013/05/02,4.55,4.67,4.54,4.67,5931566,72758128.00
2013/05/03,4.69,4.78,4.67,4.72,5499159,68981032.00
2013/05/06,4.70,4.78,4.70,4.73,5692451,71580384.00
2013/05/07,4.73,4.83,4.69,4.75,6337721,79897320.00
2013/05/08,4.75,4.95,4.73,4.91,10851714,139640864.00
2013/05/09,4.89,4.91,4.77,4.89,7627727,97828856.00
2013/05/10,4.87,5.08,4.85,5.02,10520581,138843968.00
2013/05/13,5.07,5.11,4.97,5.00,6441285,85563352.00
2013/05/14,5.00,5.10,4.87,4.93,7843019,103140864.00
2013/05/15,5.01,5.02,4.87,4.99,6087251,79592048.00
2013/05/16,4.98,5.12,4.91,5.08,10898767,146012608.00
2013/05/17,5.08,5.10,5.00,5.06,7151846,95632104.00
2013/05/20,5.07,5.10,4.91,5.05,10260407,135952496.00
2013/05/21,5.02,5.16,4.95,5.12,11315992,151074336.00
2013/05/22,5.09,5.47,5.07,5.34,18455209,260127936.00
2013/05/23,5.29,5.40,5.22,5.29,9853586,138160256.00
2013/05/24,5.31,5.62,5.26,5.56,13585552,195803440.00
2013/05/27,5.56,5.78,5.53,5.69,13735911,205865360.00
2013/05/28,5.66,5.73,5.57,5.68,8528913,127566512.00
2013/05/29,5.64,5.68,5.43,5.45,14350400,209103968.00
2013/05/30,5.40,5.63,5.39,5.62,10612808,155639216.00
2013/05/31,5.62,5.77,5.55,5.57,10003393,149814944.00
2013/06/03,5.57,5.75,5.57,5.62,7607191,113915752.00
2013/06/04,5.66,5.70,5.27,5.38,9515949,136691632.00
2013/06/05,5.38,5.44,5.25,5.34,5705317,80300520.00
2013/06/06,5.32,5.35,5.15,5.17,5806966,80042896.00
2013/06/07,5.18,5.26,5.02,5.08,5586098,75708696.00
2013/06/13,5.02,5.02,4.70,4.87,4443836,57002388.00
2013/06/14,4.92,5.00,4.87,4.97,4139989,54201616.00
2013/06/17,5.10,5.29,5.10,5.17,8102330,111451096.00
2013/06/18,5.17,5.37,5.13,5.35,6912463,96289464.00
2013/06/19,5.29,5.42,5.20,5.22,8623601,120919888.00
2013/06/20,5.15,5.24,4.82,4.83,8353727,110744776.00
2013/06/21,4.68,4.98,4.64,4.82,9410488,60461600.00
2013/06/24,4.78,4.78,4.33,4.33,16450408,97311352.00
2013/06/25,4.29,4.37,3.89,4.25,16033456,87883272.00
2013/06/26,4.25,4.40,4.18,4.38,12836792,73774288.00
2013/06/27,4.39,4.46,4.12,4.17,13115128,74775264.00
2013/06/28,4.22,4.29,4.09,4.18,8957375,49960148.00
2013/07/01,4.19,4.30,4.10,4.29,8110867,45293388.00
2013/07/02,4.29,4.58,4.25,4.57,15684908,91751328.00
2013/07/03,4.52,4.52,4.30,4.45,14352215,84112992.00
2013/07/04,4.40,4.51,4.32,4.43,10514674,61555672.00
2013/07/05,4.42,4.45,4.26,4.27,9634115,55764104.00
2013/07/08,4.15,4.21,3.94,3.95,8422278,45738540.00
2013/07/09,3.98,4.08,3.93,4.00,5456583,28973380.00
2013/07/10,4.02,4.15,3.97,4.14,6870151,37013960.00
2013/07/11,4.15,4.40,4.15,4.28,11051048,62925364.00
2013/07/12,4.30,4.42,4.28,4.29,10484348,60361648.00
2013/07/15,4.31,4.43,4.29,4.42,12157988,70451888.00
2013/07/16,4.40,4.43,4.32,4.39,9027350,52403356.00
2013/07/17,4.38,4.40,4.28,4.33,8746736,50309092.00
2013/07/18,4.32,4.32,4.21,4.25,7012202,39548352.00
2013/07/19,4.22,4.31,4.13,4.17,7034398,39589088.00
2013/07/22,4.25,4.44,4.20,4.42,15274178,88037272.00
2013/07/23,4.42,4.46,4.32,4.43,14223016,83074976.00
2013/07/24,4.42,4.56,4.35,4.52,16693854,98804120.00
2013/07/25,4.53,4.85,4.48,4.74,28359865,175738208.00
2013/07/26,4.68,4.74,4.57,4.65,12065362,74249312.00
2013/07/29,4.63,4.64,4.45,4.52,8518563,51466368.00
2013/07/30,4.52,4.58,4.38,4.50,7095506,42361236.00
2013/07/31,4.51,4.65,4.51,4.57,6905164,41998016.00
2013/08/01,4.58,4.63,4.55,4.62,9156590,55802296.00
2013/08/02,4.65,4.66,4.59,4.62,7551475,46236956.00
2013/08/05,4.67,5.04,4.67,4.85,20336216,131359064.00
2013/08/06,4.87,5.02,4.75,4.97,16992127,111227584.00
2013/08/07,4.98,5.02,4.83,4.88,12202714,79391568.00
2013/08/08,4.95,5.21,4.95,5.14,23614950,160271840.00
2013/08/09,5.10,5.45,5.09,5.38,28801930,201371248.00
2013/08/12,5.55,5.55,5.29,5.36,29670775,211600272.00
2013/08/13,5.35,5.35,5.17,5.28,21680192,150820832.00
2013/08/14,5.25,5.43,5.25,5.34,19423106,137350912.00
2013/08/15,5.29,5.33,5.15,5.20,15633931,108089192.00
2013/08/16,5.13,5.20,4.92,4.94,19214665,128806976.00
2013/08/19,4.93,5.06,4.87,5.04,9783167,64584084.00
2013/08/20,5.04,5.16,5.01,5.05,11363810,76406496.00
2013/08/21,5.08,5.10,4.95,5.05,8212821,54426512.00
2013/08/22,5.02,5.09,4.98,5.00,8951594,59534524.00
2013/08/23,5.00,5.05,4.73,4.89,12282960,80009064.00
2013/08/26,4.89,4.98,4.83,4.98,8248906,53911912.00
2013/08/27,4.97,5.27,4.95,5.25,17816554,120299872.00
2013/08/28,5.18,5.25,5.10,5.12,15291848,104689576.00
2013/08/29,5.11,5.17,5.01,5.03,8921414,59832300.00
2013/08/30,5.02,5.08,4.98,5.00,7760403,51575384.00
2013/09/02,4.99,5.06,4.92,5.05,5099883,33795244.00
2013/09/03,5.03,5.12,5.02,5.11,7806379,52540948.00
2013/09/04,5.11,5.23,5.08,5.12,10879240,74363056.00
2013/09/05,5.12,5.12,5.01,5.09,8190842,54892148.00
2013/09/06,5.05,5.09,4.95,5.00,11031778,72967008.00
2013/09/09,4.98,5.05,4.94,5.02,8476362,56046932.00
2013/09/10,5.00,5.02,4.92,4.93,12128829,79382208.00
2013/09/11,4.95,4.97,4.78,4.85,11783574,75613976.00
2013/09/12,4.85,4.95,4.81,4.87,7077037,45934568.00
2013/09/13,4.86,4.92,4.83,4.92,5462075,35295036.00
2013/09/16,4.92,5.04,4.92,5.02,11644019,76860384.00
2013/09/17,5.02,5.02,4.82,4.82,8735773,56650228.00
2013/09/18,4.82,5.19,4.81,5.14,23991000,160642336.00
2013/09/23,5.13,5.23,5.09,5.19,14502352,99024304.00
2013/09/24,5.19,5.39,5.06,5.37,26669225,184871168.00
2013/09/25,5.33,5.55,5.25,5.27,26293774,188722720.00
2013/09/26,5.28,5.37,5.21,5.29,15052013,105524088.00
2013/09/27,5.33,5.44,5.27,5.40,14090337,99922744.00
2013/09/30,5.45,5.79,5.45,5.68,26013786,193295552.00
2013/10/08,5.61,5.78,5.53,5.70,18564272,139471440.00
2013/10/09,5.66,6.16,5.56,6.09,30697577,240532608.00
2013/10/24,5.98,5.98,5.48,5.60,33765443,255774464.00
2013/10/25,5.55,5.65,5.18,5.21,22380590,157966032.00
2013/10/28,5.38,5.55,5.22,5.37,16813886,119661408.00
2013/10/29,5.35,5.38,5.00,5.20,12855408,87769336.00
2013/10/30,5.18,5.18,4.97,5.15,9995150,67279080.00
2013/10/31,5.12,5.22,5.05,5.12,6885381,46857672.00
2013/11/01,5.09,5.18,5.05,5.14,5967506,40449132.00
2013/11/04,5.14,5.35,5.09,5.33,7346317,50321504.00
2013/11/05,5.24,5.58,5.24,5.49,14999105,108115856.00
2013/11/06,5.49,5.62,5.27,5.27,12767107,91738520.00
2013/11/07,5.20,5.28,5.12,5.14,6393080,43894904.00
2013/11/08,5.11,5.19,5.06,5.15,5040282,34119348.00
2013/11/11,5.15,5.25,5.08,5.23,5028769,34438772.00
2013/11/12,5.21,5.30,5.19,5.24,5377204,37312940.00
2013/11/13,5.23,5.23,5.02,5.04,5538783,37567716.00
2013/11/14,5.04,5.10,4.97,5.06,4779947,31867082.00
2013/11/15,5.07,5.19,5.06,5.16,6166119,42038640.00
2013/11/18,5.15,5.25,5.15,5.24,7602578,52418620.00
2013/11/19,5.24,5.35,5.19,5.32,8509548,59615652.00
2013/11/20,5.34,5.36,5.23,5.32,7822212,54636388.00
2013/11/21,5.32,5.32,5.10,5.17,10618633,72687872.00
2013/11/22,5.17,5.19,5.08,5.08,6060380,41097180.00
2013/11/25,5.07,5.15,5.05,5.12,4992698,33786496.00
2013/11/26,5.12,5.15,5.06,5.09,4405281,29689706.00
2013/11/27,5.10,5.13,5.07,5.12,5584642,37643800.00
2013/11/28,5.12,5.22,5.12,5.16,6813615,46692288.00
2013/11/29,5.16,5.22,5.15,5.20,6427016,44101716.00
2013/12/02,5.14,5.15,4.85,4.88,10044195,66372168.00
2013/12/03,4.88,5.02,4.83,5.00,4634080,30332950.00
2013/12/04,5.01,5.11,4.92,5.10,21948395,144976400.00
2013/12/05,5.05,5.11,4.97,5.04,10178074,67860144.00
2013/12/06,5.02,5.05,4.99,5.00,5526095,36706544.00
2013/12/09,5.01,5.08,5.01,5.05,5265516,35104588.00
2013/12/10,5.05,5.06,4.95,4.95,10054348,66387956.00
2013/12/11,4.95,4.95,4.78,4.81,10263892,66012380.00
2013/12/12,4.81,4.88,4.77,4.78,12516569,79965888.00
2013/12/13,4.78,4.82,4.74,4.82,5305523,33646168.00
2013/12/16,4.83,4.94,4.77,4.80,9473178,60711676.00
2013/12/17,4.80,4.82,4.77,4.80,5898665,37484760.00
2013/12/18,4.83,4.96,4.79,4.93,13045205,84579368.00
2013/12/19,4.93,4.98,4.82,4.83,11367755,73909552.00
2013/12/20,4.84,5.03,4.84,4.92,14910979,97842944.00
2013/12/23,4.98,5.27,4.93,5.23,31959563,217254896.00
2013/12/24,5.18,5.25,4.99,5.08,17930826,121215384.00
2013/12/25,5.08,5.08,4.87,4.97,13315387,87190048.00
2013/12/26,4.99,5.12,4.92,4.92,9899181,65790560.00
2013/12/27,4.93,4.98,4.82,4.95,7987970,51734652.00
2013/12/30,4.95,4.98,4.87,4.88,6568275,42612360.00
2013/12/31,4.85,4.92,4.81,4.89,4770599,30791988.00
2014/01/02,4.88,4.90,4.84,4.90,5569650,35926956.00
2014/01/03,4.91,4.92,4.84,4.86,4995145,32248028.00
2014/01/06,4.89,4.90,4.78,4.82,6096156,38990464.00
2014/01/07,4.80,4.81,4.63,4.70,7791825,48627684.00
2014/01/08,4.68,4.75,4.67,4.72,5311852,33117880.00
2014/01/09,4.72,4.75,4.58,4.59,6083801,37666092.00
2014/01/10,4.58,4.62,4.12,4.17,19213452,109270920.00
2014/01/13,4.17,4.27,4.05,4.10,12103964,66454820.00
2014/01/14,4.10,4.28,4.08,4.26,6925607,38412748.00
2014/01/15,4.25,4.39,4.23,4.34,7229560,41555208.00
2014/01/16,4.35,4.42,4.32,4.33,6677459,38729424.00
2014/01/17,4.30,4.30,4.22,4.27,4176061,23580254.00
2014/01/20,4.27,4.65,4.23,4.52,13442592,79700088.00
2014/01/21,4.57,4.62,4.49,4.59,9121168,55225588.00
2014/01/22,4.59,4.66,4.55,4.65,6835077,41908488.00
2014/01/23,4.66,4.76,4.60,4.72,7662220,47679876.00
2014/01/24,4.75,4.88,4.72,4.83,11800170,75442968.00
2014/01/27,4.82,4.86,4.71,4.73,7023147,44321592.00
2014/01/28,4.76,4.98,4.76,4.89,13831256,90041096.00
2014/01/29,4.86,5.02,4.80,4.86,8482680,54680704.00
2014/01/30,4.82,4.90,4.80,4.85,4510412,29030334.00
2014/02/07,4.87,4.89,4.72,4.77,7893127,49831532.00
2014/02/10,4.78,4.90,4.77,4.89,11182587,71852168.00
2014/02/11,4.91,5.04,4.87,5.00,15009513,98787960.00
2014/02/12,5.00,5.10,4.92,5.08,14018272,93195248.00
2014/02/13,5.06,5.21,5.04,5.08,20072329,136927616.00
2014/02/14,5.08,5.16,5.05,5.13,11186675,75440328.00
2014/02/17,5.14,5.20,5.08,5.15,13845895,94019344.00
2014/02/18,5.16,5.19,5.02,5.19,17161893,115690576.00
2014/02/19,5.18,5.72,5.14,5.72,30196684,222285344.00
2014/02/20,6.04,6.25,5.73,5.92,73709011,574510720.00
2014/02/21,5.85,5.96,5.60,5.80,33015264,252072960.00
2014/02/24,5.75,6.18,5.69,6.05,37009658,292224416.00
2014/02/25,6.05,6.23,5.44,5.72,34159340,268675840.00
2014/02/26,5.60,6.18,5.56,6.12,28361061,220469856.00
2014/02/27,6.12,6.24,5.81,5.85,22128282,175822144.00
2014/02/28,5.80,5.93,5.40,5.71,19426902,144647072.00
2014/03/03,5.67,5.82,5.56,5.72,16068452,120921256.00
2014/03/04,5.61,5.68,5.54,5.62,10050784,74322528.00
2014/03/05,5.62,5.88,5.59,5.82,13915633,105833976.00
2014/03/06,5.76,5.85,5.68,5.75,9573912,72674280.00
2014/03/07,5.72,6.12,5.71,5.95,22924751,181115472.00
2014/03/10,5.89,6.12,5.84,5.89,19467031,153389520.00
2014/03/11,5.85,5.87,5.64,5.75,11154992,84532984.00
2014/03/12,5.74,5.75,5.28,5.43,15196024,110242992.00
2014/03/13,5.48,5.68,5.45,5.58,6927450,51151736.00
2014/03/14,5.58,5.72,5.51,5.67,6006622,44693092.00
2014/03/17,5.69,5.92,5.62,5.90,7718056,59310640.00
2014/03/18,5.84,6.10,5.83,5.94,18507099,147040368.00
2014/03/19,6.01,6.40,6.01,6.14,21315587,173895488.00
2014/03/20,6.06,6.21,5.89,5.89,14306535,113848040.00
2014/03/21,5.82,5.94,5.63,5.88,12571692,95853080.00
2014/03/24,5.92,6.25,5.92,6.25,21746722,175764592.00
2014/03/25,6.26,6.80,6.26,6.58,37298507,323280800.00
2014/03/26,6.62,6.81,6.45,6.68,25689329,224006368.00
2014/03/27,6.61,6.75,6.51,6.55,14670313,128147600.00
2014/03/28,6.58,6.87,6.26,6.33,24738166,215455712.00
2014/03/31,6.32,6.44,5.97,6.08,19266879,156245376.00
2014/04/01,6.12,6.57,6.07,6.52,19184112,160980752.00
2014/04/02,6.54,6.68,6.38,6.47,10786934,92435904.00
2014/04/03,6.47,6.49,6.16,6.23,15222512,126268960.00
2014/04/04,6.22,6.55,6.15,6.37,17858100,149553184.00
2014/04/08,6.28,6.33,6.06,6.15,23073577,187419856.00
2014/04/09,6.21,6.37,6.15,6.28,21631377,178468336.00
2014/04/10,6.30,6.45,6.18,6.32,17465126,145605712.00
2014/04/11,6.26,6.74,6.23,6.68,31635631,273065600.00
2014/04/14,6.66,6.82,6.55,6.75,27081818,237687248.00
2014/04/15,6.74,6.98,6.62,6.94,28344218,253755424.00
2014/04/16,6.83,6.85,6.61,6.78,25637425,227316768.00
2014/04/17,6.52,6.56,6.22,6.25,61014011,511749856.00
2014/04/18,6.26,6.39,6.18,6.29,17670778,146519696.00
2014/04/21,6.28,6.34,6.02,6.02,27261847,222774448.00
2014/04/22,5.98,6.12,5.79,6.03,27729897,217937392.00
2014/04/23,5.98,6.28,5.96,6.04,18549491,149785776.00
2014/04/24,6.04,6.13,5.89,5.93,11215293,89246472.00
2014/04/25,5.97,6.16,5.75,5.77,16457824,129351944.00
2014/04/28,5.69,5.82,5.43,5.48,16785397,125102096.00
2014/04/29,5.48,5.70,5.48,5.70,12332160,91769536.00
2014/04/30,5.70,6.00,5.68,5.79,13993513,107771880.00
2014/05/05,5.80,5.88,5.77,5.87,7051040,54266952.00
2014/05/06,5.85,5.98,5.82,5.87,9069042,70642464.00
2014/05/07,5.88,5.88,5.62,5.67,10424927,78891736.00
2014/05/08,5.66,5.83,5.62,5.71,6626758,50275016.00
2014/05/09,5.71,5.75,5.58,5.69,8322975,61981584.00
2014/05/12,5.78,5.92,5.70,5.87,9549228,73515608.00
2014/05/13,5.88,6.02,5.83,5.93,10987092,86218776.00
2014/05/14,5.96,6.22,5.94,6.17,25379143,205692608.00
2014/05/15,6.17,6.35,6.06,6.06,24576154,200780256.00
2014/05/16,6.06,6.19,5.99,6.14,10550756,85059520.00
2014/05/19,6.15,6.17,5.95,6.10,9456861,75612600.00
2014/05/20,6.11,6.23,6.02,6.05,8846381,71252896.00
2014/05/21,6.04,6.10,5.90,6.10,7782138,61650800.00
2014/05/22,6.12,6.14,6.05,6.05,7141876,57468452.00
2014/05/23,6.06,6.19,6.04,6.16,10484880,84851912.00
2014/05/26,6.15,6.42,6.15,6.41,19017510,158624960.00
2014/05/27,6.43,6.45,6.28,6.32,14369142,120562096.00
2014/05/28,6.33,6.40,6.29,6.37,10331980,86561352.00
2014/05/29,6.36,6.48,6.23,6.26,10081381,84491648.00
2014/05/30,6.30,6.35,6.12,6.16,11692633,73690496.00
2014/06/03,6.22,6.42,6.22,6.37,16623992,106723496.00
2014/06/04,6.37,6.44,6.28,6.36,11358233,73055504.00
2014/06/05,6.36,6.41,6.28,6.33,10977576,70504936.00
2014/06/06,6.32,6.40,6.24,6.38,12330733,78615112.00
2014/06/09,6.32,6.63,6.31,6.51,20634617,136340752.00
2014/06/10,6.54,6.71,6.52,6.61,16383770,109829040.00
2014/06/11,6.62,6.63,6.52,6.60,10726429,71336072.00
2014/06/12,6.49,6.56,6.00,6.33,36049056,230522352.00
2014/06/13,6.25,6.48,6.24,6.38,15948629,102956544.00
2014/06/16,6.37,6.45,6.31,6.36,10577682,68140032.00
2014/06/17,6.35,6.36,6.25,6.27,9460996,60230636.00
2014/06/18,6.28,6.30,6.12,6.14,11884618,74363104.00
2014/06/19,6.15,6.20,6.00,6.02,10317991,63641808.00
2014/06/20,6.07,6.16,6.02,6.15,5094298,31515864.00
2014/06/23,6.16,6.20,6.12,6.14,6527280,40674776.00
2014/06/24,6.19,6.29,6.14,6.28,10384584,65670868.00
2014/06/25,6.28,6.28,6.17,6.20,6085143,38278036.00
2014/06/26,6.19,6.32,6.19,6.28,7318882,46541080.00
2014/06/27,6.28,6.34,6.22,6.27,8346629,53070824.00
2014/06/30,6.29,6.32,6.23,6.29,7194489,45699248.00
2014/07/01,6.30,6.38,6.20,6.37,16282487,103957536.00
2014/07/02,6.35,6.41,6.28,6.36,10818033,69582192.00
2014/07/03,6.39,6.58,6.33,6.56,24111463,159353680.00
2014/07/04,6.58,6.60,6.49,6.53,13221397,87469760.00
2014/07/07,6.52,6.60,6.40,6.48,10515738,68943992.00
2014/07/08,6.45,6.53,6.41,6.51,10893654,71442752.00
2014/07/09,6.51,6.54,6.37,6.38,12985008,84846184.00
2014/07/10,6.38,6.77,6.28,6.73,32855233,218794736.00
2014/07/11,6.82,7.05,6.75,6.79,41041990,286678368.00
2014/07/14,6.80,7.10,6.80,7.02,25977735,183390752.00
2014/07/15,7.03,7.31,6.93,7.30,32555224,234970656.00
2014/07/16,7.31,7.32,7.02,7.09,24614150,177818560.00
2014/07/17,7.02,7.07,6.78,6.87,17595823,123139816.00
2014/07/18,6.83,7.09,6.82,6.92,14868355,104952128.00
2014/07/21,6.94,7.03,6.86,6.92,7124340,49960560.00
2014/07/22,6.88,6.97,6.83,6.93,12035532,84256400.00
2014/07/23,6.92,6.92,6.71,6.74,17341126,119227088.00
2014/07/24,6.70,6.79,6.63,6.69,13673727,92743088.00
2014/07/25,6.74,6.89,6.69,6.88,14090181,96978128.00
2014/07/28,6.88,7.04,6.88,6.98,13983414,98469312.00
2014/07/29,7.02,7.05,6.94,7.00,15114635,106758272.00
2014/07/30,6.97,7.03,6.91,7.03,19326677,136300448.00
2014/07/31,7.03,7.03,6.94,7.00,15282983,107838784.00
2014/08/01,6.98,7.31,6.94,7.12,35460926,256923856.00
2014/08/04,7.15,7.26,7.07,7.21,21701675,157463376.00
2014/08/05,7.20,7.22,7.05,7.15,18760420,135109056.00
2014/08/06,7.12,7.16,7.05,7.14,14684204,105535056.00
2014/08/07,7.14,7.18,7.07,7.08,13446094,96946864.00
2014/08/08,7.08,7.11,7.02,7.04,14898459,106227424.00
2014/08/11,7.07,7.18,7.05,7.14,14247918,102853280.00
2014/08/12,7.14,7.15,7.04,7.07,17695307,126612584.00
2014/08/13,7.07,7.11,6.96,7.01,17627681,124915408.00
2014/08/14,7.00,7.10,6.98,7.03,17393159,124130784.00
2014/08/15,7.03,7.21,7.02,7.15,18818057,135996416.00
2014/08/18,7.21,7.34,7.20,7.34,27689660,203587680.00
2014/08/19,7.35,7.35,7.20,7.24,15954488,117142624.00
2014/08/20,7.22,7.39,7.16,7.30,17662164,130119648.00
2014/08/21,7.30,7.49,7.27,7.45,27535789,205844320.00
2014/08/22,7.47,7.65,7.39,7.57,25683740,195441088.00
2014/08/25,7.53,7.89,7.51,7.74,32304185,252479232.00
2014/08/26,7.72,7.91,7.45,7.50,24077690,186162288.00
2014/08/27,7.46,7.55,7.32,7.52,13430993,101105824.00
2014/08/28,7.50,7.56,7.33,7.42,12307500,92469344.00
2014/08/29,7.49,7.50,7.37,7.47,9509215,71389600.00
2014/09/01,7.47,7.56,7.41,7.55,13260565,100283696.00
2014/09/02,7.56,7.75,7.53,7.69,17140305,132832816.00
2014/09/03,7.72,7.76,7.57,7.66,17650271,136435712.00
2014/09/04,7.66,7.69,7.57,7.65,15635228,120437832.00
2014/09/05,7.65,7.69,7.58,7.66,15163781,116944376.00
2014/09/09,7.68,7.78,7.68,7.75,19072512,148897952.00
2014/09/10,7.76,7.77,7.63,7.69,12252023,95161080.00
2014/09/11,7.69,7.75,7.57,7.58,20745459,160547408.00
2014/09/12,7.58,7.66,7.53,7.64,17846679,136883360.00
2014/09/15,7.62,7.65,7.56,7.65,16030148,123149392.00
2014/09/16,7.66,7.67,7.23,7.25,27577259,208416816.00
2014/09/17,7.27,7.34,7.12,7.29,20442192,148928816.00
2014/09/18,7.23,7.44,7.20,7.37,14246390,105969424.00
2014/09/19,7.38,7.46,7.30,7.42,9546195,71387456.00
2014/09/22,7.41,7.48,7.28,7.37,13047753,97397840.00
2014/09/23,7.36,7.42,7.31,7.41,11112969,82802152.00
2014/09/24,7.41,7.60,7.38,7.59,20732072,157711776.00
2014/09/25,7.60,7.65,7.49,7.53,17567494,134144544.00
2014/09/26,7.51,7.55,7.37,7.42,19463884,146798416.00
2014/09/29,7.44,7.66,7.38,7.62,29255157,223063008.00
2014/09/30,7.61,7.90,7.58,7.85,38882059,305853088.00
2014/10/08,7.92,8.12,7.85,8.08,34297992,277721184.00
2014/10/09,8.08,8.11,7.86,7.98,31204474,251868000.00
2014/10/10,7.95,8.17,7.91,8.00,24956855,202600800.00
2014/10/13,8.01,8.37,7.93,8.22,33889623,279996320.00
2014/10/14,8.21,8.41,8.13,8.23,25233812,209960592.00
2014/10/15,8.17,8.98,8.15,8.80,60521433,526385440.00
2014/10/16,8.65,9.51,8.62,8.88,74709704,682847296.00
2014/10/17,8.81,8.90,8.27,8.68,44997769,390090688.00
2014/10/20,8.72,9.19,8.72,9.00,34127314,310050464.00
2014/10/21,8.92,8.95,8.67,8.76,25883756,229851664.00
2014/10/22,8.72,8.82,8.53,8.54,21791160,190145200.00
2014/10/23,8.51,8.64,8.26,8.34,19166423,163015440.00
2014/10/24,8.37,8.44,8.22,8.25,16946954,142055520.00
2014/10/27,8.24,8.58,8.16,8.29,24644731,208145456.00
2014/10/28,8.30,8.67,8.30,8.62,29566347,255130912.00
2014/10/29,8.67,8.69,8.42,8.61,32091903,277313856.00
2014/10/30,8.60,8.81,8.52,8.66,27115195,237266496.00
2014/10/31,8.67,8.69,8.46,8.54,21182832,182801888.00
2014/11/03,8.51,8.65,8.44,8.62,21975317,189405680.00
2014/11/04,8.64,8.64,8.35,8.37,24753024,211436976.00
2014/11/05,8.32,8.42,8.24,8.38,17290922,145094960.00
2014/11/06,8.37,8.39,8.25,8.37,11105285,93184720.00
2014/11/07,8.38,8.41,8.23,8.26,15459744,129807192.00
2014/11/10,8.28,8.35,8.19,8.28,14757806,122907808.00
2014/11/11,8.28,8.32,7.77,7.95,27766426,224666304.00
2014/11/12,7.92,8.09,7.89,8.08,10048559,81503856.00
2014/11/13,8.08,8.08,7.78,7.86,16512431,131667208.00
2014/11/14,7.86,7.95,7.82,7.91,9274990,73911544.00
2014/11/17,7.92,8.19,7.87,8.13,16185898,132023560.00
2014/11/18,8.13,8.22,8.10,8.15,10493843,86367080.00
2014/11/19,8.18,8.26,8.13,8.17,11398420,94329640.00
2014/11/20,8.17,8.19,8.03,8.06,9622226,78513312.00
2014/11/21,8.06,8.10,8.02,8.07,9903642,80630024.00
2014/11/24,8.12,8.17,8.05,8.13,18760512,153533472.00
2014/11/25,8.27,8.50,8.27,8.39,35041169,296039808.00
2014/11/26,8.40,8.47,8.26,8.40,28509746,240293600.00
2014/11/27,8.42,8.45,8.30,8.34,20725865,174675808.00
2014/11/28,8.34,8.39,8.12,8.19,25221834,209751920.00
2014/12/01,8.17,8.17,8.03,8.07,26920821,219439232.00
2014/12/02,8.08,8.17,8.03,8.13,16566377,136098576.00
2014/12/03,8.14,8.35,8.06,8.34,32280966,267024432.00
2014/12/04,8.38,8.57,8.32,8.57,51288074,437810432.00
2014/12/05,8.56,8.56,8.03,8.21,40701173,340862016.00
2014/12/12,8.35,8.52,8.05,8.22,45109316,373235712.00
2014/12/15,8.22,8.46,8.09,8.40,35156848,294639264.00
2014/12/16,8.37,8.49,8.28,8.36,26035006,219544688.00
2014/12/17,8.37,8.40,8.11,8.16,26694703,220814592.00
2014/12/18,8.16,8.19,8.09,8.10,18216729,149556848.00
2014/12/19,8.10,8.10,7.67,7.80,37110446,293284256.00
2014/12/22,7.79,7.79,7.30,7.32,34352830,258063488.00
2014/12/23,7.33,7.61,7.33,7.42,18171164,137246480.00
2014/12/24,7.48,7.55,7.43,7.52,12838420,97171856.00
2014/12/25,7.53,7.59,7.48,7.54,12842210,97748960.00
2014/12/26,7.54,7.65,7.53,7.62,13643139,104788808.00
2014/12/29,7.62,7.68,7.42,7.49,15691023,118775200.00
2014/12/30,7.48,7.64,7.48,7.57,14614047,111968592.00
2014/12/31,7.58,7.66,7.52,7.62,12601499,96544232.00
2015/01/05,7.62,7.76,7.53,7.72,16205514,125474688.00
2015/01/06,7.69,8.04,7.63,8.03,33999075,270888704.00
2015/01/07,8.00,8.00,7.81,7.88,20074779,159846432.00
2015/01/08,7.83,7.98,7.81,7.86,15975892,127033352.00
2015/01/09,7.81,7.95,7.73,7.74,14264539,113304744.00
2015/01/12,7.73,7.73,7.45,7.57,13120866,100379400.00
2015/01/13,7.52,7.78,7.49,7.72,11297743,87501112.00
2015/01/14,7.73,7.91,7.69,7.83,16443079,129881656.00
2015/01/15,8.04,8.11,7.85,7.91,29985525,241432032.00
2015/01/16,7.93,7.98,7.85,7.93,19305687,154134416.00
2015/01/19,7.79,8.08,7.67,7.80,32864016,263681232.00
2015/01/20,7.85,8.06,7.84,8.06,27876395,225048544.00
2015/01/21,8.12,8.18,8.02,8.16,31908812,261765856.00
2015/01/22,8.16,8.27,8.12,8.20,27826580,230056016.00
2015/01/23,8.17,8.22,8.08,8.16,27987658,230172384.00
2015/01/26,8.15,8.22,8.09,8.20,21838853,180006528.00
2015/01/27,8.16,8.26,8.10,8.20,23029535,190204016.00
2015/01/28,8.20,8.36,8.15,8.27,30450457,254028912.00
2015/01/29,8.22,8.22,8.10,8.12,18393125,151437056.00
2015/01/30,8.11,8.18,8.01,8.02,15961721,129914192.00
2015/02/02,7.96,7.98,7.88,7.92,11721934,93810200.00
2015/02/03,7.92,8.07,7.92,8.05,11341238,91557152.00
2015/02/04,8.07,8.10,7.92,7.93,10186907,82180616.00
2015/02/05,8.00,8.02,7.84,7.84,12466454,99896520.00
2015/02/06,7.82,7.87,7.62,7.66,15358099,119713192.00
2015/02/09,7.65,7.71,7.58,7.67,5504497,42665644.00
2015/02/10,7.67,7.77,7.64,7.73,9230754,71917440.00
2015/02/11,7.73,7.85,7.72,7.83,8726319,68645568.00
2015/02/12,7.86,7.90,7.82,7.86,9912073,78587272.00
2015/02/13,7.90,8.06,7.86,8.02,17307145,139938240.00
2015/02/16,8.07,8.17,8.05,8.14,17194659,140978928.00
2015/02/17,8.16,8.18,8.06,8.11,15130893,123932568.00
2015/02/25,8.14,8.26,8.08,8.20,19763455,162969264.00
2015/02/26,8.23,8.25,8.12,8.19,16832767,138583696.00
2015/02/27,8.21,8.21,8.12,8.13,18500430,152196160.00
2015/03/02,8.16,8.30,8.12,8.29,37138597,307567936.00
2015/03/03,8.25,8.42,8.19,8.29,44394050,372562016.00
2015/03/04,8.29,8.70,8.27,8.67,61489768,528677632.00
2015/03/05,8.64,8.79,8.52,8.55,39897340,346684320.00
2015/03/06,8.50,8.64,8.30,8.31,36169386,307600256.00
2015/03/09,8.14,8.19,7.89,8.17,49197679,400200224.00
2015/03/10,8.13,8.31,8.10,8.27,28932315,241000096.00
2015/03/11,8.26,8.35,8.12,8.16,21731284,180255584.00
2015/03/12,8.18,8.33,8.17,8.30,23791598,198569872.00
2015/03/13,8.29,8.40,8.26,8.40,25238441,211972976.00
2015/03/16,8.48,8.72,8.48,8.65,46961196,407964352.00
2015/03/17,8.74,8.87,8.57,8.67,59145185,519027168.00
2015/03/18,8.68,9.01,8.66,8.92,62259344,553657024.00
2015/03/19,8.86,8.99,8.77,8.88,45112988,403908480.00
2015/03/20,8.91,9.00,8.84,9.00,42623162,382725728.00
2015/03/23,9.07,9.11,8.95,9.08,45381795,413073504.00
2015/03/24,9.08,9.08,8.66,8.95,55835866,500606176.00
2015/03/25,8.93,9.28,8.79,9.27,60973872,556929600.00
2015/03/26,9.28,9.40,9.07,9.11,47897278,444590752.00
2015/03/27,9.11,9.27,9.04,9.14,28076871,258809872.00
2015/03/30,9.14,9.28,9.12,9.20,43394135,402636768.00
2015/03/31,9.21,9.64,9.16,9.42,69107125,657073216.00
2015/04/01,9.42,9.70,9.37,9.61,48902226,472310912.00
2015/04/02,9.65,10.02,9.65,9.94,56959506,564458112.00
2015/04/03,9.94,10.58,9.79,10.35,55523578,576706688.00
2015/04/27,11.39,11.39,11.39,11.39,1219167,13983845.00
2015/04/28,12.54,12.54,11.42,11.52,108336323,1293531392.00
2015/04/29,11.36,11.41,10.80,11.09,54864312,609976192.00
2015/04/30,11.14,11.39,10.92,10.92,41432479,464004224.00
2015/05/04,10.91,10.91,10.59,10.77,42408351,457151712.00
2015/05/05,10.80,10.89,10.41,10.45,38564153,415330336.00
2015/05/06,10.60,10.73,9.94,10.17,32080856,339708128.00
2015/05/07,10.13,10.26,10.01,10.06,26254590,267625408.00
2015/05/08,10.19,10.43,10.07,10.42,27838132,287042144.00
2015/05/11,10.54,10.74,10.33,10.72,38185198,407255872.00
2015/05/12,10.75,10.90,10.63,10.79,36591752,396806432.00
2015/05/13,10.79,11.31,10.62,11.14,53339793,592153216.00
2015/05/14,11.15,11.15,10.82,10.92,34767878,383388704.00
2015/05/15,10.95,11.17,10.62,10.68,31311505,342590560.00
2015/05/18,10.61,10.81,10.42,10.72,27855491,298025152.00
2015/05/19,10.75,11.10,10.65,11.02,35407729,388342912.00
2015/05/20,11.01,11.51,10.92,11.11,51205829,580317760.00
2015/05/21,11.12,11.37,11.07,11.37,45428051,515206400.00
2015/05/22,11.53,11.69,11.29,11.52,58899543,681109504.00
2015/05/25,11.54,12.22,11.54,12.04,54756660,660187648.00
2015/05/26,12.04,12.27,11.78,12.26,61391006,744780928.00
2015/05/27,12.27,12.27,11.93,12.04,51731340,627859776.00
2015/05/28,12.04,12.50,11.04,11.18,65921715,796402624.00
2015/05/29,11.12,11.40,10.39,10.97,42536609,469978016.00
2015/06/01,11.42,12.00,11.33,11.96,50776353,598874048.00
2015/06/02,12.02,13.16,12.02,13.16,79139839,993437824.00
2015/06/03,13.64,13.64,12.52,13.15,78560861,1034246400.00
2015/06/04,13.12,13.15,12.12,12.91,51294513,656068864.00
2015/06/05,13.12,13.43,12.88,13.39,70280228,933592768.00
2015/06/08,13.44,13.61,12.95,13.11,53258945,705772416.00
2015/06/09,13.47,13.79,13.12,13.35,53721657,724116288.00
2015/06/10,13.13,13.42,12.93,13.24,44493164,591502528.00
2015/06/11,13.31,14.57,13.11,14.32,79928669,1114372224.00
2015/06/12,14.22,14.29,13.88,14.04,68177081,964110720.00
2015/06/15,14.12,14.30,13.82,14.09,52653876,745838400.00
2015/06/16,14.02,14.02,13.06,13.15,46722117,635983488.00
2015/06/17,13.07,13.36,12.34,13.30,40705353,527514368.00
2015/06/18,13.21,13.46,12.62,12.70,32754511,432291328.00
2015/06/19,12.46,12.59,11.42,11.46,34432289,416033440.00
2015/06/23,11.46,11.77,10.47,11.76,37097952,420865696.00
2015/06/24,11.78,12.21,11.63,12.07,32374492,390248288.00
2015/06/25,12.07,12.08,11.10,11.32,29800636,352998144.00
2015/06/26,11.07,11.07,10.18,10.18,35518080,375483168.00
2015/06/29,10.55,10.59,9.15,9.15,45535273,443056288.00
2015/06/30,9.15,9.90,8.27,9.86,50581616,463066176.00
2015/07/01,9.76,10.11,9.12,9.18,41412459,407636576.00
2015/07/02,9.18,9.30,8.33,8.46,33837206,300297920.00
2015/07/03,8.23,8.91,7.63,7.92,39141859,321871840.00
2015/07/06,8.72,8.72,7.34,8.12,45356411,370203872.00
2015/07/07,7.82,8.00,7.30,7.30,31147134,235525952.00
2015/07/08,6.56,6.56,6.56,6.56,8827500,58614600.00
2015/07/09,5.90,7.22,5.90,7.22,47493948,323116928.00
2015/07/10,7.43,7.95,7.43,7.95,34239523,271461024.00
2015/07/13,8.37,8.75,8.37,8.75,53896908,468353856.00
2015/07/14,8.82,9.34,8.42,8.74,71910704,644902016.00
2015/07/15,8.42,8.62,7.86,7.86,43607777,356814880.00
2015/07/16,7.55,8.33,7.33,8.06,28723611,231183248.00
2015/07/17,8.20,8.70,8.06,8.60,27771009,234965632.00
2015/07/20,8.67,8.89,8.42,8.57,33447033,289605504.00
2015/07/21,8.48,8.83,8.36,8.72,31088608,269673280.00
2015/07/22,8.72,8.84,8.49,8.78,32198361,280426592.00
2015/07/23,8.79,9.22,8.79,9.18,44564114,403088224.00
2015/07/24,9.18,9.28,8.80,8.85,41504637,376474432.00
2015/07/27,8.70,8.84,7.97,7.97,36184997,305861248.00
2015/07/28,7.42,8.16,7.20,7.60,37179244,281538560.00
2015/07/29,7.60,8.12,7.38,8.11,26042096,202343920.00
2015/07/30,8.06,8.29,7.80,7.82,23834232,193158944.00
2015/07/31,7.73,7.94,7.60,7.80,17245888,133978600.00
2015/08/03,7.73,7.87,7.33,7.61,20606490,157444656.00
2015/08/04,7.69,8.09,7.60,8.09,25280580,200159632.00
2015/08/05,8.01,8.19,7.92,8.05,25557092,206601024.00
2015/08/06,7.85,8.18,7.77,8.13,19390251,156216368.00
2015/08/07,8.18,8.38,8.12,8.27,34399099,283670784.00
2015/08/10,8.39,8.74,8.28,8.66,42193165,360057952.00
2015/08/11,8.66,8.77,8.50,8.60,42277750,365256608.00
2015/08/12,8.50,8.64,8.36,8.37,28858735,245457728.00
2015/08/13,8.31,8.60,8.25,8.60,25901435,218597392.00
2015/08/14,8.65,8.99,8.60,8.83,44884378,394612864.00
2015/08/17,8.78,9.08,8.62,9.08,43120552,382381952.00
2015/08/18,9.01,9.13,8.17,8.17,44844477,389558048.00
2015/08/19,7.89,8.44,7.57,8.39,30691235,247101152.00
2015/08/20,8.39,8.98,8.30,8.50,46008656,400016160.00
2015/08/21,8.39,8.55,7.86,7.92,30790141,251349616.00
2015/08/24,7.50,7.67,7.13,7.13,24616796,178264112.00
2015/08/25,6.50,6.72,6.42,6.42,23588856,153485280.00
2015/08/26,6.55,6.80,6.10,6.17,28712072,185839408.00
2015/08/27,6.33,6.58,6.17,6.53,21826073,139519856.00
2015/08/28,6.74,7.06,6.64,7.03,27649588,188213328.00
2015/08/31,7.00,7.00,6.63,6.71,20434438,138962464.00
2015/09/01,6.68,6.70,6.22,6.30,18098595,116347304.00
2015/09/02,6.27,6.84,6.04,6.42,31446267,205800592.00
2015/09/07,6.68,6.84,6.53,6.61,24093665,161412720.00
2015/09/08,6.61,7.05,6.51,7.00,22008344,148616720.00
2015/09/09,7.02,7.33,7.00,7.25,36690373,263219072.00
2015/09/10,7.13,7.22,6.92,6.97,19430331,138081216.00
2015/09/11,6.94,7.15,6.94,7.09,14709964,103663680.00
2015/09/14,7.08,7.11,6.38,6.38,23647346,156990832.00
2015/09/15,6.26,6.50,6.00,6.10,18672316,116584576.00
2015/09/16,6.12,6.71,6.12,6.62,19254144,123418160.00
2015/09/17,6.59,6.79,6.41,6.42,20703411,136608000.00
2015/09/18,6.46,6.59,6.42,6.50,10147490,65921608.00
2015/09/21,6.46,6.75,6.43,6.74,14681778,97276128.00
2015/09/22,6.81,6.90,6.72,6.80,17428261,118872576.00
2015/09/23,6.70,6.78,6.61,6.77,14008777,93791712.00
2015/09/24,6.77,6.88,6.75,6.82,13339354,90922504.00
2015/09/25,6.81,6.85,6.50,6.54,11688954,77655832.00
2015/09/28,6.60,6.67,6.45,6.66,5903209,38839620.00
2015/09/29,6.54,6.63,6.48,6.50,6663408,43534560.00
2015/09/30,6.56,6.61,6.49,6.59,5621738,36884656.00
2015/10/08,6.86,7.04,6.78,6.95,22042551,152796048.00
2015/10/09,6.97,7.02,6.84,6.97,17669298,122497896.00
2015/10/12,6.98,7.38,6.98,7.35,31091766,224760128.00
2015/10/13,7.26,7.35,7.17,7.31,19960801,145218384.00
2015/10/14,7.28,7.33,7.19,7.21,18354045,133058016.00
2015/10/15,7.18,7.41,7.17,7.40,24044957,175887632.00
2015/10/16,7.45,7.50,7.30,7.43,21263481,157434640.00
2015/10/19,7.47,7.62,7.36,7.47,26730847,200092656.00
2015/10/20,7.50,7.58,7.41,7.57,22690048,170455264.00
2015/10/21,7.55,7.71,7.03,7.07,32056674,238433856.00
2015/10/22,7.08,7.39,7.07,7.37,21696260,156877344.00
2015/10/23,7.45,8.11,7.43,8.11,61780039,483093856.00
2015/10/26,8.14,8.21,7.83,7.93,52804880,421639392.00
2015/10/27,7.80,8.11,7.51,8.03,37631139,295101248.00
2015/10/28,7.92,8.12,7.71,7.76,25756382,204297808.00
2015/10/29,7.81,7.90,7.72,7.84,16411250,128406296.00
2015/10/30,7.80,7.90,7.66,7.85,17996521,140502464.00
2015/11/02,7.70,7.85,7.50,7.57,16404129,126328016.00
2015/11/03,7.59,7.65,7.49,7.53,11740801,88823392.00
2015/11/04,7.57,7.94,7.55,7.91,24940647,194986240.00
2015/11/05,7.91,8.13,7.85,8.05,34406080,275195168.00
2015/11/06,7.98,8.16,7.98,8.11,32631350,263579408.00
2015/11/09,8.03,8.26,7.98,8.17,31822214,258396768.00
2015/11/10,8.15,8.29,8.07,8.19,29605306,242148880.00
2015/11/11,8.18,8.32,8.13,8.30,30922091,254520816.00
2015/11/12,8.37,8.41,8.13,8.19,26591366,218825792.00
2015/11/13,8.04,8.15,7.95,8.00,22023324,177045536.00
2015/11/16,7.86,8.15,7.83,8.15,15088793,121400816.00
2015/11/17,8.19,8.33,8.11,8.13,27196563,224092352.00
2015/11/18,8.16,8.19,8.01,8.03,13628338,110364392.00
2015/11/19,8.06,8.20,8.04,8.20,15628006,127146080.00
2015/11/20,8.22,8.23,8.11,8.18,19534665,159612368.00
2015/11/23,8.19,8.25,8.12,8.17,19007100,155672704.00
2015/11/24,8.18,8.28,8.11,8.27,20248653,166483920.00
2015/11/25,8.30,8.36,8.24,8.36,24425322,202875584.00
2015/11/26,8.36,8.58,8.30,8.37,33038583,278724448.00
2015/11/27,8.33,8.37,7.56,7.71,25714244,206852688.00
2015/11/30,7.74,7.90,7.44,7.86,16268281,126072800.00
2015/12/01,7.85,7.95,7.80,7.89,11047986,87025520.00
2015/12/02,7.90,7.94,7.63,7.89,11325634,88652424.00
2015/12/03,7.83,8.01,7.83,7.99,9209062,73247096.00
2015/12/04,7.92,8.08,7.89,7.94,16725248,133413936.00
2015/12/07,7.94,8.04,7.90,7.98,12499778,99638656.00
2015/12/08,7.94,7.97,7.72,7.74,11308953,88395584.00
2015/12/09,7.70,7.83,7.69,7.79,8933239,69408096.00
2015/12/10,7.80,7.96,7.76,7.81,12408554,97497976.00
2015/12/11,7.81,7.88,7.74,7.84,8764810,68436936.00
2015/12/14,7.83,7.98,7.72,7.97,8875909,69633728.00
2015/12/15,7.99,8.15,7.98,8.11,18265293,147933744.00
2015/12/16,8.14,8.16,8.05,8.07,13760025,111359584.00
2015/12/17,8.08,8.28,8.08,8.26,23070689,189006896.00
2015/12/18,8.26,8.30,8.09,8.18,17071634,139424064.00
2015/12/21,8.16,8.34,8.10,8.31,21166643,174989696.00
2015/12/22,8.35,8.35,8.20,8.30,14819747,122539096.00
2015/12/23,8.29,8.44,8.24,8.25,22722839,189621040.00
2015/12/24,8.21,8.25,8.03,8.15,14851805,120595760.00
2015/12/25,8.15,8.24,8.12,8.21,10329339,84641856.00
2015/12/28,8.24,8.34,8.04,8.05,16107561,132136784.00
2015/12/29,8.07,8.13,8.01,8.13,9493237,76606672.00
2015/12/30,8.12,8.33,8.11,8.28,19190801,158300576.00
2015/12/31,8.30,8.38,8.20,8.20,11858111,98085024.00
2016/01/04,8.20,8.27,7.38,7.38,16486570,130140168.00
2016/01/05,7.14,7.52,7.03,7.31,17321711,125856912.00
2016/01/06,7.32,7.60,7.32,7.60,12984888,96921480.00
2016/01/07,7.48,7.48,6.84,6.84,3650600,25958382.00
2016/01/08,7.10,7.22,6.73,7.10,15738632,110645672.00
2016/01/11,6.98,7.12,6.47,6.48,14042613,96115968.00
2016/01/12,6.65,6.66,6.47,6.62,11207796,73639096.00
2016/01/13,6.65,6.70,6.43,6.43,11011255,72303384.00
2016/01/14,6.30,6.64,6.20,6.60,12573895,80881752.00
2016/01/15,6.55,6.65,6.32,6.36,10557521,68394504.00
2016/01/18,6.25,6.49,6.17,6.41,8879736,56523056.00
2016/01/19,6.41,6.77,6.37,6.69,11879763,78127880.00
2016/01/20,6.64,6.79,6.55,6.58,9884390,65764784.00
2016/01/21,6.46,6.76,6.45,6.54,11065892,73115096.00
2016/01/22,6.64,6.70,6.47,6.68,7862622,52010796.00
2016/01/25,6.69,6.75,6.60,6.68,6936341,46348944.00
2016/01/26,6.61,6.61,6.01,6.01,10896614,68918736.00
2016/01/27,6.09,6.10,5.68,5.97,12744875,75856840.00
2016/01/28,5.92,6.10,5.86,5.91,8750206,52437180.00
2016/01/29,5.91,6.15,5.88,6.05,8795295,53148468.00
2016/02/01,6.04,6.10,5.84,5.91,8239505,49279984.00
2016/02/02,5.92,6.08,5.89,6.06,8416608,50690168.00
2016/02/03,5.99,6.06,5.93,6.02,7139596,42713564.00
2016/02/04,6.01,6.15,5.90,6.11,10651434,64755292.00
2016/02/05,6.12,6.16,6.06,6.06,8341081,51025040.00
2016/02/15,5.95,6.26,5.88,6.18,9688489,59156524.00
2016/02/16,6.19,6.58,6.19,6.44,14008925,89773728.00
2016/02/17,6.41,6.54,6.31,6.45,7987083,51395292.00
2016/02/18,6.50,6.59,6.41,6.49,11124083,72584792.00
2016/02/19,6.46,6.50,6.37,6.45,7573691,48752084.00
2016/02/22,6.54,6.62,6.45,6.58,9386397,61517264.00
2016/02/23,6.57,6.57,6.41,6.46,7702811,49913048.00
2016/02/24,6.46,6.62,6.43,6.61,10170040,66235864.00
2016/02/25,6.57,6.60,5.99,6.03,12768482,80730144.00
2016/02/26,6.15,6.17,6.01,6.12,5397332,32886016.00
2016/02/29,6.15,6.16,5.78,5.85,9991307,59185252.00
2016/03/01,5.87,6.03,5.86,6.02,5136100,30556958.00
2016/03/02,6.03,6.34,6.02,6.31,10055815,62385996.00
2016/03/03,6.30,6.38,6.25,6.30,8446754,53419708.00
2016/03/04,6.32,6.50,6.24,6.31,11437865,72969104.00
2016/03/07,6.35,6.49,6.33,6.37,8659930,55408712.00
2016/03/08,6.38,6.38,6.16,6.35,5787162,36183560.00
2016/03/09,6.24,6.36,6.17,6.20,6073268,37850820.00
数据来源:通达信
