002168 深圳惠程 日线 前复权
      日期	    开盘	    最高	    最低	    收盘	    成交量	    成交额
2011/01/04,16.28,16.29,15.85,16.10,2233857,86208960.00
2011/01/05,16.12,16.17,15.59,15.87,2226016,85090528.00
2011/01/06,16.19,17.02,16.14,16.47,4371914,174353872.00
2011/01/07,16.60,16.60,15.56,15.73,3331555,128447624.00
2011/01/10,15.41,15.41,14.82,14.92,3529025,128173256.00
2011/01/11,14.90,15.12,14.56,15.02,1235698,44396724.00
2011/01/12,15.13,15.15,14.35,14.50,2500696,87932896.00
2011/01/13,14.52,14.62,14.12,14.22,2900953,99369600.00
2011/01/14,14.22,14.50,14.06,14.22,1405733,48473960.00
2011/01/17,14.10,14.10,12.80,12.80,3907732,124117184.00
2011/01/18,12.80,13.62,12.23,13.60,4234666,130850992.00
2011/01/19,13.48,13.92,13.29,13.73,2356288,78091824.00
2011/01/20,14.15,14.15,13.10,13.15,1832735,59635380.00
2011/01/21,13.15,13.26,12.86,13.06,1246694,39394184.00
2011/01/24,13.06,13.69,12.83,12.84,2556331,81717496.00
2011/01/26,12.83,13.41,12.65,13.02,1487647,46843664.00
2011/01/27,13.02,13.27,12.72,13.15,1964207,61798568.00
2011/01/28,13.00,13.44,13.00,13.39,1572309,50186528.00
2011/01/31,13.30,13.37,12.57,12.92,2392451,74246856.00
2011/02/01,13.05,13.05,12.85,12.97,961852,29993776.00
2011/02/09,12.86,12.97,12.30,12.43,1693250,51689632.00
2011/02/10,12.40,12.92,12.15,12.85,2681772,81140272.00
2011/02/11,12.81,13.90,12.77,13.54,3099753,100623496.00
2011/02/14,13.57,14.10,13.57,13.73,2996474,99771208.00
2011/02/15,13.80,13.94,13.52,13.66,2074762,68406176.00
2011/02/16,13.77,14.31,13.69,14.23,3302204,111806264.00
2011/02/17,14.31,14.43,14.00,14.12,2548839,86844168.00
2011/02/18,14.13,14.31,14.03,14.09,1767730,60425832.00
2011/02/21,13.96,14.37,13.85,14.27,2515470,85907808.00
2011/02/22,14.29,14.40,13.67,13.69,3038737,101792728.00
2011/02/23,13.69,13.80,13.27,13.56,2399580,78088496.00
2011/02/24,13.65,14.39,13.56,14.29,3508599,119918048.00
2011/02/25,14.67,15.43,14.10,14.20,4441718,156913344.00
2011/02/28,13.69,14.52,13.69,14.28,2227655,76441720.00
2011/03/01,14.19,14.40,14.10,14.17,1956176,67113504.00
2011/03/02,14.17,14.52,13.96,14.46,2374301,81412592.00
2011/03/03,14.47,15.15,14.46,14.93,5291745,190370992.00
2011/03/04,14.90,14.98,14.65,14.79,2422095,86361152.00
2011/03/07,14.76,15.12,14.61,14.97,2426640,87404816.00
2011/03/08,14.97,15.22,14.89,15.13,2408868,87345792.00
2011/03/09,15.15,16.38,15.06,16.27,6932661,265787536.00
2011/03/10,16.25,16.60,15.78,15.84,5353567,208712416.00
2011/03/11,15.83,16.51,15.77,16.22,5084521,199282288.00
2011/03/14,16.19,17.65,16.18,17.48,7889329,323754368.00
2011/03/15,17.41,18.19,16.84,17.67,8474342,358617088.00
2011/03/16,17.76,17.98,17.19,17.42,3782548,158816096.00
2011/03/17,17.30,17.30,16.33,16.73,5755303,232286912.00
2011/03/21,16.80,17.90,16.73,17.65,5114550,215276880.00
2011/03/22,17.86,17.98,16.82,17.42,3153443,130871344.00
2011/03/23,17.23,17.80,17.16,17.27,2851642,119607928.00
2011/03/24,17.39,18.04,17.02,18.04,5160435,220319024.00
2011/03/25,18.15,19.42,17.66,18.04,9941134,444229760.00
2011/03/28,17.86,19.10,17.23,17.69,17717339,385926976.00
2011/03/29,17.85,19.46,17.49,19.46,30661102,692303232.00
2011/03/30,19.52,20.77,19.10,20.21,35868660,865079744.00
2011/03/31,19.94,19.94,18.55,18.88,18371082,422202560.00
2011/04/01,18.84,19.26,18.69,19.00,10205240,232833136.00
2011/04/06,19.02,19.07,17.85,18.20,14217256,310738976.00
2011/04/07,18.09,19.06,17.46,18.87,13246131,290370240.00
2011/04/08,18.55,19.08,18.28,18.57,8937316,200978016.00
2011/04/11,18.35,18.96,18.31,18.60,8093250,180965168.00
2011/04/12,18.44,18.60,18.15,18.25,6092036,134541424.00
2011/04/13,18.27,18.27,17.60,17.87,7467947,160000304.00
2011/04/14,17.85,18.67,17.44,18.26,9420389,205982048.00
2011/04/15,18.11,18.26,17.73,18.01,5591281,120935688.00
2011/04/18,17.95,18.02,17.44,17.63,6025605,128275920.00
2011/04/19,17.73,17.90,17.44,17.57,5032770,107058504.00
2011/04/20,17.73,19.34,17.60,19.34,27673098,633400576.00
2011/04/21,19.51,19.51,18.27,18.37,20376491,458001280.00
2011/04/22,18.27,18.27,17.44,17.66,13933596,296676512.00
2011/04/25,17.50,17.50,16.84,16.87,8621741,176638496.00
2011/04/26,16.90,17.05,16.02,16.10,8427447,165464272.00
2011/04/27,16.11,16.80,15.79,16.30,7631863,149757920.00
2011/04/28,16.35,16.39,14.85,14.94,8822083,163801616.00
2011/04/29,14.94,15.45,14.85,15.32,4279250,78747200.00
2011/05/03,15.35,16.10,15.35,15.94,4974143,94955176.00
2011/05/04,15.95,16.13,15.42,15.76,5628962,106766592.00
2011/05/05,15.60,16.40,15.60,15.77,4527630,87580520.00
2011/05/06,15.65,16.01,15.45,15.82,3325086,63127884.00
2011/05/09,15.85,16.17,15.85,15.93,3071634,59233500.00
2011/05/10,15.92,16.06,15.81,15.98,2840029,54489972.00
2011/05/11,15.98,16.02,15.75,15.86,3409610,65189152.00
2011/05/12,15.77,15.85,15.06,15.10,5133726,95551760.00
2011/05/13,15.08,15.46,15.02,15.38,2375088,43655376.00
2011/05/16,15.44,16.19,15.39,15.90,6066268,116346992.00
2011/05/17,15.77,16.18,15.73,16.00,3999003,77256704.00
2011/05/18,16.00,16.10,15.78,15.96,2062707,39632712.00
2011/05/19,15.96,16.85,15.91,16.36,5776282,114625120.00
2011/05/20,16.19,16.35,15.83,15.92,3774980,72838704.00
2011/05/23,15.93,15.96,15.35,15.48,3069941,57632952.00
2011/05/24,15.48,15.66,14.44,15.11,4080607,73434680.00
2011/05/25,14.95,15.40,14.81,14.95,1988886,36078764.00
2011/05/26,14.97,15.18,14.83,14.87,1897566,34226092.00
2011/05/27,14.77,14.91,13.50,13.96,4771477,81073592.00
2011/05/30,13.65,13.85,13.27,13.37,3016658,49376192.00
2011/05/31,13.52,13.79,13.17,13.67,3579907,57886452.00
2011/06/01,13.60,13.81,13.44,13.61,2673683,43894300.00
2011/06/02,13.44,13.45,12.85,13.10,3313216,52274508.00
2011/06/03,13.10,13.56,13.02,13.49,2575945,41579700.00
2011/06/07,13.50,13.74,13.40,13.61,2301728,37687640.00
2011/06/08,13.53,13.67,13.27,13.61,2338626,37900340.00
2011/06/09,13.55,14.91,13.50,14.84,11508280,201969696.00
2011/06/13,14.35,14.60,14.12,14.43,4529123,78599392.00
2011/06/14,14.43,14.63,14.23,14.55,4845011,84466992.00
2011/06/15,14.56,15.24,14.56,14.65,5493986,98841560.00
2011/06/16,14.40,14.40,13.85,13.87,3529460,60052712.00
2011/06/17,13.75,14.02,13.60,13.61,1970803,32637062.00
2011/06/20,13.45,13.60,13.30,13.42,1284582,20799824.00
2011/06/21,13.45,14.25,13.45,14.24,4003369,67412656.00
2011/06/22,14.24,14.43,13.85,14.19,2534118,42936376.00
2011/06/23,14.02,14.56,13.81,14.47,3960897,68500280.00
2011/06/24,14.44,14.98,14.35,14.60,4518500,79893336.00
2011/06/27,14.60,15.31,14.52,14.93,4518452,81718320.00
2011/06/28,14.95,15.26,14.70,14.94,5187395,93454192.00
2011/06/29,14.85,15.15,14.78,14.85,3546550,63976800.00
2011/06/30,14.73,15.17,14.73,14.93,2936606,53078776.00
2011/07/01,14.94,15.03,14.73,14.93,3874658,69426048.00
2011/07/04,14.97,15.33,14.86,15.28,8148106,148973808.00
2011/07/05,15.28,16.60,15.28,15.92,11059479,214165744.00
2011/07/06,15.85,17.02,15.44,16.90,13397666,264109840.00
2011/07/07,16.92,17.15,16.60,16.70,10976082,222842416.00
2011/07/08,17.09,17.09,16.36,16.61,5532586,110735616.00
2011/07/11,16.55,16.55,16.15,16.43,4325019,85187960.00
2011/07/12,16.27,16.77,16.06,16.25,5596750,110818184.00
2011/07/13,16.24,16.59,16.19,16.52,4356830,86472232.00
2011/07/14,16.54,16.75,16.19,16.57,6221676,123545432.00
2011/07/15,16.59,16.73,16.32,16.67,5781826,115568976.00
2011/07/18,16.75,16.85,16.29,16.30,5804716,115674360.00
2011/07/19,16.15,16.29,15.85,16.27,5595228,107954992.00
2011/07/20,16.27,16.45,16.04,16.10,2328059,45415368.00
2011/07/21,16.10,16.15,15.55,15.65,4516820,85861400.00
2011/07/22,15.75,15.84,15.50,15.64,2183322,41118420.00
2011/07/25,15.64,15.69,14.51,14.80,5036264,91051648.00
2011/07/26,14.77,14.77,14.28,14.68,4370255,76314088.00
2011/07/27,14.69,15.00,14.47,14.86,2750025,49125604.00
2011/07/28,14.77,15.13,14.52,15.05,3479594,62456236.00
2011/07/29,15.05,15.35,14.92,15.19,3748129,68337000.00
2011/08/01,15.15,15.20,14.94,14.96,3056596,55413032.00
2011/08/02,15.07,15.42,14.54,15.36,3475678,62506676.00
2011/08/03,15.25,15.59,15.12,15.20,2905523,53867452.00
2011/08/04,15.05,15.35,15.05,15.21,1612655,29528252.00
2011/08/05,14.30,14.95,14.24,14.71,2399008,42553940.00
2011/08/08,14.33,14.62,13.52,13.83,3896148,65762548.00
2011/08/09,13.51,14.06,12.88,14.02,4456700,72802768.00
2011/08/10,14.35,14.43,14.02,14.03,2135610,36639360.00
2011/08/11,13.72,14.42,13.60,14.24,2369686,40221940.00
2011/08/12,14.31,14.59,14.31,14.39,2090957,36393312.00
2011/08/15,14.46,14.91,14.35,14.78,3573016,63428036.00
2011/08/16,14.75,15.05,14.60,14.67,2259914,40276088.00
2011/08/17,14.67,14.85,14.60,14.67,1236786,21917130.00
2011/08/18,14.68,14.70,13.95,14.09,2933443,50328252.00
2011/08/19,13.70,14.05,13.68,13.95,1995085,33359270.00
2011/08/22,13.82,14.05,13.67,13.69,2059745,34272828.00
2011/08/23,13.69,13.96,13.69,13.85,1499388,24962510.00
2011/08/24,14.00,14.23,13.87,13.91,2121786,35984744.00
2011/08/25,13.91,14.27,13.91,14.20,2275377,38781692.00
2011/08/26,14.13,14.20,13.81,14.00,3985303,66987580.00
2011/08/29,13.87,14.00,13.82,13.87,1664964,27840308.00
2011/08/30,13.94,14.05,13.33,13.42,4578750,75553696.00
2011/08/31,13.42,13.52,12.98,13.21,2913053,46356740.00
2011/09/01,13.28,13.41,13.03,13.05,1991362,31656628.00
2011/09/02,13.05,13.23,12.85,13.15,2223159,34796356.00
2011/09/05,13.05,13.05,12.85,12.85,2028192,31590132.00
2011/09/06,12.77,12.77,12.15,12.30,2820302,42225728.00
2011/09/07,12.44,12.69,12.36,12.61,2763439,41688324.00
2011/09/08,12.61,12.62,12.40,12.40,1733503,26173126.00
2011/09/09,12.39,12.44,11.73,11.74,4960758,71717392.00
2011/09/13,11.56,11.72,11.25,11.46,2449548,33930592.00
2011/09/14,11.56,11.65,11.31,11.65,2486640,34471912.00
2011/09/15,11.66,11.89,11.61,11.65,3405105,48232840.00
2011/09/16,11.77,11.77,11.31,11.33,3601083,49839216.00
2011/09/19,11.25,11.25,10.66,10.69,3405496,44660516.00
2011/09/20,10.60,10.93,10.52,10.81,1901173,24728778.00
2011/09/21,10.81,11.42,10.63,11.34,3930318,52676848.00
2011/09/22,11.20,12.01,11.10,11.34,6506063,91169096.00
2011/09/23,11.02,12.05,10.92,12.05,8259688,116779192.00
2011/09/26,11.81,12.15,11.72,11.84,5686815,81952808.00
2011/09/27,11.95,12.19,11.65,11.66,3878116,55334392.00
2011/09/28,11.73,11.94,11.26,11.40,3390618,47343056.00
2011/09/29,11.24,11.40,10.83,10.84,3074345,40969664.00
2011/09/30,10.99,11.00,10.55,10.80,2673680,34712044.00
2011/10/10,10.81,10.93,10.70,10.77,1718411,22377744.00
2011/10/11,11.26,11.27,10.75,11.19,3018996,40096652.00
2011/10/12,11.10,11.83,11.00,11.77,5011493,69822408.00
2011/10/13,11.70,11.99,11.70,11.75,4653531,66328420.00
2011/10/14,11.81,11.81,11.31,11.49,3252249,45232420.00
2011/10/17,11.49,11.80,11.40,11.67,2522892,35348820.00
2011/10/18,11.60,11.60,10.94,11.02,3114671,42344748.00
2011/10/19,11.05,11.17,10.90,10.93,2098173,27862538.00
2011/10/20,10.93,10.93,10.53,10.62,2526576,32578244.00
2011/10/21,10.70,10.75,10.54,10.71,1424925,18333230.00
2011/10/24,10.70,11.10,10.69,11.05,2643369,34894096.00
2011/10/25,11.11,11.34,10.85,11.27,4438521,59603420.00
2011/10/26,11.15,11.60,11.08,11.38,4694668,64318184.00
2011/10/27,11.38,11.56,11.21,11.27,3432603,47065076.00
2011/10/28,11.45,11.75,11.39,11.60,5697026,79559000.00
2011/10/31,11.63,11.76,11.54,11.68,3247549,45619256.00
2011/11/01,11.80,12.34,11.69,12.15,9221866,134657776.00
2011/11/02,11.92,12.24,11.75,12.12,6156030,88974384.00
2011/11/03,12.26,13.33,12.25,12.60,13100895,202856928.00
2011/11/04,12.67,12.95,12.35,12.69,6981991,106295968.00
2011/11/07,12.70,13.00,12.54,12.65,4232249,65281196.00
2011/11/08,12.55,12.85,12.31,12.33,3728058,56131272.00
2011/11/09,12.44,12.60,12.19,12.59,3376228,50645516.00
2011/11/10,12.41,12.51,12.25,12.28,3302282,49222552.00
2011/11/11,12.32,12.45,12.03,12.13,3036019,44629608.00
2011/11/14,12.31,12.75,12.20,12.72,5068865,76917240.00
2011/11/15,12.73,12.84,12.65,12.68,3759617,57662880.00
2011/11/16,12.69,12.85,12.27,12.31,3816746,57667036.00
2011/11/17,12.31,12.47,12.02,12.19,2698526,39882728.00
2011/11/18,11.98,12.16,11.68,11.71,3276424,47002492.00
2011/11/21,11.72,11.81,11.35,11.44,2924619,40628996.00
2011/11/22,11.37,11.61,11.30,11.59,2176634,30214814.00
2011/11/23,11.74,11.75,11.43,11.45,1707666,23790936.00
2011/11/24,11.35,11.50,11.12,11.36,1468321,20000930.00
2011/11/25,11.37,11.48,11.24,11.28,1028505,14087483.00
2011/11/28,11.27,11.48,11.27,11.43,1481692,20399580.00
2011/11/29,11.52,11.79,11.48,11.69,3008764,42372360.00
2011/11/30,11.72,11.76,11.09,11.27,2939446,40511988.00
2011/12/01,11.61,11.92,11.55,11.57,2599177,36741160.00
2011/12/02,11.57,11.60,11.27,11.40,1433153,19701442.00
2011/12/05,11.35,11.35,10.92,10.95,2025421,26898622.00
2011/12/06,10.95,11.01,10.63,10.76,2287387,29599176.00
2011/12/07,10.80,10.89,10.60,10.62,1746614,22543190.00
2011/12/08,10.65,10.77,10.42,10.56,2122598,27072342.00
2011/12/09,10.44,10.70,10.44,10.58,1175167,15006160.00
2011/12/12,10.45,10.65,10.36,10.38,1561649,19760658.00
2011/12/13,10.38,10.38,9.44,9.52,3483842,41028916.00
2011/12/14,9.44,9.59,9.03,9.06,2181803,24604040.00
2011/12/15,9.04,9.04,8.35,8.40,4178728,43216192.00
2011/12/16,8.39,8.66,8.28,8.65,3083278,31647856.00
2011/12/19,8.56,8.65,8.35,8.62,2239100,22966718.00
2011/12/20,8.60,9.49,8.59,9.30,9067726,102726496.00
2011/12/21,9.09,9.26,8.69,8.69,6362893,69364608.00
2011/12/22,8.45,8.50,7.85,8.15,8341493,81522144.00
2011/12/23,8.02,8.40,7.88,8.22,5294102,52577252.00
2011/12/26,8.23,8.32,8.00,8.01,2857814,28261690.00
2011/12/27,7.96,8.15,7.84,7.85,2875390,27749744.00
2011/12/28,7.77,7.77,7.48,7.74,2579942,23741316.00
2011/12/29,7.67,7.89,7.63,7.73,2259451,21225852.00
2011/12/30,7.81,8.10,7.81,7.99,3116756,30124382.00
2012/01/04,8.17,8.30,7.93,7.94,2942524,29006726.00
2012/01/05,7.85,7.85,7.31,7.33,3059880,28030168.00
2012/01/06,7.29,7.40,7.00,7.22,3444380,30022028.00
2012/01/09,7.44,7.69,7.17,7.69,5365951,48150240.00
2012/01/10,7.80,8.23,7.63,8.08,5638905,54035372.00
2012/01/11,8.15,8.84,8.04,8.36,6947119,70809096.00
2012/01/12,8.25,8.53,8.23,8.35,4801906,48632176.00
2012/01/13,8.35,8.40,7.69,7.72,5555532,53469996.00
2012/01/16,7.65,7.72,7.44,7.45,2172746,19896916.00
2012/01/17,7.45,8.06,7.41,8.06,4637704,43456820.00
2012/01/18,8.06,8.22,7.79,7.84,4312979,41608324.00
2012/01/19,7.84,7.84,7.21,7.37,14576584,130794616.00
2012/01/20,7.23,7.47,7.21,7.40,6279066,56032992.00
2012/01/30,7.44,7.57,7.40,7.43,3390655,30698898.00
2012/01/31,7.41,7.48,7.34,7.46,2634088,23637402.00
2012/02/01,7.47,7.69,7.40,7.52,3538122,32402306.00
2012/02/02,7.59,7.63,7.42,7.62,3406941,31073946.00
2012/02/03,7.64,7.95,7.55,7.94,9291528,87687456.00
2012/02/06,8.15,8.20,7.85,7.97,6746532,65262788.00
2012/02/07,7.91,7.91,7.61,7.69,5547177,51819908.00
2012/02/08,7.68,8.01,7.58,8.00,7202032,68170392.00
2012/02/09,8.01,8.22,7.94,8.16,9568623,93877304.00
2012/02/13,8.10,8.52,7.97,8.44,10025071,100566280.00
2012/02/14,8.63,8.90,8.42,8.60,12375600,128541272.00
2012/02/15,8.46,8.68,8.42,8.65,7297287,75617640.00
2012/02/16,8.60,9.02,8.55,8.86,11565957,123608184.00
2012/02/17,8.85,8.96,8.60,8.75,6359887,67254760.00
2012/02/20,8.98,8.98,8.55,8.57,6854826,72436752.00
2012/02/21,8.54,8.68,8.35,8.68,5027523,51951852.00
2012/02/22,8.69,9.55,8.62,9.55,21316176,238227088.00
2012/02/23,9.60,9.83,9.44,9.72,20235448,235456640.00
2012/02/24,9.66,9.70,9.48,9.66,9508659,110194184.00
2012/02/27,9.61,9.80,9.60,9.60,9806084,114674712.00
2012/02/28,9.50,9.57,9.20,9.35,9162102,103439072.00
2012/02/29,9.29,9.54,9.23,9.37,5852606,66344696.00
2012/03/01,9.34,9.52,9.25,9.40,5974880,67743296.00
2012/03/02,9.44,9.90,9.44,9.76,11514439,135036080.00
2012/03/05,9.75,9.85,9.51,9.62,8320092,97194496.00
2012/03/06,9.60,9.60,9.25,9.43,6360479,72095304.00
2012/03/07,9.35,9.55,9.20,9.35,4398764,49915688.00
2012/03/08,9.37,9.63,9.37,9.50,5161514,59207908.00
2012/03/09,9.52,10.09,9.50,9.95,11744499,139595904.00
2012/03/12,9.92,10.02,9.77,9.90,6626032,78959144.00
2012/03/13,9.90,10.29,9.81,10.19,9788718,119701904.00
2012/03/14,10.20,10.27,9.27,9.50,12470503,147814224.00
2012/03/15,9.48,9.59,8.85,9.16,8801547,98114256.00
2012/03/16,9.17,9.42,9.10,9.40,5002354,56098712.00
2012/03/19,9.44,9.73,9.37,9.72,5646901,65576908.00
2012/03/20,9.77,9.77,9.25,9.33,5517477,63190180.00
2012/03/21,9.48,9.55,9.27,9.52,4276019,48630504.00
2012/03/22,9.57,9.76,9.40,9.62,5397108,62558152.00
2012/03/23,9.59,10.22,9.40,9.90,14304854,170578688.00
2012/03/26,9.81,10.25,9.81,10.01,11854454,144007792.00
2012/03/27,10.02,10.19,9.89,10.19,8471765,102514784.00
2012/03/28,10.10,10.15,9.35,9.35,9331304,109518240.00
2012/03/29,9.10,9.30,8.77,9.10,6428233,70404864.00
2012/03/30,9.12,9.25,8.58,8.75,5175458,55381312.00
2012/04/05,8.77,9.16,8.70,9.10,4079938,44375756.00
2012/04/06,9.15,9.15,8.90,9.02,4116555,44956064.00
2012/04/09,8.91,9.16,8.85,8.98,2637206,28801532.00
2012/04/10,8.94,9.40,8.90,9.37,5816981,64524144.00
2012/04/11,9.21,9.40,9.15,9.28,4048282,45323688.00
2012/04/12,9.30,9.61,9.16,9.55,6352039,72026664.00
2012/04/13,9.77,10.50,9.73,10.10,18738427,230551936.00
2012/04/16,9.86,10.44,9.75,10.11,11346223,138913888.00
2012/04/17,10.09,10.31,9.65,9.68,9270212,111117456.00
2012/04/18,9.77,10.23,9.68,9.91,7745179,93165784.00
2012/04/19,9.92,10.32,9.92,10.17,8047992,98653216.00
2012/04/20,10.17,10.19,9.75,9.99,8965318,107873720.00
2012/04/23,10.01,10.10,9.70,9.81,5319326,63384984.00
2012/04/24,9.77,9.90,9.29,9.69,6104345,70428000.00
2012/04/25,9.63,9.87,9.55,9.80,3848329,45367216.00
2012/04/26,9.75,9.77,9.36,9.40,6022288,69096504.00
2012/04/27,9.40,9.52,9.35,9.44,2442063,27842050.00
2012/05/02,9.61,9.77,9.52,9.60,3938036,45802076.00
2012/05/03,9.60,10.27,9.60,10.17,10774933,129975136.00
2012/05/04,10.18,10.26,10.01,10.11,7555363,92322872.00
2012/05/07,9.98,10.04,9.81,10.00,5623327,67345192.00
2012/05/08,9.95,10.92,9.95,10.45,19094313,242521600.00
2012/05/09,10.27,10.85,10.20,10.50,13671487,174071936.00
2012/05/10,10.36,10.56,10.17,10.28,8277938,103239024.00
2012/05/11,10.22,10.69,10.22,10.35,6957333,88088224.00
2012/05/14,10.65,11.19,10.37,10.86,18204876,238962848.00
2012/05/15,10.69,11.31,10.63,11.20,18086262,242380032.00
2012/05/16,11.15,11.50,10.82,11.00,13845230,186129584.00
2012/05/17,10.98,11.08,10.65,10.97,9656007,126753912.00
2012/05/21,10.77,11.52,10.68,11.35,13558422,182713904.00
2012/05/22,11.38,11.59,11.23,11.37,8421758,115450952.00
2012/05/23,11.40,11.58,10.96,11.21,9002034,122131624.00
2012/05/24,11.21,11.25,10.60,10.65,8434088,110738448.00
2012/05/25,10.60,10.90,10.42,10.56,6898990,88660136.00
2012/05/28,10.55,10.63,10.06,10.62,6107181,76456024.00
2012/05/29,10.48,10.94,10.48,10.84,5745305,74808736.00
2012/05/30,10.84,11.07,10.79,10.89,4993302,65970008.00
2012/05/31,11.01,11.08,10.54,10.59,9835810,106950824.00
2012/06/01,10.48,10.78,10.45,10.63,5988884,63727768.00
2012/06/04,10.42,10.59,10.14,10.17,5947795,61838444.00
2012/06/05,10.18,10.32,10.14,10.26,3327001,34233132.00
2012/06/06,10.34,10.39,10.17,10.28,2872022,29724524.00
2012/06/07,10.37,10.57,10.32,10.44,5214734,54710976.00
2012/06/08,10.55,10.61,10.10,10.14,4025447,42102920.00
2012/06/11,10.13,10.27,9.77,10.22,4612342,46511652.00
2012/06/12,10.20,10.20,9.91,9.96,4143020,41706260.00
2012/06/13,10.02,10.08,9.81,10.08,4567266,45790620.00
2012/06/14,10.05,10.19,9.91,9.93,3989023,40300788.00
2012/06/15,9.95,10.07,9.78,10.00,4310330,43152380.00
2012/06/18,10.06,10.26,10.01,10.26,4873959,49613872.00
2012/06/19,10.64,10.86,10.40,10.44,10719744,114645136.00
2012/06/20,10.55,10.78,10.45,10.46,5660018,60298760.00
2012/06/21,10.30,10.51,10.09,10.18,4098086,42037228.00
2012/06/25,10.18,10.18,9.84,9.85,4501511,44948136.00
2012/06/26,9.83,10.04,9.74,10.01,3032267,30207540.00
2012/06/27,9.97,10.07,9.48,9.50,3699449,36617476.00
2012/06/28,9.63,9.63,8.94,8.94,6721475,62366436.00
2012/06/29,8.89,9.29,8.84,9.22,3944985,35971784.00
2012/07/02,9.44,9.49,9.19,9.27,3415232,31978410.00
2012/07/03,9.28,9.33,9.12,9.18,3121481,28974532.00
2012/07/04,9.18,9.32,9.14,9.21,2036506,18879686.00
2012/07/05,9.21,9.23,8.84,8.86,3298646,29599508.00
2012/07/06,8.96,9.10,8.84,9.04,2627367,23730014.00
2012/07/09,9.07,9.08,8.63,8.65,3626166,32310764.00
2012/07/10,8.64,8.73,8.46,8.56,2864550,24762532.00
2012/07/11,8.44,8.59,8.30,8.59,3934329,33453544.00
2012/07/12,8.60,8.79,8.34,8.75,3868302,33484972.00
2012/07/13,8.71,8.79,8.61,8.66,2283483,19975766.00
2012/07/16,8.66,8.66,8.32,8.37,2906737,24672690.00
2012/07/17,8.35,8.35,8.00,8.26,3471564,28501648.00
2012/07/18,8.19,8.24,7.84,7.99,6466134,52009992.00
2012/07/19,8.00,8.28,7.97,8.18,6905756,56563948.00
2012/07/20,8.15,8.22,8.01,8.04,3474895,28331020.00
2012/07/23,7.85,7.92,7.74,7.77,3655139,28748476.00
2012/07/24,7.73,7.94,7.64,7.85,2399356,18886728.00
2012/07/25,7.77,7.98,7.77,7.85,2437653,19386540.00
2012/07/26,7.90,8.58,7.82,8.45,11137469,93200864.00
2012/07/27,8.45,8.45,8.20,8.22,5746725,48091564.00
2012/07/30,8.22,8.36,7.89,7.98,4377090,35658752.00
2012/07/31,7.94,8.02,7.74,7.91,2651654,21075968.00
2012/08/01,7.94,8.14,7.88,8.13,3962567,32009558.00
2012/08/02,8.11,8.14,7.95,7.99,2342561,18942828.00
2012/08/03,8.01,8.22,7.96,8.21,3067673,25037110.00
2012/08/06,8.14,8.42,8.12,8.42,4542906,38001832.00
2012/08/07,8.40,8.45,8.31,8.44,5009191,42249860.00
2012/08/08,8.45,8.53,8.29,8.36,3590813,30315882.00
2012/08/09,8.43,8.71,8.40,8.50,6882346,59315260.00
2012/08/10,8.51,8.63,8.37,8.42,3671935,31349976.00
2012/08/13,8.39,8.41,8.05,8.07,4149882,34369932.00
2012/08/14,8.04,8.29,7.86,8.24,3810223,30940368.00
2012/08/15,8.18,8.19,8.08,8.14,2522258,20681472.00
2012/08/16,8.11,8.55,8.00,8.49,5930049,49974108.00
2012/08/17,8.43,8.54,8.34,8.47,4193650,35701128.00
2012/08/20,8.42,8.66,8.26,8.64,4356520,37222312.00
2012/08/21,8.61,8.86,8.55,8.73,6617328,58047548.00
2012/08/22,8.73,8.74,8.42,8.52,4366873,37715708.00
2012/08/23,8.53,8.66,8.46,8.59,2661851,22987524.00
2012/08/24,8.59,8.70,8.34,8.34,3178829,27094424.00
2012/08/27,8.34,8.34,8.08,8.10,2476349,20376664.00
2012/08/28,8.09,8.29,8.04,8.23,1683540,13898993.00
2012/08/29,8.26,8.30,8.16,8.17,1711248,14157828.00
2012/08/30,8.31,8.59,8.07,8.26,4791191,40180256.00
2012/08/31,8.14,8.21,7.88,7.94,5431371,43717128.00
2012/09/03,7.97,8.23,7.95,8.13,2946052,24065206.00
2012/09/04,8.16,8.22,8.08,8.13,2274679,18639700.00
2012/09/05,8.09,8.82,8.09,8.38,8122140,69426696.00
2012/09/06,8.36,8.58,8.36,8.52,4409103,37671436.00
2012/09/07,8.66,8.99,8.56,8.87,10700478,94727144.00
2012/09/10,8.90,9.52,8.74,9.21,10178531,93180080.00
2012/09/11,9.12,9.20,9.02,9.09,4578221,41969752.00
2012/09/12,9.14,9.31,9.10,9.11,5709132,52715944.00
2012/09/13,9.14,9.17,8.72,8.73,8278394,74095368.00
2012/09/14,8.76,8.91,8.67,8.84,4043738,35823644.00
2012/09/17,8.84,8.84,8.52,8.54,3622671,31438254.00
2012/09/18,8.50,8.66,8.41,8.58,1897662,16323756.00
2012/09/19,8.57,8.72,8.57,8.66,1946043,16955168.00
2012/09/20,8.64,8.64,8.20,8.23,3518955,29902730.00
2012/09/21,8.23,8.36,8.17,8.22,2111479,17592148.00
2012/09/24,8.22,8.40,8.12,8.34,2056693,17159762.00
2012/09/25,8.30,8.38,8.13,8.16,2179582,18076816.00
2012/09/26,8.15,8.21,7.90,7.98,2197034,17752328.00
2012/09/27,7.98,8.30,7.90,8.17,4032099,32918548.00
2012/09/28,8.19,8.33,8.11,8.33,2773329,23035116.00
2012/10/08,8.40,8.40,8.14,8.22,2372683,19658734.00
2012/10/09,8.24,8.53,8.23,8.50,4406472,37584444.00
2012/10/10,8.52,8.64,8.40,8.59,3521860,30210592.00
2012/10/11,8.53,8.53,8.31,8.34,3447663,29179226.00
2012/10/12,8.34,8.51,8.33,8.34,2448367,20707654.00
2012/10/15,8.38,8.44,8.24,8.36,2016095,16945924.00
2012/10/16,8.36,8.60,8.32,8.56,3645417,31215736.00
2012/10/17,8.54,8.60,8.45,8.56,2182770,18725056.00
2012/10/18,8.56,8.69,8.54,8.59,3101977,26946132.00
2012/10/19,8.56,8.67,8.50,8.54,2278672,19643748.00
2012/10/22,8.55,8.57,8.41,8.56,1811170,15474096.00
2012/10/23,8.54,8.60,8.36,8.38,2322860,19825976.00
2012/10/24,8.34,8.34,8.11,8.14,4127085,34084476.00
2012/10/25,8.13,8.30,8.09,8.13,2432425,20033798.00
2012/10/26,8.14,8.22,7.97,8.03,2464071,19951724.00
2012/10/29,8.04,8.10,7.99,8.04,1087884,8827593.00
2012/10/30,8.09,8.24,8.07,8.14,1271690,10457377.00
2012/10/31,8.14,8.23,8.06,8.11,1157317,9468701.00
2012/11/01,8.12,8.27,8.11,8.20,2353052,19444006.00
2012/11/02,8.21,8.24,8.14,8.23,1334835,11034320.00
2012/11/05,8.23,8.25,8.09,8.15,1451993,11936267.00
2012/11/06,8.16,8.20,7.94,8.04,2136116,17243836.00
2012/11/07,8.06,8.11,7.99,8.11,1739306,14111796.00
2012/11/08,8.04,8.07,7.88,7.88,2113333,16961164.00
2012/11/09,7.86,7.93,7.76,7.81,1572891,12389873.00
2012/11/12,7.81,7.93,7.79,7.85,913498,7217577.50
2012/11/13,7.82,7.82,7.51,7.51,3077728,23629530.00
2012/11/14,7.45,7.54,7.24,7.49,2823547,21038134.00
2012/11/15,7.44,7.44,7.19,7.24,1864990,13780368.00
2012/11/16,7.24,7.32,7.10,7.31,1638397,11888815.00
2012/11/19,7.32,7.37,7.24,7.31,1191808,8760843.00
2012/11/20,7.34,7.37,7.23,7.27,1299638,9584934.00
2012/11/21,7.27,7.36,7.13,7.33,1622085,11871867.00
2012/11/22,7.29,7.32,7.10,7.10,1738652,12582804.00
2012/11/23,7.13,7.24,7.12,7.16,1205918,8724279.00
2012/11/26,7.13,7.20,7.04,7.06,1213359,8656611.00
2012/11/27,7.05,7.05,6.51,6.57,3270133,22120160.00
2012/11/28,6.55,6.55,6.24,6.29,2276542,14570297.00
2012/11/29,6.29,6.46,6.24,6.29,1347680,8644399.00
2012/11/30,6.35,6.40,6.27,6.34,1628298,10393011.00
2012/12/03,6.34,6.37,5.95,5.99,1742509,10855665.00
2012/12/04,5.99,6.32,5.87,6.18,2382994,14566667.00
2012/12/05,6.19,6.51,6.13,6.37,2900595,18658356.00
2012/12/06,6.39,6.58,6.38,6.43,2133925,13885713.00
2012/12/07,6.46,6.62,6.34,6.57,2928738,19345550.00
2012/12/10,6.60,7.10,6.51,6.87,5737179,39415016.00
2012/12/11,6.79,6.85,6.71,6.75,2848076,19476324.00
2012/12/12,6.75,6.79,6.54,6.63,2563967,17204372.00
2012/12/13,6.61,6.68,6.45,6.48,1815338,12025181.00
2012/12/14,6.39,6.81,6.39,6.78,3856555,26057084.00
2012/12/17,6.84,7.04,6.77,6.95,4636556,32395646.00
2012/12/18,6.92,7.03,6.82,6.85,3377848,23564618.00
2012/12/19,6.82,7.02,6.82,6.96,3699648,25906044.00
2012/12/20,6.96,6.96,6.75,6.89,3421156,23617008.00
2012/12/21,6.90,7.03,6.82,6.90,3473190,24249944.00
2012/12/24,6.88,7.21,6.88,7.07,5069490,36214340.00
2012/12/25,7.03,7.30,6.95,7.19,5603464,40461772.00
2012/12/26,7.18,7.34,7.14,7.31,4465648,32636840.00
2012/12/27,7.36,7.50,7.27,7.30,5724755,42525360.00
2012/12/28,7.29,7.33,7.13,7.28,3500513,25532094.00
2012/12/31,7.22,7.25,7.06,7.23,6223370,44933044.00
2013/01/04,7.24,7.31,7.03,7.07,6657101,47759224.00
2013/01/07,7.02,7.02,6.52,6.74,31416572,211021664.00
2013/01/08,6.64,6.86,6.61,6.83,15054105,102223088.00
2013/01/09,6.81,7.04,6.77,6.97,13430472,93792984.00
2013/01/10,7.01,7.67,6.92,7.67,32426279,241914096.00
2013/01/11,7.73,8.20,7.52,7.84,40600230,321769856.00
2013/01/14,7.97,8.42,7.74,8.07,25298929,203366320.00
2013/01/15,8.11,8.12,7.89,8.03,17784604,143220928.00
2013/01/16,7.97,8.38,7.95,8.08,18085271,148400336.00
2013/01/17,8.08,8.14,7.69,7.79,13938406,109711488.00
2013/01/18,7.80,7.93,7.64,7.88,9532866,74862800.00
2013/01/21,8.15,8.67,8.15,8.67,16336636,141345776.00
2013/01/22,9.02,9.47,8.72,9.12,44747188,408905920.00
2013/01/23,9.04,9.83,8.87,9.44,32537418,307115968.00
2013/01/24,10.34,10.39,10.25,10.39,52686999,550275072.00
2013/01/25,10.43,10.43,9.49,9.52,57792819,577036544.00
2013/01/28,9.23,9.43,9.00,9.39,40606524,377356224.00
2013/01/29,9.33,10.14,9.25,9.78,42740845,416673632.00
2013/01/30,9.56,9.89,9.36,9.55,25751078,248505296.00
2013/01/31,9.52,9.54,9.02,9.15,20484359,189543840.00
2013/02/01,9.13,9.44,9.00,9.16,15732637,146437600.00
2013/02/04,9.09,9.22,8.84,8.92,14807389,133672080.00
2013/02/05,9.06,9.41,9.06,9.11,15107785,140139200.00
2013/02/06,9.17,9.32,9.02,9.22,9849223,91183888.00
2013/02/07,9.22,9.29,9.09,9.25,8798891,81443392.00
2013/02/08,9.27,9.30,9.16,9.23,7061436,65645988.00
2013/02/18,9.26,9.51,9.13,9.49,12471721,116937904.00
2013/02/19,9.49,9.59,9.24,9.31,10259143,96931744.00
2013/02/20,9.24,9.43,9.13,9.31,8354244,77911704.00
2013/02/21,9.29,9.29,8.76,8.76,12065242,108904520.00
2013/02/22,8.72,8.95,8.56,8.61,10267055,90344328.00
2013/02/25,8.67,9.08,8.55,8.95,10566818,93782400.00
2013/02/26,8.84,9.09,8.60,8.67,9051829,81076592.00
2013/02/27,8.75,9.03,8.70,9.00,9069049,81083344.00
2013/02/28,9.00,9.05,8.76,9.02,9642493,86712968.00
2013/03/01,9.03,9.32,8.99,9.14,10301311,95030600.00
2013/03/04,9.04,9.04,8.74,8.87,10181770,90804360.00
2013/03/05,8.79,9.01,8.79,8.97,6840054,61319944.00
2013/03/06,9.03,9.28,8.86,9.22,12007458,110033048.00
2013/03/07,9.19,9.19,8.88,8.94,8953022,81441680.00
2013/03/08,8.94,9.24,8.85,9.01,8829678,80852784.00
2013/03/11,8.99,8.99,8.80,8.83,5563156,49587024.00
2013/03/12,8.84,8.93,8.34,8.53,7277339,62893200.00
2013/03/13,9.12,9.36,8.88,9.08,16327951,149689264.00
2013/03/14,9.14,9.92,9.04,9.65,26282874,253595856.00
2013/03/15,9.52,9.58,9.30,9.40,16138949,153208416.00
2013/03/18,9.33,9.44,8.84,8.92,11321793,103539136.00
2013/03/19,8.84,9.03,8.52,9.03,10049633,88672712.00
2013/03/20,8.85,9.12,8.69,9.07,11669982,105025208.00
2013/03/21,9.02,9.26,8.94,9.02,10564581,96915016.00
2013/03/22,8.97,9.39,8.77,9.35,15217435,140004784.00
2013/03/25,9.26,9.69,9.15,9.48,19083060,182014400.00
2013/03/26,9.72,9.80,9.30,9.60,21188095,204516848.00
2013/03/27,9.41,9.54,9.12,9.23,19173877,179254976.00
2013/03/28,9.10,9.10,8.85,8.93,8570602,77143704.00
2013/03/29,8.92,9.02,8.80,8.81,5584862,50131364.00
2013/04/01,8.74,8.94,8.74,8.83,4429263,39414676.00
2013/04/02,8.83,8.99,8.39,8.49,8588710,74966792.00
2013/04/03,8.52,8.58,8.06,8.29,10869544,89701040.00
2013/04/08,8.16,8.23,7.94,8.19,5175235,42285956.00
2013/04/09,8.21,8.39,8.10,8.31,4988132,41549224.00
2013/04/10,8.34,8.34,8.16,8.22,3308532,27411112.00
2013/04/11,8.22,8.42,8.12,8.14,3372716,28051464.00
2013/04/12,8.14,8.29,8.07,8.16,3274627,27005068.00
2013/04/15,8.24,8.32,8.07,8.18,2829103,23284466.00
2013/04/16,7.94,8.16,7.94,8.06,4711556,38196352.00
2013/04/17,8.10,8.14,7.95,8.12,4489842,36344136.00
2013/04/18,8.08,8.15,7.98,8.05,3519518,28502122.00
2013/04/19,8.04,8.27,7.99,8.24,6378702,52463708.00
2013/04/22,8.14,8.16,7.94,8.09,8017582,64932344.00
2013/04/23,8.06,8.06,7.72,7.77,7398459,58472296.00
2013/04/24,7.74,8.05,7.74,8.03,5260131,41752968.00
2013/04/25,7.95,8.20,7.89,8.09,7703852,62497616.00
2013/04/26,8.23,8.36,8.05,8.08,10269954,84641400.00
2013/05/02,8.06,8.06,7.28,7.68,6544926,49963268.00
2013/05/03,7.69,7.97,7.61,7.84,4951506,38900916.00
2013/05/06,7.92,8.12,7.82,8.08,5420340,43455996.00
2013/05/07,8.08,8.12,7.98,8.07,3885016,31249770.00
2013/05/08,8.10,8.88,8.10,8.88,30022644,260979744.00
2013/05/09,8.80,9.10,8.73,8.92,24708000,220248832.00
2013/05/10,8.84,9.07,8.62,8.78,14827441,130535256.00
2013/05/13,8.82,8.94,8.71,8.90,9184590,81219952.00
2013/05/14,8.90,8.90,8.47,8.64,10678152,92098344.00
2013/05/15,8.56,9.00,8.50,8.98,13847194,122384944.00
2013/05/16,8.89,9.06,8.78,8.93,11673404,104077728.00
2013/05/17,8.90,9.22,8.86,9.01,12777678,115868184.00
2013/05/20,9.04,9.35,8.85,9.27,17914066,163230032.00
2013/05/21,9.23,9.75,9.20,9.42,24633327,233919232.00
2013/05/22,9.38,9.47,9.10,9.17,14709408,136199776.00
2013/05/23,9.07,9.37,9.07,9.10,10091608,92984552.00
2013/05/24,9.11,9.29,9.05,9.25,7925721,72668760.00
2013/05/27,9.24,9.55,9.15,9.52,16059852,151226272.00
2013/05/28,9.50,9.50,9.12,9.29,11318772,104981984.00
2013/05/29,9.28,9.47,9.16,9.41,10106993,94250152.00
2013/05/30,9.50,9.75,9.43,9.53,21342564,204362144.00
2013/05/31,9.45,9.63,9.24,9.27,12195705,114347688.00
2013/06/03,9.27,9.34,8.92,8.94,9950564,90682816.00
2013/06/04,9.11,9.78,9.10,9.38,23590961,223478160.00
2013/06/05,9.51,10.30,9.36,10.20,47942618,478157344.00
2013/06/06,10.00,10.18,9.74,9.78,27866631,277785696.00
2013/06/07,9.81,9.90,9.08,9.21,23318833,219350848.00
2013/06/13,8.92,8.98,8.29,8.55,15679023,134216160.00
2013/06/14,8.53,8.75,8.40,8.70,11061839,95298432.00
2013/06/17,8.65,8.73,8.40,8.42,10590787,90432808.00
2013/06/18,8.40,8.65,8.38,8.45,6837981,58175892.00
2013/06/19,8.41,8.68,8.16,8.61,8145802,68870584.00
2013/06/20,8.50,8.55,8.11,8.13,7792250,64827684.00
2013/06/21,7.97,8.17,7.81,8.06,5862083,46923312.00
2013/06/24,8.03,8.13,7.25,7.30,8788619,67494040.00
2013/06/25,7.38,7.50,6.61,7.42,11611238,83300264.00
2013/06/26,7.39,7.65,7.24,7.60,8236399,61425296.00
2013/06/27,7.60,7.86,7.45,7.45,8254930,63373484.00
2013/06/28,7.52,7.65,7.28,7.41,4979971,37162688.00
2013/07/01,7.30,7.53,7.28,7.50,4790769,35448992.00
2013/07/02,7.54,7.68,7.52,7.67,5588835,42525124.00
2013/07/03,7.67,7.67,7.36,7.60,5167125,38920200.00
2013/07/04,7.55,8.24,7.45,7.93,14107701,112322928.00
2013/07/05,8.49,8.72,8.05,8.06,18576944,155392736.00
2013/07/08,7.69,7.93,7.51,7.52,10259569,79101536.00
2013/07/09,7.58,7.65,7.40,7.60,4019941,30393730.00
2013/07/10,7.60,7.92,7.40,7.87,7493836,57708900.00
2013/07/11,8.11,8.25,7.97,8.08,8998046,72873160.00
2013/07/12,8.17,8.46,8.06,8.09,10301810,84730544.00
2013/07/15,8.11,8.24,8.03,8.18,7542400,61332320.00
2013/07/16,8.38,8.63,8.33,8.41,13442349,113500136.00
2013/07/17,8.35,8.35,8.05,8.10,9560868,78536080.00
2013/07/18,8.09,8.37,8.01,8.34,10536208,86696712.00
2013/07/19,8.35,8.40,8.00,8.00,8643904,70883208.00
2013/07/22,7.84,8.18,7.80,8.18,5795736,46801964.00
2013/07/23,8.18,8.31,8.01,8.26,9029962,74113232.00
2013/07/24,8.24,8.33,8.05,8.23,8394424,68798912.00
2013/07/25,8.21,8.46,8.16,8.18,10443467,86518840.00
2013/07/26,8.18,8.94,7.86,8.70,21397528,179975168.00
2013/07/29,8.88,9.21,8.56,8.75,31497514,280357408.00
2013/07/30,8.62,9.19,8.58,8.99,24421688,218812144.00
2013/07/31,9.01,9.06,8.76,9.06,17079564,152277504.00
2013/08/01,8.97,9.43,8.95,9.27,24336178,224173840.00
2013/08/02,9.28,9.35,8.94,8.95,20617323,188483904.00
2013/08/05,8.86,9.08,8.80,8.95,10598241,94673152.00
2013/08/06,8.94,9.12,8.90,9.00,10578949,95429832.00
2013/08/07,8.98,8.98,8.60,8.94,17921054,157173536.00
2013/08/08,9.00,9.19,8.77,9.17,17349507,155619776.00
2013/08/09,9.17,9.27,8.90,9.08,12716660,115738616.00
2013/08/12,9.25,9.45,9.01,9.14,16156685,148293152.00
2013/08/13,9.11,9.24,8.94,9.02,10826739,97744304.00
2013/08/14,9.02,9.06,8.85,8.86,8454970,75475728.00
2013/08/15,8.83,8.96,8.81,8.84,8016702,71183216.00
2013/08/16,8.70,8.79,8.20,8.23,17333525,148620336.00
2013/08/19,8.26,8.44,8.13,8.39,9940161,82411224.00
2013/08/20,8.31,8.38,8.10,8.38,16046247,132466416.00
2013/08/21,8.43,8.47,8.18,8.22,16527918,136865696.00
2013/08/22,8.15,8.28,8.09,8.09,14160920,115221408.00
2013/08/23,8.09,8.16,7.76,7.89,14592677,116373752.00
2013/08/26,7.97,8.14,7.90,8.13,9987873,80412104.00
2013/08/27,8.14,8.18,8.05,8.13,8726775,70836632.00
2013/08/28,8.08,8.08,7.90,8.01,8773232,70198216.00
2013/08/29,8.05,8.08,7.97,8.06,6059402,48637432.00
2013/08/30,8.03,8.05,7.86,7.90,8018668,63847048.00
2013/09/02,7.90,7.98,7.80,7.95,4711893,37187840.00
2013/09/03,7.89,8.07,7.89,8.05,5591926,44910008.00
2013/09/04,8.08,8.18,8.03,8.14,7492362,60906072.00
2013/09/05,8.14,8.14,8.02,8.04,5727740,46123040.00
2013/09/06,8.04,8.07,7.91,7.98,6239357,49724752.00
2013/09/09,7.98,8.16,7.96,8.13,9457518,76688784.00
2013/09/10,8.16,8.19,8.06,8.16,8056264,65347880.00
2013/09/11,8.18,8.22,8.01,8.05,8381255,67606696.00
2013/09/12,8.06,8.08,8.00,8.05,6087598,48900304.00
2013/09/13,8.05,8.05,7.92,7.97,5703299,45390188.00
2013/09/16,7.97,8.04,7.91,7.92,5439023,43383920.00
2013/09/17,7.95,7.99,7.70,7.77,5491872,43350160.00
2013/09/18,7.77,7.87,7.75,7.82,3476094,27161574.00
2013/09/23,7.84,8.04,7.84,8.01,6184668,49354152.00
2013/09/24,8.01,8.01,7.85,7.90,5964664,47179284.00
2013/09/25,7.86,7.97,7.81,7.82,5111557,40279628.00
2013/09/26,7.90,8.25,7.81,8.12,13977994,112814648.00
2013/09/27,8.15,8.15,7.91,7.93,7878277,63146604.00
2013/09/30,7.91,7.98,7.81,7.88,4770792,37602516.00
2013/10/08,7.82,8.14,7.80,8.07,8525877,68711072.00
2013/10/09,8.07,8.29,8.00,8.24,13560391,110845664.00
2013/10/10,8.17,8.21,8.08,8.09,7001294,56979232.00
2013/10/11,8.11,8.20,8.08,8.12,6411919,52184576.00
2013/10/14,8.10,8.27,8.01,8.20,8971087,72998792.00
2013/10/15,8.26,8.78,8.14,8.54,23223649,197963536.00
2013/10/16,8.42,8.48,8.11,8.19,12057193,99660456.00
2013/10/17,8.21,8.45,8.20,8.25,10169043,84597912.00
2013/10/18,8.21,8.29,8.07,8.14,6400169,52086552.00
2013/10/21,8.14,8.56,8.09,8.47,16750952,140138096.00
2013/10/22,8.66,8.74,8.39,8.40,21151770,181167936.00
2013/10/23,8.32,8.40,8.10,8.14,10283094,84363896.00
2013/10/24,8.14,8.22,8.08,8.15,5811935,47332092.00
2013/10/25,8.16,8.21,7.74,7.74,11899503,93413160.00
2013/10/28,7.70,7.74,7.55,7.67,4520933,34527564.00
2013/10/29,7.68,7.72,7.21,7.31,6507297,48214000.00
2013/10/30,7.32,7.43,7.28,7.38,5095676,37461488.00
2013/10/31,7.40,7.42,7.27,7.29,3603276,26405354.00
2013/11/01,7.26,7.33,7.24,7.27,3919092,28561608.00
2013/11/04,7.28,7.36,7.25,7.34,3427634,25017326.00
2013/11/05,7.35,7.38,7.23,7.37,3661803,26781840.00
2013/11/06,7.36,7.36,7.27,7.27,4465048,32614338.00
2013/11/07,7.26,7.26,7.01,7.06,5801775,41366520.00
2013/11/08,7.03,7.10,6.98,7.04,2947576,20781784.00
2013/11/11,7.03,7.12,7.01,7.10,2401837,17010852.00
2013/11/12,7.12,7.16,7.08,7.13,2208017,15727570.00
2013/11/13,7.13,7.56,7.03,7.28,6549960,47798592.00
2013/11/14,7.18,7.34,7.11,7.29,4053130,29371614.00
2013/11/15,7.28,7.47,7.25,7.37,5456619,40311660.00
2013/11/18,7.35,7.48,7.34,7.46,5968635,44341240.00
2013/11/19,7.47,7.47,7.36,7.38,4804831,35553540.00
2013/11/20,7.40,7.50,7.29,7.45,6296183,46647824.00
2013/11/21,7.42,7.42,7.31,7.36,4504387,33152774.00
2013/11/22,7.34,7.60,7.31,7.44,6770739,50687708.00
2013/11/25,7.40,7.45,7.27,7.28,5057296,37246324.00
2013/11/26,7.28,7.30,7.13,7.16,6268468,45168208.00
2013/11/27,7.20,7.45,7.20,7.45,9030227,66600508.00
2013/11/28,7.45,7.60,7.41,7.47,8415540,63018592.00
2013/11/29,7.48,7.54,7.38,7.45,5272004,39296448.00
2013/12/02,7.36,7.36,7.02,7.12,6770635,48733700.00
2013/12/03,7.10,7.30,7.06,7.25,4584111,33087970.00
2013/12/04,7.24,7.38,7.21,7.31,4760336,34839760.00
2013/12/05,7.28,7.51,7.24,7.41,6653644,49245420.00
2013/12/06,7.38,7.49,7.35,7.40,3600126,26723812.00
2013/12/09,7.40,7.50,7.36,7.46,3894838,28990232.00
2013/12/10,7.49,7.68,7.33,7.63,12761874,95876840.00
2013/12/11,7.60,8.39,7.54,8.26,39878527,325302592.00
2013/12/12,8.35,8.63,8.20,8.39,32065051,270632736.00
2013/12/13,8.31,8.36,8.15,8.19,15665306,129334208.00
2013/12/16,8.20,8.29,8.09,8.17,12946129,105874464.00
2013/12/17,8.14,8.21,7.86,7.86,12793938,101830368.00
2013/12/18,7.90,7.94,7.66,7.71,8741827,67966728.00
2013/12/19,7.77,7.83,7.69,7.73,5911390,45859564.00
2013/12/20,7.72,7.96,7.69,7.75,6577167,51403944.00
2013/12/23,7.78,7.83,7.48,7.61,8538063,64784092.00
2013/12/24,7.61,7.87,7.61,7.83,8290727,64520668.00
2013/12/25,7.71,7.88,7.57,7.73,12545547,96092168.00
2013/12/26,7.61,7.65,7.24,7.25,15392562,114057784.00
2013/12/27,7.21,7.63,7.21,7.42,11059389,82121384.00
2013/12/30,7.43,7.54,7.26,7.28,8861022,65090960.00
2013/12/31,7.29,7.41,7.21,7.29,5177230,37832768.00
2014/01/02,7.33,7.49,7.30,7.49,5798873,43004996.00
2014/01/03,7.39,7.64,7.29,7.47,19759669,147737232.00
2014/01/06,7.42,7.43,7.19,7.25,8386694,61022288.00
2014/01/07,7.30,7.39,7.21,7.23,6202432,45142660.00
2014/01/08,7.21,7.68,7.21,7.68,18682895,139827520.00
2014/01/09,7.45,7.78,7.30,7.49,32919784,247006864.00
2014/01/10,7.40,7.57,6.81,7.21,19484016,140372160.00
2014/01/13,7.16,7.24,6.86,6.91,12057123,84544680.00
2014/01/14,6.92,6.98,6.80,6.96,6831205,47183024.00
2014/01/15,6.95,7.03,6.86,6.96,6158956,42877940.00
2014/01/16,6.96,6.99,6.85,6.90,4870263,33655956.00
2014/01/17,6.87,6.87,6.65,6.71,6187131,41657084.00
2014/01/20,6.76,6.97,6.70,6.90,8126878,55887160.00
2014/01/21,6.89,7.03,6.82,6.89,5832367,40461452.00
2014/01/22,6.90,7.15,6.87,7.11,8378124,59150964.00
2014/01/23,7.11,7.18,7.02,7.12,6269491,44531032.00
2014/01/24,7.06,7.39,7.06,7.29,11523637,83948384.00
2014/01/27,7.24,7.25,7.11,7.11,8399933,60172520.00
2014/01/28,7.10,7.19,7.09,7.13,4308400,30688062.00
2014/01/29,7.13,7.18,7.04,7.08,4679182,33246984.00
2014/01/30,7.12,7.13,7.04,7.05,3048078,21603326.00
2014/02/07,7.00,7.05,6.88,7.05,6467522,44934408.00
2014/02/10,7.05,7.76,7.04,7.76,20019760,149481968.00
2014/02/11,8.02,8.20,7.79,7.82,33454005,266771296.00
2014/02/12,7.76,8.30,7.72,8.06,26239178,211883888.00
2014/02/13,7.97,8.11,7.70,7.74,19948511,157980064.00
2014/02/14,7.70,7.84,7.61,7.79,14515267,112101288.00
2014/02/17,7.79,8.10,7.78,8.00,17913344,142748272.00
2014/02/18,8.01,8.28,7.85,8.25,26821993,215803520.00
2014/02/19,8.60,8.78,8.40,8.42,41646141,355895072.00
2014/02/20,8.48,9.25,8.30,8.64,39371891,344529504.00
2014/02/21,8.56,8.89,8.51,8.82,24636044,215024944.00
2014/02/24,8.88,8.93,8.60,8.90,22672420,198812576.00
2014/02/25,8.90,9.03,8.01,8.23,30023766,257696080.00
2014/02/26,8.07,8.19,7.84,8.13,20785464,167093328.00
2014/02/27,8.12,8.84,8.12,8.25,26080939,221483392.00
2014/02/28,8.29,9.08,8.20,9.08,57758036,511396384.00
2014/03/03,9.08,9.37,8.95,9.11,49708477,453677536.00
2014/03/04,9.10,9.16,8.77,8.87,46829207,416496064.00
2014/03/05,8.87,9.20,8.77,8.94,37868972,340936896.00
2014/03/06,8.97,8.97,8.43,8.64,29848985,258237680.00
2014/03/07,8.64,8.77,8.48,8.54,20850257,179531584.00
2014/03/10,8.32,8.35,7.75,7.89,27237730,219782928.00
2014/03/11,7.90,7.96,7.62,7.84,15752371,122975968.00
2014/03/12,7.83,7.99,7.63,7.97,15414418,121159488.00
2014/03/13,7.97,8.14,7.85,8.10,14397368,114636936.00
2014/03/14,8.00,8.11,7.83,7.88,11732582,93448552.00
2014/03/17,7.90,8.13,7.85,8.12,13031428,104905808.00
2014/03/18,8.12,8.33,8.08,8.24,14312413,117709048.00
2014/03/19,8.16,8.32,7.89,8.07,29088209,234628880.00
2014/03/20,7.98,8.11,7.75,7.75,18350927,145777504.00
2014/03/21,7.66,7.83,7.43,7.77,20559569,156810848.00
2014/03/24,7.70,7.91,7.67,7.82,13780720,107512824.00
2014/03/25,7.65,7.84,7.58,7.62,19227385,147200016.00
2014/03/26,7.61,7.72,7.50,7.64,12059739,92085760.00
2014/03/27,7.58,7.61,7.27,7.28,16801405,124718104.00
2014/03/28,7.29,7.35,7.13,7.15,9914513,71526624.00
2014/03/31,7.18,7.35,7.12,7.24,6885976,49834576.00
2014/04/01,7.23,7.33,7.15,7.32,6944721,50465976.00
2014/04/02,7.33,7.38,7.27,7.31,6451477,47244556.00
2014/04/03,7.32,7.37,7.26,7.30,6409153,46892328.00
2014/04/04,7.30,7.41,7.26,7.41,5834151,42989644.00
2014/04/08,7.41,7.49,7.31,7.49,7364999,54609964.00
2014/04/09,7.46,7.56,7.43,7.49,8100416,60758192.00
2014/04/10,7.50,7.58,7.45,7.51,10981071,82440192.00
2014/04/11,7.50,7.50,7.35,7.38,7317068,54089028.00
2014/04/14,7.36,7.48,7.30,7.46,6011730,44482236.00
2014/04/15,7.41,7.48,7.35,7.38,5287617,39101252.00
2014/04/16,7.38,7.68,7.37,7.57,15699463,118618000.00
2014/04/17,7.58,7.60,7.50,7.50,5622634,42421960.00
2014/04/18,7.50,7.57,7.45,7.57,6917255,51878280.00
2014/04/21,7.56,7.56,7.40,7.42,7235214,54140420.00
2014/04/22,7.41,7.44,7.15,7.29,7659051,55856096.00
2014/04/23,7.29,7.32,7.19,7.24,3993989,28959948.00
2014/04/24,7.24,7.26,7.12,7.16,3766109,27097820.00
2014/04/25,7.16,7.19,6.96,6.97,8069002,56887836.00
2014/04/28,6.92,6.94,6.67,6.71,7261219,49209236.00
2014/04/29,6.71,6.93,6.71,6.90,4348212,29717426.00
2014/04/30,6.98,7.06,6.91,7.05,4159436,29201148.00
2014/05/05,7.05,7.11,6.99,7.05,4158186,29290194.00
2014/05/06,7.03,7.11,7.02,7.04,3760848,26524794.00
2014/05/07,7.03,7.03,6.84,6.86,5879207,40656724.00
2014/05/08,6.86,7.24,6.83,7.07,8316253,59280832.00
2014/05/09,7.08,7.13,6.91,6.97,4748499,33291128.00
2014/05/12,7.03,7.18,7.02,7.16,5502814,39246652.00
2014/05/13,7.16,7.20,7.11,7.14,3487032,24889636.00
2014/05/14,7.11,7.19,7.05,7.10,4025625,28653830.00
2014/05/15,7.09,7.13,6.94,6.94,3878692,27297034.00
2014/05/16,6.96,7.11,6.93,7.10,3626769,25436336.00
2014/05/19,7.05,7.05,6.96,7.00,4059531,28380714.00
2014/05/20,7.05,7.12,6.99,7.00,2944201,20751670.00
2014/05/21,6.99,7.07,6.88,7.06,3773202,26404774.00
2014/05/22,7.07,7.15,7.04,7.12,5234620,37203988.00
2014/05/23,7.08,7.16,7.04,7.15,3875948,27560752.00
2014/05/26,7.17,7.28,7.15,7.23,6253364,45140992.00
2014/05/27,7.21,7.23,7.06,7.09,5894088,42048412.00
2014/05/28,7.09,7.20,7.07,7.18,5365100,38374540.00
2014/05/29,7.18,7.20,7.07,7.08,5431820,38608788.00
2014/05/30,7.08,7.10,6.96,7.05,5040444,35430024.00
2014/06/03,7.09,7.09,6.99,7.01,4078115,28623364.00
2014/06/04,7.02,7.04,6.92,6.93,4120734,28675896.00
2014/06/05,6.91,7.07,6.91,7.04,3437563,24130542.00
2014/06/06,7.05,7.08,7.00,7.04,2554600,17968164.00
2014/06/09,7.01,7.06,6.97,6.97,2814971,19730772.00
2014/06/10,6.98,7.05,6.98,7.03,2878836,20203110.00
2014/06/11,7.03,7.10,7.01,7.09,4155207,29296400.00
2014/06/12,7.08,7.08,6.97,6.98,5060492,35453644.00
2014/06/13,6.98,7.24,6.96,7.15,9837466,70398920.00
2014/06/16,7.14,7.18,7.10,7.16,5745116,41043504.00
2014/06/17,7.12,7.48,7.12,7.31,15706568,115581576.00
2014/06/18,7.28,7.41,7.21,7.33,12645529,92622112.00
2014/06/19,7.30,7.41,7.05,7.11,7621820,54963244.00
2014/06/20,7.13,7.20,7.05,7.20,4725688,33698092.00
2014/06/23,7.20,7.25,7.18,7.20,5073303,36617500.00
2014/06/24,7.19,7.28,7.12,7.28,5741103,41423940.00
2014/06/25,7.26,7.28,7.19,7.22,3838987,27750658.00
2014/06/26,7.19,7.32,7.19,7.32,7137992,52017000.00
2014/06/27,7.29,7.47,7.26,7.39,10786727,79677984.00
2014/06/30,7.40,7.46,7.30,7.34,8984736,66136892.00
2014/07/01,7.35,7.38,7.22,7.36,7221494,52705112.00
2014/07/02,7.35,7.55,7.31,7.54,13947000,103756624.00
2014/07/03,7.50,7.68,7.45,7.54,15028853,113695072.00
2014/07/04,7.53,7.59,7.46,7.48,7482007,56138296.00
2014/07/07,7.47,7.50,7.35,7.44,7432792,55195724.00
2014/07/08,7.29,7.29,7.12,7.22,16220386,117099584.00
2014/07/09,7.20,7.25,7.06,7.06,11118741,79475536.00
2014/07/10,7.09,7.31,7.06,7.31,11448352,82282856.00
2014/07/11,7.30,7.30,7.13,7.17,20589128,147992688.00
2014/07/14,7.17,7.40,7.14,7.35,13532127,98843488.00
2014/07/15,7.21,7.44,7.21,7.37,14714572,107599576.00
2014/07/16,7.41,7.55,7.20,7.21,17614221,129595600.00
2014/07/17,7.21,7.24,7.11,7.13,7588113,54295504.00
2014/07/18,7.15,7.22,7.10,7.17,5839112,41890184.00
2014/07/21,7.18,7.18,7.03,7.07,8245424,58503776.00
2014/07/22,7.07,7.26,7.07,7.18,9661413,69210136.00
2014/07/23,7.16,7.17,7.02,7.07,10178791,72181664.00
2014/07/24,7.06,7.12,7.01,7.08,6505741,45936484.00
2014/07/25,7.09,7.14,7.05,7.08,11298771,79945624.00
2014/07/28,7.10,7.17,7.07,7.11,26503135,188463664.00
2014/07/29,7.12,7.62,7.09,7.51,45960704,335990880.00
2014/07/30,7.40,7.48,7.32,7.38,25167371,185977456.00
2014/07/31,7.34,7.43,7.33,7.38,13459044,99242024.00
2014/08/01,7.40,7.48,7.26,7.32,16282875,120467544.00
2014/08/04,7.31,7.40,7.31,7.38,14913721,109806688.00
2014/08/05,7.38,7.49,7.38,7.48,18089759,134646160.00
2014/08/06,7.48,7.59,7.48,7.54,20764654,156493568.00
2014/08/07,7.54,7.60,7.42,7.43,16516082,123934168.00
2014/08/08,7.43,7.50,7.43,7.47,9473422,70668784.00
2014/08/11,7.50,7.60,7.49,7.56,11711315,88369712.00
2014/08/12,7.59,7.71,7.54,7.69,20091735,153832896.00
2014/08/13,7.67,7.75,7.54,7.65,15178577,115631600.00
2014/08/14,7.61,7.68,7.55,7.55,13437840,102164120.00
2014/08/15,7.57,7.66,7.55,7.61,11267420,85811264.00
2014/08/18,7.63,7.74,7.62,7.69,14133598,108315360.00
2014/08/19,7.70,7.78,7.64,7.71,16739786,128950272.00
2014/08/20,7.69,7.87,7.66,7.80,22896119,178396720.00
2014/08/21,7.80,7.86,7.64,7.76,16687954,129150944.00
2014/08/22,7.74,7.83,7.70,7.78,14247383,110811976.00
2014/08/25,7.83,7.84,7.65,7.65,13150070,101682456.00
2014/08/26,7.63,7.68,7.41,7.44,15551708,117000288.00
2014/08/27,7.45,7.50,7.42,7.47,7452011,55600968.00
2014/08/28,7.47,7.51,7.33,7.37,10722832,79480880.00
2014/08/29,7.41,7.56,7.37,7.51,9053007,67777128.00
2014/09/01,7.51,7.60,7.47,7.60,11932186,90086344.00
2014/09/02,7.61,7.76,7.55,7.71,25970059,198281984.00
2014/09/03,7.67,7.75,7.64,7.71,20265705,155990320.00
2014/09/04,7.71,7.90,7.67,7.86,30389347,237584016.00
2014/09/05,7.85,7.88,7.77,7.87,17541464,137353264.00
2014/09/09,7.92,7.93,7.74,7.88,21951206,171903120.00
2014/09/10,7.82,8.04,7.77,8.00,31415913,249337920.00
2014/09/11,8.00,8.15,7.90,7.93,29704880,238103568.00
2014/09/12,7.91,8.15,7.83,8.12,23146686,186189072.00
2014/09/15,8.10,8.36,8.08,8.32,27895634,230600192.00
2014/09/16,8.33,8.33,7.92,7.93,29259953,237859376.00
2014/09/17,7.93,8.03,7.79,8.02,22083202,174780496.00
2014/09/18,8.02,8.09,7.95,8.03,13041660,104569232.00
2014/09/19,8.03,8.18,7.95,8.10,13825376,111295408.00
2014/09/22,8.10,8.10,7.85,7.91,12934559,103019304.00
2014/09/23,7.88,8.04,7.88,8.01,10037727,80140936.00
2014/09/24,8.03,8.24,7.96,8.18,15370569,125513968.00
2014/09/25,8.18,8.45,8.14,8.33,31791756,264121616.00
2014/09/26,8.28,8.59,8.27,8.41,25958126,220053072.00
2014/09/29,8.41,9.15,8.36,8.92,48346764,425370144.00
2014/09/30,8.80,9.04,8.76,8.88,29930864,266825600.00
2014/10/08,8.90,9.11,8.86,9.00,23356416,210230224.00
2014/10/09,8.87,9.08,8.70,8.91,28589620,253692000.00
2014/10/10,8.90,9.21,8.70,9.09,32004211,288815264.00
2014/10/13,8.85,9.24,8.70,9.22,37100403,331635584.00
2014/10/14,9.18,9.77,9.14,9.36,41760729,395960896.00
2014/10/15,9.36,9.75,9.17,9.60,29755565,282399584.00
2014/10/16,9.52,9.85,9.20,9.26,36241853,346040768.00
2014/10/17,9.20,9.38,8.83,9.05,25661840,232444640.00
2014/10/20,9.06,9.96,8.97,9.75,37957859,363368864.00
2014/10/21,9.66,10.05,9.51,9.60,47217523,461670624.00
2014/10/22,9.60,9.67,9.31,9.32,28315669,267968560.00
2014/10/23,9.28,9.53,8.99,9.30,27806938,255828528.00
2014/10/24,9.35,9.89,9.18,9.58,35844922,343268576.00
2014/10/27,9.60,9.83,9.35,9.76,26595045,255228800.00
2014/10/28,9.80,9.95,9.68,9.78,22736440,222682848.00
2014/10/29,9.78,10.34,9.76,10.18,41656862,422289568.00
2014/10/30,10.18,10.45,10.02,10.28,33931379,346297376.00
2014/10/31,10.24,10.45,9.87,9.91,39923051,400960480.00
2014/11/03,9.83,10.30,9.70,10.03,27440997,272297504.00
2014/11/04,10.03,10.15,9.69,9.77,39797028,391738272.00
2014/11/05,9.72,9.85,9.51,9.68,20227015,196226416.00
2014/11/06,9.69,9.83,9.60,9.77,14499514,141069072.00
2014/11/07,9.77,9.85,9.31,9.39,30235260,287831744.00
2014/11/10,9.40,9.56,9.32,9.41,14682883,138688944.00
2014/11/11,9.40,9.55,9.02,9.12,22062887,203933024.00
2014/11/12,9.13,9.27,9.05,9.22,10214673,93688424.00
2014/11/13,9.21,9.26,8.92,8.97,16642243,150345056.00
2014/11/14,8.97,9.09,8.80,9.08,12254283,109933272.00
2014/11/17,9.08,9.40,9.03,9.32,13416452,124141224.00
2014/11/18,9.33,9.38,9.18,9.25,8505956,78818920.00
2014/11/19,9.27,9.30,9.08,9.12,10506168,96280744.00
2014/11/20,9.12,9.18,9.02,9.12,7960759,72480792.00
2014/11/21,9.13,9.31,9.09,9.28,12493226,114746792.00
2014/11/24,9.31,9.43,9.28,9.35,17217052,160780048.00
2014/11/25,9.30,9.35,9.11,9.32,14113882,130322240.00
2014/11/26,9.32,10.08,9.32,9.96,39941948,388389280.00
2014/11/27,9.90,10.30,9.68,10.13,74619534,746052160.00
2015/01/28,9.51,9.95,9.12,9.14,125974507,1161598336.00
2015/01/29,8.80,9.24,8.67,8.91,69149973,616062528.00
2015/01/30,8.81,9.18,8.81,8.86,39768282,356737376.00
2015/02/02,8.80,8.80,8.38,8.48,32631707,278010432.00
2015/02/03,8.49,8.85,8.46,8.63,36115390,312021696.00
2015/02/04,8.58,8.85,8.53,8.65,38162731,330582944.00
2015/02/05,8.64,8.94,8.60,8.72,39757303,348482272.00
2015/02/06,8.72,8.92,8.57,8.63,32963680,288043776.00
2015/02/09,8.60,8.83,8.28,8.63,37954468,325362240.00
2015/02/10,8.62,8.87,8.54,8.70,36467979,318518048.00
2015/02/11,8.71,8.81,8.52,8.62,26421847,228200192.00
2015/02/12,8.58,8.64,8.42,8.42,24793924,210330784.00
2015/02/13,8.47,8.58,8.44,8.55,17846914,152176304.00
2015/02/16,8.57,8.72,8.52,8.71,20492712,177210752.00
2015/02/17,8.73,8.77,8.62,8.73,18345605,159676608.00
2015/02/25,8.76,9.10,8.67,9.02,38195413,341289248.00
2015/02/26,9.02,9.09,8.90,8.99,22533142,202504448.00
2015/02/27,8.91,8.95,8.78,8.88,26126461,231478944.00
2015/03/02,8.89,9.17,8.87,9.06,33353204,301655232.00
2015/03/03,9.03,9.97,8.98,9.74,84996405,820970304.00
2015/03/04,9.60,10.00,9.43,9.77,43955203,427624832.00
2015/03/05,9.70,9.75,9.51,9.66,26961863,259278576.00
2015/03/06,9.68,10.29,9.67,9.92,63564205,640503872.00
2015/03/09,9.88,10.13,9.72,9.89,35288005,349283744.00
2015/03/10,9.88,10.14,9.81,9.98,27211059,271853312.00
2015/03/11,9.91,10.93,9.90,10.55,46241360,484820096.00
2015/03/12,10.49,11.05,10.21,10.72,59494386,633244160.00
2015/03/13,10.68,10.96,10.53,10.72,30935956,331950272.00
2015/03/16,10.75,11.75,10.75,11.70,51599300,592656704.00
2015/03/17,11.68,11.96,11.22,11.59,52229706,605521216.00
2015/03/18,11.49,12.25,11.35,12.00,40021111,476372896.00
2015/03/19,11.95,12.30,11.70,12.13,34007659,407564800.00
2015/03/20,12.08,12.25,11.90,12.02,26067894,313541504.00
2015/03/23,12.02,12.04,11.58,11.87,40890103,484112160.00
2015/03/24,11.84,12.30,11.51,12.26,47082388,562144192.00
2015/03/25,12.28,12.36,12.03,12.08,31556820,384451200.00
2015/03/26,12.08,12.19,11.52,11.69,31266395,368848256.00
2015/03/27,11.70,12.23,11.67,11.92,28144432,338040096.00
2015/03/30,11.88,12.17,11.82,11.98,24200341,289650432.00
2015/03/31,12.10,13.18,11.84,13.16,54986694,695390528.00
2015/04/01,12.85,14.32,12.80,14.13,50737136,704767808.00
2015/04/02,14.10,14.88,13.84,14.23,41140759,585795520.00
2015/04/03,14.18,15.30,13.90,15.11,41832579,608246400.00
2015/04/07,15.12,16.16,15.11,15.35,53495238,835221056.00
2015/04/08,15.36,15.62,14.39,14.78,40520705,604066560.00
2015/04/09,14.67,14.67,13.53,14.18,39870321,563017344.00
2015/04/10,14.01,15.17,14.00,15.00,35040300,522115232.00
2015/04/13,14.98,15.50,14.75,14.84,33415555,500972320.00
2015/04/14,14.83,15.06,14.43,14.69,32031510,471366176.00
2015/04/15,14.60,14.61,13.83,14.03,29097236,412703808.00
2015/04/16,13.80,14.40,13.50,13.94,22475915,314055008.00
2015/04/17,14.13,14.52,13.80,13.86,26420981,371784672.00
2015/04/20,13.87,14.10,13.23,13.59,29994554,411617056.00
2015/04/21,13.60,14.07,13.60,14.06,22757875,316047584.00
2015/04/22,14.11,14.48,13.90,14.26,41858013,592091840.00
2015/04/23,14.90,15.13,14.50,14.66,43915636,648118656.00
2015/04/24,14.36,14.50,13.60,14.10,39853137,563937344.00
2015/04/27,14.10,14.31,13.82,13.99,28149900,395475552.00
2015/04/28,13.98,14.19,13.51,13.63,25761967,355821088.00
2015/04/29,13.61,14.08,13.55,13.98,25096318,348856864.00
2015/04/30,13.98,14.80,13.86,14.50,43795057,629890880.00
2015/05/04,14.69,14.72,14.10,14.43,30920829,447395904.00
2015/05/05,14.53,14.62,13.80,13.93,31725563,446687744.00
2015/05/06,14.00,14.27,13.54,13.68,25411784,355384576.00
2015/05/07,13.61,13.71,13.09,13.11,22546907,301399072.00
2015/05/08,13.15,13.81,13.15,13.77,25025299,336450528.00
2015/05/11,13.88,14.78,13.88,14.65,42396205,610251648.00
2015/05/12,14.70,14.93,14.20,14.81,47598266,696056256.00
2015/05/13,14.55,16.20,14.39,16.03,77172235,1199458944.00
2015/05/14,15.98,16.10,15.42,15.59,39569847,623476608.00
2015/05/15,15.57,15.79,14.70,14.85,36210338,547854784.00
2015/05/18,14.85,15.30,14.68,14.92,30389011,455895872.00
2015/05/19,15.03,15.43,14.70,15.38,41178882,618839488.00
2015/05/20,15.38,16.38,15.28,15.78,55762082,892392832.00
2015/05/21,15.75,16.25,15.50,16.20,47955256,766560768.00
2015/05/22,16.25,17.82,16.25,17.82,73039453,1264265600.00
2015/05/25,18.35,19.45,17.89,18.42,79835531,1490409728.00
2015/05/26,18.71,19.88,18.40,19.27,56770100,1077561088.00
2015/05/27,19.03,19.15,18.30,18.56,58560909,1092128512.00
2015/05/28,18.56,20.38,18.30,18.38,73062351,1413909760.00
2015/05/29,18.80,19.50,16.54,18.98,62342432,1166548864.00
2015/06/01,19.04,20.20,19.00,20.19,59536387,1181142528.00
2015/06/02,20.29,21.21,19.89,21.07,64236668,1315675392.00
2015/06/03,20.79,21.00,19.88,20.16,61653133,1255124992.00
2015/06/04,20.16,20.16,18.28,19.31,61090522,1166901248.00
2015/06/05,19.41,19.93,18.58,19.19,52690237,1021239616.00
2015/06/08,19.22,21.11,18.91,20.98,61944345,1224436992.00
2015/06/09,20.90,20.98,19.81,20.12,43372488,883158848.00
2015/06/10,20.00,20.90,19.45,20.21,52411688,1071791424.00
2015/06/11,20.16,20.50,19.72,20.29,52348998,1050664064.00
2015/06/12,20.29,21.80,20.20,21.45,62569013,1334693120.00
2015/06/15,21.40,23.60,20.79,22.96,84079259,1878068992.00
2015/06/16,22.50,24.09,21.80,22.85,70207900,1624124032.00
2015/06/17,22.60,23.25,21.10,22.59,56173165,1240875904.00
2015/06/18,22.55,23.99,22.06,22.59,49127299,1139467008.00
2015/06/19,22.10,23.20,20.33,20.33,57917681,1271414272.00
2015/06/23,19.85,20.78,18.30,19.55,52998254,1017209152.00
2015/06/24,19.89,20.50,19.09,20.11,43500190,869855808.00
2015/06/25,20.20,20.37,18.10,18.40,40282459,782375040.00
2015/06/26,17.80,17.80,16.56,16.56,34799663,587129408.00
2015/06/29,17.00,17.18,14.90,14.90,42254958,654067328.00
2015/06/30,14.30,15.70,13.41,15.52,53272024,773394816.00
2015/07/01,16.10,16.93,14.61,15.39,60335348,974065984.00
2015/07/02,15.41,15.81,13.85,13.85,50540619,733733184.00
2015/07/03,13.00,13.90,12.47,12.47,48837977,624215488.00
2015/07/06,13.72,13.72,11.22,11.22,80653297,969449024.00
2015/07/07,10.18,10.88,10.10,10.10,20797457,210987328.00
2015/07/08,9.09,10.17,9.09,9.57,169750656,1577377792.00
2015/07/09,9.20,10.53,9.20,10.53,56829421,578693952.00
2015/07/10,11.40,11.58,11.22,11.58,21895548,250754704.00
2015/07/13,12.74,12.74,12.39,12.74,50848209,646379776.00
2015/07/14,13.40,14.01,12.75,14.01,116646239,1603696512.00
2015/07/15,13.80,13.80,12.61,12.61,55611957,727658688.00
2015/07/16,11.76,13.46,11.35,12.93,71240354,892630464.00
2015/07/17,13.00,14.19,12.93,13.80,57498881,781377024.00
2015/07/20,13.82,14.46,13.50,13.83,78503736,1092867584.00
2015/07/21,13.59,14.35,13.28,14.10,57074530,793330496.00
2015/07/22,14.11,14.46,13.60,14.31,57990880,821980096.00
2015/07/23,14.33,15.24,14.10,14.82,67299876,981232448.00
2015/07/24,14.80,14.96,14.00,14.18,62287587,910569728.00
2015/07/27,13.78,14.11,12.76,12.76,47980875,648307392.00
2015/07/28,11.90,12.68,11.48,11.48,58575231,690757824.00
2015/07/29,11.81,12.58,11.02,12.44,45859085,535347424.00
2015/07/30,12.44,12.99,12.00,12.08,45991538,577204928.00
2015/07/31,11.98,12.19,11.20,11.54,31063978,366610016.00
2015/08/03,11.29,11.50,10.39,10.46,31546809,339533152.00
2015/08/04,10.62,11.51,10.61,11.51,34328063,380078752.00
2015/08/05,11.73,12.23,11.57,11.72,44991287,534269376.00
2015/08/06,11.60,12.33,11.00,12.13,42671344,511972352.00
2015/08/07,12.32,12.65,12.20,12.50,39764066,493932128.00
2015/08/10,12.71,13.50,12.71,13.34,45024358,592685632.00
2015/08/11,13.23,13.90,13.04,13.38,57445746,773160000.00
2015/08/12,13.05,13.50,12.81,12.84,38774704,509236448.00
2015/08/13,12.65,13.37,12.46,13.35,38082584,491510912.00
2015/08/14,13.45,13.85,13.20,13.52,46036513,624797056.00
2015/08/17,13.35,13.98,13.30,13.95,44393536,611627968.00
2015/08/18,14.21,14.30,12.56,12.56,59158980,802062272.00
2015/08/19,12.00,13.54,11.44,13.30,48717136,603795968.00
2015/08/20,13.09,13.56,12.59,12.70,40049898,526302240.00
2015/08/21,12.21,12.64,11.51,11.58,33619268,406455872.00
2015/08/24,10.69,11.20,10.42,10.42,26974891,284483744.00
2015/08/25,9.38,9.67,9.38,9.38,26403067,248702976.00
2015/08/26,9.40,9.78,8.44,8.44,48338484,436138112.00
2015/08/27,8.79,8.99,7.90,8.85,36457469,311545856.00
2015/08/28,9.02,9.65,8.81,9.64,43897827,401273888.00
2015/08/31,9.64,9.64,8.87,8.87,31098498,286297024.00
2015/09/01,8.95,9.16,8.28,8.31,27836055,239921632.00
2015/09/02,7.80,8.73,7.70,7.90,25209201,205025680.00
2015/09/07,8.08,8.43,8.01,8.14,23599597,194267760.00
2015/09/08,8.10,8.95,7.97,8.87,24270328,204146592.00
2015/09/09,8.95,9.32,8.87,9.22,35685335,325703968.00
2015/09/10,9.00,9.20,8.80,8.86,21323639,192409840.00
2015/09/11,8.89,9.16,8.70,9.16,20479351,183681120.00
2015/09/14,9.23,9.27,8.24,8.24,26407597,227496752.00
2015/09/15,7.98,8.00,7.42,7.42,23060990,177265008.00
2015/09/16,7.45,8.16,7.41,8.15,24278619,188335216.00
2015/09/17,8.00,8.42,7.80,7.83,31543763,256855504.00
2015/09/18,7.94,8.04,7.61,7.91,26178904,204467696.00
2015/09/21,7.72,8.28,7.66,8.22,25168670,201537040.00
2015/09/22,8.26,8.50,8.10,8.33,32107335,266519344.00
2015/09/23,8.10,9.16,8.01,9.16,70017983,614499712.00
2015/09/24,9.50,9.90,9.30,9.60,88538173,847468032.00
2015/09/25,9.41,9.48,8.64,8.71,52252460,474910048.00
2015/09/28,8.60,9.12,8.58,9.06,30243137,270197888.00
2015/09/29,8.80,8.98,8.58,8.67,25052788,219655664.00
2015/09/30,8.80,8.85,8.59,8.74,15518520,135449920.00
2015/10/08,9.10,9.27,8.92,9.18,29304222,267511632.00
2015/10/09,9.14,9.34,9.05,9.25,31294960,287797216.00
2015/10/12,9.33,9.98,9.27,9.80,52358342,504370208.00
2015/10/13,9.68,10.10,9.59,10.00,51933452,509254656.00
2015/10/14,10.00,10.33,9.71,9.75,48162965,481168480.00
2015/10/15,9.61,10.06,9.51,10.05,41938942,413825952.00
2015/10/16,10.14,10.50,9.97,10.43,63137852,647856320.00
2015/10/19,10.43,10.48,9.95,10.17,48679928,496974720.00
2015/10/20,10.12,10.46,10.05,10.41,45046792,462660704.00
2015/10/21,10.42,10.55,9.37,9.37,56240353,560081536.00
2015/10/22,9.25,9.79,9.23,9.71,34841557,332941600.00
2015/10/23,9.83,10.68,9.60,10.68,68914280,711309120.00
2015/10/26,10.87,10.98,10.34,10.63,70278994,745631424.00
2015/10/27,10.40,10.91,9.90,10.91,54798856,570967936.00
2015/10/28,10.71,11.10,10.38,10.43,42870345,461454176.00
2015/10/29,10.48,11.15,10.43,11.04,56102494,607738880.00
2015/10/30,10.97,11.38,10.55,11.09,62425792,687726208.00
2015/11/02,10.66,10.99,10.51,10.53,39960488,429144096.00
2015/11/03,10.55,10.69,10.14,10.34,26913525,279856000.00
2015/11/04,10.40,11.12,10.37,11.01,40578210,436934752.00
2015/11/05,10.99,11.38,10.71,10.80,60642946,664820032.00
2015/11/06,10.79,11.30,10.72,11.12,47175214,522381056.00
2015/11/09,11.00,11.50,10.71,11.32,64492933,717364800.00
2015/11/10,11.18,12.00,11.10,11.64,63764848,732584128.00
2015/11/11,11.58,12.18,11.48,12.06,57432688,680385856.00
2015/11/12,11.95,12.12,11.66,11.86,62409479,740763008.00
2015/11/13,11.60,11.90,11.22,11.50,42465589,492186464.00
2015/11/16,11.17,11.75,11.14,11.74,30392412,349712608.00
2015/11/17,11.85,11.97,11.38,11.41,50416752,588536256.00
2015/11/18,11.34,11.53,11.02,11.05,32480692,367135680.00
2015/11/19,11.13,11.44,11.08,11.44,27348313,308365088.00
2015/11/20,11.45,11.55,11.24,11.40,40545631,461698592.00
2015/11/23,11.40,11.67,11.30,11.35,39569607,454024320.00
2015/11/24,11.36,11.43,11.01,11.41,28784273,323349216.00
2015/11/25,11.36,11.95,11.31,11.87,52984932,617864000.00
2015/11/26,11.86,11.88,11.49,11.59,44479791,519252192.00
2015/11/27,11.55,12.00,10.43,10.61,54100335,617147584.00
2015/11/30,10.55,10.79,9.88,10.46,36740618,380779072.00
2015/12/01,10.46,10.62,10.30,10.52,24978841,261968112.00
2015/12/02,10.49,10.54,10.02,10.35,20808983,213826496.00
2015/12/03,10.38,10.86,10.35,10.84,27037968,288231808.00
2015/12/04,10.69,10.86,10.52,10.62,20705303,221304672.00
2015/12/07,10.61,10.99,10.57,10.83,21869907,236555920.00
2015/12/08,11.40,11.91,11.29,11.91,54312681,641674304.00
2015/12/09,11.79,11.79,11.22,11.45,68330407,785014464.00
2015/12/10,11.30,11.52,10.97,11.08,41589558,466120608.00
2015/12/11,10.98,11.28,10.90,11.08,24187203,268642176.00
2015/12/14,10.88,11.29,10.73,11.25,22350625,245006784.00
2015/12/15,11.19,11.50,11.17,11.31,26167597,297084128.00
2015/12/16,11.37,11.67,11.32,11.57,34079968,390857344.00
2015/12/17,11.54,12.20,11.54,11.87,69907741,827322368.00
2015/12/18,11.70,12.77,11.66,12.41,96331249,1175475456.00
2015/12/21,12.30,12.92,12.06,12.70,78629331,985656128.00
2015/12/22,12.58,12.66,12.38,12.56,42517484,531268384.00
2015/12/23,12.64,12.97,12.25,12.33,55645177,704664896.00
2015/12/24,12.16,12.36,11.87,12.17,31133703,376084096.00
2015/12/25,12.17,12.58,12.17,12.32,25457285,315413728.00
2015/12/28,12.45,12.53,11.72,11.80,34120461,414654976.00
2015/12/29,11.80,12.10,11.70,12.08,23897817,284746016.00
2015/12/30,12.18,12.31,12.02,12.20,21915316,266927264.00
2015/12/31,12.20,12.35,11.83,11.83,29155142,352258656.00
2016/01/04,12.06,12.08,10.65,10.65,26478109,298770624.00
2016/01/05,9.93,10.70,9.70,10.28,33858757,348649376.00
2016/01/06,10.40,10.58,10.17,10.52,21665563,225523632.00
2016/01/07,10.31,10.31,9.47,9.47,7245417,70875960.00
2016/01/08,9.61,9.97,8.97,9.74,28121832,268752704.00
2016/01/11,9.49,9.54,8.77,8.77,29530657,268227712.00
2016/01/12,8.81,8.98,8.59,8.81,18349749,161506400.00
2016/01/13,8.92,8.98,8.22,8.30,18262885,158558848.00
2016/01/14,7.99,8.68,7.80,8.57,21254362,176441984.00
2016/01/15,8.54,8.58,7.97,8.07,18392225,152043472.00
2016/01/18,7.95,8.47,7.85,8.27,17083091,140119488.00
2016/01/19,8.22,8.66,8.22,8.63,20018923,169547824.00
2016/01/20,8.55,8.84,8.47,8.70,20279626,175398848.00
2016/01/21,8.51,8.78,8.18,8.19,18982940,161293248.00
2016/01/22,8.35,8.50,8.04,8.48,14526606,120582112.00
2016/01/25,8.65,8.78,8.50,8.65,16172004,139738992.00
2016/01/26,8.62,8.63,7.80,8.03,20673157,170858624.00
2016/01/27,8.11,8.16,7.36,8.05,19058708,149087808.00
2016/01/28,7.91,8.14,7.70,7.89,16138780,128018720.00
2016/01/29,7.74,8.24,7.51,8.10,22016694,174107872.00
2016/02/01,8.08,8.09,7.65,7.89,14458272,114678792.00
2016/02/02,7.95,8.20,7.90,8.14,15599485,126493864.00
2016/02/03,8.10,8.18,7.91,8.13,13067519,105179096.00
2016/02/04,8.20,8.54,8.20,8.36,19079447,160439024.00
2016/02/05,8.40,8.75,8.40,8.42,22589624,192888864.00
2016/02/15,8.00,8.32,7.91,8.21,13652984,110667032.00
2016/02/16,8.29,8.79,8.26,8.68,22420407,191581648.00
2016/02/17,8.74,8.78,8.48,8.70,28104477,242676176.00
2016/02/18,8.75,9.27,8.64,8.94,39698286,355112800.00
2016/02/19,8.84,8.94,8.70,8.80,23997570,211470304.00
2016/02/22,8.87,9.08,8.85,8.96,23498470,210555616.00
2016/02/23,8.93,9.05,8.80,8.92,19108066,170776064.00
2016/02/24,8.92,8.98,8.62,8.89,18824805,165829648.00
2016/03/09,8.89,8.89,8.89,8.89,0,0.00
数据来源:通达信
