002037 久联发展 日线 前复权
      日期	    开盘	    最高	    最低	    收盘	    成交量	    成交额
2011/01/04,14.06,14.71,13.91,14.25,3740934,90110648.00
2011/01/05,14.24,14.58,13.58,13.86,4179034,97337328.00
2011/01/06,13.79,14.07,13.43,13.49,3217861,74172984.00
2011/01/07,13.49,13.95,13.39,13.68,3124878,71697264.00
2011/01/10,13.56,13.63,12.68,12.78,3593312,78824744.00
2011/01/11,12.64,13.41,12.61,12.99,2171611,47856160.00
2011/01/12,12.95,13.18,12.70,12.95,1037468,22499424.00
2011/01/13,13.20,13.92,13.19,13.84,4014225,91951464.00
2011/01/14,13.82,13.82,13.33,13.69,2018724,46162172.00
2011/01/17,13.69,13.88,12.71,12.89,2815256,61675268.00
2011/01/18,12.91,13.28,12.80,13.20,1002393,21906718.00
2011/01/19,13.11,13.74,12.96,13.63,1358057,30783658.00
2011/01/20,13.63,14.01,13.45,13.64,1744246,40215920.00
2011/01/21,13.58,13.95,13.39,13.70,1873074,43215196.00
2011/01/24,13.64,13.92,12.59,12.64,2029515,45096780.00
2011/01/25,12.75,12.76,11.74,12.56,1523858,31599322.00
2011/01/26,12.58,12.79,12.37,12.66,582896,12364774.00
2011/01/27,12.58,13.33,12.54,12.98,1309895,28643836.00
2011/01/28,13.13,13.16,12.89,13.03,516644,11343442.00
2011/01/31,13.03,13.70,12.97,13.57,1620063,36313964.00
2011/02/01,13.39,13.84,13.39,13.82,2892930,66678960.00
2011/02/09,13.70,14.39,13.46,14.33,2599677,61117524.00
2011/02/10,14.23,14.51,14.03,14.39,1702733,40812948.00
2011/02/11,14.33,14.44,13.98,14.23,1739713,41463224.00
2011/02/14,14.12,14.26,13.70,13.88,2865556,67244344.00
2011/02/15,13.89,15.00,13.83,14.75,5811083,140424736.00
2011/02/16,14.75,15.98,14.64,15.54,8178079,209493904.00
2011/02/17,15.42,15.62,14.95,15.61,5154772,132340416.00
2011/02/18,15.55,15.89,15.19,15.73,3097679,80038856.00
2011/02/21,15.45,16.67,15.36,16.44,4867411,130235656.00
2011/02/22,16.20,16.63,15.58,15.73,2980687,80266752.00
2011/02/23,15.76,16.35,15.29,15.69,2841580,74264904.00
2011/02/24,15.45,15.86,15.21,15.75,2193110,56684108.00
2011/02/25,15.59,15.72,15.30,15.46,1074111,27747504.00
2011/02/28,15.51,16.33,15.34,16.09,2043426,54244112.00
2011/03/01,16.08,16.31,15.57,15.70,1440499,38212640.00
2011/03/02,15.70,15.86,14.94,15.45,2425898,61696404.00
2011/03/03,15.27,15.63,14.54,14.68,2329725,58523380.00
2011/03/04,14.64,15.18,14.64,15.14,1593126,39683320.00
2011/03/07,15.19,15.30,14.81,15.14,1938305,48753212.00
2011/03/08,15.14,15.33,14.64,15.03,1666192,41534624.00
2011/03/09,15.04,15.26,14.83,15.21,1487513,37543828.00
2011/03/10,15.31,15.89,15.23,15.77,3612536,94503776.00
2011/03/11,15.79,15.92,15.53,15.68,3234078,85011880.00
2011/03/14,15.67,15.79,14.97,15.14,1910358,48694264.00
2011/03/15,15.25,15.25,14.49,14.91,1582723,39204048.00
2011/03/17,15.05,15.05,14.58,14.59,1073607,26553510.00
2011/03/18,14.76,15.09,14.42,14.76,1508890,37147504.00
2011/03/21,14.76,14.97,14.64,14.83,1121448,27865312.00
2011/03/22,14.84,15.15,14.51,15.13,1358744,33972044.00
2011/03/23,15.07,15.58,15.06,15.51,2057360,52803804.00
2011/03/24,15.34,15.70,15.34,15.55,2074841,53796908.00
2011/03/25,15.43,15.58,15.17,15.24,2769763,71064352.00
2011/03/28,15.22,15.44,14.72,14.90,2398340,59804100.00
2011/03/29,14.92,14.92,14.39,14.39,2636033,64262668.00
2011/03/30,14.39,14.83,13.95,14.50,2588848,62245032.00
2011/03/31,14.51,14.63,14.37,14.50,667340,16174302.00
2011/04/01,14.50,14.83,14.46,14.74,560665,13815296.00
2011/04/06,14.63,14.64,13.98,14.33,1207638,28974626.00
2011/04/07,14.33,14.56,13.84,14.55,3038299,71624296.00
2011/04/08,14.51,14.98,14.24,14.87,3320122,81510088.00
2011/04/11,14.78,14.89,14.53,14.71,883148,21730062.00
2011/04/12,14.73,15.30,14.59,14.98,1521661,38223096.00
2011/04/13,14.96,15.20,14.94,15.17,1505484,38040056.00
2011/04/14,15.17,15.38,15.01,15.05,1127162,28644278.00
2011/04/15,15.02,15.59,14.96,15.54,3167502,81720120.00
2011/04/18,15.48,15.81,15.27,15.44,1602222,41479060.00
2011/04/19,15.39,15.39,14.64,14.81,1371362,34308116.00
2011/04/20,14.83,15.33,14.71,15.29,1303796,32853888.00
2011/04/21,15.36,15.56,15.11,15.46,1170702,29736718.00
2011/04/22,15.49,15.54,15.14,15.28,1264658,32001076.00
2011/04/25,15.15,15.16,14.64,14.83,1382006,34238120.00
2011/04/26,14.71,14.93,14.51,14.59,837957,20372554.00
2011/04/27,14.74,14.75,14.00,14.02,1643271,38946700.00
2011/04/28,14.04,14.33,13.76,13.88,1653377,38295364.00
2011/04/29,14.08,14.14,13.56,13.99,1139289,26091674.00
2011/05/03,13.99,14.59,13.97,14.53,1115588,26470492.00
2011/05/04,14.45,14.64,14.04,14.48,1097668,26273142.00
2011/05/05,14.42,14.58,14.39,14.53,848316,20448034.00
2011/05/06,14.45,14.69,13.56,14.39,549103,13249920.00
2011/05/09,14.39,14.62,14.27,14.53,300906,7222278.50
2011/05/10,14.61,14.61,14.36,14.53,328554,7922558.50
2011/05/11,14.34,14.59,14.32,14.32,660730,15864666.00
2011/05/12,14.14,14.53,14.09,14.12,750269,17874974.00
2011/05/13,14.20,14.33,13.64,14.27,1445370,33375902.00
2011/05/16,14.11,14.74,14.11,14.37,1453260,34857200.00
2011/05/17,14.39,14.79,14.39,14.76,1344377,32748930.00
2011/05/18,14.77,15.45,14.77,15.41,3276062,82483760.00
2011/05/19,15.31,15.31,14.79,14.88,1900124,47561008.00
2011/05/20,14.87,15.07,14.76,14.88,1262142,31221124.00
2011/05/23,14.92,14.92,14.25,14.25,930535,22503638.00
2011/05/24,14.04,14.06,13.69,13.77,1203751,27676086.00
2011/05/25,13.70,13.96,13.70,13.77,323360,7418269.00
2011/05/26,13.82,14.33,13.82,13.99,653352,15271436.00
2011/05/27,13.86,14.12,13.19,13.20,1564417,35079824.00
2011/05/30,13.25,13.54,13.13,13.45,772612,17167882.00
2011/05/31,13.43,13.70,13.42,13.61,464267,10509070.00
2011/06/01,13.58,14.10,13.58,13.99,461927,10721064.00
2011/06/02,13.97,14.25,13.44,14.25,911159,20883338.00
2011/06/03,14.13,14.42,14.00,14.33,892233,21082266.00
2011/06/07,14.26,14.53,14.01,14.17,1069355,25442286.00
2011/06/08,14.13,14.23,14.02,14.16,528862,12417074.00
2011/06/09,14.01,14.20,13.86,13.86,644170,15017253.00
2011/06/10,13.89,14.01,13.70,13.84,275506,6327914.00
2011/06/13,13.73,14.26,13.51,14.23,572594,13355077.00
2011/06/14,14.28,14.29,14.08,14.13,545216,12846847.00
2011/06/15,14.14,14.26,13.94,13.94,420093,9863704.00
2011/06/16,13.86,13.88,13.63,13.74,360195,8254719.00
2011/06/17,13.70,13.91,13.63,13.64,301200,6890183.50
2011/06/21,13.76,13.83,13.54,13.69,240773,5468215.50
2011/06/22,13.69,14.06,13.58,13.89,315522,7258374.50
2011/06/23,13.75,14.14,13.53,14.14,496324,11415602.00
2011/06/24,14.19,14.58,13.98,14.48,1140967,27281126.00
2011/06/27,14.50,14.88,14.33,14.61,938689,22832724.00
2011/06/28,14.39,14.46,14.33,14.39,405400,9712044.00
2011/06/29,14.54,14.57,14.23,14.23,355699,8481676.00
2011/06/30,14.42,14.69,14.18,14.69,3098006,75110064.00
2011/07/01,14.80,14.97,14.69,14.71,1103905,26991926.00
2011/07/04,14.59,15.04,14.59,14.76,942750,23210570.00
2011/07/05,14.79,15.01,14.69,14.93,1094383,27079918.00
2011/07/06,14.93,14.98,14.69,14.98,787222,19443304.00
2011/07/07,14.98,15.28,14.95,15.01,1851412,46494616.00
2011/07/08,14.95,15.08,14.81,14.91,407614,10112459.00
2011/07/11,14.79,15.01,14.76,14.86,626762,15497188.00
2011/07/12,14.79,15.18,14.76,15.01,1326071,32945288.00
2011/07/13,15.04,15.21,14.84,15.11,1591363,39645800.00
2011/07/14,15.17,15.33,14.98,15.26,1179681,29703004.00
2011/07/15,15.26,15.63,15.26,15.45,1659275,42438940.00
2011/07/18,15.59,16.03,15.37,15.39,1050472,27193596.00
2011/07/19,15.25,15.36,14.61,14.70,2022191,49979236.00
2011/07/20,14.70,14.91,14.49,14.70,731641,17876872.00
2011/07/21,14.64,14.70,14.29,14.37,1538705,36951860.00
2011/07/22,14.49,14.78,14.39,14.70,859065,20819172.00
2011/07/25,14.64,14.86,14.34,14.38,1248868,30172484.00
2011/07/26,14.17,14.61,14.17,14.49,535083,12846411.00
2011/07/27,14.64,14.88,14.29,14.82,1467598,35521660.00
2011/07/28,14.46,14.76,14.46,14.65,593250,14411250.00
2011/07/29,14.48,14.71,14.39,14.47,472778,11376867.00
2011/08/01,14.34,14.51,14.20,14.24,672510,16043552.00
2011/08/02,14.24,14.32,13.69,14.02,1883302,43462696.00
2011/08/03,13.56,14.30,13.56,14.09,951640,22293154.00
2011/08/04,14.14,14.29,14.06,14.09,286286,6731747.50
2011/08/05,13.78,14.07,13.70,13.88,602819,13902022.00
2011/08/08,13.88,13.99,13.36,13.61,889542,20177588.00
2011/08/09,13.24,14.13,13.24,14.11,1258644,28764076.00
2011/08/10,14.19,14.38,14.08,14.31,709943,16816476.00
2011/08/11,14.26,14.51,13.84,14.44,653368,15554342.00
2011/08/12,14.26,14.67,14.26,14.29,552591,13248313.00
2011/08/15,14.36,14.81,14.33,14.66,836601,20289172.00
2011/08/16,14.99,15.07,14.46,14.59,606856,14784639.00
2011/08/17,14.47,14.73,14.14,14.20,1114037,26763968.00
2011/08/18,14.31,14.45,14.15,14.19,355826,8454781.00
2011/08/19,14.08,14.14,13.70,13.79,643683,14851805.00
2011/08/22,13.83,14.01,13.53,13.64,808041,18484314.00
2011/08/23,13.76,14.22,13.56,14.19,715852,16493555.00
2011/08/24,14.19,14.29,13.96,13.96,406294,9562881.00
2011/08/25,14.04,14.76,13.97,14.53,850149,20175778.00
2011/08/26,14.53,14.53,14.20,14.31,910611,21640032.00
2011/08/29,14.21,14.58,14.08,14.22,488463,11575055.00
2011/08/30,14.33,14.39,13.84,13.86,538132,12606042.00
2011/08/31,13.87,14.01,13.77,13.84,460536,10598018.00
2011/09/01,13.89,13.96,13.78,13.90,386681,8903948.00
2011/09/02,13.90,13.90,13.71,13.73,380947,8729202.00
2011/09/05,13.71,13.71,13.53,13.59,682354,15438108.00
2011/09/06,13.57,13.81,13.44,13.72,741682,16764072.00
2011/09/07,13.59,13.91,13.53,13.89,705271,16105319.00
2011/09/08,13.93,13.98,13.73,13.73,212720,4908123.00
2011/09/09,13.73,13.97,13.46,13.49,439158,9961355.00
2011/09/13,13.33,13.49,13.23,13.24,536181,11907193.00
2011/09/14,13.28,13.49,13.20,13.31,499366,11077253.00
2011/09/15,13.33,13.55,13.33,13.49,386098,8658701.00
2011/09/16,13.53,13.69,13.43,13.63,277044,6275211.00
2011/09/19,13.63,13.63,13.31,13.41,196042,4368745.00
2011/09/20,13.30,13.44,13.25,13.34,599000,13310607.00
2011/09/21,13.39,13.83,13.26,13.66,784485,17798704.00
2011/09/22,13.63,13.73,13.41,13.43,310867,7034279.00
2011/09/23,13.20,13.44,13.11,13.20,447702,9845656.00
2011/09/26,13.20,13.33,12.89,13.08,417357,9090532.00
2011/09/27,13.08,13.13,12.95,12.98,419933,9138610.00
2011/09/28,13.33,13.33,12.84,13.01,983598,21288516.00
2011/09/29,12.98,13.08,12.73,12.82,1105229,23721890.00
2011/09/30,12.83,12.91,12.09,12.75,1678238,35440636.00
2011/10/10,12.75,12.75,12.39,12.56,364986,7614307.00
2011/10/11,12.94,12.94,11.89,12.13,1201359,24562990.00
2011/10/12,12.14,13.09,11.95,13.04,2899446,61773864.00
2011/10/13,13.48,13.88,13.13,13.43,4715780,106027080.00
2011/10/14,13.20,13.89,13.18,13.76,1696536,38079572.00
2011/10/17,13.65,14.08,13.54,14.01,1393638,31863852.00
2011/10/18,13.78,14.02,13.63,13.70,808895,18656604.00
2011/10/19,13.83,14.06,13.51,13.66,631770,14500664.00
2011/10/20,13.61,13.63,13.06,13.51,565715,12563491.00
2011/10/21,13.33,13.47,13.13,13.41,345842,7653168.00
2011/10/24,13.21,13.86,13.11,13.80,642597,14505456.00
2011/10/25,13.80,14.08,13.58,14.01,995196,23066788.00
2011/10/26,13.84,14.31,13.84,14.14,1543793,36350448.00
2011/10/27,14.01,14.18,13.52,13.71,1956262,44776656.00
2011/10/31,13.84,14.42,13.84,14.00,1837453,43147344.00
2011/11/01,13.81,14.23,13.72,14.08,1688907,39509092.00
2011/11/03,14.17,14.59,13.83,14.26,3024390,71074024.00
2011/11/04,14.25,14.31,13.98,14.17,1278554,30031438.00
2011/11/07,14.14,14.20,13.71,13.82,1283496,29816206.00
2011/11/08,13.70,13.93,13.41,13.48,1648205,37401336.00
2011/11/09,13.48,13.76,13.45,13.76,1247861,28207474.00
2011/11/10,13.58,13.94,13.58,13.67,671704,15379512.00
2011/11/11,13.58,13.89,13.54,13.76,1041144,23696064.00
2011/11/14,13.83,14.39,13.83,14.33,1589135,37430060.00
2011/11/17,13.98,14.19,13.52,13.78,2676597,61660912.00
2011/11/18,13.58,13.79,13.51,13.54,1278108,29032966.00
2011/11/21,13.51,13.94,13.51,13.76,435065,9898085.00
2011/11/22,13.39,13.70,12.99,13.23,2330688,51336676.00
2011/11/23,13.03,13.38,13.03,13.13,252268,5530428.00
2011/11/24,13.20,13.41,13.01,13.36,307488,6799264.00
2011/11/25,13.23,13.39,13.19,13.26,994354,21923772.00
2011/11/28,13.43,13.49,13.20,13.26,255576,5660445.00
2011/11/29,13.32,13.45,13.19,13.30,1076333,23750808.00
2011/11/30,13.44,13.44,12.81,12.89,1163200,25189678.00
2011/12/01,13.51,13.58,13.24,13.33,708015,15781881.00
2011/12/02,13.26,13.32,13.15,13.23,240993,5317314.00
2011/12/05,13.23,13.28,13.07,13.13,454185,9990015.00
2011/12/06,13.06,13.29,12.95,13.21,1289628,28225538.00
2011/12/07,13.26,13.36,13.08,13.21,243297,5352695.00
2011/12/08,13.09,13.31,12.95,13.20,251319,5498578.00
2011/12/09,13.08,13.26,12.86,13.20,306298,6678260.50
2011/12/12,13.19,13.25,13.01,13.18,187650,4105082.50
2011/12/13,13.01,13.14,12.77,12.78,222209,4769848.00
2011/12/14,12.78,12.93,11.58,12.26,593545,12256956.00
2011/12/15,12.26,12.26,10.98,10.98,1411337,27006112.00
2011/12/16,10.95,11.64,10.70,11.58,1188436,22544996.00
2011/12/19,11.46,11.76,11.34,11.75,221441,4275079.00
2011/12/20,11.56,11.81,11.56,11.74,185171,3638002.50
2011/12/21,11.77,11.84,11.40,11.40,153400,2990251.00
2011/12/22,11.28,11.58,10.71,11.32,702978,13182638.00
2011/12/23,11.32,11.44,11.19,11.28,226580,4306109.00
2011/12/26,10.96,11.44,10.96,11.28,178645,3389356.75
2011/12/27,11.28,11.49,11.08,11.11,227760,4316862.00
2011/12/28,11.01,11.19,10.97,11.04,250788,4679647.00
2011/12/29,11.13,11.13,10.77,10.89,530929,9726792.00
2011/12/30,11.13,11.44,10.92,11.42,817353,15521064.00
2012/01/04,11.46,11.52,11.11,11.11,203500,3858037.00
2012/01/05,11.12,11.12,10.58,10.88,940235,17002252.00
2012/01/06,10.75,10.89,10.39,10.73,447584,8030743.00
2012/01/09,10.77,11.06,10.77,11.01,700039,12783262.00
2012/01/10,10.90,11.45,10.90,11.39,1255112,23559444.00
2012/01/11,11.39,11.48,11.20,11.33,786891,14922970.00
2012/01/12,11.20,11.44,10.99,11.04,834826,15753959.00
2012/01/13,10.90,11.13,10.27,10.36,1759803,31196616.00
2012/01/16,10.20,10.32,9.75,9.79,897611,15235002.00
2012/01/17,9.83,10.36,9.61,10.21,950790,16193985.00
2012/01/18,10.22,10.44,9.69,9.71,954244,16090033.00
2012/01/19,9.79,9.93,9.64,9.88,1768904,29345392.00
2012/01/20,9.88,10.20,9.84,10.08,1311219,22315726.00
2012/01/30,10.14,10.14,9.94,9.98,1069336,18110412.00
2012/01/31,10.00,10.17,9.81,10.11,606078,10223730.00
2012/02/01,10.03,10.26,9.93,10.08,892843,15246099.00
2012/02/02,10.08,10.39,10.08,10.39,838860,14483449.00
2012/02/03,10.43,10.63,10.29,10.62,1550374,27319228.00
2012/02/06,10.61,10.79,10.51,10.63,1038137,18646496.00
2012/02/07,10.58,10.64,10.20,10.34,749901,13087205.00
2012/02/08,10.33,10.79,10.33,10.74,936650,16722712.00
2012/02/09,10.75,11.07,10.66,10.70,950174,17393028.00
2012/02/10,10.88,10.88,10.69,10.83,627416,11380822.00
2012/02/13,10.76,11.01,10.63,10.89,815283,14882515.00
2012/02/14,11.00,11.18,10.95,11.02,653597,12113838.00
2012/02/15,11.06,11.23,10.93,11.23,998225,18629954.00
2012/02/16,11.23,11.31,10.88,11.04,1026469,19068346.00
2012/02/17,11.04,11.17,10.96,11.10,1461972,27192614.00
2012/02/20,11.25,11.44,11.14,11.21,1868373,35490036.00
2012/02/21,11.21,11.51,11.13,11.45,1507237,28662078.00
2012/02/22,11.44,11.55,11.33,11.53,1651398,31683214.00
2012/02/23,11.53,11.55,11.29,11.36,1811862,34690368.00
2012/02/24,11.45,11.49,11.26,11.48,1197544,22806464.00
2012/02/27,11.49,11.74,11.33,11.45,3171021,61080780.00
2012/02/29,11.55,11.69,11.35,11.38,1909841,36747952.00
2012/03/01,11.38,12.44,11.38,12.19,5814807,116646880.00
2012/03/02,12.09,12.68,12.07,12.59,4335059,89938976.00
2012/03/05,12.73,13.25,12.70,12.86,5541353,120214552.00
2012/03/06,12.89,13.08,12.58,12.83,3396275,72818152.00
2012/03/07,12.71,12.94,12.64,12.64,3169415,67900312.00
2012/03/08,12.67,12.92,12.49,12.49,3845310,81763144.00
2012/03/09,12.53,13.31,12.51,13.28,5135419,110353008.00
2012/03/12,13.28,14.08,13.20,13.82,3531695,80664384.00
2012/03/13,13.82,13.82,13.49,13.64,2074033,46908532.00
2012/03/14,13.61,13.78,12.96,13.14,2163944,48366492.00
2012/03/15,13.28,13.33,12.76,13.14,2346842,50933416.00
2012/03/16,13.13,13.67,13.08,13.59,2469466,55373460.00
2012/03/19,13.63,14.18,13.53,13.84,1939262,44984432.00
2012/03/20,14.06,14.07,13.43,13.63,1106242,25004700.00
2012/03/21,13.61,13.69,13.00,13.42,1362045,30141392.00
2012/03/22,13.39,13.43,13.06,13.08,917738,20193144.00
2012/03/23,13.01,13.08,12.61,12.78,1149815,24681180.00
2012/03/26,12.66,12.98,12.46,12.57,1355414,28480502.00
2012/03/27,12.83,13.29,12.71,12.81,2665601,57572140.00
2012/03/28,12.76,12.76,12.08,12.44,2397089,49249264.00
2012/03/29,12.01,12.58,12.01,12.44,1244078,25713910.00
2012/03/30,12.31,12.99,12.31,12.92,2421320,51614640.00
2012/04/05,13.18,13.69,12.76,13.33,3229981,71510672.00
2012/04/06,13.24,13.50,13.14,13.20,1643716,36509772.00
2012/04/09,13.21,13.51,13.08,13.29,1116429,24712948.00
2012/04/10,13.20,13.44,13.14,13.39,2156225,47939632.00
2012/04/11,13.33,13.50,13.13,13.39,1067002,23721822.00
2012/04/12,13.39,13.66,13.29,13.57,2042645,46122332.00
2012/04/13,13.51,13.70,13.46,13.56,644431,14573706.00
2012/04/16,13.58,13.58,13.21,13.34,407977,9065647.00
2012/04/17,13.36,13.48,13.18,13.43,694745,15350032.00
2012/04/18,13.29,13.70,13.28,13.69,799067,18041198.00
2012/04/19,13.51,13.64,13.19,13.49,2667187,59285836.00
2012/04/20,13.51,13.54,13.27,13.35,1349506,30151688.00
2012/04/24,11.96,13.20,11.96,12.80,1383288,29509054.00
2012/04/25,12.73,13.02,12.58,12.96,852442,18281054.00
2012/04/26,12.89,12.98,12.78,12.89,381707,8205589.50
2012/04/27,12.71,12.91,12.71,12.72,570900,12194695.00
2012/05/02,13.01,13.08,12.65,12.71,1406835,29950246.00
2012/05/03,12.69,12.81,12.52,12.58,846566,17872808.00
2012/05/04,12.51,12.99,12.51,12.94,797899,17064974.00
2012/05/07,12.94,13.13,12.80,13.13,755259,16428695.00
2012/05/08,13.19,13.38,13.08,13.11,440236,9677274.00
2012/05/09,13.08,13.20,12.86,13.13,433471,9400599.00
2012/05/10,13.26,13.89,13.15,13.79,1088593,24494978.00
2012/05/11,13.81,13.95,13.51,13.68,606720,13782030.00
2012/05/14,13.70,13.73,13.25,13.29,542613,12179692.00
2012/05/15,13.20,13.29,12.99,13.26,702318,15355112.00
2012/05/16,13.25,13.25,12.76,12.80,1227282,26466570.00
2012/05/17,12.80,13.06,12.70,12.98,544037,11658799.00
2012/05/18,12.92,13.20,12.45,12.56,941382,20118712.00
2012/05/21,12.56,13.01,12.52,12.91,723450,15444195.00
2012/05/22,13.01,13.31,12.79,13.17,892334,19263972.00
2012/05/23,13.31,13.31,12.89,12.96,540817,11706119.00
2012/05/24,13.11,13.72,13.11,13.31,1086440,23880604.00
2012/05/25,13.39,13.84,13.24,13.66,1385690,31094390.00
2012/05/28,13.53,13.91,13.53,13.84,928955,21076570.00
2012/05/29,13.91,14.45,13.76,14.26,2612748,60288000.00
2012/05/30,14.26,14.33,13.98,14.18,1506081,35178044.00
2012/05/31,14.08,14.17,13.92,14.06,598281,13815038.00
2012/06/01,13.98,14.38,13.76,13.81,1127210,25940736.00
2012/06/04,13.63,13.78,13.45,13.53,934708,20992422.00
2012/06/05,13.53,13.65,13.41,13.58,628811,14073884.00
2012/06/06,13.69,13.70,13.31,13.41,1389448,30699296.00
2012/06/07,13.61,13.63,13.17,13.26,691683,15159533.00
2012/06/08,13.27,13.49,13.08,13.09,1540784,33826468.00
2012/06/11,13.33,13.33,13.09,13.33,1412956,30945006.00
2012/06/12,13.33,13.48,13.23,13.39,1983462,43865080.00
2012/06/13,13.39,13.73,13.38,13.61,3052246,68260192.00
2012/06/14,13.61,14.23,13.58,13.99,4062056,93365256.00
2012/06/15,14.04,14.14,13.69,14.07,2064350,47509236.00
2012/06/18,14.09,14.26,13.89,14.06,624626,14427530.00
2012/06/19,14.19,14.19,13.81,13.81,380882,8744110.00
2012/06/20,13.81,14.01,13.77,13.85,415534,9528506.00
2012/06/21,13.86,13.86,13.44,13.71,652103,14757005.00
2012/06/25,13.43,13.71,13.09,13.19,558324,12342030.00
2012/06/26,13.09,13.57,12.89,13.24,573425,12414509.00
2012/06/27,13.36,13.55,13.04,13.32,856989,18917022.00
2012/06/28,13.44,13.46,13.23,13.32,443181,9768766.00
2012/06/29,12.76,13.70,12.76,13.70,560474,12307416.00
2012/07/02,13.76,13.76,13.44,13.61,446477,10017132.00
2012/07/03,13.61,14.03,13.61,13.89,1209637,27720594.00
2012/07/04,13.83,13.94,13.51,13.64,657239,14897147.00
2012/07/05,13.61,13.64,13.43,13.56,483666,10779493.00
2012/07/06,13.39,13.76,13.01,13.64,778905,17364300.00
2012/07/09,13.60,14.11,13.52,13.64,1122633,25625492.00
2012/07/10,13.74,13.74,13.36,13.36,543656,12136055.00
2012/07/11,13.14,13.48,13.08,13.21,739972,16217954.00
2012/07/12,13.33,13.74,13.32,13.69,810380,18222860.00
2012/07/13,13.59,13.83,13.58,13.81,432013,9767242.00
2012/07/16,13.81,14.00,13.61,13.65,1926619,44065420.00
2012/07/17,13.64,13.99,13.45,13.97,1070491,24317816.00
2012/07/18,13.95,14.45,13.64,13.83,1916903,44432456.00
2012/07/19,13.71,14.32,13.56,14.24,2120466,48766212.00
2012/07/20,14.14,15.24,14.14,14.89,6583040,160878448.00
2012/07/23,14.89,15.43,14.72,15.20,3690694,91811976.00
2012/07/24,15.13,15.13,14.64,14.87,2234183,54585296.00
2012/07/25,14.79,15.34,14.72,15.26,2053140,51011384.00
2012/07/26,15.20,15.64,14.95,15.00,1580228,39754656.00
2012/07/27,14.96,15.14,14.53,14.62,2455577,59444504.00
2012/07/30,14.73,14.93,14.04,14.25,2221255,52383800.00
2012/07/31,14.25,14.41,13.88,14.24,2718582,63045600.00
2012/08/01,14.26,14.86,14.04,14.41,2071785,49554360.00
2012/08/02,14.41,14.78,14.30,14.56,1323858,31844494.00
2012/08/03,14.82,15.07,14.43,15.01,1899638,46284784.00
2012/08/06,14.83,15.46,14.83,15.39,1707204,42759800.00
2012/08/07,15.26,15.81,15.26,15.66,1976015,50661472.00
2012/08/08,15.58,15.64,15.27,15.38,928296,23616366.00
2012/08/09,15.36,15.83,15.29,15.78,1441026,36878604.00
2012/08/10,15.83,16.00,15.64,15.80,799646,20782290.00
2012/08/13,15.64,15.64,15.27,15.45,1361350,34517772.00
2012/08/14,15.31,15.58,14.98,15.54,1444398,36135492.00
2012/08/15,15.39,15.59,15.21,15.43,605573,15362210.00
2012/08/16,15.43,15.49,15.26,15.26,537553,13557410.00
2012/08/17,15.26,15.38,14.83,15.03,1412635,34772680.00
2012/08/20,15.03,15.03,14.51,14.75,954732,23076668.00
2012/08/21,14.76,15.51,14.76,15.49,1364109,34115204.00
2012/08/22,15.58,15.58,14.27,14.33,6889301,166779968.00
2012/08/23,14.24,14.58,13.95,14.42,2240775,53056524.00
2012/08/24,14.39,14.65,14.28,14.46,894611,21319568.00
2012/08/27,14.33,14.54,14.03,14.33,1822543,43184792.00
2012/08/28,14.29,14.60,14.23,14.39,1567865,37216876.00
2012/08/29,14.33,14.50,14.21,14.29,1381082,32744236.00
2012/08/30,14.20,14.31,13.83,14.04,814623,18854698.00
2012/08/31,14.39,14.39,13.71,14.01,504642,11634573.00
2012/09/03,13.91,14.13,13.81,14.01,1537389,35378716.00
2012/09/04,13.86,14.16,13.86,13.96,554086,12827011.00
2012/09/05,13.95,14.58,13.89,14.48,856032,20051136.00
2012/09/06,14.48,14.94,14.48,14.75,1129957,27499148.00
2012/09/07,14.81,15.45,14.76,15.28,2019108,50451472.00
2012/09/10,15.28,15.60,15.13,15.36,1290790,32589714.00
2012/09/11,15.14,15.34,14.90,15.05,1186547,29479342.00
2012/09/12,15.06,15.54,15.06,15.51,1191744,30047216.00
2012/09/13,15.72,15.78,15.09,15.11,621164,15580655.00
2012/09/14,15.26,15.26,15.02,15.11,340320,8470187.00
2012/09/17,15.10,15.10,14.69,14.74,675268,16528913.00
2012/09/18,14.86,14.92,14.58,14.76,340676,8302442.00
2012/09/19,14.94,14.95,14.64,14.70,374769,9108868.00
2012/09/20,14.66,14.88,14.28,14.39,493546,11847656.00
2012/09/21,14.29,14.59,14.29,14.49,109930,2625097.75
2012/09/24,14.38,14.84,14.38,14.76,529339,12797931.00
2012/09/25,14.81,14.87,14.61,14.69,209069,5080912.50
2012/09/26,14.69,14.79,14.39,14.54,226024,5419169.00
2012/09/27,14.57,15.01,14.54,15.01,396451,9702864.00
2012/09/28,15.09,15.33,14.91,15.30,688402,17070556.00
2012/10/08,15.13,15.44,15.13,15.29,278614,6976210.50
2012/10/09,15.11,15.59,15.11,15.54,850280,21644132.00
2012/10/10,15.69,15.69,15.39,15.44,312099,7928119.50
2012/10/11,15.38,15.39,15.02,15.03,317670,7916416.50
2012/10/12,15.20,15.20,13.83,14.06,3625537,85544552.00
2012/10/15,14.01,14.09,13.29,13.59,2964316,66290400.00
2012/10/16,13.59,13.82,13.45,13.70,1407219,31704702.00
2012/10/17,13.71,13.82,13.51,13.56,1270051,28552004.00
2012/10/18,13.67,13.76,13.59,13.73,1828218,41233812.00
2012/10/19,13.77,14.20,13.73,14.04,2178611,50262996.00
2012/10/22,13.95,14.29,13.84,14.10,1924122,44826176.00
2012/10/23,14.11,14.17,13.76,13.88,1179727,27147098.00
2012/10/24,13.66,13.94,13.66,13.78,799272,18177354.00
2012/10/25,13.76,13.84,13.60,13.63,542125,12247030.00
2012/10/26,13.70,13.70,12.96,13.08,987415,21446434.00
2012/10/29,13.01,13.08,12.89,13.01,384902,8238129.00
2012/10/30,13.19,13.20,12.95,13.09,305848,6604811.50
2012/10/31,13.09,13.09,12.89,12.96,699930,15058842.00
2012/11/01,12.95,13.23,12.95,13.08,916389,19867632.00
2012/11/02,13.09,13.21,12.90,13.00,863573,18528946.00
2012/11/05,12.98,13.04,12.84,12.90,385597,8225562.00
2012/11/06,12.90,12.98,12.83,12.83,563304,11983627.00
2012/11/07,12.94,13.22,12.71,13.20,988433,21268694.00
2012/11/08,13.19,13.29,13.08,13.15,803287,17473748.00
2012/11/09,13.19,13.19,13.03,13.08,623853,13498716.00
2012/11/12,13.16,13.16,12.83,13.01,556884,11932323.00
2012/11/13,13.01,13.01,12.08,12.43,907437,18823162.00
2012/11/14,12.53,12.53,11.89,12.08,1134460,22564884.00
2012/11/15,12.06,12.13,11.90,12.11,411734,8216843.00
2012/11/16,12.08,12.08,11.96,12.03,189391,3764780.75
2012/11/19,12.11,12.28,12.03,12.28,829991,16703928.00
2012/11/20,12.39,12.44,12.18,12.39,274700,5618019.50
2012/11/21,12.39,12.45,12.21,12.42,271836,5549944.50
2012/11/22,13.64,13.64,12.70,13.06,7732754,166506144.00
2012/11/23,12.97,12.98,12.58,12.70,2836355,59723344.00
2012/11/26,12.67,12.79,12.43,12.54,713590,14816338.00
2012/11/27,12.42,12.45,11.93,11.96,1855014,37090728.00
2012/11/28,11.92,11.94,11.56,11.78,897027,17415366.00
2012/11/29,11.76,11.91,11.71,11.71,686336,13362623.00
2012/11/30,11.76,12.25,11.76,12.17,796052,15880101.00
2012/12/03,12.08,12.33,11.95,12.14,532572,10704933.00
2012/12/04,12.08,12.28,12.02,12.24,381896,7667623.50
2012/12/05,12.11,13.06,12.09,12.79,1366234,28710142.00
2012/12/06,12.73,12.94,12.45,12.79,783591,16579068.00
2012/12/07,12.79,13.13,12.70,13.01,846512,18085460.00
2012/12/10,13.01,13.51,12.73,13.16,2199659,47428764.00
2012/12/11,13.15,13.15,12.89,12.98,935318,20083956.00
2012/12/12,13.10,13.10,12.69,12.84,718117,15275707.00
2012/12/13,12.70,12.89,12.68,12.76,253093,5344191.00
2012/12/14,12.64,13.18,12.58,13.14,3386502,72541496.00
2012/12/17,13.14,13.66,13.05,13.54,2985642,66334496.00
2012/12/18,13.52,13.52,13.27,13.31,946033,20913618.00
2012/12/19,13.27,13.57,13.17,13.51,787722,17478652.00
2012/12/20,13.36,13.50,13.13,13.33,908853,19986278.00
2012/12/21,13.21,13.45,13.20,13.29,454064,9971033.00
2012/12/24,13.26,13.63,12.93,13.62,772480,17185356.00
2012/12/25,13.61,14.26,13.51,14.01,2641806,61159524.00
2012/12/26,14.01,14.45,13.83,14.39,1374707,32190800.00
2012/12/27,14.39,14.50,14.14,14.29,1863998,43919396.00
2012/12/28,14.29,14.53,14.02,14.51,2654241,62473564.00
2012/12/31,14.45,15.20,14.31,14.92,2798862,68057888.00
2013/01/04,14.98,14.98,14.18,14.30,2545488,60255424.00
2013/01/07,14.30,14.30,14.04,14.16,1825942,42499268.00
2013/01/08,14.08,14.33,14.02,14.29,742999,17379382.00
2013/01/09,14.29,14.59,14.21,14.36,915343,21640544.00
2013/01/10,14.33,14.33,13.78,13.89,2198762,50811972.00
2013/01/11,13.95,14.03,13.42,13.53,1794144,40627628.00
2013/01/14,13.43,14.20,13.43,14.17,1474386,33644432.00
2013/01/15,14.17,14.31,13.97,14.20,2133530,49693104.00
2013/01/16,14.17,14.20,13.67,13.88,1270388,29129016.00
2013/01/17,13.82,14.04,13.70,13.79,1174381,26872476.00
2013/01/18,13.77,14.19,13.74,14.11,2224892,51081968.00
2013/01/21,14.14,14.63,14.11,14.46,1900753,45165456.00
2013/01/22,14.47,14.55,13.76,14.24,1513008,35554612.00
2013/01/23,14.09,14.20,13.83,14.00,1941978,44679304.00
2013/01/24,14.01,14.18,13.26,13.48,2576826,58573000.00
2013/01/25,13.44,13.48,13.08,13.08,2376078,51806416.00
2013/01/28,13.19,13.33,13.08,13.33,2800338,61152632.00
2013/01/29,13.28,13.48,13.15,13.28,3022490,66186872.00
2013/01/30,13.29,13.31,12.88,12.97,2584194,55790888.00
2013/01/31,13.00,13.13,12.78,12.89,3903580,82811640.00
2013/02/01,12.86,13.39,12.84,13.28,4081876,88995024.00
2013/02/04,13.34,13.48,13.08,13.17,2578585,56314064.00
2013/02/05,12.95,13.47,12.94,13.39,1811328,39566400.00
2013/02/06,13.41,13.76,13.34,13.66,2935947,66096132.00
2013/02/07,13.71,14.00,13.65,13.96,2077760,47339952.00
2013/02/08,13.85,14.09,13.77,14.08,1894005,43630160.00
2013/02/18,14.13,14.13,13.80,13.83,1288166,29507614.00
2013/02/19,13.86,13.96,13.32,13.34,1677758,37615580.00
2013/02/20,13.34,13.68,13.26,13.58,1475105,32798972.00
2013/02/21,13.51,13.51,13.16,13.24,1269291,27859214.00
2013/02/22,13.09,13.28,13.09,13.24,975101,21231188.00
2013/02/25,13.29,13.96,13.19,13.95,3301099,74856648.00
2013/02/26,13.92,14.77,13.83,14.04,3917446,92440568.00
2013/02/27,14.14,14.36,13.97,14.03,1359230,31673978.00
2013/02/28,13.98,14.36,13.98,14.23,1660062,38924172.00
2013/03/01,14.20,14.68,14.20,14.48,1818246,43404400.00
2013/03/04,14.39,14.54,13.83,13.91,2208363,51646156.00
2013/03/05,14.04,14.55,13.95,14.54,2075392,49141244.00
2013/03/06,14.53,14.66,14.34,14.57,1716116,41071000.00
2013/03/07,14.76,14.87,14.45,14.67,2266743,54731396.00
2013/03/08,14.69,15.30,14.58,14.64,3697226,91526912.00
2013/03/11,14.64,14.64,14.34,14.45,1927623,45856724.00
2013/03/12,14.46,14.46,13.75,13.86,1304601,30181156.00
2013/03/13,13.84,14.19,13.68,14.14,895504,20550884.00
2013/03/14,14.01,14.33,13.81,13.89,1167946,26930248.00
2013/03/15,13.89,14.19,13.78,13.95,538651,12473550.00
2013/03/18,13.83,14.26,13.76,14.06,1113795,25822242.00
2013/03/19,14.06,14.30,13.89,14.30,618399,14388080.00
2013/03/20,14.33,14.54,14.27,14.52,1219371,28946466.00
2013/03/21,14.45,14.67,14.37,14.64,1062563,25451764.00
2013/03/22,14.54,14.73,14.50,14.69,1017167,24448670.00
2013/03/25,14.68,14.97,14.27,14.95,2145532,51755204.00
2013/03/26,14.81,14.88,14.43,14.88,1630969,39247836.00
2013/03/27,14.81,14.93,14.58,14.78,1295643,31486416.00
2013/03/28,14.82,14.83,14.18,14.39,3257006,76832656.00
2013/03/29,14.23,14.43,13.98,14.04,1579476,36868800.00
2013/04/01,14.01,14.12,13.38,13.60,3883962,86802752.00
2013/04/02,13.48,13.73,12.72,12.77,5304500,114361912.00
2013/04/03,12.76,12.94,12.54,12.66,2737307,57396928.00
2013/04/08,12.69,12.88,12.46,12.81,3261831,68353528.00
2013/04/09,12.88,13.07,12.83,12.94,2615983,56004964.00
2013/04/10,12.83,12.95,12.64,12.73,1376529,29073496.00
2013/04/11,12.79,12.85,12.63,12.70,1149419,24201348.00
2013/04/12,12.64,12.74,12.59,12.67,750423,15712748.00
2013/04/15,12.73,12.73,12.33,12.38,2589017,53194664.00
2013/04/16,12.28,12.33,12.01,12.33,2380114,48240544.00
2013/04/17,12.38,12.82,12.36,12.79,1731559,36100600.00
2013/04/18,12.69,13.14,12.58,13.14,2408857,51243448.00
2013/04/19,13.06,13.19,12.94,13.06,2907447,62847840.00
2013/04/22,13.02,13.06,12.89,12.95,1774627,38006592.00
2013/04/23,12.93,12.98,12.33,12.33,1724814,35706248.00
2013/04/24,12.38,12.63,12.33,12.51,1370964,28352416.00
2013/04/25,12.61,12.89,12.50,12.51,1922592,40351096.00
2013/04/26,12.52,12.63,12.20,12.23,791362,16219655.00
2013/05/02,12.38,12.41,12.00,12.11,866578,17423428.00
2013/05/03,12.10,12.38,12.03,12.32,1819192,36817908.00
2013/05/06,12.32,12.38,12.15,12.31,2550288,51777852.00
2013/05/07,12.32,12.37,12.19,12.31,2028512,41207460.00
2013/05/08,12.36,12.49,12.30,12.44,2868555,58840408.00
2013/05/09,12.39,12.39,12.01,12.14,2716137,54741084.00
2013/05/10,12.08,12.25,12.03,12.15,1771225,35518428.00
2013/05/13,12.20,12.55,12.20,12.49,2924807,60136368.00
2013/05/14,12.45,12.53,12.14,12.33,2424783,49439748.00
2013/05/15,12.33,12.37,12.21,12.34,1682795,34230116.00
2013/05/16,12.36,12.54,12.24,12.52,2631123,54125752.00
2013/05/17,12.53,13.13,12.45,13.08,4793816,102312952.00
2013/05/20,13.02,13.61,12.95,13.36,4694483,103602016.00
2013/05/21,13.33,13.46,13.20,13.44,2638371,58105556.00
2013/05/22,13.34,13.53,13.21,13.43,2884354,63698888.00
2013/05/23,13.36,13.41,13.19,13.25,2412026,52997672.00
2013/05/24,13.23,13.36,12.94,13.24,2516602,54359696.00
2013/05/27,13.20,13.35,13.14,13.35,1686465,36857696.00
2013/05/28,13.33,13.57,13.26,13.32,3151942,69573784.00
2013/05/29,13.20,13.39,13.20,13.33,1136291,24935166.00
2013/05/30,13.31,13.59,13.20,13.54,2577417,57294804.00
2013/05/31,13.54,13.78,13.33,13.62,2003042,44948556.00
2013/06/03,13.83,14.06,13.62,13.64,3000494,68333504.00
2013/06/04,13.47,13.64,12.96,13.04,2504645,54549552.00
2013/06/05,13.05,13.31,12.82,12.98,2234679,48031504.00
2013/06/06,13.01,13.13,12.81,12.84,1022823,21796046.00
2013/06/07,12.65,13.03,12.18,12.20,2608132,33351832.00
2013/06/13,12.08,12.08,11.52,11.90,2823708,34074148.00
2013/06/14,11.91,12.05,11.60,11.90,3525690,42526876.00
2013/06/17,11.89,11.90,11.55,11.65,2189119,26128146.00
2013/06/18,11.66,11.77,11.41,11.73,3475562,41384016.00
2013/06/19,11.69,11.69,11.29,11.49,2411513,28229076.00
2013/06/20,11.49,11.49,11.08,11.16,1347737,15570628.00
2013/06/21,10.84,11.27,10.59,11.16,2242095,25135588.00
2013/06/24,11.15,11.15,10.05,10.11,1893748,20385466.00
2013/06/25,10.00,10.00,9.50,9.61,6435719,64594132.00
2013/06/26,9.87,10.12,9.68,9.99,3543079,35927540.00
2013/06/27,10.00,10.16,9.42,9.47,3233303,32770122.00
2013/06/28,9.40,9.40,8.98,9.30,6783496,63970584.00
2013/07/01,9.14,9.48,9.10,9.47,2766239,26400582.00
2013/07/12,10.10,10.45,10.00,10.45,11693229,125469800.00
2013/07/15,10.42,11.03,10.00,10.70,11432432,123652272.00
2013/07/16,10.56,10.94,10.42,10.72,6006804,66041200.00
2013/07/17,10.72,11.48,10.61,11.08,7064927,80768184.00
2013/07/18,10.98,11.00,10.66,10.80,6145052,68191936.00
2013/07/19,10.61,10.70,10.05,10.25,7865453,84026256.00
2013/07/22,10.25,10.45,9.80,10.17,6645346,69287808.00
2013/07/23,10.31,10.56,10.11,10.50,7359652,78006576.00
2013/07/24,10.50,10.56,10.07,10.49,4906125,52089760.00
2013/07/25,10.47,10.93,10.23,10.65,6760514,73940960.00
2013/07/26,10.55,10.62,10.31,10.31,5050490,53965720.00
2013/07/29,10.21,10.22,9.25,9.29,7198838,72179256.00
2013/07/30,9.25,9.60,9.25,9.35,6061798,58856508.00
2013/07/31,9.33,9.60,9.33,9.57,2684335,26265696.00
2013/08/01,9.56,10.56,9.48,10.56,13568211,144858448.00
2013/08/02,10.60,11.59,10.54,10.63,9234523,104296736.00
2013/08/05,10.47,11.39,10.47,11.16,9366966,106500456.00
2013/08/06,11.15,11.37,10.94,11.25,6006593,68895816.00
2013/08/07,11.26,11.29,11.02,11.08,5309233,60689004.00
2013/08/08,11.00,11.34,10.95,11.22,3821745,43789108.00
2013/08/09,11.26,11.33,10.83,11.27,5020723,57503056.00
2013/08/12,11.37,11.58,11.22,11.44,5311581,62348700.00
2013/08/13,11.39,11.57,11.30,11.50,3530932,41444796.00
2013/08/14,11.43,11.67,11.20,11.29,4614972,53975340.00
2013/08/15,11.24,11.32,10.91,10.93,3121287,35421288.00
2013/08/16,10.85,11.25,10.75,10.85,2592133,29142732.00
2013/08/19,10.70,11.07,10.70,11.00,1993589,22300182.00
2013/08/20,11.00,11.08,10.79,10.86,2915719,32564744.00
2013/08/21,10.80,10.90,10.71,10.85,2313969,25736438.00
2013/08/22,10.89,11.43,10.86,11.29,6894021,79737296.00
2013/08/23,11.29,12.17,11.29,12.13,15695780,190346016.00
2013/08/26,11.98,12.25,11.73,12.13,9015363,111112432.00
2013/08/27,12.12,12.12,11.84,11.93,5323181,65215272.00
2013/08/28,11.90,11.90,11.60,11.70,3906549,46959852.00
2013/08/29,11.74,12.13,11.67,12.05,5078746,62338996.00
2013/08/30,12.10,12.12,11.65,11.72,4912165,59720964.00
2013/09/02,11.72,11.82,11.57,11.70,2778766,33203148.00
2013/09/03,11.70,11.89,11.69,11.85,2081423,25153486.00
2013/09/04,11.86,12.06,11.78,11.97,3064701,37586388.00
2013/09/05,11.91,12.35,11.88,12.13,4448196,55566808.00
2013/09/06,12.09,12.58,11.95,12.43,6732863,85260016.00
2013/09/09,12.44,12.58,12.14,12.31,3662067,46083788.00
2013/09/10,12.28,12.44,12.22,12.31,3294365,41567660.00
2013/09/11,12.30,12.57,11.89,12.21,4739961,59133784.00
2013/09/12,12.25,12.25,11.95,12.01,1934160,23907784.00
2013/09/13,12.01,12.01,11.86,11.98,1645472,20126400.00
2013/09/16,11.94,12.46,11.94,12.41,4495362,56593152.00
2013/09/17,12.41,12.46,11.96,12.05,2435633,30362868.00
2013/09/18,11.97,12.07,11.70,11.80,3117219,37874896.00
2013/09/23,11.81,11.93,11.61,11.86,4597003,55346660.00
2013/09/24,11.80,11.80,11.62,11.70,2299298,27591662.00
2013/09/25,11.68,11.84,11.45,11.45,2823221,33757780.00
2013/09/26,11.52,11.62,11.17,11.20,2010513,23476974.00
2013/09/27,11.11,11.38,11.11,11.33,1051412,12213539.00
2013/09/30,11.33,11.56,11.32,11.39,1681487,19721044.00
2013/10/08,11.40,11.49,11.15,11.48,3389762,39534024.00
2013/10/09,11.48,11.64,11.37,11.57,3292055,38947840.00
2013/10/10,11.59,11.64,11.37,11.39,3679228,43316708.00
2013/10/11,11.39,11.56,11.38,11.46,3682858,43355124.00
2013/10/14,11.51,11.93,11.40,11.93,6714032,80667880.00
2013/10/15,11.82,12.14,11.77,12.06,5649690,68949288.00
2013/10/16,12.06,12.06,11.61,11.67,3717522,44892460.00
2013/10/17,11.48,11.83,11.48,11.53,2902879,34686424.00
2013/10/18,11.46,11.73,11.46,11.68,1899360,22643526.00
2013/10/21,11.69,11.77,11.50,11.69,6431432,76785400.00
2013/10/22,11.67,11.90,11.64,11.90,8273054,99891352.00
2013/10/23,11.84,11.98,11.44,11.65,6504117,78220528.00
2013/10/24,11.65,11.79,11.41,11.65,7353651,87770560.00
2013/10/25,11.64,11.74,11.02,11.03,4853460,57039312.00
2013/10/28,10.97,11.38,10.58,10.85,6115614,68542856.00
2013/10/29,10.85,10.97,9.86,10.28,10845174,115489872.00
2013/10/30,10.30,10.66,10.20,10.66,3219148,34235548.00
2013/10/31,10.40,10.81,10.36,10.75,7391919,80988304.00
2013/11/01,10.71,10.98,10.58,10.91,6204785,69233160.00
2013/11/04,10.80,10.92,10.57,10.70,7912154,87429328.00
2013/11/05,10.76,10.76,10.45,10.59,3771890,41145920.00
2013/11/06,10.65,10.84,10.57,10.68,3539413,39062556.00
2013/11/07,10.63,10.69,10.36,10.36,1752601,18982816.00
2013/11/08,10.31,10.55,9.98,10.00,3887182,40950424.00
2013/11/11,10.10,10.98,10.01,10.11,8718281,92108656.00
2013/11/12,10.11,10.15,9.72,9.86,6100349,62314028.00
2013/11/13,9.81,9.94,9.67,9.68,2683263,26924018.00
2013/11/14,9.69,9.98,9.69,9.88,3929073,39793492.00
2013/11/15,9.88,10.18,9.82,10.06,4621461,47708052.00
2013/11/18,10.03,10.44,10.00,10.35,5596187,58778272.00
2013/11/19,10.35,10.42,10.16,10.35,4608685,48747428.00
2013/11/20,10.35,10.44,10.22,10.30,4240067,45101360.00
2013/11/21,10.30,10.38,10.00,10.12,4399392,45946716.00
2013/11/22,10.13,10.14,10.04,10.06,2188187,22729258.00
2013/11/25,10.04,10.17,9.93,10.02,2049893,21221748.00
2013/11/26,10.02,10.06,9.85,9.90,2683336,27428378.00
2013/11/27,9.89,10.21,9.89,10.21,3231365,33545606.00
2013/11/28,10.26,10.38,10.15,10.28,4613562,48955720.00
2013/11/29,10.28,10.63,10.24,10.49,4559972,49019796.00
2013/12/02,10.35,10.44,9.60,9.78,6327614,64973556.00
2013/12/03,9.85,10.03,9.65,9.97,2869323,29109272.00
2013/12/04,9.99,10.52,9.92,10.28,6025809,63346820.00
2013/12/05,10.26,10.45,10.20,10.34,3218500,34150760.00
2013/12/06,10.43,10.43,10.21,10.29,2435525,25868370.00
2013/12/09,10.25,10.35,10.24,10.28,2946776,31168920.00
2013/12/10,10.30,10.45,10.28,10.33,3959960,42211736.00
2013/12/11,10.31,10.57,10.27,10.40,6443763,69113752.00
2013/12/12,10.50,10.56,10.40,10.42,3984059,42936188.00
2013/12/13,10.35,10.47,10.28,10.34,2811766,30039418.00
2013/12/16,10.27,10.39,10.14,10.15,3035798,32043940.00
2013/12/17,10.19,10.20,9.81,9.86,2621032,26951588.00
2013/12/18,9.95,10.07,9.88,9.98,1389788,14274381.00
2013/12/19,10.00,10.05,9.86,9.87,1238057,12665134.00
2013/12/20,9.87,10.03,9.76,9.98,2527066,25768984.00
2013/12/23,9.93,9.97,9.70,9.86,1596060,16183576.00
2013/12/24,9.87,9.97,9.81,9.90,1898237,19317666.00
2013/12/25,9.90,9.96,9.85,9.95,1417705,14463064.00
2013/12/26,9.95,9.98,9.59,9.61,2824203,28388044.00
2013/12/27,9.62,9.84,9.61,9.79,1724891,17334320.00
2013/12/30,9.88,9.91,9.68,9.74,2098817,21148450.00
2013/12/31,9.74,9.78,9.65,9.75,2085755,20896652.00
2014/01/02,9.75,9.77,9.65,9.69,2221898,22215776.00
2014/01/03,9.69,9.85,9.65,9.84,3923716,39512436.00
2014/01/06,9.82,9.82,9.55,9.56,1911224,18981460.00
2014/01/07,9.56,9.56,9.23,9.29,3186819,30740238.00
2014/01/08,9.38,9.85,9.23,9.76,5806250,56529436.00
2014/01/09,9.70,10.19,9.68,9.81,7230612,74127288.00
2014/01/10,9.75,9.75,9.40,9.41,2644397,25920394.00
2014/01/13,9.54,9.54,9.16,9.23,1956687,18837500.00
2014/01/14,9.23,9.40,8.83,9.03,6592293,61691092.00
2014/01/15,8.98,9.12,8.93,9.05,2604276,24298752.00
2014/01/16,9.05,9.05,8.92,9.01,3279782,30453288.00
2014/01/17,8.98,8.98,8.59,8.64,4160889,37509964.00
2014/01/20,8.78,8.78,8.53,8.60,2549447,22763378.00
2014/01/21,8.60,8.72,8.58,8.64,2486511,22238236.00
2014/01/22,8.66,8.94,8.61,8.91,3319176,30272072.00
2014/01/23,8.90,8.96,8.85,8.91,3013469,27744346.00
2014/01/24,8.92,9.11,8.88,9.03,2278369,21257680.00
2014/01/27,9.00,9.08,8.92,9.00,1875511,17440590.00
2014/01/28,9.00,9.07,8.94,9.01,1443818,13419691.00
2014/01/29,9.03,9.08,8.98,9.05,1994762,18612728.00
2014/01/30,9.03,9.07,9.00,9.00,1369920,12790522.00
2014/02/07,8.95,9.14,8.89,9.12,2230865,20790414.00
2014/02/10,9.14,9.41,9.12,9.36,4116863,39570144.00
2014/02/11,9.42,9.42,9.25,9.33,3087240,29758318.00
2014/02/12,9.32,9.55,9.29,9.47,4172265,40513532.00
2014/02/13,9.52,10.43,9.51,9.88,12984299,133549144.00
2014/02/14,9.87,10.11,9.82,10.09,6274258,64685860.00
2014/02/17,10.09,10.19,9.91,10.07,6641367,68577360.00
2014/02/18,10.07,10.07,9.85,9.88,4756689,48683172.00
2014/02/19,9.88,10.06,9.84,10.01,3979245,40850752.00
2014/02/20,10.00,10.07,9.70,9.75,5292452,54000380.00
2014/02/21,9.79,9.82,9.42,9.50,3844173,37947328.00
2014/02/24,9.46,9.47,9.20,9.34,4220226,40482564.00
2014/02/25,9.35,9.45,8.90,8.97,5555483,52646956.00
2014/02/26,9.01,9.13,8.90,9.05,3741921,34930452.00
2014/02/27,9.05,9.15,8.94,8.97,3326744,31090442.00
2014/02/28,8.97,9.16,8.90,9.14,2797193,26126208.00
2014/03/03,9.15,9.41,9.12,9.38,3468133,33357426.00
2014/03/04,9.36,9.36,9.08,9.21,3068626,29131596.00
2014/03/05,9.23,9.29,9.13,9.19,2282081,21706338.00
2014/03/06,9.18,9.18,8.92,9.04,2913302,27186642.00
2014/03/07,9.04,9.08,8.98,9.00,2891899,26960284.00
2014/03/10,8.98,8.98,8.59,8.60,4880184,43914564.00
2014/03/11,8.60,8.67,8.47,8.56,3349254,29701682.00
2014/03/12,8.56,8.64,8.38,8.49,3547038,31241694.00
2014/03/13,8.55,8.64,8.47,8.64,2560856,22722054.00
2014/03/14,8.60,8.62,8.50,8.60,1578622,13993148.00
2014/03/17,8.60,8.82,8.58,8.82,2958620,26741922.00
2014/03/18,8.99,9.33,8.85,8.90,8302524,78003976.00
2014/03/19,8.71,8.91,8.64,8.83,4721177,42838552.00
2014/03/20,8.83,8.88,8.50,8.59,3715227,33455546.00
2014/03/21,8.55,8.81,8.50,8.79,2778879,24912320.00
2014/03/24,8.81,9.02,8.77,8.97,4124482,37933780.00
2014/03/25,8.97,9.04,8.92,9.03,3504101,32518502.00
2014/03/26,9.06,9.09,8.97,9.04,2287826,21319360.00
2014/03/27,8.98,8.98,8.60,8.70,5202010,47101796.00
2014/03/28,8.73,8.73,8.51,8.59,3436078,30580658.00
2014/03/31,8.60,9.00,8.60,8.67,2241132,20284390.00
2014/04/01,8.64,8.84,8.64,8.82,1891341,17109346.00
2014/04/02,8.82,8.86,8.76,8.80,1672480,15231954.00
2014/04/03,8.79,8.96,8.77,8.89,2802298,25759726.00
2014/04/04,8.88,8.91,8.80,8.90,1684391,15424251.00
2014/04/08,8.92,9.08,8.90,9.04,4090885,38029228.00
2014/04/09,9.04,9.12,9.01,9.07,3756425,35135832.00
2014/04/10,9.07,9.12,8.99,9.10,4319512,40472608.00
2014/04/11,9.07,9.18,9.04,9.16,3544659,33380280.00
2014/04/14,9.16,9.16,9.07,9.12,2135609,20079538.00
2014/04/15,9.12,9.18,9.02,9.15,3262987,30676984.00
2014/04/16,9.10,9.24,9.07,9.20,3265281,30921862.00
2014/04/17,9.20,9.26,9.12,9.12,2282096,21640100.00
2014/04/18,9.10,9.10,9.00,9.05,2184238,20405448.00
2014/04/21,8.98,9.09,8.88,8.90,2405832,22346528.00
2014/04/22,8.90,9.03,8.85,8.98,2047305,18896278.00
2014/04/23,9.00,9.06,8.87,8.98,1667286,15522637.00
2014/04/24,9.03,9.07,8.99,9.05,2588996,24198216.00
2014/04/25,9.05,9.30,9.01,9.18,5896260,56024400.00
2014/04/28,9.18,9.48,9.18,9.39,9573951,92367016.00
2014/04/29,9.30,9.44,9.17,9.44,6170894,59296772.00
2014/04/30,9.43,9.45,9.25,9.34,4721275,45498676.00
2014/05/05,9.26,9.56,9.16,9.53,5139809,49428900.00
2014/05/06,9.54,9.59,9.37,9.44,4825049,47266476.00
2014/05/07,9.39,9.42,9.22,9.26,3428026,32876754.00
2014/05/08,9.12,9.85,9.12,9.75,10300843,102064432.00
2014/05/09,9.63,9.77,9.56,9.67,5878244,58597824.00
2014/05/12,9.73,9.95,9.66,9.85,9614578,97617168.00
2014/05/13,9.87,10.18,9.70,10.06,9195431,94400248.00
2014/05/14,10.01,10.18,9.86,9.87,7267756,74893768.00
2014/05/15,9.79,9.82,9.52,9.60,6552131,65161408.00
2014/05/16,9.55,9.75,9.51,9.75,3181870,31697644.00
2014/05/19,9.93,9.93,9.66,9.71,3044029,30574100.00
2014/05/20,9.73,9.80,9.52,9.56,4031808,39919520.00
2014/05/21,9.58,9.68,9.41,9.62,2139213,21089958.00
2014/05/22,9.62,9.67,9.48,9.48,2640478,26072418.00
2014/05/23,9.44,9.56,9.41,9.55,1932060,18881698.00
2014/05/26,9.60,9.72,9.51,9.54,3126773,30895252.00
2014/05/27,9.56,9.61,9.48,9.49,3156990,30995098.00
2014/05/28,9.48,9.59,9.44,9.57,1888131,18553648.00
2014/05/29,9.56,9.58,9.20,9.20,4164171,40324816.00
2014/05/30,9.20,9.48,9.16,9.41,2842094,27439616.00
2014/06/03,9.41,9.57,9.39,9.44,2174209,21260770.00
2014/06/04,9.49,9.49,9.26,9.35,1498114,14414266.00
2014/06/05,9.39,9.41,9.27,9.40,1483401,14302457.00
2014/06/06,9.41,9.45,9.26,9.31,1354711,13044848.00
2014/06/09,9.31,9.32,9.14,9.15,1370569,13071968.00
2014/06/10,9.15,9.24,9.02,9.16,2432088,22925172.00
2014/06/11,9.16,9.16,9.05,9.09,2148727,20192856.00
2014/06/12,9.09,9.09,8.95,9.01,2210016,20547168.00
2014/06/13,9.02,9.16,9.01,9.12,2687412,24825942.00
2014/06/16,9.14,9.25,9.12,9.23,3929868,36632064.00
2014/06/17,9.22,9.28,9.16,9.17,1766002,16529978.00
2014/06/18,9.17,9.18,9.04,9.05,1447289,13371123.00
2014/06/19,9.05,9.26,8.98,9.09,2253389,20905964.00
2014/06/20,9.07,9.23,9.07,9.19,1334424,12443072.00
2014/06/23,9.21,9.61,9.21,9.53,5674673,54703520.00
2014/06/24,9.53,9.73,9.46,9.62,3863439,37734136.00
2014/06/25,9.60,9.72,9.53,9.67,3418473,33442970.00
2014/06/26,9.67,9.75,9.62,9.68,2841306,27930314.00
2014/06/27,9.67,9.84,9.60,9.77,3506785,34559028.00
2014/06/30,9.77,9.96,9.64,9.67,4747358,47321484.00
2014/07/01,9.70,10.04,9.63,10.03,7318181,73579616.00
2014/07/02,10.05,10.53,9.96,10.27,15704685,164267568.00
2014/08/14,11.31,11.31,11.31,11.31,287733,3297420.25
2014/08/15,12.46,12.46,12.46,12.46,363205,4580015.00
2014/08/18,13.55,13.56,12.49,12.91,45371592,593930688.00
2014/08/19,12.96,13.11,12.53,12.57,20947975,270074144.00
2014/08/20,12.35,12.60,12.15,12.35,15197575,190430112.00
2014/08/21,12.31,12.63,12.31,12.50,8610996,108590408.00
2014/08/22,12.51,12.60,12.25,12.34,8643381,108024512.00
2014/08/25,12.27,12.31,11.81,12.12,11156841,135830544.00
2014/08/26,12.45,13.30,12.45,12.50,27531883,356318976.00
2014/08/27,12.38,12.90,12.16,12.80,11612264,148947168.00
2014/08/28,12.80,13.39,12.73,12.83,12403157,163904496.00
2014/08/29,12.81,13.26,12.66,13.08,6556936,86431640.00
2014/09/01,13.07,13.22,12.83,13.05,7757861,102263520.00
2014/09/02,13.08,13.14,12.86,13.00,8485076,111546320.00
2014/09/03,13.07,14.32,13.00,14.32,19047287,264593584.00
2014/09/04,14.35,14.95,14.18,14.77,22588363,334728000.00
2014/09/05,14.75,15.57,14.65,15.42,14383136,219544480.00
2014/09/09,15.35,15.35,14.89,14.98,12436543,189619120.00
2014/09/10,14.98,15.24,14.76,15.04,8754945,132775984.00
2014/09/11,15.00,15.06,14.76,14.77,8134428,122367064.00
2014/09/12,14.73,15.32,14.73,14.97,8226175,124715864.00
2014/09/15,14.93,15.26,14.78,15.05,5881986,89299600.00
2014/09/16,15.10,15.20,14.36,14.36,6468906,96749192.00
2014/09/17,14.19,14.70,14.19,14.52,5086546,74140504.00
2014/09/18,14.55,15.10,14.26,14.94,5683528,85133344.00
2014/09/19,14.92,15.34,14.80,15.23,5131885,78555056.00
2014/09/22,15.11,15.44,14.75,14.78,5885904,89497296.00
2014/09/23,14.75,15.00,14.72,14.86,3876662,58106064.00
2014/09/24,14.84,15.10,14.77,15.00,4679087,70618544.00
2014/09/25,15.03,15.23,14.85,14.91,5554630,84497928.00
2014/09/26,14.91,15.09,14.80,14.97,3592862,54190696.00
2014/09/29,15.01,16.20,15.01,15.98,8538281,135782496.00
2014/09/30,16.03,16.34,15.77,15.93,3924508,63324524.00
2014/10/08,15.93,16.03,15.55,15.80,3770378,59751128.00
2014/10/09,15.80,16.15,15.45,15.73,5019593,79950552.00
2014/10/10,15.63,15.83,15.45,15.46,3869321,60924928.00
2014/10/13,15.46,15.58,14.78,15.15,4446800,67651536.00
2014/10/14,15.15,15.65,15.03,15.36,5585156,86772080.00
2014/10/15,15.40,15.51,14.95,15.18,3606825,55550604.00
2014/10/16,15.10,15.13,14.79,14.83,4388610,66336348.00
2014/10/17,14.85,15.00,14.32,14.89,4359336,64946652.00
2014/10/20,14.98,15.07,14.79,15.06,4659315,70660792.00
2014/10/21,15.10,15.10,14.36,14.38,6719260,99096208.00
2014/10/22,14.38,14.56,14.04,14.09,3636162,52393440.00
2014/10/23,14.11,14.25,13.81,14.00,3136173,44276040.00
2014/10/24,14.13,14.37,13.85,14.15,3137670,44840904.00
2014/10/27,14.05,14.65,14.05,14.51,2649879,38763500.00
2014/10/28,14.63,15.21,14.50,15.05,6027893,90720920.00
2014/10/29,15.07,15.45,15.05,15.40,6326990,97914088.00
2014/10/30,15.42,15.61,15.20,15.24,5094021,79141448.00
2014/10/31,15.17,15.32,14.86,15.10,5479024,83308064.00
2014/11/03,15.12,15.19,14.85,15.06,6231137,94196352.00
2014/11/04,15.05,15.37,14.85,15.22,4840133,74165456.00
2014/11/05,15.10,15.83,15.10,15.68,5559048,87068176.00
2014/11/06,15.65,15.94,15.33,15.50,3762657,59063740.00
2014/11/07,15.50,16.01,15.38,15.74,8100840,129373264.00
2014/11/10,15.75,16.03,15.64,15.76,3290268,52471664.00
2014/11/11,15.84,15.84,14.85,15.04,5467753,84085736.00
2014/11/12,15.04,15.22,14.88,15.19,1855271,28316318.00
2014/11/13,15.19,15.30,14.80,14.96,3109070,47156168.00
2014/11/14,15.02,15.02,14.40,14.51,4142262,61155088.00
2014/11/17,14.50,14.99,14.50,14.82,2462062,36882044.00
2014/11/18,14.74,15.02,14.65,14.94,2443375,36586128.00
2014/11/19,14.92,15.05,14.83,14.98,3011348,45573524.00
2014/11/20,14.98,15.69,14.89,15.46,4554965,70636256.00
2014/11/21,15.46,15.66,15.28,15.47,2390823,37258572.00
2014/11/24,15.49,16.05,15.49,15.90,6646966,105993040.00
2014/11/25,15.85,17.51,15.85,17.51,15311108,265781936.00
2014/11/26,17.59,17.68,17.14,17.34,7783564,136654624.00
2014/11/27,17.57,17.75,17.16,17.36,5356437,94031104.00
2014/11/28,17.46,18.23,17.25,17.61,10374815,186041296.00
2014/12/01,17.61,18.00,17.17,17.56,5874254,103870248.00
2014/12/02,17.55,17.55,16.75,16.95,16198538,276802272.00
2014/12/03,17.00,17.06,16.46,16.82,6819058,115283552.00
2014/12/04,16.82,17.05,16.73,16.85,4201081,71578392.00
2014/12/05,17.05,18.01,16.71,17.80,10044194,176628896.00
2014/12/08,17.64,17.65,16.85,16.98,8663478,149062752.00
2014/12/09,16.98,16.98,15.41,15.45,8645815,141835840.00
2014/12/10,15.55,16.58,15.46,16.18,3957630,63993092.00
2014/12/11,16.10,16.63,15.95,16.47,3467921,57562508.00
2014/12/12,16.35,17.39,16.35,17.24,4941890,84738248.00
2014/12/15,17.30,17.91,17.25,17.56,4721456,83906384.00
2014/12/16,17.85,17.89,17.29,17.34,3136819,55250640.00
2014/12/17,17.35,17.55,16.95,17.45,4590144,79816312.00
2014/12/18,17.40,17.54,17.16,17.26,2579551,45064496.00
2014/12/19,17.24,17.86,17.10,17.64,4192766,73774664.00
2014/12/22,17.71,17.89,16.45,16.45,4143269,71542232.00
2014/12/23,16.46,16.83,15.82,16.01,4196235,68482056.00
2014/12/24,16.20,16.94,16.05,16.51,3005709,50259468.00
2014/12/25,16.73,17.14,16.54,16.98,2776943,47204004.00
2014/12/26,16.98,17.07,16.62,16.75,3060073,51790084.00
2014/12/29,16.75,16.75,16.10,16.35,3884940,63907304.00
2014/12/30,16.32,16.49,15.85,16.01,2853678,46092024.00
2014/12/31,16.15,16.15,15.50,15.95,4419698,70818576.00
2015/01/05,16.43,17.25,16.25,16.48,6401374,106835568.00
2015/01/06,16.32,17.01,16.06,16.85,3970885,66410876.00
2015/01/07,16.86,17.04,16.70,16.87,2055566,34932552.00
2015/01/08,16.91,16.95,16.53,16.55,1963333,33036746.00
2015/01/09,16.60,16.73,16.36,16.45,1341619,22477504.00
2015/01/12,16.45,16.45,15.95,15.96,2162409,35127812.00
2015/01/13,16.14,16.56,15.85,16.56,2441849,40327928.00
2015/01/14,16.68,17.10,16.43,16.83,3041605,51528948.00
2015/01/15,16.91,17.03,16.27,16.49,2156986,36101620.00
2015/01/16,16.50,17.35,16.49,17.17,5805916,99816688.00
2015/01/19,16.97,17.81,16.60,17.05,7727435,135319264.00
2015/01/20,17.33,17.81,17.03,17.80,7332205,129896968.00
2015/01/21,17.90,18.09,17.56,17.77,8791685,158185856.00
2015/01/22,17.70,17.75,17.15,17.56,7906535,138782496.00
2015/01/23,17.45,19.24,17.42,19.20,15721662,293965152.00
2015/01/26,18.98,19.23,18.53,19.13,9441040,180298288.00
2015/01/27,18.91,19.97,18.87,19.40,11336835,224396672.00
2015/01/28,19.43,19.83,18.58,18.64,7013021,135139584.00
2015/01/29,18.40,20.15,18.40,20.00,7564555,147159264.00
2015/01/30,20.02,20.10,19.40,19.43,5347439,106440288.00
2015/02/02,19.12,19.73,18.82,19.51,2274406,44223184.00
2015/04/28,21.48,21.48,21.48,21.48,66261,1433225.38
2015/04/29,23.64,23.64,23.64,23.64,98924,2353402.00
2015/04/30,26.02,26.02,26.02,26.02,214348,5609487.00
2015/05/04,28.64,28.64,27.55,28.64,25240126,720015168.00
2015/05/05,28.85,31.52,28.13,31.52,24932027,757894592.00
2015/05/06,32.27,34.35,30.47,30.50,17191522,553473472.00
2015/05/07,29.65,31.74,29.45,30.15,10707768,323952832.00
2015/05/08,30.48,32.45,29.50,31.85,11527387,359736608.00
2015/05/11,31.40,33.35,30.56,32.15,13328846,427759360.00
2015/05/12,31.84,34.37,31.60,34.37,13626084,449876544.00
2015/05/13,33.73,34.14,32.86,33.03,7514726,251405216.00
2015/05/14,32.93,33.70,31.41,32.65,7904526,256982768.00
2015/05/15,32.70,34.24,31.73,32.93,8766531,293276256.00
2015/05/18,32.85,33.35,31.70,31.70,8731670,282162976.00
2015/05/19,31.75,32.50,30.25,32.44,10485304,327936864.00
2015/05/20,32.35,35.70,31.95,35.70,11513299,401125088.00
2015/05/21,36.72,38.04,35.35,37.00,8691567,321326976.00
2015/05/22,38.05,38.56,35.75,35.85,8014634,295510176.00
2015/05/25,35.33,38.83,34.96,38.73,16754856,633630336.00
2015/05/26,38.55,42.26,38.42,41.82,13565286,561342784.00
2015/05/27,41.35,44.75,41.03,42.29,9478707,408457888.00
2015/05/28,41.87,44.30,38.05,38.31,9037159,375302176.00
2015/05/29,39.83,41.24,37.37,40.30,11716979,467578176.00
2015/06/01,41.82,43.35,40.75,43.35,5448701,231567888.00
2015/06/02,43.85,47.70,43.85,47.70,6790808,318600128.00
2015/06/03,47.95,52.49,47.85,49.66,7994791,403186016.00
2015/06/04,49.85,50.33,45.05,48.45,6982390,331244896.00
2015/06/05,48.51,51.55,46.45,47.74,6450510,313336864.00
2015/06/08,47.83,48.01,44.53,46.04,5944168,275378560.00
2015/06/09,45.46,47.83,45.06,45.80,5665733,260957968.00
2015/06/10,45.65,47.85,44.23,47.80,6317766,291579840.00
2015/06/11,47.94,47.95,46.03,46.45,5518206,258813568.00
2015/06/12,46.45,46.80,45.10,45.61,4003705,183190864.00
2015/06/15,46.36,46.59,44.45,45.12,4299384,195250112.00
2015/06/16,44.94,47.24,43.85,45.81,8075002,371294560.00
2015/06/17,46.55,46.60,43.35,45.65,4152056,185140464.00
2015/06/18,45.70,46.85,44.55,45.45,6342635,293770304.00
2015/06/19,43.95,44.05,40.89,40.89,6175608,261238720.00
2015/06/23,40.89,40.89,36.79,39.25,6335002,245892096.00
2015/06/24,39.85,42.07,37.34,39.16,7646176,300959872.00
2015/06/25,39.13,40.51,35.36,36.25,5657918,218601264.00
2015/06/26,34.75,36.45,32.61,32.75,11176363,379860864.00
2015/06/29,34.65,35.35,29.46,30.45,19709721,630989248.00
2015/06/30,30.62,33.51,30.60,33.51,9318171,298356352.00
2015/07/01,35.85,36.88,34.75,36.65,16871880,619043840.00
2015/07/02,36.35,39.92,34.85,37.84,15729791,590657472.00
2015/07/03,35.85,40.85,34.04,38.57,13848895,513366464.00
2015/07/06,42.00,42.44,34.70,34.70,12603991,476595264.00
2015/07/07,31.26,34.35,31.22,31.22,5770456,181932256.00
2015/07/21,34.36,34.36,34.36,34.36,856109,29544322.00
2015/07/22,34.45,37.81,34.45,37.81,13703428,515767360.00
2015/07/23,38.30,40.70,37.20,39.29,13257712,518163648.00
2015/07/24,39.28,39.90,37.50,37.60,7185320,279045056.00
2015/07/27,37.00,38.50,33.84,33.85,7989221,292111424.00
2015/07/28,31.13,34.49,30.48,31.01,9083495,287065248.00
2015/07/29,32.01,32.49,28.60,32.20,8448368,254385008.00
2015/07/30,31.53,33.06,29.91,30.00,6287989,201153552.00
2015/07/31,29.80,30.44,27.50,28.30,6010879,175778656.00
2015/08/03,28.20,29.28,25.47,25.53,9784377,260900672.00
2015/08/04,25.10,28.08,24.48,28.05,8274201,216340832.00
2015/08/05,27.80,30.84,27.02,29.80,10451115,311338272.00
2015/08/06,28.92,32.68,28.31,30.82,6364459,194134416.00
2015/08/07,30.71,33.00,30.71,32.90,5417359,175342800.00
2015/08/10,33.35,36.10,33.35,35.98,7140772,253012144.00
2015/08/11,36.30,36.45,34.38,35.30,6202459,220377408.00
2015/08/12,35.03,37.88,34.51,36.24,6439532,235558688.00
2015/08/13,36.20,36.98,35.50,36.68,4044249,146428592.00
2015/08/14,37.06,37.66,35.80,36.00,3418030,124364112.00
2015/08/17,35.95,37.39,34.60,37.20,5983863,216817520.00
2015/08/18,38.29,39.50,35.00,36.10,9217094,348837888.00
2015/08/19,33.50,37.00,33.50,35.99,5776075,201241936.00
2015/08/20,35.80,35.80,32.39,32.92,3810281,129750256.00
2015/08/21,32.30,32.89,29.63,29.63,4338803,133462216.00
2015/08/24,27.10,28.08,26.67,26.67,4473894,119800936.00
2015/08/25,24.00,26.65,24.00,24.00,9589685,235324576.00
2015/08/26,24.52,26.20,22.50,24.80,10287353,249107552.00
2015/08/27,24.10,26.90,24.10,26.90,6270898,161850432.00
2015/08/28,29.00,29.00,26.90,28.80,4120078,115956848.00
2015/08/31,28.78,28.78,27.01,27.12,4597879,126356864.00
2015/09/01,27.30,27.30,24.41,24.41,4320602,108393928.00
2015/09/02,23.40,25.10,22.21,23.65,4957478,119032664.00
2015/09/07,24.24,25.30,23.65,23.97,2834355,68937832.00
2015/09/08,23.50,26.20,23.18,26.12,2896801,70929808.00
2015/09/09,26.49,27.80,26.03,27.30,4086276,110999352.00
2015/09/10,27.00,28.01,26.31,27.17,2977209,81605056.00
2015/09/11,27.17,27.49,26.40,26.90,1961728,52793516.00
2015/09/14,27.11,27.53,24.21,24.25,3265149,83404872.00
2015/09/15,22.75,25.39,21.83,21.84,5187040,117570608.00
2015/09/16,22.10,24.02,21.51,23.99,3785743,85846128.00
2015/09/17,23.90,25.85,23.23,24.50,5297388,130538792.00
2015/09/18,24.56,25.54,24.20,24.62,2748483,68425944.00
2015/09/21,24.62,26.58,23.80,26.31,4954382,126139120.00
2015/09/22,26.58,26.79,25.69,26.05,3096124,81020336.00
2015/09/23,25.81,26.00,24.60,25.02,2789775,70427056.00
2015/09/24,25.80,26.40,24.92,25.18,3093723,79136928.00
2015/09/25,25.10,25.80,24.18,24.45,2336170,58423800.00
2015/09/28,24.45,24.92,23.80,24.50,1504705,36761464.00
2015/09/29,24.30,24.49,23.80,23.90,1319086,31790984.00
2015/09/30,24.44,24.44,22.82,23.88,2584891,60976992.00
2015/10/08,24.95,25.44,24.21,24.69,3035710,75869912.00
2015/10/09,24.69,26.00,24.56,25.37,3149371,80110728.00
2015/10/12,25.50,27.91,25.50,27.77,5418967,146485824.00
2015/10/13,27.10,28.05,27.00,27.30,3465795,95548224.00
2015/10/14,26.92,27.60,26.60,26.68,4009606,108363496.00
2015/10/15,26.69,28.46,26.50,28.08,3651040,100978072.00
2015/10/16,28.79,28.79,27.78,28.13,2549204,71807000.00
2015/10/19,28.13,28.65,27.85,28.41,5031933,142105712.00
2015/10/20,28.41,30.80,28.06,30.00,3902320,113797368.00
2015/10/21,29.62,29.88,27.50,29.20,7801293,224029280.00
2015/10/22,28.90,30.55,28.10,29.78,4777483,138880336.00
2015/10/23,29.98,30.93,29.80,30.10,2941758,89152896.00
2015/10/26,30.20,31.38,28.62,29.07,3668052,107553600.00
2015/10/27,28.89,28.89,27.00,28.18,6007508,166116112.00
2015/10/28,27.70,27.95,26.95,27.00,4385339,120117024.00
2015/10/29,26.95,27.75,26.51,27.60,3042009,82982224.00
2015/10/30,27.45,27.76,26.78,27.12,2136490,58187880.00
2015/11/02,27.00,27.45,26.37,26.63,1979936,53199292.00
2015/11/03,26.64,27.00,26.43,26.62,1069867,28529504.00
2015/11/04,26.98,28.50,26.54,28.30,3875833,107732184.00
2015/11/05,28.22,28.75,27.70,28.23,4799481,135897008.00
2015/11/06,28.25,29.56,28.11,29.27,6049972,175609712.00
2015/11/09,28.74,29.50,28.60,29.03,4198887,121468632.00
2015/11/10,28.90,29.16,28.20,28.70,3828914,109995496.00
2015/11/11,28.68,31.50,28.10,31.00,6785641,200772016.00
2015/11/12,30.98,30.98,29.65,30.22,5572032,168699680.00
2015/11/13,30.09,30.09,28.80,28.80,3823321,111605608.00
2015/11/16,28.30,28.80,26.50,28.75,3408666,96036056.00
2015/11/17,29.02,29.45,27.45,27.74,6403396,182189552.00
2015/11/18,27.81,28.19,26.66,26.79,6552249,176641264.00
2015/11/19,26.80,27.15,26.56,27.15,5201820,139509536.00
2015/11/20,27.15,27.88,26.95,27.72,6865028,187810752.00
2015/11/23,27.80,28.16,26.90,27.29,7536572,207377984.00
2015/11/24,27.25,27.25,26.60,27.09,5133485,137980848.00
2015/11/25,27.21,28.10,27.04,28.00,8668555,238867072.00
2015/11/26,28.00,28.27,27.00,27.13,6818097,188205616.00
2015/11/27,27.18,27.18,24.45,24.88,9638525,250933712.00
2015/11/30,24.76,24.95,22.71,24.25,6894349,165590880.00
2015/12/01,24.45,24.50,23.81,24.06,3917409,94502048.00
2015/12/02,23.96,25.15,23.89,24.39,4249631,104179160.00
2015/12/03,24.11,25.60,24.11,25.09,3056558,76273192.00
2015/12/04,25.10,25.24,24.40,24.75,3220877,79686872.00
2015/12/07,24.75,25.10,24.50,24.74,3290281,81333936.00
2015/12/08,24.73,24.84,23.65,23.71,3502621,84398992.00
2015/12/09,23.51,24.30,23.25,24.00,3523023,83476072.00
2015/12/10,23.85,24.60,23.73,24.28,3834001,93026504.00
2015/12/11,24.61,26.71,24.31,26.71,4984921,131256920.00
2015/12/14,26.71,27.80,25.90,26.93,9355157,251358832.00
2015/12/15,27.30,27.40,26.30,26.51,4662228,124974456.00
2015/12/16,26.88,27.00,26.18,26.39,3611353,95707448.00
2015/12/17,26.66,27.48,26.25,27.30,6900309,187452000.00
2015/12/18,27.00,27.26,26.60,27.06,4107482,110634592.00
2015/12/21,27.08,27.45,26.68,26.95,3293455,88847736.00
2015/12/22,27.00,27.09,26.45,26.77,3635310,96987080.00
2015/12/23,26.56,27.80,26.50,26.63,6995755,190555312.00
2015/12/24,26.46,26.90,25.68,26.65,4949904,129610208.00
2015/12/25,26.60,26.77,26.20,26.38,2895244,76586288.00
2015/12/28,26.68,26.97,25.91,26.46,5005420,132391424.00
2015/12/29,26.26,26.50,26.00,26.40,3117733,82090784.00
2015/12/30,26.41,28.40,26.30,27.82,8980415,246948512.00
2015/12/31,27.82,28.50,27.17,27.76,6958833,193317584.00
2016/01/04,27.80,27.85,24.98,24.98,3848750,100260648.00
2016/01/05,23.00,24.90,23.00,24.30,5140695,123586768.00
2016/01/06,24.22,24.59,23.50,24.19,4983782,119212928.00
2016/01/07,23.75,23.75,21.77,21.83,1643003,37199408.00
2016/01/08,22.60,22.98,20.55,21.56,6467364,142156288.00
2016/01/11,20.99,21.49,19.40,19.40,4980181,99663400.00
2016/01/12,19.79,20.25,19.21,19.57,4497224,89484328.00
2016/01/13,19.86,20.30,18.00,18.45,3203060,62713392.00
2016/01/14,17.96,18.80,17.60,18.70,10116947,183128784.00
2016/01/15,18.49,18.67,17.33,17.50,7081316,127114312.00
2016/01/18,17.10,18.15,17.03,17.72,4653557,82109272.00
2016/01/19,17.65,18.38,17.41,18.26,8263797,148603568.00
2016/01/20,18.25,18.55,17.60,17.89,6888162,124585784.00
2016/01/21,17.03,17.82,16.81,16.89,7218489,125068968.00
2016/01/22,17.06,17.20,15.52,16.48,11985635,193661984.00
2016/01/25,16.56,18.13,16.30,18.13,22280397,390238528.00
2016/01/26,18.13,19.50,17.92,18.50,25234442,468801440.00
2016/01/27,18.35,18.50,16.75,18.00,16959860,299463712.00
2016/01/28,17.42,17.73,16.21,16.28,11771673,201388512.00
2016/01/29,16.00,17.20,15.66,16.80,8960073,148679808.00
2016/02/01,16.39,16.67,15.12,15.16,9991663,157207152.00
2016/02/02,15.20,16.10,15.20,15.76,7872593,124151664.00
2016/02/03,15.70,16.11,15.21,16.04,6731308,105060520.00
2016/02/04,16.04,16.70,16.01,16.45,10353207,170022960.00
2016/02/05,16.65,16.70,15.98,16.29,4456350,72368648.00
2016/02/15,15.46,16.28,15.22,15.99,4903233,77492920.00
2016/02/16,16.15,17.10,16.12,16.85,6141691,102194480.00
2016/02/17,16.85,17.45,16.42,17.26,7951938,133904576.00
2016/02/18,17.40,17.45,17.01,17.02,7726968,132927584.00
2016/02/19,16.72,17.10,16.60,16.97,6115907,103079264.00
2016/02/22,17.20,17.85,17.06,17.54,9842165,171990032.00
2016/02/23,17.50,19.29,17.42,18.68,14104829,262058864.00
2016/02/24,18.41,19.34,18.12,18.50,14615299,271837600.00
2016/02/25,18.28,18.49,16.69,16.86,14644512,251959184.00
2016/02/26,17.00,17.10,15.88,16.38,6143887,101594608.00
2016/02/29,16.32,16.32,14.74,14.74,8739029,130619488.00
2016/03/01,14.35,15.02,14.02,14.79,7024614,102216744.00
2016/03/02,14.79,15.64,14.60,15.50,8459126,128097368.00
2016/03/03,15.47,16.17,15.40,15.96,10277849,163760672.00
2016/03/04,15.80,15.97,14.63,14.80,7458979,113326248.00
2016/03/07,14.94,15.48,14.85,15.08,4824050,73363240.00
2016/03/08,15.33,16.50,14.50,16.10,8420329,129878400.00
2016/03/09,15.79,15.79,15.29,15.46,5166407,80119112.00
数据来源:通达信
