002271 东方雨虹 日线 前复权
      日期	    开盘	    最高	    最低	    收盘	    成交量	    成交额
2011/01/04,9.57,9.84,9.39,9.77,2322396,93207920.00
2011/01/05,9.76,10.21,9.63,10.03,3933344,164670928.00
2011/01/06,9.97,10.21,9.84,10.10,3244555,135851088.00
2011/01/07,10.14,10.14,9.66,9.73,2906269,119337224.00
2011/01/10,9.67,9.68,9.46,9.52,1878336,74808480.00
2011/01/11,9.46,9.55,9.26,9.29,1261300,49126428.00
2011/01/12,9.34,9.51,9.26,9.48,915695,35774380.00
2011/01/13,9.61,9.65,9.22,9.29,1129638,44212968.00
2011/01/14,9.26,9.56,9.18,9.38,1639870,64129500.00
2011/01/17,9.34,9.43,8.74,8.78,1797290,67833744.00
2011/01/18,8.73,8.91,8.59,8.82,956040,35135488.00
2011/01/19,8.82,9.46,8.82,9.16,1436137,54923204.00
2011/01/20,9.17,9.31,8.64,8.71,1833598,68742824.00
2011/01/21,8.66,8.99,8.63,8.80,2266120,83851096.00
2011/01/24,8.83,9.16,8.54,8.56,2337697,85684736.00
2011/01/25,8.58,8.73,8.24,8.24,1233413,43258940.00
2011/01/26,8.24,8.49,8.22,8.43,866537,30435338.00
2011/01/27,8.34,8.92,8.33,8.74,1481089,53739472.00
2011/01/28,8.74,8.84,8.63,8.73,988274,36183588.00
2011/01/31,8.74,8.99,8.66,8.90,1139194,42402944.00
2011/02/01,8.89,8.96,8.72,8.83,1027599,37915308.00
2011/02/09,8.79,9.08,8.73,8.99,1308664,48918900.00
2011/02/10,9.00,9.14,8.84,9.12,1389003,52354860.00
2011/02/11,9.09,9.21,8.99,9.06,1334617,50734956.00
2011/02/14,9.04,9.28,9.01,9.12,1846726,70395280.00
2011/02/15,9.13,9.26,9.07,9.09,1719935,65877556.00
2011/02/16,9.01,9.16,8.91,9.10,2285299,86347832.00
2011/02/17,9.07,9.62,9.07,9.59,3963416,156093776.00
2011/02/21,9.34,9.66,9.34,9.63,2675766,106104120.00
2011/02/22,9.63,9.66,9.20,9.20,2755675,107606992.00
2011/02/23,9.13,9.26,8.99,9.16,2645851,100508536.00
2011/02/24,9.16,9.46,9.15,9.41,2419288,94529464.00
2011/02/25,9.44,9.48,9.31,9.47,1910604,74898080.00
2011/02/28,9.58,9.58,9.33,9.38,3264308,128555456.00
2011/03/01,9.40,9.46,9.14,9.21,2498243,97199144.00
2011/03/02,9.15,9.30,9.04,9.18,1602390,61184828.00
2011/03/03,9.18,9.21,8.87,8.87,2008935,75842496.00
2011/03/04,8.87,8.92,8.66,8.81,3142999,115066648.00
2011/03/07,8.83,9.01,8.82,9.00,1936911,72520304.00
2011/03/08,9.00,9.09,8.99,9.06,1377000,52084788.00
2011/03/09,9.06,9.15,8.94,9.08,1713304,64727992.00
2011/03/10,9.08,9.20,8.94,9.13,1700482,64521780.00
2011/03/11,9.15,9.56,9.06,9.31,4010163,156952256.00
2011/03/14,9.30,9.54,9.22,9.42,2759951,108637800.00
2011/03/15,9.44,9.44,9.04,9.08,2734662,104319104.00
2011/03/16,9.08,9.22,8.98,9.13,1694225,64291532.00
2011/03/17,9.03,9.03,8.64,8.83,1896692,70576336.00
2011/03/18,8.86,9.04,8.86,8.95,702603,26349658.00
2011/03/21,8.96,9.28,8.95,9.17,2025305,77505416.00
2011/03/22,9.16,9.21,8.97,9.15,1430275,54149096.00
2011/03/23,9.15,9.19,9.04,9.15,983789,37516004.00
2011/03/24,9.15,9.18,9.02,9.06,1146047,43482876.00
2011/03/25,9.03,9.11,9.01,9.05,1169767,44232020.00
2011/03/28,9.05,9.11,8.81,8.90,2242343,83701672.00
2011/03/29,8.87,8.91,8.71,8.74,1469829,54064320.00
2011/03/30,8.74,8.76,8.43,8.49,2115248,75521384.00
2011/03/31,8.49,8.62,8.45,8.53,893774,31917448.00
2011/04/06,8.56,8.67,8.44,8.45,961916,34471572.00
2011/04/07,8.47,8.58,8.46,8.55,779447,27843336.00
2011/04/08,8.55,8.73,8.51,8.68,806283,29227592.00
2011/04/11,8.72,8.78,8.54,8.54,958658,34523560.00
2011/04/12,8.53,8.54,8.24,8.41,2224362,77715240.00
2011/04/13,8.41,8.43,8.25,8.43,1011636,35328780.00
2011/04/14,8.43,8.43,8.31,8.33,932643,32593150.00
2011/04/15,8.31,8.59,8.31,8.58,1455932,51515240.00
2011/04/18,8.56,8.71,8.46,8.60,1506511,54431504.00
2011/04/19,8.58,8.58,8.35,8.36,988916,34898044.00
2011/04/20,8.36,8.44,8.29,8.38,805765,28307142.00
2011/04/21,8.39,8.46,8.32,8.33,923572,32352830.00
2011/04/22,8.34,8.43,8.31,8.41,809611,28362982.00
2011/04/25,8.43,8.58,8.43,8.45,1222187,43609628.00
2011/04/26,8.45,8.45,8.11,8.11,901366,31223408.00
2011/04/27,8.08,8.21,7.94,7.97,747864,25378930.00
2011/04/28,7.99,8.14,7.14,7.32,1433984,45883380.00
2011/04/29,7.32,7.60,7.32,7.57,621847,19614092.00
2011/05/03,7.59,7.71,7.39,7.55,676656,21454296.00
2011/05/04,7.58,7.58,7.39,7.41,544305,17127928.00
2011/05/05,7.41,7.51,7.34,7.49,344675,10858151.00
2011/05/06,7.49,7.67,7.36,7.61,658894,21108728.00
2011/05/09,7.64,7.76,7.59,7.69,586188,19033894.00
2011/05/10,7.69,7.79,7.63,7.70,585889,18976956.00
2011/05/11,7.67,8.26,7.65,8.11,1767860,59536272.00
2011/05/12,8.07,8.19,7.86,7.90,1152549,38694240.00
2011/05/13,7.85,7.98,7.73,7.94,632887,20919708.00
2011/05/16,7.94,8.12,7.94,8.00,504809,17073866.00
2011/05/17,7.94,8.06,7.85,7.98,524261,17439202.00
2011/05/18,7.98,7.98,7.86,7.95,283906,9465292.00
2011/05/19,7.96,8.07,7.88,7.96,596468,19950132.00
2011/05/23,7.96,8.04,7.60,7.68,540710,17699990.00
2011/05/24,7.67,7.67,7.19,7.52,548591,17189802.00
2011/05/25,7.52,7.67,7.38,7.53,302404,9536306.00
2011/05/26,7.54,7.57,7.31,7.34,483453,15071060.00
2011/05/27,7.29,7.34,6.96,7.02,660040,19750008.00
2011/05/30,7.06,7.18,6.84,7.06,358866,10720104.00
2011/05/31,7.09,7.16,7.01,7.15,267767,8033609.00
2011/06/01,7.15,7.21,7.05,7.20,247004,7486809.00
2011/06/02,7.19,7.19,6.95,7.06,510824,15166081.00
2011/06/03,7.04,7.21,6.96,7.21,442623,13388064.00
2011/06/07,7.33,7.39,7.24,7.31,630272,19501026.00
2011/06/08,7.36,8.04,7.36,7.84,1425927,46634072.00
2011/06/09,7.86,7.86,7.62,7.63,842895,27340626.00
2011/06/10,7.60,7.79,7.60,7.70,889607,28786342.00
2011/06/13,7.65,7.65,7.33,7.52,1369633,21335934.00
2011/06/14,7.50,7.74,7.36,7.68,1444941,23069238.00
2011/06/15,7.60,7.72,7.55,7.56,1015507,16205378.00
2011/06/16,7.55,7.90,7.45,7.85,2412074,38875080.00
2011/06/17,7.82,7.83,7.66,7.68,1469843,23751720.00
2011/06/20,7.64,7.88,7.48,7.50,2234763,36062488.00
2011/06/21,7.48,7.74,7.48,7.73,1359456,21784498.00
2011/06/22,7.73,7.79,7.58,7.62,945308,15114128.00
2011/06/23,7.60,7.86,7.46,7.82,2287837,36752660.00
2011/06/24,7.88,8.30,7.83,8.07,4519306,76555664.00
2011/06/28,8.30,8.33,8.06,8.24,4431100,75762344.00
2011/06/29,8.10,8.18,7.99,8.00,2156492,36270560.00
2011/06/30,7.99,8.17,7.97,8.07,1624711,27475362.00
2011/07/01,8.08,8.18,7.97,8.02,1753690,29449318.00
2011/07/04,7.98,8.17,7.95,8.14,4325423,72633728.00
2011/07/05,8.17,8.33,8.08,8.26,3828622,65510928.00
2011/07/06,8.26,8.32,8.05,8.17,3003018,50997044.00
2011/07/07,8.11,8.21,8.05,8.09,2460265,41732212.00
2011/07/08,8.08,8.20,7.99,8.03,1795631,30277032.00
2011/07/11,8.00,8.16,7.98,8.07,3388492,56929016.00
2011/07/12,8.00,8.07,7.83,7.88,3092406,51093976.00
2011/07/13,7.87,8.00,7.84,7.96,4008338,66124000.00
2011/07/14,7.95,8.08,7.89,8.06,4457880,74416216.00
2011/07/15,8.04,8.28,7.97,8.21,4131208,70212608.00
2011/07/18,8.25,8.30,8.11,8.16,2856121,48596656.00
2011/07/19,8.19,8.19,8.00,8.05,3020217,50756364.00
2011/07/20,8.10,8.13,7.83,7.92,2773422,45944468.00
2011/07/21,7.90,8.01,7.80,7.90,1596442,26343702.00
2011/07/22,7.88,7.98,7.82,7.91,1137984,18716422.00
2011/07/25,7.82,7.82,7.34,7.43,3397539,53664288.00
2011/07/26,7.44,7.49,7.21,7.35,1531053,23403500.00
2011/07/27,7.35,7.49,7.29,7.45,1263646,19591336.00
2011/07/28,7.42,7.42,7.22,7.41,1575195,24037778.00
2011/07/29,7.39,7.46,7.27,7.32,1533756,23645610.00
2011/08/01,7.36,7.36,7.20,7.31,1235224,18801266.00
2011/08/02,7.31,7.44,7.26,7.43,1648616,25433594.00
2011/08/03,7.38,7.54,7.30,7.53,1403369,21913668.00
2011/08/04,7.52,7.64,7.45,7.52,1128053,17784492.00
2011/08/05,7.25,7.52,7.20,7.41,1637857,25226488.00
2011/08/08,7.28,7.36,6.68,7.01,2008926,30107240.00
2011/08/09,6.75,6.92,6.40,6.76,2812321,39136220.00
2011/08/10,6.85,6.95,6.74,6.75,1581150,22753656.00
2011/08/11,6.55,6.81,6.50,6.76,1545957,21848898.00
2011/08/12,6.78,6.94,6.78,6.86,1419385,20564920.00
2011/08/16,7.09,7.47,7.09,7.18,3691857,55990432.00
2011/08/17,7.10,7.23,7.04,7.09,1382651,20629670.00
2011/08/18,7.09,7.15,6.94,6.94,1128593,16611097.00
2011/08/19,6.79,6.88,6.66,6.85,1091110,15535047.00
2011/08/22,6.84,6.97,6.79,6.83,737532,10632499.00
2011/08/23,6.83,6.98,6.78,6.98,984838,14269843.00
2011/08/24,7.01,7.02,6.90,6.94,911875,13326047.00
2011/08/25,6.94,7.03,6.90,7.02,839394,12293726.00
2011/08/26,6.99,7.38,6.95,7.16,2414057,36547400.00
2011/08/29,7.18,7.34,7.16,7.20,1890208,28648938.00
2011/08/30,7.25,7.29,7.06,7.06,1525713,22965116.00
2011/08/31,7.06,7.10,6.96,7.02,1118395,16443401.00
2011/09/01,7.03,7.10,6.89,6.94,839446,12285025.00
2011/09/02,6.90,6.98,6.88,6.97,584632,8516321.00
2011/09/05,6.99,6.99,6.82,6.85,656969,9481579.00
2011/09/06,6.80,6.88,6.65,6.67,755422,10684688.00
2011/09/07,6.80,6.85,6.68,6.83,481324,6840777.50
2011/09/08,6.83,6.89,6.74,6.76,621184,8878569.00
2011/09/09,6.76,6.86,6.65,6.69,738496,10411924.00
2011/09/13,6.65,6.70,6.48,6.63,595154,8272190.50
2011/09/14,6.70,6.80,6.63,6.78,845269,11928548.00
2011/09/15,6.78,6.85,6.73,6.73,897014,12812246.00
2011/09/16,6.74,6.83,6.74,6.81,817646,11682884.00
2011/09/19,6.80,6.80,6.49,6.49,958106,13364707.00
2011/09/20,6.49,6.59,6.48,6.59,426205,5865469.00
2011/09/21,6.54,6.82,6.53,6.79,771238,10922945.00
2011/09/22,6.73,6.88,6.57,6.58,962061,13576078.00
2011/09/23,6.46,6.51,6.27,6.35,1344463,18104926.00
2011/09/26,6.34,6.50,6.15,6.21,995337,13236392.00
2011/09/28,6.25,6.37,6.07,6.12,1129676,14854411.00
2011/09/29,6.07,6.15,5.72,5.75,1371645,17027682.00
2011/09/30,5.75,5.80,5.65,5.78,822653,9971026.00
2011/10/10,5.79,5.89,5.76,5.77,620703,7671323.50
2011/10/11,5.92,6.01,5.65,5.70,958604,11744764.00
2011/10/12,5.70,5.89,5.60,5.88,1947142,23810146.00
2011/10/13,5.88,5.97,5.82,5.91,1536255,19211796.00
2011/10/14,5.85,5.90,5.81,5.88,829378,10290279.00
2011/10/17,5.88,5.98,5.81,5.84,1329592,16577026.00
2011/10/18,5.79,5.83,5.58,5.58,1140261,13765562.00
2011/10/19,5.56,5.62,5.42,5.53,1150342,13540163.00
2011/10/20,5.50,5.50,5.19,5.23,1107674,12498549.00
2011/10/21,5.23,5.29,4.86,4.94,1615080,17365040.00
2011/10/24,4.95,5.03,4.74,4.88,2304945,23867404.00
2011/10/25,4.85,5.09,4.81,5.05,2525482,26871740.00
2011/10/26,4.98,5.59,4.97,5.59,9092516,106690024.00
2011/10/27,5.70,5.70,5.42,5.50,8092411,95828800.00
2011/10/28,5.55,5.77,5.55,5.62,5636168,67477848.00
2011/10/31,5.61,6.21,5.50,6.14,9392819,117823560.00
2011/11/01,5.99,6.47,5.93,6.38,9452800,123969264.00
2011/11/02,6.20,6.56,6.16,6.50,6774841,90983008.00
2011/11/03,6.53,6.60,6.35,6.36,7171120,97419232.00
2011/11/04,6.35,6.43,6.19,6.26,4754550,63113504.00
2011/11/07,6.30,6.40,6.17,6.26,3402485,45018092.00
2011/11/08,6.20,6.29,6.10,6.15,3039905,39794216.00
2011/11/09,6.18,6.80,6.18,6.80,12829260,178375040.00
2011/11/10,6.85,7.13,6.66,6.86,13386633,193673280.00
2011/11/11,6.87,7.28,6.78,7.04,10396429,154240656.00
2011/11/14,7.08,7.20,6.95,7.19,8040126,119459232.00
2011/11/15,7.13,7.18,7.00,7.04,5236235,77547904.00
2011/11/16,7.04,7.08,6.70,6.76,5541231,79808408.00
2011/11/17,6.74,6.95,6.65,6.86,4142857,59411984.00
2011/11/18,6.75,6.75,6.45,6.46,4736750,65437708.00
2011/11/21,6.41,6.64,6.35,6.58,2650362,36310128.00
2011/11/22,6.53,6.63,6.41,6.61,2908791,40036812.00
2011/11/23,6.59,7.20,6.59,7.06,10739234,157411792.00
2011/11/24,6.95,7.15,6.76,7.01,6359460,92892592.00
2011/11/25,6.90,7.26,6.90,7.04,7219290,107901008.00
2011/11/28,7.00,7.08,6.72,6.78,4714396,67747656.00
2011/11/29,6.81,7.20,6.76,7.18,6213450,91242960.00
2011/11/30,7.15,7.19,6.51,6.75,6162777,89366048.00
2011/12/01,6.98,7.24,6.82,7.07,7806858,115492088.00
2011/12/02,6.98,7.04,6.59,6.65,5408622,77080680.00
2011/12/05,6.65,6.68,6.00,6.02,4660976,61035244.00
2011/12/06,5.98,6.19,5.84,6.09,2340874,29887318.00
2011/12/07,6.10,6.29,6.08,6.20,2150263,28187762.00
2011/12/08,6.11,6.24,5.78,6.13,3494719,44583244.00
2011/12/09,5.96,6.11,5.92,5.96,1861381,23607518.00
2011/12/12,5.95,6.19,5.92,6.02,1881956,24197846.00
2011/12/13,5.95,6.12,5.83,5.98,2398534,30342780.00
2011/12/14,5.95,5.97,5.45,5.46,2932690,35538112.00
2011/12/15,5.45,5.49,5.15,5.21,2305190,25914376.00
2011/12/16,5.26,5.77,5.26,5.77,2863265,33275524.00
2011/12/19,5.78,6.14,5.61,6.02,5670490,71211760.00
2011/12/20,6.02,6.15,5.87,5.89,3369290,42687624.00
2011/12/21,5.94,6.13,5.85,5.85,3024027,38394496.00
2011/12/22,5.75,6.13,5.47,6.07,4643612,58020384.00
2011/12/23,6.07,6.45,5.95,6.25,5450313,71404456.00
2011/12/26,6.20,6.38,6.14,6.16,3585263,47461388.00
2011/12/27,6.10,6.23,5.58,5.64,4417550,54905740.00
2011/12/28,5.40,5.81,5.40,5.81,2890232,34629312.00
2011/12/29,5.87,5.87,5.60,5.70,2417634,29420194.00
2011/12/30,5.71,5.84,5.67,5.77,2211613,27071050.00
2012/01/04,5.80,6.04,5.78,5.83,4118578,51743968.00
2012/01/05,5.74,5.80,5.38,5.39,3814287,45171532.00
2012/01/06,5.23,5.54,5.18,5.48,2490198,28372400.00
2012/01/09,5.48,5.81,5.36,5.77,3119839,37338444.00
2012/01/10,5.77,6.08,5.71,6.00,4941549,61840380.00
2012/01/11,5.98,6.04,5.85,6.00,4056564,51049496.00
2012/01/12,5.96,6.08,5.88,5.90,3360298,42391968.00
2012/01/13,5.91,5.95,5.53,5.61,3120002,37744680.00
2012/01/16,5.54,5.74,5.50,5.53,1496648,17792262.00
2012/01/17,5.55,5.89,5.54,5.85,2544225,30998862.00
2012/01/18,5.86,5.88,5.50,5.52,3586805,43407988.00
2012/01/19,5.39,5.58,5.31,5.36,3187075,36693252.00
2012/01/20,5.40,5.48,5.32,5.44,2966162,33962240.00
2012/01/30,5.45,5.55,5.37,5.39,2705415,31365954.00
2012/01/31,5.39,5.46,5.10,5.28,3691624,41050324.00
2012/02/01,5.25,5.29,5.11,5.15,3321174,36707244.00
2012/02/02,5.21,5.27,5.13,5.26,2543183,28209742.00
2012/02/03,5.29,5.53,5.22,5.43,4388500,50214008.00
2012/02/06,5.45,5.49,5.38,5.49,3937202,45561976.00
2012/02/07,5.58,5.58,5.40,5.45,4493349,52333936.00
2012/02/08,5.43,5.56,5.33,5.56,5671308,66060252.00
2012/02/09,5.61,5.83,5.60,5.61,7192390,87160304.00
2012/02/10,5.56,5.69,5.51,5.64,5245798,62579132.00
2012/02/13,5.55,5.84,5.50,5.70,7157559,86456464.00
2012/02/14,5.71,5.75,5.60,5.66,3833661,46026532.00
2012/02/15,5.66,5.75,5.59,5.75,5078400,61409544.00
2012/02/16,5.75,5.76,5.54,5.63,9464571,113670992.00
2012/02/17,5.66,5.70,5.57,5.61,3429730,41035756.00
2012/02/21,5.64,5.75,5.56,5.73,5590874,67247616.00
2012/02/22,5.72,5.89,5.71,5.88,8687104,106932640.00
2012/02/23,5.85,5.93,5.78,5.83,6250289,77463656.00
2012/02/24,5.83,6.02,5.79,5.98,9088726,113943192.00
2012/02/27,6.00,6.04,5.90,5.90,8579776,108316040.00
2012/02/28,5.89,5.91,5.70,5.82,6113491,75166552.00
2012/02/29,5.80,5.84,5.69,5.69,4562397,55491488.00
2012/03/01,5.66,5.79,5.65,5.72,3069806,37304944.00
2012/03/02,5.74,5.83,5.74,5.83,3565199,43833904.00
2012/03/05,5.88,5.89,5.75,5.76,3813922,46951632.00
2012/03/06,5.75,5.88,5.70,5.86,4783797,58752872.00
2012/03/07,5.81,5.93,5.78,5.83,4512200,56049720.00
2012/03/08,5.84,6.44,5.84,6.30,17584044,231804080.00
2012/03/09,6.24,6.39,6.24,6.37,9819047,130981840.00
2012/03/12,6.38,6.44,6.22,6.31,5076649,67647888.00
2012/03/13,6.31,6.43,6.23,6.39,5155642,69126496.00
2012/03/14,6.40,6.44,5.83,5.91,9385922,121791680.00
2012/03/15,5.87,5.95,5.60,5.72,4889331,59708572.00
2012/03/16,5.74,5.88,5.68,5.86,3255222,39993356.00
2012/03/19,5.86,6.00,5.76,5.96,3690090,46265684.00
2012/03/20,5.95,5.95,5.75,5.77,2664192,32934296.00
2012/03/21,5.76,5.87,5.65,5.79,2552705,31155676.00
2012/03/22,5.79,5.85,5.74,5.81,2480197,30484984.00
2012/03/23,5.75,5.75,5.38,5.46,5179438,61234292.00
2012/03/26,5.46,5.50,5.35,5.39,2377830,27368166.00
2012/03/28,5.40,5.43,5.16,5.17,3053994,33993504.00
2012/03/29,5.18,5.24,5.00,5.13,2898403,31716406.00
2012/03/30,5.10,5.16,4.88,4.96,2955275,31502560.00
2012/04/05,4.96,5.11,4.95,5.10,2073574,22365416.00
2012/04/06,5.10,5.31,5.08,5.21,2787087,31066992.00
2012/04/09,5.23,5.35,5.12,5.14,2568386,28732440.00
2012/04/10,5.15,5.22,5.01,5.22,1714181,18729682.00
2012/04/11,5.15,5.22,5.11,5.19,1360029,14995222.00
2012/04/12,5.20,5.29,5.20,5.29,2224579,24935632.00
2012/04/13,5.30,5.32,5.25,5.30,2235896,25184304.00
2012/04/16,5.28,5.29,5.23,5.28,1718660,19292746.00
2012/04/17,5.26,5.29,5.14,5.14,2061871,22854576.00
2012/04/18,5.13,5.30,5.11,5.30,2616681,29278462.00
2012/04/19,5.30,5.32,5.23,5.25,2026328,22749876.00
2012/04/20,5.25,5.81,5.25,5.72,11582842,139887680.00
2012/04/23,5.62,5.95,5.50,5.80,9208093,113318200.00
2012/04/24,5.75,5.75,5.34,5.61,6647155,78281752.00
2012/04/25,5.59,5.88,5.48,5.75,6488642,78679360.00
2012/04/26,5.74,5.80,5.55,5.66,3795890,45635208.00
2012/04/27,5.69,5.69,5.54,5.54,2480891,29416598.00
2012/05/02,5.63,5.68,5.45,5.52,5178844,60879808.00
2012/05/03,5.55,5.55,5.38,5.48,3754458,43536224.00
2012/05/04,5.49,5.55,5.44,5.51,2564385,30009984.00
2012/05/07,5.48,5.85,5.47,5.80,6368525,77211016.00
2012/05/08,5.75,5.86,5.66,5.69,3608451,43872024.00
2012/05/09,5.68,5.75,5.59,5.74,2409921,29006662.00
2012/05/10,5.70,5.80,5.65,5.66,2953414,35862408.00
2012/05/11,5.66,5.75,5.64,5.65,1978849,23811362.00
2012/05/14,5.75,5.75,5.65,5.66,1896791,22943540.00
2012/05/15,5.59,5.75,5.55,5.75,2626632,31727310.00
2012/05/16,5.70,5.78,5.63,5.65,1999809,24126984.00
2012/05/17,5.65,5.75,5.63,5.74,1679478,20316886.00
2012/05/18,5.73,5.73,5.50,5.50,2141064,25608368.00
2012/05/21,5.55,5.75,5.48,5.49,2234021,26630304.00
2012/05/22,5.51,5.64,5.43,5.58,2137200,25075824.00
2012/05/23,5.56,5.63,5.48,5.49,1582250,18658110.00
2012/05/24,5.43,5.60,5.43,5.45,1501714,17560352.00
2012/05/25,5.45,5.70,5.43,5.67,3937442,46948252.00
2012/05/28,5.68,6.20,5.63,6.09,10706626,135104112.00
2012/05/29,6.05,6.42,5.96,6.13,14362245,188973200.00
2012/05/31,6.13,6.70,6.08,6.55,15588853,212311088.00
2012/06/01,6.53,6.53,6.23,6.44,7738916,104451336.00
2012/06/04,6.32,6.53,6.28,6.34,5804905,78379552.00
2012/06/05,6.34,6.64,6.34,6.42,5839819,79855544.00
2012/06/06,6.40,6.50,6.20,6.35,3381725,44985628.00
2012/06/07,6.40,6.66,6.30,6.51,7680489,105742848.00
2012/06/08,6.63,6.69,6.32,6.41,4743655,64812504.00
2012/06/11,6.35,6.58,6.21,6.46,5528014,74996472.00
2012/06/12,6.45,6.75,6.41,6.65,7274216,101084416.00
2012/06/13,6.65,6.88,6.55,6.80,5776863,81910936.00
2012/06/14,6.80,6.80,6.68,6.73,3074329,43580392.00
2012/06/15,6.73,6.95,6.55,6.61,5170021,73080408.00
2012/06/18,6.54,6.72,6.51,6.68,4605608,64101292.00
2012/06/19,6.61,6.98,6.40,6.79,7098678,101735040.00
2012/06/20,6.79,6.90,6.74,6.74,3193000,45783632.00
2012/06/21,6.94,6.94,6.73,6.79,3310975,47488104.00
2012/06/25,6.78,6.79,6.50,6.57,3169259,44236396.00
2012/06/26,6.55,6.71,6.26,6.48,3736335,50608864.00
2012/06/27,6.47,6.58,6.34,6.43,1476714,20147480.00
2012/06/28,6.43,6.55,6.24,6.31,1823862,24388486.00
2012/06/29,6.28,6.51,6.11,6.45,1654490,22056664.00
2012/07/02,6.38,6.55,5.99,6.02,7008875,91041616.00
2012/07/03,6.03,6.13,5.92,6.05,2333249,29833884.00
2012/07/04,6.09,6.15,5.97,6.12,1598938,20317658.00
2012/07/05,6.05,6.10,5.81,5.94,1716227,21400566.00
2012/07/06,5.87,6.15,5.87,6.09,2115528,26817696.00
2012/07/09,5.98,6.24,5.96,6.14,3492218,44865792.00
2012/07/10,6.08,6.28,6.08,6.16,2406954,31296134.00
2012/07/11,6.16,6.31,6.07,6.15,2247428,29150164.00
2012/07/12,6.07,6.25,5.89,6.08,3150537,40226352.00
2012/07/13,6.11,6.21,5.79,5.80,4642402,57807016.00
2012/07/16,5.80,5.86,5.43,5.46,5952437,69534912.00
2012/07/17,5.50,5.71,5.37,5.67,2771178,32667014.00
2012/07/18,5.67,5.69,5.55,5.66,1674209,19811110.00
2012/07/19,5.68,5.73,5.63,5.68,1186144,14189875.00
2012/07/20,5.70,5.75,5.60,5.64,1191037,14267827.00
2012/07/23,6.02,6.02,5.67,5.69,2684384,32601186.00
2012/07/24,5.60,5.73,5.51,5.67,1139820,13492250.00
2012/07/25,5.67,5.95,5.64,5.67,2563461,31197320.00
2012/07/26,5.69,5.83,5.69,5.77,2225912,27080602.00
2012/07/27,5.77,5.77,5.64,5.70,950971,11394996.00
2012/07/30,5.70,5.73,5.47,5.56,2227683,26139696.00
2012/07/31,5.45,5.57,5.44,5.47,660875,7642490.50
2012/08/01,5.55,5.78,5.48,5.63,1588790,18854390.00
2012/08/02,5.61,5.66,5.49,5.52,1543668,18050202.00
2012/08/03,5.60,5.64,5.52,5.58,1498694,17605150.00
2012/08/06,5.53,5.69,5.53,5.66,1572341,18670214.00
2012/08/07,5.66,5.82,5.66,5.79,2021461,24460162.00
2012/08/08,5.79,5.80,5.64,5.75,1080378,13009111.00
2012/08/09,5.75,5.80,5.60,5.79,1721725,20727564.00
2012/08/10,5.78,5.80,5.69,5.78,1021409,12364799.00
2012/08/13,5.80,5.85,5.71,5.77,1545951,18859894.00
2012/08/14,5.74,5.78,5.65,5.75,1260036,15153251.00
2012/08/15,5.75,5.75,5.57,5.58,1649254,19552668.00
2012/08/16,5.65,5.79,5.56,5.76,1961598,23602762.00
2012/08/17,5.76,5.79,5.70,5.76,545629,6582941.00
2012/08/20,5.75,6.02,5.75,5.96,2785961,34641952.00
2012/08/21,6.05,6.18,5.95,6.02,2785401,35596392.00
2012/08/22,6.02,6.44,6.02,6.38,5600598,73900560.00
2012/08/23,6.37,6.45,6.28,6.31,4544015,60403840.00
2012/08/24,6.31,6.53,6.24,6.38,4565498,61422416.00
2012/08/27,6.36,6.38,5.85,5.97,4882818,62054296.00
2012/08/28,5.97,6.14,5.90,5.95,2062642,25989812.00
2012/08/29,5.98,6.49,5.98,6.33,3308553,43621440.00
2012/08/30,6.24,6.45,6.10,6.29,2000400,26374536.00
2012/08/31,6.24,6.29,6.10,6.19,1355313,17515388.00
2012/09/03,6.19,6.41,6.14,6.39,1464364,19384568.00
2012/09/04,6.39,6.48,6.24,6.25,1706497,22696422.00
2012/09/05,6.24,6.40,6.15,6.20,1178237,15529966.00
2012/09/06,6.23,6.43,6.23,6.30,1542241,20472070.00
2012/09/07,6.43,6.85,6.40,6.73,6504452,90493264.00
2012/09/10,6.73,7.36,6.69,7.07,9219810,134587872.00
2012/09/11,6.99,7.07,6.78,6.88,4303346,62038496.00
2012/09/12,6.94,7.04,6.79,6.95,2893234,41670484.00
2012/09/13,6.94,6.94,6.77,6.79,2130182,30350228.00
2012/09/14,6.83,6.89,6.61,6.74,2516757,35327032.00
2012/09/17,6.70,6.73,6.53,6.54,2164234,29943190.00
2012/09/18,6.51,6.66,6.46,6.60,1363635,18722214.00
2012/09/19,6.60,6.80,6.54,6.70,1304097,18266636.00
2012/09/20,6.70,6.90,6.51,6.80,2954213,41589372.00
2012/09/21,6.70,6.74,6.53,6.55,2292778,31701098.00
2012/09/24,6.44,6.69,6.43,6.61,959227,13240377.00
2012/09/25,6.62,6.85,6.58,6.78,1983496,27992002.00
2012/09/26,6.79,6.83,6.72,6.73,1942666,27501536.00
2012/09/27,6.70,6.80,6.45,6.77,2643094,36582456.00
2012/09/28,6.71,6.84,6.63,6.79,1997628,28212594.00
2012/10/11,7.08,7.15,6.83,6.86,5892577,85969760.00
2012/10/12,7.14,7.20,6.89,6.95,4311203,62957872.00
2012/10/15,6.89,7.02,6.86,6.89,2432586,35114000.00
2012/10/16,6.91,7.14,6.91,6.98,2480662,36279816.00
2012/10/17,7.04,7.05,6.85,6.90,1827626,26381686.00
2012/10/18,6.87,6.93,6.81,6.90,2038056,29264258.00
2012/10/19,6.90,7.02,6.79,6.84,1597962,22856728.00
2012/10/22,6.89,7.56,6.89,7.52,11259750,172035680.00
2012/10/23,7.50,7.58,7.39,7.48,4620694,71724200.00
2012/10/24,7.43,7.58,7.21,7.26,5767417,88630856.00
2012/10/25,7.26,7.52,7.23,7.30,3862865,59304404.00
2012/10/26,7.30,7.33,7.11,7.28,3038454,45685852.00
2012/10/29,7.20,7.39,7.16,7.30,2379176,36225552.00
2012/10/30,7.30,7.43,7.02,7.07,3197069,47624256.00
2012/10/31,7.05,7.30,7.05,7.23,3072036,46034692.00
2012/11/01,7.26,7.42,7.25,7.31,2857098,43552156.00
2012/11/02,7.34,7.35,7.09,7.15,3221272,48038296.00
2012/11/05,7.19,7.25,7.12,7.19,1688203,25240514.00
2012/11/06,7.15,7.27,6.95,7.22,2128969,31560708.00
2012/11/07,7.22,7.32,7.15,7.27,2154788,32565428.00
2012/11/08,7.20,7.24,7.00,7.00,2104053,31185260.00
2012/11/09,6.95,7.16,6.93,6.97,1780630,26179434.00
2012/11/12,6.93,7.08,6.80,6.93,1398302,20169140.00
2012/11/13,6.96,7.00,6.78,6.78,1066338,15294312.00
2012/11/14,6.78,6.80,6.69,6.76,1359016,19110580.00
2012/11/15,6.74,6.88,6.69,6.69,1051842,14903012.00
2012/11/16,6.69,6.69,6.44,6.61,2843227,38940844.00
2012/11/19,6.60,6.63,6.34,6.53,1924755,26066714.00
2012/11/20,6.55,6.62,6.33,6.52,1971664,26561054.00
2012/11/21,6.46,6.61,6.39,6.61,1179233,16043588.00
2012/11/22,6.61,6.61,6.49,6.53,639048,8745879.00
2012/11/23,6.59,6.65,6.50,6.59,2119925,29129790.00
2012/11/26,6.49,6.62,6.49,6.50,1223369,16798740.00
2012/11/27,6.50,6.53,6.33,6.33,1771362,23825836.00
2012/11/28,6.21,6.23,6.05,6.19,2073227,26719606.00
2012/11/29,6.18,6.51,6.18,6.33,1819498,24384464.00
2012/11/30,6.42,6.63,6.34,6.48,1538155,21037692.00
2012/12/03,6.48,6.76,6.45,6.52,1701386,23547476.00
2012/12/04,6.48,6.63,6.41,6.59,881700,12112239.00
2012/12/05,6.59,7.02,6.53,6.92,2740194,39175228.00
2012/12/06,6.90,7.04,6.72,6.79,2531644,36101520.00
2012/12/07,6.73,6.97,6.72,6.92,2236253,32098708.00
2012/12/10,6.91,7.17,6.86,7.14,3153853,46657012.00
2012/12/11,7.11,7.24,7.00,7.13,2636405,39189356.00
2012/12/12,7.09,7.17,7.06,7.11,1128355,16712541.00
2012/12/13,7.10,7.13,6.90,6.92,1326703,19413928.00
2012/12/14,6.89,7.25,6.87,7.17,3124770,46428880.00
2012/12/17,7.17,7.24,6.97,7.05,3444398,50882704.00
2012/12/18,7.05,7.10,6.90,6.97,2409912,35329572.00
2012/12/19,6.96,7.04,6.85,6.90,2751894,39676640.00
2012/12/20,6.90,6.98,6.81,6.96,2588021,37270920.00
2012/12/21,6.97,7.14,6.95,7.07,3143713,46425200.00
2012/12/24,7.12,7.12,7.03,7.05,1812246,26712366.00
2012/12/25,7.05,7.32,6.97,7.28,4403915,66238560.00
2012/12/26,7.30,7.57,7.28,7.45,4896370,75738128.00
2012/12/27,7.45,7.50,7.28,7.30,2723911,41634732.00
2012/12/28,7.30,7.40,7.21,7.40,2812462,42662432.00
2012/12/31,7.43,7.56,7.32,7.33,4089977,63001776.00
2013/01/04,7.34,7.42,7.19,7.37,2875036,43576724.00
2013/01/07,7.40,7.77,7.40,7.60,5231128,82789368.00
2013/01/08,7.59,7.84,7.53,7.81,6263000,99902168.00
2013/01/09,7.79,7.88,7.62,7.71,4496935,72592856.00
2013/01/10,7.71,8.05,7.70,7.98,5868002,96387584.00
2013/01/11,7.98,8.08,7.82,7.83,4163127,68594968.00
2013/01/14,7.85,8.13,7.73,8.09,5200330,86076504.00
2013/01/15,8.09,8.29,7.95,8.08,4919039,82677296.00
2013/01/16,8.03,8.19,7.98,8.14,3124995,52355120.00
2013/01/17,8.15,8.18,7.78,7.92,5016165,82239048.00
2013/01/18,7.91,7.98,7.70,7.89,5157671,83850472.00
2013/01/21,7.90,7.92,7.75,7.90,2976045,48539076.00
2013/01/22,7.85,8.10,7.73,7.84,3540695,58145448.00
2013/01/23,7.80,7.84,7.59,7.75,4043778,64923440.00
2013/01/24,7.73,7.82,7.36,7.47,5352563,84811672.00
2013/01/25,7.42,7.61,7.42,7.50,1709954,26803052.00
2013/01/28,7.58,7.83,7.53,7.81,3222964,51818652.00
2013/01/29,7.83,7.88,7.76,7.79,3399597,55140932.00
2013/01/30,7.79,7.88,7.70,7.78,2467923,39958128.00
2013/01/31,7.73,7.91,7.73,7.82,2168113,35223068.00
2013/02/01,7.77,7.82,7.62,7.70,2126095,34054376.00
2013/02/04,7.72,7.80,7.40,7.47,3310296,51670076.00
2013/02/05,7.53,7.64,7.47,7.61,1841411,29002042.00
2013/02/06,7.59,7.72,7.51,7.67,2571944,40713768.00
2013/02/07,7.65,7.75,7.50,7.74,1964410,31119520.00
2013/02/08,7.69,7.99,7.69,7.92,2968561,48773760.00
2013/02/18,7.94,8.15,7.90,7.90,2492487,41436460.00
2013/02/19,7.84,7.95,7.49,7.60,2233149,35599052.00
2013/02/20,7.60,7.72,7.43,7.69,2853927,44720092.00
2013/02/21,7.63,7.65,7.33,7.38,3390988,52339308.00
2013/02/22,7.37,7.59,7.37,7.45,2677701,41806904.00
2013/02/25,7.46,7.58,7.46,7.52,1572455,24624850.00
2013/02/26,7.48,7.59,7.29,7.30,2708707,41733604.00
2013/02/27,7.28,7.37,7.22,7.24,1946465,29477862.00
2013/02/28,7.34,7.56,7.33,7.54,3006678,46717312.00
2013/03/01,7.55,7.67,7.47,7.60,2535679,39848492.00
2013/03/04,7.45,7.48,6.81,7.00,5601611,83206232.00
2013/03/05,6.99,7.13,6.82,7.00,4261916,62215696.00
2013/03/06,7.00,7.17,7.00,7.05,3658308,54009612.00
2013/03/07,7.08,7.33,7.08,7.24,6401593,95678144.00
2013/03/08,7.24,7.27,7.11,7.14,1925343,28806738.00
2013/03/11,7.14,7.33,6.90,7.20,2864356,42806856.00
2013/03/12,7.21,7.33,6.95,7.09,2982030,44506276.00
2013/03/13,7.00,7.09,6.66,6.94,4026322,57436280.00
2013/03/14,6.86,6.98,6.81,6.85,1810191,26021920.00
2013/03/15,6.85,6.99,6.69,6.86,1912533,27316736.00
2013/03/18,6.80,6.87,6.68,6.68,1981908,27824972.00
2013/03/19,6.71,6.83,6.64,6.71,2747689,38590868.00
2013/03/20,6.72,7.01,6.72,6.98,3232795,46636324.00
2013/03/21,7.00,7.18,6.99,7.05,3390048,50014464.00
2013/03/22,7.05,7.15,7.00,7.08,1956146,28814286.00
2013/03/25,7.09,7.15,6.97,6.99,2539358,37206756.00
2013/03/26,6.97,7.10,6.97,7.07,2554317,37414296.00
2013/03/27,7.09,7.15,6.99,7.03,1838346,27009494.00
2013/03/28,7.02,7.02,6.74,6.76,3029572,43471856.00
2013/03/29,6.84,6.84,6.69,6.73,1880021,26450760.00
2013/04/01,6.73,6.97,6.73,6.89,2769296,39812344.00
2013/04/02,6.93,7.25,6.90,7.14,6245008,92541336.00
2013/04/03,7.06,7.24,6.95,7.05,2458230,36227388.00
2013/04/08,6.99,7.08,6.73,7.08,1428100,20631800.00
2013/04/09,7.07,7.44,7.07,7.38,5716633,87268984.00
2013/04/10,7.35,7.40,7.18,7.30,3226737,48841576.00
2013/04/11,7.32,7.40,7.15,7.22,2680051,40511748.00
2013/04/12,7.21,7.35,7.09,7.13,1835309,27468522.00
2013/04/15,7.13,7.25,7.00,7.25,1965085,29378838.00
2013/04/16,7.20,7.51,7.14,7.48,5134026,79037552.00
2013/04/17,7.44,7.68,7.41,7.65,7098106,112324248.00
2013/04/18,7.65,7.73,7.56,7.59,3742213,59470056.00
2013/04/19,7.56,7.76,7.54,7.72,4846042,77579456.00
2013/04/22,7.77,7.93,7.60,7.70,3701524,59309040.00
2013/04/23,7.70,7.70,7.50,7.54,3755222,59036540.00
2013/04/24,7.50,7.74,7.50,7.70,3077091,48912856.00
2013/04/25,7.68,7.82,7.53,7.80,4404277,70669416.00
2013/04/26,7.80,7.82,7.59,7.60,4295435,68653704.00
2013/05/02,7.55,7.64,7.37,7.58,2076522,32494100.00
2013/05/03,7.58,7.84,7.54,7.82,4470608,72117720.00
2013/05/06,7.85,7.92,7.70,7.90,4907773,79504072.00
2013/05/07,7.86,7.93,7.76,7.88,2743538,44596904.00
2013/05/08,7.90,8.03,7.82,7.98,3883716,63977668.00
2013/05/09,7.95,8.00,7.66,7.76,3576153,57748516.00
2013/05/10,7.77,7.82,7.63,7.80,2937145,47029000.00
2013/05/13,7.83,7.85,7.69,7.73,1739283,28051440.00
2013/05/14,7.70,7.70,7.45,7.49,3040701,47563916.00
2013/05/15,7.45,7.98,7.45,7.96,5588384,90406040.00
2013/05/16,7.90,8.63,7.90,8.36,10688730,183530976.00
2013/05/17,8.31,8.83,8.26,8.78,9705840,174454736.00
2013/05/20,8.85,8.95,8.67,8.84,7737757,141337264.00
2013/05/21,8.84,9.28,8.75,9.28,5338915,99487632.00
2013/05/22,9.22,9.74,8.94,9.24,7998522,155275696.00
2013/05/23,9.24,9.49,9.10,9.30,3185782,61126692.00
2013/05/24,9.28,9.36,9.16,9.30,1967276,37604340.00
2013/05/27,9.30,9.49,9.10,9.19,3757344,71709896.00
2013/05/28,9.10,9.17,8.81,8.93,3343044,62082744.00
2013/05/29,8.90,9.85,8.90,9.85,10626849,211465600.00
2013/05/30,9.97,10.20,9.86,10.19,7903027,163510128.00
2013/05/31,10.15,10.15,9.75,9.80,5474838,112297048.00
2013/06/03,9.90,10.03,9.70,9.90,2014528,40585892.00
2013/06/04,9.90,9.93,9.14,9.48,3039554,58486504.00
2013/06/05,9.48,9.94,9.32,9.94,3487089,69734200.00
2013/06/06,9.84,10.04,9.30,9.41,3285102,64791284.00
2013/06/07,9.40,9.70,9.32,9.59,2260189,43960160.00
2013/06/13,9.38,9.56,8.70,9.44,3733559,69464840.00
2013/06/14,9.45,9.94,9.45,9.78,2334204,46548972.00
2013/06/17,9.80,9.95,9.55,9.72,2450617,48536728.00
2013/06/18,9.76,9.80,9.23,9.26,3326102,63805672.00
2013/06/19,9.06,9.45,9.06,9.35,1384813,26355946.00
2013/06/20,9.35,9.48,8.80,8.84,1959120,36874660.00
2013/06/21,8.55,9.09,8.46,8.89,1885171,33904200.00
2013/06/24,8.85,8.95,8.31,8.60,2335959,41416152.00
2013/06/25,8.38,8.90,8.05,8.84,3711414,65117224.00
2013/06/26,8.92,9.28,8.85,9.20,2578884,48122400.00
2013/06/27,9.25,9.44,8.89,8.94,1892796,35487920.00
2013/06/28,8.80,9.84,8.74,9.05,3863019,74138400.00
2013/07/01,9.16,9.60,9.07,9.49,2732275,52355060.00
2013/07/02,9.55,9.73,9.31,9.69,3181290,61828480.00
2013/07/03,9.64,9.69,9.30,9.56,2740402,53272796.00
2013/07/04,9.41,9.95,9.38,9.78,3198846,63735848.00
2013/07/05,9.78,10.03,9.67,9.70,2773940,55887300.00
2013/07/08,9.64,9.64,9.31,9.43,1826202,35283912.00
2013/07/09,9.43,9.85,9.33,9.81,2060735,40323916.00
2013/07/10,10.03,10.41,9.86,10.20,5804690,120494832.00
2013/07/11,10.25,10.50,10.08,10.30,6529792,138080656.00
2013/07/12,10.32,10.70,10.16,10.52,9135224,194854016.00
2013/07/15,10.80,11.59,10.70,11.59,10113490,230449984.00
2013/07/16,11.50,12.00,11.38,11.80,6144716,145966448.00
2013/07/17,11.65,11.79,11.30,11.44,2543100,59707092.00
2013/07/18,11.35,11.61,11.14,11.19,4182586,95885616.00
2013/07/19,11.19,11.37,10.89,10.95,3815510,86115904.00
2013/07/22,10.88,11.24,10.81,11.13,3013158,67839232.00
2013/07/23,11.18,11.53,11.18,11.52,3745538,86706416.00
2013/07/24,11.54,11.65,11.15,11.30,3395389,78306184.00
2013/07/25,11.30,11.49,10.56,10.56,4588512,101969696.00
2013/07/26,10.64,11.00,10.55,10.70,1834622,40217104.00
2013/07/29,10.65,10.85,10.25,10.84,2493069,53513584.00
2013/07/30,10.85,11.04,10.53,10.95,2087204,46325016.00
2013/07/31,10.95,11.76,10.95,11.44,4158956,96854952.00
2013/08/01,11.63,11.70,11.16,11.59,3883673,90343880.00
2013/08/02,11.63,11.99,11.32,11.47,4637621,110062096.00
2013/08/05,11.35,11.82,11.34,11.74,2166479,51523740.00
2013/08/06,11.61,11.92,11.60,11.72,2169977,51832484.00
2013/08/07,11.72,12.16,11.35,11.95,3458527,83087016.00
2013/08/08,11.90,12.00,11.71,11.79,1901978,45788536.00
2013/08/09,11.73,12.05,11.35,11.51,1626546,38340764.00
2013/08/12,11.44,11.71,11.44,11.68,1624674,38385592.00
2013/08/13,12.08,12.80,12.08,12.19,3754051,93498160.00
2013/08/14,12.25,12.40,11.94,12.00,2387206,58748872.00
2013/08/15,12.21,13.20,12.21,12.72,4769877,122650720.00
2013/08/16,12.63,12.98,12.48,12.54,3493573,89887008.00
2013/08/19,12.54,12.99,12.35,12.76,3775214,97498616.00
2013/08/20,12.70,12.91,12.32,12.42,4316939,109432968.00
2013/08/21,12.31,12.47,12.24,12.32,1935799,48520544.00
2013/08/22,12.31,12.43,12.14,12.18,1995096,49775268.00
2013/08/23,12.25,12.60,12.16,12.54,3493418,88322552.00
2013/08/26,12.50,12.63,12.30,12.56,2357564,59649920.00
2013/08/27,12.53,12.55,12.20,12.33,1790155,44848196.00
2013/08/28,12.28,12.30,11.95,11.99,2380015,58606756.00
2013/08/29,11.95,12.20,11.84,11.99,1147141,28006190.00
2013/08/30,11.94,12.13,11.51,11.53,1858258,44790256.00
2013/09/09,12.15,12.70,12.13,12.23,6516536,163300608.00
2013/09/10,12.24,12.61,12.08,12.38,3697187,92951392.00
2013/09/11,12.33,12.55,12.10,12.41,2877712,72227088.00
2013/09/12,12.33,12.47,12.17,12.30,1255450,31291542.00
2013/09/13,12.18,12.29,11.71,11.99,2279390,55315528.00
2013/09/16,11.96,12.04,11.85,11.99,974923,23729750.00
2013/09/17,11.98,12.25,11.89,11.95,1248146,30670354.00
2013/09/18,11.90,11.92,11.46,11.66,1773345,42196300.00
2013/09/23,11.65,11.89,11.51,11.81,1389763,32942004.00
2013/09/24,11.80,11.80,11.55,11.58,1293370,30541372.00
2013/09/25,11.63,11.74,11.54,11.70,1595047,37710480.00
2013/09/26,11.67,11.70,11.52,11.60,1753341,41482336.00
2013/09/27,11.55,11.68,11.40,11.55,1733447,40753916.00
2013/09/30,11.57,11.92,11.57,11.81,1405594,33775512.00
2013/10/08,11.81,11.81,11.48,11.73,1795272,42398384.00
2013/10/09,11.78,12.61,11.78,12.47,4890824,123125792.00
2013/10/10,12.50,12.60,12.31,12.53,2539610,64395752.00
2013/10/11,12.62,13.31,12.62,13.24,6094528,161759056.00
2013/10/14,13.35,14.50,13.35,13.90,10454388,296048608.00
2013/10/15,13.86,14.03,13.53,13.78,3635164,100867328.00
2013/10/16,13.65,13.70,13.04,13.08,3657862,98577952.00
2013/10/17,13.24,13.40,12.81,13.15,2558759,68196984.00
2013/10/18,13.15,13.30,12.98,13.11,1482340,39492460.00
2013/10/21,13.12,13.89,13.05,13.78,2537320,70027632.00
2013/10/22,13.66,13.88,12.65,12.78,4269459,113333520.00
2013/10/23,12.79,13.00,12.43,12.96,2947099,76367232.00
2013/10/24,12.93,12.94,12.53,12.63,1005934,25991130.00
2013/10/25,12.62,12.88,12.11,12.65,2036704,51598812.00
2013/10/28,12.66,13.06,12.48,13.05,1430544,37266444.00
2013/10/29,13.00,13.65,12.30,13.33,3053198,81628056.00
2013/10/30,13.62,13.99,13.48,13.76,4604140,128181904.00
2013/10/31,13.74,13.74,13.35,13.50,1469659,40248964.00
2013/11/01,13.43,14.04,13.43,13.69,3522764,98684056.00
2013/11/04,13.35,14.13,13.18,14.04,3441918,96520960.00
2013/11/05,14.25,14.30,13.55,13.97,3007548,84209976.00
2013/11/06,13.95,13.95,13.48,13.50,3682273,101697736.00
2013/11/07,13.38,13.85,13.13,13.57,2220506,60733712.00
2013/11/08,13.32,13.82,13.32,13.59,2919552,81018080.00
2013/11/11,13.63,13.89,13.30,13.37,2917082,80417864.00
2013/11/12,13.30,13.45,13.14,13.25,1488386,39991004.00
2013/11/13,13.24,13.41,13.10,13.13,1426703,38387848.00
2013/11/14,13.06,13.74,12.85,13.60,2108855,57202804.00
2013/11/15,13.65,13.94,13.65,13.77,2318685,64975448.00
2013/11/18,13.76,14.05,13.65,13.98,1593270,44823372.00
2013/11/19,13.98,14.10,13.70,13.85,1418156,40002988.00
2013/11/20,13.89,13.94,13.72,13.83,964409,27045842.00
2013/11/21,13.73,14.79,13.70,14.75,4016637,117256000.00
2013/11/22,14.73,14.85,14.26,14.75,3139529,93227344.00
2013/11/25,14.73,15.04,14.41,14.70,2410241,72174768.00
2013/11/26,14.65,14.95,14.48,14.56,1981450,59082988.00
2013/11/27,14.79,15.00,14.56,14.70,1865103,55850436.00
2013/11/28,14.84,14.85,14.40,14.50,3228259,95020824.00
2013/11/29,14.50,14.57,14.23,14.35,2523325,73403720.00
2013/12/02,14.05,14.10,13.21,13.48,3164640,87609096.00
2013/12/03,13.48,13.86,13.24,13.76,1741670,48033608.00
2013/12/04,13.63,14.03,13.63,13.81,1626942,45951892.00
2013/12/05,13.80,13.82,13.25,13.32,2999328,81520712.00
2013/12/06,13.20,13.44,13.11,13.20,2565830,68684032.00
2013/12/09,13.21,13.68,13.21,13.67,2649874,72954888.00
2013/12/10,13.73,14.05,13.73,13.92,2399039,67617480.00
2013/12/11,13.92,14.02,13.67,14.00,1674584,46962788.00
2013/12/12,13.85,14.04,13.72,13.72,1882592,52977968.00
2013/12/13,13.66,13.75,13.28,13.40,2941347,80166936.00
2013/12/16,13.40,13.54,12.73,12.85,3928548,103546016.00
2013/12/17,12.85,13.05,12.49,12.64,2708666,69626128.00
2013/12/18,12.60,12.83,12.51,12.69,1130208,29140956.00
2013/12/19,12.73,12.83,12.41,12.41,2760941,70147072.00
2013/12/20,12.45,12.55,12.31,12.40,1715698,43380128.00
2013/12/23,12.40,12.95,12.07,12.65,2302515,58925752.00
2013/12/24,12.65,12.91,12.65,12.88,1766036,46053364.00
2013/12/25,12.97,13.19,12.76,13.17,2242947,59333040.00
2013/12/26,13.10,13.27,12.75,12.87,1240470,32663286.00
2013/12/27,12.87,13.05,12.81,12.99,1190474,31310796.00
2013/12/30,13.04,13.05,11.85,12.85,3064508,78672368.00
2013/12/31,12.70,13.03,12.69,12.99,1493342,38987872.00
2014/01/02,12.99,13.32,12.86,13.22,2030239,54186800.00
2014/01/03,13.16,13.28,12.88,12.95,1232114,32540652.00
2014/01/06,12.96,13.59,12.96,13.59,5171306,139668320.00
2014/01/07,13.44,13.95,13.20,13.38,4911087,135102704.00
2014/01/08,13.38,13.55,13.05,13.19,2495176,67047336.00
2014/01/09,13.07,13.39,12.70,13.02,3792282,100068112.00
2014/01/10,13.00,13.00,12.21,12.59,3471466,88493512.00
2014/01/13,12.30,12.59,12.25,12.32,1618294,40838416.00
2014/01/14,12.33,12.42,11.94,12.39,2638597,65285660.00
2014/01/15,12.38,12.47,12.23,12.44,1435415,36013244.00
2014/01/16,12.48,12.54,12.17,12.22,2442169,61008000.00
2014/01/17,12.19,12.20,11.30,11.48,5334832,126786976.00
2014/01/20,11.48,11.79,11.26,11.74,3267440,76830856.00
2014/01/21,11.73,11.78,11.35,11.39,3607151,84548568.00
2014/01/22,11.35,12.22,11.25,12.06,7260616,172053936.00
2014/01/23,12.00,12.07,11.82,12.05,2130766,51835588.00
2014/01/24,11.99,12.81,11.88,12.56,5307342,135400320.00
2014/01/27,12.45,12.70,12.24,12.30,3302262,83008888.00
2014/01/28,12.28,12.49,11.79,11.85,4529539,110391096.00
2014/01/29,11.85,11.94,11.78,11.88,1308945,31565430.00
2014/01/30,11.85,11.92,11.68,11.91,1516168,36381540.00
2014/02/07,11.78,12.11,11.54,12.08,2448142,58825332.00
2014/02/10,12.05,12.47,12.04,12.35,3451002,86248368.00
2014/02/11,12.42,12.42,12.21,12.32,2111823,52788200.00
2014/02/12,12.37,13.17,12.34,12.83,5114813,133146008.00
2014/02/13,12.80,12.80,12.43,12.49,3932604,100758144.00
2014/02/14,12.50,12.93,12.31,12.83,2655431,68536928.00
2014/02/17,12.83,12.85,12.60,12.85,2539080,65531044.00
2014/02/18,12.82,12.82,12.53,12.55,2088620,53589612.00
2014/02/19,12.57,12.68,12.43,12.45,1663514,42276856.00
2014/02/20,12.47,12.75,12.29,12.50,2273650,57771392.00
2014/02/21,12.46,12.47,12.25,12.34,1328337,33278906.00
2014/02/24,12.30,12.30,11.25,11.47,5111542,120114280.00
2014/02/25,11.41,11.41,11.01,11.05,4536440,103099544.00
2014/02/26,11.18,11.27,10.63,10.94,3381243,74829368.00
2014/02/27,10.93,11.19,10.91,10.99,2360609,53261196.00
2014/02/28,10.99,11.38,10.90,11.33,1556548,35317192.00
2014/03/03,11.35,11.63,11.21,11.58,1830896,42647244.00
2014/03/04,11.50,11.57,11.28,11.47,1223356,28529374.00
2014/03/05,11.45,11.55,10.90,10.91,2729777,61893144.00
2014/03/06,10.93,11.24,10.77,11.19,2717690,61102896.00
2014/03/07,11.21,11.21,11.00,11.05,1397163,31536834.00
2014/03/10,10.92,10.92,10.44,10.50,1876542,40689764.00
2014/03/11,10.50,10.50,9.80,10.26,2969171,61769368.00
2014/03/12,10.15,11.20,10.13,10.93,4016922,88455952.00
2014/03/13,10.95,11.03,10.63,10.73,1898113,41614552.00
2014/03/14,10.73,10.98,10.65,10.80,1519219,33564856.00
2014/03/17,10.87,10.98,10.69,10.88,2142875,47209976.00
2014/03/18,10.90,10.90,10.45,10.51,5025021,107873680.00
2014/03/19,10.51,10.54,10.15,10.48,2849553,59952568.00
2014/03/20,10.49,10.73,10.36,10.51,2564182,55070840.00
2014/03/21,10.30,10.85,10.14,10.84,3141915,68138600.00
2014/03/24,10.88,11.79,10.88,11.55,7592117,176046480.00
2014/03/25,11.44,11.60,11.30,11.36,2622968,60905544.00
2014/03/26,11.30,11.58,11.21,11.25,1954033,45123764.00
2014/03/27,11.28,11.28,11.00,11.11,1448967,32821722.00
2014/03/28,11.12,11.43,11.01,11.14,2385616,54453172.00
2014/03/31,11.14,11.57,11.00,11.29,1706088,39248408.00
2014/04/01,11.25,11.45,11.10,11.23,1580230,36197008.00
2014/04/02,11.25,11.54,11.20,11.23,1420209,32805402.00
2014/04/03,11.31,12.13,11.31,11.69,5334807,127172600.00
2014/04/04,11.55,11.91,11.45,11.91,3103363,74140040.00
2014/04/08,11.81,12.09,11.75,11.89,2304794,56008032.00
2014/04/09,11.94,12.24,11.89,12.20,2560366,62737836.00
2014/04/10,12.13,12.17,11.75,11.81,3373084,81629376.00
2014/04/11,11.76,12.05,11.75,11.84,2047587,49429804.00
2014/04/14,11.85,12.10,11.77,12.05,1777041,43341404.00
2014/04/15,12.08,12.18,11.87,12.03,1981786,48584112.00
2014/04/16,11.90,12.11,11.45,11.79,4767863,113681816.00
2014/04/17,11.66,11.85,11.53,11.82,1976566,46892216.00
2014/04/18,11.78,11.81,11.68,11.74,1050086,25046000.00
2014/04/21,11.74,11.74,11.47,11.60,1973253,46507848.00
2014/04/22,11.55,11.55,11.11,11.45,1578705,36323428.00
2014/04/23,11.37,11.70,11.37,11.65,973127,22994628.00
2014/04/24,11.72,11.85,11.65,11.82,1133037,27107906.00
2014/04/25,11.78,11.79,10.84,11.15,1098469,25416758.00
2014/04/28,11.03,11.23,10.84,11.23,798948,17928964.00
2014/04/29,11.30,12.05,11.28,11.63,2788956,65676840.00
2014/04/30,11.67,11.95,11.33,11.90,2131060,50236388.00
2014/05/05,11.87,12.04,11.65,11.76,1771547,42124592.00
2014/05/06,11.71,12.03,11.65,11.98,2697976,64758248.00
2014/05/07,11.95,12.28,11.70,11.74,3568401,86524720.00
2014/05/08,11.65,11.65,11.34,11.58,1962282,45575940.00
2014/05/09,11.51,11.54,10.96,11.06,2210956,49674896.00
2014/05/12,11.18,11.33,11.08,11.32,1610196,36394036.00
2014/05/13,11.32,11.32,11.15,11.23,787344,17813750.00
2014/05/14,11.20,11.62,11.20,11.51,1936570,44971980.00
2014/05/15,11.51,11.60,11.26,11.27,943010,21681136.00
2014/05/16,11.29,11.43,11.15,11.27,690692,15701953.00
2014/05/19,11.34,11.34,11.07,11.14,531687,11972174.00
2014/05/20,11.25,11.34,11.11,11.19,1079405,24325958.00
2014/05/21,11.16,11.16,11.00,11.08,1116726,24883848.00
2014/05/22,11.08,11.40,11.08,11.22,1029604,23390634.00
2014/05/23,11.20,11.41,11.20,11.36,873617,19997102.00
2014/05/26,11.40,11.97,11.35,11.74,1721551,40610536.00
2014/05/27,11.73,11.88,11.60,11.74,1304865,31037048.00
2014/05/28,11.68,11.99,11.56,11.91,2366288,56598172.00
2014/05/29,11.95,12.00,11.83,11.88,1274658,30644026.00
2014/05/30,11.88,11.93,11.82,11.83,639684,15302988.00
2014/06/03,11.85,12.28,11.83,12.11,2277073,55667036.00
2014/06/04,12.09,12.17,11.76,11.84,1846377,44580120.00
2014/06/05,11.90,11.90,11.78,11.90,1239499,29625922.00
2014/06/06,11.85,11.90,11.65,11.70,1029083,24504872.00
2014/06/09,11.71,12.10,11.71,11.85,1044334,25152148.00
2014/06/10,11.86,12.06,11.80,12.00,890074,21501554.00
2014/06/11,12.00,12.15,11.95,12.08,1244238,30238468.00
2014/06/12,12.01,12.17,12.00,12.10,874042,21307470.00
2014/06/13,12.04,12.65,12.03,12.65,4064724,102005392.00
2014/06/16,12.71,12.90,12.45,12.84,2618595,67225048.00
2014/06/17,12.75,12.75,12.45,12.48,1354413,34338716.00
2014/06/18,12.48,12.65,12.11,12.17,1340185,33374794.00
2014/06/19,12.18,12.38,12.04,12.15,1512014,37221548.00
2014/06/20,12.15,12.37,12.11,12.33,713455,17653516.00
2014/06/23,12.60,12.68,12.42,12.63,1442622,36701392.00
2014/06/24,12.65,12.76,12.50,12.50,1302480,33260550.00
2014/06/25,12.42,12.72,12.36,12.58,1038862,26415148.00
2014/06/26,12.53,12.69,12.49,12.53,1839854,46525376.00
2014/06/27,12.58,12.64,12.41,12.49,1500446,37941912.00
2014/06/30,12.50,12.56,12.21,12.33,1923492,47781988.00
2014/07/01,12.35,12.45,12.14,12.33,1803037,44559300.00
2014/07/02,12.32,12.52,12.27,12.50,2057813,51486696.00
2014/07/03,12.50,12.63,12.43,12.57,2856265,72261040.00
2014/07/04,12.59,12.65,12.33,12.37,2037465,51115572.00
2014/07/07,13.21,13.57,12.73,12.95,9227861,241838192.00
2014/07/08,12.90,12.90,12.66,12.83,3485488,89868672.00
2014/07/09,12.80,13.15,12.72,12.75,4809061,125713480.00
2014/07/10,12.75,12.94,12.58,12.70,2421229,62170928.00
2014/07/11,12.71,13.00,12.71,12.88,2286949,59379272.00
2014/07/14,12.78,13.03,12.75,13.03,2624884,68355936.00
2014/07/15,13.01,13.12,12.50,12.63,3496642,89874648.00
2014/07/16,12.62,12.73,12.11,12.16,3934396,97845232.00
2014/07/17,12.12,12.30,12.00,12.26,1517673,37150308.00
2014/07/18,12.21,12.46,12.20,12.32,1659451,41290076.00
2014/07/21,12.23,12.39,12.23,12.37,1368159,33997492.00
2014/07/22,12.26,12.53,12.25,12.41,1409497,35348536.00
2014/07/23,12.41,12.47,12.26,12.27,1963898,48871708.00
2014/07/24,12.27,12.27,11.92,12.19,1432477,34967448.00
2014/07/25,12.25,12.42,12.20,12.37,1817031,45228276.00
2014/07/28,12.38,12.76,12.38,12.58,2414317,61487168.00
2014/07/29,12.63,12.67,12.51,12.63,2228153,56667020.00
2014/07/30,12.58,12.75,12.58,12.69,2916134,74377640.00
2014/07/31,12.70,12.73,12.52,12.60,2413294,61229068.00
2014/08/01,12.60,12.62,12.30,12.32,2685126,67415232.00
2014/08/04,12.33,12.85,12.33,12.82,3986130,102129440.00
2014/08/05,12.75,13.04,12.75,12.90,3923790,101929760.00
2014/08/06,12.85,13.03,12.78,12.99,4265658,111227112.00
2014/08/07,13.02,13.45,13.00,13.34,5692563,152513808.00
2014/08/08,13.34,13.55,13.23,13.35,4330775,117014056.00
2014/08/11,13.40,13.49,13.24,13.40,3555793,95789424.00
2014/08/12,13.33,13.80,13.33,13.67,3706632,101678496.00
2014/08/13,13.70,13.79,13.25,13.38,3349942,90863856.00
2014/08/14,13.43,13.65,13.25,13.27,1718739,46374416.00
2014/08/15,13.37,13.40,13.10,13.39,1296585,34684456.00
2014/08/18,13.33,13.50,13.20,13.25,4002849,107223120.00
2014/08/19,13.30,13.38,13.11,13.25,2558672,68154704.00
2014/08/20,13.24,13.29,13.15,13.29,1189919,31671024.00
2014/08/21,13.23,13.38,12.80,13.32,4627201,121686936.00
2014/08/22,13.34,13.36,13.11,13.30,3694272,98366328.00
2014/08/25,13.32,13.34,13.02,13.02,2381076,62765424.00
2014/08/26,13.00,13.08,12.63,12.85,2550866,65897380.00
2014/08/27,12.89,12.93,12.74,12.74,2065278,53374676.00
2014/08/28,12.77,13.08,12.73,12.79,2473478,64173436.00
2014/08/29,12.71,12.89,12.71,12.88,1718503,44362100.00
2014/09/01,12.91,13.28,12.88,13.15,3218740,85366992.00
2014/09/02,13.18,13.35,13.11,13.35,5323934,141795936.00
2014/09/03,13.43,13.43,13.15,13.23,3773793,100701704.00
2014/09/04,13.20,13.46,13.20,13.34,3185915,85789656.00
2014/09/05,13.35,13.40,13.15,13.28,1700258,45409672.00
2014/09/09,13.18,13.32,13.00,13.28,2801641,74116080.00
2014/09/10,13.24,13.37,13.11,13.31,1949297,52086964.00
2014/09/11,13.31,13.43,13.25,13.31,2566456,69035320.00
2014/09/12,13.38,13.64,13.23,13.52,2820470,76716368.00
2014/09/15,13.54,13.54,13.06,13.20,4107084,109388528.00
2014/09/16,13.17,13.17,12.80,12.88,3273135,85531504.00
2014/09/17,12.87,13.09,12.74,12.98,1824392,47632800.00
2014/09/18,13.06,13.33,12.95,13.24,2232120,59288660.00
2014/09/19,13.25,13.30,12.99,13.19,965462,25587158.00
2014/09/22,13.13,13.26,13.11,13.16,1720593,45731264.00
2014/09/23,13.21,13.25,13.03,13.16,1125762,29787252.00
2014/09/24,13.18,13.34,13.15,13.32,1613587,43172048.00
2014/09/25,13.31,13.33,13.10,13.11,2312905,61430856.00
2014/09/26,13.11,13.25,13.02,13.13,1700411,44929324.00
2014/09/29,13.20,13.20,13.07,13.16,2007937,53064116.00
2014/09/30,13.14,13.25,13.09,13.21,2037365,53989384.00
2014/10/08,13.23,13.79,13.23,13.76,4916548,134415152.00
2014/10/09,13.76,14.17,13.66,14.09,5859732,164629424.00
2014/10/10,14.09,14.17,13.84,13.91,3417288,96362120.00
2014/10/13,13.91,13.93,13.59,13.83,2227988,61677976.00
2014/10/14,13.81,14.01,13.71,13.83,2185664,61120176.00
2014/10/15,13.90,14.05,13.64,13.69,3431178,95095952.00
2014/10/16,13.69,13.98,13.57,13.73,3055075,85132128.00
2014/10/17,13.74,13.83,13.26,13.62,1914828,52392328.00
2014/10/20,13.65,13.83,13.63,13.75,1288637,35610704.00
2014/10/21,13.81,13.95,13.68,13.89,2277054,63441180.00
2014/10/22,13.94,13.95,13.38,13.41,4311867,118093576.00
2014/10/23,13.33,13.57,13.19,13.44,2782833,74893712.00
2014/10/24,13.44,13.58,13.35,13.58,1331636,36040504.00
2014/10/27,13.47,13.57,13.34,13.57,1184430,32125368.00
2014/10/28,13.65,14.29,13.60,14.23,5155193,145440768.00
2014/10/29,14.20,14.45,14.06,14.27,5489555,157580992.00
2014/10/30,14.24,14.39,14.12,14.21,2965649,84939088.00
2014/10/31,14.27,14.38,13.84,14.12,4228580,119644672.00
2014/11/03,14.12,14.38,13.92,14.05,3704313,104751640.00
2014/11/04,14.09,14.09,13.66,13.80,4100007,113912040.00
2014/11/05,13.83,14.12,13.71,14.05,3233782,90896312.00
2014/11/06,14.10,14.14,13.85,14.09,2286236,64671060.00
2014/11/07,14.05,14.30,13.80,13.90,3633270,101780968.00
2014/11/10,13.90,14.01,13.68,14.00,2619384,72910392.00
2014/11/11,14.00,14.12,13.63,13.79,2283417,63440892.00
2014/11/12,13.84,13.86,13.70,13.83,1985056,55065884.00
2014/11/13,13.96,14.25,13.82,14.24,5655829,160409264.00
2014/11/14,14.11,14.13,13.65,13.85,3719640,103465960.00
2014/11/17,13.79,13.89,13.62,13.86,1877063,52150596.00
2014/11/18,13.86,14.01,13.80,13.92,1399660,39104980.00
2014/11/19,14.03,14.04,13.92,14.00,1729233,48671180.00
2014/11/20,13.98,13.98,13.72,13.86,1455513,40462196.00
2014/11/21,13.85,13.98,13.77,13.93,1415761,39638396.00
2014/11/24,14.10,14.48,13.92,14.44,6094418,175125584.00
2014/11/25,14.35,14.50,14.25,14.33,2709165,78283880.00
2014/11/26,14.34,14.73,14.33,14.53,4158745,121586448.00
2014/11/27,14.57,14.74,14.34,14.45,2751607,79936240.00
2014/11/28,14.55,15.30,14.43,15.03,8118619,244424944.00
2014/12/01,15.30,16.55,15.30,16.37,12319222,402735168.00
2014/12/02,16.21,16.41,15.81,16.38,6745697,218079056.00
2014/12/03,16.37,16.37,15.63,16.02,5669582,182297680.00
2014/12/04,16.00,17.00,15.70,16.60,5940657,197478080.00
2014/12/05,16.60,16.60,15.33,15.81,4271905,136556848.00
2014/12/08,15.70,16.59,15.51,16.13,4914553,159140768.00
2014/12/09,15.73,16.63,15.40,15.80,6904499,222839648.00
2014/12/10,15.74,16.90,15.40,16.85,6908381,225433600.00
2014/12/11,16.85,18.55,16.63,18.54,9480386,342813312.00
2014/12/12,18.30,19.53,18.01,19.40,7112082,266576464.00
2014/12/15,19.05,19.50,18.45,18.50,5340133,202796016.00
2014/12/16,18.64,18.89,18.16,18.23,4038617,150111360.00
2014/12/17,18.20,18.60,17.65,17.94,4024075,145697888.00
2014/12/18,17.90,18.29,17.75,17.99,3114791,112774056.00
2014/12/19,17.97,18.21,17.33,17.95,3308574,118023008.00
2014/12/22,17.72,17.95,16.57,17.23,4519285,155767952.00
2014/12/23,17.11,17.46,16.34,16.79,4145944,140035376.00
2014/12/24,16.63,17.00,16.63,16.80,3307988,111872480.00
2014/12/25,16.89,18.45,16.85,18.30,5843840,208418592.00
2014/12/26,18.20,18.34,17.50,18.34,3790906,136990144.00
2014/12/29,18.03,18.19,17.35,17.38,5336897,188990672.00
2014/12/30,17.38,17.40,15.80,16.13,7640636,249505648.00
2014/12/31,16.39,16.88,16.13,16.57,3586926,119294008.00
2015/01/05,16.59,17.54,15.89,17.17,4984581,169564048.00
2015/01/06,16.41,18.15,16.41,17.81,4350840,154866496.00
2015/01/07,17.88,18.15,17.35,17.93,3536409,126615216.00
2015/01/08,18.43,18.50,17.44,17.59,3193260,114358128.00
2015/01/09,17.45,17.71,17.15,17.59,2490081,87799248.00
2015/01/12,17.54,17.75,16.40,16.94,3802546,129959016.00
2015/01/13,16.90,17.35,16.41,17.33,2660599,92032864.00
2015/01/14,17.22,18.09,17.20,17.55,3200285,114171568.00
2015/01/15,17.40,17.97,17.17,17.78,2181465,77541888.00
2015/01/16,17.77,18.41,17.77,18.09,3787129,138116880.00
2015/01/19,17.65,18.65,17.21,17.45,4173927,150220528.00
2015/01/20,17.90,18.57,17.60,18.39,4227583,153987264.00
2015/01/21,18.44,19.69,18.39,19.25,4426289,171296640.00
2015/01/22,19.33,19.79,19.09,19.40,3321495,129658952.00
2015/01/23,19.50,19.50,18.74,18.89,2390384,90993616.00
2015/01/26,18.80,19.25,18.49,19.11,2751927,104020800.00
2015/01/27,18.66,20.51,18.66,20.11,6304373,250513648.00
2015/01/28,19.97,20.63,19.90,19.95,4658558,190610736.00
2015/01/29,19.65,20.30,19.59,20.15,1741479,69825912.00
2015/01/30,20.15,20.71,19.89,20.45,2381941,97556288.00
2015/02/02,20.39,20.39,19.60,19.66,2268575,90454320.00
2015/02/03,19.65,19.84,19.01,19.30,4366949,169649568.00
2015/02/04,19.35,19.65,18.91,19.38,2914561,113154912.00
2015/02/05,19.64,19.65,18.73,18.86,3555326,135597152.00
2015/02/06,18.90,19.10,18.40,18.87,2156009,81058672.00
2015/02/09,18.68,19.12,18.41,18.81,1171946,44484084.00
2015/02/10,18.81,19.29,18.58,19.06,1417165,54305128.00
2015/02/11,19.18,19.53,18.59,18.73,2347424,89688504.00
2015/02/12,19.00,20.39,19.00,19.23,5462634,214049040.00
2015/02/13,19.49,19.86,19.28,19.56,2670186,105124712.00
2015/02/16,19.63,19.89,19.30,19.80,2560553,100847800.00
2015/02/17,19.78,19.79,19.34,19.44,2864476,111878296.00
2015/02/25,19.44,19.49,19.08,19.08,1454603,56312496.00
2015/02/26,19.05,19.40,19.05,19.40,1296818,50146848.00
2015/02/27,19.50,19.54,19.24,19.28,2740308,106495256.00
2015/03/02,19.40,19.52,19.03,19.22,3728417,143388032.00
2015/03/03,19.15,19.15,18.53,18.61,5237300,197664880.00
2015/03/04,18.55,18.80,18.53,18.68,3717932,139450368.00
2015/03/05,18.68,19.09,18.68,19.09,3928900,149122496.00
2015/03/06,19.10,19.15,18.68,19.11,3591550,136240384.00
2015/03/09,19.11,19.84,19.11,19.80,8671521,342161088.00
2015/03/10,19.80,19.86,19.41,19.65,3895538,153597072.00
2015/03/11,19.65,19.70,19.31,19.40,2113089,82516848.00
2015/03/12,19.40,19.40,18.78,19.08,3083049,118049944.00
2015/03/13,19.15,19.18,18.94,19.15,1079902,41452688.00
2015/03/16,19.21,19.45,18.90,19.41,5021448,194159616.00
2015/03/17,19.51,19.94,19.34,19.81,5650663,223328256.00
2015/03/18,20.00,20.64,19.99,20.06,6853811,279205152.00
2015/03/19,19.90,20.12,19.50,19.56,7465828,296702336.00
2015/03/20,19.56,20.08,19.45,19.85,5700784,227713184.00
2015/03/23,19.88,21.44,19.80,21.35,7916925,329499040.00
2015/03/24,21.21,21.21,20.15,20.63,7537051,312710048.00
2015/03/25,20.59,20.60,20.01,20.35,4729935,192530768.00
2015/03/26,20.33,20.89,20.09,20.53,3689715,151633680.00
2015/03/27,20.56,21.14,20.53,20.77,3104232,129897784.00
2015/03/30,20.75,21.10,20.40,20.95,3927655,163993472.00
2015/03/31,21.20,21.81,21.01,21.10,4359921,186984256.00
2015/04/01,21.10,21.39,20.60,21.28,6151284,259394272.00
2015/04/02,21.28,22.83,20.96,22.65,8392849,370741216.00
2015/04/03,22.30,22.48,21.98,22.29,4559776,203478432.00
2015/04/07,22.24,22.65,21.95,22.40,5182597,232374160.00
2015/04/08,22.50,23.49,21.98,23.13,5607585,256864272.00
2015/04/09,23.10,23.10,21.69,22.25,5134950,230322416.00
2015/04/10,22.00,22.53,22.00,22.38,3963553,176890064.00
2015/04/13,22.38,23.62,22.26,22.87,5235040,241111600.00
2015/04/14,22.68,23.40,22.15,22.95,4976870,226802976.00
2015/04/15,23.03,23.80,22.76,23.12,5467759,256541648.00
2015/04/16,22.70,23.13,21.70,22.59,4620013,209493248.00
2015/04/17,22.63,23.13,21.85,22.21,6078803,272132320.00
2015/04/20,22.22,22.28,21.25,21.36,5855458,254116112.00
2015/04/21,21.01,21.97,21.01,21.97,6067720,261824000.00
2015/04/22,21.97,22.65,21.81,22.54,5253165,235342752.00
2015/04/23,22.57,22.77,22.29,22.41,4646564,210233856.00
2015/04/24,22.04,22.33,21.45,21.73,5685579,248513856.00
2015/04/27,22.12,23.44,22.08,23.07,8547078,392566304.00
2015/04/28,23.27,23.32,21.25,21.60,12228016,543695936.00
2015/04/29,21.31,21.83,21.05,21.83,6804754,291286496.00
2015/04/30,21.74,21.88,21.27,21.71,5868428,254280992.00
2015/05/04,21.69,22.08,21.30,21.93,9437782,412483232.00
2015/05/05,21.77,21.77,20.76,20.90,5604856,238713584.00
2015/05/06,20.90,21.14,19.92,20.10,6723775,275885600.00
2015/05/07,19.91,20.08,18.92,19.40,5763747,226170880.00
2015/05/08,19.56,20.04,19.40,19.90,4358697,173197184.00
2015/05/11,20.24,20.76,19.95,20.68,6936623,285283360.00
2015/05/12,20.77,20.83,20.36,20.44,6929829,285420960.00
2015/05/13,20.50,22.18,20.45,21.78,11022385,478892992.00
2015/05/14,21.75,22.27,21.52,21.98,6288270,278196928.00
2015/05/15,21.97,22.15,21.41,21.43,4462362,194592160.00
2015/05/18,21.50,22.88,21.50,22.41,7494512,336641536.00
2015/05/19,22.27,22.90,22.25,22.80,5045359,229553312.00
2015/05/20,22.80,25.09,22.80,25.09,9775456,486941824.00
2015/05/21,25.09,26.34,24.63,25.49,8526841,435535328.00
2015/05/22,25.71,27.90,25.06,27.08,9099629,482341984.00
2015/05/25,27.25,29.80,27.25,29.80,8898452,511853696.00
2015/05/26,29.91,32.54,29.91,31.81,8465658,530623328.00
2015/05/27,32.43,32.77,29.90,30.98,9631456,603193920.00
2015/05/28,31.40,32.30,28.36,28.41,13654814,821247936.00
2015/05/29,28.90,30.75,27.41,30.04,9178373,542589056.00
2015/06/01,30.80,31.30,29.20,30.85,16357810,500424960.00
2015/06/02,30.85,33.85,29.92,33.03,20509231,656256576.00
2015/06/03,33.48,34.38,31.43,32.48,17326075,569216384.00
2015/06/04,32.48,32.48,29.25,30.75,14875006,459118432.00
2015/06/05,30.75,32.84,30.70,32.80,22292903,712815552.00
2015/06/08,32.81,33.49,31.20,31.73,13111741,417422944.00
2015/06/09,31.73,31.73,30.70,31.00,10560696,327277024.00
2015/06/10,30.56,31.74,30.25,30.90,11426500,355280288.00
2015/06/11,30.61,30.98,30.01,30.40,13803111,418377280.00
2015/06/12,30.40,31.32,30.01,30.60,16171982,495958560.00
2015/06/15,30.60,30.80,29.28,29.31,14568260,434559968.00
2015/06/16,29.01,29.01,27.00,27.49,11861945,329810016.00
2015/06/17,28.00,28.45,26.70,27.96,11185135,307997856.00
2015/06/18,27.96,28.69,27.19,27.45,11560884,325764896.00
2015/06/19,26.85,27.88,25.25,25.66,10738273,283481216.00
2015/06/23,25.70,26.65,23.90,26.45,13498094,349292032.00
2015/06/24,26.79,27.18,25.98,26.70,11554212,306748160.00
2015/06/25,26.85,28.28,26.66,27.28,14731517,405971360.00
2015/06/26,26.60,26.99,24.55,26.50,16718552,428011936.00
2015/06/29,27.49,27.58,23.85,23.85,16480281,418052768.00
2015/06/30,23.01,25.83,21.47,25.70,21520822,503329280.00
2015/07/01,25.00,26.75,23.50,24.88,13538312,346963296.00
2015/07/02,24.90,25.30,22.39,22.39,15052423,346661504.00
2015/07/03,21.58,23.50,20.15,20.15,15448607,322946848.00
2015/07/06,22.17,22.17,18.14,19.00,19985612,393760352.00
2015/07/07,18.02,19.27,17.10,17.10,12449007,218753680.00
2015/07/08,15.39,18.79,15.39,18.71,62457110,1043828224.00
2015/07/09,18.71,20.58,18.71,20.58,17295285,345003744.00
2015/07/10,21.49,22.64,20.61,22.64,8013519,178374752.00
2015/07/13,24.80,24.90,23.81,24.90,16637129,409440448.00
2015/07/14,25.40,26.40,23.01,23.95,27388307,682026368.00
2015/07/15,23.00,23.25,21.56,21.56,17519985,387814432.00
2015/07/16,21.56,23.00,20.45,22.69,13700673,302316768.00
2015/07/17,22.90,24.96,22.85,24.73,16580140,401024512.00
2015/07/20,25.05,25.85,23.85,24.65,11862562,296717824.00
2015/07/21,24.00,25.00,23.70,24.48,9191098,225786704.00
2015/07/22,24.33,24.85,23.75,24.20,9440552,229453104.00
2015/07/23,24.21,25.52,24.21,25.28,10990303,275747712.00
2015/07/24,25.46,25.47,24.10,24.31,11956045,296625376.00
2015/07/27,23.95,23.95,21.88,21.88,15582782,353430592.00
2015/07/28,21.44,22.00,19.78,21.28,17691119,369832800.00
2015/07/29,21.45,22.28,20.32,22.18,8445672,179836832.00
2015/07/30,21.88,22.27,20.79,20.90,10833147,232426736.00
2015/07/31,20.59,20.88,20.48,20.70,5939813,122739272.00
2015/08/03,20.43,22.00,19.81,22.00,13010158,269709056.00
2015/08/04,22.00,24.20,21.85,24.10,13581647,312243104.00
2015/08/05,24.30,25.43,24.30,24.59,14916286,370171872.00
2015/08/06,23.51,25.30,23.31,23.85,12282998,300402112.00
2015/08/07,24.02,25.22,23.90,25.04,9698276,239743760.00
2015/08/10,25.05,26.25,24.83,25.92,13992662,358858560.00
2015/08/11,25.80,27.18,25.61,25.90,13208012,350483520.00
2015/08/12,25.41,25.50,24.20,24.40,8957062,222750352.00
2015/08/13,24.21,24.80,23.52,24.79,7469825,180567408.00
2015/08/14,24.98,25.10,24.23,24.40,5816149,142653680.00
2015/08/17,24.36,24.36,23.00,23.91,10506440,247683728.00
2015/08/18,23.85,23.89,21.52,21.57,14076972,319330304.00
2015/08/19,21.01,22.39,20.22,22.05,10984721,236538736.00
2015/08/20,21.98,22.00,20.88,20.99,11146554,237665104.00
2015/08/21,20.10,20.54,19.46,20.00,16118832,320870304.00
2015/08/24,18.90,19.00,18.00,18.00,17122015,309007424.00
2015/08/25,17.39,19.00,16.72,17.47,20023578,353927584.00
2015/08/26,17.90,18.85,17.50,17.86,20226351,367376608.00
2015/08/27,18.27,19.00,17.68,18.54,17424734,318541312.00
2015/08/28,18.75,19.78,18.40,19.74,16671234,317673088.00
2015/08/31,19.40,19.40,18.21,18.27,11275696,212207024.00
2015/09/01,17.90,17.99,16.45,16.47,9218457,155803456.00
2015/09/02,15.70,17.42,15.15,17.30,14495579,241736400.00
2015/09/07,17.49,18.35,16.90,16.95,9734295,172715440.00
2015/09/08,17.00,18.00,16.60,17.91,9681951,166148112.00
2015/09/09,17.91,19.51,17.76,19.43,21452481,403385056.00
2015/09/10,19.00,19.22,18.60,18.74,8611781,163108592.00
2015/09/11,18.50,19.20,18.50,18.85,6249790,117971728.00
2015/09/14,18.85,19.49,16.97,16.97,10102671,183291360.00
2015/09/15,16.56,17.29,16.01,16.49,6778494,113442464.00
2015/09/16,16.69,18.10,16.43,18.05,7882936,135370656.00
2015/09/17,17.93,19.40,17.68,18.03,13217343,244123840.00
2015/09/18,18.33,18.61,17.50,17.85,10313254,186025488.00
2015/09/21,17.71,18.48,17.47,18.42,9994247,181850192.00
2015/09/22,18.46,19.40,18.30,19.05,13481183,253942928.00
2015/09/23,18.70,18.82,18.11,18.35,10825458,199851776.00
2015/09/24,18.46,18.78,18.15,18.62,5835057,107832800.00
2015/09/25,18.68,19.40,17.98,18.05,12824948,240697952.00
2015/09/28,18.21,18.56,17.60,18.39,8884326,161590176.00
2015/09/29,18.13,18.39,17.51,17.59,7698972,137119280.00
2015/09/30,17.65,17.96,17.31,17.65,9703775,171248192.00
2015/10/08,18.33,18.57,18.08,18.34,7228013,132806384.00
2015/10/09,18.31,19.20,18.18,19.03,11278197,211055136.00
2015/10/12,19.01,20.31,18.90,19.85,18804829,373698656.00
2015/10/13,19.80,20.24,19.45,20.01,9989480,197906784.00
2015/10/14,19.86,20.14,19.42,19.51,9903813,195147168.00
2015/10/15,19.31,19.90,19.28,19.90,12133961,238256464.00
2015/10/16,20.11,20.12,19.60,20.02,10431973,207215104.00
2015/10/19,20.59,20.75,19.80,20.20,16014558,325213728.00
2015/10/20,20.18,20.40,19.88,20.40,13282027,267575120.00
2015/10/21,20.53,20.63,18.38,18.60,17418608,341409728.00
2015/10/22,18.80,19.25,18.62,19.13,12278654,232794784.00
2015/10/23,19.10,19.10,18.53,18.90,34483196,646646528.00
2015/10/26,19.27,19.27,18.37,18.55,34511569,643500864.00
2015/10/27,18.53,18.53,17.17,18.03,35443589,628603264.00
2015/10/28,17.87,18.51,17.71,18.16,27629602,502401728.00
2015/10/29,18.23,18.38,17.95,18.14,15515565,281846912.00
2015/10/30,18.10,18.12,17.66,17.76,15671754,280015264.00
2015/11/02,17.76,17.96,17.21,17.32,15832682,279127488.00
2015/11/03,17.43,17.57,17.03,17.14,13522709,233020208.00
2015/11/04,17.20,18.20,17.15,18.20,31338798,555097920.00
2015/11/05,18.25,18.77,18.12,18.41,35239875,650440256.00
2015/11/06,18.50,18.88,18.28,18.75,26032665,484654080.00
2015/11/09,18.48,18.85,18.17,18.72,24926560,462414240.00
2015/11/10,18.76,19.30,18.71,18.98,28572022,543199104.00
2015/11/11,19.04,19.17,18.70,19.03,20532495,388278368.00
2015/11/12,19.14,20.31,18.82,20.02,37914053,742041920.00
2015/11/13,19.82,19.84,19.01,19.18,25729318,498792800.00
2015/11/16,18.67,19.17,18.60,19.10,19091732,360706432.00
2015/11/17,19.27,19.39,18.57,18.65,25525955,484727552.00
2015/11/18,18.72,18.83,17.90,18.00,22135874,406302592.00
2015/11/19,18.11,18.44,18.01,18.37,16314221,297817504.00
2015/11/20,18.50,19.40,18.43,19.15,32453866,615147328.00
2015/11/23,19.30,19.75,18.70,18.81,32804973,630652800.00
2015/11/24,18.79,19.96,18.49,19.90,36020605,694089664.00
2015/11/25,19.74,19.99,19.51,19.84,28242274,557764608.00
2015/11/26,19.95,20.38,19.62,20.27,39181138,782612736.00
2015/11/27,20.07,20.18,18.50,18.81,31062929,604437632.00
2015/11/30,18.71,18.99,17.78,18.48,21592190,398869888.00
2015/12/01,18.74,20.21,18.51,19.52,34634757,672686720.00
2015/12/02,19.50,20.16,18.88,20.00,40524036,799307392.00
2015/12/03,20.05,20.82,19.99,20.30,39698439,808249280.00
2015/12/04,20.20,20.50,19.66,20.43,34260022,685809664.00
2015/12/07,20.81,22.44,20.81,21.60,59542153,1292957568.00
2015/12/08,21.35,21.53,20.72,20.79,40538796,853405440.00
2015/12/09,20.60,20.75,20.11,20.70,24372204,497676544.00
2015/12/10,20.66,20.75,20.05,20.08,20153659,410639360.00
2015/12/11,19.99,20.20,19.63,19.90,17898983,355316480.00
2015/12/14,19.55,20.43,19.50,20.38,16818772,337653664.00
2015/12/15,20.47,20.78,20.15,20.18,18062687,368788384.00
2015/12/16,20.25,20.38,19.96,20.10,15315915,308924384.00
2015/12/17,20.20,21.48,20.11,21.22,33043232,687735680.00
2015/12/18,21.10,21.15,20.50,20.77,24503706,509922112.00
2015/12/21,20.50,21.09,20.40,21.02,25102762,520311040.00
2015/12/22,21.10,21.85,21.00,21.20,33494609,715822528.00
2015/12/23,21.35,21.35,20.40,20.46,30472113,633643264.00
2015/12/24,20.28,20.58,20.02,20.38,16330509,331162848.00
2015/12/25,20.25,20.49,20.10,20.28,13761694,279566688.00
2015/12/28,20.36,20.52,19.50,19.50,23714950,473335200.00
2015/12/29,19.53,19.79,19.40,19.77,14226682,278622784.00
2015/12/30,19.80,19.88,19.59,19.80,12097657,238660496.00
2015/12/31,19.90,20.08,19.51,19.53,12351320,244705024.00
2016/01/04,19.56,19.68,17.58,17.59,16405895,306001440.00
2016/01/05,16.90,17.91,16.25,17.48,22862921,393124960.00
2016/01/06,17.43,17.80,17.38,17.73,18070314,317695904.00
2016/01/07,17.42,17.42,15.96,15.97,3781103,62419288.00
2016/01/08,16.32,16.60,15.01,16.02,21496058,343659008.00
2016/01/11,15.72,15.99,14.49,14.58,19169595,294498880.00
2016/01/12,14.61,15.14,14.61,15.03,16573496,247901744.00
2016/01/13,15.39,15.49,14.68,14.92,14493458,218856336.00
2016/01/14,14.52,16.13,14.40,15.80,17274770,262797712.00
2016/01/15,15.65,15.69,14.89,15.00,13276587,203135040.00
2016/01/18,14.69,15.47,14.55,15.21,10815513,164266496.00
2016/01/19,15.25,15.79,15.16,15.72,12956367,201609584.00
2016/01/20,15.56,15.75,15.16,15.26,12815080,198211136.00
2016/01/21,15.01,15.37,14.62,14.62,12240051,183621760.00
2016/01/22,14.83,14.97,14.34,14.81,11195234,164454000.00
2016/01/25,14.95,15.17,14.71,14.81,9067724,135291104.00
2016/01/26,14.63,14.75,13.33,13.33,15381214,215043952.00
2016/01/27,13.36,13.75,12.39,13.64,16946454,221637424.00
2016/01/28,13.40,13.64,12.86,12.91,7911166,105028096.00
2016/01/29,12.91,13.59,12.88,13.30,11072303,146307744.00
2016/02/01,13.20,13.39,13.02,13.17,7691551,101536400.00
2016/02/02,13.18,13.74,13.18,13.57,11256809,152247920.00
2016/02/03,13.40,13.58,13.20,13.52,8428219,113017720.00
2016/02/04,13.60,13.93,13.60,13.86,9434465,130281512.00
2016/02/05,13.93,14.23,13.85,13.98,9546021,133718912.00
2016/02/15,13.48,13.87,12.58,13.68,7053578,95666920.00
2016/02/16,13.78,14.23,13.78,14.16,10557432,148468608.00
2016/02/17,14.10,14.39,13.97,14.25,12916391,183407296.00
2016/02/18,14.35,14.54,14.16,14.18,11056019,158453200.00
2016/02/19,14.09,14.20,13.85,14.11,10908487,153330080.00
2016/02/22,14.33,15.52,14.22,15.24,35840780,539975872.00
2016/02/23,15.18,15.24,14.82,14.96,17961311,269247968.00
2016/02/24,14.83,15.49,14.83,15.48,23835058,364800320.00
2016/02/25,15.40,15.40,13.94,14.03,19272536,280774144.00
2016/02/26,14.20,14.50,13.81,14.32,10323064,146513248.00
2016/02/29,14.65,15.50,14.53,14.95,34633544,517267040.00
2016/03/01,14.89,16.45,14.80,16.32,45163993,717209792.00
2016/03/02,16.24,17.35,15.82,16.96,49813892,837514560.00
2016/03/03,16.95,18.08,16.66,17.03,38020423,668113024.00
2016/03/04,16.84,17.60,16.35,16.56,25863709,438368416.00
2016/03/07,16.71,17.22,16.60,16.82,21235403,357732736.00
2016/03/08,16.54,16.80,15.50,16.24,22431992,358782912.00
2016/03/09,15.84,16.15,15.61,15.63,14332792,226995088.00
数据来源:通达信
