002185 华天科技 日线 前复权
      日期	    开盘	    最高	    最低	    收盘	    成交量	    成交额
2011/01/04,8.53,8.90,8.47,8.87,22768236,324799328.00
2011/01/05,8.72,9.05,8.68,8.79,17538430,255377600.00
2011/01/06,8.72,8.79,8.52,8.53,12368417,174827696.00
2011/01/07,8.47,8.50,8.11,8.14,17218035,234084000.00
2011/01/10,8.17,8.42,8.07,8.18,11946319,162529056.00
2011/01/11,8.27,8.74,8.22,8.73,19401968,272610560.00
2011/01/12,8.65,8.77,8.47,8.75,11657311,165211744.00
2011/01/13,8.97,9.28,8.73,8.82,22102790,325558944.00
2011/01/14,8.72,8.72,8.40,8.50,13059797,183083328.00
2011/01/17,8.36,8.42,7.84,8.08,10688887,142580784.00
2011/01/18,8.02,8.49,7.97,8.42,8775146,119213560.00
2011/01/19,8.34,8.64,8.25,8.60,8587616,119705752.00
2011/01/20,8.56,8.83,8.33,8.34,10888933,153768432.00
2011/01/21,8.28,8.78,8.17,8.72,12700153,178498032.00
2011/01/24,8.58,8.62,7.83,7.83,21073157,280209248.00
2011/01/25,7.55,7.64,7.12,7.27,10679453,129642216.00
2011/01/26,7.25,7.63,7.25,7.41,4687218,57721588.00
2011/01/27,7.40,7.59,7.32,7.52,4846618,59972344.00
2011/01/28,7.53,7.62,7.34,7.53,5676109,70063520.00
2011/01/31,7.54,7.62,7.39,7.59,5560766,68706688.00
2011/02/01,7.59,7.83,7.59,7.77,5987878,76398912.00
2011/02/09,7.78,7.96,7.65,7.90,5979709,77448720.00
2011/02/10,8.15,8.20,7.97,8.05,6771481,89623992.00
2011/02/11,8.08,8.30,8.00,8.30,8646020,115435568.00
2011/02/14,8.30,8.45,8.20,8.31,8423251,115578456.00
2011/02/16,8.33,8.52,8.22,8.45,7539961,103857832.00
2011/02/17,8.34,8.39,7.96,8.20,16381038,219533264.00
2011/02/18,8.15,8.49,8.10,8.33,12336723,169501168.00
2011/02/21,8.28,8.98,8.23,8.85,19310239,275194624.00
2011/02/22,8.86,8.95,8.61,8.88,15383842,221143024.00
2011/02/23,8.82,9.32,8.72,9.20,20748742,310309280.00
2011/02/24,9.06,9.16,8.84,9.10,11536095,170733440.00
2011/02/25,9.03,9.06,8.72,8.93,8382625,122300976.00
2011/02/28,8.90,9.12,8.72,9.03,8873005,130201480.00
2011/03/01,8.92,9.05,8.78,8.84,8635843,125822216.00
2011/03/02,8.72,8.83,8.47,8.61,7846303,111020432.00
2011/03/03,8.58,8.83,8.54,8.57,6285739,89698080.00
2011/03/04,8.53,8.73,8.48,8.70,6017101,85118312.00
2011/03/07,8.75,8.82,8.57,8.73,7133181,101826760.00
2011/03/08,8.72,8.92,8.59,8.90,8274470,119066368.00
2011/03/09,8.87,9.00,8.77,8.81,8249657,119500360.00
2011/03/10,8.81,8.82,8.48,8.51,9112782,127942544.00
2011/03/11,8.46,8.65,8.43,8.52,4983736,69870024.00
2011/03/14,8.67,8.90,8.52,8.65,7578152,107464200.00
2011/03/15,8.57,8.57,8.22,8.35,7278222,99800520.00
2011/03/16,8.35,8.52,8.30,8.48,4636283,64248492.00
2011/03/17,8.59,8.87,8.52,8.61,11775509,167932656.00
2011/03/18,8.58,8.76,8.57,8.70,5896500,83830104.00
2011/03/22,8.70,8.77,8.40,8.44,5115451,71676168.00
2011/03/23,8.40,8.46,8.27,8.45,6144362,84199752.00
2011/03/24,8.44,8.44,8.22,8.23,6163299,84155176.00
2011/03/25,8.24,8.36,8.20,8.20,5328909,72375440.00
2011/03/28,8.23,8.31,7.99,8.02,10080866,133880960.00
2011/03/29,8.02,8.17,7.97,8.00,6194835,81863808.00
2011/03/30,8.00,8.06,7.98,8.03,4786191,63079360.00
2011/03/31,8.08,8.20,8.03,8.13,4631510,61682280.00
2011/04/01,8.15,8.16,8.00,8.04,3147146,41620040.00
2011/04/06,7.97,8.03,7.73,7.75,6895876,88614896.00
2011/04/07,7.74,7.88,7.68,7.87,4516965,57971832.00
2011/04/08,7.89,7.91,7.78,7.86,3520673,45405876.00
2011/04/11,7.85,7.87,7.64,7.64,5570231,70833672.00
2011/04/12,7.63,7.70,7.45,7.49,6099324,75436400.00
2011/04/13,7.43,7.58,7.40,7.58,3990271,49304908.00
2011/04/14,7.59,7.63,7.52,7.59,3349372,41838896.00
2011/04/15,7.58,7.62,7.53,7.62,3097091,38612652.00
2011/04/18,7.60,7.61,7.33,7.47,4448851,54525032.00
2011/04/19,7.43,7.60,7.40,7.60,5277405,65657360.00
2011/04/20,7.65,7.85,7.63,7.85,7333994,93891896.00
2011/04/21,7.85,7.95,7.76,7.93,5966586,77143672.00
2011/04/22,7.93,7.93,7.69,7.75,4710767,60350184.00
2011/04/25,7.75,7.75,6.95,7.39,4430287,54252988.00
2011/04/26,7.37,7.37,7.12,7.15,3432082,40754356.00
2011/04/27,7.17,7.27,6.98,7.09,2545400,29907858.00
2011/04/28,7.12,7.25,6.90,6.93,3850888,44829624.00
2011/04/29,6.95,7.08,6.95,7.04,3217822,37222064.00
2011/05/03,7.05,7.10,6.97,7.08,3273407,38047872.00
2011/05/04,7.08,7.08,6.73,6.74,3919853,44523936.00
2011/05/05,6.72,6.81,6.72,6.78,2475495,27675882.00
2011/05/06,6.78,6.91,6.67,6.88,2446951,27485822.00
2011/05/09,6.88,6.97,6.88,6.97,1587558,18188434.00
2011/05/10,6.98,6.99,6.88,6.99,1999987,22931518.00
2011/05/11,7.00,7.10,6.97,7.03,2457500,28585144.00
2011/05/12,7.00,7.05,6.89,6.89,2142180,24653228.00
2011/05/13,6.89,7.03,6.77,7.03,2083800,23767718.00
2011/05/16,7.02,7.17,7.00,7.09,2791215,32598154.00
2011/05/17,7.12,7.12,6.88,7.02,1932281,22346900.00
2011/05/18,7.00,7.07,6.94,7.02,1404664,16257760.00
2011/05/19,7.04,7.08,6.92,6.94,1596750,18446874.00
2011/05/20,6.92,6.99,6.83,6.95,1541294,17525992.00
2011/05/23,7.04,7.46,7.04,7.09,9168714,109322072.00
2011/05/24,7.02,7.38,6.97,7.32,6716625,79759744.00
2011/05/25,7.25,7.32,7.12,7.18,4411434,52367708.00
2011/05/26,7.20,7.28,6.95,6.95,3338613,39129852.00
2011/05/27,6.95,7.00,6.28,6.31,6345151,68475160.00
2011/05/30,6.31,6.37,6.07,6.09,2917083,30005214.00
2011/05/31,6.12,6.32,6.08,6.32,2631728,27035466.00
2011/06/01,6.30,6.42,6.25,6.37,2189969,23053088.00
2011/06/02,6.31,6.32,6.03,6.22,2591612,26643238.00
2011/06/03,6.22,6.40,6.22,6.35,2018412,21211264.00
2011/06/07,6.35,6.42,6.28,6.39,2422113,25564352.00
2011/06/08,6.39,6.58,6.34,6.55,3043975,32579488.00
2011/06/09,6.53,6.63,6.35,6.36,3077791,33109920.00
2011/06/10,6.36,6.51,6.15,6.46,2980606,31289234.00
2011/06/13,6.40,6.57,6.25,6.55,2971866,31672556.00
2011/06/14,6.53,6.59,6.50,6.57,1925486,20885846.00
2011/06/15,6.53,6.65,6.43,6.44,1992484,21551104.00
2011/06/16,6.36,6.40,6.22,6.22,1971623,20532590.00
2011/06/17,6.14,6.26,6.11,6.13,1412438,14479130.00
2011/06/20,6.10,6.21,5.97,6.14,3035937,30455500.00
2011/06/21,6.22,6.22,6.07,6.17,1963875,19977366.00
2011/06/22,6.18,6.20,6.10,6.13,1651700,16835960.00
2011/06/23,6.13,6.38,6.10,6.33,3073180,31881184.00
2011/06/24,6.30,6.57,6.27,6.51,4894517,52532488.00
2011/06/27,6.48,6.72,6.47,6.59,3274735,35802172.00
2011/06/28,6.63,6.68,6.52,6.63,2340255,25532282.00
2011/06/29,6.60,6.67,6.51,6.52,1674291,18204178.00
2011/06/30,6.48,6.60,6.48,6.58,1762268,19108354.00
2011/07/01,6.58,6.68,6.55,6.60,1650455,18052794.00
2011/07/04,6.62,6.81,6.62,6.77,3453386,38545580.00
2011/07/05,6.81,6.82,6.73,6.78,2728988,30539222.00
2011/07/06,6.77,6.93,6.65,6.92,3766362,42395008.00
2011/07/07,6.89,7.11,6.87,6.94,4229591,48730880.00
2011/07/08,6.92,7.02,6.80,6.84,2316302,26410292.00
2011/07/11,6.80,6.87,6.75,6.83,3641432,41111540.00
2011/07/12,6.82,6.82,6.57,6.59,4821339,53128472.00
2011/07/13,6.57,6.82,6.57,6.78,3556026,39544248.00
2011/07/14,6.81,7.00,6.78,7.00,4898995,55730472.00
2011/07/15,7.00,7.05,6.88,7.05,3718854,42805344.00
2011/07/18,7.06,7.15,6.97,7.09,3594476,42071760.00
2011/07/19,7.08,7.08,6.95,6.95,3033260,35036200.00
2011/07/20,6.98,7.06,6.88,6.97,1872262,21502214.00
2011/07/21,6.97,7.00,6.84,6.85,1885807,21416790.00
2011/07/22,6.85,6.92,6.78,6.80,1671848,18926412.00
2011/07/25,6.76,6.81,6.42,6.47,3000287,32921562.00
2011/07/26,6.45,6.55,6.41,6.51,1656814,17748040.00
2011/07/27,6.44,6.68,6.43,6.67,2096559,22742692.00
2011/07/28,6.59,6.62,6.50,6.56,1586742,17203642.00
2011/07/29,6.56,6.59,6.44,6.47,1381573,14879427.00
2011/08/01,6.47,6.65,6.46,6.60,2379223,25930906.00
2011/08/02,6.59,6.59,6.37,6.47,1810504,19259542.00
2011/08/03,6.36,6.63,6.36,6.61,3099996,33549920.00
2011/08/04,6.62,6.73,6.62,6.67,2514682,27749376.00
2011/08/05,6.50,6.59,6.43,6.55,2504831,27063020.00
2011/08/08,6.44,6.52,6.05,6.37,3559436,37177372.00
2011/08/09,6.24,6.32,6.10,6.22,3287006,33901684.00
2011/08/10,6.33,6.46,6.28,6.29,3511157,36948968.00
2011/08/11,6.15,6.43,6.13,6.41,3361565,35226324.00
2011/08/12,6.47,6.67,6.42,6.63,4768551,51980724.00
2011/08/15,6.62,6.81,6.61,6.75,4792823,53283488.00
2011/08/16,6.75,6.78,6.63,6.66,2812471,31122694.00
2011/08/17,6.65,6.70,6.60,6.62,2166771,23836436.00
2011/08/18,6.65,6.75,6.60,6.65,3385413,37384120.00
2011/08/19,6.51,6.66,6.43,6.65,2871702,31083002.00
2011/08/22,6.63,6.70,6.60,6.65,2556250,28149118.00
2011/08/23,6.68,6.81,6.66,6.76,3507865,39059328.00
2011/08/24,6.82,6.82,6.68,6.74,3886893,43319268.00
2011/08/25,6.78,6.81,6.70,6.80,5897111,65883168.00
2011/08/26,6.78,6.83,6.72,6.82,3142944,35246160.00
2011/08/29,6.77,6.80,6.71,6.76,3256400,36306716.00
2011/08/30,6.81,6.81,6.53,6.53,6511277,71957496.00
2011/08/31,6.53,6.57,6.37,6.46,3433807,36713696.00
2011/09/01,6.50,6.59,6.40,6.40,1725814,18495654.00
2011/09/02,6.40,6.54,6.35,6.51,2379703,25434168.00
2011/09/05,6.43,6.51,6.41,6.43,2385256,25492616.00
2011/09/06,6.40,6.51,6.37,6.45,1863790,19875160.00
2011/09/07,6.50,6.58,6.47,6.58,1777544,19235926.00
2011/09/08,6.60,6.68,6.55,6.58,3440499,37651396.00
2011/09/09,6.63,6.65,6.42,6.47,1628312,17551142.00
2011/09/13,6.37,6.43,6.22,6.27,2655348,27753578.00
2011/09/14,6.28,6.37,6.13,6.30,1395998,14427966.00
2011/09/15,6.30,6.38,6.22,6.23,2581672,26946302.00
2011/09/16,6.27,6.30,6.15,6.17,1922412,19800450.00
2011/09/19,6.13,6.19,5.95,5.96,3309168,33113608.00
2011/09/20,5.95,6.02,5.91,5.98,1377086,13637494.00
2011/09/21,5.98,6.18,5.95,6.15,2452116,24744574.00
2011/09/22,6.12,6.14,5.91,5.92,2158150,21591722.00
2011/09/23,5.87,5.99,5.82,5.98,1938435,19029030.00
2011/09/26,5.94,6.01,5.85,5.85,1371144,13443209.00
2011/09/27,5.88,5.95,5.83,5.87,2068518,20154258.00
2011/09/28,5.92,5.93,5.72,5.75,1660924,16056846.00
2011/09/29,5.72,5.72,5.45,5.47,2034706,18921288.00
2011/09/30,5.50,5.50,5.37,5.40,1312129,11853345.00
2011/10/10,5.43,5.45,5.39,5.40,716299,6467811.00
2011/10/11,5.52,5.62,5.34,5.37,1982488,18109566.00
2011/10/12,5.39,5.62,5.27,5.57,2169679,19945552.00
2011/10/13,5.57,5.80,5.53,5.69,2621051,24932036.00
2011/10/14,5.69,5.75,5.53,5.62,2210888,20726948.00
2011/10/17,5.59,5.69,5.57,5.64,1009422,9436238.00
2011/10/18,5.63,5.63,5.30,5.30,1945629,17638224.00
2011/10/19,5.31,5.40,5.25,5.28,1410866,12493400.00
2011/10/20,5.28,5.31,5.03,5.12,2060007,17661682.00
2011/10/21,5.09,5.12,4.90,4.92,1379163,11525022.00
2011/10/24,4.92,5.10,4.88,5.07,1414632,11763926.00
2011/10/25,5.08,5.25,5.00,5.22,1659022,14302966.00
2011/10/26,5.21,5.35,5.13,5.23,2572883,22522310.00
2011/10/27,5.23,5.27,5.17,5.18,1518287,13212350.00
2011/10/28,5.27,5.38,5.22,5.36,2154687,19000958.00
2011/10/31,5.32,5.32,5.22,5.28,3744949,32819756.00
2011/11/01,5.24,5.29,5.17,5.29,2486167,21717982.00
2011/11/02,5.20,5.62,5.18,5.60,9465439,85733128.00
2011/11/03,5.73,6.09,5.72,5.75,14776417,144537712.00
2011/11/04,5.75,5.97,5.75,5.83,6493570,63170412.00
2011/11/07,5.78,5.96,5.70,5.90,4125056,39992548.00
2011/11/08,5.90,5.95,5.80,5.81,1895355,18477550.00
2011/11/09,5.82,6.09,5.73,6.08,4974862,48840264.00
2011/11/10,5.97,6.22,5.92,6.15,5787152,58546608.00
2011/11/11,6.15,6.20,6.04,6.08,3455672,35038360.00
2011/11/14,6.13,6.17,6.07,6.12,3505181,35533452.00
2011/11/15,6.10,6.16,6.03,6.03,2819335,28429312.00
2011/11/16,6.04,6.16,5.85,5.87,4786797,47878016.00
2011/11/17,5.83,5.93,5.78,5.85,2470600,24057964.00
2011/11/18,5.78,5.87,5.65,5.67,2010652,19126314.00
2011/11/21,5.53,5.71,5.53,5.70,1597680,14968664.00
2011/11/22,5.60,5.67,5.57,5.61,1261683,11772658.00
2011/11/23,5.57,5.70,5.56,5.56,1289028,12045438.00
2011/11/24,5.54,5.61,5.45,5.55,1153248,10603818.00
2011/11/25,5.57,5.86,5.52,5.53,4759056,44277840.00
2011/11/28,5.52,5.53,5.35,5.45,3061400,27687420.00
2011/11/29,5.50,5.51,5.40,5.48,1855165,16854788.00
2011/11/30,5.48,5.49,5.15,5.18,2268439,20093498.00
2011/12/01,5.34,5.40,5.24,5.25,1698633,15080574.00
2011/12/02,5.25,5.25,5.13,5.19,706100,6122417.00
2011/12/05,5.20,5.21,5.03,5.05,622400,5312250.50
2011/12/06,4.99,5.13,4.99,5.09,608539,5149837.50
2011/12/07,5.10,5.17,5.06,5.15,530717,4540104.50
2011/12/08,5.08,5.20,5.03,5.15,1017984,8709233.00
2011/12/09,5.13,5.15,4.97,4.98,846070,7144368.50
2011/12/12,5.07,5.08,4.92,4.97,605603,5019946.50
2011/12/13,4.92,4.98,4.73,4.73,1324020,10676436.00
2011/12/14,4.73,4.78,4.67,4.70,1466824,11636913.00
2011/12/15,4.68,4.68,4.47,4.51,1644616,12644804.00
2011/12/16,4.52,4.61,4.28,4.57,2394442,17867866.00
2011/12/19,4.55,4.59,4.43,4.55,1401432,10599630.00
2011/12/20,4.53,4.61,4.47,4.48,1752720,13350874.00
2011/12/21,4.49,4.75,4.47,4.51,3899267,30220132.00
2011/12/22,4.43,4.51,4.17,4.44,3660070,26725062.00
2011/12/23,4.41,4.55,4.41,4.55,1536888,11573377.00
2011/12/26,4.55,4.59,4.47,4.52,1149892,8755052.00
2011/12/27,4.52,4.52,4.27,4.36,1492085,10982851.00
2011/12/28,4.30,4.34,4.20,4.30,1297993,9295078.00
2011/12/29,4.30,4.32,4.20,4.23,1541025,11002760.00
2011/12/30,4.25,4.33,4.15,4.25,2308750,16543083.00
2012/01/04,4.28,4.32,4.08,4.08,1799854,12729159.00
2012/01/05,4.03,4.03,3.65,3.65,4221216,26830944.00
2012/01/06,3.59,3.65,3.33,3.53,5944352,35036404.00
2012/01/09,3.52,3.68,3.45,3.68,21246021,129081560.00
2012/01/10,3.70,3.95,3.70,3.93,14853782,95792736.00
2012/01/11,3.95,4.01,3.81,3.93,9889234,65255412.00
2012/01/12,3.88,3.96,3.85,3.88,5886511,38905644.00
2012/01/13,3.87,3.93,3.59,3.65,7628372,48272976.00
2012/01/16,3.61,3.61,3.43,3.47,3709065,22208340.00
2012/01/17,3.45,3.73,3.45,3.71,5153445,31623780.00
2012/01/18,3.72,3.82,3.57,3.58,5314876,33339004.00
2012/01/19,3.62,3.68,3.55,3.68,3546199,21909024.00
2012/01/20,3.72,3.85,3.68,3.77,4796825,30747872.00
2012/01/30,3.78,3.92,3.77,3.80,6434658,41949452.00
2012/01/31,3.80,3.97,3.77,3.95,5725570,37575348.00
2012/02/01,3.93,3.96,3.83,3.84,3468827,22796728.00
2012/02/02,3.89,4.05,3.87,4.03,7201870,48482300.00
2012/02/03,4.03,4.38,4.00,4.30,13319060,94942184.00
2012/02/06,4.27,4.50,4.25,4.38,12941045,95502608.00
2012/02/07,4.34,4.36,4.22,4.29,5855622,42161624.00
2012/02/08,4.27,4.47,4.25,4.43,6371347,47251336.00
2012/02/09,4.44,4.62,4.43,4.45,8793593,66738260.00
2012/02/10,4.49,4.63,4.39,4.45,7305072,55135212.00
2012/02/13,4.37,4.90,4.37,4.77,11635900,91558016.00
2012/02/14,4.77,4.82,4.67,4.78,5504403,43745648.00
2012/02/15,4.77,4.98,4.72,4.90,7221219,58743760.00
2012/02/16,4.87,4.92,4.72,4.83,7073822,56951732.00
2012/02/17,4.83,4.83,4.62,4.70,7099292,55958800.00
2012/02/20,4.75,4.88,4.70,4.77,5808881,46489212.00
2012/02/21,4.77,4.80,4.67,4.77,5376170,42765804.00
2012/02/22,4.78,4.92,4.72,4.89,6769663,54990648.00
2012/02/23,4.90,5.03,4.81,4.85,6763709,55685140.00
2012/02/24,4.85,4.89,4.81,4.89,6935189,56258288.00
2012/02/27,4.91,5.05,4.85,4.95,10039657,82989232.00
2012/02/28,4.88,5.10,4.87,5.07,10345341,86069688.00
2012/02/29,4.99,5.04,4.82,4.83,8188888,67456104.00
2012/03/01,4.80,5.02,4.78,4.98,9404854,77926088.00
2012/03/02,4.98,5.12,4.95,5.05,5863976,49262928.00
2012/03/05,5.06,5.30,5.06,5.20,9745160,84678392.00
2012/03/06,5.21,5.45,5.09,5.34,12502729,110088224.00
2012/03/07,5.28,5.60,5.22,5.22,14358106,130142536.00
2012/03/08,5.22,5.38,5.17,5.37,8841616,78062744.00
2012/03/09,5.37,5.48,5.31,5.42,7279072,65384244.00
2012/03/12,5.44,5.63,5.37,5.63,12663137,116276640.00
2012/03/13,5.46,5.56,5.34,5.43,23426167,211542640.00
2012/03/14,5.45,5.52,5.11,5.20,13290578,119177664.00
2012/03/15,5.16,5.23,5.02,5.09,7595349,64744004.00
2012/03/16,5.14,5.26,5.08,5.24,6925613,59895016.00
2012/03/19,5.25,5.43,5.22,5.40,7838199,70042456.00
2012/03/20,5.40,5.40,5.22,5.22,4985930,44079392.00
2012/03/21,5.28,5.32,5.18,5.30,6058460,52905500.00
2012/03/22,5.28,5.33,5.23,5.27,3211100,28277784.00
2012/03/23,5.22,5.25,5.06,5.10,5505792,47183884.00
2012/03/26,5.06,5.13,4.99,5.04,2797508,23611066.00
2012/03/27,5.06,5.15,5.03,5.03,2506809,21313810.00
2012/03/28,4.98,5.03,4.73,4.73,4077717,33024878.00
2012/03/29,4.72,4.80,4.65,4.71,2999097,23774304.00
2012/03/30,4.77,4.78,4.68,4.75,3799203,30237946.00
2012/04/05,4.78,4.97,4.75,4.96,3147906,25683324.00
2012/04/06,4.96,5.10,4.94,5.08,3107404,26088636.00
2012/04/09,5.07,5.07,4.98,5.03,2587227,21719298.00
2012/04/10,5.00,5.18,5.00,5.17,5225801,44235624.00
2012/04/11,5.10,5.23,5.08,5.22,3770309,32540018.00
2012/04/12,5.22,5.72,5.18,5.44,10859701,98079400.00
2012/04/13,5.40,5.52,5.40,5.48,5118781,46551736.00
2012/04/16,5.42,5.47,5.38,5.43,2858001,25793224.00
2012/04/17,5.41,5.52,5.33,5.35,3571820,32069668.00
2012/04/18,5.36,5.69,5.34,5.63,10757041,99177808.00
2012/04/19,5.59,5.64,5.53,5.55,3285844,30424264.00
2012/04/20,5.53,5.65,5.52,5.54,3612254,33348996.00
2012/04/23,5.52,5.57,5.28,5.30,6225653,56065820.00
2012/04/24,5.27,5.37,5.07,5.26,5632781,49248848.00
2012/04/25,5.25,5.58,5.23,5.44,4653248,42029268.00
2012/04/26,5.47,5.47,5.33,5.35,3017566,27103784.00
2012/04/27,5.32,5.42,5.32,5.35,1647746,14713254.00
2012/05/02,5.42,5.45,5.36,5.37,2831668,25483974.00
2012/05/03,5.35,5.46,5.35,5.43,2039046,18384040.00
2012/05/04,5.47,5.50,5.39,5.40,3538092,31991514.00
2012/05/07,5.37,5.42,5.25,5.39,4390321,39032736.00
2012/05/08,5.38,5.45,5.32,5.34,2729651,24377592.00
2012/05/09,5.30,5.32,5.23,5.25,3192887,28040512.00
2012/05/10,5.22,5.34,5.22,5.33,2805910,24759450.00
2012/05/11,5.33,5.33,5.25,5.28,1726530,15204784.00
2012/05/14,5.33,5.33,5.20,5.20,2886475,25284138.00
2012/05/15,5.18,5.20,5.02,5.07,4863306,41243268.00
2012/05/16,5.06,5.08,5.00,5.00,1831391,15420978.00
2012/05/17,5.34,5.53,5.28,5.53,33276156,303041568.00
2012/05/18,5.40,5.48,5.20,5.43,18924067,168917936.00
2012/05/21,5.35,5.53,5.04,5.04,15925152,137685024.00
2012/05/22,5.03,5.13,5.02,5.07,7037655,59465228.00
2012/05/23,5.03,5.10,4.92,4.98,5657311,47361856.00
2012/05/24,4.97,5.04,4.93,4.98,3385920,28223134.00
2012/05/25,5.00,5.12,4.99,5.03,4186949,35319832.00
2012/05/29,5.12,5.16,5.07,5.15,5254435,44901728.00
2012/05/30,5.15,5.19,5.12,5.14,3436407,29524338.00
2012/05/31,5.12,5.37,5.08,5.27,6880818,60188796.00
2012/06/01,5.25,5.28,5.18,5.23,4342742,37835484.00
2012/06/04,5.09,5.18,5.02,5.03,4076633,34747220.00
2012/06/05,5.03,5.10,4.98,5.03,2088247,17589174.00
2012/06/06,5.05,5.08,5.00,5.05,1866731,15726554.00
2012/06/07,5.10,5.13,4.95,5.00,2059067,17342458.00
2012/06/08,5.19,5.30,5.09,5.10,6031862,52150940.00
2012/06/11,5.10,5.15,5.00,5.13,4408433,37323432.00
2012/06/12,5.07,5.17,5.02,5.12,3249013,27697580.00
2012/06/13,5.12,5.41,5.10,5.38,10034658,88480216.00
2012/06/14,5.33,5.44,5.30,5.33,6437344,57576836.00
2012/06/15,5.32,5.59,5.32,5.53,15646905,143718352.00
2012/06/18,5.55,5.58,5.47,5.48,8045737,73717440.00
2012/06/19,5.48,5.72,5.48,5.53,12471191,116510944.00
2012/06/20,5.53,5.60,5.48,5.52,5563028,51095388.00
2012/06/21,5.48,5.53,5.37,5.38,4279603,38621716.00
2012/06/25,5.27,5.28,5.09,5.10,5859724,50650384.00
2012/06/26,5.09,5.18,5.02,5.13,2724095,23212474.00
2012/06/27,5.10,5.22,5.10,5.11,2230868,19211482.00
2012/06/28,5.11,5.17,5.02,5.02,2180949,18592224.00
2012/06/29,4.99,5.17,4.98,5.14,2223190,18935136.00
2012/07/02,5.17,5.24,5.15,5.21,2440182,21135686.00
2012/07/03,5.22,5.23,5.15,5.20,2479383,21478866.00
2012/07/04,5.17,5.28,5.16,5.27,2905982,25334806.00
2012/07/05,5.27,5.27,5.05,5.06,2927879,25070250.00
2012/07/06,5.15,5.37,5.11,5.35,4823953,42143028.00
2012/07/09,5.30,5.37,5.25,5.25,4845068,42850008.00
2012/07/10,5.25,5.28,5.11,5.13,3782842,33025228.00
2012/07/11,5.12,5.12,4.98,5.02,5111354,43026540.00
2012/07/12,5.02,5.12,4.94,5.04,4154294,21587396.00
2012/07/13,5.07,5.08,4.52,4.59,17460550,84712792.00
2012/07/16,4.53,4.53,4.26,4.28,6173206,28132882.00
2012/07/17,4.28,4.44,4.27,4.43,3573665,16250876.00
2012/07/18,4.43,4.57,4.39,4.53,5256254,24353228.00
2012/07/19,4.51,4.62,4.51,4.52,4871162,22976344.00
2012/07/20,4.50,4.57,4.44,4.46,3224490,15001666.00
2012/07/23,4.42,4.50,4.35,4.42,2779972,12813831.00
2012/07/24,4.44,4.60,4.42,4.58,4716612,22146454.00
2012/07/25,4.57,4.67,4.47,4.49,5120827,24240932.00
2012/07/26,4.45,4.61,4.45,4.46,3234130,15079429.00
2012/07/27,4.52,4.53,4.41,4.45,2263868,10462928.00
2012/07/30,4.49,4.49,4.38,4.43,1953866,8968869.00
2012/07/31,4.43,4.44,4.36,4.38,2149517,9799797.00
2012/08/01,4.38,4.57,4.29,4.50,4279327,19874042.00
2012/08/02,4.51,4.56,4.42,4.47,2334388,10836110.00
2012/08/03,4.50,4.57,4.44,4.56,3000609,14063408.00
2012/08/06,4.52,4.67,4.50,4.64,5609470,26720664.00
2012/08/07,4.62,4.79,4.62,4.70,5800599,28206376.00
2012/08/08,4.72,4.76,4.62,4.71,5475470,26639442.00
2012/08/09,4.72,4.82,4.67,4.80,5604849,27502626.00
2012/08/10,4.78,4.85,4.70,4.74,4355634,21401580.00
2012/08/13,4.72,4.76,4.56,4.57,4405399,21198106.00
2012/08/14,4.57,4.76,4.57,4.71,4420335,21381166.00
2012/08/15,4.68,4.73,4.62,4.64,3193987,15416380.00
2012/08/16,4.63,4.65,4.57,4.59,1707604,8146748.50
2012/08/17,4.59,4.68,4.56,4.65,2272677,10873612.00
2012/08/20,4.61,4.76,4.59,4.76,4029127,19563794.00
2012/08/21,4.76,5.25,4.73,5.02,21490570,112536456.00
2012/08/22,4.95,5.07,4.84,4.87,10569087,53812492.00
2012/08/23,4.85,5.14,4.85,5.08,11047321,57218968.00
2012/08/24,5.10,5.13,4.92,4.95,7657582,39833592.00
2012/08/27,4.91,4.98,4.84,4.94,5958106,30299120.00
2012/08/28,4.94,4.97,4.79,4.88,7889718,39776908.00
2012/08/29,4.90,5.13,4.86,4.98,9325678,48193260.00
2012/08/30,4.93,5.00,4.74,4.83,6943147,34973868.00
2012/08/31,4.87,4.89,4.76,4.83,3060271,15267659.00
2012/09/03,4.79,4.97,4.79,4.94,4080195,20667234.00
2012/09/04,4.95,5.10,4.92,4.96,8705882,45090392.00
2012/09/05,4.94,5.09,4.91,5.04,5514648,28561946.00
2012/09/06,5.06,5.09,4.98,5.08,4300339,22354446.00
2012/09/07,5.13,5.48,5.06,5.19,17895750,96974888.00
2012/09/10,5.21,5.28,5.12,5.16,14319274,76696952.00
2012/09/11,5.14,5.41,5.11,5.21,18917303,102246504.00
2012/09/12,5.24,5.27,5.16,5.25,9830119,52793636.00
2012/09/13,5.22,5.27,5.12,5.12,5673266,30408738.00
2012/09/14,5.20,5.23,5.07,5.13,5203245,27575376.00
2012/09/17,5.09,5.13,4.94,4.99,5198948,26962568.00
2012/09/18,4.96,5.05,4.94,4.95,2862732,14742490.00
2012/09/19,4.95,5.04,4.95,5.02,2936634,15167249.00
2012/09/20,5.00,5.00,4.76,4.82,7150164,35800072.00
2012/09/21,4.80,4.84,4.73,4.79,3818321,18871190.00
2012/09/24,4.74,4.78,4.69,4.77,2744416,13462897.00
2012/09/25,4.77,5.00,4.76,4.81,4165910,20997822.00
2012/09/26,4.83,4.89,4.65,4.66,3292461,16039062.00
2012/09/27,4.69,4.85,4.68,4.79,3530407,17443332.00
2012/09/28,4.78,4.91,4.74,4.91,3314814,16604313.00
2012/10/08,4.89,4.96,4.82,4.84,2802450,14097427.00
2012/10/09,4.86,4.96,4.85,4.94,4705650,23927298.00
2012/10/10,4.92,5.01,4.92,4.97,4460288,22855586.00
2012/10/11,4.94,4.98,4.85,4.85,3456715,17515104.00
2012/10/12,4.86,4.93,4.80,4.82,2649754,13267995.00
2012/10/15,4.84,4.89,4.76,4.86,3200200,15962185.00
2012/10/16,4.86,4.93,4.83,4.90,2806310,14181190.00
2012/10/17,4.89,4.92,4.85,4.89,2567704,12966248.00
2012/10/18,4.87,4.98,4.87,4.96,4584908,23391036.00
2012/10/19,4.97,5.06,4.92,5.02,5930089,30613558.00
2012/10/22,4.99,5.10,4.96,5.03,5718661,29735370.00
2012/10/23,5.05,5.05,4.94,4.95,4039101,20793368.00
2012/10/24,4.91,4.98,4.90,4.93,2249217,11479558.00
2012/10/25,4.93,4.96,4.86,4.86,3347870,16971866.00
2012/10/26,4.88,4.91,4.71,4.75,3616760,17997678.00
2012/10/29,4.71,4.82,4.68,4.75,1580225,7772427.50
2012/10/30,4.78,4.81,4.73,4.75,1648297,8115698.50
2012/10/31,4.78,4.78,4.71,4.74,1325217,6478772.50
2012/11/01,4.74,4.80,4.69,4.78,3574079,17596278.00
2012/11/02,4.78,4.80,4.70,4.73,2956837,14504025.00
2012/11/05,4.76,4.86,4.75,4.83,3448813,17112134.00
2012/11/06,4.83,4.84,4.70,4.78,2776629,13654728.00
2012/11/07,4.75,4.80,4.71,4.77,1648147,8102243.50
2012/11/08,4.74,4.74,4.57,4.57,4038083,19434624.00
2012/11/09,4.56,4.61,4.55,4.57,1360990,6449083.50
2012/11/12,4.59,4.63,4.57,4.62,1360569,6479537.00
2012/11/13,4.61,4.63,4.44,4.47,1665652,7795854.50
2012/11/14,4.49,4.54,4.39,4.54,1534124,7156536.50
2012/11/15,4.50,4.54,4.46,4.46,1082365,5035205.00
2012/11/16,4.46,4.46,4.35,4.36,2180723,9904798.00
2012/11/19,4.37,4.42,4.31,4.34,3928863,17715076.00
2012/11/20,4.37,4.37,4.28,4.29,2394531,10730024.00
2012/11/21,4.29,4.33,4.14,4.29,3444953,15162794.00
2012/11/22,4.28,4.28,4.21,4.22,1550680,6829134.00
2012/11/23,4.20,4.31,4.20,4.24,1444801,6388611.00
2012/11/26,4.25,4.26,4.13,4.15,1321437,5765347.00
2012/11/27,4.14,4.14,3.94,3.97,2110903,8848814.00
2012/11/28,3.96,3.98,3.84,3.85,1609051,6513954.50
2012/11/29,3.85,3.89,3.81,3.81,1292939,5198584.50
2012/11/30,3.84,3.88,3.77,3.86,1674881,6702737.00
2012/12/03,3.87,3.89,3.73,3.74,1659841,6613248.50
2012/12/04,3.74,3.83,3.71,3.82,2055348,8066159.00
2012/12/05,3.83,4.00,3.81,3.96,4013316,16475042.00
2012/12/06,3.96,3.99,3.91,3.94,1938302,7953194.50
2012/12/07,3.94,4.05,3.91,4.04,3631264,15104066.00
2012/12/10,4.05,4.19,4.02,4.14,3750724,16013295.00
2012/12/11,4.13,4.22,4.09,4.11,3431411,14779743.00
2012/12/12,4.13,4.17,4.04,4.09,2764995,11758831.00
2012/12/13,4.09,4.12,4.01,4.03,2628951,11094024.00
2012/12/14,4.03,4.25,4.02,4.24,6493701,28131098.00
2012/12/17,4.26,4.28,4.19,4.23,4469222,19617152.00
2012/12/18,4.25,4.29,4.17,4.21,3913864,17176720.00
2012/12/19,4.21,4.24,4.17,4.21,2300366,10056932.00
2012/12/20,4.22,4.31,4.19,4.24,3844026,16940924.00
2012/12/21,4.24,4.31,4.19,4.22,2728194,12014650.00
2012/12/24,4.22,4.26,4.19,4.21,2037461,8932708.00
2012/12/25,4.22,4.36,4.20,4.34,5797571,25909140.00
2012/12/26,4.32,4.40,4.30,4.38,3862261,17434084.00
2012/12/27,4.41,4.42,4.32,4.32,3564248,16129938.00
2012/12/28,4.32,4.38,4.32,4.36,2735387,12346060.00
2012/12/31,4.36,4.45,4.35,4.39,3883135,17708170.00
2013/01/04,4.42,4.46,4.31,4.34,3628149,16412979.00
2013/01/07,4.34,4.43,4.30,4.40,4018193,18260428.00
2013/01/08,4.41,4.57,4.40,4.54,7649698,35679188.00
2013/01/09,4.55,4.57,4.47,4.51,4937217,23122662.00
2013/01/10,4.49,4.58,4.49,4.54,3655293,17160304.00
2013/01/11,4.54,4.58,4.34,4.36,5670201,26185396.00
2013/01/14,4.32,4.81,4.29,4.81,16343806,78834568.00
2013/01/15,4.96,4.96,4.80,4.81,20682445,103748432.00
2013/01/16,4.76,4.99,4.73,4.95,23730520,119796712.00
2013/01/17,4.90,4.94,4.78,4.80,9095266,45542708.00
2013/01/18,4.80,4.87,4.66,4.81,7227969,35747016.00
2013/01/21,4.82,4.86,4.79,4.86,5226846,26084626.00
2013/01/22,5.05,5.24,4.95,4.97,21965068,115098368.00
2013/01/23,4.89,4.97,4.81,4.86,11374528,57205764.00
2013/01/24,4.86,4.93,4.62,4.68,12640498,62092340.00
2013/01/25,4.69,4.75,4.62,4.67,6885108,33276902.00
2013/01/28,4.67,4.80,4.65,4.79,6465237,31780388.00
2013/01/29,4.82,4.86,4.77,4.83,6875414,34201204.00
2013/01/30,4.83,5.08,4.83,4.92,16152019,82760472.00
2013/01/31,4.92,4.99,4.86,4.92,8096157,41127272.00
2013/02/01,4.94,5.10,4.91,5.06,12892350,66846704.00
2013/02/04,5.11,5.17,4.94,5.14,13451735,70142832.00
2013/02/05,5.08,5.15,5.06,5.09,8614355,45348668.00
2013/02/06,5.10,5.12,4.98,5.02,7344158,38184848.00
2013/02/07,5.01,5.12,4.99,5.10,8260261,43152016.00
2013/02/08,5.10,5.30,5.05,5.11,16108874,85801416.00
2013/02/18,5.13,5.16,5.09,5.12,7732811,40771448.00
2013/02/19,5.14,5.14,4.95,4.99,7883898,40855564.00
2013/02/20,4.98,5.07,4.97,5.05,5865106,30406954.00
2013/02/21,5.02,5.04,4.90,4.92,6523500,33437502.00
2013/02/22,4.91,5.16,4.90,5.11,14196997,74267088.00
2013/02/25,5.10,5.26,5.08,5.13,12824582,68273008.00
2013/02/26,5.11,5.21,5.07,5.12,11404847,60567804.00
2013/02/27,5.11,5.24,5.08,5.23,11316667,60114288.00
2013/02/28,5.22,5.28,5.16,5.28,13372212,71941032.00
2013/03/01,5.27,5.27,5.15,5.22,10292871,55236352.00
2013/03/04,5.15,5.16,5.01,5.05,12563936,65915988.00
2013/03/05,5.07,5.26,5.01,5.26,12508027,66801632.00
2013/03/06,5.27,5.33,5.23,5.31,13466422,73267408.00
2013/03/07,5.32,5.50,5.17,5.18,21699489,119570336.00
2013/03/08,5.15,5.26,5.12,5.16,6382866,34080448.00
2013/03/11,5.17,5.21,5.12,5.16,4225007,22520868.00
2013/03/12,5.17,5.18,4.89,5.00,9033463,46877348.00
2013/03/13,4.99,4.99,4.81,4.88,6123324,30761864.00
2013/03/14,4.82,4.92,4.80,4.89,3172681,16021845.00
2013/03/15,4.91,4.99,4.83,4.88,5062172,25711386.00
2013/03/18,4.84,4.91,4.82,4.83,3290319,16526779.00
2013/03/19,4.84,4.87,4.74,4.84,3835904,19073046.00
2013/03/20,4.84,5.00,4.84,4.98,4686540,23927536.00
2013/03/21,5.00,5.07,4.95,5.02,6579417,34096204.00
2013/03/22,5.01,5.06,4.94,5.03,4223303,21805922.00
2013/03/25,5.03,5.07,4.97,4.99,3592563,18538084.00
2013/03/26,4.97,4.98,4.81,4.87,6487176,32601802.00
2013/03/27,4.85,4.92,4.82,4.90,3930330,19765004.00
2013/03/28,4.86,5.02,4.74,4.91,10253338,51943008.00
2013/03/29,4.91,4.97,4.80,4.95,6368729,32261810.00
2013/04/01,4.91,5.09,4.87,5.07,9636393,49786824.00
2013/04/02,5.04,5.08,4.81,4.83,12274164,62383844.00
2013/04/03,4.84,4.87,4.64,4.70,7857931,38459944.00
2013/04/08,4.62,4.67,4.49,4.65,4180452,19845824.00
2013/04/09,4.65,4.73,4.64,4.70,3437097,16672340.00
2013/04/10,4.69,4.70,4.55,4.60,3303148,15777465.00
2013/04/11,4.62,4.70,4.61,4.67,3182930,15341086.00
2013/04/12,4.76,5.15,4.76,5.08,44678425,233304432.00
2013/04/15,5.19,5.22,5.02,5.15,30995222,163890400.00
2013/04/16,5.05,5.17,5.00,5.12,16112701,84428976.00
2013/04/17,5.13,5.20,5.02,5.16,15098954,79691984.00
2013/04/18,5.10,5.30,5.06,5.16,17046111,91437640.00
2013/04/19,5.15,5.29,5.11,5.19,16099732,86197248.00
2013/04/22,5.19,5.46,5.17,5.39,30163403,166487840.00
2013/04/23,5.39,5.79,5.37,5.64,51381480,296653504.00
2013/04/24,5.66,6.12,5.56,5.98,39703434,236640928.00
2013/04/25,5.99,6.08,5.72,5.75,32311226,196667232.00
2013/04/26,5.77,5.90,5.54,5.63,20729358,121334712.00
2013/05/02,5.59,5.89,5.56,5.88,15542686,92034592.00
2013/05/03,5.92,6.04,5.81,5.89,18051093,109552128.00
2013/05/06,6.44,6.50,6.44,6.50,14453588,96171928.00
2013/05/07,7.12,7.12,6.65,6.84,72826348,512946880.00
2013/05/08,6.96,7.54,6.96,7.28,73509323,553453504.00
2013/05/09,7.14,7.32,6.95,7.24,44216623,321901856.00
2013/05/10,7.13,7.14,6.76,6.99,35156309,249723696.00
2013/05/13,6.95,7.15,6.71,7.02,29480668,209474976.00
2013/05/14,6.97,7.11,6.89,6.93,14082336,100675536.00
2013/05/15,6.94,7.19,6.87,7.10,21448111,155039216.00
2013/05/16,7.05,7.32,6.94,7.13,25543614,186305840.00
2013/05/17,7.01,7.18,6.96,7.10,18065450,130971960.00
2013/05/20,7.09,7.50,7.06,7.44,32150390,241621136.00
2013/05/21,7.37,7.52,7.27,7.52,17626571,133143368.00
2013/05/22,7.52,7.82,7.29,7.31,20864942,161330464.00
2013/05/23,7.22,7.30,6.99,7.04,30376249,220383968.00
2013/05/24,7.06,7.19,7.00,7.08,13066563,94735048.00
2013/05/27,7.07,7.16,6.99,7.02,13009262,93839640.00
2013/05/28,7.03,7.11,6.87,6.96,13082490,93127320.00
2013/05/29,6.97,7.19,6.96,7.17,13061483,94501416.00
2013/05/30,7.14,7.79,7.08,7.65,27779273,210128240.00
2013/05/31,7.67,8.26,7.65,7.99,35227862,287701632.00
2013/06/03,8.05,8.66,7.87,8.27,39641082,335938944.00
2013/06/04,8.23,8.49,7.90,8.48,25384130,212143584.00
2013/06/05,8.43,8.59,8.22,8.34,14114500,120497040.00
2013/06/06,8.25,8.31,8.00,8.04,12398628,102674400.00
2013/06/07,8.00,8.15,7.59,7.64,17245516,138745360.00
2013/06/13,7.49,7.93,7.19,7.84,24612246,190671408.00
2013/06/14,7.84,8.39,7.84,8.25,22551755,187693408.00
2013/06/17,8.38,8.74,8.38,8.61,26219461,228977888.00
2013/06/18,8.64,8.64,8.12,8.24,15508721,131709904.00
2013/06/19,8.23,8.42,7.96,8.35,10349509,86913664.00
2013/06/20,8.27,8.48,8.00,8.03,14352439,120891672.00
2013/06/21,7.82,8.22,7.69,7.89,14396238,116522888.00
2013/06/24,7.79,7.79,7.09,7.16,29617110,219582080.00
2013/06/25,7.03,7.36,6.52,7.26,27756833,199010368.00
2013/06/26,7.31,7.99,7.30,7.99,33228665,259502848.00
2013/06/27,7.96,8.14,7.69,7.73,16818945,134786032.00
2013/06/28,7.68,7.98,7.55,7.62,15782941,124283256.00
2013/07/01,7.53,7.94,7.47,7.78,11653233,91861304.00
2013/07/02,7.78,8.33,7.78,8.18,17511205,142894672.00
2013/07/03,8.09,8.77,8.05,8.59,31222281,267045520.00
2013/07/04,8.56,8.61,8.26,8.36,15425522,131233800.00
2013/07/05,8.31,8.47,7.98,7.99,16027674,132728720.00
2013/07/08,7.84,8.09,7.41,7.63,13576820,106719696.00
2013/07/09,7.63,7.98,7.51,7.91,9545830,74845384.00
2013/07/10,7.99,8.27,7.92,8.23,11132496,91939960.00
2013/07/11,8.36,8.43,8.01,8.27,11835889,98968576.00
2013/07/12,8.23,8.68,8.17,8.61,17692593,151431040.00
2013/07/15,8.52,8.85,8.45,8.79,19820120,174364480.00
2013/07/16,8.77,8.85,8.26,8.28,25537072,218608592.00
2013/07/17,8.22,8.38,7.95,8.07,20155022,166036560.00
2013/07/18,8.02,8.61,7.88,8.47,25992109,217229632.00
2013/07/19,8.44,8.63,8.02,8.06,17397025,147509792.00
2013/07/22,7.95,8.26,7.78,8.15,9048983,74096744.00
2013/07/23,8.13,8.98,8.13,8.98,42546603,378114304.00
2013/07/24,9.09,9.32,8.89,9.18,31363993,289433536.00
2013/07/25,9.20,9.84,9.20,9.34,37518336,360312832.00
2013/07/26,9.24,9.46,8.96,9.14,17119923,158580032.00
2013/07/29,9.13,9.74,9.10,9.39,23913073,229034592.00
2013/07/30,9.42,9.59,8.80,9.08,17626835,162431424.00
2013/07/31,9.06,9.27,8.87,8.92,11048844,101223072.00
2013/08/01,8.95,9.53,8.95,9.49,15625558,147070192.00
2013/08/02,9.43,9.83,9.40,9.56,16726893,163148144.00
2013/08/05,9.53,9.71,9.44,9.54,10088552,97582544.00
2013/08/06,9.51,9.97,9.40,9.86,13911850,136691840.00
2013/08/07,9.91,9.92,9.50,9.58,12321719,120513440.00
2013/08/08,9.68,10.11,9.60,10.00,18252987,183353200.00
2013/08/09,9.99,10.11,9.60,9.74,15632540,154980784.00
2013/08/12,9.68,9.68,9.19,9.56,19478242,184601408.00
2013/08/13,9.49,9.64,9.29,9.47,8304186,79390288.00
2013/08/14,9.49,9.56,9.38,9.41,7337863,70101920.00
2013/08/15,9.44,9.58,9.15,9.15,10743578,101574400.00
2013/08/16,9.02,9.14,8.49,8.58,18568654,166171200.00
2013/08/19,8.57,8.98,8.49,8.85,10649241,95204232.00
2013/08/20,8.91,8.92,8.61,8.73,9484742,83949552.00
2013/08/21,8.67,8.91,8.64,8.76,8411649,74711352.00
2013/08/22,8.76,8.83,8.69,8.75,6316876,56052932.00
2013/08/23,8.80,9.05,8.69,9.02,12105037,109215560.00
2013/08/26,9.07,9.13,8.92,9.08,8035420,73365176.00
2013/08/27,9.07,9.08,8.87,8.98,8261182,74773072.00
2013/08/28,8.93,8.93,8.64,8.65,9683406,85827840.00
2013/08/29,8.62,8.73,7.89,8.09,21483976,178979488.00
2013/08/30,8.34,8.69,8.22,8.34,18949053,163278976.00
2013/09/02,8.47,9.01,8.43,8.85,15395019,137235840.00
2013/09/03,8.93,9.19,8.93,9.12,16147790,148255664.00
2013/09/04,9.32,9.48,9.19,9.41,18134338,171378656.00
2013/09/05,9.37,9.37,9.06,9.14,10881610,100984768.00
2013/09/06,9.17,9.24,9.09,9.21,9044739,83868400.00
2013/09/09,9.19,9.49,9.15,9.20,13343378,125583872.00
2013/09/10,9.17,9.29,8.79,8.98,15415150,139379520.00
2013/09/11,8.97,8.99,8.58,8.79,11164461,99114792.00
2013/09/12,8.74,8.88,8.63,8.68,6799241,60083556.00
2013/09/13,8.66,9.18,8.43,9.10,13901617,123848952.00
2013/09/16,9.04,9.28,8.94,9.19,11409713,105195848.00
2013/09/17,9.18,9.44,9.07,9.23,13252668,124323760.00
2013/09/18,9.15,9.75,9.10,9.55,21056806,202450992.00
2013/09/23,9.54,9.75,9.47,9.65,11851678,115246768.00
2013/09/24,9.66,10.63,9.65,10.63,49426845,519445600.00
2013/09/25,11.70,11.70,11.19,11.62,59770684,700019776.00
2013/09/26,11.40,11.76,10.90,11.49,41789403,479070656.00
2013/09/27,11.65,11.71,10.64,10.76,32145963,356094912.00
2013/09/30,10.67,11.44,10.67,11.29,23047967,259767680.00
2013/10/08,11.19,11.46,10.91,11.29,17149130,193959536.00
2013/10/09,11.22,12.43,11.21,12.43,37354201,454440544.00
2013/10/10,12.38,12.47,11.87,11.99,26662004,325320160.00
2013/10/11,11.92,12.23,11.47,11.70,21525526,255064544.00
2013/10/14,11.77,12.37,11.59,12.13,17014300,206455152.00
2013/10/15,12.16,12.17,11.54,11.63,19906049,235013440.00
2013/10/16,11.63,12.19,11.26,12.19,21505415,253878192.00
2013/10/17,12.28,12.49,11.56,11.58,20161372,245324752.00
2013/10/18,11.69,12.09,11.29,11.78,13790882,162458880.00
2013/10/21,11.71,12.25,11.71,12.09,18980913,230770352.00
2013/10/22,12.34,12.45,11.99,12.08,19393189,238296816.00
2013/10/23,12.24,12.24,10.86,11.36,32766789,372380288.00
2013/10/24,11.16,11.16,10.77,10.89,11731576,130162248.00
2013/10/25,11.04,11.05,10.29,10.68,16643314,178693120.00
2013/10/28,10.66,10.84,10.52,10.83,7655098,82664368.00
2013/10/29,10.74,11.24,10.24,10.83,13893888,150648080.00
2013/10/30,10.83,10.99,10.61,10.83,6064528,66023236.00
2013/10/31,10.77,10.77,10.48,10.53,5021722,53729712.00
2013/11/01,10.49,10.88,10.05,10.82,8557386,91207952.00
2013/11/04,10.85,11.20,10.79,11.12,9601780,107670648.00
2013/11/05,11.12,11.18,10.89,11.08,5845369,65390476.00
2013/11/06,11.09,11.34,10.94,10.98,9910705,111722400.00
2013/11/07,10.98,11.15,10.77,10.88,7062595,77880088.00
2013/11/08,10.80,10.82,10.32,10.37,7797736,82973184.00
2013/11/11,10.20,10.56,10.20,10.56,4056505,42537648.00
2013/11/12,10.51,10.77,10.30,10.52,8150295,86448360.00
2013/11/13,10.47,10.79,10.44,10.45,5002415,53633952.00
2013/11/14,10.46,10.75,10.30,10.72,6716676,71646184.00
2013/11/15,11.11,11.48,10.96,11.23,15573748,176450512.00
2013/11/18,11.26,11.93,11.12,11.71,18461841,216431392.00
2013/11/19,11.51,12.28,11.51,11.71,15387579,185362336.00
2013/11/20,11.71,12.01,11.54,11.66,9243151,109290080.00
2013/11/21,11.77,12.26,11.47,11.84,15271156,182802368.00
2013/11/22,11.86,11.89,11.62,11.79,6882065,81493192.00
2013/11/25,11.79,12.11,11.74,11.74,8736953,105248600.00
2013/11/26,11.70,12.77,11.69,12.49,24158902,299951392.00
2013/11/27,12.44,13.05,12.36,12.94,24345930,315256672.00
2013/11/28,12.98,13.27,12.66,12.84,17706772,230663376.00
2013/11/29,12.84,13.24,12.65,13.10,13821018,179778224.00
2013/12/02,12.64,12.64,11.79,11.95,26373668,326473856.00
2013/12/03,11.79,12.57,11.77,12.43,11402061,141129216.00
2013/12/04,12.45,13.01,12.35,12.77,12155526,156465456.00
2013/12/05,12.65,12.84,11.48,11.48,23239401,283621952.00
2013/12/06,11.18,11.42,10.52,10.82,38121355,417771840.00
2013/12/09,10.77,10.95,10.62,10.84,13008341,141674144.00
2013/12/10,10.84,11.00,10.69,10.93,11732055,128722320.00
2013/12/11,10.94,10.96,10.71,10.79,5955207,65114808.00
2013/12/12,10.83,11.04,10.79,10.96,9498916,104592072.00
2013/12/13,10.88,11.06,10.84,10.96,5153260,57007196.00
2013/12/16,10.93,11.07,10.69,10.77,6578755,72375136.00
2013/12/17,10.89,10.93,10.70,10.85,4743755,51834704.00
2013/12/18,10.85,10.99,10.77,10.80,4019928,44136056.00
2013/12/19,10.84,10.88,10.17,10.22,11936634,126717736.00
2013/12/20,10.28,10.36,9.51,9.89,16522967,163708384.00
2013/12/23,9.87,10.01,9.62,9.89,5123811,51197472.00
2013/12/24,9.89,10.55,9.89,10.42,11785533,123028896.00
2013/12/25,10.41,10.92,10.31,10.85,12165383,131878304.00
2013/12/26,10.85,10.89,10.48,10.49,7673184,82312472.00
2013/12/27,10.43,11.06,10.39,10.86,10183099,111290128.00
2013/12/30,10.89,11.02,10.77,10.84,5590689,61299488.00
2013/12/31,10.79,10.93,10.68,10.90,6177842,67563864.00
2014/01/02,10.89,11.31,10.80,11.24,8611509,96947240.00
2014/01/03,11.20,11.43,11.03,11.08,9893553,112587560.00
2014/01/06,11.06,11.24,10.80,11.09,6509695,72552032.00
2014/01/07,10.98,11.62,10.96,11.49,9831865,113323832.00
2014/01/08,11.49,11.78,11.40,11.73,9974477,117367744.00
2014/01/09,11.72,12.24,11.55,11.79,16924178,205431616.00
2014/01/10,11.74,11.98,11.14,11.39,11034891,127698368.00
2014/01/13,11.29,11.58,11.16,11.27,5358674,61482116.00
2014/01/14,11.27,11.86,11.11,11.80,7569540,88246392.00
2014/01/15,11.79,12.00,11.60,11.85,7289937,86821936.00
2014/01/16,11.84,11.84,11.47,11.47,8195590,96167304.00
2014/01/17,11.48,11.48,10.99,11.12,10071031,113475608.00
2014/01/20,11.02,11.22,10.64,10.82,7348278,80772800.00
2014/01/21,11.04,11.71,11.04,11.29,12528059,144057824.00
2014/01/22,11.29,12.01,11.27,12.00,13946716,165342432.00
2014/01/23,12.04,12.30,11.92,12.17,16373132,200103840.00
2014/01/24,12.04,12.40,11.94,12.05,13126459,161591328.00
2014/01/27,12.07,12.41,11.88,12.35,12811568,157309360.00
2014/01/28,12.29,12.35,11.80,12.19,9775810,119572344.00
2014/01/29,12.19,12.29,11.97,12.20,7264219,88743352.00
2014/01/30,12.21,12.60,11.98,12.03,8869687,109869664.00
2014/02/07,11.97,12.90,11.89,12.78,14203879,179106704.00
2014/02/10,13.01,13.32,12.77,13.13,21570433,285516064.00
2014/02/11,13.19,13.29,12.59,12.82,19342889,251518144.00
2014/02/12,13.22,13.81,13.09,13.40,26835535,362527904.00
2014/02/13,13.29,13.57,12.76,12.77,22985230,306329152.00
2014/02/14,12.86,13.10,12.79,12.98,15626902,204191120.00
2014/02/17,13.00,13.45,12.70,13.41,26907591,352133536.00
2014/02/18,13.37,13.72,13.11,13.55,26474166,357787936.00
2014/02/19,13.39,13.47,13.08,13.12,16207990,216105136.00
2014/02/20,13.20,13.24,12.57,12.66,18256357,235502784.00
2014/02/21,12.63,12.84,12.43,12.62,8980104,114314776.00
2014/02/24,12.58,12.80,12.41,12.79,11220443,143379024.00
2014/02/25,12.77,12.95,11.79,12.01,24376776,304242240.00
2014/02/26,11.98,11.98,11.19,11.54,23099885,268094800.00
2014/02/27,11.57,11.83,10.93,11.08,17529330,201686240.00
2014/02/28,11.16,11.26,10.79,10.97,17846291,198499536.00
2014/03/03,11.01,11.58,11.00,11.58,16496089,189612400.00
2014/03/04,11.44,11.49,11.03,11.23,15755114,178630128.00
2014/03/05,11.27,11.45,11.08,11.34,16975161,192832112.00
2014/03/06,11.40,11.67,11.16,11.63,17280414,199447328.00
2014/03/07,11.54,11.74,11.17,11.31,13723506,158504464.00
2014/03/10,11.19,11.22,10.17,10.32,21259843,227607728.00
2014/03/11,10.26,10.43,9.88,10.09,16925328,173670976.00
2014/03/12,10.14,10.36,9.83,10.32,12588436,127896344.00
2014/03/13,10.32,10.44,10.20,10.33,7336021,76475208.00
2014/03/14,10.33,10.37,10.12,10.24,5687619,58784416.00
2014/03/17,10.42,10.76,10.41,10.58,12926459,138121456.00
2014/03/18,10.59,10.94,10.59,10.67,13488276,146843264.00
2014/03/19,10.69,10.73,10.15,10.25,14155728,148540736.00
2014/03/20,10.30,10.71,10.09,10.17,16041598,168923200.00
2014/03/21,10.00,10.35,9.69,10.32,17607247,177838672.00
2014/03/24,10.27,10.28,9.89,10.07,12705486,129096160.00
2014/03/25,10.07,10.19,9.84,9.93,14058107,141714944.00
2014/03/26,10.00,10.13,9.96,10.05,12159554,123271320.00
2014/03/27,10.06,10.06,9.81,9.86,9512708,95185944.00
2014/03/28,9.84,9.88,9.22,9.34,16234666,156533520.00
2014/03/31,9.32,9.47,9.15,9.45,7790846,73361936.00
2014/04/01,9.40,9.63,9.38,9.62,6984638,67267024.00
2014/04/02,9.63,9.72,9.52,9.60,8463698,82290056.00
2014/04/03,9.64,9.75,9.53,9.69,7101551,69172472.00
2014/04/04,9.62,9.88,9.60,9.86,7652357,75767456.00
2014/04/08,9.80,9.93,9.65,9.82,8020993,79418688.00
2014/04/09,9.88,10.06,9.83,9.93,9957788,100018128.00
2014/04/10,9.96,10.04,9.79,9.88,11375362,114199136.00
2014/04/11,9.82,9.85,9.47,9.55,15334839,149038720.00
2014/04/14,9.52,9.66,9.49,9.62,6482628,62832604.00
2014/04/15,9.62,10.05,9.59,10.02,19574406,195777152.00
2014/04/16,9.99,10.04,9.89,9.95,10039587,101031488.00
2014/04/17,10.00,10.22,9.82,10.18,17210242,175019968.00
2014/04/18,10.09,10.37,10.05,10.26,15266885,158335264.00
2014/04/21,10.17,10.55,10.09,10.22,18425247,193030160.00
2014/04/22,10.22,10.47,9.84,10.10,15964613,163351360.00
2014/04/23,10.15,10.27,9.91,10.00,8783764,89436744.00
2014/04/24,10.00,10.13,9.83,9.99,10563889,106388616.00
2014/04/25,9.99,10.16,9.88,9.91,8801078,89118864.00
2014/04/28,9.74,9.79,8.91,8.91,21670674,200673120.00
2014/04/29,8.91,9.06,8.80,9.03,7520015,68065984.00
2014/04/30,9.00,9.24,8.94,9.16,7307263,67605816.00
2014/05/05,9.09,9.32,8.96,9.29,5030720,46686616.00
2014/05/06,9.32,9.56,9.24,9.45,6521900,62207764.00
2014/05/07,9.39,9.53,9.26,9.29,5505927,52210508.00
2014/05/08,9.24,9.39,9.07,9.13,7657975,71332768.00
2014/05/09,9.09,9.13,8.89,9.03,5636925,51279400.00
2014/05/12,9.11,9.39,9.04,9.37,6336967,59081348.00
2014/05/13,9.39,9.53,9.32,9.43,5921815,56438424.00
2014/05/14,9.43,9.47,9.35,9.44,3488652,33204352.00
2014/05/15,9.54,9.59,9.08,9.15,7097809,66653076.00
2014/05/16,9.15,9.15,8.92,9.06,6303456,57572864.00
2014/05/19,9.03,9.10,8.83,8.90,5811228,52566248.00
2014/05/20,9.01,9.10,8.91,8.91,7788304,71072280.00
2014/05/21,8.96,9.08,8.84,9.08,5698044,51901008.00
2014/05/22,9.07,9.27,9.04,9.13,7399085,68780216.00
2014/05/23,9.17,9.35,9.07,9.34,6624794,61840052.00
2014/05/26,9.35,9.63,9.35,9.54,10579749,102049160.00
2014/05/27,9.48,9.76,9.48,9.62,9407075,91737672.00
2014/05/28,9.56,10.05,9.55,9.99,15500282,154167744.00
2014/05/29,9.98,10.28,9.81,9.90,15595860,158037040.00
2014/05/30,10.01,10.21,9.87,10.09,15474980,157411920.00
2014/06/03,10.21,10.21,9.95,9.95,8473865,85980168.00
2014/06/04,9.99,10.03,9.77,9.92,9092185,90789632.00
2014/06/05,9.98,10.16,9.86,10.10,8908037,90398648.00
2014/06/06,10.11,10.32,9.91,9.98,8523176,86998616.00
2014/06/09,9.98,10.05,9.86,9.95,4561639,45869772.00
2014/06/10,9.99,10.27,9.92,10.25,11566409,118192360.00
2014/06/11,10.24,10.73,10.17,10.63,22258324,236320912.00
2014/06/12,10.79,11.12,10.73,10.88,39150183,432452000.00
2014/06/13,10.80,11.31,10.69,11.19,22623968,251821552.00
2014/06/16,11.18,11.20,10.97,11.09,11482552,128050488.00
2014/06/17,11.08,11.08,10.80,10.89,10346384,113426528.00
2014/06/18,10.85,11.01,10.69,10.86,7268590,79408544.00
2014/06/19,10.83,11.07,10.20,10.45,11201708,119739040.00
2014/06/20,10.45,10.69,10.23,10.57,6111292,64373804.00
2014/06/23,10.54,10.75,10.49,10.65,6458764,69252216.00
2014/06/24,10.70,10.99,10.66,10.87,10561279,115320248.00
2014/06/25,11.13,11.29,10.82,10.83,16755257,185728960.00
2014/06/26,10.78,11.00,10.73,10.88,14096657,154159120.00
2014/06/27,10.79,11.10,10.79,10.92,10064120,110564896.00
2014/06/30,11.16,11.24,10.94,11.12,12839845,143071872.00
2014/07/01,11.14,11.34,11.04,11.21,11354301,128179248.00
2014/07/02,11.25,11.61,11.24,11.47,18028692,208076816.00
2014/07/03,11.50,12.00,11.37,11.86,23321043,273989504.00
2014/07/04,11.85,12.09,11.62,11.84,17164408,205068272.00
2014/07/07,11.86,12.20,11.62,11.64,15565279,186890240.00
2014/07/08,11.65,11.80,11.41,11.80,11024019,128303232.00
2014/07/09,11.73,11.81,11.39,11.39,10688717,124260224.00
2014/07/10,11.41,11.49,10.87,11.05,15946576,179044736.00
2014/07/11,11.05,11.20,11.00,11.15,7222156,80817344.00
2014/07/14,11.12,11.57,11.12,11.56,9988614,113864408.00
2014/07/15,11.57,11.59,11.12,11.16,11942756,135480512.00
2014/07/16,11.20,11.21,10.74,10.76,10648250,117007744.00
2014/07/17,10.75,10.90,10.65,10.83,5365055,58120796.00
2014/07/18,10.76,11.07,10.76,10.94,4777954,52766164.00
2014/07/21,10.89,11.13,10.89,11.03,4335122,48099608.00
2014/07/22,11.02,11.21,10.93,11.15,7810855,87022672.00
2014/07/23,11.14,11.18,10.73,10.84,8237064,90407952.00
2014/07/24,10.86,11.02,10.56,11.01,5511042,60079744.00
2014/07/25,11.01,11.30,11.01,11.14,9591871,107756456.00
2014/07/28,11.19,11.42,11.06,11.37,11505190,129959704.00
2014/07/29,11.34,11.67,11.24,11.59,15637220,180648464.00
2014/07/30,11.59,11.64,11.39,11.49,10335690,119467688.00
2014/07/31,11.54,11.66,11.45,11.51,8127967,94143656.00
2014/08/01,11.53,11.65,11.26,11.26,10137094,116936448.00
2014/08/04,11.27,11.36,11.22,11.32,10831581,122754488.00
2014/08/05,11.32,11.33,11.02,11.18,12401795,138986512.00
2014/08/06,11.18,11.41,11.18,11.38,15352190,174842720.00
2014/08/07,11.39,11.67,11.36,11.38,20445651,236775872.00
2014/08/08,11.39,11.53,11.29,11.44,9311586,106824720.00
2014/08/11,11.44,11.99,11.44,11.95,24373473,288532224.00
2014/08/12,11.95,12.20,11.82,12.03,19423042,235139664.00
2014/08/13,12.02,12.03,11.64,11.89,15612266,185693648.00
2014/08/14,11.96,12.34,11.83,11.89,16994990,205880240.00
2014/08/15,11.93,12.32,11.85,12.18,17291459,210913968.00
2014/08/18,12.22,12.35,12.14,12.24,14075808,173150832.00
2014/08/19,12.24,12.25,11.99,12.09,15038092,182497936.00
2014/08/20,12.29,12.67,12.15,12.47,29440795,368791200.00
2014/08/21,12.48,12.48,12.24,12.39,15425098,191077168.00
2014/08/22,12.40,12.79,12.36,12.73,20374485,258808816.00
2014/08/25,12.70,12.72,12.47,12.57,15266230,192927776.00
2014/08/26,12.47,12.61,11.95,12.05,18472918,227194048.00
2014/08/27,12.04,12.20,12.01,12.09,10373221,126433992.00
2014/08/28,12.09,12.42,12.08,12.24,13091360,161009024.00
2014/09/01,12.27,12.44,11.86,12.42,30454879,368987840.00
2014/09/02,12.43,12.65,12.35,12.53,18106426,227821344.00
2014/09/03,12.58,12.69,12.34,12.52,14756320,185669632.00
2014/09/04,12.47,12.51,12.30,12.45,16373510,203980496.00
2014/09/05,12.58,12.72,12.44,12.54,18325579,230939504.00
2014/09/09,12.58,12.72,12.36,12.65,15005300,188929776.00
2014/09/10,12.59,12.59,12.34,12.34,20663482,257736880.00
2014/09/11,12.36,12.55,12.17,12.30,18879899,234535520.00
2014/09/12,12.31,12.43,12.19,12.42,10839832,134740768.00
2014/09/15,12.37,12.58,12.32,12.58,17486875,219050160.00
2014/09/16,12.60,12.62,11.94,11.94,23704548,292291072.00
2014/09/17,11.95,11.99,11.64,11.80,14740064,174690112.00
2014/09/18,11.82,12.19,11.82,12.03,11332373,137166688.00
2014/09/19,12.14,12.27,12.03,12.14,9396460,114739904.00
2014/09/22,12.06,12.08,11.75,11.81,8799926,104808688.00
2014/09/23,11.77,11.94,11.77,11.87,7742247,92431104.00
2014/09/24,11.85,12.13,11.79,12.08,9227764,111501936.00
2014/09/25,12.13,12.19,11.94,11.96,16077539,194292368.00
2014/09/26,11.97,12.09,11.89,12.06,9740993,117349216.00
2014/09/29,12.16,12.48,12.04,12.44,23010786,284369536.00
2014/09/30,12.47,13.22,12.40,13.10,44526615,580398912.00
2014/10/08,13.10,13.97,13.07,13.55,45192926,616328064.00
2014/10/09,13.69,13.97,13.26,13.80,36640328,502970656.00
2014/10/10,13.74,14.15,13.54,13.72,28843293,401550464.00
2014/10/13,13.34,14.00,12.96,13.90,29290738,395983200.00
2014/10/14,13.79,13.83,13.29,13.46,22035459,300215360.00
2014/10/15,13.64,14.81,13.63,14.81,52915924,763023296.00
2014/10/16,14.96,15.44,14.54,14.64,49853088,750072320.00
2014/10/17,14.59,15.04,14.29,14.75,31771790,467087808.00
2014/10/20,14.68,15.09,14.55,14.94,27930490,416007168.00
2014/10/21,14.90,15.09,14.51,14.54,19601640,290907488.00
2014/10/22,14.55,14.77,14.05,14.11,20589958,296958016.00
2014/10/23,14.08,14.24,13.59,13.78,23369702,325205920.00
2014/10/24,13.79,13.99,13.46,13.66,16349510,225926912.00
2014/10/27,13.69,14.36,13.54,14.30,19411283,274360416.00
2014/10/28,14.04,14.95,14.03,14.74,31170872,458079872.00
2014/10/29,14.93,15.14,14.65,14.89,22522642,336356352.00
2014/10/30,14.93,14.98,14.45,14.56,17859755,263826128.00
2014/10/31,14.44,14.80,14.21,14.75,16888664,245730768.00
2014/11/03,14.77,14.79,14.36,14.52,16175543,235400080.00
2014/11/04,14.39,14.57,14.09,14.41,14033755,202270448.00
2014/11/05,14.40,14.48,14.00,14.01,12380588,176624752.00
2014/11/06,14.03,14.33,13.90,14.27,9201544,130447104.00
2014/11/07,14.33,14.59,14.09,14.09,11494514,165974336.00
2014/11/10,14.06,14.14,13.65,13.85,17938607,249187152.00
2014/11/11,13.79,13.85,13.14,13.32,20308254,273432576.00
2014/11/12,13.17,13.50,13.17,13.50,10312205,138590880.00
2014/11/13,13.50,13.62,13.00,13.12,15217249,201685840.00
2014/11/14,13.09,13.49,12.94,13.39,12555303,168060112.00
2014/11/17,13.82,14.66,13.64,14.26,23967033,338613184.00
2014/11/18,14.14,14.43,13.95,14.11,12201620,173146496.00
2014/11/19,14.01,14.48,14.01,14.19,11543285,165959056.00
2014/11/20,14.04,14.37,14.03,14.30,10481236,149995632.00
2014/11/21,14.42,14.44,14.18,14.41,13051666,187844080.00
2014/11/24,14.46,14.79,14.30,14.44,18043886,263110368.00
2014/11/25,14.45,15.20,14.31,15.03,23923938,353871840.00
2014/11/26,15.09,15.23,14.75,14.99,17952879,270547968.00
2014/11/27,15.00,15.06,14.34,14.52,22237782,326201728.00
2014/11/28,14.49,14.89,14.23,14.67,19414547,284547296.00
2014/12/01,14.59,14.59,13.84,14.04,20564044,292394848.00
2014/12/02,14.02,14.14,13.84,14.08,18947820,265836720.00
2014/12/03,14.06,14.49,13.63,14.43,24817448,349935104.00
2014/12/04,14.35,14.58,14.21,14.30,23226695,334627392.00
2014/12/05,14.27,14.27,13.55,13.74,25645942,355796736.00
2014/12/08,13.59,13.82,13.29,13.50,22271926,302841184.00
2014/12/09,13.26,13.48,13.09,13.09,25550114,339539424.00
2014/12/10,13.04,13.57,13.04,13.48,14619874,197203200.00
2014/12/11,13.42,13.99,13.35,13.99,15850358,219225984.00
2014/12/12,13.98,14.09,13.74,13.85,8922171,124282944.00
2014/12/15,13.84,14.03,13.68,13.94,13891402,193187232.00
2014/12/16,14.24,14.58,14.10,14.19,20432465,293168096.00
2014/12/17,14.20,14.22,13.62,13.83,13562345,188861296.00
2014/12/18,13.74,14.04,13.64,14.01,16795605,233070240.00
2014/12/19,13.93,14.34,13.88,14.04,25813094,366301792.00
2014/12/22,13.93,13.97,12.84,12.90,24635777,325392480.00
2014/12/23,13.03,13.23,12.47,12.53,13141016,169975808.00
2014/12/24,12.70,12.94,12.55,12.87,9283628,119038208.00
2014/12/25,12.89,13.20,12.77,13.15,9352884,121924680.00
2014/12/26,13.20,13.33,13.14,13.22,12486082,166080048.00
2014/12/29,13.25,13.27,12.57,12.73,18199977,234255328.00
2014/12/30,12.64,12.73,11.94,12.14,24204691,297014880.00
2014/12/31,12.16,12.49,12.06,12.43,9121512,112376408.00
2015/01/05,12.42,12.42,11.93,12.10,23105399,280472288.00
2015/01/06,12.04,12.61,11.85,12.58,21088172,259422512.00
2015/01/07,12.58,12.61,12.32,12.41,11133400,139030608.00
2015/01/08,12.44,12.81,12.36,12.59,14997614,190448672.00
2015/01/09,12.61,13.11,12.56,12.70,19467706,252465392.00
2015/01/12,12.54,12.90,12.39,12.68,8604717,109666192.00
2015/01/13,12.61,13.43,12.57,13.29,21246006,279866496.00
2015/01/14,13.49,13.74,13.13,13.18,19817919,266768160.00
2015/01/15,13.22,13.60,13.15,13.28,9173763,123421392.00
2015/01/16,13.29,13.59,13.19,13.40,11465230,154320656.00
2015/01/19,12.94,13.62,12.74,13.00,15766709,207979344.00
2015/01/20,13.09,13.69,13.02,13.61,20595316,277820032.00
2015/01/21,13.67,14.01,13.67,13.87,20529569,286047424.00
2015/02/03,14.05,15.26,14.05,15.26,60921691,910767232.00
2015/02/04,15.74,15.80,15.05,15.14,50008318,774857600.00
2015/02/05,15.14,15.54,14.77,14.80,33563934,510570720.00
2015/02/06,14.73,14.96,14.01,14.23,24856351,360936672.00
2015/02/09,14.34,14.60,14.29,14.39,17608273,254910496.00
2015/02/10,14.34,14.47,13.84,14.42,20585286,291878432.00
2015/02/11,14.54,14.91,14.52,14.86,19035429,282499872.00
2015/02/12,14.79,14.92,14.64,14.80,11031718,163410896.00
2015/02/13,14.94,15.04,14.64,14.72,16678971,247893056.00
2015/02/16,14.88,15.52,14.76,15.31,24454972,374298336.00
2015/02/17,15.35,15.51,15.04,15.19,14125869,215823968.00
2015/02/25,15.23,15.53,14.74,14.83,16733743,255345472.00
2015/02/26,14.95,15.24,14.84,15.05,15501770,233301024.00
2015/02/27,15.18,15.66,15.14,15.45,21416702,331344960.00
2015/03/02,15.56,15.78,15.33,15.74,23002198,358536032.00
2015/03/03,15.67,15.73,15.34,15.34,18205940,283972416.00
2015/03/04,15.29,15.54,15.24,15.36,13138160,202619328.00
2015/03/05,15.37,16.12,15.25,16.08,26179968,416176896.00
2015/03/06,16.09,16.26,15.39,15.64,17661628,279078400.00
2015/03/09,15.41,15.63,15.30,15.53,12408145,192746384.00
2015/03/10,15.62,15.63,15.08,15.16,28711092,440143296.00
2015/03/11,15.24,15.34,15.06,15.25,12965281,197438128.00
2015/03/12,15.35,15.36,14.73,14.99,17906242,270461600.00
2015/03/13,15.05,15.21,14.84,15.19,11955939,180764032.00
2015/03/16,15.28,15.77,15.28,15.77,23014829,360908928.00
2015/03/17,15.85,15.92,15.57,15.75,21731307,343212032.00
2015/03/18,15.87,17.33,15.70,17.12,44301597,741172096.00
2015/03/19,17.07,17.07,16.74,16.97,23428359,396802112.00
2015/03/20,16.96,17.61,16.66,17.11,24867797,428906112.00
2015/03/23,17.10,17.52,17.03,17.19,25759381,444799712.00
2015/03/24,17.20,17.32,16.25,16.84,28124880,474965216.00
2015/03/25,16.79,17.60,16.55,17.49,32242370,555231936.00
2015/03/26,17.55,17.62,16.80,16.98,21103442,362289120.00
2015/03/27,17.24,18.11,16.98,17.81,27617482,486491584.00
2015/03/30,17.84,17.93,17.48,17.75,23611453,419916032.00
2015/03/31,17.75,18.24,17.56,17.84,23261296,416489312.00
2015/04/01,17.70,18.22,17.69,17.98,23761765,427342496.00
2015/04/02,18.01,19.12,18.01,18.74,27517570,511063264.00
2015/04/03,18.74,19.59,18.72,18.92,25491991,487023712.00
2015/04/07,19.33,19.49,18.94,19.11,22561690,433051840.00
2015/04/08,19.13,19.19,18.14,18.39,27843865,519152064.00
2015/04/09,18.39,18.64,17.12,17.82,23823774,426074080.00
2015/04/10,17.83,18.61,17.64,18.49,17811204,326556896.00
2015/04/13,18.54,19.32,18.40,19.10,29349412,560480576.00
2015/04/14,19.12,19.24,18.64,18.79,22772355,432896768.00
2015/04/15,18.72,18.87,17.84,17.96,22930594,420832288.00
2015/04/16,17.53,18.25,17.34,18.03,16778914,301904256.00
2015/04/17,18.12,18.22,17.70,17.75,21916391,393238944.00
2015/04/20,17.64,17.80,17.15,17.19,23946964,417925440.00
2015/04/21,17.24,17.90,17.24,17.87,15838181,280197824.00
2015/04/22,18.02,18.46,18.02,18.35,24748172,452648000.00
2015/04/23,18.42,18.64,18.04,18.29,25258729,462861664.00
2015/04/24,18.03,18.14,17.65,18.04,22302637,400925568.00
2015/04/27,18.11,18.74,18.11,18.51,28772942,533317632.00
2015/04/28,18.51,18.54,17.35,17.67,22903962,412228288.00
2015/04/29,17.95,18.67,17.95,18.65,30012307,555260736.00
2015/04/30,18.91,18.99,18.39,18.58,23971749,448004256.00
2015/05/04,18.47,18.72,18.12,18.67,19972566,368929984.00
2015/05/05,18.69,18.74,17.93,18.06,18026826,330512992.00
2015/05/06,18.09,18.48,17.72,17.86,15951920,291212192.00
2015/05/07,17.74,17.81,17.35,17.37,12522085,220731664.00
2015/05/08,17.52,18.07,17.44,18.06,17244280,306539648.00
2015/05/11,18.11,19.15,18.06,18.94,35808261,669592640.00
2015/05/12,18.94,19.72,18.67,19.57,36910169,711328128.00
2015/05/13,19.44,20.12,19.15,19.62,34213300,674475520.00
2015/05/14,19.54,19.92,19.31,19.63,27700033,546045568.00
2015/05/15,19.54,19.54,18.70,18.87,25814638,492578848.00
2015/05/18,18.75,20.11,18.54,19.92,31915810,619167616.00
2015/05/19,20.02,20.38,19.61,20.28,30062548,602296576.00
2015/05/20,20.28,21.44,20.12,20.32,33078862,694964864.00
2015/05/21,20.79,21.82,20.79,21.76,34901921,746554112.00
2015/05/22,22.22,22.69,21.15,21.68,30470496,667655232.00
2015/05/25,21.23,22.13,21.16,21.92,28065551,612116864.00
2015/05/26,22.49,24.04,22.48,23.94,36929610,867139648.00
2015/05/27,24.22,24.22,22.94,23.42,33229983,780420480.00
2015/05/28,23.37,24.52,21.84,21.90,38623824,911286784.00
2015/05/29,22.13,23.68,21.45,23.14,34799675,794992576.00
2015/06/01,23.93,25.46,23.82,25.46,24718046,614919168.00
2015/06/02,26.42,27.24,25.75,27.02,40368431,1071243520.00
2015/06/03,27.03,27.03,25.32,26.39,28914984,759572480.00
2015/06/04,26.25,28.32,23.93,27.62,31623320,821162560.00
2015/06/05,27.95,28.29,26.45,26.90,32436928,889124928.00
2015/06/08,26.54,26.56,24.84,25.80,29661342,755675072.00
2015/06/09,25.43,26.34,24.94,25.27,22021402,563161152.00
2015/06/10,25.46,26.20,24.99,25.69,24450577,627529216.00
2015/06/11,25.59,25.79,24.86,25.38,21879965,553584960.00
2015/06/12,25.39,26.12,25.06,25.75,24051064,619511232.00
2015/06/15,25.95,26.14,25.09,25.11,23661820,607015616.00
2015/06/16,24.89,24.89,23.24,23.42,19933785,478134304.00
2015/06/17,23.42,23.98,22.08,23.89,19489166,450706400.00
2015/06/18,23.88,24.50,23.00,23.20,17328245,414672672.00
2015/06/19,22.52,22.97,21.08,21.08,15795104,347814560.00
2015/06/23,20.88,21.66,19.28,21.45,18969691,395336992.00
2015/06/24,21.82,22.12,21.02,21.74,16520313,359182336.00
2015/06/25,21.88,22.09,20.23,20.50,16069322,345569120.00
2015/06/26,19.67,20.60,18.45,18.45,24435653,473950496.00
2015/06/29,19.25,19.25,16.61,16.61,26405552,461582976.00
2015/06/30,15.71,18.11,15.02,18.02,42896070,710667264.00
2015/07/01,17.90,19.04,17.39,17.49,36523857,669476672.00
2015/07/02,17.92,17.92,15.74,15.74,30309455,505846880.00
2015/07/03,15.30,16.50,14.20,14.58,32960635,499069280.00
2015/07/06,16.04,16.04,13.12,13.99,48799274,709988160.00
2015/07/07,13.50,14.57,12.59,12.59,50225602,662274880.00
2015/07/08,11.33,12.80,11.33,12.39,72531240,856294912.00
2015/07/09,12.39,13.63,12.10,13.63,36336961,482261856.00
2015/07/10,14.55,14.99,14.31,14.99,12127618,179643360.00
2015/07/13,16.49,16.49,16.00,16.49,31793975,522481504.00
2015/07/14,17.17,18.14,16.91,18.14,55243329,983083840.00
2015/07/15,17.80,17.80,16.33,16.33,35702338,605948672.00
2015/07/16,16.28,17.67,15.36,17.16,33579289,563656384.00
2015/07/17,17.49,18.51,17.30,18.31,30185073,544473728.00
2015/07/20,18.46,18.84,17.64,18.20,34351157,629060800.00
2015/07/21,17.80,18.65,17.45,18.18,29729502,534758336.00
2015/07/22,18.00,19.38,17.85,19.20,35947674,669000384.00
2015/07/23,19.00,19.99,18.75,19.55,28798596,559525504.00
2015/07/24,19.54,19.90,18.57,18.79,31805679,615496768.00
2015/07/27,18.35,18.98,16.91,16.91,25903900,466365184.00
2015/07/28,15.50,17.25,15.50,16.25,25509190,412342080.00
2015/07/29,16.85,17.71,16.17,17.53,20800130,349255872.00
2015/07/30,17.53,18.38,17.00,17.03,26312246,473749344.00
2015/07/31,16.80,17.58,16.63,16.90,16839626,288367264.00
2015/08/03,16.50,17.10,16.00,16.44,19342783,318372704.00
2015/08/04,16.55,18.08,16.55,18.08,23126017,403371616.00
2015/08/05,18.00,18.72,17.85,18.19,29025542,531280576.00
2015/08/06,17.59,18.90,17.56,18.50,21517862,396316320.00
2015/08/07,18.68,18.97,18.30,18.85,19260911,361094432.00
2015/08/10,19.02,19.77,18.62,19.48,27867501,535944352.00
2015/08/11,19.40,21.40,19.21,20.89,36470633,739781568.00
2015/08/12,20.45,20.84,19.61,19.75,28944610,584782144.00
2015/08/13,19.51,20.30,18.91,20.25,22174150,435915360.00
2015/08/14,20.21,20.59,19.90,19.90,18197413,368683616.00
2015/08/17,19.60,20.54,19.33,20.52,19335134,385918112.00
2015/08/18,20.40,21.42,18.47,18.47,33850997,684821632.00
2015/08/19,18.08,19.80,17.55,19.70,27280506,513531968.00
2015/08/20,19.46,20.29,19.00,19.10,18901703,371403392.00
2015/08/21,18.55,19.00,17.31,17.52,16686027,303737984.00
2015/08/24,16.97,16.97,15.77,15.77,18263027,290084896.00
2015/08/25,14.20,14.88,14.19,14.19,19560555,281143328.00
2015/08/26,14.10,15.15,12.78,13.25,26076557,366590432.00
2015/08/27,13.70,14.25,12.89,14.00,23268923,316753600.00
2015/08/28,14.32,15.23,14.27,15.23,22171207,325057184.00
2015/08/31,15.01,15.01,13.71,13.75,21829067,313789504.00
2015/09/01,13.61,13.64,12.38,12.38,20466417,262788528.00
2015/09/02,11.88,13.40,11.70,12.18,19487474,244539376.00
2015/09/07,12.59,13.31,12.40,12.60,15661590,201608912.00
2015/09/08,12.60,13.86,12.32,13.86,17848377,234747824.00
2015/09/09,13.92,14.58,13.80,14.37,26466748,377034560.00
2015/09/10,14.12,14.38,13.80,13.88,16160706,228619648.00
2015/09/11,13.90,14.35,13.88,14.35,13534144,191859872.00
2015/09/14,14.42,14.50,12.92,12.92,17523411,236450624.00
2015/09/15,12.42,12.78,11.91,12.00,18698266,229726944.00
2015/09/16,12.27,13.20,12.22,13.20,16941473,214421088.00
2015/09/17,13.47,14.52,13.30,13.70,34391629,479466944.00
2015/09/18,13.85,14.47,13.45,14.18,18762958,262512656.00
2015/09/21,13.96,14.78,13.88,14.62,18550862,268282560.00
2015/09/22,14.70,14.78,14.20,14.44,20086986,290269120.00
2015/09/23,14.05,14.40,13.80,14.30,17160196,242343776.00
2015/09/24,14.49,14.65,14.09,14.33,12198543,175192688.00
2015/09/25,14.18,14.47,13.50,13.66,14713106,205466272.00
2015/09/28,13.62,14.00,13.22,14.00,14279391,194444784.00
2015/09/29,13.65,13.77,13.41,13.47,11131332,151382480.00
2015/09/30,13.59,13.74,13.36,13.41,8268150,111800000.00
2015/10/08,14.01,14.45,13.86,14.21,19783102,279461728.00
2015/10/09,14.12,14.76,14.11,14.55,20303065,294384672.00
2015/10/12,14.69,15.46,14.69,15.19,25827263,391279008.00
2015/10/13,15.15,15.41,14.92,15.36,14893904,226701760.00
2015/10/14,15.45,16.44,15.01,15.12,19053892,296388928.00
2015/10/15,15.13,15.88,14.88,15.76,22325739,345684256.00
2015/10/16,15.84,16.23,15.49,15.86,20732651,329158976.00
2015/10/19,15.90,15.98,15.20,15.43,23146045,359284224.00
2015/10/20,15.40,15.97,15.35,15.86,18263581,287357152.00
2015/10/21,15.86,16.04,14.41,14.55,25979158,398667360.00
2015/10/22,14.69,15.33,14.66,15.27,16497937,247474480.00
2015/10/23,15.35,15.85,15.25,15.72,20005490,311810976.00
2015/10/26,16.08,16.15,15.50,15.92,26757024,423767136.00
2015/10/27,15.70,16.79,15.06,16.64,30813723,492616384.00
2015/10/28,16.39,16.83,15.89,15.92,21260813,346991328.00
2015/10/29,16.08,16.23,15.63,15.82,15291573,243813216.00
2015/10/30,15.80,16.70,15.78,16.20,27400779,447215520.00
2015/11/02,15.70,17.50,15.50,16.58,40485024,674937280.00
2015/11/03,16.70,16.86,16.05,16.39,21714816,356889824.00
2015/11/04,16.55,17.29,16.44,17.24,25843748,440113152.00
2015/11/05,17.28,17.73,17.13,17.17,28163225,489142208.00
2015/11/06,18.50,18.89,18.01,18.36,68652071,1276733568.00
2015/11/09,18.43,18.43,17.50,18.22,37935938,683565952.00
2015/11/10,17.97,18.45,17.83,18.40,32924967,597960064.00
2015/11/11,18.38,18.78,18.04,18.70,26689765,493583904.00
2015/11/12,18.67,19.10,18.10,18.31,24801600,459819872.00
2015/11/13,17.98,18.07,17.30,17.63,23260374,411877120.00
2015/11/16,17.01,18.03,16.81,18.00,23330802,411153600.00
2015/11/17,18.20,18.46,17.38,17.45,31049017,559187840.00
2015/11/18,17.63,17.70,17.00,17.08,24238540,417421888.00
2015/11/19,17.29,18.19,17.20,18.10,32209385,570596352.00
2015/11/20,18.10,18.90,17.66,18.80,45056423,822917056.00
2015/11/23,18.79,18.98,18.15,18.32,30577269,568451072.00
2015/11/24,18.35,19.57,18.21,19.48,35290539,671789696.00
2015/11/25,20.00,20.56,19.45,19.50,45496422,908198208.00
2015/11/26,19.50,20.12,19.36,19.92,27207780,537248320.00
2015/11/27,19.60,19.85,17.99,18.23,25409062,481999296.00
2015/11/30,18.32,18.54,17.23,18.10,25269706,451167520.00
2015/12/01,18.00,18.50,17.80,18.21,18560988,337202432.00
2015/12/02,18.05,18.21,16.90,17.65,16141398,283568128.00
2015/12/03,17.68,18.31,17.63,18.31,15226733,273925312.00
2015/12/04,18.08,18.55,17.98,18.17,15009932,274233920.00
2015/12/07,18.22,18.28,17.90,18.17,12080758,218215344.00
2015/12/08,18.05,18.08,17.35,17.37,16587458,292455040.00
2015/12/09,17.31,17.31,16.93,16.95,14532551,248202336.00
2015/12/10,17.08,17.34,17.04,17.12,11778879,202290416.00
2015/12/11,17.10,17.35,17.00,17.19,10510707,180443168.00
2015/12/14,17.02,17.68,17.00,17.65,13144577,228749136.00
2015/12/15,17.70,18.06,17.60,17.73,14038283,250304400.00
2015/12/16,17.95,18.03,17.66,17.83,12242604,218517040.00
2015/12/17,17.94,18.51,17.87,18.46,27075342,492680640.00
2015/12/18,18.40,18.64,17.91,18.04,18088184,328715072.00
2015/12/21,17.86,18.04,17.52,17.84,17109918,304110400.00
2015/12/22,17.85,18.00,17.50,17.92,17376884,308063808.00
2015/12/23,17.90,17.93,17.54,17.58,14429225,255889568.00
2015/12/24,17.57,17.83,17.28,17.71,9948667,174235520.00
2015/12/25,17.81,18.05,17.64,18.04,12418018,221540832.00
2015/12/28,18.11,18.55,17.81,17.87,28981423,527443488.00
2015/12/29,18.08,18.74,17.89,18.73,23737485,434534944.00
2015/12/30,19.05,19.16,18.40,18.67,30738524,577082944.00
2015/12/31,18.60,18.75,17.90,17.93,18581108,340101472.00
2016/01/04,17.83,17.98,16.14,16.14,14993145,256937376.00
2016/01/05,15.55,16.58,15.26,16.25,21947485,349838464.00
2016/01/06,16.28,16.42,15.80,16.40,20530746,330677984.00
2016/01/07,16.01,16.15,14.77,14.80,4950183,75723264.00
2016/01/08,15.15,15.35,14.10,14.60,19736517,293295648.00
2016/01/11,14.10,14.68,13.14,13.15,23540740,325542752.00
2016/01/12,13.30,13.56,12.68,13.38,16584746,220032128.00
2016/01/13,13.53,13.69,12.60,13.05,15781622,209371936.00
2016/01/14,12.61,14.11,12.50,13.99,18808014,251612960.00
2016/01/15,13.85,14.10,13.31,13.43,15535918,212775520.00
2016/01/18,12.92,14.05,12.92,13.81,11515099,157168256.00
2016/01/19,13.75,14.33,13.73,14.28,16082658,226207136.00
2016/01/20,14.12,14.35,13.75,13.89,13655562,191994544.00
2016/01/21,13.63,14.20,13.30,13.30,13216389,182189856.00
2016/01/22,13.51,13.75,13.15,13.59,10576309,142317152.00
2016/01/25,13.79,13.96,13.58,13.72,8507372,117342648.00
2016/01/26,13.55,13.59,12.35,12.73,13951630,181749120.00
2016/01/27,12.88,12.93,11.91,12.59,18179498,225126912.00
2016/01/28,12.31,12.75,12.12,12.57,12698965,158563888.00
2016/01/29,12.55,13.33,12.44,13.16,14616265,189800176.00
2016/02/01,13.05,13.20,12.63,12.88,11044513,142208368.00
2016/02/02,12.85,13.41,12.75,13.27,10982827,145236976.00
2016/02/03,13.05,13.37,12.87,13.25,9099664,118824600.00
2016/02/04,13.29,14.09,13.29,13.75,17861159,244102016.00
2016/02/05,13.71,13.75,13.45,13.45,10666755,144616912.00
2016/02/15,12.99,13.43,12.92,13.27,7495903,98632560.00
2016/02/16,13.35,13.97,13.35,13.81,15447522,212253088.00
2016/02/17,13.75,13.96,13.69,13.90,14828175,205112400.00
2016/02/18,14.09,14.19,13.70,13.88,17040566,237653632.00
2016/02/19,13.88,14.11,13.78,14.07,11550682,161548400.00
2016/02/22,14.66,15.03,14.13,14.41,19893886,289605536.00
2016/02/23,14.45,14.70,14.14,14.40,14244428,204750912.00
2016/02/24,14.34,14.44,13.83,14.14,15812046,223343072.00
2016/02/25,14.15,14.17,12.73,12.73,20719399,276704640.00
2016/02/26,12.86,12.97,12.34,12.75,13157319,167069712.00
2016/02/29,12.69,12.72,11.57,11.69,13595858,161687584.00
2016/03/01,11.76,12.15,11.52,11.96,14065929,166055680.00
2016/03/02,11.99,12.66,11.88,12.60,17968529,219850800.00
2016/03/03,12.59,12.87,12.50,12.51,13845055,175432944.00
2016/03/04,12.49,12.55,11.77,11.96,14304972,174185712.00
2016/03/07,12.11,12.45,12.06,12.25,11397250,139432432.00
2016/03/08,12.23,12.45,11.65,12.41,11478961,138284576.00
2016/03/09,12.12,12.25,11.92,12.00,11403420,137448480.00
数据来源:通达信
