002058 威 尔 泰 日线 前复权
      日期	    开盘	    最高	    最低	    收盘	    成交量	    成交额
2011/01/04,7.99,8.23,7.99,8.08,990324,18773012.00
2011/01/05,8.08,8.23,7.99,8.14,1125082,21442762.00
2011/01/06,8.18,8.25,8.03,8.18,903127,17194786.00
2011/01/07,8.17,8.19,7.98,8.00,854160,16186407.00
2011/01/10,8.11,8.11,7.79,7.81,754735,14012170.00
2011/01/11,7.76,7.94,7.72,7.90,963648,17746176.00
2011/01/12,7.88,7.99,7.76,7.90,596779,11044185.00
2011/01/13,7.91,8.19,7.89,8.14,1347154,25424478.00
2011/01/14,8.09,8.12,7.60,7.63,1925234,34980968.00
2011/01/17,7.46,7.61,7.16,7.23,1332056,22920090.00
2011/01/18,7.20,7.31,7.20,7.25,439824,7482647.50
2011/01/19,7.29,7.42,7.26,7.40,525158,9064137.00
2011/01/20,7.39,7.39,7.07,7.10,762707,12884830.00
2011/01/21,7.08,7.19,6.97,7.11,471605,7856945.50
2011/01/24,7.13,7.28,6.99,6.99,461518,7680772.50
2011/01/25,6.94,6.97,6.66,6.73,695820,11055550.00
2011/01/26,6.69,6.85,6.69,6.82,348581,5563523.50
2011/01/27,6.73,6.99,6.69,6.96,517167,8360751.50
2011/01/28,6.96,7.05,6.92,7.03,313098,5132204.50
2011/01/31,7.03,7.09,6.96,7.06,442610,7302592.00
2011/02/01,7.06,7.13,7.02,7.09,298629,4966503.00
2011/02/09,7.09,7.12,6.92,6.94,470731,7751385.50
2011/02/10,7.03,7.17,6.94,7.17,648711,10743237.00
2011/02/11,7.07,7.23,7.07,7.21,553363,9337747.00
2011/02/14,7.21,7.33,7.16,7.32,523284,8956916.00
2011/02/15,7.32,7.41,7.26,7.30,682107,11758670.00
2011/02/16,7.31,7.46,7.31,7.46,662740,11487732.00
2011/02/17,7.49,7.58,7.40,7.57,881751,15456150.00
2011/02/18,7.57,7.63,7.46,7.56,684879,12133962.00
2011/02/21,7.55,7.79,7.51,7.70,1011007,18221738.00
2011/02/22,7.68,7.73,7.39,7.42,1024717,18100780.00
2011/02/23,8.18,8.18,8.18,8.18,1210633,23171516.00
2011/02/24,8.82,9.01,8.77,9.01,9071297,190013232.00
2011/02/25,8.99,9.88,8.92,9.37,9892147,217214256.00
2011/02/28,9.42,9.80,9.34,9.63,6160390,137447776.00
2011/03/01,9.50,9.75,9.43,9.54,3850814,85838272.00
2011/03/02,9.48,9.99,9.42,9.81,4967570,111809784.00
2011/03/03,9.68,9.77,9.31,9.37,3867088,85881992.00
2011/03/04,9.31,9.47,9.10,9.43,1928767,42215184.00
2011/03/07,9.42,9.49,9.34,9.49,2038797,44896608.00
2011/03/08,9.40,10.28,9.40,10.05,5246409,121331688.00
2011/03/09,9.89,10.54,9.81,10.36,5274537,125420320.00
2011/03/10,10.29,10.60,10.19,10.29,3634580,87692056.00
2011/03/11,10.27,11.34,10.27,11.16,8187161,213034560.00
2011/03/14,11.03,11.32,10.73,11.07,4879508,125390424.00
2011/03/15,11.03,11.03,10.07,10.37,6214123,150630992.00
2011/03/16,10.30,10.47,10.19,10.45,3472550,83733000.00
2011/03/17,10.05,10.25,9.86,9.93,3154027,73800488.00
2011/03/21,10.09,10.36,9.99,10.08,2444188,57942476.00
2011/03/22,10.04,10.13,9.83,10.11,1819496,42313288.00
2011/03/23,10.13,10.83,10.04,10.75,3679666,89828616.00
2011/03/24,10.70,10.74,10.51,10.59,2258782,55788112.00
2011/03/25,10.65,10.80,10.51,10.74,2411915,59984284.00
2011/03/28,10.92,10.94,10.16,10.19,3997206,97641664.00
2011/03/29,10.14,10.15,9.86,10.10,1832141,42786804.00
2011/03/30,10.10,10.27,9.95,10.13,1603094,37953856.00
2011/03/31,10.17,10.20,9.59,9.59,2343056,53563044.00
2011/04/01,9.66,10.18,9.60,10.07,5071852,58709716.00
2011/04/06,9.90,10.13,9.62,9.72,3622215,41212704.00
2011/04/07,9.76,9.96,9.45,9.86,3973968,44846368.00
2011/04/08,9.86,10.86,9.76,10.86,17615219,218913664.00
2011/04/11,10.84,10.84,10.46,10.54,11178455,137822512.00
2011/04/12,10.58,10.74,10.35,10.44,6001268,73207704.00
2011/04/13,10.39,10.39,9.93,10.33,3985785,47155328.00
2011/04/14,10.38,11.01,10.21,10.80,10506657,131506384.00
2011/04/15,10.66,10.69,10.32,10.59,6137533,75029856.00
2011/04/18,10.53,10.91,10.33,10.84,7825382,97235880.00
2011/04/19,10.75,10.76,10.47,10.53,5574041,68609768.00
2011/04/20,10.53,11.19,10.39,11.04,12220008,154362320.00
2011/04/21,10.99,12.15,10.85,12.15,22388765,305923072.00
2011/04/22,12.18,13.06,12.07,12.53,23336826,339123968.00
2011/04/25,12.33,12.33,11.27,11.33,11274869,152913824.00
2011/04/26,11.02,11.07,10.41,10.59,7510545,93516056.00
2011/04/27,10.60,11.11,10.60,10.79,6470397,81564752.00
2011/04/28,10.88,10.89,9.70,9.70,6526305,77099152.00
2011/04/29,9.71,9.91,9.46,9.88,3956948,44935332.00
2011/05/03,9.89,10.19,9.59,10.19,3939582,45403680.00
2011/05/04,10.07,10.84,9.91,10.30,7432495,90085480.00
2011/05/05,9.98,10.36,9.93,10.23,3284447,38876696.00
2011/05/06,10.06,10.58,10.06,10.42,3751603,45509832.00
2011/05/09,10.42,10.82,10.40,10.56,3797731,46853764.00
2011/05/10,10.59,10.64,10.39,10.54,3190313,38873092.00
2011/05/11,10.55,10.69,10.39,10.58,3635530,44480956.00
2011/05/12,10.61,10.61,9.98,10.00,4421508,53031896.00
2011/05/13,9.98,10.27,9.97,10.18,2300182,27113524.00
2011/05/16,10.22,10.22,9.99,9.99,2273905,26609914.00
2011/05/17,9.99,10.14,9.54,9.83,2353118,26935554.00
2011/05/18,9.73,10.07,9.73,9.93,1733561,20047514.00
2011/05/19,9.89,10.06,9.80,9.86,1557594,17961718.00
2011/05/20,9.86,9.94,9.62,9.75,1726395,19537358.00
2011/05/23,9.80,9.80,9.04,9.05,2908876,31746636.00
2011/05/24,9.01,9.03,8.49,8.95,2684846,27340854.00
2011/05/25,8.94,9.11,8.77,8.81,1361525,14160816.00
2011/05/26,8.93,8.97,8.58,8.59,1577906,16039550.00
2011/05/27,8.59,8.64,8.06,8.09,2398366,23223498.00
2011/05/30,8.10,8.26,7.85,7.97,1414792,13245684.00
2011/05/31,7.98,8.23,7.95,8.21,1457974,13849983.00
2011/06/01,8.21,8.41,8.14,8.32,2643231,25504156.00
2011/06/02,8.21,8.21,7.89,8.13,1761072,16533228.00
2011/06/03,8.22,8.95,8.15,8.95,3430630,35259784.00
2011/06/07,9.19,9.45,8.99,9.34,7199707,77124736.00
2011/06/08,9.23,9.34,9.03,9.24,4045059,43245352.00
2011/06/09,9.19,9.34,8.84,8.84,3877380,41254900.00
2011/06/10,8.78,8.82,8.39,8.64,3371676,33712292.00
2011/06/13,8.55,8.65,8.33,8.58,1603616,15892699.00
2011/06/14,8.59,8.80,8.54,8.78,1686607,17155876.00
2011/06/15,8.78,8.99,8.58,8.78,2004098,20596032.00
2011/06/16,8.62,8.65,8.40,8.47,1754725,17437516.00
2011/06/17,8.42,8.53,8.21,8.22,1256040,12254223.00
2011/06/20,8.13,8.36,8.04,8.36,1042287,9919630.00
2011/06/21,8.39,8.55,8.36,8.53,1396131,13752900.00
2011/06/22,8.53,8.97,8.38,8.77,2671759,26976132.00
2011/06/23,8.66,8.87,8.52,8.80,2439551,24848428.00
2011/06/24,8.80,9.13,8.77,8.99,3694039,38650368.00
2011/06/27,8.99,9.27,8.93,9.07,3198182,33888928.00
2011/06/28,9.09,9.32,9.06,9.29,4044598,43354456.00
2011/06/29,9.27,9.29,9.04,9.05,2490871,26575632.00
2011/06/30,9.03,9.20,8.98,9.12,1819842,19317816.00
2011/07/01,9.15,9.24,9.09,9.09,1909278,20352462.00
2011/07/04,9.12,9.25,9.10,9.22,2747654,29396746.00
2011/07/05,9.26,9.53,9.19,9.50,4561496,49920340.00
2011/07/06,9.43,9.58,9.30,9.54,3262511,35776344.00
2011/07/07,9.54,9.62,9.32,9.34,3887194,42712432.00
2011/07/08,9.28,9.34,9.06,9.20,2581524,27656142.00
2011/07/11,9.20,9.61,9.19,9.61,3879771,42590884.00
2011/07/12,9.73,9.73,9.34,9.36,3506694,38778760.00
2011/07/13,9.36,9.66,9.35,9.59,3037881,33677800.00
2011/07/14,9.60,9.88,9.59,9.83,4394362,49966292.00
2011/07/15,9.76,10.10,9.76,9.94,4210095,48807440.00
2011/07/18,9.94,10.16,9.88,9.93,3267651,38120780.00
2011/07/19,9.79,9.88,9.66,9.67,2182999,24698044.00
2011/07/20,9.72,9.85,9.58,9.76,1580269,17892624.00
2011/07/21,9.79,9.79,9.41,9.45,2265935,25161198.00
2011/07/22,9.53,9.55,9.39,9.41,1300548,14343363.00
2011/07/25,9.47,9.47,8.76,8.79,2543337,26879466.00
2011/07/26,8.79,8.85,8.62,8.80,1462778,14884866.00
2011/07/27,8.83,8.95,8.68,8.91,1106911,11417182.00
2011/07/28,8.84,8.92,8.71,8.80,1402719,14339258.00
2011/07/29,8.79,8.86,8.66,8.67,1064463,10819829.00
2011/08/01,8.68,8.78,8.59,8.72,894075,9089955.00
2011/08/02,8.72,8.72,8.40,8.66,1541156,15366964.00
2011/08/03,8.56,8.84,8.49,8.81,1508260,15328636.00
2011/08/04,8.79,8.91,8.77,8.81,868549,8939163.00
2011/08/05,8.49,8.61,8.35,8.54,1196255,11903066.00
2011/08/08,8.44,8.51,7.75,7.92,1877101,17712814.00
2011/08/09,7.70,7.85,7.30,7.70,2371039,20929710.00
2011/08/10,7.80,8.06,7.80,7.89,1657094,15349595.00
2011/08/11,7.62,8.08,7.55,8.05,2022737,18638202.00
2011/08/12,8.13,8.21,8.06,8.14,1710079,16245480.00
2011/08/15,8.14,8.43,8.14,8.33,1680432,16266779.00
2011/08/16,8.39,8.39,8.21,8.28,1574247,15216563.00
2011/08/17,8.29,8.49,8.20,8.49,2025892,19770184.00
2011/08/18,8.51,8.70,8.35,8.55,3308616,33051142.00
2011/08/19,8.39,8.67,8.14,8.60,2408819,23594580.00
2011/08/22,8.64,9.46,8.64,8.76,7641897,79552824.00
2011/08/23,8.79,8.79,8.50,8.68,3046378,30536416.00
2011/08/24,8.58,8.73,8.55,8.58,1879855,18964306.00
2011/08/25,8.58,8.73,8.58,8.72,1829544,18471320.00
2011/08/26,8.66,8.78,8.62,8.64,1452677,14669475.00
2011/08/30,8.59,8.71,8.33,8.39,1690087,16861812.00
2011/08/31,8.39,8.49,8.15,8.31,965127,9362141.00
2011/09/01,8.32,8.41,8.21,8.36,746427,7245695.00
2011/09/02,8.32,8.34,8.13,8.13,722047,6895426.00
2011/09/05,8.13,8.13,7.88,7.90,580494,5368750.00
2011/09/06,7.73,7.97,7.73,7.96,858612,7908888.50
2011/09/07,8.01,8.13,7.93,8.10,824999,7742456.00
2011/09/08,8.19,8.75,8.10,8.11,3827525,37459712.00
2011/09/09,8.06,8.10,7.88,7.97,1764704,16414197.00
2011/09/13,7.93,7.93,7.73,7.78,799020,7270356.00
2011/09/14,7.81,7.88,7.65,7.87,956285,8673756.00
2011/09/15,7.86,7.96,7.80,7.82,771805,7107114.00
2011/09/16,7.91,7.93,7.82,7.84,712328,6535460.00
2011/09/19,7.85,7.86,7.71,7.73,556490,5053314.00
2011/09/20,7.80,7.86,7.69,7.80,519232,4714058.50
2011/09/21,7.85,8.09,7.81,8.04,1305207,12137271.00
2011/09/22,8.02,8.02,7.76,7.79,1220426,11253998.00
2011/09/23,7.74,7.79,7.56,7.79,1109355,9987715.00
2011/09/26,7.80,7.84,7.65,7.67,579728,5246145.50
2011/09/27,7.71,7.77,7.60,7.68,641770,5763310.50
2011/09/28,7.78,7.83,7.64,7.75,715857,6488076.50
2011/09/29,7.71,7.71,7.52,7.53,827946,7332579.00
2011/09/30,7.61,7.61,7.30,7.45,626179,5444967.00
2011/10/10,7.45,7.57,7.40,7.41,275777,2400062.75
2011/10/11,7.59,7.62,7.38,7.49,607355,5315230.50
2011/10/12,7.35,7.75,7.35,7.73,951205,8467853.00
2011/10/13,7.72,7.86,7.64,7.81,892356,8113458.00
2011/10/14,7.79,7.83,7.67,7.80,719856,6513548.00
2011/10/17,7.85,7.86,7.68,7.77,600453,5440745.50
2011/10/18,7.71,7.74,7.52,7.52,590400,5260195.50
2011/10/19,7.56,7.56,7.46,7.48,411600,3616345.00
2011/10/20,7.43,7.46,7.25,7.26,582979,4990717.00
2011/10/21,7.20,7.33,7.12,7.12,466015,3930174.75
2011/10/24,7.12,7.19,6.86,7.18,769392,6339586.50
2011/10/25,7.19,7.37,7.05,7.33,1000758,8473986.00
2011/10/26,7.24,7.50,7.21,7.47,1197594,10352958.00
2011/10/27,7.52,7.60,7.36,7.52,837083,7337541.50
2011/10/28,7.58,7.71,7.53,7.61,1128856,10048069.00
2011/10/31,7.61,7.65,7.55,7.61,741170,6575835.00
2011/11/01,7.53,7.69,7.51,7.64,783802,6955996.00
2011/11/02,7.53,7.93,7.41,7.93,1948455,17465142.00
2011/11/03,7.99,8.74,7.93,8.74,10509652,104856800.00
2011/11/04,8.86,8.94,8.55,8.72,10368759,105892128.00
2011/11/07,8.71,9.19,8.59,9.06,7847870,81299608.00
2011/11/08,9.00,9.26,8.78,8.96,7388315,77802856.00
2011/11/09,9.01,9.40,8.71,8.93,6959881,72951120.00
2011/11/10,8.84,8.87,8.59,8.73,3220478,32843694.00
2011/11/11,8.74,9.17,8.65,9.01,7275476,75860664.00
2011/11/14,9.11,9.93,9.11,9.27,10300052,112614400.00
2011/11/15,9.10,9.36,8.99,9.16,6164293,65582224.00
2011/11/16,9.18,9.36,8.91,8.95,6418555,68572504.00
2011/11/17,9.01,9.17,8.53,8.66,5708448,58304404.00
2011/11/18,8.58,8.58,8.12,8.24,4401966,42676460.00
2011/11/21,8.17,8.29,8.08,8.19,2031342,19362592.00
2011/11/22,8.10,8.27,8.04,8.26,1985644,18913836.00
2011/11/23,8.26,8.39,8.21,8.31,2546123,24671334.00
2011/11/24,8.16,8.36,8.15,8.27,1532333,14756338.00
2011/11/25,8.35,8.39,8.14,8.15,1237952,11936542.00
2011/11/28,8.18,8.27,7.93,7.98,1725581,16204948.00
2011/11/29,8.06,8.23,7.97,8.23,1866288,17620306.00
2011/11/30,8.12,8.21,7.46,7.56,2574531,23417430.00
2011/12/01,7.75,7.92,7.64,7.71,2031632,18472854.00
2011/12/02,7.65,7.65,7.49,7.56,1078700,9521948.00
2011/12/05,7.46,7.53,7.23,7.24,1063569,9122746.00
2011/12/06,7.25,7.37,7.16,7.33,791117,6720382.00
2011/12/07,7.38,7.41,7.27,7.35,837401,7187613.50
2011/12/08,7.29,7.56,7.23,7.50,1489975,12876269.00
2011/12/09,7.38,7.50,7.36,7.42,845031,7319042.00
2011/12/12,7.37,7.42,7.19,7.23,830711,7074816.50
2011/12/13,7.21,7.21,6.79,6.85,1507100,12178675.00
2011/12/14,6.86,6.93,6.65,6.71,754390,6008249.50
2011/12/15,6.72,6.86,6.49,6.66,1345062,10486094.00
2011/12/16,6.68,7.05,6.61,6.93,1246334,9970139.00
2011/12/19,6.93,6.93,6.72,6.91,1043081,8333621.00
2011/12/20,6.85,6.99,6.81,6.88,893360,7236312.00
2011/12/21,6.92,6.98,6.54,6.56,1134200,9030210.00
2011/12/22,6.45,6.47,6.10,6.29,1509205,11077795.00
2011/12/23,6.24,6.49,6.20,6.35,1000791,7465357.50
2011/12/26,6.41,6.44,6.28,6.32,723544,5394050.50
2011/12/27,6.31,6.31,6.06,6.06,777946,5620086.50
2011/12/28,6.13,6.13,5.77,6.07,965925,6720986.50
2011/12/29,6.06,6.15,5.99,6.06,582783,4152742.50
2011/12/30,6.19,6.24,6.07,6.19,574223,4157311.00
2012/01/04,6.21,6.31,5.93,5.93,742901,5306123.00
2012/01/05,5.85,5.97,5.58,5.62,712627,4808455.50
2012/01/06,5.64,5.74,5.52,5.72,735240,4846200.50
2012/01/09,5.66,6.01,5.66,5.97,1185079,8142094.50
2012/01/10,5.99,6.28,5.93,6.27,1864201,13464107.00
2012/01/11,6.27,6.92,6.19,6.85,4495044,34989164.00
2012/01/12,6.75,7.23,6.74,7.07,6634135,54561540.00
2012/01/13,7.00,7.00,6.70,6.81,2363859,18860778.00
2012/01/16,6.76,6.80,6.58,6.66,1090787,8536892.00
2012/01/17,6.63,7.34,6.63,7.34,3694216,30854688.00
2012/01/18,7.53,7.97,7.27,7.69,7861213,70486000.00
2012/01/19,7.65,7.65,7.36,7.53,2400278,21014820.00
2012/01/20,7.53,7.82,7.33,7.61,2830530,25171106.00
2012/01/30,7.53,7.60,7.45,7.47,1089619,9564432.00
2012/01/31,7.43,7.52,7.33,7.52,812928,7032478.00
2012/02/01,7.45,7.49,7.11,7.28,1456923,12434337.00
2012/02/02,7.26,7.52,7.24,7.52,1454135,12587899.00
2012/02/03,7.46,7.73,7.45,7.71,1428721,12711362.00
2012/02/06,7.65,8.14,7.56,8.02,4361074,40197700.00
2012/02/07,7.97,8.06,7.79,8.03,2887737,26838560.00
2012/02/08,8.03,8.14,7.82,8.04,2263071,21179936.00
2012/02/09,8.04,8.43,7.93,8.19,2872445,27403546.00
2012/02/10,8.13,8.40,8.06,8.27,3457084,33220792.00
2012/02/13,8.17,8.32,8.05,8.10,1543529,14676079.00
2012/02/14,8.10,8.32,7.86,8.09,2006029,18825996.00
2012/02/15,8.14,8.52,8.07,8.36,8317441,81027392.00
2012/02/16,8.32,8.46,8.15,8.36,3730287,36191788.00
2012/02/17,8.30,8.56,8.19,8.33,4333549,41858636.00
2012/02/20,8.33,8.47,8.24,8.32,5115075,49737268.00
2012/02/21,8.32,8.42,8.10,8.35,5571232,53954400.00
2012/02/22,8.38,8.56,8.02,8.41,7878973,76676952.00
2012/02/23,8.32,8.58,8.27,8.38,7132654,69841528.00
2012/02/24,8.36,8.36,8.14,8.22,5507431,52757956.00
2012/02/27,8.22,8.34,8.13,8.13,7053695,67693720.00
2012/02/28,8.06,8.06,7.69,7.69,5583615,50892124.00
2012/02/29,7.71,7.78,7.48,7.53,3719295,33256198.00
2012/03/01,7.53,7.66,7.45,7.60,2068446,18353598.00
2012/03/02,7.63,7.76,7.63,7.75,2072945,18678478.00
2012/03/05,7.79,7.82,7.65,7.66,2495981,22530532.00
2012/03/06,7.60,7.65,7.46,7.53,1730186,15212266.00
2012/03/07,7.46,7.66,7.38,7.58,2071282,18236342.00
2012/03/08,7.59,7.69,7.59,7.66,1550383,13841533.00
2012/03/09,7.66,7.86,7.66,7.76,2860168,25973240.00
2012/03/12,7.79,7.84,7.68,7.73,2106984,19089826.00
2012/03/13,7.71,7.84,7.66,7.84,3062613,27881666.00
2012/03/14,7.84,7.88,7.22,7.22,4536225,40611976.00
2012/03/15,7.14,7.26,6.84,6.94,2670134,21901330.00
2012/03/16,6.99,7.08,6.88,7.08,1798735,14733870.00
2012/03/19,7.08,7.21,7.02,7.19,1296065,10808293.00
2012/03/20,7.19,7.19,6.97,6.97,1542930,12720888.00
2012/03/21,7.01,7.07,6.90,7.06,1097903,8996976.00
2012/03/22,7.11,7.11,6.97,7.01,856676,7039404.50
2012/03/26,6.92,6.94,6.85,6.89,879483,7086018.00
2012/03/27,6.92,7.07,6.92,6.93,634111,5173106.00
2012/03/28,6.93,6.93,6.50,6.54,1190648,9323520.00
2012/03/29,6.53,6.59,6.45,6.48,662510,5046953.00
2012/03/30,6.49,6.58,6.40,6.48,619730,4705689.50
2012/04/05,6.48,6.65,6.45,6.64,887064,6818075.50
2012/04/06,6.66,6.69,6.58,6.66,1303179,10142019.00
2012/04/09,6.66,6.69,6.59,6.59,661095,5131245.00
2012/04/10,6.42,6.68,6.41,6.66,894474,6808820.50
2012/04/11,6.62,6.71,6.54,6.70,962638,7482774.50
2012/04/12,6.69,7.04,6.67,6.97,1742249,14061382.00
2012/04/13,6.97,7.06,6.89,6.99,1390850,11358592.00
2012/04/16,6.96,7.06,6.93,6.99,1092777,8956814.00
2012/04/17,6.97,6.99,6.67,6.67,1561996,12495296.00
2012/04/18,6.69,6.90,6.68,6.86,1173158,9358156.00
2012/04/19,6.86,6.97,6.81,6.88,1344225,10877700.00
2012/04/20,6.86,6.93,6.82,6.85,1504645,12097417.00
2012/04/23,6.86,7.02,6.80,7.02,2773532,22485762.00
2012/04/24,6.98,7.13,6.66,6.87,2277665,18460744.00
2012/04/25,6.84,6.91,6.68,6.86,1719364,13671352.00
2012/04/26,6.84,6.86,6.66,6.71,1391788,10977869.00
2012/04/27,6.71,6.75,6.59,6.59,804518,6283742.00
2012/05/02,6.66,6.73,6.58,6.62,965404,7499372.00
2012/05/03,6.62,6.68,6.61,6.68,918046,7147394.50
2012/05/04,6.68,6.74,6.64,6.73,1085199,8499175.00
2012/05/07,6.65,6.75,6.64,6.75,1098775,8591563.00
2012/05/08,6.75,6.91,6.69,6.89,1760524,14072014.00
2012/05/09,6.86,6.89,6.73,6.76,1068881,8496151.00
2012/05/10,6.76,6.79,6.73,6.77,1009993,7933865.50
2012/05/11,6.78,6.78,6.67,6.68,835000,6530952.00
2012/05/14,6.71,6.77,6.59,6.63,963300,7454156.00
2012/05/15,6.63,6.64,6.50,6.59,842364,6415551.00
2012/05/16,6.59,6.66,6.59,6.59,615989,4734025.50
2012/05/17,6.59,6.68,6.59,6.66,439871,3391300.00
2012/05/18,6.62,6.73,6.60,6.66,813423,6315347.00
2012/05/21,6.66,6.71,6.62,6.66,727419,5634396.50
2012/05/22,6.70,6.72,6.66,6.72,538039,4182471.00
2012/05/23,6.70,6.73,6.57,6.58,763822,5896418.50
2012/05/24,6.57,6.61,6.48,6.48,952228,7234612.00
2012/05/28,6.39,6.39,6.19,6.37,1085346,7923999.00
2012/05/29,6.35,6.45,6.31,6.42,1040302,7734669.00
2012/05/30,6.40,6.73,6.38,6.60,2484870,19097166.00
2012/05/31,6.66,6.66,6.51,6.53,791368,6055797.50
2012/06/01,6.60,6.71,6.42,6.42,1305100,9933605.00
2012/06/04,6.42,6.42,6.19,6.19,973438,7103281.50
2012/06/05,6.19,6.33,6.19,6.24,443940,3214771.50
2012/06/06,6.24,6.33,6.14,6.16,383793,2769921.00
2012/06/07,6.19,6.27,6.06,6.08,542360,3895576.25
2012/06/08,6.17,6.22,6.02,6.08,665421,4722098.50
2012/06/11,6.09,6.21,6.05,6.16,431494,3081765.75
2012/06/12,6.19,6.19,6.12,6.14,371884,2667060.50
2012/06/13,6.15,6.25,6.14,6.24,553127,3994075.75
2012/06/14,6.25,6.28,6.19,6.23,609571,4423611.00
2012/06/15,6.21,6.27,6.17,6.21,571955,4137968.75
2012/06/18,6.26,6.33,6.20,6.27,799413,5826665.00
2012/06/19,6.28,6.28,6.20,6.21,398700,2890901.00
2012/06/20,6.22,6.29,6.20,6.20,457912,3333199.00
2012/06/21,6.22,6.25,6.06,6.09,549138,3930975.75
2012/06/25,6.11,6.22,6.04,6.06,708297,5044409.00
2012/06/26,6.03,6.07,5.94,6.04,426378,2982460.50
2012/06/27,5.99,6.11,5.99,6.01,291719,2058666.63
2012/06/28,6.05,6.08,5.94,5.94,315171,2201072.00
2012/06/29,5.95,5.99,5.87,5.99,402764,2779334.25
2012/07/02,6.06,6.09,5.99,6.06,316415,2227575.50
2012/07/03,6.01,6.14,6.01,6.07,409272,2901636.50
2012/07/04,6.07,6.19,6.05,6.17,605338,4311004.50
2012/07/05,6.17,6.17,6.02,6.04,558429,3953789.25
2012/07/06,6.03,6.13,5.99,6.11,472935,3337303.75
2012/07/09,6.11,6.11,5.75,5.77,627318,4332206.00
2012/07/10,5.77,5.86,5.69,5.71,485214,3243174.75
2012/07/11,5.70,5.73,5.66,5.71,313300,2081864.00
2012/07/12,5.71,5.79,5.69,5.79,452849,3030956.50
2012/07/13,5.88,5.88,5.73,5.75,323100,2175344.00
2012/07/16,5.75,5.75,5.30,5.35,865602,5564777.00
2012/07/17,5.36,5.45,5.35,5.45,231468,1457212.38
2012/07/18,5.40,5.48,5.39,5.48,315216,1992683.75
2012/07/19,5.48,5.70,5.45,5.60,475179,3101364.50
2012/07/20,5.60,5.66,5.57,5.57,312935,2046171.50
2012/07/23,5.53,5.56,5.32,5.53,220484,1406211.50
2012/07/24,5.48,5.60,5.48,5.59,148298,962700.94
2012/07/25,5.58,5.62,5.46,5.48,209799,1357418.50
2012/07/26,5.53,5.57,5.43,5.48,211850,1358773.75
2012/07/27,5.46,5.52,5.37,5.44,261350,1651894.25
2012/07/30,5.44,5.66,5.15,5.19,567809,3542474.50
2012/07/31,5.16,5.18,5.08,5.10,280447,1675157.00
2012/08/01,5.10,5.23,5.10,5.21,162061,983025.75
2012/08/02,5.19,5.26,5.08,5.08,243549,1469797.75
2012/08/03,5.16,5.21,5.08,5.20,200437,1207574.63
2012/08/06,5.19,5.43,5.19,5.39,517783,3212640.50
2012/08/07,5.39,5.46,5.37,5.46,253221,1601661.63
2012/08/08,5.46,5.49,5.37,5.41,279838,1767876.13
2012/08/09,5.39,5.53,5.39,5.52,336504,2148979.75
2012/08/10,5.49,5.60,5.41,5.58,638677,4133460.50
2012/08/13,5.57,5.57,5.34,5.36,351178,2239346.50
2012/08/14,5.37,5.45,5.29,5.43,287910,1805555.88
2012/08/15,5.47,5.53,5.35,5.46,547896,3498508.75
2012/08/16,5.42,5.54,5.41,5.52,484533,3109983.25
2012/08/17,5.53,5.58,5.48,5.56,499389,3219770.25
2012/08/20,5.56,5.75,5.49,5.59,964666,6323125.00
2012/08/21,5.56,5.69,5.51,5.66,711152,4652048.00
2012/08/22,5.67,5.69,5.57,5.58,502629,3294399.00
2012/08/23,5.58,5.67,5.54,5.65,534801,3496613.25
2012/08/24,5.65,5.66,5.46,5.46,397897,2574118.50
2012/08/27,5.38,5.45,5.35,5.40,611257,3848544.50
2012/08/28,5.40,5.56,5.35,5.50,277190,1761512.00
2012/08/29,5.47,5.66,5.45,5.59,722772,4699637.50
2012/08/30,5.53,5.64,5.46,5.54,527182,3398801.25
2012/08/31,5.53,5.54,5.47,5.50,351300,2250319.00
2012/09/03,5.49,5.60,5.47,5.59,392723,2540251.25
2012/09/04,5.62,5.62,5.49,5.50,419854,2718630.50
2012/09/05,5.44,5.57,5.44,5.54,450840,2902306.25
2012/09/06,5.54,5.73,5.51,5.69,706704,4630656.50
2012/09/07,5.73,6.26,5.72,6.11,3547849,25025420.00
2012/09/10,6.19,6.19,5.94,6.01,1473367,10338780.00
2012/09/11,6.06,6.10,5.90,6.08,3301219,23129832.00
2012/09/12,6.26,6.31,6.01,6.03,1994133,14221242.00
2012/09/13,6.03,6.06,5.76,5.76,848245,5894166.50
2012/09/14,5.99,6.34,5.99,6.34,7394021,54315016.00
2012/09/17,6.40,6.79,6.30,6.53,13037897,98945832.00
2012/09/18,6.36,6.36,6.03,6.21,5282185,37919052.00
2012/09/19,6.13,6.34,6.09,6.19,3603099,25976474.00
2012/09/20,6.19,6.20,5.72,5.72,4181731,28743412.00
2012/09/21,5.66,5.71,5.37,5.47,3058546,19582404.00
2012/09/24,5.42,5.54,5.29,5.51,1652514,10462726.00
2012/09/25,5.47,5.56,5.39,5.49,969922,6186881.50
2012/09/26,5.55,5.65,5.32,5.38,1268673,8153931.00
2012/09/27,5.33,5.52,5.32,5.45,1269577,8032765.50
2012/09/28,5.40,5.51,5.32,5.51,1754312,11113743.00
2012/10/08,5.50,5.55,5.45,5.51,875750,5620585.00
2012/10/09,5.53,5.74,5.50,5.72,1572611,10333081.00
2012/10/10,5.69,5.79,5.66,5.75,1187216,7923128.50
2012/10/11,5.78,5.81,5.58,5.59,1333722,8850450.00
2012/10/12,5.61,5.66,5.53,5.62,912420,5952818.50
2012/10/15,5.60,5.68,5.53,5.66,795422,5214023.00
2012/10/16,5.66,6.19,5.62,5.93,4391742,30630700.00
2012/10/17,6.00,6.53,5.94,6.53,6593520,49758856.00
2012/10/18,6.84,6.84,6.20,6.39,11548203,86563224.00
2012/10/19,6.23,6.38,6.21,6.27,5562906,40626968.00
2012/10/22,6.25,6.25,6.06,6.15,3521060,25183540.00
2012/10/23,6.19,6.45,6.11,6.29,6541616,47822788.00
2012/10/24,6.17,6.48,6.12,6.48,6676981,49090760.00
2012/10/25,6.71,7.13,6.52,6.57,17804235,144110480.00
2012/10/26,6.27,6.43,5.91,5.92,10411222,73838064.00
2012/10/29,5.81,5.92,5.62,5.70,5188866,34665692.00
2012/10/30,5.67,5.86,5.66,5.70,2781434,18650844.00
2012/10/31,5.70,5.78,5.57,5.78,2729015,18014572.00
2012/11/01,5.73,5.89,5.71,5.86,3332782,22627200.00
2012/11/02,5.88,5.88,5.78,5.85,2078118,14101814.00
2012/11/05,5.86,5.99,5.85,5.93,2241075,15390959.00
2012/11/06,5.88,5.97,5.69,5.75,2049034,13800976.00
2012/11/07,5.75,5.80,5.70,5.77,1696109,11373868.00
2012/11/08,5.73,5.73,5.47,5.47,2586784,16801770.00
2012/11/09,5.47,5.58,5.43,5.51,1196597,7660975.00
2012/11/12,5.58,5.62,5.50,5.61,779531,5068288.50
2012/11/13,5.61,5.64,5.44,5.47,962472,6173809.50
2012/11/14,5.47,5.49,5.38,5.46,1060768,6716483.50
2012/11/15,5.49,5.49,5.33,5.34,701200,4411658.50
2012/11/16,5.34,5.35,5.28,5.34,722933,4473911.00
2012/11/19,5.38,5.39,5.26,5.34,659998,4093739.75
2012/11/20,5.39,5.52,5.34,5.41,907279,5737349.00
2012/11/21,5.39,5.50,5.34,5.49,897649,5686238.50
2012/11/22,5.33,5.48,5.33,5.45,608499,3846987.75
2012/11/23,5.45,5.46,5.39,5.42,460450,2916790.00
2012/11/26,5.42,5.43,5.33,5.33,491498,3083135.50
2012/11/27,5.31,5.37,5.07,5.08,1079810,6507868.00
2012/11/28,5.01,5.03,4.91,4.93,714464,4138242.75
2012/11/29,4.93,5.00,4.88,4.88,605750,3492490.00
2012/11/30,4.84,4.95,4.84,4.93,326664,1877169.88
2012/12/03,4.86,4.95,4.78,4.79,402751,2293535.75
2012/12/04,4.78,4.85,4.65,4.84,590295,3266994.50
2012/12/05,4.85,5.06,4.85,5.01,887105,5164154.50
2012/12/06,5.01,5.13,4.95,4.99,697550,4083810.50
2012/12/07,4.99,5.13,4.96,5.13,976508,5774173.50
2012/12/10,5.19,5.31,5.13,5.26,1240043,7534784.00
2012/12/11,5.26,5.27,5.19,5.20,1100050,6727704.50
2012/12/12,5.18,5.23,5.04,5.14,801186,4800657.50
2012/12/13,5.07,5.14,5.04,5.06,699943,4156466.50
2012/12/14,5.01,5.26,5.01,5.25,1624640,9850612.00
2012/12/17,5.24,5.34,5.24,5.32,1435418,8882602.00
2012/12/18,5.30,5.38,5.26,5.27,930240,5778802.50
2012/12/19,5.26,5.39,5.26,5.34,1228667,7648814.00
2012/12/20,5.32,5.36,5.25,5.32,665062,4116085.00
2012/12/21,5.33,5.43,5.27,5.35,817976,5094346.50
2012/12/24,5.29,5.36,5.27,5.34,591018,3674086.00
2012/12/25,5.33,5.49,5.32,5.45,1128111,7126671.00
2012/12/26,5.46,5.53,5.46,5.52,894714,5724116.00
2012/12/27,5.56,5.71,5.46,5.62,2802427,18355424.00
2012/12/28,5.62,5.79,5.53,5.77,2138027,14111974.00
2012/12/31,5.76,5.89,5.70,5.86,2254840,15226335.00
2013/01/04,5.88,5.93,5.69,5.76,1448707,9716088.00
2013/01/07,5.71,5.76,5.63,5.76,1086791,7222129.50
2013/01/08,5.73,6.09,5.73,5.87,1810445,12483240.00
2013/01/09,5.83,5.86,5.72,5.79,1457292,9809207.00
2013/01/10,5.79,6.00,5.78,5.82,1264499,8628372.00
2013/01/11,5.82,5.92,5.62,5.65,1168417,7820450.50
2013/01/14,5.65,5.88,5.59,5.87,1204341,8132970.00
2013/01/15,5.87,6.23,5.81,6.21,3432264,24197984.00
2013/01/16,6.19,6.19,5.97,6.08,2539960,17940084.00
2013/01/17,6.06,6.07,5.91,5.96,1240673,8659938.00
2013/01/18,5.96,6.09,5.96,6.07,1333093,9364642.00
2013/01/21,6.08,6.26,6.04,6.19,1627321,11646882.00
2013/01/22,6.19,6.19,5.96,5.99,985044,6929570.50
2013/01/23,5.97,6.01,5.81,5.96,676395,4648410.00
2013/01/24,5.97,6.03,5.71,5.79,1067089,7254374.50
2013/01/25,5.74,5.84,5.72,5.75,535738,3612416.25
2013/01/28,5.75,5.86,5.75,5.85,637871,4337025.50
2013/01/29,5.82,5.95,5.82,5.93,819264,5639912.50
2013/01/30,5.97,5.97,5.82,5.93,592352,4066535.75
2013/01/31,5.93,5.95,5.88,5.93,694106,4779902.50
2013/02/01,5.93,5.99,5.89,5.99,873312,6052428.00
2013/02/04,5.99,6.08,5.93,5.96,1074857,7493773.50
2013/02/05,5.96,5.96,5.83,5.93,666087,4576869.50
2013/02/06,5.91,6.01,5.91,5.99,810370,5626154.50
2013/02/07,5.97,5.99,5.89,5.93,499355,3451698.00
2013/02/08,5.93,5.99,5.93,5.99,531281,3692457.50
2013/02/18,5.99,6.06,5.97,6.03,1120271,7844656.00
2013/02/19,6.04,6.06,5.85,5.93,1139656,7863560.00
2013/02/20,5.92,6.04,5.86,6.03,1009181,7009391.00
2013/02/21,6.03,6.04,5.89,5.96,1455786,10147451.00
2013/02/22,5.99,6.08,5.95,6.06,1752169,12329866.00
2013/02/25,6.05,6.14,6.02,6.13,1546884,10958166.00
2013/02/26,6.11,6.18,6.06,6.06,1753025,12507259.00
2013/02/27,6.03,6.06,5.91,5.99,1147442,7969616.50
2013/02/28,5.97,6.49,5.96,6.33,5130229,37397836.00
2013/03/01,6.33,6.34,6.17,6.26,3462069,25180858.00
2013/03/04,6.21,6.24,5.99,6.06,1829088,13004566.00
2013/03/05,6.04,6.25,6.04,6.24,1813766,13023744.00
2013/03/06,6.24,6.27,6.18,6.26,2201314,15953606.00
2013/03/07,6.26,6.26,6.13,6.23,1892994,13681128.00
2013/03/08,6.19,6.30,6.17,6.25,1689453,12269835.00
2013/03/11,6.23,6.28,6.19,6.22,886059,6424326.00
2013/03/12,6.21,6.25,5.86,5.96,1349086,9553355.00
2013/03/13,5.96,5.96,5.77,5.89,822591,5604899.50
2013/03/14,5.89,5.93,5.85,5.87,346688,2381328.50
2013/03/15,5.87,5.95,5.78,5.84,370401,2532728.50
2013/03/18,5.80,5.87,5.77,5.77,372577,2517975.75
2013/03/19,5.78,5.90,5.75,5.90,470289,3189605.25
2013/03/20,5.91,6.15,5.89,6.15,1028279,7179971.00
2013/03/21,6.26,6.41,6.13,6.20,3730971,27257380.00
2013/03/22,6.13,6.13,5.97,6.08,1792858,12640524.00
2013/03/25,6.06,6.13,6.05,6.09,808713,5729155.00
2013/03/26,6.12,6.12,5.97,6.00,690020,4825075.50
2013/03/27,6.00,6.08,5.99,6.06,691560,4856908.50
2013/03/28,6.05,6.05,5.76,5.88,1168056,7979233.00
2013/03/29,5.81,5.89,5.81,5.84,253950,1730689.00
2013/04/01,5.83,5.88,5.78,5.80,481728,3270107.00
2013/04/02,5.80,5.89,5.73,5.74,549569,3720778.00
2013/04/03,5.73,5.79,5.62,5.65,648471,4292385.00
2013/04/08,5.65,5.65,5.49,5.55,577434,3719741.25
2013/04/09,5.53,5.63,5.53,5.59,290535,1895811.75
2013/04/10,5.59,5.66,5.54,5.57,327352,2135418.00
2013/04/11,5.61,5.63,5.49,5.49,626002,4045759.00
2013/04/12,5.53,5.54,5.46,5.48,331502,2125180.75
2013/04/15,5.46,5.47,5.23,5.33,1165614,7236531.50
2013/04/16,5.27,5.43,5.26,5.41,760236,4744164.50
2013/04/17,5.45,5.53,5.43,5.48,600197,3832171.75
2013/04/18,5.49,5.52,5.44,5.50,837860,5345720.50
2013/04/19,5.50,5.59,5.47,5.54,1223577,7889586.00
2013/04/22,5.54,5.56,5.47,5.53,552071,3547876.00
2013/04/23,5.53,5.57,5.34,5.38,714800,4542582.50
2013/04/24,5.38,5.50,5.36,5.48,635265,4023483.75
2013/04/25,5.47,5.55,5.44,5.48,959339,6145887.50
2013/04/26,5.48,5.52,5.39,5.44,807680,5111344.50
2013/05/02,5.44,5.49,5.40,5.47,676569,4316386.50
2013/05/03,5.45,5.57,5.45,5.53,517550,3338184.50
2013/05/06,5.52,5.72,5.52,5.68,1574573,10370880.00
2013/05/07,5.64,5.70,5.63,5.63,646023,4256691.50
2013/05/08,5.65,5.77,5.64,5.75,1053278,7022156.50
2013/05/09,5.70,5.79,5.66,5.72,727080,4840670.00
2013/05/10,5.72,5.87,5.69,5.86,1104062,7481805.50
2013/05/13,5.87,5.90,5.78,5.84,671322,4554952.50
2013/05/14,5.84,5.85,5.69,5.73,754321,5042539.00
2013/05/15,5.73,5.84,5.73,5.80,579461,3909791.00
2013/05/16,5.81,5.87,5.79,5.84,1257361,8529236.00
2013/05/17,5.83,5.89,5.80,5.88,1226234,8351282.50
2013/05/20,5.91,5.96,5.89,5.94,1393664,9621623.00
2013/05/21,5.92,6.05,5.91,6.04,1475134,10300195.00
2013/05/22,6.05,6.08,5.97,5.99,1366663,9592393.00
2013/05/23,5.98,6.07,5.98,5.99,1267158,8889160.00
2013/05/24,6.01,6.06,5.92,6.05,1130560,7922563.50
2013/05/27,6.06,6.10,6.02,6.08,1122928,7933793.50
2013/05/28,6.07,6.13,5.98,6.05,1121571,7885799.50
2013/05/29,6.05,6.08,6.03,6.06,1089719,7677917.50
2013/05/30,6.07,6.19,6.06,6.13,1654031,11777257.00
2013/05/31,6.13,6.42,6.10,6.26,3749860,27444936.00
2013/06/03,6.20,6.24,6.05,6.09,2380288,16981932.00
2013/06/04,6.10,6.12,5.93,5.94,1160822,8135868.50
2013/06/05,5.97,6.35,5.97,6.19,3242936,23370774.00
2013/06/06,6.14,6.24,6.07,6.14,1510319,10804279.00
2013/06/07,6.14,6.24,5.98,6.01,1273729,7813277.00
2013/06/13,5.96,6.01,5.59,5.86,1256108,7284801.00
2013/06/14,5.86,5.94,5.76,5.91,814441,4811681.00
2013/06/17,5.89,6.03,5.77,5.95,1110548,6666966.00
2013/06/18,5.93,5.99,5.81,5.89,593894,3533222.50
2013/06/19,5.89,5.89,5.67,5.88,650960,3804456.75
2013/06/20,5.78,5.96,5.77,5.84,1043355,6162910.00
2013/06/21,5.82,5.96,5.60,5.84,954882,5580972.00
2013/06/24,5.84,5.86,5.39,5.42,732608,4129145.75
2013/06/25,5.41,5.58,4.98,5.42,1294691,6941773.50
2013/06/26,5.42,5.50,5.27,5.45,639444,3482446.25
2013/06/27,5.48,5.56,5.31,5.39,929569,5108715.50
2013/06/28,5.32,5.45,5.27,5.36,585214,3157074.00
2013/07/01,5.28,5.39,5.27,5.39,593231,3184682.75
2013/07/02,5.33,5.44,5.27,5.42,1052930,5668555.50
2013/07/03,5.39,5.40,5.24,5.34,841276,4493921.00
2013/07/04,5.33,5.42,5.22,5.37,1003038,5386728.50
2013/07/05,5.36,5.40,5.29,5.34,883221,4777194.00
2013/07/08,5.32,5.32,5.03,5.08,953412,4944355.00
2013/07/09,5.08,5.19,5.04,5.12,497976,2556595.50
2013/07/10,5.12,5.27,5.11,5.25,657927,3451026.75
2013/07/11,5.26,5.44,5.24,5.40,1020607,5512087.00
2013/07/12,5.36,5.56,5.36,5.40,1182704,6513876.50
2013/07/15,5.51,5.51,5.39,5.42,836432,4572964.00
2013/07/16,5.42,5.57,5.42,5.55,1281049,7111277.50
2013/07/17,5.56,5.59,5.45,5.51,1067132,5940724.50
2013/07/18,5.47,5.53,5.41,5.51,827159,4551755.50
2013/07/19,5.50,5.57,5.40,5.40,772735,4271275.50
2013/07/22,5.36,5.55,5.36,5.47,1010771,5546067.50
2013/07/23,5.48,6.01,5.48,5.86,3848111,22360666.00
2013/07/24,5.76,6.18,5.72,6.09,7464999,45438300.00
2013/07/25,6.04,6.04,5.76,5.82,4097607,24270676.00
2013/07/26,5.79,5.84,5.65,5.76,1331062,7708050.00
2013/07/29,5.73,5.90,5.68,5.76,1215282,7059255.00
2013/07/30,5.76,5.80,5.48,5.66,1192611,6786104.00
2013/07/31,5.61,5.72,5.61,5.67,889405,5076588.00
2013/08/01,5.66,5.82,5.65,5.81,1142186,6638691.00
2013/08/02,5.85,5.95,5.81,5.86,1696627,10046203.00
2013/08/05,5.86,5.95,5.84,5.93,1569675,9323793.00
2013/08/06,5.89,6.03,5.82,6.01,1741726,10462464.00
2013/08/07,6.00,6.14,5.96,6.02,2876250,17571570.00
2013/08/08,6.06,6.26,6.01,6.09,2691297,16603655.00
2013/08/09,6.08,6.13,5.91,6.04,2005141,12129437.00
2013/08/12,6.03,6.18,5.96,6.16,2254595,13830584.00
2013/08/13,6.15,6.28,6.12,6.17,2893617,18056444.00
2013/08/14,6.17,6.25,6.13,6.14,1239325,7689118.00
2013/08/15,6.11,6.17,6.03,6.04,1158660,7090431.50
2013/08/16,6.03,6.15,5.94,5.94,1483410,9009921.00
2013/08/19,5.89,6.13,5.86,6.11,1417555,8580692.00
2013/08/20,6.04,6.18,6.04,6.15,1902191,11725463.00
2013/08/21,6.15,6.31,6.15,6.24,3322972,20876184.00
2013/08/22,6.25,6.36,6.22,6.32,2779209,17590104.00
2013/08/23,6.36,6.38,6.11,6.23,3099392,19491138.00
2013/08/26,6.22,6.58,6.22,6.51,5111952,33147824.00
2013/08/27,6.51,6.62,6.41,6.51,2756788,18056436.00
2013/08/28,6.47,6.79,6.37,6.65,4879930,32475592.00
2013/08/29,6.63,6.70,6.49,6.55,2469483,16320420.00
2013/08/30,6.52,6.66,6.35,6.39,2687651,17631636.00
2013/09/02,6.38,6.63,6.34,6.60,2400353,15606716.00
2013/09/03,6.54,6.72,6.52,6.59,2079674,13855550.00
2013/09/04,6.60,6.64,6.53,6.56,1732145,11464100.00
2013/09/05,6.56,6.69,6.49,6.68,2027441,13456614.00
2013/09/06,6.69,6.73,6.58,6.69,2033321,13614778.00
2013/09/09,6.68,6.75,6.62,6.65,2195759,14781663.00
2013/09/10,6.66,6.68,6.51,6.59,3940901,26033764.00
2013/09/11,6.57,6.58,6.38,6.48,2741035,17788446.00
2013/09/12,6.45,6.52,6.44,6.48,1502163,9791453.00
2013/09/13,6.47,6.65,6.46,6.63,1949268,12873165.00
2013/09/16,6.69,6.78,6.61,6.64,1688346,11316206.00
2013/09/17,6.64,6.74,6.55,6.56,1663276,11088032.00
2013/09/18,6.54,6.63,6.53,6.56,904501,5979103.50
2013/09/23,6.61,6.83,6.59,6.78,2750304,18688386.00
2013/09/24,6.77,7.13,6.77,6.96,4798394,33757780.00
2013/09/25,6.96,7.02,6.84,6.90,2034690,14162067.00
2013/09/26,6.82,6.97,6.82,6.88,1387615,9637886.00
2013/09/27,6.85,6.99,6.85,6.89,864687,6006979.50
2013/09/30,7.02,7.36,6.96,7.15,2514308,18108212.00
2013/10/08,7.11,7.41,7.11,7.39,3396425,24958460.00
2013/10/09,7.33,8.04,7.33,7.77,5412638,42532160.00
2013/10/10,7.77,8.04,7.66,7.82,4173866,32875000.00
2013/10/11,7.82,7.86,7.66,7.74,2454859,19073852.00
2013/10/14,7.75,7.75,7.53,7.62,2278798,17438330.00
2013/10/15,7.56,7.70,7.54,7.67,2079477,15950571.00
2013/10/16,7.62,7.66,7.24,7.29,2347931,17464646.00
2013/10/17,7.32,7.40,7.16,7.24,1645313,12059186.00
2013/10/18,7.28,7.39,7.21,7.38,1025849,7538577.00
2013/10/21,7.46,7.65,7.40,7.56,2063813,15677578.00
2013/10/22,7.56,7.56,7.23,7.26,1988437,14762412.00
2013/10/23,7.24,7.38,6.96,7.03,1833038,13158348.00
2013/10/24,7.02,7.27,6.98,7.27,2296845,16530141.00
2013/10/25,7.24,7.28,6.99,7.09,1832448,13115171.00
2013/10/28,7.06,7.06,6.76,6.82,1753619,12129537.00
2013/10/29,6.82,6.91,6.37,6.61,1506864,10097696.00
2013/10/30,6.59,6.79,6.47,6.76,1161752,7820232.00
2013/10/31,6.72,7.06,6.69,6.94,1917838,13246392.00
2013/11/01,6.85,6.87,6.71,6.81,1070399,7292644.00
2013/11/04,6.81,6.89,6.76,6.85,836639,5743881.50
2013/11/05,6.77,6.96,6.77,6.91,1001853,6953106.50
2013/11/06,6.86,7.19,6.85,6.99,1936425,13731744.00
2013/11/07,7.00,7.46,6.96,7.04,1860851,13466079.00
2013/11/08,7.02,7.17,6.87,6.96,1126328,7941514.00
2013/11/11,6.93,7.04,6.78,6.94,824882,5708979.00
2013/11/12,6.92,7.14,6.92,7.02,658020,4630585.50
2013/11/13,6.98,7.10,6.86,6.86,1213162,8507733.00
2013/11/14,6.81,6.90,6.68,6.88,1007060,6898424.50
2013/11/15,7.03,7.09,6.88,7.04,1939269,13668826.00
2013/11/18,6.95,7.15,6.95,7.11,1781881,12697101.00
2013/11/19,7.13,7.39,7.09,7.35,2942231,21428936.00
2013/11/20,7.26,7.36,7.18,7.34,1620887,11829214.00
2013/11/21,7.26,7.35,7.17,7.24,1238685,9005460.00
2013/11/22,7.24,7.32,7.14,7.18,1095817,7937315.50
2013/11/25,7.17,7.36,7.15,7.25,1994477,14643841.00
2013/11/26,7.29,7.60,7.22,7.46,3639215,27063416.00
2013/11/27,7.45,7.50,7.36,7.45,2202175,16445835.00
2013/11/28,7.52,7.59,7.41,7.46,2110980,15924610.00
2013/11/29,7.46,7.50,7.34,7.49,1648393,12310491.00
2013/12/02,7.21,7.21,6.74,6.75,4898128,33974336.00
2013/12/03,6.66,6.89,6.66,6.88,1866167,12799446.00
2013/12/04,6.90,7.06,6.81,6.97,2015252,14137786.00
2013/12/05,6.87,6.97,6.76,6.96,1653835,11391007.00
2013/12/06,6.90,6.99,6.87,6.96,1358260,9467573.00
2013/12/09,6.95,7.13,6.94,7.09,1572244,11119298.00
2013/12/10,7.08,7.22,7.06,7.12,1784423,12829041.00
2013/12/11,7.11,7.14,6.92,6.96,1280729,9039062.00
2013/12/12,6.97,7.08,6.96,7.01,1091810,7697307.50
2013/12/13,6.96,7.26,6.96,7.19,2495142,17923424.00
2013/12/16,7.23,7.24,7.01,7.11,1196171,8573826.00
2013/12/17,7.06,7.12,7.02,7.09,823905,5866629.50
2013/12/18,7.09,7.11,7.02,7.09,870292,6193462.50
2013/12/19,7.11,7.19,7.01,7.02,1919854,13732620.00
2013/12/20,7.06,7.06,6.63,6.71,2564254,17514634.00
2013/12/23,6.67,6.76,6.64,6.71,911192,6139270.00
2013/12/24,6.75,6.81,6.68,6.78,1204883,8202607.50
2013/12/25,6.74,6.88,6.73,6.86,551457,3785214.25
2013/12/26,6.86,6.90,6.75,6.78,987197,6752528.50
2013/12/27,6.82,6.94,6.76,6.89,1198294,8285623.50
2013/12/30,6.89,7.23,6.89,7.19,2885875,20615712.00
2013/12/31,7.19,7.19,6.99,7.08,1995964,14245269.00
2014/01/02,7.08,7.15,7.00,7.15,1006527,7193006.00
2014/01/03,7.12,7.22,7.12,7.19,1799402,12979784.00
2014/01/06,7.16,7.28,7.01,7.01,2204591,15925299.00
2014/01/07,6.96,7.11,6.84,7.04,1492799,10464086.00
2014/01/08,7.04,7.21,7.02,7.19,1983116,14238006.00
2014/01/09,7.16,7.32,7.01,7.03,2167552,15709324.00
2014/01/10,6.97,7.02,6.76,6.79,1728999,11911571.00
2014/01/13,6.85,6.89,6.72,6.79,895485,6110633.00
2014/01/14,6.81,6.97,6.76,6.96,1345923,9318448.00
2014/01/15,6.94,7.12,6.94,7.11,1769352,12559353.00
2014/01/16,7.11,7.42,7.07,7.10,3820892,27976132.00
2014/01/17,7.10,7.39,7.10,7.29,3437860,25169050.00
2014/01/20,7.27,7.31,7.15,7.22,1844779,13376931.00
2014/01/21,7.21,7.41,7.10,7.40,2786250,20361242.00
2014/01/22,7.35,7.51,7.33,7.41,2905035,21608286.00
2014/01/23,7.41,8.12,7.40,8.06,10399611,82510248.00
2014/01/24,7.92,8.00,7.78,7.91,6007533,47585896.00
2014/01/27,7.86,7.99,7.81,7.86,4139808,32874142.00
2014/01/28,7.86,7.93,7.52,7.65,3685431,28440218.00
2014/01/29,7.75,8.15,7.66,8.09,5830905,46438844.00
2014/01/30,8.09,8.31,8.01,8.11,3588065,29352934.00
2014/02/07,7.96,8.69,7.89,8.60,5241729,44274596.00
2014/02/10,8.57,8.74,8.46,8.61,4286012,36984784.00
2014/02/11,8.56,8.84,8.48,8.61,4148863,36058840.00
2014/02/12,8.64,9.02,8.52,9.00,6780666,60357860.00
2014/02/13,8.92,9.11,8.59,8.73,4820981,43225760.00
2014/02/14,8.71,8.84,8.59,8.65,4421156,38732960.00
2014/02/17,8.69,8.98,8.65,8.91,4806671,42373580.00
2014/02/18,8.92,8.92,8.68,8.86,3871513,34076968.00
2014/02/19,8.82,8.82,8.48,8.56,4532448,39292716.00
2014/02/20,8.56,8.82,8.26,8.59,5258632,45120808.00
2014/02/21,8.62,9.26,8.54,8.91,9104153,81726624.00
2014/02/24,8.78,9.40,8.66,9.36,8640441,79147200.00
2014/02/25,9.26,9.61,8.66,8.70,7382884,67897568.00
2014/02/26,8.70,9.15,8.66,9.00,4257676,37944276.00
2014/02/27,9.09,9.09,8.66,8.67,3479974,30844348.00
2014/02/28,8.62,8.66,8.26,8.45,3436253,29039830.00
2014/03/03,8.49,8.77,8.40,8.76,3028482,26177740.00
2014/03/04,8.67,9.06,8.61,8.98,3535110,31613178.00
2014/03/05,8.98,9.05,8.84,8.92,1772977,15919936.00
2014/03/06,8.91,8.94,8.67,8.77,1557816,13786573.00
2014/03/07,8.78,8.84,8.56,8.65,2583838,22524016.00
2014/03/10,8.55,8.57,8.15,8.24,3258187,27331288.00
2014/03/11,8.20,8.37,7.97,8.10,2029059,16691235.00
2014/03/12,8.04,8.25,7.89,8.23,1769504,14424341.00
2014/03/13,8.20,8.29,8.15,8.23,1313165,10827874.00
2014/03/14,8.20,8.37,8.10,8.32,1257947,10463535.00
2014/03/17,8.32,8.41,8.25,8.38,1510841,12658907.00
2014/03/18,8.40,8.90,8.38,8.81,4339011,37989348.00
2014/03/19,8.81,9.03,8.63,8.86,3206261,28609198.00
2014/03/20,8.79,8.86,8.51,8.54,1981810,17336036.00
2014/03/21,8.48,8.84,8.36,8.76,2136861,18511578.00
2014/03/24,8.79,9.20,8.78,8.95,3187469,28888228.00
2014/03/25,8.96,9.03,8.79,9.01,2063012,18394572.00
2014/03/26,9.02,9.15,8.86,8.98,1805741,16326263.00
2014/03/27,9.01,9.06,8.61,8.72,1906067,16834868.00
2014/03/28,8.66,8.84,8.50,8.56,1459948,12627027.00
2014/03/31,8.55,8.55,8.30,8.37,1200245,10145116.00
2014/04/01,8.37,8.56,8.28,8.56,1188388,10101546.00
2014/04/02,8.56,8.61,8.49,8.51,812227,6975601.00
2014/04/03,8.51,8.54,8.34,8.39,1758594,14874229.00
2014/04/04,8.38,8.50,8.36,8.45,1467272,12418785.00
2014/04/08,8.44,8.49,8.36,8.46,2680421,22681388.00
2014/04/09,8.46,8.78,8.41,8.78,2166815,18796344.00
2014/04/10,8.78,8.84,8.69,8.77,1899968,16707360.00
2014/04/11,8.72,9.18,8.63,9.05,4129175,37216600.00
2014/04/14,9.05,9.43,8.99,9.35,4689751,43804000.00
2014/04/15,9.31,9.34,9.13,9.20,2770283,25674814.00
2014/04/16,9.16,9.20,8.95,9.02,2448491,22239476.00
2014/04/17,9.02,9.11,8.96,8.98,1319329,11951906.00
2014/04/18,9.04,9.31,8.97,9.11,1795587,16475276.00
2014/04/21,9.06,9.06,8.48,8.52,4914498,43124676.00
2014/04/22,8.50,8.60,8.37,8.46,1995918,16996766.00
2014/04/23,8.51,8.58,8.36,8.46,1148580,9762372.00
2014/04/24,8.42,8.46,8.12,8.13,2554705,21180586.00
2014/04/25,8.10,8.25,8.08,8.09,1062802,8708084.00
2014/04/28,8.10,8.27,7.97,8.19,1887276,15453631.00
2014/04/29,8.19,8.78,8.16,8.76,3533319,30265680.00
2014/04/30,8.75,9.00,8.66,8.80,2678356,23802230.00
2014/05/05,8.65,8.88,8.48,8.88,1370291,11979751.00
2014/05/06,8.83,8.97,8.76,8.83,1339381,11888798.00
2014/05/07,8.91,8.91,8.67,8.67,1109761,9783969.00
2014/05/08,8.67,8.86,8.53,8.63,1045607,9158908.00
2014/05/09,8.63,8.78,8.40,8.45,1198589,10248564.00
2014/05/12,8.46,8.70,8.43,8.65,1095345,9454459.00
2014/05/13,8.76,8.76,8.59,8.64,659952,5733354.00
2014/05/14,8.61,8.83,8.61,8.66,645121,5622404.00
2014/05/15,8.68,8.68,8.48,8.51,986065,8484100.00
2014/05/16,8.54,8.66,8.34,8.49,535456,4545172.00
2014/05/19,8.35,8.54,8.34,8.51,622860,5289027.50
2014/05/20,8.53,8.61,8.43,8.56,603190,5160227.50
2014/05/21,8.56,8.64,8.46,8.62,718274,6172916.50
2014/05/22,8.63,8.68,8.56,8.64,901687,7812673.50
2014/05/23,8.64,8.94,8.59,8.86,2185133,19341630.00
2014/05/26,8.79,8.95,8.77,8.88,1547591,13742939.00
2014/05/27,8.89,8.94,8.77,8.80,1607279,14261149.00
2014/05/28,8.78,8.92,8.68,8.92,2195732,19448560.00
2014/05/29,8.87,8.95,8.71,8.71,1367321,12115684.00
2014/05/30,8.72,8.90,8.55,8.57,3003329,26164132.00
2014/06/03,8.55,8.74,8.49,8.65,997008,8649070.00
2014/06/04,8.61,8.73,8.56,8.61,805782,6990316.50
2014/06/05,8.61,8.90,8.56,8.89,1989402,17561110.00
2014/06/06,8.88,9.15,8.82,9.04,4052612,36686404.00
2014/06/09,9.03,9.56,8.93,9.40,8330935,77998232.00
2014/06/10,9.32,10.34,9.31,10.34,20358844,206452448.00
2014/06/11,10.09,10.24,9.94,9.95,12661992,127747776.00
2014/06/12,9.83,10.03,9.80,9.92,6980233,69559272.00
2014/06/13,9.98,10.25,9.83,9.86,8378568,83865680.00
2014/06/16,9.93,10.02,9.70,9.81,5440632,53314084.00
2014/06/17,9.73,10.08,9.69,10.04,7765728,77417544.00
2014/06/18,10.04,10.04,9.67,9.68,4391552,43183592.00
2014/06/19,9.58,9.72,9.30,9.47,3897363,37150604.00
2014/06/20,9.48,9.64,9.30,9.58,2080549,19777616.00
2014/06/23,9.59,9.72,9.49,9.66,2241105,21579738.00
2014/06/24,9.60,9.61,9.44,9.60,2040889,19482310.00
2014/06/25,9.58,9.93,9.54,9.74,3678384,36139120.00
2014/06/26,9.68,9.86,9.68,9.82,2498303,24498020.00
2014/06/27,9.78,9.93,9.61,9.86,2807056,27550776.00
2014/06/30,9.85,9.97,9.76,9.88,2433296,24092246.00
2014/07/01,9.94,9.94,9.73,9.77,1920198,18849856.00
2014/07/02,9.77,9.82,9.65,9.77,2282900,22263810.00
2014/07/03,9.73,9.89,9.64,9.82,2272360,22305752.00
2014/07/04,9.77,9.91,9.75,9.87,1825669,17975852.00
2014/07/07,9.90,10.03,9.68,9.73,1479640,14481710.00
2014/07/08,9.76,9.78,9.57,9.65,2741078,26460418.00
2014/07/09,9.65,9.72,9.56,9.56,1724921,16655879.00
2014/07/10,9.52,9.64,9.50,9.55,1242883,11930239.00
2014/07/11,9.55,9.73,9.55,9.67,1535010,14859410.00
2014/07/14,9.71,9.83,9.63,9.82,1666644,16245966.00
2014/07/15,9.88,9.88,9.63,9.72,1518827,14816215.00
2014/07/16,9.73,10.36,9.64,10.07,5297786,53486056.00
2014/07/17,10.05,10.11,9.80,9.96,1856470,18484506.00
2014/07/18,9.85,10.08,9.82,10.00,1715167,17126110.00
2014/07/21,9.93,10.33,9.89,10.31,3323473,33948524.00
2014/07/22,10.26,10.66,10.20,10.64,5766013,60786588.00
2014/07/23,10.63,10.63,10.21,10.34,2930698,30476924.00
2014/07/24,10.38,10.38,9.85,9.86,3555416,35584032.00
2014/07/25,9.87,10.04,9.80,10.03,1688252,16815170.00
2014/07/28,10.03,10.07,9.90,9.99,2302716,22987572.00
2014/07/29,9.99,10.07,9.92,10.03,2126894,21278628.00
2014/07/30,10.06,10.24,10.01,10.19,2740492,27868592.00
2014/07/31,10.20,10.34,10.16,10.31,2121586,21876126.00
2014/08/01,10.33,10.42,10.12,10.15,1911578,19626742.00
2014/08/04,10.15,10.22,10.06,10.19,1355119,13804046.00
2014/08/05,10.18,10.31,10.04,10.29,2171752,22094050.00
2014/08/06,10.28,10.30,10.13,10.20,1735374,17722856.00
2014/08/07,10.16,10.31,10.13,10.16,1471578,15050215.00
2014/08/08,10.16,10.30,10.14,10.25,1875641,19253728.00
2014/08/11,10.20,10.55,10.16,10.50,2969542,31063400.00
2014/08/12,10.53,10.53,10.35,10.47,2370376,24783540.00
2014/08/13,10.42,10.48,10.05,10.35,1993267,20644614.00
2014/08/14,10.29,10.73,10.28,10.60,4384476,46322972.00
2014/08/15,10.60,10.85,10.58,10.63,2653459,28428576.00
2014/08/18,10.58,10.91,10.58,10.90,2787448,30068372.00
2014/08/19,10.90,11.13,10.76,10.93,3064373,33650480.00
2014/08/20,10.93,11.48,10.84,11.27,4844501,54656568.00
2014/08/21,11.29,11.35,10.98,11.31,3286133,36741080.00
2014/08/22,11.39,12.07,11.28,12.06,5589701,65619228.00
2014/08/25,11.93,11.97,11.48,11.62,4270861,50277548.00
2014/08/26,11.58,11.78,11.15,11.20,3934743,44884152.00
2014/08/27,11.19,11.38,10.91,11.02,3219613,35906876.00
2014/08/28,11.17,11.43,11.09,11.28,3049324,34516556.00
2014/08/29,11.21,11.28,10.91,11.27,1849957,20582608.00
2014/09/01,11.22,11.47,11.00,11.38,2946823,33196316.00
2014/09/02,11.34,11.80,11.28,11.61,3932212,45873124.00
2014/09/03,11.72,11.78,11.43,11.73,3470496,40404612.00
2014/09/04,11.65,12.11,11.58,11.88,5101125,60788368.00
2014/09/05,11.94,12.13,11.82,12.11,3126506,37572952.00
2014/09/09,12.11,12.40,11.91,12.31,4241242,51930824.00
2014/09/10,12.30,12.78,12.15,12.61,3688037,45934972.00
2014/09/11,12.68,12.93,12.28,12.41,4752200,59694264.00
2014/09/12,12.39,12.57,12.29,12.54,2275678,28365842.00
2014/09/15,12.53,13.07,12.51,12.93,3556983,45713360.00
2014/09/16,12.93,13.03,12.13,12.23,4119161,51744920.00
2014/09/17,12.24,12.45,11.95,12.35,3770743,45778340.00
2014/09/18,12.36,12.48,12.16,12.30,2279686,28055070.00
2014/09/19,12.29,12.93,12.23,12.68,3551594,44589536.00
2014/09/22,12.61,12.64,12.08,12.31,3543221,43811404.00
2014/09/23,12.23,12.68,12.23,12.61,2413424,30155630.00
2014/09/24,12.67,12.95,12.50,12.94,3206064,41209888.00
2014/09/25,12.90,13.21,12.68,12.78,3304171,42901540.00
2014/09/26,12.65,12.90,12.61,12.81,1752672,22454258.00
2014/09/29,12.74,13.68,12.74,13.47,8238292,110443432.00
2014/09/30,13.43,13.55,13.19,13.55,4401722,58918248.00
2014/10/08,13.48,13.75,13.33,13.67,2961334,40110132.00
2014/10/09,13.60,14.08,13.58,13.95,4128712,57359628.00
2014/10/10,13.98,14.06,13.68,13.87,2565392,35524808.00
2014/10/13,13.78,13.78,13.21,13.60,4488149,60269764.00
2014/10/14,13.52,13.74,13.28,13.47,2939851,40034944.00
2014/10/15,13.39,13.57,13.30,13.47,2329696,31273210.00
2014/10/16,13.47,13.47,12.98,12.99,2955256,39159680.00
2014/10/17,12.98,12.99,11.86,12.54,7606078,94631688.00
2014/10/20,12.40,13.25,12.28,13.16,4166952,53332708.00
2014/10/21,13.11,13.15,12.78,12.83,1865112,24219904.00
2014/10/22,12.82,13.08,12.48,12.58,2024769,26190824.00
2014/10/23,12.48,12.66,12.19,12.37,1651470,20567778.00
2014/10/24,12.36,12.50,12.28,12.38,953533,11849795.00
2014/10/27,12.38,12.84,12.29,12.65,1055375,13405300.00
2014/10/28,12.69,12.98,12.58,12.92,4867916,62244032.00
2014/10/29,12.93,13.43,12.83,13.21,4385812,57801668.00
2014/10/30,13.13,13.43,13.07,13.13,2811403,37248496.00
2014/10/31,13.13,13.27,12.97,13.12,2348947,30860844.00
2014/11/03,13.13,13.43,13.04,13.40,3643946,48318192.00
2014/11/04,13.43,13.46,13.19,13.21,2313939,30819658.00
2014/11/05,13.32,13.40,13.12,13.31,1898042,25187588.00
2014/11/06,13.36,13.68,13.20,13.38,5005809,67125056.00
2014/11/07,13.39,13.39,12.80,12.97,4117099,54481784.00
2014/11/10,13.01,13.36,11.69,13.35,3557032,46795484.00
2014/11/11,13.28,13.35,12.73,12.95,3307362,43044336.00
2014/11/12,12.95,13.07,12.78,13.02,1262440,16407584.00
2014/11/13,13.08,13.08,12.53,12.56,1859613,23691360.00
2014/11/14,12.48,12.64,12.41,12.55,1466290,18355888.00
2014/11/17,12.66,12.98,11.33,12.75,2877041,36960968.00
2014/11/18,12.83,12.91,12.48,12.82,1664275,21111702.00
2014/11/19,12.86,12.86,12.62,12.64,1304535,16656809.00
2014/11/20,12.67,12.77,12.53,12.58,1581224,19986348.00
2014/11/21,12.67,13.00,12.56,12.96,2112816,27177526.00
2014/11/24,13.08,13.16,12.88,12.94,2072907,26928106.00
2014/11/25,12.94,13.55,12.81,13.51,4770942,63166988.00
2014/11/26,13.68,13.78,13.16,13.30,5065831,68147840.00
2014/11/27,13.32,13.32,12.98,13.10,4856589,63815068.00
2014/11/28,13.25,13.25,13.02,13.12,2827192,37163224.00
2014/12/01,12.99,13.11,12.56,12.73,4745621,60832400.00
2014/12/02,12.68,12.93,12.60,12.74,2587444,33064084.00
2014/12/03,12.77,12.96,12.61,12.91,3000560,38329976.00
2014/12/04,13.02,13.34,12.89,13.23,4938778,65243648.00
2014/12/05,13.16,13.46,12.63,13.10,5942116,77999472.00
2014/12/08,12.83,13.97,12.66,13.16,7696672,101979024.00
2014/12/09,13.01,13.12,11.99,11.99,8381713,105801000.00
2014/12/10,11.99,12.41,11.84,12.36,3329536,40655736.00
2014/12/11,12.38,12.61,12.19,12.53,2314075,28792112.00
2014/12/12,12.52,13.12,12.49,13.10,3633128,46656476.00
2014/12/15,13.04,13.08,12.78,12.98,3428522,44374500.00
2014/12/16,12.97,13.47,12.87,13.20,5504086,73253120.00
2014/12/17,13.26,13.27,12.94,13.11,3297560,43249784.00
2014/12/18,13.09,13.09,12.73,12.77,2382235,30693766.00
2014/12/19,12.94,13.04,12.48,12.74,2196236,27894114.00
2014/12/22,12.73,12.73,11.46,11.75,3983980,47400100.00
2014/12/23,11.68,11.84,10.86,10.96,2776696,31589032.00
2014/12/24,10.96,11.33,10.88,11.26,2028493,22454602.00
2014/12/25,11.28,11.44,11.19,11.35,1357892,15381277.00
2014/12/26,11.38,11.53,11.25,11.43,2109219,24088512.00
2014/12/29,11.30,11.57,10.99,11.18,2915415,32892440.00
2014/12/30,11.18,11.29,11.05,11.22,2680784,30020442.00
2014/12/31,11.22,11.65,11.22,11.62,3274208,37761556.00
2015/01/05,11.62,12.48,11.62,12.13,2961822,35954400.00
2015/01/06,12.16,12.27,11.99,12.25,1349030,16404055.00
2015/01/07,12.26,12.55,12.17,12.41,2057694,25402704.00
2015/01/08,12.37,12.43,12.23,12.34,1223688,15086408.00
2015/01/09,12.24,12.63,12.24,12.34,1964051,24529590.00
2015/01/12,12.23,12.37,11.69,11.98,2158946,25920260.00
2015/01/13,11.96,12.26,11.96,12.26,1188692,14515872.00
2015/01/14,12.20,12.61,12.18,12.28,1683708,20934298.00
2015/01/15,12.28,12.68,12.28,12.50,1322281,16586420.00
2015/01/16,12.58,12.78,12.47,12.68,1860926,23568620.00
2015/01/19,12.55,12.77,12.00,12.40,2240999,27892884.00
2015/01/20,12.40,12.73,12.40,12.68,2066888,26024092.00
2015/01/21,12.68,12.96,12.68,12.89,2140641,27560402.00
2015/01/22,12.90,12.97,12.83,12.91,2032448,26245282.00
2015/01/23,12.95,13.11,12.76,13.09,2683236,34772956.00
2015/01/26,13.05,13.41,13.03,13.40,3677963,48851100.00
2015/01/27,13.39,13.40,12.97,13.23,2859518,37737196.00
2015/01/28,13.23,13.24,12.93,12.95,2475835,32321266.00
2015/01/29,12.95,13.23,12.57,13.14,2768190,36188048.00
2015/01/30,13.15,13.33,12.95,13.05,2059696,26990678.00
2015/02/02,12.78,12.98,12.67,12.85,1789821,22999992.00
2015/02/03,12.98,12.98,12.68,12.88,1528100,19617422.00
2015/02/04,12.77,12.90,12.65,12.68,2319024,29586892.00
2015/02/05,12.74,12.78,12.58,12.65,1589310,20155862.00
2015/02/06,12.58,12.75,12.47,12.58,1557320,19708256.00
2015/02/09,12.56,12.66,12.49,12.55,780332,9816521.00
2015/02/10,12.66,12.66,12.48,12.57,903394,11348542.00
2015/02/11,12.62,12.68,12.57,12.63,1122907,14205823.00
2015/02/12,12.72,12.88,12.61,12.77,1271709,16296825.00
2015/02/13,12.84,12.97,12.68,12.91,1679739,21676158.00
2015/02/16,12.96,13.09,12.80,13.09,2003079,26067354.00
2015/02/17,13.08,13.21,12.98,13.14,1306908,17124128.00
2015/02/25,13.14,13.17,11.98,12.95,1772895,22979386.00
2015/02/26,12.88,13.05,12.84,12.94,1758442,22731958.00
2015/02/27,12.94,13.05,12.88,12.97,2098232,27182104.00
2015/03/02,12.97,13.23,12.86,13.18,3799167,49655012.00
2015/03/03,13.17,13.37,12.99,13.28,4636384,61262252.00
2015/03/04,13.29,13.94,13.14,13.74,6432135,87833944.00
2015/03/05,13.64,13.92,13.54,13.87,3765367,51708628.00
2015/03/06,13.88,13.97,13.50,13.71,3471674,47820256.00
2015/03/09,13.77,13.80,13.42,13.75,2623247,35802356.00
2015/03/10,13.76,14.34,13.59,14.13,5704898,80098720.00
2015/03/11,14.13,14.56,13.93,14.48,4582963,65514344.00
2015/03/12,14.38,14.73,13.98,14.04,4203646,60282032.00
2015/03/13,14.06,14.27,13.93,14.06,2822256,39748328.00
2015/03/16,14.13,14.58,14.07,14.37,3732220,53631840.00
2015/03/17,14.51,14.92,14.40,14.82,5208477,76522592.00
2015/03/18,14.68,15.07,14.63,14.82,4216785,62289132.00
2015/03/19,14.95,15.36,14.64,15.36,5529422,82958448.00
2015/03/20,15.36,15.47,15.23,15.42,3655561,56264424.00
2015/03/23,15.38,16.08,15.38,15.71,5073164,79946552.00
2015/03/24,15.73,15.78,14.83,15.42,5147586,78901552.00
2015/03/25,15.34,15.58,15.13,15.39,3655561,56105732.00
2015/03/26,15.06,15.56,15.06,15.48,3937349,60195244.00
2015/03/27,15.43,17.03,15.34,16.93,9093328,149315472.00
2015/03/30,16.95,16.95,16.39,16.46,5399953,89556728.00
2015/03/31,16.46,16.48,15.99,16.18,4223800,68483040.00
2015/04/01,16.24,16.68,16.10,16.63,4730175,77811344.00
2015/04/02,16.64,17.06,16.50,16.84,4750901,79600096.00
2015/04/03,16.64,17.19,16.59,17.03,5859913,99541064.00
2015/04/07,16.93,17.39,16.77,16.94,6073456,103359136.00
2015/04/08,16.98,18.27,16.78,17.99,9931092,172546864.00
2015/04/09,17.78,17.93,16.48,17.28,5904584,102333712.00
2015/04/10,17.20,17.60,16.88,17.42,4321358,74990592.00
2015/04/13,17.51,17.91,17.21,17.73,4547344,80006064.00
2015/04/14,17.73,17.76,17.20,17.36,3994469,69760272.00
2015/04/15,17.20,17.30,16.48,16.69,6066206,102148112.00
2015/04/16,16.38,17.18,16.02,16.81,4090652,68818360.00
2015/04/17,16.93,17.07,16.58,16.73,4618256,77649072.00
2015/04/20,16.74,16.83,15.79,15.92,6116762,99302440.00
2015/04/21,15.86,16.40,15.79,16.37,3589979,58267920.00
2015/04/22,16.42,17.12,16.38,16.88,5687582,95761552.00
2015/04/23,16.93,17.66,16.93,17.18,6897955,119676080.00
2015/04/24,17.00,17.18,16.49,17.00,5259491,88653600.00
2015/04/27,17.00,17.27,16.73,16.81,5829055,99101368.00
2015/04/28,16.84,16.93,15.91,16.21,5349028,87567144.00
2015/04/29,16.22,16.75,16.08,16.66,4162242,68980960.00
2015/04/30,16.71,17.23,16.64,16.90,5146386,87101760.00
2015/05/04,17.03,17.31,16.88,17.24,4988383,85641968.00
2015/05/05,17.29,17.32,16.63,16.82,5172872,87561480.00
2015/05/06,16.82,16.96,16.23,16.51,4010313,67222984.00
2015/05/07,16.41,16.41,15.68,15.73,3209860,51359784.00
2015/05/08,15.79,16.53,15.79,16.48,3198877,51711608.00
2015/05/11,16.48,17.13,16.48,17.03,4655951,78800064.00
2015/05/12,17.11,18.74,17.01,18.74,12650464,230079280.00
2015/05/13,18.96,19.97,18.73,19.53,15802913,307922496.00
2015/05/14,19.58,20.58,18.83,20.27,11131500,217239616.00
2015/05/15,19.88,20.13,19.20,19.44,6666024,130768736.00
2015/05/18,19.11,20.46,19.08,19.88,6081455,120112848.00
2015/05/19,19.88,20.53,19.58,20.28,5757423,116364632.00
2015/05/20,20.43,22.24,20.38,20.68,6651050,142396880.00
2015/05/21,20.69,21.94,20.44,21.73,6022251,127716504.00
2015/05/22,22.28,22.53,20.78,21.58,7623050,164708800.00
2015/05/25,21.48,23.32,21.08,22.96,10820100,239308368.00
2015/05/26,22.96,24.95,22.87,24.41,9967529,238324928.00
2015/05/27,24.46,24.66,23.32,24.07,7419115,178522592.00
2015/05/28,23.75,25.83,22.08,22.53,9851859,237599760.00
2015/05/29,22.38,23.56,20.58,22.69,7501354,170436528.00
2015/06/01,23.18,24.68,22.78,24.15,6797480,163517040.00
2015/06/02,24.98,26.57,24.43,26.57,8916227,232007488.00
2015/06/03,27.36,28.18,25.69,27.39,10726549,292652832.00
2015/06/04,27.37,28.13,24.65,27.28,8396219,220071152.00
2015/06/05,27.20,29.48,27.20,29.25,11247955,319303616.00
2015/06/08,28.98,29.27,26.76,27.55,10292724,285652480.00
2015/06/09,27.49,28.86,25.96,28.58,8076628,222758576.00
2015/06/10,28.23,29.76,27.00,28.98,9802832,281593632.00
2015/06/11,28.80,31.88,28.35,31.42,11752951,355380864.00
2015/06/12,31.05,34.12,31.05,33.20,10444344,340774720.00
2015/06/15,32.77,35.70,32.75,35.20,11092448,386128608.00
2015/06/16,35.24,38.00,31.68,31.84,14747592,501329728.00
2015/06/17,31.65,32.69,28.76,32.29,13419291,407207616.00
2015/06/18,31.31,34.16,31.20,32.07,7159972,232852848.00
2015/06/19,31.30,32.18,28.90,28.97,5632933,172868144.00
2015/06/23,28.66,29.13,26.07,27.57,7571884,204902496.00
2015/06/24,27.80,28.58,27.15,28.02,6484419,180564000.00
2015/06/25,28.10,28.60,25.22,25.22,6066548,164349728.00
2015/06/26,23.87,23.87,22.70,22.70,7690688,176313040.00
2015/06/29,23.80,23.80,20.43,20.43,8514072,179528912.00
2015/06/30,19.90,21.48,18.39,21.03,8903566,175020528.00
2015/07/01,21.00,22.00,18.94,19.19,8604513,180927168.00
2015/07/02,18.59,18.98,17.27,17.27,7246514,128666592.00
2015/07/03,16.30,17.00,15.54,15.54,7772690,122983864.00
2015/07/06,17.00,17.00,13.99,13.99,9568040,143380784.00
2015/07/07,12.60,12.89,12.59,12.59,8332504,105033048.00
2015/07/08,11.33,11.79,11.33,11.33,19990067,227279968.00
2015/07/09,11.34,12.46,11.34,12.46,9271341,113081104.00
2015/07/10,13.66,13.71,13.20,13.71,2176800,29721874.00
2015/07/13,15.08,15.08,15.08,15.08,1178601,17773304.00
2015/07/14,16.59,16.59,16.59,16.59,1742281,28904442.00
2015/07/15,17.48,17.48,15.15,15.21,18150665,295194848.00
2015/07/16,14.66,16.73,14.15,16.54,12850184,207620944.00
2015/07/17,16.49,18.08,16.43,17.87,11045873,194277632.00
2015/07/20,18.08,19.02,17.44,18.85,10157733,186116560.00
2015/07/21,18.40,19.60,17.99,18.80,7259395,136861376.00
2015/07/22,18.56,19.24,18.00,19.15,6861437,128302688.00
2015/07/23,19.15,19.98,18.81,19.78,6892745,133735992.00
2015/07/24,19.75,20.30,18.81,19.19,8323147,164498912.00
2015/07/27,18.54,19.69,17.27,17.27,8733378,162488960.00
2015/07/28,15.75,17.77,15.55,17.06,8178716,136785200.00
2015/07/29,17.64,18.20,16.31,18.18,6755642,115594208.00
2015/07/30,17.99,18.14,17.13,17.13,4950475,88148864.00
2015/07/31,16.50,17.60,16.50,16.88,3517381,59702488.00
2015/08/03,16.71,16.71,15.19,15.19,5606173,88204528.00
2015/08/04,15.31,16.71,15.03,16.71,6630618,105484000.00
2015/08/05,16.80,17.62,16.71,17.15,7166860,123125600.00
2015/08/06,16.80,18.87,16.60,18.87,8674693,157313440.00
2015/08/07,19.54,19.80,18.81,19.25,6867015,132639640.00
2015/08/10,19.98,20.28,19.13,20.04,6937404,137545568.00
2015/08/11,19.83,20.88,19.60,20.29,6829324,137413920.00
2015/08/12,19.85,21.54,19.80,21.06,9058024,189418640.00
2015/08/13,20.60,21.14,19.75,21.00,5320069,109531272.00
2015/08/14,23.10,23.10,23.10,23.10,1479788,34183104.00
2015/08/17,25.00,25.41,24.03,25.41,10901132,271423680.00
2015/08/18,24.89,25.30,22.87,22.87,10250897,242337856.00
2015/08/19,21.00,23.98,20.58,23.20,7631277,167229712.00
2015/08/20,22.78,24.21,22.05,23.00,6157054,142566480.00
2015/08/21,22.51,23.20,21.80,21.98,4472466,100208520.00
2015/08/24,20.03,20.70,19.78,19.78,2537955,50502700.00
2015/08/25,17.80,18.04,17.80,17.80,2168200,38677740.00
2015/08/26,16.58,18.69,16.02,16.02,4265114,72367568.00
2015/08/27,17.62,17.62,17.62,17.62,1702336,29995160.00
2015/08/28,19.38,19.38,19.38,19.38,1630867,31606202.00
2015/08/31,20.77,21.32,19.88,21.32,11777107,243944480.00
2015/09/01,20.69,20.70,19.19,19.19,6337451,123914808.00
2015/09/02,17.27,19.78,17.27,17.50,4667093,84978768.00
2015/09/07,17.55,18.78,15.75,16.29,11802657,197483440.00
2015/09/08,16.02,17.48,15.58,17.10,5840661,96262536.00
2015/09/09,17.50,18.79,17.10,18.30,8957968,161923280.00
2015/09/10,17.80,18.70,17.56,18.02,6220771,113208496.00
2015/09/11,17.63,18.58,17.62,18.38,5213511,95292624.00
2015/09/14,18.39,19.16,17.00,17.80,8815297,162208544.00
2015/09/15,17.06,17.79,16.77,17.78,3917252,67711816.00
2015/09/16,17.78,19.56,17.51,19.56,8255031,158923584.00
2015/09/17,20.52,21.30,20.01,20.01,9917114,205903072.00
2015/09/18,20.00,20.88,19.72,20.68,6435252,131110368.00
2015/09/21,20.19,22.39,19.89,22.15,7024675,148062688.00
2015/09/22,22.40,22.40,21.17,21.41,5911671,127757808.00
2015/09/23,20.99,21.49,20.40,20.65,4501899,93661792.00
2015/09/24,20.72,21.29,20.45,20.74,3497563,72867976.00
2015/09/25,20.55,21.36,19.69,20.70,4922663,101582176.00
2015/09/28,20.71,21.15,20.00,21.01,3126458,64788188.00
2015/09/29,20.70,21.07,19.86,20.25,3319688,67816936.00
2015/09/30,20.35,20.89,19.73,19.94,1896527,38098636.00
2015/10/08,20.58,21.29,20.17,21.10,3780214,78613760.00
2015/10/09,21.15,21.65,20.68,21.60,4973384,105680288.00
2015/10/12,21.60,22.70,21.60,22.05,5397436,119585352.00
2015/10/13,21.68,22.90,21.50,22.55,5405862,121618032.00
2015/10/14,22.40,22.70,21.30,21.42,5126336,111922352.00
2015/10/15,21.32,22.49,21.32,22.40,3984273,87162304.00
2015/10/16,22.61,24.64,22.61,24.36,9573652,229295776.00
2015/10/19,24.30,24.30,22.80,23.33,6730035,158822192.00
2015/10/20,22.95,23.93,22.90,23.53,4935459,115002304.00
2015/10/21,23.49,23.49,21.18,21.18,6286038,140109584.00
2015/10/22,20.90,22.15,20.02,21.61,4666312,98395416.00
2015/10/23,21.54,22.57,21.20,22.22,4855872,105881704.00
2015/10/26,22.55,22.70,21.75,22.23,3101263,68471856.00
2015/10/27,22.15,22.23,20.80,22.15,2864535,61666312.00
2015/10/28,22.10,22.70,21.99,22.10,3208129,71681200.00
2015/10/29,21.99,22.48,21.45,22.00,2462392,54276524.00
2015/10/30,21.90,22.79,21.70,22.24,3270802,73339408.00
2015/11/02,21.66,21.69,20.70,20.80,3161464,67190544.00
2015/11/03,20.60,21.37,20.20,20.86,1642139,34012608.00
2015/11/04,21.00,21.82,20.96,21.79,1989018,42739992.00
2015/11/05,21.75,22.46,21.52,21.79,2521755,55336416.00
2015/11/06,21.99,22.90,21.80,22.65,3513481,78872512.00
2015/11/09,22.28,23.11,22.08,22.65,4210944,95054144.00
2015/11/10,22.37,24.89,22.26,24.15,6974364,163144672.00
2015/11/11,23.98,24.13,23.30,23.78,4013210,94942472.00
2015/11/12,24.00,24.95,22.98,24.59,6359099,151999360.00
2015/11/13,24.59,25.46,24.08,25.10,6696251,167197888.00
2015/11/16,24.78,26.30,24.50,26.19,5395318,137772816.00
2015/11/17,26.06,26.54,24.57,24.65,7330596,187703248.00
2015/11/18,24.48,24.99,23.37,23.45,3661787,89009912.00
2015/11/19,23.63,24.29,23.60,24.28,2610488,62462260.00
2015/11/20,24.28,26.30,24.28,25.02,4100299,104107392.00
2015/11/23,25.15,25.79,24.61,24.82,3907963,98901392.00
2015/11/24,25.10,25.38,24.00,24.98,2852106,69752616.00
2015/11/25,24.99,25.85,24.81,25.81,3719895,94471304.00
2015/11/26,25.86,26.25,25.01,25.27,3320223,84466136.00
2015/11/27,25.57,25.57,23.01,23.51,3384042,82488504.00
2015/11/30,23.24,23.80,21.74,22.82,3374822,77199640.00
2015/12/01,22.76,23.75,22.50,23.05,2840671,66152500.00
2015/12/02,23.48,24.80,22.21,24.50,2631198,61568568.00
2015/12/03,24.28,24.85,23.80,24.76,3224226,78897352.00
2015/12/04,24.48,25.53,24.25,25.00,5080875,127198864.00
2015/12/07,25.10,26.04,24.80,25.69,4435525,113299976.00
2015/12/08,25.60,26.39,24.61,26.09,6449871,165498720.00
2015/12/09,26.00,27.50,25.65,26.98,8094220,216018272.00
2015/12/10,26.99,27.00,25.77,25.84,5241311,138310240.00
2015/12/11,25.36,26.66,25.20,26.33,4526947,117942416.00
2015/12/14,26.33,26.33,24.82,25.89,4590607,117181376.00
2015/12/15,25.66,26.39,25.30,25.96,3927899,101665688.00
2015/12/16,26.10,27.14,26.10,26.65,4747491,126769952.00
2015/12/17,26.89,28.55,26.69,27.83,6272796,172843600.00
2015/12/18,27.60,28.50,27.25,28.30,4706505,131321320.00
2015/12/21,28.24,29.64,27.99,29.18,4717711,136648704.00
2015/12/22,29.05,29.90,28.33,29.49,4249465,122691184.00
2015/12/23,29.48,29.48,27.50,28.00,3814480,109955616.00
2015/12/24,28.09,30.80,28.03,30.80,7444780,218737520.00
2015/12/25,31.00,31.10,29.80,30.15,4976878,151586944.00
2015/12/28,30.42,30.77,28.63,28.80,5478009,161254704.00
2015/12/29,28.83,29.35,27.82,28.98,3437742,98336200.00
2015/12/30,29.29,29.30,28.22,28.60,3355964,96542992.00
2015/12/31,28.50,28.79,26.55,27.42,4717361,130484536.00
2016/01/04,27.53,27.78,25.00,25.09,3519638,93613096.00
2016/01/05,22.66,26.48,22.66,25.80,6046737,151968864.00
2016/01/06,25.99,26.20,25.50,26.01,3384732,87691832.00
2016/01/07,25.00,25.46,23.41,23.41,1053500,25369866.00
2016/01/08,23.50,24.50,21.09,23.00,4824667,111541072.00
2016/01/11,22.00,23.19,20.70,20.71,3824422,82746344.00
2016/01/12,19.60,21.00,18.90,19.70,3846634,76923800.00
2016/01/13,19.98,20.27,18.18,18.20,3660254,71072280.00
2016/01/14,17.30,19.17,16.98,18.88,2797708,50747436.00
2016/01/15,18.51,19.28,17.90,18.25,3130987,58311288.00
2016/01/18,17.80,19.50,17.77,18.82,3025426,56399736.00
2016/01/19,18.61,19.88,18.61,19.82,3186701,61452636.00
2016/01/20,20.00,20.68,19.70,19.91,3967181,80043136.00
2016/01/21,19.50,20.05,18.50,18.59,3501102,68159896.00
2016/01/22,18.75,19.20,18.01,19.14,2407926,45219400.00
2016/01/25,19.23,19.69,18.90,19.36,2354634,45412224.00
2016/01/26,19.00,19.20,17.42,17.45,2808892,51304932.00
2016/01/27,17.99,17.99,15.72,16.89,3710842,61307320.00
2016/01/28,16.88,17.66,16.00,16.96,4545451,77011096.00
2016/01/29,16.98,18.66,16.98,18.04,4525665,82071752.00
2016/02/01,18.00,18.20,17.40,17.51,2435579,43335668.00
2016/02/02,17.59,18.40,17.26,18.05,3673760,66233852.00
2016/02/03,17.83,18.06,17.55,17.96,2575193,45819124.00
2016/02/04,18.06,18.65,17.92,18.51,2650245,48828460.00
2016/02/05,18.51,19.35,18.51,18.76,2633369,49888296.00
2016/02/15,17.68,18.74,17.68,18.55,2051319,37338248.00
2016/02/16,18.65,19.59,18.54,19.40,2475966,47553460.00
2016/02/17,19.59,19.92,19.09,19.61,2875249,56129256.00
2016/02/18,19.81,19.98,19.40,19.40,2688161,52837356.00
2016/02/19,19.28,19.66,19.12,19.33,2406342,46579636.00
2016/02/22,19.68,20.02,19.45,19.92,2332307,46096744.00
2016/02/23,20.00,20.08,19.45,19.69,2246587,44274912.00
2016/02/24,19.63,20.17,19.30,19.74,2437451,48232624.00
2016/02/25,19.72,19.74,17.77,17.77,4135073,76016160.00
2016/02/26,18.25,18.25,17.02,17.39,2319083,40627944.00
2016/02/29,17.13,17.28,15.88,16.28,2977564,48354112.00
2016/03/01,16.58,16.93,16.01,16.71,2534687,41816492.00
2016/03/02,16.80,17.75,16.70,17.60,3090346,53243732.00
2016/03/03,17.62,18.08,17.44,17.45,2276169,40312340.00
2016/03/04,17.68,17.68,16.12,17.09,3016085,51128680.00
2016/03/07,17.05,17.63,17.05,17.43,1798940,31321228.00
2016/03/08,17.40,18.80,16.53,18.50,3055778,54312048.00
2016/03/09,18.00,20.12,17.65,19.43,8861825,169907648.00
数据来源:通达信
