002121 科陆电子 日线 前复权
      日期	    开盘	    最高	    最低	    收盘	    成交量	    成交额
2011/01/04,20.11,20.12,19.55,19.83,2789435,83501728.00
2011/01/05,19.83,20.15,19.40,19.79,2698579,80547984.00
2011/01/06,20.11,20.45,19.94,19.96,2261974,69033120.00
2011/01/07,19.79,20.03,19.12,19.19,3862423,113075592.00
2011/01/10,19.21,19.58,17.85,18.03,4249462,118803240.00
2011/01/11,17.85,17.99,17.11,17.35,3173699,83505632.00
2011/01/12,17.58,17.63,17.15,17.45,2004768,52573388.00
2011/01/13,17.53,17.89,17.53,17.77,2191181,58645524.00
2011/01/14,17.77,17.78,17.05,17.09,1786656,46522948.00
2011/01/17,16.75,17.01,15.53,16.43,2962619,72831824.00
2011/01/18,16.32,16.65,15.99,16.55,1510154,37546036.00
2011/01/19,16.53,16.77,16.12,16.70,3120947,77908016.00
2011/01/20,16.69,16.69,15.61,15.61,3508572,84737792.00
2011/01/21,15.37,15.65,15.28,15.44,2610626,61215136.00
2011/01/24,15.37,15.70,15.32,15.52,1803829,42441112.00
2011/01/25,15.47,15.51,15.03,15.35,1712769,39593812.00
2011/01/26,15.42,15.69,15.32,15.57,3493570,81868880.00
2011/01/27,15.39,16.21,15.04,16.15,3306171,78665784.00
2011/01/28,16.05,16.19,15.77,15.99,2007515,48475456.00
2011/01/31,15.99,16.57,15.77,16.52,2588263,63237864.00
2011/02/01,16.39,16.50,16.21,16.43,1417215,35171968.00
2011/02/09,16.26,16.50,15.77,15.82,1832683,44614880.00
2011/02/10,15.74,16.23,15.66,16.23,3163907,76519928.00
2011/02/11,16.26,16.94,16.24,16.91,3527879,89014872.00
2011/02/14,16.99,17.29,16.77,17.16,3502896,90398264.00
2011/02/15,17.19,17.57,16.99,17.15,3291560,86056104.00
2011/02/17,17.50,17.84,17.29,17.49,4965587,131874424.00
2011/02/18,17.47,17.47,17.23,17.24,2621566,68740824.00
2011/02/21,17.12,18.03,17.02,17.99,3579214,95948656.00
2011/02/22,18.05,18.87,17.55,18.19,5822817,159850368.00
2011/02/23,17.99,18.65,17.79,18.65,3763992,103899344.00
2011/02/24,18.62,18.85,18.29,18.71,3736885,105293184.00
2011/02/25,18.85,18.85,18.13,18.41,2228855,62253952.00
2011/02/28,18.29,18.79,18.12,18.25,3987876,110180000.00
2011/03/01,18.25,18.75,18.13,18.70,3765331,104868168.00
2011/03/02,18.53,19.09,18.37,18.98,4766417,135386080.00
2011/03/03,19.26,19.51,18.61,18.98,5591927,162192224.00
2011/03/04,18.99,19.22,18.32,18.95,5350280,151746016.00
2011/03/07,18.92,18.92,18.43,18.71,4615316,129792712.00
2011/03/08,18.65,18.85,18.54,18.76,2641538,74632792.00
2011/03/09,18.97,19.18,18.73,18.76,2539121,72528512.00
2011/03/10,18.75,18.75,18.31,18.31,2360448,65687840.00
2011/03/11,18.19,18.93,18.15,18.52,2789022,78257056.00
2011/03/14,18.44,18.90,18.44,18.81,1878276,53172220.00
2011/03/15,18.77,18.83,17.77,18.38,2374354,65458068.00
2011/03/16,18.22,18.59,18.22,18.57,1643439,45780020.00
2011/03/17,18.36,19.11,18.15,18.51,3106924,88121904.00
2011/03/18,18.61,19.34,18.61,19.28,5550370,160063616.00
2011/03/21,19.28,19.41,18.87,19.10,3704905,106877000.00
2011/03/22,19.17,19.32,18.52,19.11,2961823,84982264.00
2011/03/23,19.10,19.72,18.93,19.67,4601334,135484288.00
2011/03/24,19.85,20.19,19.65,19.74,5234259,157597664.00
2011/03/25,19.67,20.11,19.67,19.85,3059361,91947144.00
2011/03/28,20.05,20.31,18.91,19.01,5062418,148776224.00
2011/03/29,19.03,19.15,18.66,18.85,2250328,64235776.00
2011/03/30,18.79,18.94,18.19,18.26,3121073,86953080.00
2011/03/31,18.27,18.59,18.15,18.27,1115271,30905668.00
2011/04/01,18.27,18.52,18.19,18.51,926311,25726842.00
2011/04/06,18.51,18.93,18.44,18.52,2567667,72471352.00
2011/04/07,18.72,18.83,18.45,18.71,1731022,48815484.00
2011/04/08,18.71,18.85,18.59,18.70,1534129,43400608.00
2011/04/11,18.91,18.92,17.65,17.81,4228512,115832432.00
2011/04/12,17.79,17.97,17.41,17.52,1792893,47978472.00
2011/04/13,17.64,17.76,17.47,17.62,1295792,34487744.00
2011/04/14,17.63,17.81,17.22,17.27,2536179,66898560.00
2011/04/15,17.27,17.42,16.85,17.41,1785587,46373128.00
2011/04/18,17.39,17.39,16.89,17.03,1546367,39884916.00
2011/04/19,16.95,17.01,16.49,16.55,2292263,58092616.00
2011/04/20,16.52,16.72,16.46,16.65,2672334,67044984.00
2011/04/21,16.85,17.42,16.66,17.31,2533410,65164148.00
2011/04/22,17.35,17.40,17.13,17.29,1392881,36382300.00
2011/04/25,17.29,17.29,16.85,16.99,1061689,27362028.00
2011/04/26,16.89,17.04,16.67,16.73,768359,19543268.00
2011/04/27,16.79,17.39,16.76,16.95,1498664,38764800.00
2011/04/28,17.19,17.22,16.46,16.49,925708,23487284.00
2011/05/03,16.57,16.92,16.57,16.72,770590,19432904.00
2011/05/04,16.97,17.25,16.65,16.80,1337389,34348852.00
2011/05/05,16.52,16.85,16.33,16.64,980106,24526536.00
2011/05/06,16.84,17.38,16.66,17.17,1883593,48684060.00
2011/05/09,17.17,17.61,17.17,17.47,1428626,37745348.00
2011/05/10,17.56,17.58,17.13,17.33,986450,25775038.00
2011/05/11,17.42,17.44,17.13,17.20,1154175,30100726.00
2011/05/12,17.19,17.37,17.05,17.06,863486,22524788.00
2011/05/13,16.94,17.17,16.82,17.03,901142,15400743.00
2011/05/16,16.99,17.36,16.79,16.79,1225002,21039938.00
2011/05/17,16.89,16.97,16.30,16.39,2494506,41486616.00
2011/05/18,16.44,17.37,16.09,17.08,3349279,56803876.00
2011/05/19,16.99,17.10,16.61,16.71,1602600,27184412.00
2011/05/20,16.72,16.88,16.35,16.39,1388841,23107658.00
2011/05/23,16.49,16.57,15.86,15.99,2352880,37946832.00
2011/05/24,15.97,15.98,15.39,15.59,1934902,30424084.00
2011/05/25,15.69,15.75,15.09,15.10,1375437,21283564.00
2011/05/26,15.31,15.39,14.99,15.10,1071364,16384959.00
2011/05/27,15.10,15.19,14.69,14.80,1651704,24763686.00
2011/05/30,14.74,14.85,14.39,14.54,1423724,20880262.00
2011/05/31,15.04,15.38,14.54,15.22,4076229,61726388.00
2011/06/01,15.04,15.29,14.90,15.14,2292471,34929812.00
2011/06/02,14.99,15.66,14.73,15.44,4707469,72868168.00
2011/06/03,15.44,15.64,15.28,15.59,2354847,36790996.00
2011/06/07,15.40,15.59,15.36,15.49,1687784,26243880.00
2011/06/08,15.49,15.54,14.96,15.18,1841445,28161908.00
2011/06/09,15.30,15.30,14.79,14.81,1542120,23205566.00
2011/06/10,14.77,14.89,14.41,14.72,2042796,30076048.00
2011/06/13,14.62,14.77,14.41,14.65,792475,11670992.00
2011/06/14,15.04,15.57,15.04,15.26,3347404,51521932.00
2011/06/15,14.99,15.20,14.84,14.89,1936680,29280714.00
2011/06/16,14.85,15.22,14.67,14.84,1739238,26115106.00
2011/06/17,14.61,14.86,14.59,14.59,928564,13746660.00
2011/06/20,14.47,14.79,14.31,14.35,1050163,15284602.00
2011/06/21,14.48,14.54,14.14,14.49,1313826,18977628.00
2011/06/22,14.52,14.69,14.34,14.43,1118829,16309873.00
2011/06/23,14.46,14.74,14.22,14.73,1753302,25730772.00
2011/06/24,14.75,15.27,14.64,15.05,2636826,39924576.00
2011/06/27,15.05,15.41,14.99,15.26,2241370,34487872.00
2011/06/28,15.25,15.58,15.18,15.42,1947667,30201398.00
2011/06/29,15.44,15.49,15.11,15.17,1523600,23461894.00
2011/06/30,15.19,15.59,15.16,15.32,1970447,30544650.00
2011/07/04,15.48,15.75,15.40,15.66,2346510,36882404.00
2011/07/05,15.77,15.79,15.47,15.59,1695122,26669010.00
2011/07/06,15.67,15.76,15.34,15.72,2542166,39921568.00
2011/07/07,15.65,16.76,15.63,16.26,6877556,112870752.00
2011/07/08,16.26,16.47,16.05,16.39,3346572,54613840.00
2011/07/11,16.38,16.54,16.12,16.42,3150596,51944260.00
2011/07/12,16.26,16.41,15.90,15.97,3351750,54570268.00
2011/07/13,15.95,16.49,15.86,16.40,4219896,69249632.00
2011/07/14,16.19,16.20,15.95,16.08,5787988,93678408.00
2011/07/15,16.06,16.18,15.95,16.07,2512620,40573628.00
2011/07/18,16.06,16.23,15.88,15.92,2837386,45744540.00
2011/07/19,15.93,15.97,15.61,15.66,2088877,33152790.00
2011/07/20,15.69,15.86,15.57,15.69,2307863,36499632.00
2011/07/21,15.82,15.84,15.16,15.20,2977398,46134448.00
2011/07/22,15.23,15.34,14.49,14.64,6766613,101216456.00
2011/07/25,14.61,14.61,13.76,13.89,6239565,88697920.00
2011/07/26,13.89,13.98,13.67,13.78,2914112,40445684.00
2011/07/27,13.75,14.41,13.74,14.35,4260494,60747504.00
2011/07/28,14.19,14.19,13.89,14.07,2187049,30935750.00
2011/07/29,14.10,14.19,13.78,13.80,2165738,30418428.00
2011/08/01,13.82,14.20,13.79,14.06,2964627,41992476.00
2011/08/02,14.04,14.04,13.76,13.84,2973547,41441948.00
2011/08/03,13.70,13.97,13.70,13.75,2585320,36060596.00
2011/08/04,13.88,14.02,13.77,14.02,3748700,52464016.00
2011/08/05,13.69,13.74,13.38,13.61,4147865,56733724.00
2011/08/08,13.39,13.47,12.24,12.26,5703375,72941160.00
2011/08/09,11.69,12.24,11.38,12.02,3981146,47410076.00
2011/08/10,12.28,12.38,12.14,12.15,3216977,39754312.00
2011/08/11,11.85,12.43,11.71,12.38,3103976,38053224.00
2011/08/12,13.29,13.63,12.73,12.88,13720053,183856832.00
2011/08/15,12.76,14.11,12.71,13.85,17582852,239047888.00
2011/08/16,13.69,15.25,13.59,14.58,19038525,278245856.00
2011/08/17,14.58,14.68,14.17,14.29,9729714,140636384.00
2011/08/18,13.94,15.48,13.94,14.70,17684479,262768736.00
2011/08/19,14.30,14.57,13.89,14.23,10208553,146158496.00
2011/08/22,14.13,14.29,13.39,13.45,7381258,102870352.00
2011/08/23,13.62,13.97,13.52,13.93,5246291,73038168.00
2011/08/24,14.09,14.24,13.70,13.72,5726508,80898536.00
2011/08/25,13.79,14.29,13.59,14.04,5390852,75867424.00
2011/08/26,13.94,14.34,13.92,14.18,4866254,69482800.00
2011/08/29,13.97,14.84,13.94,14.74,9085670,133162472.00
2011/08/30,14.80,15.29,14.52,14.65,9777945,147554000.00
2011/08/31,14.51,15.02,14.47,14.92,5165219,77030128.00
2011/09/01,15.11,15.13,14.19,14.26,7277199,106976272.00
2011/09/02,14.19,14.19,13.77,13.92,3671296,51571116.00
2011/09/05,13.80,13.80,13.11,13.15,3020444,40636324.00
2011/09/07,13.19,13.59,13.10,13.59,2789323,37537592.00
2011/09/08,13.72,13.79,13.29,13.31,2142041,29154880.00
2011/09/09,13.32,13.46,13.14,13.17,1212914,16205912.00
2011/09/13,12.89,13.04,12.69,13.03,1203503,15630636.00
2011/09/14,13.08,13.62,12.92,13.60,2057689,27515232.00
2011/09/15,13.57,13.74,13.45,13.47,2064465,28269116.00
2011/09/16,13.68,13.79,13.31,13.32,1834279,24966122.00
2011/09/19,13.24,13.24,12.59,12.64,2806125,36197640.00
2011/09/20,12.76,12.81,12.47,12.55,1776469,22635550.00
2011/09/21,12.59,12.98,12.51,12.95,3290967,42331544.00
2011/09/22,12.84,12.85,12.33,12.34,3731666,47251964.00
2011/09/23,12.07,12.17,11.73,11.85,4938810,59484892.00
2011/09/26,11.83,11.96,11.55,11.62,2090782,24788750.00
2011/09/27,11.74,11.87,11.62,11.79,1824201,21617400.00
2011/09/28,11.89,12.07,11.40,11.49,2357032,28078056.00
2011/09/29,11.51,11.67,11.39,11.46,2752087,32038094.00
2011/09/30,11.53,11.53,10.88,11.08,2974757,33380160.00
2011/10/10,11.08,11.24,11.00,11.01,1033830,11590311.00
2011/10/11,11.40,11.58,10.89,11.01,2054082,23352406.00
2011/10/12,10.97,11.52,10.87,11.46,2732489,31235562.00
2011/10/13,11.51,11.84,11.44,11.69,2881419,33983064.00
2011/10/14,11.65,11.95,11.55,11.77,2410260,28568404.00
2011/10/17,11.76,11.81,11.46,11.56,2900883,33954960.00
2011/10/18,11.40,11.48,10.98,10.99,2709080,30697638.00
2011/10/19,11.07,11.15,10.84,10.99,1458014,16193625.00
2011/10/20,10.88,10.95,10.41,10.49,2245055,24132694.00
2011/10/21,10.49,10.61,10.24,10.36,1019534,10771615.00
2011/10/24,10.39,10.58,10.11,10.51,1606213,16820408.00
2011/10/25,10.58,11.09,10.52,11.02,2938122,32013756.00
2011/10/26,10.94,11.15,10.81,10.94,3497291,38796212.00
2011/10/27,10.99,11.54,10.95,11.08,2696858,30357178.00
2011/10/28,11.18,11.37,11.06,11.24,3245134,36693516.00
2011/10/31,11.31,11.34,11.16,11.26,2273678,25818392.00
2011/11/01,11.17,11.57,11.07,11.55,4130926,47421692.00
2011/11/02,11.35,12.04,11.13,12.01,5231419,61411060.00
2011/11/03,12.11,12.57,12.08,12.09,8578948,106439280.00
2011/11/04,12.17,12.68,12.17,12.42,6584628,82524528.00
2011/11/07,12.49,12.49,12.18,12.20,3215766,39858932.00
2011/11/08,12.20,12.30,11.89,11.89,3028149,36802156.00
2011/11/09,11.91,12.27,11.82,12.18,3993442,48496900.00
2011/11/10,12.20,12.48,12.14,12.32,7100732,88403504.00
2011/11/11,12.32,12.38,12.07,12.09,2855316,35018952.00
2011/11/14,12.22,13.19,12.22,13.19,11114533,143682704.00
2011/11/15,13.17,13.36,12.90,13.04,8194442,108047944.00
2011/11/16,13.05,13.17,12.44,12.52,5537007,71210728.00
2011/11/17,12.52,12.66,12.26,12.49,4991059,62899056.00
2011/11/18,12.37,12.37,11.88,11.92,4192481,50970844.00
2011/11/21,11.93,12.05,11.64,11.81,2572116,30619266.00
2011/11/22,11.71,11.78,11.41,11.71,2746240,32208246.00
2011/11/23,11.67,11.91,11.59,11.60,3225021,38280776.00
2011/11/24,11.40,11.73,11.27,11.57,3155652,36600992.00
2011/11/25,11.66,11.66,11.20,11.27,1766026,20363782.00
2011/11/28,11.28,11.44,11.01,11.12,2326072,26247178.00
2011/11/29,11.22,11.45,11.17,11.36,2934391,33557076.00
2011/11/30,11.43,11.43,10.60,10.72,3327135,36771800.00
2011/12/01,11.11,11.34,10.93,10.93,4504343,50534348.00
2011/12/02,10.89,10.89,10.55,10.81,2880263,31181952.00
2011/12/05,10.74,10.82,10.29,10.35,1815676,19215050.00
2011/12/06,10.35,10.57,10.20,10.46,1517722,15917055.00
2011/12/07,10.45,10.53,10.34,10.39,2981066,31340340.00
2011/12/08,10.34,10.54,10.02,10.46,6102104,62911288.00
2011/12/09,10.23,10.30,10.09,10.14,2544559,26175476.00
2011/12/12,10.18,10.24,10.02,10.05,1342536,13770682.00
2011/12/13,10.08,10.33,9.78,9.96,5534431,56094304.00
2011/12/14,10.14,10.31,9.93,9.94,6158404,63027648.00
2011/12/15,9.67,9.68,9.14,9.19,5531855,52363108.00
2011/12/16,9.24,9.47,8.91,9.43,3748917,34717456.00
2011/12/19,9.24,9.43,9.09,9.40,2233735,20881186.00
2011/12/20,9.44,9.92,9.40,9.51,3981655,38811012.00
2011/12/21,9.60,9.66,9.01,9.05,3444736,32590592.00
2011/12/22,9.03,9.03,8.54,8.78,3021990,26812192.00
2011/12/23,8.78,8.99,8.70,8.88,1743638,15640965.00
2011/12/26,8.88,9.05,8.81,8.85,1586546,14371909.00
2011/12/27,8.88,8.88,8.39,8.53,2294180,19901970.00
2011/12/28,8.44,8.74,8.36,8.69,2110399,18175974.00
2011/12/29,8.61,8.72,8.52,8.59,1946833,17006784.00
2011/12/30,8.60,8.89,8.60,8.81,2187573,19486694.00
2012/01/04,8.95,8.95,8.59,8.59,1755989,15581691.00
2012/01/05,8.57,8.58,8.09,8.15,2152917,18207014.00
2012/01/06,8.15,8.24,7.89,8.24,1439026,11775902.00
2012/01/09,8.25,8.72,8.12,8.70,2405526,20768810.00
2012/01/10,8.71,9.07,8.64,9.02,3490365,31474394.00
2012/01/11,9.02,9.36,8.91,9.07,3504425,32448456.00
2012/01/12,8.99,9.20,8.97,9.04,2353460,21582904.00
2012/01/13,9.09,9.12,8.48,8.57,3097050,27312706.00
2012/01/16,8.57,8.57,8.18,8.18,1955661,16567139.00
2012/01/17,8.29,8.75,8.14,8.74,2328290,20090418.00
2012/01/18,8.76,9.05,8.56,8.57,2850163,25413344.00
2012/01/19,8.54,8.82,8.51,8.78,1747831,15366561.00
2012/01/20,8.78,8.89,8.75,8.83,1516996,13561111.00
2012/01/30,8.97,8.97,8.75,8.75,1457382,13054984.00
2012/01/31,8.75,9.08,8.73,8.96,3622667,32846228.00
2012/02/02,8.79,9.02,8.57,8.98,3490044,31041686.00
2012/02/03,8.94,9.23,8.89,9.14,4406640,40503636.00
2012/02/06,9.14,9.21,8.99,9.10,2881649,26532368.00
2012/02/07,9.01,9.01,8.82,8.86,2328773,20993180.00
2012/02/08,8.87,9.16,8.87,9.12,2905000,26559810.00
2012/02/09,9.10,9.43,9.09,9.22,5108151,48054756.00
2012/02/10,9.28,9.43,9.17,9.27,2884558,27095680.00
2012/02/13,9.18,9.54,9.09,9.46,4338202,41237268.00
2012/02/14,9.49,9.58,9.30,9.38,2756042,26201876.00
2012/02/15,9.39,9.85,9.36,9.72,6044681,58972592.00
2012/02/16,9.66,10.06,9.64,9.85,7234168,72429888.00
2012/02/17,9.86,9.97,9.59,9.74,3648563,35928552.00
2012/02/20,9.88,9.95,9.56,9.57,4431029,43670672.00
2012/02/21,9.56,9.69,9.36,9.68,3269907,31577466.00
2012/02/22,9.69,9.94,9.68,9.94,5097343,50741732.00
2012/02/23,9.89,10.09,9.80,9.92,4634063,46556584.00
2012/02/24,9.89,10.07,9.83,10.04,4717775,47598480.00
2012/02/27,10.08,10.21,9.94,10.03,5971901,60849040.00
2012/02/28,9.94,10.03,9.71,9.82,4657931,46444428.00
2012/02/29,9.79,9.79,9.57,9.60,3369767,32959456.00
2012/03/01,9.59,9.79,9.53,9.65,2700625,26448264.00
2012/03/02,9.67,9.92,9.65,9.91,3604719,35748992.00
2012/03/05,9.92,10.09,9.87,10.05,5038080,50956724.00
2012/03/06,10.01,10.05,9.72,9.83,3847349,38333552.00
2012/03/07,9.69,9.87,9.64,9.72,2864568,28253760.00
2012/03/08,9.79,10.59,9.78,10.41,14722506,154452672.00
2012/03/09,10.24,10.45,10.22,10.45,8625295,90123304.00
2012/03/12,10.39,10.98,10.37,10.94,10492683,113480120.00
2012/03/13,10.89,11.38,10.74,11.27,10520568,118040232.00
2012/03/14,11.27,11.47,10.40,10.55,11600496,128299328.00
2012/03/15,10.51,11.09,10.46,10.87,10301810,112003808.00
2012/03/16,10.84,11.13,10.60,11.09,7634401,84409968.00
2012/03/19,11.03,11.13,10.71,11.05,7160780,79102560.00
2012/03/20,11.05,11.05,10.42,10.50,5866521,63246688.00
2012/03/21,10.64,10.69,10.39,10.61,3022503,32178002.00
2012/03/22,10.45,10.74,10.34,10.66,3126586,33267914.00
2012/03/23,10.57,10.60,10.27,10.45,2762045,29131606.00
2012/03/26,10.39,10.51,10.10,10.20,2222478,23143374.00
2012/03/27,10.26,10.42,9.95,10.04,2339702,24108838.00
2012/03/28,9.94,10.02,9.14,9.30,5008536,48641332.00
2012/03/29,9.41,9.69,9.17,9.39,4630646,44317768.00
2012/03/30,9.40,9.42,8.89,9.08,3568302,32870480.00
2012/04/05,9.10,9.40,9.04,9.39,2751351,25753914.00
2012/04/06,9.40,9.57,9.29,9.51,3083730,29484388.00
2012/04/09,9.50,9.56,9.28,9.28,1983917,18929068.00
2012/04/10,9.14,9.41,8.97,9.40,1919217,17823852.00
2012/04/11,9.19,9.43,9.13,9.36,2143341,20219142.00
2012/04/12,9.37,9.71,9.34,9.67,3594753,34661336.00
2012/04/13,9.58,9.84,9.50,9.71,4554870,44835240.00
2012/04/16,9.59,9.74,9.55,9.65,2489540,24319520.00
2012/04/17,9.69,9.69,9.33,9.37,2928636,28175024.00
2012/04/18,9.44,9.65,9.34,9.59,3086925,29743808.00
2012/04/19,9.78,10.38,9.77,10.11,8715519,89056592.00
2012/04/23,10.05,10.05,9.79,9.89,4873314,48734104.00
2012/04/24,9.80,9.80,9.01,9.43,6259276,59596024.00
2012/04/25,9.34,9.53,9.22,9.53,3594307,34043964.00
2012/04/26,9.55,9.74,9.49,9.50,2979633,28938304.00
2012/04/27,9.50,9.57,9.16,9.20,3607907,33881340.00
2012/05/02,9.28,9.47,9.27,9.34,2340097,22148098.00
2012/05/03,9.32,9.44,9.21,9.44,2581973,24299480.00
2012/05/04,9.44,9.63,9.39,9.57,3272736,31514952.00
2012/05/07,9.77,10.04,9.75,9.81,6322488,62996868.00
2012/05/08,9.76,10.33,9.66,10.31,9146227,92931568.00
2012/05/09,10.09,10.20,9.93,10.09,5988246,61075212.00
2012/05/11,10.11,10.30,9.89,9.89,4446877,45343448.00
2012/05/14,10.04,10.05,9.69,9.69,3726983,36991292.00
2012/05/15,9.63,9.64,9.21,9.38,4092663,38900992.00
2012/05/16,9.38,9.48,9.29,9.33,1922436,18295464.00
2012/05/17,9.24,9.47,9.22,9.34,2856247,27032700.00
2012/05/18,9.30,9.31,9.09,9.13,2841746,26460526.00
2012/05/21,9.09,9.23,9.04,9.14,1657982,15335418.00
2012/05/22,9.15,9.35,9.15,9.34,1956192,18383048.00
2012/05/23,9.34,9.37,9.15,9.24,1702575,15992470.00
2012/05/24,9.19,9.32,9.19,9.21,1391221,13007862.00
2012/05/25,9.22,9.31,9.05,9.17,1447168,13431535.00
2012/05/28,9.17,9.17,8.89,9.13,2340483,21360748.00
2012/05/29,9.14,9.39,9.09,9.31,2619374,24602160.00
2012/05/30,9.34,9.35,9.24,9.32,1453060,13675985.00
2012/05/31,9.21,9.44,9.21,9.38,2608579,24632584.00
2012/06/01,9.36,9.38,9.19,9.23,2192384,20610334.00
2012/06/04,9.08,9.08,8.77,8.81,3741980,33701456.00
2012/06/05,8.82,8.89,8.69,8.71,1883795,16699751.00
2012/06/06,8.75,8.81,8.65,8.69,1339861,11834495.00
2012/06/07,8.77,8.84,8.51,8.51,1453472,12731631.00
2012/06/08,8.67,8.67,8.43,8.48,1097414,9486539.00
2012/06/11,8.49,8.69,8.45,8.65,1100396,9560321.00
2012/06/13,8.60,8.77,8.59,8.76,1801402,15851264.00
2012/06/14,8.75,9.08,8.70,8.84,2889815,26004180.00
2012/06/15,8.85,9.00,8.71,8.95,2754467,24756422.00
2012/06/18,9.14,9.14,8.91,8.96,1341106,12223301.00
2012/06/19,8.94,8.97,8.79,8.83,1276122,11465240.00
2012/06/20,8.79,9.03,8.79,8.91,1644727,14880669.00
2012/06/21,8.91,8.93,8.80,8.89,1717551,15394111.00
2012/06/25,8.88,9.15,8.61,9.13,6542796,59760508.00
2012/06/26,9.04,9.21,9.00,9.20,3602471,33292028.00
2012/06/27,9.16,9.23,9.05,9.07,2007608,18565254.00
2012/06/28,9.17,9.17,8.66,8.66,2219392,19897998.00
2012/06/29,8.62,8.82,8.46,8.75,920361,8091038.00
2012/07/02,8.79,8.90,8.69,8.72,913855,8149784.00
2012/07/03,8.70,8.79,8.64,8.70,1432182,12622563.00
2012/07/04,8.75,8.75,8.63,8.72,943247,8269970.50
2012/07/05,8.69,8.69,8.41,8.46,1175781,10135380.00
2012/07/06,8.46,8.65,8.41,8.63,865598,7440756.50
2012/07/09,8.62,8.62,8.12,8.24,1355453,11473655.00
2012/07/10,8.24,8.31,8.11,8.17,874715,7251337.00
2012/07/11,8.22,8.26,8.13,8.24,514055,4268029.00
2012/07/12,8.25,8.44,8.13,8.41,1306285,10925093.00
2012/07/13,8.52,8.66,8.37,8.46,1540923,13277495.00
2012/07/16,8.30,8.43,8.01,8.02,1298492,10695362.00
2012/07/17,8.10,8.24,8.02,8.15,532823,4377486.00
2012/07/18,8.09,8.24,8.06,8.19,611098,5033908.00
2012/07/19,8.19,8.34,8.13,8.26,1135367,9482445.00
2012/07/20,8.17,8.27,8.10,8.18,777198,6420829.00
2012/07/23,8.12,8.13,8.00,8.04,635276,5184157.00
2012/07/24,7.96,8.16,7.96,8.07,776164,6339526.00
2012/07/25,8.07,8.14,8.01,8.03,546422,4454546.50
2012/07/26,8.03,8.13,7.99,8.09,591597,4826512.00
2012/07/27,8.10,8.10,7.99,8.05,732499,5956344.50
2012/07/30,8.01,8.09,7.91,7.93,710823,5747699.50
2012/07/31,7.93,7.99,7.61,7.63,1083991,8524423.00
2012/08/01,7.63,7.82,7.63,7.70,930061,7269667.50
2012/08/02,7.73,7.80,7.63,7.64,543454,4238969.00
2012/08/03,7.71,7.83,7.61,7.81,744800,5829701.50
2012/08/06,7.79,7.98,7.78,7.96,950693,7573517.50
2012/08/07,7.95,8.03,7.95,7.99,1011859,8172268.50
2012/08/08,8.04,8.04,7.93,8.03,1254927,10138141.00
2012/08/09,8.04,8.11,7.95,8.09,1152306,9363836.00
2012/08/10,8.09,8.10,8.02,8.06,954212,7770409.00
2012/08/13,7.99,8.02,7.86,7.88,1138202,9148742.00
2012/08/14,7.91,7.99,7.80,7.97,966166,7702533.00
2012/08/15,7.97,8.17,7.97,8.10,2476423,20243368.00
2012/08/16,8.10,8.10,7.85,7.87,2198602,17639232.00
2012/08/17,7.87,7.94,7.82,7.89,681326,5420751.00
2012/08/20,7.90,7.99,7.74,7.95,900138,7153814.50
2012/08/21,7.95,8.21,7.95,8.07,2587820,21159478.00
2012/08/22,8.08,8.13,7.99,8.04,1509264,12284521.00
2012/08/23,8.04,8.15,7.99,8.12,4554470,37203184.00
2012/08/24,8.12,8.14,7.67,7.72,3580420,28534212.00
2012/08/27,7.61,7.70,7.45,7.46,2155265,16369972.00
2012/08/28,7.46,7.90,7.46,7.69,2515247,19593738.00
2012/08/29,7.68,7.80,7.53,7.69,1665073,12982398.00
2012/08/30,7.71,7.74,7.44,7.56,1695623,13020353.00
2012/08/31,7.56,7.70,7.51,7.60,1064210,8183080.00
2012/09/03,7.52,7.76,7.52,7.72,1305673,10152264.00
2012/09/04,7.72,7.86,7.65,7.67,1801457,14114789.00
2012/09/05,7.67,7.91,7.53,7.84,3079325,24145714.00
2012/09/06,7.81,8.04,7.80,7.94,3219800,25842566.00
2012/09/07,7.97,8.25,7.97,8.16,5048021,41511156.00
2012/09/10,8.13,8.46,8.10,8.37,5427656,45766972.00
2012/09/11,8.32,8.53,8.30,8.36,5015090,42603420.00
2012/09/12,8.36,8.45,8.21,8.30,2997919,25118082.00
2012/09/13,8.29,8.34,8.13,8.13,2084333,17360128.00
2012/09/14,8.16,8.27,8.08,8.19,2119138,17508142.00
2012/09/17,8.14,8.19,7.77,7.78,2656358,21408058.00
2012/09/18,7.73,7.85,7.71,7.80,1350076,10653943.00
2012/09/19,7.85,7.92,7.81,7.88,1131968,9013760.00
2012/09/20,7.91,7.91,7.51,7.56,1975296,15303530.00
2012/09/21,7.59,7.66,7.46,7.53,970934,7426207.50
2012/09/24,7.44,7.58,7.40,7.54,1212376,9176490.00
2012/09/25,7.51,7.59,7.43,7.47,708876,5386497.50
2012/09/26,7.50,7.50,7.34,7.35,873176,6545791.00
2012/09/27,7.39,7.61,7.32,7.54,1583688,12015290.00
2012/09/28,7.53,7.68,7.52,7.67,1385994,10655949.00
2012/10/08,7.71,7.93,7.62,7.76,1858800,14583024.00
2012/10/09,7.86,7.95,7.76,7.94,2483836,19803366.00
2012/10/10,7.91,7.92,7.79,7.91,1736792,13815894.00
2012/10/11,7.93,7.93,7.67,7.70,1662239,13109764.00
2012/10/12,7.65,7.78,7.55,7.63,1678203,12985923.00
2012/10/15,7.66,7.67,7.52,7.60,1017195,7799429.50
2012/10/16,7.64,7.70,7.56,7.62,1069271,8258867.00
2012/10/17,7.61,7.73,7.52,7.70,1232425,9535942.00
2012/10/18,7.69,8.06,7.69,8.06,4155456,33351574.00
2012/10/19,8.07,8.26,8.06,8.09,3516441,28917092.00
2012/10/22,8.06,8.15,7.89,8.11,2021599,16394787.00
2012/10/23,7.99,8.07,7.88,7.93,2335323,18780036.00
2012/10/24,7.81,7.96,7.81,7.89,1419260,11326132.00
2012/10/25,7.89,8.00,7.80,7.82,1489476,11893331.00
2012/10/26,7.81,7.81,7.56,7.56,1666628,12885645.00
2012/10/29,7.56,7.63,7.51,7.57,850296,6508170.00
2012/10/30,7.63,8.27,7.48,8.16,9481775,76083104.00
2012/10/31,8.13,8.25,8.00,8.19,8848183,72686184.00
2012/11/01,8.15,8.20,7.89,8.09,10314987,83472040.00
2012/11/02,7.93,8.05,7.92,8.00,4296938,34693340.00
2012/11/05,7.98,8.01,7.87,7.99,2614863,21013978.00
2012/11/06,8.07,8.11,7.91,8.02,3828978,30981434.00
2012/11/07,7.94,8.05,7.91,8.01,2545201,20570506.00
2012/11/08,7.94,7.94,7.62,7.63,3134407,24593348.00
2012/11/09,7.61,7.65,7.49,7.57,2137652,16354664.00
2012/11/12,7.60,7.69,7.52,7.69,2181084,16736981.00
2012/11/13,7.71,7.71,7.40,7.45,1785596,13629494.00
2012/11/14,7.42,7.48,7.34,7.43,1543115,11589546.00
2012/11/15,7.44,7.48,7.24,7.26,1457700,10897419.00
2012/11/16,7.22,7.30,7.04,7.12,1719099,12380625.00
2012/11/19,7.13,7.20,7.07,7.18,820289,5914203.00
2012/11/20,7.21,7.21,7.13,7.14,788207,5717169.00
2012/11/21,7.10,7.26,7.06,7.26,1228442,8917380.00
2012/11/22,7.24,7.24,7.08,7.09,888652,6418956.00
2012/11/23,7.13,7.17,7.02,7.11,1393049,10030634.00
2012/11/26,7.11,7.11,6.93,6.93,1076054,7635428.00
2012/11/27,6.92,6.93,6.55,6.55,1766239,11953128.00
2012/11/28,6.51,6.52,6.45,6.48,939347,6178392.00
2012/11/29,6.50,6.63,6.41,6.49,1149148,7610424.50
2012/11/30,6.51,6.58,6.49,6.53,1025077,6799018.50
2012/12/03,6.51,6.57,6.21,6.21,1443216,9309526.00
2012/12/04,6.21,6.33,6.06,6.27,1339991,8390695.00
2012/12/05,6.29,6.58,6.23,6.53,2771816,18186572.00
2012/12/06,6.58,6.73,6.53,6.53,2262984,15169126.00
2012/12/07,6.57,6.70,6.53,6.68,2136232,14359065.00
2012/12/10,6.73,6.79,6.67,6.77,2202155,15016848.00
2012/12/11,6.75,6.78,6.62,6.69,2116320,14351017.00
2012/12/12,6.67,6.71,6.51,6.59,1887905,12635708.00
2012/12/13,6.58,6.62,6.48,6.49,1280250,8490484.00
2012/12/14,6.50,6.79,6.50,6.76,2882149,19591224.00
2012/12/17,6.78,6.86,6.73,6.83,2748820,18930284.00
2012/12/18,6.83,6.94,6.76,6.80,2611961,18117010.00
2012/12/19,6.80,6.89,6.79,6.84,1568765,10877458.00
2012/12/20,6.85,6.87,6.76,6.84,2184493,15094554.00
2012/12/21,6.84,6.95,6.76,6.83,2941961,20374168.00
2012/12/24,6.78,6.87,6.77,6.81,2034522,14049213.00
2012/12/25,6.78,7.03,6.76,6.99,4004491,28166452.00
2012/12/26,7.00,7.26,6.97,7.21,4373448,31358714.00
2012/12/27,7.21,7.24,7.05,7.05,4425510,32065838.00
2012/12/28,7.06,7.15,7.02,7.13,2789754,20066624.00
2012/12/31,7.13,7.21,7.02,7.10,3983735,28673514.00
2013/01/04,7.15,7.16,6.92,7.00,4149156,29486130.00
2013/01/07,7.03,7.15,6.96,7.14,4141071,29651748.00
2013/01/08,7.13,7.26,7.06,7.24,7416085,53901080.00
2013/01/09,7.26,7.37,7.11,7.21,7107572,52065132.00
2013/01/10,7.21,7.53,7.17,7.36,10675446,79004248.00
2013/01/11,7.31,7.36,7.05,7.08,7600599,55593500.00
2013/01/14,7.04,7.41,7.04,7.35,7266229,53383312.00
2013/01/15,7.36,7.78,7.31,7.57,9995952,76464992.00
2013/01/16,7.58,7.58,7.33,7.48,7100398,53608488.00
2013/01/17,7.56,7.69,7.44,7.48,7486971,57164728.00
2013/01/18,7.48,7.61,7.41,7.56,5520428,42031108.00
2013/01/21,7.75,7.75,7.53,7.60,5882868,45270548.00
2013/01/22,7.64,7.68,7.40,7.42,6026668,45863928.00
2013/01/23,7.40,7.48,7.28,7.48,3938905,29459278.00
2013/01/24,7.49,7.53,7.18,7.25,6064161,45408000.00
2013/01/25,7.27,7.27,7.12,7.15,3219221,23360072.00
2013/01/28,7.17,7.47,7.15,7.38,4085029,30241106.00
2013/01/29,7.37,7.45,7.31,7.40,3274431,24475884.00
2013/01/30,7.39,7.50,7.34,7.50,3974291,29860568.00
2013/01/31,7.48,7.50,7.32,7.38,3410740,25519732.00
2013/02/01,7.34,7.42,7.27,7.40,3532583,26305916.00
2013/02/04,7.53,7.59,7.41,7.47,5893497,44617160.00
2013/02/05,7.41,7.51,7.31,7.51,4069406,30533220.00
2013/02/06,7.48,7.59,7.47,7.52,3863536,29382230.00
2013/02/07,7.52,7.54,7.44,7.51,2492264,18913442.00
2013/02/08,7.51,7.62,7.49,7.59,4407879,33719040.00
2013/02/18,7.66,7.87,7.66,7.79,8679233,68073352.00
2013/02/19,7.76,7.82,7.55,7.58,5259467,40662256.00
2013/02/20,7.55,7.77,7.52,7.74,4083313,31668498.00
2013/02/21,7.69,7.85,7.54,7.61,5765742,44829584.00
2013/02/22,7.59,7.95,7.57,7.83,9069370,71541136.00
2013/02/25,7.91,7.99,7.71,7.93,6425253,51088780.00
2013/02/26,7.89,8.26,7.71,7.71,7866907,63269980.00
2013/02/27,7.78,7.88,7.56,7.63,4728666,36708220.00
2013/02/28,7.69,7.74,7.43,7.72,5270557,40569908.00
2013/03/01,7.73,7.78,7.64,7.77,4420243,34517724.00
2013/03/04,7.69,7.71,7.34,7.36,6430186,48937424.00
2013/03/05,7.37,7.54,7.31,7.52,4363018,32845974.00
2013/03/06,7.54,7.80,7.50,7.77,6921232,53873720.00
2013/03/07,7.72,7.85,7.60,7.79,6604591,51814656.00
2013/03/08,7.80,7.83,7.67,7.69,3810496,29886004.00
2013/03/11,7.74,7.93,7.69,7.89,5456061,43196592.00
2013/03/12,7.85,7.98,7.45,7.64,7020747,54961980.00
2013/03/13,7.68,7.69,7.41,7.45,3291526,24939014.00
2013/03/14,7.45,7.57,7.42,7.50,2468486,18748922.00
2013/03/15,7.47,7.82,7.46,7.64,5845401,45414336.00
2013/03/18,7.59,7.69,7.44,7.49,3267614,24971848.00
2013/03/19,7.49,7.55,7.38,7.52,2097131,15820483.00
2013/03/20,7.51,7.76,7.41,7.74,4387442,33852096.00
2013/03/21,7.72,7.82,7.67,7.77,4085693,32026798.00
2013/03/22,7.77,7.88,7.70,7.85,5772374,45666916.00
2013/03/25,7.85,7.86,7.68,7.76,4037587,31600746.00
2013/03/26,7.71,7.73,7.54,7.64,3103935,23889460.00
2013/03/27,7.62,7.76,7.58,7.64,2593072,20101854.00
2013/03/28,7.59,7.59,7.35,7.35,3729810,28042680.00
2013/03/29,7.55,7.55,7.32,7.36,2591097,19389334.00
2013/04/01,7.41,7.44,7.21,7.34,3092181,23043004.00
2013/04/02,7.34,7.41,7.13,7.18,3232978,23723764.00
2013/04/03,7.18,7.23,7.02,7.02,2581297,18504878.00
2013/04/08,6.97,7.10,6.86,7.09,2835179,19958286.00
2013/04/09,7.10,7.27,7.05,7.14,2771421,20023106.00
2013/04/10,7.14,7.14,6.98,7.02,1829064,13047398.00
2013/04/11,7.02,7.07,6.96,6.98,1370475,9741911.00
2013/04/12,6.98,7.03,6.89,6.90,1338393,9436909.00
2013/04/15,6.90,6.91,6.70,6.72,1569379,10782308.00
2013/04/16,6.69,6.83,6.65,6.82,1432938,9821494.00
2013/04/17,6.84,6.85,6.75,6.83,1164669,8022395.50
2013/04/18,6.74,6.88,6.74,6.86,1366690,9469647.00
2013/04/19,6.85,7.00,6.85,6.97,2054222,14462697.00
2013/04/22,6.94,7.00,6.91,7.00,1653038,11669482.00
2013/04/23,7.00,7.00,6.70,6.70,2137803,14816227.00
2013/04/24,6.69,6.84,6.69,6.82,2116194,14507553.00
2013/04/25,6.79,6.81,6.63,6.63,2326694,15794791.00
2013/04/26,6.65,6.68,6.40,6.41,2346319,15503923.00
2013/05/02,6.40,6.52,6.36,6.45,1018546,6656160.00
2013/05/03,6.49,6.67,6.46,6.61,1659873,11110974.00
2013/05/06,6.71,6.76,6.63,6.74,1880792,12763399.00
2013/05/07,6.73,6.77,6.68,6.72,1313356,8943998.00
2013/05/08,6.69,7.11,6.69,7.01,4342207,30498202.00
2013/05/09,7.00,7.01,6.86,6.94,2858980,20080786.00
2013/05/10,6.91,7.06,6.89,7.04,2485180,17647922.00
2013/05/13,7.06,7.08,6.93,6.99,1892451,13380818.00
2013/05/14,6.99,6.99,6.79,6.82,2356390,16298240.00
2013/05/15,6.85,6.99,6.81,6.97,2098288,14650672.00
2013/05/16,7.01,7.21,6.94,7.13,5491018,39561620.00
2013/05/17,7.13,7.25,7.11,7.22,4709807,34275168.00
2013/05/20,7.31,7.53,7.26,7.45,7636454,57425884.00
2013/05/21,7.50,7.57,7.36,7.55,7607198,57556860.00
2013/05/22,7.50,7.70,7.39,7.48,5987091,45697740.00
2013/05/23,7.42,7.52,7.32,7.39,5387336,40447440.00
2013/05/24,7.41,7.76,7.41,7.69,7466029,57423036.00
2013/05/27,7.73,7.90,7.67,7.69,6196595,48587612.00
2013/05/28,7.72,7.75,7.51,7.66,4551071,35029352.00
2013/05/29,7.63,7.89,7.58,7.82,6720450,52820928.00
2013/05/30,7.76,7.84,7.60,7.83,5697250,44607256.00
2013/05/31,7.83,8.25,7.74,7.75,8888483,71698616.00
2013/06/03,7.76,7.76,7.52,7.56,5805770,44781508.00
2013/06/04,7.55,7.60,7.36,7.42,3594910,27081572.00
2013/06/05,7.50,7.50,7.39,7.47,2370973,17848950.00
2013/06/06,7.41,7.43,7.29,7.29,2355807,17522770.00
2013/06/07,7.29,7.38,7.19,7.23,2594074,19083696.00
2013/06/13,7.19,7.19,6.81,6.97,2165719,15227375.00
2013/06/14,6.97,7.09,6.91,7.07,1867613,13272296.00
2013/06/17,7.07,7.11,6.93,7.05,2195796,15623238.00
2013/06/18,7.12,7.21,6.98,7.17,2474003,17803052.00
2013/06/19,7.17,7.23,7.06,7.21,2162188,15564574.00
2013/06/20,7.21,7.21,6.93,7.08,2384064,16993584.00
2013/06/21,6.97,7.19,6.81,7.12,1702660,12052941.00
2013/06/24,7.11,7.12,6.61,6.70,2286803,15724698.00
2013/06/25,6.67,6.75,6.15,6.60,2197106,14339141.00
2013/06/26,6.61,7.27,6.53,7.20,4949135,34959932.00
2013/06/27,7.14,7.20,6.69,6.76,5129503,35855508.00
2013/06/28,6.66,6.87,6.56,6.71,1940724,13120470.00
2013/07/01,6.63,6.85,6.57,6.83,1431504,9691201.00
2013/07/02,6.84,6.90,6.76,6.90,1756626,12103463.00
2013/07/03,6.85,7.15,6.68,7.03,3124547,21860134.00
2013/07/04,6.94,7.07,6.89,6.98,2503649,17608176.00
2013/07/05,6.98,7.04,6.88,6.89,1579609,11103369.00
2013/07/08,6.80,6.80,6.57,6.62,2091346,14055972.00
2013/07/09,6.63,6.70,6.55,6.64,1092295,7273564.50
2013/07/10,6.64,6.80,6.59,6.79,1235246,8354795.50
2013/07/11,6.79,7.02,6.76,6.97,2636223,18418548.00
2013/07/12,6.95,7.07,6.90,6.93,2359360,16611034.00
2013/07/15,6.91,7.05,6.91,7.03,1981887,13982787.00
2013/07/16,7.07,7.16,7.02,7.14,3157032,22607988.00
2013/07/17,7.14,7.21,7.00,7.01,2231438,15957356.00
2013/07/18,6.95,7.65,6.95,7.24,6994063,51551500.00
2013/07/19,7.15,7.40,6.95,7.01,7180579,52591804.00
2013/07/22,6.91,7.38,6.90,7.36,7673698,55521832.00
2013/07/23,7.37,7.54,7.31,7.48,7336905,54799944.00
2013/07/24,7.43,7.56,7.30,7.54,9056486,67922912.00
2013/07/25,7.50,7.56,7.25,7.27,6331367,47256720.00
2013/07/26,7.29,7.37,7.14,7.36,3727538,27287644.00
2013/07/29,7.31,7.37,7.13,7.23,2828352,20620956.00
2013/07/30,7.40,7.96,7.37,7.50,19683155,151336160.00
2013/07/31,7.35,7.61,7.23,7.47,11570259,86273288.00
2013/08/01,7.42,7.75,7.37,7.75,11855836,90704264.00
2013/08/02,7.75,8.03,7.65,7.67,14913661,117204688.00
2013/08/05,7.65,7.85,7.61,7.70,7497605,58249056.00
2013/08/06,7.78,7.79,7.65,7.76,7884577,61447632.00
2013/08/07,7.78,7.82,7.47,7.54,7520802,57494940.00
2013/08/08,7.55,7.72,7.44,7.58,5268945,40069308.00
2013/08/09,7.59,7.66,7.42,7.64,4839685,36877200.00
2013/08/12,7.67,7.82,7.63,7.74,7419736,57773728.00
2013/08/13,7.74,7.89,7.68,7.76,6246515,48822424.00
2013/08/14,7.81,7.81,7.61,7.65,5074396,39227292.00
2013/08/15,7.61,7.69,7.38,7.40,5390686,40841612.00
2013/08/16,7.39,7.57,7.30,7.30,4994121,37327608.00
2013/08/19,7.28,7.52,7.23,7.49,3621859,26995882.00
2013/08/20,7.49,7.57,7.37,7.43,3617535,27215580.00
2013/08/21,7.42,8.02,7.39,7.90,17522239,137250448.00
2013/08/22,7.88,8.17,7.75,8.10,22806855,183964720.00
2013/08/23,8.11,8.13,7.76,7.97,13165228,105448320.00
2013/08/26,7.99,8.25,7.91,8.21,16198969,131363696.00
2013/08/27,8.25,8.35,8.07,8.13,11598785,95470552.00
2013/08/28,8.05,8.05,7.83,7.86,9885768,78682944.00
2013/08/29,7.85,7.98,7.78,7.94,5382022,42697444.00
2013/08/30,7.93,7.93,7.55,7.58,6771783,52830020.00
2013/09/02,7.58,7.73,7.50,7.72,3731649,28685908.00
2013/09/03,7.72,7.85,7.68,7.84,4345155,34010948.00
2013/09/04,7.82,7.90,7.75,7.80,3626567,28539172.00
2013/09/05,7.77,7.87,7.71,7.77,3496783,27435960.00
2013/09/06,7.73,7.84,7.63,7.78,5632479,43807700.00
2013/09/09,7.83,7.93,7.75,7.93,7295734,57608996.00
2013/09/10,7.90,8.05,7.84,7.93,6356470,50816052.00
2013/09/11,7.97,8.01,7.70,7.77,6035647,47528972.00
2013/09/12,7.77,8.00,7.76,7.83,5505713,43718940.00
2013/09/13,7.85,8.31,7.83,8.24,16126615,132298912.00
2013/09/16,8.24,8.24,8.04,8.14,8548401,69867904.00
2013/09/17,8.13,8.75,7.99,8.51,19636909,165553232.00
2013/09/18,8.56,8.74,8.34,8.55,15367831,131702456.00
2013/09/23,8.50,8.72,8.36,8.65,12641964,109065896.00
2013/09/24,8.60,8.61,8.33,8.35,10022178,85002520.00
2013/09/25,8.27,8.63,8.27,8.63,9707105,82596608.00
2013/09/27,8.45,8.58,7.95,8.42,10995276,92111784.00
2013/09/30,8.36,8.48,8.25,8.35,5931204,49823432.00
2013/10/08,8.33,8.47,8.31,8.45,5546492,46904124.00
2013/10/09,8.45,8.60,8.41,8.55,5726367,49108912.00
2013/10/10,8.56,8.56,8.28,8.31,6696629,56645704.00
2013/10/11,8.36,8.45,8.24,8.37,5238621,44063632.00
2013/10/14,8.40,8.86,8.35,8.72,12061044,104857704.00
2013/10/15,8.67,8.79,8.51,8.66,6820393,59243636.00
2013/10/16,8.66,8.66,8.18,8.20,7425417,62281516.00
2013/10/17,8.27,8.31,7.96,8.03,6333131,52005188.00
2013/10/18,8.05,8.11,8.00,8.10,3586208,29082830.00
2013/10/21,8.12,8.30,8.07,8.25,4234184,34952632.00
2013/10/22,8.26,8.29,8.05,8.07,6014152,49463460.00
2013/10/23,8.07,8.12,7.64,7.67,6728162,53162616.00
2013/10/24,7.65,7.81,7.57,7.73,3287694,25510794.00
2013/10/25,7.73,7.95,7.73,7.82,6298232,49781548.00
2013/10/28,7.85,7.85,7.49,7.67,3828932,29392174.00
2013/10/29,7.67,7.76,7.15,7.38,5117350,38015496.00
2013/10/30,7.35,7.48,7.29,7.46,2386372,17796266.00
2013/10/31,7.42,7.51,7.32,7.34,2095138,15625905.00
2013/11/01,7.29,7.41,7.27,7.34,1578337,11654154.00
2013/11/04,7.34,7.42,7.28,7.37,1751947,12992111.00
2013/11/05,7.38,7.51,7.28,7.47,2305808,17222458.00
2013/11/06,7.47,7.55,7.40,7.43,2402832,18113852.00
2013/11/07,7.40,7.42,7.25,7.25,1880302,13845059.00
2013/11/08,7.25,7.25,7.00,7.06,2472104,17628224.00
2013/11/11,7.06,7.12,6.90,7.10,2346871,16524784.00
2013/11/12,7.10,7.17,7.07,7.14,1474982,10571392.00
2013/11/13,7.12,7.12,6.94,6.95,2756850,19435820.00
2013/11/14,6.94,7.06,6.86,7.05,1775986,12489586.00
2013/11/15,7.05,7.24,7.03,7.19,3014912,21762508.00
2013/11/18,7.23,7.35,7.16,7.29,4324559,31583068.00
2013/11/19,7.28,7.37,7.24,7.35,3709707,27280408.00
2013/11/20,7.34,7.39,7.30,7.39,2868937,21224726.00
2013/11/21,7.35,7.36,7.25,7.29,3069309,22539394.00
2013/11/22,7.30,7.41,7.26,7.38,3239817,23888104.00
2013/11/25,7.33,7.47,7.31,7.33,2619190,19472856.00
2013/11/26,7.33,7.52,7.30,7.47,3818591,28539760.00
2013/11/27,7.45,7.52,7.41,7.51,3030632,22787980.00
2013/11/28,7.52,7.65,7.49,7.54,4053968,30890472.00
2013/11/29,7.51,7.70,7.50,7.67,3289155,25250750.00
2013/12/02,7.46,7.61,7.03,7.09,5734162,42322040.00
2013/12/03,7.07,7.28,7.05,7.22,2462821,17805090.00
2013/12/04,7.22,7.49,7.21,7.42,3598994,26760964.00
2013/12/05,7.42,7.54,7.37,7.43,2169057,16280183.00
2013/12/06,7.46,7.63,7.43,7.48,2654995,20079746.00
2013/12/09,7.48,7.63,7.44,7.56,3201152,24310832.00
2013/12/10,7.57,7.72,7.57,7.65,5520681,42540024.00
2013/12/11,7.66,7.66,7.51,7.55,3323475,25367132.00
2013/12/12,7.55,7.65,7.50,7.60,2819402,21555222.00
2013/12/13,7.56,7.66,7.51,7.61,3061859,23357884.00
2013/12/16,7.61,7.63,7.38,7.42,3292090,24800112.00
2013/12/17,7.47,7.47,7.36,7.41,2458503,18355490.00
2013/12/18,7.46,7.57,7.43,7.48,3300080,24908878.00
2013/12/19,7.48,7.88,7.48,7.67,13613230,105667608.00
2013/12/20,7.68,7.73,7.51,7.57,4524307,34570020.00
2013/12/23,7.54,7.62,7.15,7.23,4670984,34315296.00
2013/12/24,7.23,7.39,7.21,7.31,2559159,18829050.00
2013/12/25,7.31,7.32,7.17,7.32,4132025,30127328.00
2013/12/26,7.31,7.36,7.15,7.15,3204206,23384252.00
2013/12/27,7.14,7.35,7.14,7.31,2756850,20187354.00
2013/12/30,7.34,7.50,7.34,7.42,3204853,23957402.00
2013/12/31,7.43,7.48,7.33,7.45,2586547,19312208.00
2014/01/02,7.49,7.58,7.43,7.56,3769088,28439120.00
2014/01/03,7.55,7.68,7.46,7.67,5220160,39750184.00
2014/01/06,7.62,7.87,7.58,7.75,10543450,82110464.00
2014/01/07,7.68,7.97,7.64,7.90,9834934,77709984.00
2014/01/08,7.93,7.95,7.78,7.93,8318393,65839360.00
2014/01/09,7.87,7.92,7.62,7.65,6377283,49818500.00
2014/01/10,7.65,8.09,7.58,8.00,12786393,101677128.00
2014/01/13,7.98,8.27,7.85,8.07,14563652,118701624.00
2014/01/14,7.96,8.14,7.92,8.11,9044212,73068624.00
2014/01/15,8.12,8.30,8.01,8.24,12364268,101649352.00
2014/01/16,8.25,8.25,8.10,8.14,8647226,71065056.00
2014/01/17,8.17,8.23,7.98,8.15,6883050,56125820.00
2014/01/20,8.07,8.12,7.79,7.82,7998095,63921748.00
2014/01/21,7.91,8.61,7.89,8.45,20142737,170232448.00
2014/01/22,8.37,8.70,8.33,8.60,16999594,145866480.00
2014/01/23,8.55,8.81,8.49,8.69,16003170,139344720.00
2014/01/24,8.63,9.55,8.59,9.24,23068597,210331456.00
2014/01/27,9.15,9.56,9.03,9.07,24694143,231385552.00
2014/01/28,9.14,9.55,8.95,9.41,20252068,188194672.00
2014/01/29,9.35,9.54,9.27,9.43,12014038,113505344.00
2014/01/30,9.38,9.76,9.18,9.22,11305805,107873760.00
2014/02/07,9.09,9.55,9.04,9.47,9869851,93281576.00
2014/02/10,9.68,10.13,9.65,9.98,16330803,162801344.00
2014/02/11,9.97,10.13,9.61,9.80,13378324,132497152.00
2014/02/12,9.75,9.95,9.55,9.87,10454543,102607720.00
2014/02/13,9.83,10.22,9.33,9.34,16012568,158115920.00
2014/02/14,9.41,9.58,9.22,9.53,12652262,119150160.00
2014/02/17,9.50,9.95,9.50,9.88,12780551,125186568.00
2014/02/18,9.97,10.10,9.75,10.00,13568305,135524000.00
2014/02/19,9.97,10.20,9.81,10.09,13150779,132104056.00
2014/02/20,10.00,10.09,9.52,9.57,11564904,113468016.00
2014/02/21,9.53,9.75,9.40,9.62,7277802,69946904.00
2014/02/24,9.53,9.94,9.40,9.91,7787262,75636272.00
2014/02/25,9.89,10.44,9.26,9.53,19147687,192719664.00
2014/02/26,10.07,10.35,9.69,10.10,26935151,272663008.00
2014/02/27,10.55,11.11,10.15,10.32,42520788,456446912.00
2014/02/28,10.03,10.35,9.70,10.21,25914097,259341936.00
2014/03/03,10.18,10.59,10.01,10.41,17980555,186358784.00
2014/03/04,10.29,11.05,10.13,10.97,28645585,307727904.00
2014/03/05,11.01,11.26,10.62,10.70,21660187,237531248.00
2014/03/06,10.60,11.11,10.44,10.68,15184220,164476288.00
2014/03/07,10.56,11.06,10.53,11.02,17278683,188789568.00
2014/03/10,10.85,11.02,10.30,10.55,17785322,191535360.00
2014/03/11,10.45,10.53,9.50,9.75,16292487,163131392.00
2014/03/12,9.61,9.72,8.92,9.41,13567466,127001992.00
2014/03/13,9.44,9.54,9.22,9.47,8229148,77604936.00
2014/03/14,9.36,9.50,9.22,9.40,5920460,55799156.00
2014/03/17,9.38,9.68,9.35,9.67,7976556,76636288.00
2014/03/18,9.73,9.80,9.46,9.52,8258173,80164040.00
2014/03/19,9.52,9.72,9.48,9.66,9243277,89325032.00
2014/03/20,9.55,9.60,8.99,9.05,9983110,93258768.00
2014/03/21,8.96,9.25,8.55,9.15,9263727,83023768.00
2014/03/24,9.14,9.23,9.00,9.18,5440046,49935884.00
2014/03/25,9.17,9.24,9.06,9.19,4919526,45265500.00
2014/03/26,9.19,9.33,9.12,9.32,5383650,50133240.00
2014/03/27,9.32,9.45,9.00,9.02,6648783,61891852.00
2014/03/28,9.04,9.21,8.68,8.72,6388566,57156384.00
2014/03/31,8.72,8.81,8.60,8.62,3363850,29438878.00
2014/04/01,8.67,8.95,8.67,8.90,3686934,32896850.00
2014/04/02,8.88,8.96,8.83,8.90,3078372,27531400.00
2014/04/03,8.92,9.21,8.88,9.08,4420967,40359356.00
2014/04/04,9.00,9.19,8.99,9.19,3202114,29430518.00
2014/04/08,9.14,9.25,9.08,9.19,3743461,34504296.00
2014/04/09,9.18,9.37,9.16,9.24,4107952,38255392.00
2014/04/10,9.25,9.38,9.13,9.30,5509441,51365984.00
2014/04/11,9.23,9.46,9.21,9.34,5234397,49225520.00
2014/04/14,9.32,9.69,9.32,9.69,7688079,73850520.00
2014/04/15,9.62,9.78,9.47,9.51,6302692,60831756.00
2014/04/16,9.53,10.05,9.48,9.89,10629519,105153376.00
2014/04/17,9.89,9.98,9.77,9.85,5862859,58185900.00
2014/04/18,9.80,9.84,9.52,9.74,6559808,63727072.00
2014/04/21,9.60,9.71,9.24,9.31,5698977,54525116.00
2014/04/22,9.36,9.56,9.16,9.41,5345885,50386236.00
2014/04/23,9.43,9.44,8.87,8.90,6849258,62584652.00
2014/04/24,8.92,9.03,8.79,8.79,3812843,34196560.00
2014/04/25,8.77,8.91,8.62,8.66,3471516,30625188.00
2014/04/28,8.57,8.64,8.16,8.32,4227630,35456564.00
2014/04/29,8.26,8.45,8.26,8.41,2633494,22176112.00
2014/04/30,8.52,8.72,8.41,8.67,3453942,29925630.00
2014/05/05,8.66,8.72,8.51,8.70,2277465,19705724.00
2014/05/06,8.65,8.81,8.61,8.72,2913826,25635376.00
2014/05/07,8.66,8.66,8.32,8.32,3077819,26357572.00
2014/05/08,8.32,8.59,8.30,8.40,3155423,26841952.00
2014/05/09,8.40,8.41,8.21,8.34,2747946,22967636.00
2014/05/12,8.41,8.76,8.35,8.71,4162971,35983136.00
2014/05/13,8.77,8.98,8.70,8.80,4503758,40064128.00
2014/05/14,8.80,8.90,8.68,8.88,3284925,29099390.00
2014/05/15,8.84,8.84,8.53,8.54,2379149,20778894.00
2014/05/16,8.55,8.67,8.39,8.63,2400431,20628536.00
2014/05/19,8.63,8.78,8.45,8.69,2376599,20663954.00
2014/05/20,8.74,8.88,8.60,8.63,2776323,24424780.00
2014/05/21,8.73,8.93,8.68,8.93,4851358,43167728.00
2014/05/22,8.92,8.98,8.75,8.85,4258427,37967320.00
2014/05/23,8.80,8.91,8.65,8.91,3531686,31246190.00
2014/05/26,9.01,9.25,9.01,9.14,6667170,61148212.00
2014/05/27,9.07,9.19,9.01,9.14,4660778,42665620.00
2014/05/28,9.21,9.40,9.15,9.37,8242823,77273072.00
2014/05/29,9.32,9.37,9.21,9.27,4883018,45432468.00
2014/05/30,9.27,9.27,9.04,9.07,4364129,39935640.00
2014/06/03,9.13,9.15,9.01,9.13,3758616,34242112.00
2014/06/04,9.11,9.15,8.97,9.02,3175680,28809234.00
2014/06/05,9.05,9.22,9.00,9.21,3240326,29710466.00
2014/06/06,9.23,9.27,9.08,9.12,3335034,30793904.00
2014/06/09,9.15,9.36,9.14,9.21,4361100,40550320.00
2014/06/10,9.22,9.36,9.10,9.36,4608626,42794528.00
2014/06/11,9.39,9.42,9.27,9.36,4412481,41380176.00
2014/06/12,9.34,9.34,9.20,9.23,2941491,27298402.00
2014/06/13,9.18,9.47,9.16,9.40,5469856,51371552.00
2014/06/16,9.43,9.45,9.30,9.34,4737062,44502132.00
2014/06/17,9.35,9.35,9.07,9.09,5379980,49633192.00
2014/06/18,9.07,9.15,8.81,8.83,4921660,44324748.00
2014/06/19,8.86,9.00,8.47,8.57,4739673,41559048.00
2014/06/20,8.58,8.74,8.55,8.71,2753493,23924592.00
2014/06/23,8.71,8.98,8.65,8.90,3651339,32463752.00
2014/06/24,8.88,8.99,8.82,8.91,3017185,26984758.00
2014/06/25,8.96,9.07,8.86,9.07,3240029,29073508.00
2014/06/26,9.07,9.20,9.05,9.16,3366832,30920828.00
2014/06/27,9.17,9.32,9.08,9.26,4211469,39014408.00
2014/06/30,9.32,9.47,9.18,9.47,6658571,62413636.00
2014/07/01,9.52,9.57,9.27,9.39,6433876,60783456.00
2014/07/02,9.40,9.49,9.30,9.43,4669387,44057184.00
2014/07/03,9.46,9.86,9.37,9.63,9780338,94417192.00
2014/07/04,9.60,10.07,9.56,9.82,15651875,155043840.00
2014/07/07,9.93,9.93,9.55,9.65,9261858,90037192.00
2014/07/08,9.65,9.86,9.48,9.83,7676336,74679080.00
2014/07/09,9.80,10.19,9.76,9.81,14378972,144468176.00
2014/07/10,10.02,10.55,9.92,10.23,24153453,249136896.00
2014/07/11,10.08,10.17,9.97,10.11,11118175,112112272.00
2014/07/14,10.10,10.61,10.10,10.40,14090815,147390928.00
2014/07/15,10.40,10.73,10.19,10.54,11643404,121557472.00
2014/07/16,10.39,10.50,9.97,9.98,13781055,140631648.00
2014/07/17,9.94,10.25,9.87,10.05,8813601,89046424.00
2014/07/18,9.93,10.24,9.86,10.06,6371626,64343808.00
2014/07/21,10.01,10.41,9.97,10.34,13233573,136619104.00
2014/07/22,10.37,10.87,10.32,10.72,18038651,192739376.00
2014/07/23,10.67,10.74,10.27,10.42,13516995,141983728.00
2014/07/24,10.39,10.45,10.00,10.09,9892906,100597176.00
2014/08/05,11.04,11.10,10.67,11.10,30006874,331020576.00
2014/08/06,11.17,11.46,10.94,11.25,29711238,332925344.00
2014/08/07,11.10,11.75,11.07,11.37,20343734,234056688.00
2014/08/08,11.37,12.10,11.37,11.83,20055317,236789424.00
2014/08/11,11.87,12.78,11.68,12.78,18950925,235026544.00
2014/08/12,12.69,12.82,12.45,12.61,15509889,195875440.00
2014/08/13,12.55,12.61,12.22,12.46,12441709,154709024.00
2014/08/14,12.46,13.32,12.46,12.60,17688692,228598224.00
2014/08/15,12.66,12.77,12.22,12.39,12707758,158049024.00
2014/08/18,12.38,12.59,12.25,12.44,8406217,104505968.00
2014/08/19,12.46,12.85,12.28,12.80,12354428,156164000.00
2014/08/20,12.74,12.81,12.45,12.47,7550532,95165264.00
2014/08/21,12.52,12.65,11.93,12.15,12516985,152944576.00
2014/08/22,12.02,12.40,12.02,12.25,7383820,90652376.00
2014/08/25,12.21,12.41,12.03,12.35,6623335,81681536.00
2014/08/26,12.36,12.40,11.87,12.14,7608678,92452000.00
2014/08/27,12.19,12.56,12.14,12.54,9720021,120572840.00
2014/08/28,12.53,12.77,12.36,12.41,6720300,84734712.00
2014/08/29,12.31,12.61,12.16,12.43,5195409,64762764.00
2014/09/01,12.49,12.75,12.43,12.71,8599475,108793872.00
2014/09/02,12.73,13.03,12.64,12.97,12979886,167779696.00
2014/09/03,12.95,13.05,12.68,12.91,8880418,114506008.00
2014/09/04,12.87,13.08,12.69,13.00,10371280,133838696.00
2014/09/05,12.95,13.15,12.75,12.91,7135609,92278032.00
2014/09/09,12.86,13.04,12.81,12.87,7433323,96136416.00
2014/09/10,12.87,12.88,12.60,12.68,8377815,106783232.00
2014/09/11,12.68,12.80,12.48,12.52,9335543,118193864.00
2014/09/12,12.54,12.70,12.40,12.69,7413462,93316656.00
2014/09/15,12.68,13.40,12.55,13.30,18442700,240934944.00
2014/09/16,13.27,13.60,12.84,12.85,15039931,199663152.00
2014/09/17,12.82,13.15,12.78,13.10,8795342,114293656.00
2014/09/18,13.01,13.81,13.01,13.73,18342487,249553744.00
2014/09/19,13.74,14.07,13.57,13.64,13042502,181146688.00
2014/09/22,13.47,13.96,13.12,13.72,12542839,170031200.00
2014/09/23,13.47,13.95,13.47,13.72,8466141,117052400.00
2014/09/24,13.67,13.93,13.52,13.81,7380421,101813856.00
2014/09/25,13.80,14.23,13.76,13.90,9856502,138725024.00
2014/09/26,13.95,14.13,13.82,13.92,6719543,94005208.00
2014/09/29,13.87,14.14,13.65,13.69,8879169,122902048.00
2014/09/30,13.70,13.82,13.49,13.79,5952009,81450600.00
2014/10/08,13.79,13.81,13.62,13.72,5247762,72035040.00
2014/10/09,13.74,14.07,13.68,13.83,8809072,122313752.00
2014/10/10,13.84,13.85,13.42,13.44,10495301,142784176.00
2014/10/13,13.47,13.51,13.04,13.10,8045698,106050528.00
2014/10/14,13.11,13.27,12.93,13.01,6358409,83403544.00
2014/10/15,13.03,13.18,12.97,13.11,6488845,85019296.00
2014/10/16,13.04,13.34,12.87,13.05,6544464,86425328.00
2014/10/17,13.01,13.16,12.40,12.74,9290518,118304816.00
2014/10/20,12.72,13.18,12.67,13.17,5531446,71927992.00
2014/10/21,13.19,13.37,13.10,13.22,6332159,84010488.00
2014/10/22,13.24,13.32,12.76,12.77,4685353,61298104.00
2014/10/23,12.78,13.07,12.78,12.93,6354491,82428104.00
2014/10/24,12.92,13.37,12.82,13.37,8104625,107303480.00
2014/10/27,13.33,13.83,13.22,13.67,9545826,130435184.00
2014/10/28,13.65,13.97,13.57,13.96,10558803,146129456.00
2014/10/29,13.96,14.33,13.87,14.09,10493613,148589920.00
2014/10/30,14.17,14.33,13.81,13.87,8726334,122761384.00
2014/10/31,13.97,14.12,13.62,13.95,7852610,109555632.00
2014/11/03,13.95,14.22,13.95,14.22,8609923,122033616.00
2014/11/04,14.23,14.23,13.90,14.13,6925206,97814984.00
2014/11/05,14.13,14.13,13.67,13.83,5684415,78841288.00
2014/11/06,13.82,14.03,13.79,13.93,4570723,63755520.00
2014/11/07,13.95,14.03,13.62,13.76,6985084,96145440.00
2014/11/10,13.72,13.83,13.57,13.80,4474432,61336944.00
2014/11/11,13.88,13.98,13.22,13.30,7139061,96975032.00
2014/11/12,13.31,13.72,13.31,13.70,4189930,56820016.00
2014/11/13,13.69,13.72,13.11,13.28,5130736,68377032.00
2014/11/14,13.29,13.40,13.15,13.31,2412819,32055176.00
2014/11/17,13.36,13.71,13.08,13.64,3692926,49999820.00
2014/11/18,13.64,13.91,13.47,13.80,5182806,71269224.00
2014/11/19,13.77,13.99,13.73,13.80,3300499,45799268.00
2014/11/20,13.77,14.09,13.68,13.81,3726703,52062472.00
2014/11/21,13.77,14.76,13.72,14.57,13885446,199327440.00
2014/11/24,14.62,15.15,14.52,14.89,13509694,201546128.00
2014/11/25,14.97,15.65,14.86,15.47,11405822,175362160.00
2014/11/26,15.66,16.33,15.36,15.42,16847982,267684624.00
2014/11/27,15.52,15.85,15.11,15.42,10611905,163530544.00
2014/11/28,15.52,15.74,15.28,15.50,6885535,106665376.00
2014/12/01,15.43,15.47,14.62,14.67,8422974,126333840.00
2014/12/02,14.67,15.36,14.67,15.09,8070694,122091960.00
2014/12/03,15.09,15.17,14.43,14.98,8172704,121091552.00
2014/12/04,14.86,15.15,14.77,14.98,6732810,101082824.00
2014/12/05,15.00,15.00,14.11,14.62,9953891,145143936.00
2014/12/08,14.47,14.90,14.18,14.58,8426441,124029672.00
2014/12/09,14.72,14.72,13.85,13.85,9046671,128360064.00
2014/12/10,13.82,14.35,13.67,14.14,5631529,79522592.00
2014/12/11,14.19,14.87,14.14,14.61,8312184,121934352.00
2014/12/12,14.61,14.82,14.25,14.74,7205324,105223272.00
2014/12/15,14.67,14.92,14.38,14.82,8461850,124177752.00
2014/12/16,14.77,14.86,14.60,14.67,4629133,68219776.00
2014/12/17,14.62,14.75,14.08,14.24,5497962,79186600.00
2014/12/18,14.25,14.33,14.02,14.07,3937367,55726532.00
2014/12/19,14.02,14.07,13.37,13.49,7072911,96522672.00
2014/12/22,13.32,13.32,12.15,12.23,7827420,98261736.00
2014/12/23,12.25,12.72,12.25,12.42,4155667,52253560.00
2014/12/24,12.56,13.02,12.56,13.01,3777113,48550992.00
2014/12/25,12.97,13.03,12.70,12.88,2885907,37245872.00
2014/12/26,12.88,12.94,12.65,12.77,3451514,44116932.00
2014/12/29,12.75,12.75,12.20,12.30,4091643,50589540.00
2014/12/30,12.31,12.50,12.17,12.23,2160339,26642788.00
2014/12/31,12.25,12.50,12.05,12.12,3478495,42624852.00
2015/01/05,12.17,12.50,12.08,12.42,4278261,52773244.00
2015/01/06,12.30,13.01,12.27,12.98,7056718,89870640.00
2015/01/07,12.98,13.00,12.71,12.85,2852268,36621928.00
2015/01/08,12.84,12.89,12.66,12.76,2370365,30374396.00
2015/01/09,12.76,13.37,12.67,13.13,6521962,85866264.00
2015/01/12,13.27,13.57,13.16,13.25,6319018,84649504.00
2015/01/13,13.27,13.65,13.27,13.51,5430095,73384672.00
2015/01/14,13.38,13.82,13.37,13.59,5135133,70189000.00
2015/01/15,13.62,14.01,13.57,13.80,5758172,79758984.00
2015/01/16,13.81,14.07,13.62,13.65,5032688,69655312.00
2015/01/19,13.57,13.96,12.88,13.68,8309441,113808568.00
2015/01/20,13.77,14.72,13.77,14.67,12356920,178287968.00
2015/01/21,14.78,15.12,14.76,14.92,11436383,171377936.00
2015/01/22,14.86,15.21,14.65,14.99,8464811,127147224.00
2015/01/23,14.96,15.36,14.91,15.06,8061960,122166000.00
2015/01/26,15.27,16.25,15.27,16.17,15634449,249785728.00
2015/01/27,16.12,16.12,15.71,15.91,9259386,146722048.00
2015/01/28,15.91,16.27,15.57,15.63,9700964,155227408.00
2015/01/29,15.63,16.02,15.47,15.49,5512911,86559688.00
2015/01/30,15.49,15.74,14.89,15.21,6235316,95207416.00
2015/02/02,15.07,15.23,14.72,14.97,4537636,68154584.00
2015/02/03,15.04,15.35,14.97,15.27,4995287,75749064.00
2015/02/04,15.47,16.04,15.47,15.78,9435134,149943616.00
2015/02/05,15.75,15.98,15.58,15.65,5117274,81102704.00
2015/02/06,15.57,15.76,14.97,15.18,6322328,95819688.00
2015/02/09,15.08,15.50,14.81,14.85,4285094,65068900.00
2015/02/10,14.85,15.10,14.50,15.07,4902830,72566216.00
2015/02/11,14.95,15.30,14.95,15.07,3962115,59853252.00
2015/02/12,15.12,15.70,15.02,15.67,5559584,85673848.00
2015/02/13,15.82,16.13,15.77,15.86,6869949,109691704.00
2015/02/16,15.93,16.18,15.88,16.01,10336165,165629104.00
2015/02/17,16.22,17.06,16.01,16.75,10850161,179892368.00
2015/02/25,16.75,16.94,16.06,16.18,8664877,143343680.00
2015/02/26,16.18,16.47,16.06,16.21,6508200,105893824.00
2015/02/27,16.15,17.02,16.07,16.99,11186904,187632592.00
2015/03/02,17.38,18.35,17.38,18.24,14037342,251388672.00
2015/03/03,18.25,18.59,17.62,17.72,16233479,292534880.00
2015/03/04,17.72,18.06,17.42,17.94,7948741,140938848.00
2015/03/05,17.84,18.19,17.65,17.85,6608122,118509672.00
2015/03/06,18.07,18.72,17.68,17.69,8443241,153321360.00
2015/03/09,17.51,17.85,17.07,17.85,8906629,155390016.00
2015/03/10,17.85,18.69,17.68,18.29,11900486,218910784.00
2015/03/11,18.68,19.72,18.68,19.19,14933090,287615264.00
2015/03/12,19.20,20.57,19.10,20.26,17648190,356301248.00
2015/03/13,20.14,21.11,19.79,20.28,9812474,198816176.00
2015/03/16,20.38,21.73,20.38,21.16,11167262,234816352.00
2015/03/17,21.17,21.33,20.27,20.61,13093389,270525376.00
2015/03/18,20.57,21.07,20.17,20.69,9465838,196388256.00
2015/03/19,20.68,20.68,20.13,20.38,9993254,203546064.00
2015/03/20,20.47,20.81,20.36,20.81,7638279,157467504.00
2015/03/23,20.85,22.89,20.85,22.89,18108559,408482912.00
2015/03/24,23.37,24.96,22.30,24.20,20833596,490551264.00
2015/03/25,24.20,26.62,23.78,26.62,34953904,904388672.00
2015/03/26,26.63,28.95,25.27,27.30,29972576,826498496.00
2015/03/27,27.17,28.15,25.84,26.97,15821522,428106464.00
2015/03/30,27.25,28.57,26.97,27.15,14221716,394123008.00
2015/03/31,27.06,28.22,25.47,27.38,18726883,503229216.00
2015/04/01,26.98,30.12,26.98,30.12,20398240,595153216.00
2015/04/02,30.82,32.96,30.12,31.46,24272954,757333760.00
2015/04/03,31.42,31.60,30.30,31.17,16154199,501484672.00
2015/04/07,31.20,32.27,29.88,31.11,16373494,505759776.00
2015/04/08,30.46,32.67,29.57,30.55,22175513,683375872.00
2015/04/09,30.54,30.54,27.49,29.06,25431441,720158912.00
2015/04/10,28.26,29.87,28.15,29.42,10727535,314454208.00
2015/04/13,29.43,31.90,28.37,30.62,17210351,521646208.00
2015/04/14,30.57,31.27,29.48,29.67,10441276,316712192.00
2015/04/15,30.42,30.45,27.77,27.97,13043060,372601696.00
2015/04/16,27.27,28.82,26.97,27.80,8804177,246825520.00
2015/04/17,28.41,28.82,28.07,28.15,10652961,302494080.00
2015/04/20,28.15,28.15,25.33,25.78,16260000,435916384.00
2015/04/21,25.69,27.25,25.69,27.14,11977193,321836992.00
2015/04/22,27.35,29.15,27.35,28.42,14909948,425282464.00
2015/04/23,28.78,29.77,28.57,28.72,15006563,436239968.00
2015/04/24,28.88,30.60,28.87,29.49,24504424,724506816.00
2015/04/27,29.97,30.27,28.18,28.76,22706697,655139584.00
2015/04/28,28.30,28.30,25.88,26.11,26735627,714560064.00
2015/04/29,26.11,26.77,25.12,26.37,9314226,245886160.00
2015/04/30,26.37,26.79,25.82,26.12,12520022,330418464.00
2015/05/04,27.07,27.47,26.77,26.93,17849498,484348672.00
2015/05/05,26.97,26.97,26.12,26.14,10940878,290450848.00
2015/05/26,28.76,28.76,28.76,28.76,170277,4902275.00
2015/05/27,31.64,31.64,31.64,31.64,184068,5829433.50
2015/05/28,34.81,34.81,34.81,34.81,1896099,66060088.00
2015/05/29,38.29,38.29,38.29,38.29,4582971,175619456.00
2015/06/01,42.12,42.12,41.03,42.12,21369662,900144192.00
2015/06/02,43.97,44.22,39.97,41.57,57386304,2368756992.00
2015/06/03,41.87,43.78,40.48,43.17,52273988,2200125696.00
2015/06/04,43.17,45.22,38.85,41.92,44743564,1863261184.00
2015/06/05,41.17,42.42,38.92,39.92,33464954,1360477312.00
2015/06/08,39.88,41.25,38.07,38.47,22578823,884906688.00
2015/06/09,38.57,39.58,38.17,38.80,18489813,717762496.00
2015/06/10,38.62,40.40,38.61,39.57,20125332,799933056.00
2015/06/11,39.35,40.17,38.98,39.62,14288656,565118720.00
2015/06/12,39.72,41.62,39.17,40.40,25317491,1024929984.00
2015/06/15,40.37,41.25,37.77,38.07,21355659,833746752.00
2015/06/16,37.42,37.42,34.87,36.27,17337532,628212416.00
2015/06/17,36.57,37.58,34.92,37.27,13497736,489830816.00
2015/06/18,37.25,37.25,34.97,35.17,10531825,383213088.00
2015/06/19,34.37,34.90,31.65,31.67,11696435,393498784.00
2015/06/23,32.23,34.45,29.98,34.25,15471043,507312672.00
2015/06/24,34.97,36.64,34.41,35.26,18296186,651300288.00
2015/06/25,36.47,36.47,32.07,33.07,14129932,493183488.00
2015/06/26,31.97,32.47,29.76,29.76,15318574,474995200.00
2015/06/29,30.47,30.96,26.78,27.27,24610524,699580800.00
2015/06/30,27.38,30.00,27.38,30.00,28459484,819580544.00
2015/07/01,30.87,32.96,28.87,30.33,30478495,962121600.00
2015/07/02,30.87,31.45,27.37,27.89,21878247,644196160.00
2015/07/03,26.42,29.94,25.10,26.17,23776558,634739264.00
2015/07/06,28.79,28.79,25.47,27.67,34416906,952848832.00
2015/07/07,25.97,27.27,24.90,24.90,14652503,374006816.00
2015/07/13,27.39,27.39,27.39,27.39,1181529,32397526.00
2015/07/14,30.13,30.13,30.13,30.13,2065545,62296836.00
2015/07/15,30.94,30.94,27.11,27.11,23191391,661675200.00
2015/07/16,25.97,28.22,24.51,27.90,22112161,593536512.00
2015/07/17,27.96,29.95,27.72,29.30,21877674,636513152.00
2015/07/20,29.18,31.25,28.89,30.11,26764182,804758848.00
2015/07/21,29.21,30.50,29.00,29.80,17295055,517376512.00
2015/07/22,30.51,30.89,29.33,30.03,17288148,520932160.00
2015/07/23,30.27,30.99,29.80,30.84,21938752,668880384.00
2015/07/24,31.10,32.60,29.90,30.85,29901842,948371776.00
2015/07/27,30.80,32.22,27.77,27.77,31083754,956167040.00
2015/07/28,25.99,28.14,25.08,26.10,20943223,554003648.00
2015/07/29,26.75,27.84,25.10,27.80,17613558,462287008.00
2015/07/30,27.70,27.98,25.70,25.78,17480927,474988032.00
2015/07/31,25.90,27.48,25.35,26.35,14897512,392755264.00
2015/08/03,26.00,26.26,23.72,23.76,15055765,369588608.00
2015/08/04,24.00,25.80,23.50,25.65,13907293,343377760.00
2015/08/05,25.50,26.25,24.50,24.85,14935606,380417376.00
2015/08/06,24.03,26.50,23.80,25.92,18184935,467811168.00
2015/08/07,26.03,27.36,26.03,27.18,18016386,482989440.00
2015/08/10,27.50,29.40,26.90,28.77,23393488,655527360.00
2015/08/11,28.43,29.40,28.11,28.36,16339068,469756576.00
2015/08/12,27.98,28.35,26.50,26.66,15912474,435479200.00
2015/08/13,26.41,27.23,26.10,27.18,11933889,318745536.00
2015/08/14,27.16,27.38,26.86,26.90,11824784,320529184.00
2015/08/17,26.95,27.29,26.70,27.25,10147518,274341664.00
2015/08/18,27.99,28.15,24.54,25.06,19479723,516863360.00
2015/08/19,24.50,25.84,23.60,25.70,11887690,294786688.00
2015/08/20,25.27,26.55,25.25,25.45,9227098,238541664.00
2015/08/21,24.31,25.26,23.85,23.91,7617923,186494256.00
2015/08/24,22.80,22.80,21.52,21.52,4452429,96773400.00
2015/08/25,19.37,19.53,19.37,19.37,5519275,106930192.00
2015/08/26,18.80,19.35,17.43,17.43,20544903,369041440.00
2015/08/27,17.45,18.30,15.91,17.18,17824458,299738208.00
2015/08/28,17.98,18.90,17.50,18.90,19947640,367326112.00
2015/08/31,19.05,19.32,18.08,18.14,16147923,301497376.00
2015/09/01,18.18,18.25,16.33,16.33,11476780,193652384.00
2015/10/19,17.96,17.96,17.96,17.96,127896,2297012.25
2015/10/20,19.76,19.76,19.76,19.76,170308,3365286.00
2015/10/21,21.74,21.74,21.74,21.74,649610,14122521.00
2015/10/22,23.91,23.91,23.91,23.91,1398407,33435912.00
2015/10/23,26.30,26.30,26.30,26.30,4101404,107866928.00
2015/10/26,28.80,28.93,27.38,28.93,69739841,1981016960.00
2015/10/29,28.00,28.30,26.55,27.80,47156139,1301573760.00
2015/10/30,27.31,28.90,26.41,27.01,36012802,993674560.00
2015/11/02,25.80,26.66,25.11,25.38,24482783,634213120.00
2015/11/03,25.50,26.81,25.50,25.99,22230566,581084352.00
2015/11/04,26.23,27.50,25.96,27.48,26519481,710390400.00
2015/11/05,27.30,27.67,26.45,27.08,23928431,646809152.00
2015/11/06,27.03,28.35,27.00,27.60,22152916,613652800.00
2015/11/09,27.23,28.88,26.22,28.23,32806116,909769344.00
2015/11/10,27.88,29.92,27.75,28.87,31939299,927063104.00
2015/11/11,28.56,29.29,28.00,29.12,24489737,703543424.00
2015/11/12,29.25,32.00,29.21,31.47,40964858,1253601792.00
2015/11/13,30.68,32.88,29.87,30.68,34067797,1064762048.00
2015/11/16,30.70,30.70,29.66,30.47,18144681,545976576.00
2015/11/17,30.59,31.26,29.21,29.28,20623527,622630656.00
2015/11/18,29.95,30.44,28.61,28.82,18148195,539066176.00
2015/11/19,29.08,30.08,28.63,29.86,17891029,525393888.00
2015/11/20,29.86,29.94,29.18,29.58,14417827,426752384.00
2015/11/23,29.35,29.55,28.50,28.58,13643893,395867904.00
2015/11/24,28.45,28.99,27.88,28.83,10505458,298815584.00
2015/11/25,28.86,30.15,28.70,30.03,18638606,552528448.00
2015/11/26,31.76,32.00,29.43,29.57,21619379,657623744.00
2015/11/27,29.09,29.42,26.80,27.03,17062892,481263296.00
2015/11/30,27.29,27.89,26.00,27.70,13727316,374121184.00
2015/12/01,27.98,28.48,27.00,27.55,9810870,272661248.00
2015/12/02,27.56,28.10,26.21,27.10,8710433,237071248.00
2015/12/03,27.23,27.80,26.96,27.69,8020397,219767280.00
2015/12/04,27.80,28.75,27.69,28.14,10690944,300664864.00
2015/12/07,28.28,28.40,27.59,27.92,7781641,217154080.00
2015/12/08,27.89,27.89,26.82,26.88,7650571,208641696.00
2015/12/09,26.78,27.65,26.58,27.37,8807523,239371456.00
2015/12/10,27.48,27.50,26.75,26.80,7490156,202850896.00
2015/12/11,26.60,27.09,26.58,26.68,4930659,132395288.00
2015/12/14,26.86,27.80,26.86,27.62,7928507,217359424.00
2015/12/15,27.81,28.95,27.45,28.90,14066866,398602400.00
2015/12/16,29.25,29.95,28.96,29.17,17951539,529123232.00
2015/12/17,29.44,31.00,29.40,29.95,18857398,567887360.00
2015/12/18,30.16,30.45,29.14,29.30,12903410,382010464.00
2015/12/21,29.60,30.68,29.58,30.10,14381803,433004832.00
2015/12/22,29.91,30.18,29.45,29.72,9806481,291849728.00
2015/12/23,29.98,30.00,28.84,28.98,9562015,280932672.00
2015/12/24,28.71,28.78,27.66,28.25,9188709,259227920.00
2015/12/25,28.30,29.11,28.30,29.00,6788286,194980352.00
2015/12/28,29.07,30.17,28.86,28.90,13904018,410698720.00
2015/12/29,29.07,30.29,28.90,30.11,13664081,403997984.00
2015/12/30,30.20,30.22,29.55,29.97,11501194,343957600.00
2015/12/31,29.84,30.69,29.60,29.60,13135198,396998560.00
2016/01/04,29.30,29.45,26.64,26.64,10629989,296283136.00
2016/01/05,24.08,26.55,24.08,25.55,14033223,358044416.00
2016/01/06,25.69,26.20,25.31,25.98,9979083,257501536.00
2016/01/07,25.47,25.47,23.38,23.38,2631700,63650872.00
2016/01/08,24.03,24.35,21.78,23.54,10382682,244360256.00
2016/01/11,25.89,25.89,25.39,25.89,37512582,970690944.00
2016/01/12,24.63,25.19,23.72,24.36,22812640,561866688.00
2016/01/13,24.36,25.20,23.45,23.49,15668823,385042432.00
2016/01/14,22.46,24.75,22.01,24.35,17352161,403475968.00
2016/01/15,24.00,24.36,22.37,22.90,12795235,301215744.00
2016/01/18,22.03,24.28,22.03,23.80,13198932,311088512.00
2016/01/19,23.49,25.44,23.45,25.10,15003136,367478624.00
2016/01/20,25.00,26.29,24.92,25.64,20650923,531762592.00
2016/01/21,25.24,26.47,24.68,24.68,19514198,500170208.00
2016/01/22,25.15,25.81,24.30,25.70,14739106,370728160.00
2016/01/25,26.17,26.63,25.50,25.80,14674805,382905952.00
2016/01/26,25.25,25.45,23.22,23.22,15471108,376397216.00
2016/01/27,23.05,23.60,21.15,23.07,13310286,298374784.00
2016/01/28,22.50,22.90,20.90,20.98,10465959,231175168.00
2016/01/29,21.16,22.49,20.80,22.08,9729448,211605920.00
2016/02/01,21.50,21.65,20.45,20.96,10364291,219870288.00
2016/02/02,21.15,22.25,21.10,21.90,9342311,203036176.00
2016/02/03,21.55,22.29,21.12,21.99,8885250,191796688.00
2016/02/04,21.99,22.87,21.99,22.51,10008345,224742048.00
2016/02/05,22.68,22.69,22.00,22.10,6871090,153173120.00
2016/02/15,21.00,21.94,20.80,21.71,6655928,142217728.00
2016/02/16,21.85,23.13,21.85,22.99,11169924,253388784.00
2016/02/17,22.98,24.20,22.76,23.99,17383862,407645664.00
2016/02/18,24.80,25.20,23.96,24.04,20245014,499580960.00
2016/02/19,23.85,24.89,23.71,24.65,13822817,338184160.00
2016/02/22,24.99,25.33,24.70,25.05,14426338,360190592.00
2016/02/23,24.90,25.05,24.03,24.69,12492971,308287168.00
2016/02/24,24.50,24.75,23.86,24.43,9831762,238903424.00
2016/02/25,24.70,24.95,21.99,22.09,17296993,406517024.00
2016/02/26,22.44,22.65,21.41,22.14,9254230,204712240.00
2016/02/29,22.00,22.01,19.98,20.25,9543846,195346416.00
2016/03/01,20.48,21.30,19.92,21.08,9515342,196286688.00
2016/03/02,21.00,22.27,21.00,22.19,9957669,214987952.00
2016/03/03,22.15,23.37,22.01,22.87,13811605,312208032.00
2016/03/04,22.60,22.75,21.02,21.36,11848605,259287184.00
2016/03/07,21.60,22.36,21.60,21.82,6451557,141642272.00
2016/03/08,21.85,21.97,20.50,21.93,7213878,153651520.00
2016/03/09,21.35,21.81,21.11,21.32,4851108,103878000.00
数据来源:通达信
