000687 华讯方舟 日线 前复权
      日期	    开盘	    最高	    最低	    收盘	    成交量	    成交额
2011/01/04,5.74,5.87,5.71,5.71,3438134,19910156.00
2011/01/05,5.70,5.83,5.70,5.79,2067095,11907149.00
2011/01/06,5.74,5.87,5.67,5.83,4170237,24065596.00
2011/01/07,5.78,5.90,5.78,5.82,4078091,23834996.00
2011/01/10,5.82,5.88,5.63,5.67,3338630,19068596.00
2011/01/11,5.62,5.62,5.47,5.50,5288755,29162984.00
2011/01/12,5.55,5.64,5.49,5.62,2427241,13465876.00
2011/01/13,5.64,5.88,5.62,5.86,7129342,41225580.00
2011/01/14,5.82,5.89,5.74,5.79,3838934,22284296.00
2011/01/17,5.78,5.82,5.64,5.68,3378531,19369698.00
2011/01/18,5.70,5.74,5.48,5.53,2726912,15226073.00
2011/01/19,5.49,5.62,5.49,5.60,1921010,10721564.00
2011/01/20,5.60,5.83,5.52,5.73,5732991,32738898.00
2011/01/21,5.71,5.97,5.64,5.89,7563210,44094804.00
2011/01/24,5.86,5.97,5.79,5.86,4617739,27178370.00
2011/01/25,5.85,5.95,5.53,5.65,6206877,35556796.00
2011/01/26,5.63,5.83,5.61,5.81,2956317,17005156.00
2011/01/27,5.76,5.89,5.70,5.87,5119144,29865166.00
2011/01/28,5.85,5.89,5.76,5.87,2940919,17145030.00
2011/01/31,5.87,5.92,5.81,5.85,3584707,21033194.00
2011/02/01,5.86,5.91,5.82,5.87,3458589,20281632.00
2011/02/09,5.90,6.12,5.84,6.07,9831774,59268660.00
2011/02/10,6.09,6.18,6.00,6.15,7118432,43413428.00
2011/02/11,6.15,6.29,6.06,6.25,8680195,53590904.00
2011/02/14,6.22,6.36,6.14,6.28,7831112,49141004.00
2011/02/15,6.30,6.31,6.13,6.14,10031110,62328692.00
2011/02/16,6.13,6.25,6.13,6.25,7784728,48192976.00
2011/02/17,6.24,6.24,6.13,6.18,5055082,31226522.00
2011/02/18,6.19,6.55,6.18,6.41,17607727,113051000.00
2011/02/21,6.39,6.57,6.39,6.48,9643911,62294696.00
2011/02/22,6.46,6.50,6.16,6.28,8596590,54244592.00
2011/02/23,6.28,6.38,6.20,6.37,5513417,34767164.00
2011/02/24,6.30,6.47,6.27,6.47,6654634,42699492.00
2011/02/25,6.53,6.79,6.52,6.58,15853676,105148072.00
2011/02/28,6.59,6.71,6.50,6.65,11055219,73228192.00
2011/03/01,6.65,6.74,6.60,6.68,10124753,67607904.00
2011/03/02,6.68,6.68,6.51,6.60,7656330,50351508.00
2011/03/03,6.56,6.62,6.43,6.44,5548599,36188648.00
2011/03/07,6.63,6.71,6.53,6.63,7453753,49195460.00
2011/03/08,6.63,6.71,6.48,6.56,5805409,38193596.00
2011/03/09,6.54,6.59,6.49,6.58,4352193,28480808.00
2011/03/10,6.56,6.67,6.50,6.60,5560833,36701216.00
2011/03/11,6.60,6.98,6.56,6.86,23157211,158360592.00
2011/03/14,6.86,6.95,6.75,6.89,11060008,75805880.00
2011/03/15,6.89,6.95,6.72,6.94,13935223,94959432.00
2011/03/16,6.90,7.14,6.86,7.07,13328856,93913488.00
2011/03/17,7.00,7.03,6.78,6.82,9418509,65147364.00
2011/03/18,6.84,7.12,6.84,7.06,10996762,77616408.00
2011/03/22,7.01,7.09,6.75,6.93,7604663,52275932.00
2011/03/23,6.92,7.10,6.82,7.06,9080003,63441364.00
2011/03/24,7.16,7.27,7.00,7.17,14374795,102608952.00
2011/03/25,7.10,7.24,7.07,7.17,10515562,75165696.00
2011/03/28,7.16,7.35,7.04,7.26,13683461,98526616.00
2011/03/29,7.22,7.35,7.10,7.13,12266376,88782568.00
2011/03/30,7.13,7.13,6.81,6.84,10987807,76266096.00
2011/03/31,6.86,6.91,6.60,6.67,8407830,56506284.00
2011/04/01,6.66,6.84,6.64,6.84,6104421,41280480.00
2011/04/07,6.75,6.93,6.70,6.85,6067165,41458376.00
2011/04/08,6.85,7.07,6.80,7.06,8918903,61751460.00
2011/04/11,7.01,7.18,6.93,6.97,8975668,63199064.00
2011/04/12,7.03,7.14,6.97,7.02,6364645,44770468.00
2011/04/13,7.01,7.02,6.87,6.97,6943102,48151404.00
2011/04/14,7.00,7.14,6.93,7.02,8800444,62012132.00
2011/04/15,7.03,7.13,6.99,7.12,9099458,64439744.00
2011/04/18,7.12,7.41,7.07,7.26,16367882,119285224.00
2011/04/19,7.23,7.30,7.07,7.13,11304100,80955256.00
2011/04/20,7.15,7.18,7.08,7.10,7107871,50558900.00
2011/04/21,7.15,7.22,7.08,7.20,8592854,61516788.00
2011/04/22,7.20,7.22,6.99,7.02,10341715,73120264.00
2011/04/25,6.99,7.00,6.67,6.71,7392933,50298484.00
2011/04/26,6.71,6.77,6.63,6.74,5612341,37529388.00
2011/04/27,6.73,6.83,6.61,6.70,3506807,23639190.00
2011/04/28,6.75,6.76,6.37,6.40,3946005,25758466.00
2011/04/29,6.40,6.52,6.34,6.51,3357122,21566832.00
2011/05/03,6.52,6.68,6.48,6.67,4521073,29789374.00
2011/05/04,6.62,6.62,6.45,6.46,4784859,31300474.00
2011/05/05,6.39,6.56,6.39,6.54,2411682,15637115.00
2011/05/06,6.47,6.58,6.44,6.56,2481686,16216741.00
2011/05/09,6.55,6.58,6.49,6.52,2287309,14941304.00
2011/05/10,6.53,6.67,6.46,6.62,4604859,30341460.00
2011/05/11,6.61,6.76,6.58,6.62,8677403,57750744.00
2011/05/12,6.56,6.57,6.45,6.48,4863544,31677844.00
2011/05/13,6.48,6.53,6.38,6.51,4477280,28861182.00
2011/05/16,6.52,6.72,6.51,6.55,7059404,46899148.00
2011/05/17,6.51,6.66,6.45,6.61,5840652,38301348.00
2011/05/18,6.59,6.71,6.56,6.68,5005912,33336204.00
2011/05/19,6.72,6.91,6.66,6.90,13401998,91734008.00
2011/05/20,6.88,6.96,6.78,6.81,7718746,53086668.00
2011/05/23,6.77,6.85,6.52,6.53,4968211,33270196.00
2011/05/24,6.53,6.60,6.47,6.60,3310687,21665352.00
2011/05/25,6.59,6.67,6.37,6.39,3926626,25536602.00
2011/05/26,6.40,6.46,6.16,6.19,6102372,38570732.00
2011/05/27,6.19,6.24,5.90,5.92,4164183,25174234.00
2011/05/31,5.90,5.96,5.66,5.90,8264993,47965596.00
2011/06/01,5.86,6.08,5.85,6.06,6247818,37517768.00
2011/06/02,5.99,6.09,5.89,5.96,2909816,17393608.00
2011/06/03,5.98,6.04,5.90,5.99,3046846,18284410.00
2011/06/07,6.00,6.14,5.97,6.08,4208681,25558756.00
2011/06/08,6.08,6.08,5.92,6.04,2334657,14023929.00
2011/06/09,6.01,6.19,5.95,6.16,6680143,40622732.00
2011/06/10,6.15,6.18,5.88,6.09,7357244,44512176.00
2011/06/13,6.00,6.09,5.85,6.06,5071608,30361600.00
2011/06/14,6.10,6.15,6.00,6.08,7069710,42868312.00
2011/06/15,6.11,6.11,5.93,6.00,3832272,22969886.00
2011/06/16,5.99,5.99,5.70,5.81,2939267,17078522.00
2011/06/17,5.79,5.82,5.59,5.59,1960810,11180055.00
2011/06/20,5.64,5.64,5.45,5.49,1764601,9741189.00
2011/06/21,5.55,5.60,5.49,5.57,1556093,8649631.00
2011/06/22,5.58,5.59,5.52,5.55,1306720,7268599.50
2011/06/23,5.56,5.70,5.46,5.68,3334999,18669112.00
2011/06/24,5.64,5.91,5.61,5.90,8562867,49366004.00
2011/06/27,5.85,6.25,5.83,5.95,8001781,47443368.00
2011/06/28,5.92,5.96,5.85,5.92,2258532,13331992.00
2011/06/29,5.93,5.94,5.77,5.80,2827935,16601744.00
2011/06/30,5.80,5.89,5.80,5.85,3482808,20382410.00
2011/07/01,5.84,5.90,5.84,5.87,2258483,13259277.00
2011/07/04,5.87,6.04,5.87,6.03,5254620,31434034.00
2011/07/05,6.04,6.06,5.94,6.03,4691684,28112374.00
2011/07/06,6.02,6.04,5.96,6.02,3213762,19300746.00
2011/07/07,6.02,6.12,5.96,5.98,4935400,29779362.00
2011/07/08,5.99,6.05,5.92,6.00,3404268,20323614.00
2011/07/11,5.93,6.08,5.93,6.07,4338564,26128908.00
2011/07/12,6.03,6.03,5.95,6.00,2673717,16043566.00
2011/07/13,6.00,6.16,6.00,6.15,6118227,37330284.00
2011/07/14,6.28,6.49,6.24,6.26,15566899,98599440.00
2011/07/15,6.19,6.34,6.11,6.29,7351829,45938008.00
2011/07/18,6.29,6.42,6.22,6.38,7470373,47569088.00
2011/07/19,6.36,6.36,6.18,6.22,4351123,27242468.00
2011/07/20,6.25,6.32,6.08,6.16,6388332,39404304.00
2011/07/21,6.15,6.15,5.98,5.99,4314346,26156738.00
2011/07/22,6.03,6.07,5.95,5.99,3590207,21608268.00
2011/07/25,6.00,6.03,5.75,5.79,4811519,28182336.00
2011/07/26,5.80,5.84,5.67,5.75,4812045,27560280.00
2011/07/27,5.75,5.89,5.71,5.88,3518606,20468130.00
2011/07/28,5.83,5.86,5.72,5.83,2339705,13549289.00
2011/07/29,5.82,5.86,5.74,5.80,2186679,12681818.00
2011/08/01,5.93,6.25,5.91,6.10,14625251,89373848.00
2011/08/02,6.01,6.06,5.87,6.02,6678028,39745232.00
2011/08/03,5.95,6.09,5.92,5.99,3872394,23332998.00
2011/08/04,6.00,6.14,5.98,6.13,4791138,29028984.00
2011/08/05,5.98,6.11,5.90,6.06,5307660,31968942.00
2011/08/08,5.99,5.99,5.45,5.51,8993451,50614644.00
2011/08/09,5.35,5.53,5.15,5.48,5014386,27036174.00
2011/08/10,5.58,5.63,5.49,5.51,4333733,24163118.00
2011/08/11,5.38,5.61,5.32,5.60,3554016,19634272.00
2011/08/12,5.62,5.72,5.60,5.67,3907883,22115576.00
2011/08/15,5.67,5.82,5.67,5.75,3620059,20800446.00
2011/08/16,5.76,5.82,5.66,5.68,2382362,13670115.00
2011/08/17,5.68,5.73,5.65,5.68,1694296,9643571.00
2011/08/18,5.66,5.71,5.54,5.55,2454163,13760819.00
2011/08/19,5.30,5.49,5.30,5.43,2778045,15047542.00
2011/08/22,5.41,5.50,5.38,5.39,2545896,13839876.00
2011/08/23,5.42,5.50,5.39,5.50,2404631,13090207.00
2011/08/24,5.55,5.57,5.44,5.45,2964032,16299643.00
2011/08/25,5.48,5.61,5.48,5.60,3574711,19890486.00
2011/08/26,5.57,5.68,5.56,5.63,3413237,19233780.00
2011/08/29,5.62,5.71,5.54,5.67,4419572,24914456.00
2011/08/30,5.70,5.78,5.66,5.71,4696642,26907218.00
2011/08/31,5.72,5.73,5.50,5.70,3980537,22369484.00
2011/09/01,5.65,5.71,5.55,5.60,2175740,12227937.00
2011/09/02,5.55,5.62,5.51,5.53,1864755,10364085.00
2011/09/05,5.50,5.50,5.42,5.42,1141313,6222557.00
2011/09/06,5.43,5.48,5.36,5.40,1759712,9538916.00
2011/09/07,5.46,5.57,5.42,5.55,2007201,11043359.00
2011/09/08,5.56,5.62,5.46,5.46,1512662,8382571.50
2011/09/09,5.44,5.55,5.41,5.42,1415146,7721593.50
2011/09/13,5.30,5.39,5.29,5.36,1922588,10290320.00
2011/09/14,5.40,5.60,5.37,5.55,7661343,42241764.00
2011/09/15,5.56,6.03,5.56,5.96,25638190,149985360.00
2011/09/16,5.89,6.02,5.82,5.97,10790146,64040088.00
2011/09/19,5.91,6.06,5.88,5.94,7918648,47301928.00
2011/09/20,5.94,6.00,5.85,5.98,5334941,31695586.00
2011/09/21,5.99,6.18,5.98,6.09,14440260,87900568.00
2011/09/22,6.03,6.03,5.90,5.90,6563541,39026616.00
2011/09/23,5.85,5.94,5.80,5.84,5813158,34133528.00
2011/09/26,5.86,6.03,5.70,5.76,7144876,42151368.00
2011/09/27,5.82,6.03,5.77,5.98,7711147,45629940.00
2011/09/28,6.01,6.09,5.86,5.93,5649785,33807224.00
2011/09/29,5.87,5.88,5.37,5.39,6585834,36906896.00
2011/09/30,5.40,5.57,5.38,5.44,2506837,13693672.00
2011/10/10,5.47,5.53,5.31,5.37,2951157,16088869.00
2011/10/11,5.52,5.55,5.25,5.34,4232387,22814754.00
2011/10/12,5.34,5.77,5.31,5.72,6878664,38566748.00
2011/10/13,5.77,5.98,5.72,5.90,9163863,53697092.00
2011/10/17,6.08,6.10,5.86,5.90,8324922,49639592.00
2011/10/18,5.79,5.89,5.65,5.67,4007001,23057436.00
2011/10/19,5.65,5.73,5.55,5.58,2337605,13182464.00
2011/10/20,5.56,5.57,5.35,5.48,2895088,15711330.00
2011/10/21,5.42,5.68,5.42,5.45,3057222,16895976.00
2011/10/24,5.47,5.60,5.30,5.59,3927247,21517190.00
2011/10/25,5.57,5.73,5.54,5.72,3951635,22358214.00
2011/10/26,5.68,5.82,5.61,5.76,5040124,29034968.00
2011/10/27,5.80,5.96,5.77,5.87,6713531,39434480.00
2011/10/28,5.92,6.03,5.89,5.93,6070887,36146348.00
2011/10/31,5.95,6.05,5.74,5.86,6348585,37021600.00
2011/11/01,5.76,6.04,5.76,6.03,6270715,37293544.00
2011/11/02,5.90,6.20,5.88,6.17,11103002,67436968.00
2011/11/03,6.19,6.31,6.07,6.07,13154356,81477840.00
2011/11/04,6.11,6.17,6.05,6.08,6295701,38362632.00
2011/11/07,6.09,6.18,6.05,6.13,4951800,30334886.00
2011/11/08,6.14,6.37,6.13,6.28,11080924,69500296.00
2011/11/09,6.29,6.31,6.14,6.28,6150084,38371224.00
2011/11/10,6.27,6.35,6.17,6.28,5395567,33838664.00
2011/11/11,6.29,6.32,6.21,6.28,3894420,24374096.00
2011/11/14,6.30,6.36,6.27,6.32,5220709,32979898.00
2011/11/15,6.32,6.34,5.95,6.14,18530766,112862600.00
2011/11/16,6.07,6.07,5.86,5.90,10767937,63912168.00
2011/11/17,5.90,5.96,5.81,5.86,4420535,25985166.00
2011/11/18,5.80,5.95,5.79,5.89,5613055,33019402.00
2011/11/21,5.90,6.03,5.84,5.94,7253693,43160376.00
2011/11/22,5.86,5.89,5.60,5.72,5687489,32593518.00
2011/11/23,5.69,5.74,5.57,5.57,3245089,18369130.00
2011/11/24,5.58,5.64,5.44,5.58,2894653,16075569.00
2011/11/25,5.58,5.64,5.49,5.55,2235072,12464332.00
2011/11/28,5.56,5.60,5.50,5.56,1893738,10534395.00
2011/11/29,5.61,5.76,5.59,5.76,3974478,22636540.00
2011/11/30,5.74,5.79,5.54,5.65,4224400,23851620.00
2011/12/01,5.73,5.83,5.66,5.71,4081907,23450018.00
2011/12/02,5.70,5.73,5.46,5.54,3693073,20474972.00
2011/12/05,5.50,5.54,5.25,5.25,3100020,16585712.00
2011/12/06,5.25,5.31,5.16,5.26,1650131,8674168.00
2011/12/07,5.29,5.34,5.24,5.26,1696478,8951506.00
2011/12/08,5.23,5.33,5.12,5.29,1928626,10100992.00
2011/12/09,5.22,5.28,5.18,5.22,1191880,6234872.50
2011/12/12,5.23,5.24,5.08,5.08,1251207,6448893.50
2011/12/13,5.04,5.04,4.76,4.82,3339431,16266196.00
2011/12/14,4.80,4.87,4.60,4.61,2139718,10149422.00
2011/12/15,4.62,4.62,4.38,4.40,3400768,15148726.00
2011/12/16,4.39,4.54,4.36,4.49,1894494,8416957.00
2011/12/19,4.49,4.74,4.37,4.70,4493352,20728632.00
2011/12/20,4.64,4.75,4.63,4.67,1691428,7936514.50
2011/12/21,4.70,4.74,4.49,4.49,1415048,6512800.00
2011/12/22,4.40,4.49,4.29,4.42,1539274,6760226.00
2011/12/23,4.40,4.53,4.37,4.48,1368577,6130290.50
2011/12/26,4.42,4.60,4.39,4.40,2015080,9032247.00
2011/12/27,4.40,4.45,4.35,4.36,850363,3726195.50
2011/12/28,4.33,4.42,4.20,4.34,983613,4225754.50
2011/12/29,4.30,4.39,4.30,4.31,975870,4235711.00
2011/12/30,4.35,4.41,4.31,4.37,1289169,5632486.00
2012/01/04,4.42,4.45,4.23,4.23,1195200,5212060.50
2012/01/05,4.22,4.23,3.81,3.87,3710567,14891168.00
2012/01/06,3.85,3.95,3.72,3.93,3819294,14550607.00
2012/01/09,3.93,4.09,3.86,4.08,2460226,9826224.00
2012/01/10,4.08,4.26,4.05,4.22,3614459,15141082.00
2012/01/11,4.26,4.26,4.10,4.21,4098758,17083122.00
2012/01/12,4.18,4.39,4.17,4.24,3648010,15668706.00
2012/01/13,4.24,4.28,4.04,4.05,2730508,11229510.00
2012/01/16,4.05,4.06,3.96,3.97,1638223,6572815.50
2012/01/17,3.99,4.21,3.92,4.21,2710171,11142696.00
2012/01/18,4.21,4.32,4.18,4.32,5042203,21471052.00
2012/01/19,4.30,4.38,4.23,4.38,3292729,14317923.00
2012/01/20,4.38,4.44,4.32,4.40,2744276,12069524.00
2012/01/30,4.40,4.44,4.30,4.33,2375806,10353718.00
2012/01/31,4.32,4.35,4.15,4.27,2225118,9407335.00
2012/02/01,4.24,4.26,4.15,4.20,1765637,7416092.00
2012/02/02,4.22,4.32,4.20,4.31,2114048,8976723.00
2012/02/03,4.29,4.44,4.29,4.42,2886748,12604733.00
2012/02/06,4.44,4.49,4.35,4.49,3138249,13892810.00
2012/02/07,4.48,4.48,4.33,4.39,2233589,9761876.00
2012/02/08,4.39,4.48,4.33,4.48,2239993,9940483.00
2012/02/09,4.46,4.57,4.44,4.54,3650230,16518701.00
2012/02/10,4.54,4.69,4.50,4.60,4200716,19289272.00
2012/02/13,4.50,4.68,4.49,4.59,2798029,12874134.00
2012/02/14,4.59,4.66,4.46,4.60,4907886,22372834.00
2012/02/15,4.54,4.72,4.53,4.71,5705431,26522938.00
2012/02/16,4.71,4.88,4.70,4.78,6764898,32435052.00
2012/02/17,4.79,4.81,4.63,4.80,3617955,17131566.00
2012/02/20,4.86,4.89,4.78,4.80,3114271,15102874.00
2012/02/21,4.80,4.88,4.71,4.84,4182500,20021814.00
2012/02/22,4.82,4.89,4.80,4.89,3720624,18045094.00
2012/02/23,4.87,4.90,4.78,4.89,3394191,16418629.00
2012/02/24,4.88,4.93,4.83,4.90,4328625,21157508.00
2012/02/27,4.88,5.06,4.88,5.01,5775426,28723654.00
2012/02/28,4.97,5.00,4.88,4.95,2760489,13638155.00
2012/02/29,4.92,4.93,4.81,4.82,2403697,11705056.00
2012/03/01,4.79,4.88,4.78,4.84,2840111,13772449.00
2012/03/02,4.84,5.03,4.84,5.00,7327214,36453764.00
2012/03/05,5.00,5.19,4.99,5.15,6125861,31246774.00
2012/03/06,5.10,5.21,5.07,5.19,5070720,26115986.00
2012/03/07,5.15,5.23,5.06,5.16,3079961,15912469.00
2012/03/08,5.16,5.22,5.11,5.20,4091334,21127592.00
2012/03/09,5.20,5.22,5.14,5.21,2311945,11983042.00
2012/03/12,5.21,5.32,5.15,5.28,3642715,19153492.00
2012/03/13,5.28,5.34,5.26,5.30,3377950,17891732.00
2012/03/14,5.83,5.83,5.79,5.83,30840447,179794512.00
2012/03/15,5.99,6.24,5.81,6.09,48071439,289473568.00
2012/03/16,5.95,6.06,5.69,5.90,27356430,160328976.00
2012/03/19,5.81,5.89,5.69,5.80,15240580,88061280.00
2012/03/20,5.75,5.95,5.70,5.75,13128636,76440352.00
2012/03/21,5.76,5.79,5.50,5.61,11248621,63108532.00
2012/03/22,5.56,5.64,5.50,5.51,5243840,29209882.00
2012/03/23,5.48,5.56,5.40,5.45,4278671,23387910.00
2012/03/26,5.42,5.54,5.41,5.53,3048939,16703423.00
2012/03/27,5.56,5.58,5.45,5.45,4040966,22235234.00
2012/03/28,5.40,5.44,4.93,5.04,9266083,48483412.00
2012/03/29,5.01,5.13,4.95,5.08,5822633,29377232.00
2012/03/30,5.10,5.29,5.06,5.16,5192091,26920706.00
2012/04/05,5.16,5.40,5.09,5.40,4938409,26335258.00
2012/04/06,5.40,5.42,5.29,5.41,3572053,19150714.00
2012/04/09,5.39,5.41,5.22,5.36,3055408,16250228.00
2012/04/10,5.34,5.42,5.14,5.40,2699555,14283423.00
2012/04/11,5.33,5.49,5.25,5.43,3135233,16945768.00
2012/04/12,5.39,5.52,5.35,5.49,2823560,15407808.00
2012/04/13,5.49,5.61,5.43,5.52,3084086,17114552.00
2012/04/17,5.47,5.47,5.11,5.22,5381913,28485228.00
2012/04/18,5.25,5.33,5.13,5.28,3573611,18749930.00
2012/04/19,5.29,5.33,5.22,5.22,1870988,9839299.00
2012/04/20,5.21,5.30,5.21,5.26,1841738,9674958.00
2012/04/23,5.25,5.27,5.17,5.18,1912836,9980423.00
2012/04/24,5.15,5.27,5.04,5.18,2718738,14000365.00
2012/04/25,5.18,5.27,5.12,5.26,2484629,12959594.00
2012/04/26,5.26,5.29,5.16,5.23,1913834,9992794.00
2012/04/27,5.26,5.41,5.22,5.38,5226842,27862904.00
2012/05/02,5.38,5.45,5.31,5.40,3361167,18069470.00
2012/05/03,5.41,5.41,5.30,5.33,2221240,11855652.00
2012/05/04,5.33,5.35,5.15,5.17,4352405,22715374.00
2012/05/07,5.15,5.26,5.13,5.26,2163194,11278512.00
2012/05/08,5.21,5.33,5.19,5.32,2595114,13686878.00
2012/05/09,5.31,5.41,5.22,5.36,5039493,26891492.00
2012/05/10,5.27,5.53,5.27,5.52,6601150,36082468.00
2012/05/11,5.51,5.59,5.47,5.57,4736605,26258732.00
2012/05/14,5.60,5.64,5.48,5.51,4815720,26688494.00
2012/05/15,5.47,5.55,5.33,5.53,2622929,14254662.00
2012/05/16,5.54,5.58,5.45,5.46,2128049,11753734.00
2012/05/17,5.47,5.53,5.39,5.48,2746157,14987092.00
2012/05/18,5.44,5.53,5.27,5.41,2613152,14056064.00
2012/05/21,5.40,5.42,5.27,5.31,1958995,10449931.00
2012/05/22,5.31,5.38,5.13,5.24,2919650,15330123.00
2012/05/24,5.19,5.28,5.18,5.20,1251701,6549452.00
2012/05/25,5.25,5.25,5.05,5.05,2152812,11029181.00
2012/05/28,5.01,5.13,4.92,5.11,1644133,8257713.50
2012/05/29,5.09,5.21,5.09,5.21,1810087,9379494.00
2012/05/30,5.18,5.26,5.17,5.23,1323762,6924625.50
2012/05/31,5.25,5.27,5.18,5.23,1173619,6129153.00
2012/06/01,5.23,5.27,5.20,5.26,1087242,5703253.50
2012/06/04,5.20,5.23,4.98,4.99,2576460,13165471.00
2012/06/05,4.94,5.49,4.94,5.49,14702556,79987408.00
2012/06/06,5.44,5.44,5.28,5.32,9417540,50237188.00
2012/06/07,5.32,5.38,5.11,5.15,5039872,26396408.00
2012/06/08,5.28,5.28,5.08,5.09,2744389,14161144.00
2012/06/11,5.08,5.17,5.01,5.17,2383817,12144919.00
2012/06/12,5.15,5.15,5.02,5.04,3115300,15824989.00
2012/06/13,5.05,5.16,5.01,5.15,3989517,20245330.00
2012/06/14,5.10,5.13,5.00,5.04,3445370,17411474.00
2012/06/15,5.05,5.07,4.95,4.95,3357584,16753332.00
2012/06/18,5.02,5.15,4.99,5.10,2770002,14026901.00
2012/06/19,5.08,5.12,5.03,5.11,1860218,9451865.00
2012/06/20,5.09,5.13,5.06,5.10,1417941,7221724.50
2012/06/21,5.10,5.10,4.99,5.10,1615792,8121111.50
2012/06/25,5.08,5.08,4.99,4.99,1046003,5246478.50
2012/06/26,5.00,5.15,4.97,5.12,4993402,25283942.00
2012/06/27,5.12,5.14,5.05,5.06,3843986,19609660.00
2012/06/28,5.06,5.15,5.02,5.07,2825925,14381659.00
2012/06/29,5.08,5.11,4.91,4.98,3781346,18774308.00
2012/07/02,5.02,5.02,4.95,4.96,1398095,6951740.00
2012/07/03,4.95,5.02,4.91,4.96,1463467,7261626.50
2012/07/04,4.97,5.01,4.79,5.00,3049986,14988943.00
2012/07/05,4.98,4.98,4.81,4.85,1244076,6069447.00
2012/07/06,4.85,4.91,4.81,4.89,1205513,5858797.50
2012/07/09,4.90,4.99,4.83,4.88,1917620,9437438.00
2012/07/10,4.86,4.86,4.75,4.80,907400,4352384.00
2012/07/11,4.65,4.74,4.59,4.70,2214300,10346275.00
2012/07/12,4.66,4.72,4.61,4.69,2280691,10673353.00
2012/07/13,4.70,4.80,4.65,4.67,741908,3496101.75
2012/07/16,4.65,4.69,4.43,4.48,1397650,6355267.50
2012/07/17,4.48,4.54,4.43,4.50,819293,3676201.00
2012/07/18,4.50,4.52,4.44,4.50,590957,2646645.00
2012/07/19,4.52,4.76,4.50,4.66,2296362,10703146.00
2012/07/20,4.64,4.76,4.59,4.69,885598,4162836.75
2012/07/23,4.66,4.71,4.58,4.65,611901,2847281.75
2012/07/24,4.65,4.72,4.61,4.67,690651,3232158.25
2012/07/25,4.70,5.08,4.70,4.77,2569894,12510648.00
2012/07/26,4.70,4.87,4.65,4.65,1184181,5589509.00
2012/07/27,4.67,4.72,4.61,4.62,982059,4567975.00
2012/07/30,4.62,4.62,4.50,4.56,605753,2745764.50
2012/07/31,4.56,4.65,4.54,4.57,941399,4329560.00
2012/08/01,4.56,4.62,4.52,4.58,570156,2612854.75
2012/08/02,4.58,4.63,4.46,4.47,796729,3604261.50
2012/08/03,4.55,4.55,4.45,4.55,1701413,7676750.00
2012/08/06,4.53,4.64,4.50,4.63,1055744,4831255.00
2012/08/07,4.63,4.69,4.60,4.66,1029039,4781692.50
2012/08/08,4.64,4.78,4.62,4.72,1592400,7505711.00
2012/08/09,4.72,4.75,4.67,4.73,1598489,7542097.00
2012/08/10,4.75,4.76,4.69,4.73,1103739,5216006.50
2012/08/13,4.74,4.74,4.62,4.62,1213507,5651845.50
2012/08/14,4.62,4.74,4.53,4.71,1630178,7556841.50
2012/08/15,4.72,4.74,4.62,4.67,764500,3555765.25
2012/08/16,4.65,4.70,4.61,4.63,452311,2097438.00
2012/08/17,4.63,4.64,4.55,4.60,444461,2038700.25
2012/08/20,4.55,4.63,4.55,4.61,317600,1457716.00
2012/08/21,4.58,4.66,4.58,4.66,1068463,4949565.00
2012/08/22,4.66,4.66,4.56,4.58,1129183,5193732.50
2012/08/23,4.62,4.81,4.57,4.72,2769028,13074079.00
2012/08/24,4.71,4.77,4.68,4.75,2593207,12230152.00
2012/08/27,4.75,4.75,4.50,4.55,2544154,11670189.00
2012/08/28,4.53,4.60,4.43,4.55,771399,3486298.50
2012/08/29,4.50,4.56,4.37,4.39,1099000,4902872.00
2012/08/30,4.40,4.48,4.30,4.34,888308,3876485.50
2012/08/31,4.34,4.38,4.25,4.35,717901,3089125.25
2012/09/03,4.32,4.41,4.28,4.36,748860,3267742.50
2012/09/04,4.40,4.40,4.25,4.25,828300,3582437.50
2012/09/05,4.30,4.44,4.25,4.32,1736246,7586324.00
2012/09/06,4.32,4.42,4.32,4.38,787647,3465171.25
2012/09/07,4.41,4.62,4.41,4.53,2083495,9479452.00
2012/09/10,4.53,4.56,4.50,4.55,2246745,10166740.00
2012/09/11,4.55,4.55,4.43,4.50,1984218,8853594.00
2012/09/12,4.49,4.62,4.48,4.59,3139788,14317942.00
2012/09/13,4.59,4.63,4.52,4.54,1805535,8263173.50
2012/09/14,4.60,4.75,4.52,4.62,2874535,13324083.00
2012/09/17,4.61,4.63,4.43,4.43,1919978,8695047.00
2012/09/18,4.41,4.51,4.41,4.44,703791,3142457.00
2012/09/19,4.42,4.52,4.41,4.44,936454,4186593.75
2012/09/20,4.46,4.49,4.36,4.36,860600,3787504.75
2012/09/21,4.36,4.37,4.28,4.29,1390011,5984871.00
2012/09/24,4.21,4.30,4.21,4.30,457884,1950569.13
2012/09/25,4.29,4.33,4.22,4.27,605311,2590847.75
2012/09/26,4.29,4.29,4.18,4.18,604700,2549690.00
2012/09/27,4.18,4.29,4.15,4.25,1284073,5439324.50
2012/09/28,4.27,4.32,4.24,4.31,1293359,5553127.50
2012/10/08,4.30,4.34,4.23,4.24,919812,3923868.25
2012/10/09,4.22,4.38,4.22,4.36,1419019,6146982.50
2012/10/10,4.32,4.41,4.32,4.41,911178,3987637.75
2012/10/11,4.40,4.41,4.30,4.35,1580148,6859990.00
2012/10/12,4.32,4.60,4.31,4.34,3049841,13467414.00
2012/10/15,4.32,4.34,4.21,4.25,2044003,8701960.00
2012/10/16,4.25,4.28,4.22,4.23,1334395,5663791.50
2012/10/17,4.23,4.26,4.10,4.19,3054600,12718942.00
2012/10/18,4.17,4.26,4.17,4.23,2273776,9618360.00
2012/10/19,4.25,4.26,4.19,4.22,1786706,7548870.50
2012/10/22,4.19,4.25,4.18,4.24,1110450,4681105.50
2012/10/23,4.24,4.26,4.22,4.24,1471237,6240467.50
2012/10/24,4.21,4.27,4.20,4.26,1821179,7722249.50
2012/10/25,4.24,4.29,4.19,4.20,1804200,7653441.00
2012/10/26,4.17,4.20,4.06,4.06,1663199,6843817.00
2012/10/29,4.06,4.09,4.04,4.04,631161,2560651.00
2012/10/30,4.04,4.07,3.99,4.00,1110601,4471263.00
2012/10/31,4.00,4.03,3.95,4.01,1148562,4582312.50
2012/11/01,4.01,4.15,4.01,4.07,2676935,10902160.00
2012/11/02,4.06,4.07,4.04,4.06,1612845,6542662.00
2012/11/05,4.06,4.09,4.04,4.07,978107,3978110.75
2012/11/06,4.07,4.08,3.98,4.03,1000878,4019352.00
2012/11/07,4.03,4.05,3.99,4.00,1101803,4414697.00
2012/11/08,3.99,3.99,3.87,3.89,1429950,5597311.50
2012/11/09,3.90,3.91,3.86,3.87,954709,3704357.25
2012/11/12,3.88,3.92,3.88,3.91,736945,2875180.50
2012/11/13,3.92,3.92,3.85,3.87,808067,3123220.00
2012/11/14,3.84,3.87,3.79,3.83,563380,2156518.25
2012/11/15,3.79,3.87,3.76,3.81,609688,2331291.25
2012/11/16,3.81,3.81,3.76,3.78,576229,2179951.25
2012/11/19,3.76,3.82,3.74,3.81,582297,2207791.75
2012/11/20,3.85,3.85,3.81,3.81,401604,1537718.25
2012/11/21,3.80,3.83,3.76,3.82,932206,3544496.00
2012/11/22,3.82,3.87,3.82,3.85,1581088,6073277.50
2012/11/23,3.86,3.88,3.81,3.83,907370,3482300.50
2012/11/26,3.81,3.84,3.78,3.78,847650,3226942.00
2012/11/27,3.77,3.77,3.53,3.55,1153038,4193301.50
2012/11/28,3.55,3.58,3.38,3.41,1101650,3791158.75
2012/11/29,3.41,3.45,3.33,3.34,657145,2234240.50
2012/11/30,3.34,3.43,3.34,3.43,980403,3307559.75
2012/12/03,3.43,3.43,3.32,3.33,591657,1997034.13
2012/12/04,3.35,3.36,3.21,3.34,1062513,3476706.75
2012/12/05,3.35,3.66,3.28,3.50,2212819,7692420.00
2012/12/06,3.48,3.50,3.41,3.47,874700,3028855.00
2012/12/07,3.42,3.55,3.42,3.54,1215905,4271097.50
2012/12/10,3.61,3.66,3.54,3.65,1909652,6840233.00
2012/12/11,3.62,3.64,3.58,3.59,1287201,4645592.00
2012/12/12,3.59,3.65,3.50,3.56,834700,2973752.00
2012/12/13,3.56,3.58,3.48,3.48,675401,2372538.50
2012/12/14,3.48,3.74,3.48,3.66,2808939,10229848.00
2012/12/17,3.69,3.72,3.63,3.68,2162406,7947336.00
2012/12/18,3.69,3.77,3.64,3.69,1708780,6316649.50
2012/12/19,3.69,3.72,3.64,3.69,1092447,4021848.50
2012/12/20,3.67,3.73,3.64,3.73,1441500,5321308.00
2012/12/21,3.74,3.76,3.65,3.66,1558715,5727246.00
2012/12/24,3.66,3.69,3.60,3.64,1129599,4124819.75
2012/12/25,3.66,3.73,3.60,3.73,2167102,7983512.00
2012/12/26,3.69,3.81,3.68,3.79,2251940,8462623.00
2012/12/27,3.80,3.84,3.73,3.79,3173491,11996498.00
2012/12/28,3.77,3.97,3.75,3.85,2704557,10456569.00
2012/12/31,3.87,3.94,3.81,3.87,2339762,9036992.00
2013/01/04,3.87,3.94,3.82,3.83,2164243,8375654.50
2013/01/07,3.82,3.89,3.79,3.88,2054331,7904083.50
2013/01/08,3.88,3.95,3.84,3.93,2815627,10994915.00
2013/01/09,3.93,4.00,3.88,3.92,3376116,13259008.00
2013/01/10,3.92,3.98,3.87,3.94,2770602,10873842.00
2013/01/11,3.94,3.96,3.82,3.86,2404900,9343164.00
2013/01/14,3.85,3.96,3.84,3.93,3058278,11941586.00
2013/01/15,3.95,4.08,3.93,4.03,4943644,19817906.00
2013/01/16,4.03,4.04,3.97,4.02,3151798,12605251.00
2013/01/17,4.00,4.04,3.95,3.97,2722134,10839860.00
2013/01/18,4.01,4.14,3.95,4.04,5679552,22983560.00
2013/01/21,4.05,4.08,4.01,4.05,1913345,7720845.00
2013/01/22,4.04,4.06,3.90,3.92,4012261,15962060.00
2013/01/23,3.92,3.95,3.85,3.90,1992146,7776379.00
2013/01/24,3.90,3.94,3.81,3.86,2382427,9241205.00
2013/01/25,3.86,4.25,3.86,4.25,27115472,114290216.00
2013/01/28,4.10,4.24,4.04,4.20,20696980,85777968.00
2013/01/29,4.13,4.38,4.12,4.27,17683222,76036776.00
2013/01/30,4.24,4.37,4.22,4.32,10813722,46373160.00
2013/01/31,4.32,4.33,4.14,4.20,8112749,34305820.00
2013/02/01,4.16,4.23,4.11,4.21,4797058,20049312.00
2013/02/04,4.23,4.23,4.08,4.14,5757604,23856254.00
2013/02/05,4.15,4.15,4.06,4.11,7252850,29708574.00
2013/02/06,4.10,4.17,4.08,4.15,4880909,20132226.00
2013/02/07,4.12,4.15,4.09,4.12,3020255,12436717.00
2013/02/08,4.13,4.16,4.11,4.15,2627737,10883857.00
2013/02/18,4.15,4.24,4.14,4.22,4770965,20029432.00
2013/02/19,4.22,4.22,4.12,4.18,4679838,19452504.00
2013/02/20,4.16,4.22,4.13,4.21,2449458,10229096.00
2013/02/21,4.19,4.19,4.09,4.16,4401914,18123814.00
2013/02/22,4.15,4.15,4.09,4.09,1992479,8188645.50
2013/02/25,4.09,4.12,4.05,4.07,2204005,8985439.00
2013/02/26,4.07,4.07,3.97,4.05,4846471,19443722.00
2013/02/27,4.01,4.06,3.97,3.99,2215997,8876571.00
2013/02/28,4.00,4.05,3.98,4.04,2345622,9428365.00
2013/03/01,4.04,4.08,4.02,4.06,2559694,10344304.00
2013/03/04,4.04,4.04,3.86,3.89,3212330,12656670.00
2013/03/05,3.89,3.97,3.87,3.94,2427011,9514377.00
2013/03/06,3.94,4.02,3.93,4.01,2953600,11782036.00
2013/03/07,4.01,4.10,3.99,4.05,4155294,16847332.00
2013/03/08,4.05,4.06,3.95,3.98,2380643,9506077.00
2013/03/11,3.99,3.99,3.83,3.87,6377837,24866438.00
2013/03/12,3.87,3.89,3.76,3.80,3781962,14481527.00
2013/03/13,3.78,3.80,3.68,3.73,3085038,11494879.00
2013/03/14,3.72,3.76,3.69,3.73,1826866,6817768.00
2013/03/15,3.71,3.81,3.71,3.75,1853451,6976421.00
2013/03/18,3.75,3.80,3.65,3.66,1710090,6336834.50
2013/03/19,3.66,3.69,3.61,3.68,1525284,5576091.00
2013/03/20,3.67,3.79,3.67,3.78,2576476,9691590.00
2013/03/21,3.80,3.84,3.77,3.82,1981846,7567216.00
2013/03/22,3.82,3.85,3.79,3.83,1891719,7235178.50
2013/03/25,3.83,3.93,3.82,3.91,3276387,12754694.00
2013/03/26,3.88,4.02,3.85,4.00,4605080,18171432.00
2013/03/27,4.01,4.04,3.92,3.96,2919604,11589163.00
2013/03/28,3.94,3.94,3.76,3.79,2665779,10224856.00
2013/03/29,3.78,3.84,3.77,3.84,1576321,6003951.50
2013/04/01,3.83,3.99,3.79,3.94,2706272,10536856.00
2013/04/02,3.94,4.14,3.92,4.01,5783163,23345146.00
2013/04/03,4.01,4.05,3.93,4.04,2735000,10912282.00
2013/04/08,4.01,4.15,3.91,4.09,4166972,16950788.00
2013/04/09,4.10,4.19,4.07,4.13,3203729,13276372.00
2013/04/10,4.11,4.13,4.01,4.02,2710183,10977119.00
2013/04/11,4.02,4.09,4.00,4.07,2386596,9650235.00
2013/04/12,4.05,4.12,3.98,4.00,2620743,10630435.00
2013/04/15,3.96,4.03,3.92,3.97,2186412,8650877.00
2013/04/16,3.94,4.00,3.93,3.98,1849488,7339450.50
2013/04/17,3.96,4.02,3.93,4.01,1785386,7108572.50
2013/04/18,3.97,4.02,3.93,3.96,1762550,7004254.50
2013/04/19,3.94,4.00,3.92,3.96,5817226,22981346.00
2013/04/22,3.92,3.92,3.81,3.86,3947667,15199264.00
2013/04/23,3.86,3.86,3.69,3.80,4477313,16837652.00
2013/04/24,3.79,3.84,3.74,3.84,2314060,8779463.00
2013/04/25,3.78,3.85,3.78,3.80,1449989,5520416.50
2013/04/26,3.78,3.82,3.65,3.66,2363804,8767129.00
2013/05/02,3.66,3.66,3.55,3.55,2589699,9323863.00
2013/05/03,3.58,3.62,3.53,3.60,1794533,6441343.00
2013/05/06,3.62,3.69,3.59,3.69,1883952,6893472.00
2013/05/07,3.66,3.69,3.65,3.68,1288997,4724422.50
2013/05/08,3.66,3.71,3.65,3.69,1258653,4627404.00
2013/05/09,3.68,3.77,3.67,3.71,1952040,7271140.00
2013/05/10,3.71,3.77,3.71,3.75,1422711,5323245.50
2013/05/13,3.78,3.78,3.69,3.73,1666700,6232933.00
2013/05/14,3.74,3.74,3.64,3.64,1446175,5331470.00
2013/05/15,3.65,3.77,3.65,3.73,1395375,5206541.00
2013/05/16,3.73,3.75,3.63,3.74,3009799,11134500.00
2013/05/17,3.70,3.77,3.70,3.76,3068789,11491025.00
2013/05/20,3.81,3.81,3.75,3.77,2462430,9274440.00
2013/05/21,3.77,3.80,3.75,3.80,2510942,9475574.00
2013/05/22,3.80,3.81,3.72,3.74,3549679,13357720.00
2013/05/23,3.73,3.77,3.71,3.72,2634040,9855264.00
2013/05/24,3.72,3.78,3.70,3.76,2533060,9500129.00
2013/05/27,3.77,3.79,3.73,3.78,2901578,10930343.00
2013/05/28,3.78,3.84,3.74,3.82,5321017,20267378.00
2013/05/29,3.82,3.84,3.79,3.83,3045539,11641636.00
2013/05/30,3.81,3.83,3.78,3.80,2318112,8811996.00
2013/05/31,3.80,3.90,3.79,3.88,4664477,17982918.00
2013/06/03,3.90,3.95,3.80,3.86,3794250,14694858.00
2013/06/04,3.86,3.86,3.73,3.76,2879666,10879760.00
2013/06/05,3.75,3.81,3.73,3.75,2181879,8229244.00
2013/06/06,3.75,3.78,3.68,3.68,2327571,8697663.00
2013/06/07,3.72,3.74,3.59,3.64,1807764,6595375.50
2013/06/13,3.63,3.67,3.47,3.51,2215100,7829619.00
2013/06/14,3.53,3.86,3.52,3.85,20026300,76821808.00
2013/06/17,3.78,3.81,3.65,3.72,10226095,38011532.00
2013/06/18,3.71,3.73,3.65,3.70,4346999,16043463.00
2013/06/19,3.66,3.68,3.48,3.53,5949285,21139344.00
2013/06/20,3.51,3.57,3.38,3.38,3106901,10865035.00
2013/06/21,3.35,3.44,3.19,3.40,3865938,12816744.00
2013/06/24,3.36,3.36,3.06,3.07,2507431,8090905.50
2013/06/25,3.07,3.12,2.80,3.00,4157385,12418907.00
2013/06/26,3.01,3.07,2.93,3.01,3021589,9043143.00
2013/06/27,3.00,3.05,2.90,2.94,2530783,7568779.00
2013/06/28,2.90,3.00,2.87,2.94,1429464,4196535.50
2013/07/01,2.94,3.06,2.92,3.03,1970493,5898801.00
2013/07/02,3.04,3.05,3.00,3.04,1336424,4036096.75
2013/07/03,3.01,3.02,2.95,2.95,2276399,6795456.00
2013/07/04,2.95,3.01,2.91,2.97,3997637,11849337.00
2013/07/05,2.99,3.07,2.95,3.00,2631334,7902843.50
2013/07/08,2.98,2.98,2.89,2.89,1487551,4357411.50
2013/07/09,2.91,2.93,2.81,2.87,1809408,5193507.00
2013/07/10,2.87,2.94,2.85,2.94,2078732,6017724.50
2013/07/11,2.90,3.06,2.89,3.01,3810359,11446993.00
2013/07/12,3.00,3.03,2.97,2.99,3261896,9782950.00
2013/07/15,3.03,3.03,2.96,3.01,3134210,9373918.00
2013/07/16,3.00,3.03,2.97,3.03,2462800,7408565.00
2013/07/17,3.02,3.07,2.98,2.98,2738109,8267632.50
2013/07/18,2.98,2.98,2.91,2.92,1965470,5780119.00
2013/07/19,2.94,2.95,2.88,2.88,2252013,6566322.50
2013/07/22,2.87,2.95,2.83,2.93,1969842,5730752.00
2013/07/23,2.93,2.99,2.90,2.98,3820406,11284196.00
2013/07/24,2.97,2.97,2.91,2.94,2954593,8673583.00
2013/07/25,2.95,2.95,2.90,2.92,2714406,7952811.50
2013/07/26,2.91,2.92,2.88,2.91,1616737,4688570.00
2013/07/29,2.90,2.90,2.84,2.85,1727834,4964592.00
2013/07/30,2.84,2.88,2.84,2.86,1560611,4457307.50
2013/07/31,2.87,2.88,2.85,2.87,1989209,5699715.50
2013/08/01,2.86,2.92,2.84,2.92,2104051,6096173.50
2013/08/02,2.92,2.94,2.90,2.92,2006746,5851893.50
2013/08/05,2.92,2.98,2.90,2.97,2794450,8241744.50
2013/08/06,2.97,3.10,2.95,3.03,6322828,19177352.00
2013/08/07,3.00,3.03,2.97,2.98,3590539,10742292.00
2013/08/08,3.00,3.00,2.94,2.97,2345297,6966974.00
2013/08/09,2.97,3.01,2.96,2.99,2540101,7580129.50
2013/08/12,3.00,3.05,2.99,3.03,4147925,12531922.00
2013/08/13,3.03,3.09,3.02,3.08,6128321,18726558.00
2013/08/14,3.07,3.10,3.04,3.06,4976890,15234068.00
2013/08/15,3.05,3.07,3.02,3.02,3186430,9706436.00
2013/08/16,3.00,3.07,2.97,2.97,4108866,12374776.00
2013/08/19,2.98,3.01,2.96,3.01,2196810,6565983.50
2013/08/20,3.01,3.05,2.99,3.00,1687200,5087812.00
2013/08/21,3.00,3.08,2.98,3.07,5007329,15217896.00
2013/08/22,3.10,3.29,3.08,3.10,14362274,45399444.00
2013/08/23,3.10,3.12,2.99,3.05,6018376,18349386.00
2013/08/26,3.05,3.15,3.03,3.11,5395990,16714578.00
2013/08/27,3.11,3.17,3.09,3.13,4146724,12978253.00
2013/08/28,3.12,3.19,3.10,3.14,5904709,18605836.00
2013/08/29,3.14,3.15,3.10,3.13,3050657,9534501.00
2013/08/30,3.13,3.15,3.08,3.11,3795764,11824237.00
2013/09/02,3.11,3.15,3.06,3.13,3645747,11348905.00
2013/09/03,3.12,3.17,3.09,3.17,5300860,16663620.00
2013/09/04,3.17,3.20,3.15,3.19,3656764,11607492.00
2013/09/05,3.18,3.18,3.13,3.15,2717485,8560085.00
2013/09/06,3.12,3.17,3.12,3.14,2545690,7998750.50
2013/09/09,3.14,3.19,3.13,3.18,4769110,15062661.00
2013/09/10,3.17,3.23,3.16,3.21,4031609,12911410.00
2013/09/11,3.23,3.33,3.19,3.28,8774791,28658510.00
2013/09/12,3.30,3.49,3.30,3.31,11333128,38253880.00
2013/09/13,3.31,3.32,3.22,3.26,6456034,21061776.00
2013/09/16,3.25,3.30,3.22,3.27,3346776,10921816.00
2013/09/17,3.27,3.29,3.20,3.20,3129551,10130884.00
2013/09/18,3.21,3.23,3.18,3.22,1753038,5631815.00
2013/09/23,3.22,3.36,3.21,3.33,8252111,27270336.00
2013/09/24,3.32,3.41,3.29,3.40,7729365,25932206.00
2013/09/25,3.40,3.41,3.33,3.36,3699510,12461166.00
2013/09/26,3.35,3.63,3.34,3.43,10674335,37198600.00
2013/09/27,3.41,3.67,3.41,3.63,14064307,50301200.00
2013/09/30,3.62,3.99,3.53,3.85,17799022,68131552.00
2013/10/08,3.84,3.93,3.71,3.90,12848506,49092636.00
2013/10/09,3.86,3.94,3.78,3.85,6551770,25232952.00
2013/10/10,3.86,3.92,3.80,3.88,7104521,27483000.00
2013/10/11,3.89,3.91,3.82,3.85,5540573,21354224.00
2013/10/14,3.80,3.95,3.71,3.93,9170107,35206368.00
2013/10/15,3.90,4.10,3.89,4.08,12093517,48925996.00
2013/10/16,4.08,4.20,4.00,4.05,11477619,47085308.00
2013/10/17,4.05,4.20,4.03,4.18,9649724,39816976.00
2013/10/18,4.20,4.57,4.18,4.33,16364303,71798856.00
2013/10/21,4.31,4.50,4.26,4.37,7525739,33192250.00
2013/10/22,4.33,4.43,4.14,4.20,9333332,40077328.00
2013/10/23,4.21,4.39,4.21,4.22,5951445,25498602.00
2013/10/24,4.18,4.35,4.14,4.19,4107437,17441964.00
2013/10/25,4.16,4.34,3.77,3.92,9505307,37745120.00
2013/10/28,3.98,4.03,3.83,3.90,3566658,13973048.00
2013/10/29,3.90,3.95,3.68,3.84,4524723,17290002.00
2013/10/30,3.83,4.04,3.74,4.00,5489995,21540504.00
2013/10/31,3.94,4.07,3.94,3.99,3695401,14827958.00
2013/11/01,3.99,4.03,3.88,3.88,3448436,13620383.00
2013/11/04,3.88,3.92,3.84,3.90,2060890,7997515.50
2013/11/05,3.91,3.92,3.83,3.88,2982941,11565903.00
2013/11/06,3.88,3.93,3.70,3.74,4983111,18955456.00
2013/11/07,3.69,3.72,3.50,3.61,5728012,20731938.00
2013/11/08,3.56,3.64,3.50,3.54,3432019,12168928.00
2013/11/11,3.52,3.60,3.45,3.58,3367300,11795721.00
2013/11/12,3.58,3.61,3.54,3.59,3412666,12218992.00
2013/11/13,3.61,3.61,3.54,3.61,3439671,12339734.00
2013/11/14,3.61,3.69,3.54,3.68,5132735,18696856.00
2013/11/15,3.70,3.96,3.68,3.90,9543886,36668776.00
2013/11/18,3.95,4.07,3.90,4.01,7945243,31803588.00
2013/11/19,4.00,4.04,3.92,4.01,4328500,17190382.00
2013/11/20,4.02,4.19,4.00,4.19,7430969,30654218.00
2013/11/21,4.15,4.26,4.15,4.16,6312362,26541932.00
2013/11/22,4.16,4.27,4.12,4.14,3927738,16392540.00
2013/11/25,4.12,4.21,3.99,4.05,8076501,33094000.00
2013/11/26,4.02,4.07,3.89,3.95,6910258,27260030.00
2013/11/27,3.97,3.98,3.91,3.97,3008934,11846681.00
2013/11/28,3.98,4.09,3.95,4.05,3880876,15568110.00
2013/11/29,4.05,4.11,4.00,4.02,3487877,14138120.00
2013/12/02,3.89,4.02,3.67,3.70,5123793,19542026.00
2013/12/03,3.70,3.75,3.62,3.73,8243700,30316800.00
2013/12/04,3.73,3.79,3.70,3.76,6038844,22633964.00
2013/12/05,3.76,3.81,3.72,3.78,2902355,10957999.00
2013/12/06,3.79,3.79,3.70,3.75,2195112,8196402.00
2013/12/09,3.75,3.77,3.72,3.75,1814018,6793603.00
2013/12/10,3.75,3.77,3.70,3.71,3534799,13144703.00
2013/12/11,3.70,3.76,3.52,3.62,5338431,19248090.00
2013/12/12,3.58,3.65,3.56,3.64,2846181,10270606.00
2013/12/13,3.64,3.88,3.55,3.86,2686094,9905785.00
2013/12/16,3.79,3.85,3.74,3.75,5600951,21174878.00
2013/12/17,3.70,3.74,3.61,3.62,2163200,7914337.00
2013/12/18,3.62,3.65,3.53,3.57,3392808,12117124.00
2013/12/19,3.57,3.57,3.50,3.50,2401902,8483221.00
2013/12/20,3.50,3.52,3.42,3.47,2411271,8347153.00
2013/12/23,3.45,3.49,3.39,3.40,2390549,8177876.50
2013/12/24,3.38,3.45,3.37,3.41,2220564,7567019.00
2013/12/25,3.39,3.43,3.37,3.41,1926039,6540099.50
2013/12/26,3.42,3.53,3.37,3.48,3636042,12483778.00
2013/12/27,3.46,3.55,3.39,3.55,4936580,17076966.00
2013/12/30,3.53,3.57,3.46,3.50,3895940,13706048.00
2013/12/31,3.46,3.49,3.41,3.42,1791062,6170643.00
2014/01/02,3.42,3.56,3.41,3.53,1789745,6260550.00
2014/01/03,3.59,3.65,3.49,3.52,3352293,11829262.00
2014/01/06,3.50,3.51,3.36,3.37,2489059,8493353.00
2014/01/07,3.37,3.41,3.33,3.38,1895770,6382905.50
2014/01/08,3.35,3.41,3.32,3.34,1797351,6026930.50
2014/01/09,3.31,3.35,3.10,3.16,3535570,11476924.00
2014/01/10,3.16,3.16,2.97,3.03,3719279,11363288.00
2014/01/13,3.01,3.09,3.01,3.06,1523595,4656423.50
2014/01/14,3.06,3.13,3.02,3.11,2306909,7107791.00
2014/01/15,3.12,3.12,3.04,3.08,1683553,5165800.00
2014/01/16,3.09,3.09,3.02,3.05,2345103,7171179.00
2014/01/17,3.06,3.06,3.00,3.03,1516057,4582004.00
2014/01/20,3.03,3.08,3.01,3.05,1335653,4063957.50
2014/01/21,3.06,3.09,3.02,3.04,1399721,4273177.00
2014/01/22,3.06,3.15,3.05,3.15,3383093,10469726.00
2014/01/23,3.14,3.15,3.10,3.12,2073612,6485683.50
2014/01/24,3.12,3.17,3.10,3.12,2030990,6366663.00
2014/01/27,3.12,3.12,3.01,3.07,3571590,10922968.00
2014/01/28,3.06,3.09,3.00,3.04,2363200,7175611.00
2014/01/29,3.07,3.07,3.00,3.03,3841900,11623927.00
2014/01/30,3.03,3.03,2.94,3.02,2005565,6003014.50
2014/02/07,3.00,3.02,2.96,3.01,2770893,8310299.00
2014/02/10,3.01,3.13,3.00,3.11,3857133,11871045.00
2014/02/11,3.11,3.23,3.08,3.19,10722050,33627328.00
2014/02/12,3.16,3.23,3.15,3.20,5775570,18449660.00
2014/02/13,3.19,3.25,3.14,3.15,4455447,14242717.00
2014/02/14,3.16,3.20,3.13,3.20,4948912,15682179.00
2014/02/17,3.21,3.23,3.16,3.21,4644200,14839222.00
2014/02/18,3.21,3.21,3.14,3.18,6066240,19194652.00
2014/02/19,3.17,3.27,3.17,3.27,8365938,26966546.00
2014/02/20,3.27,3.32,3.21,3.24,5894312,19239302.00
2014/02/21,3.26,3.26,3.13,3.18,5289572,16817160.00
2014/02/24,3.16,3.20,3.09,3.10,4428101,13822962.00
2014/02/25,3.10,3.15,3.03,3.04,4645781,14355733.00
2014/02/26,3.05,3.08,3.00,3.08,2730243,8304025.00
2014/02/27,3.08,3.09,2.99,3.00,5845259,17656644.00
2014/02/28,3.01,3.03,2.96,3.03,2953771,8849766.00
2014/03/03,3.03,3.07,3.01,3.05,2842165,8656622.00
2014/03/04,3.05,3.06,3.00,3.05,2696432,8163975.00
2014/03/05,3.05,3.07,3.04,3.05,3019494,9219268.00
2014/03/06,3.05,3.05,3.00,3.04,2599987,7852597.50
2014/03/07,3.04,3.08,3.01,3.03,3189332,9737700.00
2014/03/10,3.01,3.02,2.94,2.96,3625208,10778498.00
2014/03/11,2.98,2.99,2.92,2.98,2638410,7798013.00
2014/03/12,2.96,3.28,2.96,3.28,25129587,80666512.00
2014/03/13,3.45,3.61,3.40,3.52,44072876,155640144.00
2014/03/14,3.35,3.77,3.17,3.65,37241414,132795960.00
2014/03/17,3.64,3.82,3.42,3.73,30319836,112546904.00
2014/03/18,3.58,3.84,3.58,3.70,22620119,84425968.00
2014/03/19,3.65,4.07,3.65,4.07,39285454,155919808.00
2014/03/20,4.48,4.48,4.48,4.48,9029767,40453356.00
2014/03/21,4.93,4.93,4.89,4.93,53817676,265310560.00
2014/03/24,5.05,5.42,5.05,5.42,87095784,454167648.00
2014/03/25,5.60,5.95,5.39,5.52,132234977,744271296.00
2014/03/26,5.30,5.64,5.23,5.37,90621236,492000640.00
2014/03/27,5.91,5.91,5.45,5.91,104966850,611356096.00
2014/03/28,5.78,6.22,5.32,5.33,142835360,832565184.00
2014/03/31,5.11,5.43,4.99,5.29,83537279,435225152.00
2014/04/01,5.15,5.22,4.96,5.20,65680238,335581312.00
2014/04/02,5.17,5.44,5.02,5.14,82365271,429989088.00
2014/04/03,5.00,5.04,4.72,4.88,75953388,368275616.00
2014/04/04,4.96,5.37,4.90,5.17,117003649,602703424.00
2014/04/08,4.81,4.90,4.65,4.89,86937033,410624000.00
2014/04/09,4.78,4.97,4.75,4.95,68224355,332818560.00
2014/04/10,4.87,5.12,4.78,4.81,72838061,359034752.00
2014/04/11,4.66,5.05,4.62,4.91,66982248,324424256.00
2014/04/14,4.81,5.35,4.69,5.20,99913372,500706048.00
2014/04/15,5.07,5.23,4.89,4.90,68152001,344258272.00
2014/04/16,4.77,4.95,4.72,4.85,38698750,186716304.00
2014/04/17,4.84,4.87,4.65,4.66,31081744,146909136.00
2014/04/18,4.64,4.80,4.62,4.74,24514433,115657320.00
2014/04/21,4.67,4.90,4.66,4.75,34271189,163702880.00
2014/04/22,4.75,4.88,4.65,4.78,32377003,154169584.00
2014/04/23,4.70,4.83,4.65,4.66,26756025,126346608.00
2014/04/24,4.63,4.69,4.37,4.41,41455941,186438880.00
2014/04/25,4.45,4.56,4.13,4.18,43323357,188204784.00
2014/04/28,4.11,4.15,3.99,4.01,24531398,99483728.00
2014/04/29,3.95,4.09,3.95,4.05,21260848,85305792.00
2014/04/30,4.06,4.12,4.03,4.10,21025212,85836112.00
2014/05/05,4.08,4.25,4.00,4.16,39301023,162951984.00
2014/05/06,4.13,4.22,4.08,4.13,22119766,91420432.00
2014/05/07,4.10,4.16,3.98,4.00,21869916,89163888.00
2014/05/08,3.99,4.40,3.95,4.23,67345103,286220640.00
2014/05/09,4.05,4.13,3.86,3.89,47684349,191287824.00
2014/05/12,3.93,4.00,3.86,3.98,22935736,90446440.00
2014/05/13,3.97,4.15,3.96,4.01,21303335,86075944.00
2014/05/14,4.01,4.04,3.93,3.95,15120208,60100432.00
2014/05/15,3.95,3.98,3.80,3.82,15738077,60866424.00
2014/05/16,3.84,3.99,3.80,3.93,22027367,86034744.00
2014/05/19,3.92,3.96,3.83,3.92,11967443,46653976.00
2014/05/20,3.91,3.97,3.88,3.92,11364827,44640648.00
2014/05/21,3.92,4.09,3.85,3.95,23209564,92026432.00
2014/05/22,3.95,4.22,3.91,4.08,46886307,190145632.00
2014/05/23,4.01,4.07,3.98,4.01,26751471,107604624.00
2014/05/26,3.99,4.13,3.97,4.05,20285554,81820024.00
2014/05/27,4.04,4.04,3.95,3.96,14983574,59775104.00
2014/05/28,3.96,4.01,3.89,3.98,15925190,62946420.00
2014/05/29,3.97,4.02,3.87,3.87,14107084,55626092.00
2014/05/30,3.86,3.91,3.82,3.86,12302751,47534840.00
2014/06/03,3.90,3.96,3.89,3.92,12513200,49149260.00
2014/06/04,3.91,3.95,3.85,3.95,9336519,36282860.00
2014/06/05,3.93,4.04,3.92,4.00,14173990,56502400.00
2014/06/06,3.99,4.09,3.95,4.04,25404593,102131144.00
2014/06/09,4.02,4.02,3.90,3.93,17799972,70430568.00
2014/06/10,3.91,3.98,3.88,3.96,12801807,50453628.00
2014/06/11,3.93,4.20,3.91,4.09,40292705,163327136.00
2014/06/12,4.05,4.48,4.02,4.35,72846177,310065216.00
2014/06/13,4.28,4.42,4.23,4.31,35088731,151257920.00
2014/06/16,4.30,4.46,4.29,4.34,20757803,90668792.00
2014/06/17,4.31,4.44,4.26,4.28,24604989,107015688.00
2014/06/18,4.28,4.39,4.17,4.29,29211264,125070472.00
2014/06/19,4.27,4.27,3.90,3.97,24539051,100105104.00
2014/06/20,3.92,4.00,3.89,3.96,13559666,53488872.00
2014/06/23,3.97,4.02,3.95,4.01,10640631,42338580.00
2014/06/24,3.99,4.35,3.98,4.24,32349132,134926784.00
2014/06/25,4.24,4.29,4.14,4.16,16734736,70486656.00
2014/06/26,4.15,4.22,4.13,4.17,12863242,53658976.00
2014/06/27,4.21,4.31,4.16,4.23,19661453,83556488.00
2014/06/30,4.23,4.26,4.15,4.17,14173750,59664740.00
2014/07/01,4.20,4.20,4.10,4.19,12312869,51200524.00
2014/07/02,4.18,4.20,4.12,4.18,12369822,51471912.00
2014/07/03,4.15,4.27,4.14,4.22,18327836,77546080.00
2014/07/04,4.25,4.37,4.18,4.33,30168439,129809800.00
2014/07/07,4.35,4.68,4.27,4.60,42084118,188582720.00
2014/07/08,4.50,4.70,4.46,4.54,35167637,160552656.00
2014/07/09,4.54,4.55,4.28,4.31,27192990,119754920.00
2014/07/10,4.28,4.39,4.27,4.33,12861925,55738312.00
2014/07/11,4.27,4.34,4.25,4.29,13950670,59845284.00
2014/07/14,4.27,4.38,4.24,4.36,11603280,50052296.00
2014/07/15,4.36,4.47,4.28,4.45,18121726,79528832.00
2014/07/16,4.44,4.54,4.41,4.43,19167102,85748864.00
2014/07/17,4.44,4.46,4.27,4.35,11721624,50758004.00
2014/07/18,4.30,4.42,4.28,4.36,9292435,40516944.00
2014/07/21,4.42,4.52,4.39,4.42,17205961,76694368.00
2014/07/22,4.39,4.48,4.33,4.40,13262829,58533696.00
2014/07/23,4.44,4.67,4.40,4.56,29163658,132050656.00
2014/07/24,4.52,4.56,4.36,4.45,20199091,89755640.00
2014/07/25,4.45,4.70,4.41,4.64,29540087,134729568.00
2014/07/28,4.65,4.67,4.55,4.67,28573182,131883024.00
2014/07/29,4.66,4.92,4.62,4.71,41586829,198437776.00
2014/07/30,4.66,4.83,4.61,4.73,25988466,121653352.00
2014/07/31,4.73,4.92,4.67,4.83,29808161,143916112.00
2014/08/01,4.80,4.89,4.66,4.67,24226819,115638536.00
2014/08/04,4.68,4.79,4.68,4.74,20402949,96567696.00
2014/08/05,4.72,5.17,4.66,4.91,46108698,227665344.00
2014/08/06,4.88,4.96,4.81,4.91,28350429,138607600.00
2014/08/07,4.87,4.96,4.76,4.78,23982779,116418360.00
2014/08/08,4.80,4.93,4.76,4.92,16136728,78147176.00
2014/08/11,4.92,4.97,4.86,4.93,16534162,81521816.00
2014/08/12,4.93,5.08,4.88,5.00,21491992,107121824.00
2014/08/13,4.99,5.14,4.90,5.10,23970077,120949080.00
2014/08/14,5.06,5.22,5.03,5.11,24006363,123134704.00
2014/08/15,5.11,5.35,5.08,5.35,32019781,169049232.00
2014/08/18,5.36,5.62,5.28,5.36,30331145,164361184.00
2014/08/19,5.39,5.42,5.25,5.31,19671768,104347448.00
2014/08/20,5.31,5.34,5.16,5.18,21306462,111197808.00
2014/08/21,5.20,5.28,5.04,5.07,21326955,109497272.00
2014/08/22,5.08,5.20,5.02,5.20,15685545,80623400.00
2014/08/25,5.19,5.19,5.03,5.06,12507473,63647988.00
2014/08/26,5.05,5.10,4.73,4.78,23238121,113695584.00
2014/08/27,4.81,4.84,4.72,4.72,10802406,51456660.00
2014/08/28,4.75,4.75,4.55,4.62,15856503,73467216.00
2014/08/29,4.62,4.78,4.60,4.77,10560670,49504668.00
2014/09/01,4.76,4.92,4.76,4.91,13929959,67918144.00
2014/09/02,4.95,5.17,4.95,5.09,22944662,116712496.00
2014/09/03,5.12,5.27,5.02,5.20,32599100,168043424.00
2014/09/04,5.30,5.44,5.22,5.40,48457032,258676096.00
2015/04/27,5.94,5.94,5.94,5.94,134626,799678.44
2015/04/28,6.53,6.53,6.53,6.53,320378,2092068.38
2015/04/29,7.18,7.18,7.18,7.18,163370,1172996.63
2015/04/30,7.90,7.90,7.90,7.90,163317,1290204.25
2015/05/04,8.69,8.69,8.69,8.69,187571,1629992.00
2015/05/05,9.56,9.56,9.56,9.56,3303824,31584558.00
2015/05/06,10.52,10.52,10.52,10.52,528812,5563102.00
2015/05/07,11.57,11.57,11.57,11.57,717614,8302794.00
2015/06/16,12.73,12.73,12.73,12.73,243521,3100022.25
2015/06/17,14.00,14.00,14.00,14.00,241231,3377234.00
2015/06/18,15.40,15.40,15.40,15.40,237653,3659856.25
2015/06/19,16.94,16.94,16.94,16.94,947539,16051311.00
2015/06/23,18.63,18.63,18.63,18.63,860101,16023682.00
2015/06/24,20.49,20.49,20.49,20.49,759550,15563180.00
2015/06/25,22.54,22.54,22.54,22.54,634484,14301269.00
2015/06/26,22.54,22.54,20.29,20.29,29836400,634854656.00
2015/06/29,18.26,18.26,18.26,18.26,5479700,100059320.00
2015/06/30,16.43,19.02,16.43,17.05,75469595,1292262144.00
2015/07/01,17.06,18.76,17.05,17.60,73558751,1347500160.00
2015/07/02,16.62,17.38,15.84,15.84,39741447,645139520.00
2015/07/03,14.51,15.78,14.26,14.26,33419150,487846784.00
2015/07/06,15.68,15.68,12.83,12.83,25029621,343954336.00
2015/07/07,11.59,11.59,11.55,11.55,6535200,75587048.00
2015/07/14,12.71,12.71,12.71,12.71,481206,6116128.50
2015/07/15,13.98,13.98,12.86,13.33,56879672,767458048.00
2015/07/16,12.28,14.66,12.13,14.49,54521353,764257920.00
2015/07/17,14.65,15.94,14.63,15.94,20038346,312505280.00
2015/07/20,17.31,17.53,16.62,17.53,49506174,857195520.00
2015/07/21,17.01,18.86,16.68,17.64,52945943,958180032.00
2015/07/22,17.49,18.80,17.49,18.27,39768016,722080256.00
2015/07/23,18.50,18.98,17.80,18.69,40127934,735851136.00
2015/07/24,18.24,20.56,18.23,19.77,66161376,1306652800.00
2015/07/27,19.37,21.17,17.79,17.79,69127521,1353382272.00
2015/07/28,16.35,18.40,16.07,16.82,54902895,938094016.00
2015/07/29,17.43,18.38,15.70,18.15,54142651,910424128.00
2015/07/30,17.56,19.38,17.28,17.76,57063966,1056539968.00
2015/07/31,17.08,17.65,15.98,16.30,37293723,629871040.00
2015/08/03,15.91,16.12,14.67,14.67,34076583,515480896.00
2015/08/04,14.50,16.14,14.21,16.14,33864463,526389152.00
2015/08/05,16.30,17.16,16.01,16.31,38874743,644402496.00
2015/08/06,16.29,17.94,16.00,17.14,39934794,689269696.00
2015/08/07,17.40,18.80,17.40,18.79,42190632,763023552.00
2015/08/10,19.35,20.67,19.13,20.67,54744017,1098052864.00
2015/08/11,20.69,21.16,19.71,20.02,49432741,1010567488.00
2015/08/12,19.86,21.50,19.70,19.98,47828077,985935616.00
2015/08/13,19.75,20.60,18.80,20.59,49463377,970509504.00
2015/08/14,20.62,21.23,20.18,20.38,40417084,836656896.00
2015/08/17,20.01,22.22,19.35,21.88,56591163,1179161344.00
2015/08/18,21.99,22.17,19.69,19.69,50496880,1049285440.00
2015/08/19,18.33,19.86,17.72,19.23,51453417,955643904.00
2015/08/20,18.94,19.80,18.00,18.27,32132878,610964992.00
2015/08/21,17.50,18.60,16.70,16.85,35166884,616069120.00
2015/08/24,15.80,16.00,15.17,15.17,18561421,285069888.00
2015/08/25,13.65,13.99,13.65,13.65,21399384,292619168.00
2015/08/26,13.60,14.22,12.29,12.29,45876719,599505792.00
2015/08/27,12.55,13.52,12.55,13.52,52590124,698505408.00
2015/08/28,14.00,14.87,13.60,14.87,49219504,705185536.00
2015/08/31,14.99,14.99,13.59,13.62,41103863,584204032.00
2015/09/01,13.50,13.50,12.26,12.26,32699997,408308544.00
2015/09/02,11.32,12.50,11.03,11.03,38202342,435658112.00
2015/09/07,11.35,12.10,11.11,11.30,27259937,314877952.00
2015/09/08,10.35,12.12,10.35,12.02,27386056,311253536.00
2015/09/09,12.07,13.20,12.00,12.97,38186028,483105376.00
2015/09/10,12.65,13.52,12.35,12.64,29264492,381077952.00
2015/09/11,12.62,12.87,12.40,12.66,19621119,247644352.00
2015/09/14,12.90,12.95,11.39,11.39,23997613,285643744.00
2015/09/15,10.95,11.15,10.25,10.25,22774141,240120352.00
2015/09/16,10.35,11.28,10.18,11.28,26945889,290521152.00
2015/09/17,11.39,12.03,11.05,11.09,32128180,369096320.00
2015/09/18,11.20,11.46,11.04,11.23,15947701,178921088.00
2015/09/21,11.00,12.10,10.86,12.06,23230983,273823968.00
2015/09/22,12.22,12.63,11.85,12.15,27393719,335131712.00
2015/09/23,11.75,12.15,11.37,11.79,20782777,245393024.00
2015/09/24,11.79,12.97,11.62,12.97,27920650,341373504.00
2015/09/25,12.90,12.90,11.67,11.82,29300310,359135744.00
2015/09/28,12.00,12.27,11.70,12.18,13031116,156816416.00
2015/09/29,11.85,12.03,11.74,11.75,10518114,124687360.00
2015/09/30,11.90,12.50,11.66,12.15,15926186,192840704.00
2015/10/08,12.75,12.98,12.41,12.60,19117858,242940464.00
2015/10/09,12.60,13.86,12.45,13.74,41497744,564555136.00
2015/10/12,13.63,14.98,13.60,14.49,41187561,590750016.00
2015/10/13,14.53,15.84,14.50,15.60,36956789,569188160.00
2015/10/14,15.11,15.64,14.98,15.04,24224151,368745856.00
2015/10/15,14.90,16.22,14.90,15.97,26414938,416050880.00
2015/10/16,16.09,16.26,15.36,15.96,26790495,422992960.00
2015/10/19,16.00,16.10,15.25,15.60,24630391,386029792.00
2015/10/20,15.59,16.38,15.50,16.02,24390152,391943456.00
2015/10/21,16.06,16.80,14.50,14.61,45955710,728128064.00
2015/10/22,14.75,16.07,14.71,16.07,38133349,586112576.00
2015/10/23,16.48,17.52,16.31,17.12,42433689,725457792.00
2015/10/26,17.24,18.34,16.70,17.58,33562640,589878528.00
2015/10/27,17.32,18.56,16.60,18.40,28008551,489063776.00
2015/10/28,18.20,18.68,17.00,17.10,22469849,399275456.00
2015/10/29,17.33,17.58,16.72,17.09,18557048,318708256.00
2015/10/30,17.01,18.10,16.67,17.27,20209386,350709088.00
2015/11/02,16.69,17.35,15.88,16.20,20418625,341675904.00
2015/11/03,15.98,16.48,15.58,15.83,16596853,265296528.00
2015/11/04,15.98,17.41,15.97,17.41,22256411,376846944.00
2015/11/05,18.09,19.15,17.89,18.79,57308428,1066233280.00
2015/11/06,18.51,20.67,18.51,20.67,38659318,776886080.00
2015/11/09,21.50,22.74,21.39,22.74,34121277,767725696.00
2015/11/10,24.80,25.01,23.00,25.01,74701964,1833244672.00
2015/11/11,24.44,25.95,23.40,25.60,49817756,1235604992.00
2015/11/12,25.50,25.95,24.10,24.70,50103532,1250771968.00
2015/11/13,24.22,24.79,23.23,23.60,38575794,923359040.00
2015/11/16,23.12,25.96,23.11,25.96,48075797,1202412800.00
2015/11/17,26.50,28.56,26.37,26.47,57722057,1570246144.00
2015/11/18,26.98,27.38,24.77,24.90,32136676,843449152.00
2015/11/19,24.90,27.20,24.30,26.75,30997897,798564672.00
2015/11/20,26.99,29.43,26.50,29.43,50025358,1438836480.00
2015/11/23,29.48,30.00,27.80,28.03,39292466,1129041152.00
2015/11/24,27.58,29.29,27.46,28.55,22627888,644753344.00
2015/11/25,29.21,29.49,28.10,28.50,19780796,566361792.00
2015/11/26,28.69,28.69,27.00,27.27,26348226,728322560.00
2015/11/27,27.85,29.01,26.07,26.60,34300841,953075392.00
2015/11/30,26.59,27.18,24.18,26.84,29492668,756983808.00
2015/12/01,26.49,26.85,24.88,25.20,19547887,506491008.00
2015/12/02,24.99,25.00,23.02,24.15,17082280,412583264.00
2015/12/03,24.00,26.00,23.99,25.99,19953337,508028608.00
2015/12/04,25.81,26.76,25.70,26.00,15410963,404351872.00
2015/12/07,25.90,26.40,25.30,25.62,10943991,281121344.00
2015/12/08,25.72,28.18,24.93,27.52,27086035,726399104.00
2015/12/09,27.00,27.43,26.11,26.60,19146229,510729632.00
2015/12/10,26.31,27.35,25.30,25.42,16311789,426700384.00
2015/12/11,25.40,25.82,24.80,25.32,10250780,260379888.00
2015/12/14,24.95,25.60,24.29,25.50,10921966,272631584.00
2015/12/15,25.40,26.05,25.02,25.49,9786689,250089184.00
2015/12/16,25.58,28.04,25.58,28.04,26760842,737435968.00
2015/12/17,28.50,28.80,27.50,28.50,31060828,878369216.00
2015/12/18,28.50,31.28,28.31,29.37,30114100,903999744.00
2015/12/21,29.03,30.18,28.38,29.81,23411725,682624064.00
2015/12/22,30.18,30.88,29.33,29.80,17987383,539730624.00
2015/12/23,29.60,30.29,28.32,28.34,19340908,562750976.00
2015/12/24,28.51,28.98,27.40,27.60,16784971,467161216.00
2015/12/25,27.50,29.37,27.50,28.64,13402783,383670016.00
2015/12/28,28.53,29.20,27.70,27.90,15547757,441805760.00
2015/12/29,27.85,28.29,27.20,28.23,11085603,307263264.00
2015/12/30,27.90,28.35,27.39,27.74,14378067,399041600.00
2015/12/31,28.18,28.20,27.00,27.02,11755941,322882400.00
2016/01/04,27.04,27.92,24.45,24.50,11157793,295017888.00
2016/01/05,23.50,25.80,22.91,24.48,21075210,510528480.00
2016/01/06,24.55,25.36,24.28,25.06,13219493,329331776.00
2016/01/07,24.72,24.72,22.55,22.63,3475661,81552024.00
2016/01/08,23.50,24.19,21.22,23.10,17174653,396346688.00
2016/01/11,22.45,22.45,20.79,20.79,23062235,489754016.00
2016/01/12,20.55,20.84,19.14,19.56,17275205,341514784.00
2016/01/13,19.97,19.99,17.65,17.65,13771571,259910496.00
2016/01/14,16.49,18.55,16.00,18.30,19151425,331068352.00
2016/01/15,18.00,19.51,17.80,18.20,20843104,391138688.00
2016/01/18,17.50,19.19,17.30,19.00,17361676,321088288.00
2016/01/19,18.80,20.90,18.68,20.90,19610936,386982112.00
2016/01/20,21.09,21.71,20.26,20.48,24851636,522575264.00
2016/01/21,19.68,21.18,19.58,19.60,16125244,329488960.00
2016/01/22,20.09,20.47,18.50,20.06,14144848,278629888.00
2016/01/25,20.34,21.38,20.34,20.83,16063744,336554624.00
2016/01/26,20.55,21.58,18.75,19.02,20487133,414049792.00
2016/01/27,19.20,19.46,17.15,19.20,16913218,310759648.00
2016/01/28,18.91,19.25,17.31,17.31,11549756,212232976.00
2016/01/29,17.00,18.61,16.99,18.10,18599908,332188864.00
2016/02/01,18.20,19.06,17.76,18.55,14540053,268599520.00
2016/02/02,18.56,20.00,18.47,19.58,12801859,249359392.00
2016/02/03,19.40,20.12,18.92,19.81,11397532,223163056.00
2016/02/04,20.21,21.22,20.00,21.20,14730899,305866112.00
2016/02/05,20.40,21.00,19.90,20.00,19176490,389251712.00
2016/02/15,18.99,19.50,18.89,19.12,14586767,278990176.00
2016/02/16,19.33,20.50,19.24,20.05,15817158,314906496.00
2016/02/17,20.18,21.34,19.88,20.85,21724131,450282720.00
2016/02/18,21.00,21.50,20.15,20.31,18355179,381287648.00
2016/02/19,20.17,20.75,20.02,20.49,12742627,260041408.00
2016/02/22,20.88,21.08,20.45,20.71,13334842,276716384.00
2016/02/23,20.76,21.10,19.63,20.05,15651715,318093120.00
2016/02/24,19.80,20.15,18.78,19.25,19792628,382964928.00
2016/02/25,19.25,19.41,17.33,17.33,20386720,370890144.00
2016/02/26,17.90,17.90,16.25,17.00,15890318,271037024.00
2016/02/29,16.58,16.88,15.30,15.30,19617862,305185760.00
2016/03/01,15.08,15.75,14.12,15.58,29961920,443813984.00
2016/03/02,15.30,16.70,14.83,16.65,28089511,442000704.00
2016/03/03,16.64,16.75,16.06,16.06,22859344,374320096.00
2016/03/04,15.90,15.90,14.50,14.84,19506637,296859392.00
2016/03/07,15.00,15.64,14.86,14.99,15519805,235820320.00
2016/03/08,14.98,15.28,14.10,15.25,13783962,200978864.00
2016/03/09,14.96,16.00,14.61,15.37,19390997,302554240.00
数据来源:通达信
