002041 登海种业 日线 前复权
      日期	    开盘	    最高	    最低	    收盘	    成交量	    成交额
2011/01/04,13.06,13.08,12.70,13.04,1532058,100779760.00
2011/01/05,12.88,13.41,12.82,13.26,2652645,179636992.00
2011/01/06,13.39,13.90,13.20,13.44,2254283,155726112.00
2011/01/07,13.23,13.36,12.90,13.02,1141263,76414216.00
2011/01/10,13.06,13.08,12.14,12.34,2208188,142293248.00
2011/01/11,12.16,12.26,11.80,11.88,1595453,98173968.00
2011/01/12,12.20,12.20,11.62,11.88,1120759,67885024.00
2011/01/13,11.91,12.17,11.73,12.02,814341,49957264.00
2011/01/14,12.04,12.04,10.98,11.08,2845417,164232368.00
2011/01/17,11.00,11.00,10.31,10.68,3442552,187696240.00
2011/01/18,10.70,11.17,10.61,11.10,2654111,149797264.00
2011/01/19,11.09,11.78,10.92,11.76,2618382,154990560.00
2011/01/20,11.62,12.03,11.50,11.66,1626469,98216496.00
2011/01/21,11.61,11.92,11.30,11.74,1185351,70417240.00
2011/01/24,11.67,11.80,10.94,11.14,1264125,72464664.00
2011/01/25,11.14,11.26,10.86,11.03,453505,25785256.00
2011/01/26,11.00,11.62,10.86,11.62,841512,49080408.00
2011/01/27,11.50,11.84,11.42,11.63,770368,46154136.00
2011/01/28,11.81,11.96,11.61,11.73,779782,47106368.00
2011/01/31,11.80,12.20,11.77,12.06,843455,52017092.00
2011/02/01,12.03,12.48,11.93,12.30,976705,61414280.00
2011/02/09,12.25,13.55,12.25,12.73,2280064,150917504.00
2011/02/10,13.02,13.54,12.99,13.41,2775983,189817216.00
2011/02/11,13.61,13.66,12.88,13.40,3651543,244991760.00
2011/02/14,13.40,13.47,13.06,13.26,2396060,162334928.00
2011/02/15,13.25,13.48,13.20,13.24,2308753,157288992.00
2011/02/16,13.10,13.51,13.08,13.24,2388136,162457840.00
2011/02/17,13.18,13.32,12.94,13.12,1444027,96802248.00
2011/02/18,13.08,13.08,12.80,12.85,1233376,81377056.00
2011/02/21,12.82,13.40,12.75,13.40,2463458,166463616.00
2011/02/22,13.41,14.10,13.31,13.72,5812551,409693088.00
2011/02/23,14.07,14.35,13.20,13.30,4239436,295486560.00
2011/02/24,13.36,13.41,12.90,13.09,2048152,136571456.00
2011/02/25,13.10,13.15,12.70,12.94,2482451,163325680.00
2011/02/28,13.11,13.28,12.90,13.06,3132908,209034944.00
2011/03/01,13.11,13.20,12.94,13.15,2650966,177012352.00
2011/03/02,13.06,13.07,12.68,12.87,2537174,166345584.00
2011/03/03,12.86,12.86,12.26,12.29,2923579,187775856.00
2011/03/04,12.28,12.50,12.26,12.36,1714599,108710080.00
2011/03/07,12.41,12.49,12.30,12.44,2658485,168719152.00
2011/03/08,12.49,12.49,12.10,12.14,3244018,202951680.00
2011/03/09,12.19,12.32,12.16,12.25,2705719,169340496.00
2011/03/10,12.28,12.50,12.24,12.37,2407362,152841824.00
2011/03/11,12.30,12.41,12.11,12.13,2090371,130648840.00
2011/03/14,12.10,12.14,11.81,11.90,2587372,157972656.00
2011/03/15,11.89,12.20,11.22,12.20,2841682,173541328.00
2011/03/16,12.20,12.25,12.00,12.10,1731813,107420984.00
2011/03/17,12.02,12.17,11.82,11.84,1561330,95423328.00
2011/03/18,12.00,12.08,11.62,11.64,2916364,175370752.00
2011/03/21,11.64,11.80,11.56,11.56,1555674,92829232.00
2011/03/22,11.52,11.67,11.36,11.46,1801075,105543576.00
2011/03/23,11.51,11.62,11.47,11.56,1710633,101325152.00
2011/03/24,11.58,11.62,11.44,11.49,1644380,97216928.00
2011/03/25,11.50,11.56,11.33,11.45,2673838,156221632.00
2011/03/28,11.46,11.48,11.08,11.11,3620990,208397936.00
2011/03/29,11.11,11.11,10.30,10.46,10725554,585065536.00
2011/03/30,10.46,10.58,10.36,10.40,2326710,124790752.00
2011/03/31,10.42,10.70,10.42,10.60,2827193,153829312.00
2011/04/01,10.65,10.70,10.52,10.57,1693718,92090120.00
2011/04/06,10.41,10.41,9.71,9.77,8159906,416573824.00
2011/04/07,9.77,9.98,9.53,9.92,6681712,336948256.00
2011/04/08,9.90,9.90,9.72,9.88,4480416,227053152.00
2011/04/11,9.90,9.97,9.80,9.89,3915972,199543376.00
2011/04/12,9.82,9.90,9.73,9.74,3887076,196382512.00
2011/04/13,9.54,9.54,9.14,9.52,6881201,330919104.00
2011/04/14,9.46,10.00,9.34,9.85,6908721,348968288.00
2011/04/15,9.78,9.87,9.60,9.64,3541982,177210736.00
2011/04/18,9.50,10.17,9.40,10.09,6083381,310985248.00
2011/04/19,10.21,11.09,10.21,10.73,10562149,581017856.00
2011/04/20,10.81,10.89,10.40,10.47,4324324,233698160.00
2011/04/21,10.64,10.76,10.26,10.32,3700780,197946512.00
2011/04/22,10.32,10.40,9.98,10.13,3292704,171060176.00
2011/04/25,9.84,9.84,9.40,9.51,3905295,193057888.00
2011/04/26,9.42,9.62,9.26,9.48,1845314,90289832.00
2011/04/27,9.54,9.57,9.26,9.26,2141138,103524456.00
2011/04/28,9.27,9.40,9.15,9.24,1902485,91099576.00
2011/04/29,9.16,9.29,9.10,9.22,1609332,76195256.00
2011/05/03,9.20,9.55,9.12,9.54,2452360,119914784.00
2011/05/04,9.52,9.52,9.13,9.24,1843811,88744000.00
2011/05/05,9.16,9.31,9.16,9.23,1195491,57161500.00
2011/05/06,9.16,9.53,8.96,9.52,2158471,103617984.00
2011/05/09,9.50,9.55,9.31,9.47,2139666,103994448.00
2011/05/10,9.47,9.50,9.30,9.46,1714177,83190800.00
2011/05/12,9.46,9.46,9.14,9.15,1803453,86051968.00
2011/05/13,9.20,9.34,9.19,9.31,1310980,62778664.00
2011/05/16,9.20,9.32,9.12,9.19,1028874,48980428.00
2011/05/17,9.19,9.30,9.16,9.24,925383,44139832.00
2011/05/18,9.22,9.52,9.22,9.45,1618420,78322360.00
2011/05/19,9.35,9.45,9.14,9.16,2920954,69376632.00
2011/05/20,9.16,9.16,8.87,8.90,2798599,64612356.00
2011/05/23,8.90,9.13,8.66,8.66,3024690,69494728.00
2011/05/24,8.66,8.66,8.17,8.41,3361087,72400632.00
2011/05/25,8.41,8.61,8.34,8.45,2468375,54135404.00
2011/05/26,8.46,8.68,8.42,8.50,3479897,76841352.00
2011/05/27,8.42,8.46,7.66,7.78,5727163,117023032.00
2011/05/30,7.78,7.91,7.70,7.73,2510686,50679404.00
2011/05/31,7.72,7.84,7.58,7.81,2559628,50855636.00
2011/06/01,7.83,8.24,7.78,8.10,4474320,93253760.00
2011/06/02,7.96,7.99,7.82,7.89,2646730,53865876.00
2011/06/03,7.89,8.10,7.89,7.96,2106445,43458704.00
2011/06/07,7.97,8.03,7.76,7.98,1818970,37221876.00
2011/06/08,8.00,8.00,7.85,7.94,1942374,39714324.00
2011/06/09,7.90,7.94,7.68,7.69,2595876,52157020.00
2011/06/10,7.66,7.72,7.42,7.59,2739973,53696700.00
2011/06/14,7.50,7.79,7.50,7.68,2529127,50310316.00
2011/06/15,7.68,7.94,7.68,7.76,2547749,51450252.00
2011/06/16,7.66,7.66,7.46,7.46,1868435,36554128.00
2011/06/17,7.48,7.58,7.37,7.40,1297251,25120604.00
2011/06/20,7.44,7.52,7.21,7.23,1624035,30685090.00
2011/06/21,7.24,7.32,7.14,7.27,1377959,25823420.00
2011/06/22,7.29,7.34,7.18,7.31,1296028,24333656.00
2011/06/23,7.26,7.47,7.11,7.43,2686038,50831420.00
2011/06/24,7.41,7.94,7.35,7.84,6697118,133633120.00
2011/06/27,7.75,8.21,7.74,8.17,7796026,161800320.00
2011/06/28,8.17,8.21,7.94,8.04,4847338,100459816.00
2011/06/29,7.99,8.16,7.86,7.91,4529762,93442104.00
2011/06/30,7.96,8.08,7.86,8.01,3531498,72946600.00
2011/07/01,8.02,8.34,7.94,8.16,5932197,124938104.00
2011/07/04,8.10,8.53,8.10,8.44,6620189,142444352.00
2011/07/05,8.46,8.49,8.34,8.42,5063671,109575576.00
2011/07/06,8.38,8.51,8.28,8.50,4921394,106396472.00
2011/07/07,8.66,9.10,8.64,8.82,11658281,265264320.00
2011/07/08,8.77,8.88,8.64,8.77,4780259,107968608.00
2011/07/11,8.72,9.01,8.64,8.89,4143679,94494864.00
2011/07/12,8.82,9.02,8.74,8.89,5237590,120279696.00
2011/07/13,8.92,9.13,8.82,9.08,4720396,109502360.00
2011/07/14,9.07,9.47,9.04,9.45,9198733,221695888.00
2011/07/15,9.44,9.56,9.29,9.51,6536822,158318336.00
2011/07/18,9.50,9.50,9.30,9.30,5004670,120473048.00
2011/07/19,9.24,9.24,8.98,8.98,4563449,106077440.00
2011/07/20,9.04,9.16,8.85,9.00,3037358,70321136.00
2011/07/21,8.99,9.06,8.89,8.92,1854862,42588888.00
2011/07/22,8.82,9.06,8.82,9.04,2458982,56863048.00
2011/07/25,9.00,9.00,8.50,8.53,3468829,77657720.00
2011/07/26,8.54,8.66,8.41,8.64,2278746,50262564.00
2011/07/27,8.59,8.84,8.50,8.77,2556700,57569424.00
2011/07/28,8.66,8.74,8.55,8.63,1546167,34379304.00
2011/07/29,8.63,8.68,8.44,8.44,2238332,49192676.00
2011/08/01,8.44,8.44,8.17,8.26,2638607,56280244.00
2011/08/02,8.27,8.50,8.27,8.49,4242858,92251920.00
2011/08/03,8.45,9.37,8.34,9.37,16685271,396160768.00
2011/08/04,9.55,9.89,9.47,9.66,20531357,510023776.00
2011/08/05,9.45,10.66,9.26,10.46,25702374,664123008.00
2011/08/08,10.38,11.03,9.66,10.85,27725396,740860160.00
2011/08/09,10.38,11.53,10.03,10.80,28951022,814195520.00
2011/08/10,10.80,11.29,10.64,10.96,16501665,463474432.00
2011/08/11,10.74,12.08,10.70,12.08,23619434,690068864.00
2011/08/12,12.28,12.52,11.67,11.86,27126954,829813056.00
2011/08/15,11.83,11.98,11.54,11.78,13560722,408512096.00
2011/08/16,11.78,12.14,11.70,11.98,16679659,506765440.00
2011/08/17,11.93,11.94,11.52,11.77,13516607,405328320.00
2011/08/18,11.68,11.90,11.46,11.50,11478818,343329856.00
2011/08/19,11.19,11.32,10.64,10.94,14320924,402808064.00
2011/08/22,10.94,11.26,10.77,10.82,10365137,291369888.00
2011/08/23,10.83,11.08,10.74,11.04,10131023,283647616.00
2011/08/24,11.14,11.21,10.66,10.78,11513042,322702304.00
2011/08/25,10.74,11.14,10.68,11.08,10406189,292478720.00
2011/08/26,11.18,11.26,10.60,10.71,12964683,357773536.00
2011/08/29,10.78,11.81,10.72,11.81,26568647,777657600.00
2011/08/30,11.71,11.84,11.56,11.81,17602370,527056928.00
2011/08/31,11.76,12.59,11.70,11.96,24375085,758881152.00
2011/09/01,11.96,11.96,11.30,11.66,12465343,369558944.00
2011/09/02,11.52,11.53,11.00,11.02,8597976,246408352.00
2011/09/05,10.84,11.42,10.69,11.12,9671595,274374656.00
2011/09/06,11.10,11.34,11.06,11.20,6496791,185367296.00
2011/09/07,11.28,12.02,11.28,11.85,11855092,354525888.00
2011/09/08,11.94,12.13,11.70,11.77,9735880,296855104.00
2011/09/09,11.73,12.49,11.70,12.07,12481086,388075136.00
2011/09/13,11.76,12.06,11.46,11.96,7747034,233976528.00
2011/09/14,12.09,12.14,11.29,11.84,8937930,265948880.00
2011/09/15,11.74,11.88,11.48,11.53,6556220,195834368.00
2011/09/16,11.55,11.75,11.36,11.40,4089816,120115072.00
2011/09/19,11.34,11.66,11.33,11.38,4518010,132226528.00
2011/09/20,11.16,11.37,10.84,11.00,5730690,161840336.00
2011/09/21,11.02,11.54,11.02,11.48,5700516,165278992.00
2011/09/22,11.48,12.04,11.48,11.51,8473677,254016592.00
2011/09/23,11.22,11.72,10.90,11.56,5841620,170629040.00
2011/09/26,11.50,11.56,11.14,11.16,3766168,108918296.00
2011/09/27,11.23,11.40,10.90,11.06,3855583,108909656.00
2011/09/28,11.14,11.18,10.78,10.90,3092576,86508192.00
2011/09/29,10.78,10.94,10.08,10.19,5477051,145615472.00
2011/09/30,10.19,10.30,9.54,9.78,5862669,147892880.00
2011/10/10,9.78,9.94,9.55,9.86,2738897,68848536.00
2011/10/11,10.10,10.22,9.41,9.62,4025748,101259056.00
2011/10/12,9.58,9.92,9.42,9.92,4732397,118601568.00
2011/10/13,9.92,10.54,9.78,10.30,6343934,167605264.00
2011/10/14,10.30,10.38,10.06,10.20,2771655,72424064.00
2011/10/18,10.18,11.24,10.18,10.79,9531015,262499552.00
2011/10/19,10.79,11.33,10.67,11.08,8322417,235456304.00
2011/10/20,11.00,11.00,10.34,10.46,5297954,145080864.00
2011/10/21,10.40,11.04,10.39,10.66,5496919,151756144.00
2011/10/24,10.50,10.86,9.81,10.78,4585658,122686392.00
2011/10/25,10.78,11.44,10.70,11.34,7474965,214259424.00
2011/10/26,11.25,11.80,11.14,11.80,10035123,296404288.00
2011/10/27,11.70,11.82,11.46,11.66,5469307,162664512.00
2011/10/28,11.66,11.96,11.50,11.72,7509023,225507936.00
2011/10/31,11.64,12.56,11.52,12.22,11000326,343117760.00
2011/11/01,12.09,12.62,11.99,12.08,9427212,297644032.00
2011/11/02,11.74,12.54,11.68,12.44,8233595,256755680.00
2011/11/03,12.66,13.71,12.66,13.41,21303943,734122816.00
2011/11/04,13.26,13.79,13.22,13.50,15039118,517622272.00
2011/11/07,13.54,13.97,13.42,13.74,10571878,369536864.00
2011/11/08,13.74,13.74,13.01,13.10,6920997,235536496.00
2011/11/09,13.08,13.50,12.81,13.43,7484883,251061104.00
2011/11/10,13.30,13.74,13.18,13.43,8956059,308884832.00
2011/11/11,13.34,13.50,12.87,12.90,7046156,234801056.00
2011/11/14,12.94,13.46,12.80,13.29,5723812,192300960.00
2011/11/15,13.29,13.48,13.18,13.45,3526380,119963992.00
2011/11/16,13.45,13.52,12.81,12.97,5862910,195324096.00
2011/11/17,12.94,13.04,12.74,12.82,2766482,90867808.00
2011/11/18,12.78,13.14,12.70,12.74,5437279,179008480.00
2011/11/21,12.88,12.93,12.34,12.67,4180618,134395472.00
2011/11/22,12.50,13.10,12.44,13.10,4472769,146092112.00
2011/11/23,13.10,13.49,12.96,13.25,6740883,227718384.00
2011/11/24,13.06,13.44,12.95,12.99,3711264,124152392.00
2011/11/25,13.02,13.07,12.74,12.80,3007678,98684744.00
2011/11/28,12.74,13.70,12.74,13.70,7661590,260823376.00
2011/11/29,13.82,13.86,13.50,13.68,7169623,249305616.00
2011/11/30,13.34,13.34,12.85,13.06,9767222,324213088.00
2011/12/01,13.26,13.34,12.87,13.05,6774111,227439520.00
2011/12/02,12.84,12.84,12.14,12.14,7929849,250531200.00
2011/12/05,12.02,12.28,11.14,11.34,6526348,193842032.00
2011/12/06,11.22,11.73,11.05,11.60,4546973,133870432.00
2011/12/07,11.57,12.05,11.48,11.94,4143042,126052200.00
2011/12/08,11.82,12.30,11.54,12.13,3761628,115117224.00
2011/12/09,12.01,12.38,11.94,12.13,3644345,113560968.00
2011/12/12,12.30,12.38,12.04,12.10,1962178,61119648.00
2011/12/13,11.98,11.98,11.58,11.76,2532447,76098408.00
2011/12/14,11.74,12.34,11.74,11.97,4078292,126219048.00
2011/12/15,11.79,12.08,11.56,11.72,4223313,126486800.00
2011/12/16,11.69,12.16,11.69,12.14,2767655,84356200.00
2011/12/19,12.02,12.54,12.00,12.52,4155878,130040928.00
2011/12/20,12.52,12.66,12.19,12.21,3311837,105145080.00
2011/12/21,12.28,12.42,11.86,11.86,2714082,84358504.00
2011/12/22,11.77,12.10,11.36,11.84,4079300,121814392.00
2011/12/23,11.84,11.94,11.59,11.67,3468018,103805144.00
2011/12/26,11.68,12.22,11.62,11.98,3871266,118259784.00
2011/12/27,11.98,12.02,11.57,11.64,3338370,100186304.00
2011/12/28,11.62,11.62,10.63,11.04,3647045,103383056.00
2011/12/29,11.06,11.24,10.94,11.04,2475220,70078072.00
2011/12/30,11.04,11.21,10.98,11.19,2974686,84302480.00
2012/01/04,11.22,11.44,11.01,11.05,3666272,105506296.00
2012/01/05,11.06,11.06,9.92,9.92,5334600,139523760.00
2012/01/06,9.42,9.58,8.95,9.41,5711426,134990800.00
2012/01/09,9.41,9.74,9.10,9.73,4572982,111763528.00
2012/01/10,9.88,10.60,9.88,10.54,8296237,220946272.00
2012/01/11,10.54,10.74,10.33,10.56,6378074,172233008.00
2012/01/12,10.38,10.55,10.26,10.32,3982067,106560232.00
2012/01/13,10.30,10.74,9.92,9.98,3954812,103782424.00
2012/01/16,9.88,10.11,9.34,9.54,2702404,68273088.00
2012/01/17,9.56,10.02,9.22,9.94,7396390,184513936.00
2012/01/18,10.02,10.02,9.42,9.50,5025076,125561136.00
2012/01/19,9.50,9.65,9.23,9.46,3314487,80409752.00
2012/01/20,9.50,10.43,9.50,10.26,7273662,188647728.00
2012/01/30,10.30,10.60,10.14,10.18,6191310,164734640.00
2012/01/31,10.20,10.40,9.83,10.39,4956891,127719304.00
2012/02/01,10.28,10.86,10.18,10.66,8831882,240161584.00
2012/02/02,11.03,11.25,10.65,10.74,11212463,312029344.00
2012/02/03,10.74,10.76,10.46,10.66,6280378,171215472.00
2012/02/06,10.66,10.90,10.62,10.88,5883812,161937344.00
2012/02/07,10.82,10.91,10.48,10.63,4666097,127505856.00
2012/02/08,10.58,10.78,10.49,10.77,6182087,168860176.00
2012/02/09,10.77,11.19,10.72,10.76,8396675,234960384.00
2012/02/10,10.72,11.09,10.55,10.91,10456132,289433280.00
2012/02/13,10.74,10.82,10.61,10.77,6705692,184020816.00
2012/02/14,10.77,10.86,10.60,10.63,4240964,116098464.00
2012/02/15,10.64,10.74,10.55,10.70,5123489,140027056.00
2012/02/16,10.70,11.03,10.67,10.80,9583333,266612464.00
2012/02/17,10.86,10.90,10.58,10.68,4716139,129204048.00
2012/02/20,10.86,10.89,10.65,10.66,4307465,118589776.00
2012/02/21,10.69,10.72,10.48,10.68,4634228,125862176.00
2012/02/22,10.69,10.90,10.64,10.90,8655616,239604832.00
2012/02/23,10.90,11.04,10.78,10.97,7571622,211559472.00
2012/02/24,11.01,11.02,10.84,10.99,7906422,221138368.00
2012/02/27,11.02,11.37,10.97,11.10,12664263,362318944.00
2012/02/28,11.06,12.08,11.02,11.74,17567891,515835648.00
2012/02/29,11.64,11.69,11.25,11.26,14228662,414260256.00
2012/03/01,11.18,11.40,11.10,11.28,5751175,165169824.00
2012/03/02,11.35,11.61,11.26,11.52,8818331,258356016.00
2012/03/05,11.61,11.73,11.34,11.47,8085355,238333584.00
2012/03/06,11.41,11.54,11.10,11.14,6546397,187924496.00
2012/03/07,10.98,11.09,10.81,10.82,6767420,189999936.00
2012/03/08,10.82,11.02,10.82,10.92,6081495,169714848.00
2012/03/09,11.06,11.34,11.06,11.32,9843132,282775072.00
2012/03/12,11.34,11.40,11.11,11.18,6202156,177210848.00
2012/03/13,11.22,11.36,11.14,11.28,5285230,152025152.00
2012/03/14,11.30,11.33,10.22,10.54,10242028,286308768.00
2012/03/15,10.49,10.60,9.84,10.09,9317884,242339840.00
2012/03/16,10.07,10.34,10.06,10.30,5552482,145229296.00
2012/03/19,10.34,10.65,10.34,10.51,6135784,164846704.00
2012/03/20,10.52,10.52,10.08,10.10,5948660,155588192.00
2012/03/21,10.12,10.38,10.04,10.28,5892417,153832080.00
2012/03/22,10.22,10.30,10.06,10.12,4503646,117342928.00
2012/03/23,10.05,10.11,9.73,9.75,5108962,129474120.00
2012/03/26,9.78,10.11,9.74,9.81,5685747,144058272.00
2012/03/27,9.89,10.00,9.76,9.81,3817698,96749224.00
2012/03/28,9.82,9.86,9.31,9.35,6626884,160463856.00
2012/03/29,9.34,9.35,9.01,9.12,3973976,93682064.00
2012/03/30,9.18,9.25,8.96,9.21,3661402,85671664.00
2012/04/05,9.20,9.39,9.00,9.34,11546052,270300320.00
2012/04/06,9.32,9.38,9.14,9.22,7275573,172839232.00
2012/04/09,9.18,9.18,8.89,8.93,5795571,134355776.00
2012/04/10,8.99,8.99,8.14,8.76,8551575,188078704.00
2012/04/11,8.54,8.76,8.43,8.68,4796355,106810344.00
2012/04/12,8.74,8.81,8.60,8.78,5001179,112418064.00
2012/04/13,8.82,8.97,8.78,8.89,5038543,115208080.00
2012/04/16,8.76,8.84,8.72,8.78,3820538,86291344.00
2012/04/17,8.84,9.29,8.80,9.08,10236995,239871008.00
2012/04/18,9.13,9.22,8.96,9.19,7297617,170982208.00
2012/04/19,9.20,9.20,8.99,9.05,4583170,106830848.00
2012/04/20,9.07,9.17,9.06,9.10,3565687,83450096.00
2012/04/23,9.10,9.13,8.58,8.62,6843923,154459008.00
2012/04/24,8.52,8.77,8.39,8.72,4829373,106521488.00
2012/04/25,8.78,8.78,8.60,8.68,2970565,66309832.00
2012/04/26,8.68,8.86,8.60,8.80,4979746,111836416.00
2012/04/27,8.73,8.80,8.62,8.65,2858728,63885364.00
2012/05/02,8.81,8.81,8.62,8.72,4340404,97324752.00
2012/05/03,8.73,8.80,8.66,8.76,3513936,79014320.00
2012/05/04,8.76,9.34,8.73,9.13,10487591,244664352.00
2012/05/07,9.09,9.09,8.90,9.03,5509995,127271016.00
2012/05/08,9.02,9.40,8.98,9.14,7348188,174359552.00
2012/05/09,9.10,9.10,8.90,8.96,4601348,106066896.00
2012/05/10,8.95,9.11,8.79,8.81,4511413,103093176.00
2012/05/14,8.83,8.96,8.78,8.81,3088354,70475384.00
2012/05/15,8.55,8.98,8.54,8.86,3729688,84772952.00
2012/05/16,8.86,8.93,8.68,8.68,2450671,55123440.00
2012/05/17,8.66,8.76,8.60,8.75,2111920,47219800.00
2012/05/18,8.69,8.69,8.56,8.60,2110259,46752496.00
2012/05/21,8.54,8.80,8.49,8.56,1925663,42432804.00
2012/05/22,8.58,8.66,8.56,8.64,2113666,46633612.00
2012/05/23,8.68,8.70,8.34,8.35,3938408,85320488.00
2012/05/24,8.32,8.36,8.11,8.14,4641849,97878656.00
2012/05/25,8.14,8.18,7.74,7.80,4811022,97291280.00
2012/05/28,7.81,8.19,7.81,8.13,5011341,103835776.00
2012/05/29,8.05,8.32,7.97,8.22,4695749,98215744.00
2012/05/30,8.20,8.23,8.11,8.15,2533807,53130884.00
2012/05/31,8.10,8.27,8.02,8.20,2627660,55379756.00
2012/06/01,8.21,8.28,8.13,8.25,2579304,54488520.00
2012/06/04,8.14,8.14,7.80,7.82,3609619,73875968.00
2012/06/05,7.82,7.92,7.80,7.82,2005791,40403372.00
2012/06/06,7.84,7.90,7.74,7.76,1848105,37072840.00
2012/06/07,7.90,8.26,7.90,8.01,7069443,146364096.00
2012/06/08,8.14,8.16,7.90,7.92,2809363,57643144.00
2012/06/11,7.91,8.03,7.85,8.00,2099691,42891544.00
2012/06/12,8.00,8.03,7.89,8.00,1948715,39826200.00
2012/06/13,8.02,8.10,7.96,8.10,2447618,50545704.00
2012/06/14,8.05,8.72,8.02,8.52,11899503,258043072.00
2012/06/15,8.52,8.52,8.21,8.37,5379149,115331016.00
2012/06/18,8.38,8.45,8.31,8.34,2647114,56785384.00
2012/06/19,8.40,8.40,8.19,8.26,2222329,47257044.00
2012/06/20,8.30,8.39,8.22,8.24,2330186,49580408.00
2012/06/21,8.22,8.29,8.16,8.18,2811781,59242112.00
2012/06/25,8.18,8.24,7.94,8.02,3033910,63014768.00
2012/06/26,7.97,8.32,7.90,8.20,2890429,60381828.00
2012/06/27,8.16,8.42,8.14,8.22,3495853,74537152.00
2012/06/28,8.27,8.32,8.02,8.02,2345870,49155264.00
2012/06/29,7.97,8.18,7.90,8.10,2175431,45221684.00
2012/07/02,8.18,8.39,8.05,8.32,3144576,66705580.00
2012/07/03,8.33,8.45,8.26,8.30,2725629,58474436.00
2012/07/04,8.35,8.50,8.29,8.42,3753932,81122248.00
2012/07/05,8.38,8.46,8.18,8.18,2747499,58603356.00
2012/07/06,8.21,8.41,8.09,8.41,3298187,70212664.00
2012/07/09,8.40,8.74,8.32,8.56,8659730,191047872.00
2012/07/10,8.55,9.04,8.50,8.93,11699389,265669712.00
2012/07/11,8.89,9.11,8.74,8.90,8376347,191059968.00
2012/07/12,8.94,9.10,8.77,8.82,10183897,232931520.00
2012/07/13,8.85,9.05,8.64,8.74,6593246,149604240.00
2012/07/16,8.84,9.00,8.65,8.74,5619829,127005096.00
2012/07/17,8.76,8.78,8.17,8.26,6721198,143636128.00
2012/07/18,8.32,8.46,8.02,8.44,5033768,105772936.00
2012/07/19,8.42,8.59,8.36,8.43,5493685,120007408.00
2012/07/20,8.44,8.44,8.18,8.18,3552095,75124864.00
2012/07/23,8.14,8.82,8.04,8.59,8250894,180254224.00
2012/07/24,8.51,8.82,8.46,8.73,7892389,175651200.00
2012/07/25,8.61,8.70,8.40,8.44,4684393,103015384.00
2012/07/26,8.42,8.59,8.23,8.24,3245083,70128200.00
2012/07/27,8.30,8.43,8.21,8.24,2793892,59410360.00
2012/07/30,8.24,8.24,7.78,7.86,4535874,92682552.00
2012/07/31,7.86,7.92,7.49,7.54,3008426,58858760.00
2012/08/01,7.56,7.74,7.50,7.61,2795382,54832200.00
2012/08/02,7.62,7.63,7.40,7.50,2653427,51260352.00
2012/08/03,7.56,7.58,7.28,7.54,3316491,63425552.00
2012/08/06,7.52,7.78,7.41,7.78,3775438,74048832.00
2012/08/07,7.82,8.24,7.74,8.10,6098153,125204056.00
2012/08/08,8.06,8.07,7.90,7.92,3569333,72891888.00
2012/08/09,7.93,8.08,7.93,7.96,2899377,59445352.00
2012/08/10,7.92,8.04,7.86,7.86,2179849,44317652.00
2012/08/13,7.87,8.38,7.87,8.06,7723909,161820400.00
2012/08/14,8.05,8.54,7.96,8.46,11842965,252128224.00
2012/08/15,8.46,8.46,8.22,8.26,4498004,95878104.00
2012/08/16,8.24,8.41,8.08,8.12,3798655,80446416.00
2012/08/17,8.12,8.16,7.81,7.86,3410232,69332520.00
2012/08/20,7.89,8.34,7.86,8.29,5779388,121135792.00
2012/08/21,8.21,8.34,8.10,8.22,4157482,87687880.00
2012/08/22,8.25,8.47,8.20,8.26,4670131,99786304.00
2012/08/23,8.29,8.33,8.06,8.15,3459867,72364280.00
2012/08/24,8.02,8.12,7.86,7.90,2883864,58861908.00
2012/08/27,7.89,7.96,7.66,7.80,2217542,44385964.00
2012/08/28,7.79,7.88,7.66,7.77,1628980,32420970.00
2012/08/29,7.76,7.86,7.66,7.67,1580041,31497856.00
2012/08/30,7.67,7.67,7.33,7.44,2711639,52103080.00
2012/08/31,7.41,7.54,7.37,7.52,1800366,34558084.00
2012/09/03,7.58,7.83,7.54,7.76,2317240,45776136.00
2012/09/04,7.75,7.77,7.54,7.56,1870250,36820296.00
2012/09/05,7.57,7.73,7.52,7.56,1197314,23459450.00
2012/09/06,7.56,7.70,7.56,7.66,1122194,22047970.00
2012/09/07,7.67,8.01,7.67,7.90,3916114,79149496.00
2012/09/10,7.92,8.00,7.82,7.96,3053071,62139228.00
2012/09/11,7.92,7.92,7.82,7.89,2184219,44114252.00
2012/09/12,7.90,7.98,7.81,7.92,2559273,51805328.00
2012/09/13,7.94,8.19,7.92,7.96,6209151,129078088.00
2012/09/14,8.06,8.12,7.95,7.97,2999669,61792956.00
2012/09/17,7.94,7.97,7.63,7.66,2879802,57550144.00
2012/09/18,7.60,7.64,7.51,7.60,1482386,28899996.00
2012/09/19,7.60,7.68,7.48,7.59,2118458,41070696.00
2012/09/20,7.56,7.59,7.34,7.40,2033940,38922524.00
2012/09/21,7.38,7.48,7.31,7.36,1578278,30062634.00
2012/09/24,7.36,7.43,7.26,7.39,1295107,24469470.00
2012/09/25,7.39,7.46,7.36,7.40,1041181,19835122.00
2012/09/26,7.41,7.44,7.27,7.34,1267836,23958848.00
2012/09/27,7.30,7.56,7.28,7.54,2196076,42211996.00
2012/09/28,7.54,7.66,7.50,7.62,2062703,40330288.00
2012/10/08,7.63,7.76,7.58,7.63,1931622,38076428.00
2012/10/09,7.67,7.74,7.59,7.73,2618360,51762844.00
2012/10/10,7.72,8.34,7.60,8.01,6414117,132125120.00
2012/10/11,8.18,8.18,7.74,7.75,3931596,79802928.00
2012/10/12,7.86,7.88,7.62,7.70,2288822,45476916.00
2012/10/15,7.74,7.85,7.66,7.82,3056067,61217796.00
2012/10/16,7.82,7.91,7.73,7.78,1867694,37571376.00
2012/10/17,7.78,7.97,7.66,7.94,2802838,56438176.00
2012/10/18,7.87,8.05,7.87,7.95,4079860,83778320.00
2012/10/19,7.93,8.03,7.89,7.90,1502638,30692434.00
2012/10/22,7.86,7.86,7.76,7.83,1765239,35499024.00
2012/10/23,7.85,8.05,7.85,7.94,3348764,68657904.00
2012/10/24,7.92,8.06,7.90,7.94,2359862,48492940.00
2012/10/25,7.88,8.30,7.88,8.10,6819315,142997936.00
2012/10/26,8.02,8.37,7.99,8.28,10590388,224468352.00
2012/10/29,8.28,8.32,8.13,8.32,3864658,81795088.00
2012/10/30,8.29,8.31,8.06,8.06,4199095,87751656.00
2012/10/31,8.02,8.18,7.98,8.12,2458378,51015080.00
2012/11/01,8.10,8.26,8.10,8.15,3341036,70138016.00
2012/11/02,8.14,8.33,8.13,8.32,3671437,77886704.00
2012/11/05,8.38,8.81,8.38,8.50,9402015,208257904.00
2012/11/06,8.44,8.78,8.44,8.62,7107597,156889440.00
2012/11/07,8.62,8.68,8.47,8.60,3464592,76153200.00
2012/11/08,8.53,8.76,8.46,8.48,6314175,139932528.00
2012/11/09,8.34,8.48,8.21,8.40,3412534,72980936.00
2012/11/12,8.44,8.66,8.40,8.54,2740443,60064552.00
2012/11/13,8.50,8.62,8.36,8.42,2997017,65321456.00
2012/11/14,8.40,8.48,8.22,8.26,2267607,48452156.00
2012/11/15,8.24,8.33,7.93,8.00,3104582,64739024.00
2012/11/16,7.95,8.17,7.82,8.10,2438200,50302012.00
2012/11/19,8.02,8.30,7.94,8.28,2371497,49968356.00
2012/11/20,8.26,8.55,8.14,8.38,2483033,53220140.00
2012/11/21,8.37,8.46,8.20,8.42,2367701,50501280.00
2012/11/22,8.38,8.61,8.33,8.48,3763718,82081640.00
2012/11/23,8.43,8.67,8.42,8.62,3761820,82873136.00
2012/11/26,8.61,8.61,8.33,8.36,2654918,57464092.00
2012/11/27,8.30,8.30,8.06,8.10,2491803,52003932.00
2012/11/28,8.08,8.21,8.06,8.18,2092621,43851544.00
2012/11/29,8.22,8.30,8.08,8.24,1836008,38622852.00
2012/11/30,8.19,8.25,8.06,8.14,1043312,21785726.00
2012/12/03,8.19,8.34,8.14,8.15,2396644,50883044.00
2012/12/04,8.14,8.15,7.32,7.56,5906109,114681040.00
2012/12/05,7.50,7.95,7.43,7.84,3050584,60778288.00
2012/12/06,7.82,7.88,7.74,7.78,2157810,43185220.00
2012/12/07,7.86,8.58,7.81,8.58,10227987,220530800.00
2012/12/10,8.66,8.80,8.46,8.75,7104046,157908912.00
2012/12/11,8.66,8.75,8.58,8.61,3762254,83608328.00
2012/12/12,8.55,8.69,8.44,8.61,2780015,60868340.00
2012/12/13,8.54,8.75,8.48,8.56,2578917,57046068.00
2012/12/14,8.56,9.14,8.50,9.00,6971182,158131552.00
2012/12/17,8.82,8.97,8.74,8.91,5022655,113826624.00
2012/12/18,8.84,9.47,8.80,9.21,9788448,231929696.00
2012/12/19,9.18,9.19,9.01,9.09,2752842,64122364.00
2012/12/20,9.09,9.23,8.98,9.18,3567472,83115040.00
2012/12/21,9.22,9.38,8.98,9.00,4466674,105011904.00
2012/12/24,9.01,9.12,8.81,8.91,3859867,88201640.00
2012/12/25,8.89,9.07,8.76,9.03,4894693,112294000.00
2012/12/26,9.04,9.07,8.78,8.96,7140882,163063360.00
2012/12/27,8.94,9.13,8.78,9.09,7909893,181916048.00
2012/12/28,9.04,9.08,8.90,9.00,4402312,101493936.00
2012/12/31,9.02,9.46,9.02,9.22,7889384,188025824.00
2013/01/04,9.42,9.46,9.00,9.07,10162200,238264224.00
2013/01/07,9.06,9.25,8.94,9.15,3172124,74085256.00
2013/01/08,9.18,9.26,8.98,9.24,3971434,93134536.00
2013/01/09,9.16,10.14,9.14,9.62,11263011,278409760.00
2013/01/10,9.64,9.70,9.48,9.54,4699077,115090368.00
2013/01/11,9.52,9.59,9.23,9.26,5342971,128194832.00
2013/01/14,9.26,9.64,9.24,9.57,5585079,136116400.00
2013/01/15,9.58,10.05,9.58,9.86,7987820,201564016.00
2013/01/16,9.85,10.24,9.66,9.78,7013799,177269488.00
2013/01/17,9.78,9.82,9.64,9.67,2884166,71475064.00
2013/01/18,9.74,9.97,9.73,9.94,4811213,121454600.00
2013/01/21,9.96,10.05,9.72,9.97,4711088,119396416.00
2013/01/22,9.98,10.58,9.58,10.36,11649552,300418656.00
2013/01/23,10.17,10.54,10.02,10.13,9242041,241006672.00
2013/01/24,10.13,10.20,9.58,9.68,7107943,179700352.00
2013/01/25,9.70,9.86,9.58,9.74,3525877,87429616.00
2013/01/28,9.72,9.93,9.70,9.90,5388240,135222064.00
2013/01/29,10.17,10.24,9.75,9.81,8767574,222889872.00
2013/01/30,9.85,9.88,9.66,9.78,4467041,111188000.00
2013/01/31,9.80,9.90,9.73,9.83,5160840,129341048.00
2013/02/01,9.88,10.04,9.63,9.64,11693972,293240800.00
2013/02/04,9.66,9.67,9.10,9.16,10540223,249274208.00
2013/02/05,9.14,9.26,9.04,9.22,4549546,106814064.00
2013/02/06,9.26,9.36,9.18,9.32,4563015,108385672.00
2013/02/07,9.37,9.39,9.24,9.34,3535541,84447824.00
2013/02/08,9.34,9.50,9.34,9.50,5010923,121253712.00
2013/02/18,9.58,9.70,9.52,9.55,4350674,106891664.00
2013/02/19,9.55,9.59,9.25,9.29,3628815,86888576.00
2013/02/20,9.29,9.64,9.29,9.63,5819414,142011088.00
2013/02/21,9.60,9.77,9.40,9.65,7307363,180282576.00
2013/02/22,9.64,9.70,9.46,9.54,3510005,86083816.00
2013/02/25,9.59,9.90,9.50,9.89,7130120,177787744.00
2013/02/26,9.87,10.05,9.70,9.76,7947047,200321216.00
2013/02/27,9.75,9.82,9.46,9.55,4690979,115041248.00
2013/02/28,9.58,9.68,9.34,9.68,4890497,119260368.00
2013/03/01,9.68,9.92,9.64,9.90,7364108,184815472.00
2013/03/04,9.92,10.00,9.64,9.70,8516388,213969680.00
2013/03/05,9.70,9.78,9.49,9.67,5723667,141163712.00
2013/03/06,9.68,9.80,9.60,9.71,4849967,120027536.00
2013/03/07,9.70,9.70,9.34,9.38,7879550,190553056.00
2013/03/08,9.36,9.48,9.29,9.29,2986659,71639304.00
2013/03/11,9.20,9.36,9.14,9.15,2940912,69445296.00
2013/03/12,9.16,9.26,8.68,8.85,4281389,97824120.00
2013/03/13,8.85,8.89,8.62,8.84,3135163,70227440.00
2013/03/14,8.78,8.95,8.75,8.82,2275966,51711172.00
2013/03/15,8.86,8.96,8.69,8.81,2345591,53201648.00
2013/03/18,8.81,8.84,8.62,8.62,2067365,46140868.00
2013/03/19,8.62,8.69,8.40,8.53,2626926,57342412.00
2013/03/20,8.54,8.79,8.50,8.79,3069653,68191616.00
2013/03/21,8.90,9.10,8.80,8.86,5245369,120166608.00
2013/03/22,8.87,8.89,8.72,8.76,2596168,58444884.00
2013/03/25,8.78,8.84,8.65,8.84,2312522,51837812.00
2013/03/26,8.85,8.98,8.57,8.91,3946443,88938488.00
2013/03/27,9.14,9.32,8.96,9.00,9158849,214719424.00
2013/03/28,8.98,9.26,8.79,9.12,7160403,166522688.00
2013/03/29,9.12,9.21,8.94,8.96,4177580,97134688.00
2013/04/01,8.93,9.05,8.74,8.76,3391847,77401776.00
2013/04/02,8.77,8.88,8.44,8.49,4267160,94611264.00
2013/04/03,8.49,8.55,8.19,8.23,3971466,84353856.00
2013/04/08,8.06,8.20,7.94,8.18,3730653,77187184.00
2013/04/09,8.22,8.33,8.18,8.28,2493339,52879972.00
2013/04/10,8.20,8.40,8.20,8.34,3287952,70205736.00
2013/04/11,8.42,8.42,8.10,8.12,2517153,53390604.00
2013/04/12,8.14,8.22,8.00,8.04,2236115,46567276.00
2013/04/15,7.98,8.03,7.82,7.82,2253653,45742672.00
2013/04/16,7.75,8.01,7.71,7.97,2485913,50244928.00
2013/04/17,7.98,8.05,7.82,7.93,2051517,41758972.00
2013/04/18,7.94,8.12,7.90,8.08,2964379,61344492.00
2013/04/19,8.08,8.31,8.06,8.22,3060523,64308576.00
2013/04/22,8.14,8.56,8.10,8.52,5603829,120123448.00
2013/04/23,8.49,8.56,8.30,8.30,4286348,92371936.00
2013/04/24,8.29,8.58,8.29,8.49,3414433,74311872.00
2013/04/25,8.67,9.34,8.67,9.28,16418872,384194528.00
2013/04/26,9.34,9.42,9.13,9.30,9518009,225872752.00
2013/05/02,9.30,9.44,9.17,9.34,6595563,157197008.00
2013/05/03,9.32,9.54,9.29,9.42,9360109,225504720.00
2013/05/06,9.38,9.56,9.36,9.48,7025476,169821248.00
2013/05/07,9.42,9.48,9.18,9.22,7713725,183218752.00
2013/05/08,9.22,9.32,9.17,9.22,5652761,133607344.00
2013/05/09,9.32,9.48,9.14,9.25,6144058,146166368.00
2013/05/10,9.20,9.28,8.92,9.04,6933180,160709600.00
2013/05/13,9.06,9.26,8.97,9.26,4684104,109629344.00
2013/05/14,9.23,9.29,8.96,9.01,5018342,116556752.00
2013/05/15,9.05,9.08,8.84,9.04,4581421,104943640.00
2013/05/16,9.04,9.21,8.91,9.13,5564173,129215480.00
2013/05/17,9.10,9.36,9.04,9.34,6584084,155470112.00
2013/05/20,9.37,9.67,9.32,9.49,10137421,246644768.00
2013/05/21,9.49,9.57,9.38,9.52,6212251,150265696.00
2013/05/22,9.57,9.60,9.22,9.26,6405230,153975888.00
2013/05/23,9.26,9.36,9.08,9.10,4381267,103031024.00
2013/05/24,9.18,9.28,9.06,9.26,3425770,80186440.00
2013/05/27,9.26,9.65,9.16,9.64,9023795,218394752.00
2013/05/28,9.66,9.85,9.60,9.69,9433408,233394864.00
2013/05/29,9.69,9.82,9.58,9.70,5541398,137142736.00
2013/05/30,9.64,10.00,9.64,9.93,8589035,215807888.00
2013/05/31,9.90,9.94,9.74,9.74,4882767,122286104.00
2013/06/03,9.86,9.89,9.63,9.76,3979466,98923968.00
2013/06/04,9.76,9.80,9.34,9.41,4948044,120118864.00
2013/06/05,9.49,9.50,9.34,9.44,2433407,58380092.00
2013/06/06,9.45,9.65,9.42,9.45,4157013,101169040.00
2013/06/07,9.42,9.49,9.01,9.03,5266831,123219496.00
2013/06/13,8.85,8.85,8.21,8.22,7255802,155722272.00
2013/06/14,8.32,8.40,8.26,8.39,5492044,117087040.00
2013/06/17,8.46,8.74,8.38,8.62,4785313,104941648.00
2013/06/18,8.68,8.80,8.57,8.70,2997063,66410544.00
2013/06/19,8.62,8.84,8.38,8.80,4087248,89998872.00
2013/06/20,8.78,8.85,8.59,8.60,3749475,83754720.00
2013/06/21,8.36,8.80,8.25,8.63,3074483,67515048.00
2013/06/24,8.68,8.68,7.98,8.13,3197628,68338952.00
2013/06/25,8.06,8.28,7.34,8.15,4569786,92201656.00
2013/06/26,8.15,8.30,8.04,8.27,3130290,65456320.00
2013/06/27,8.31,8.55,8.27,8.30,3538429,75878512.00
2013/06/28,8.27,8.44,8.14,8.31,2060815,43774872.00
2013/07/01,8.31,8.48,8.20,8.40,2977937,63560148.00
2013/07/02,8.38,8.61,8.35,8.59,3324514,72150272.00
2013/07/03,8.56,8.62,8.41,8.50,2508554,54401724.00
2013/07/04,8.42,8.54,8.15,8.39,4028143,85799912.00
2013/07/05,8.44,8.51,8.34,8.38,2668479,57321336.00
2013/07/08,8.28,8.54,8.09,8.46,4295841,91524080.00
2013/07/09,8.48,8.50,8.30,8.41,1932353,41449044.00
2013/07/10,8.41,8.70,8.38,8.66,3387687,73825384.00
2013/07/11,8.66,8.94,8.56,8.79,4671029,104636952.00
2013/07/12,8.77,9.00,8.71,8.90,4385772,99409872.00
2013/07/15,8.90,9.01,8.84,8.96,3386993,77195792.00
2013/07/16,8.96,8.98,8.73,8.91,3661078,82576080.00
2013/07/17,8.91,8.96,8.74,8.76,3157382,71412808.00
2013/07/18,8.72,9.02,8.72,9.02,4300060,97876272.00
2013/07/19,9.02,9.18,8.78,8.78,4241245,97516672.00
2013/07/22,8.62,8.82,8.58,8.73,2133801,47403564.00
2013/07/23,8.73,8.98,8.70,8.86,2636626,59671184.00
2013/07/24,8.82,8.98,8.70,8.94,3382273,76291456.00
2013/07/25,8.94,8.95,8.70,8.76,2736378,61467520.00
2013/07/26,8.74,8.74,8.49,8.58,2619724,57693596.00
2013/07/29,8.62,8.68,8.42,8.47,2056070,44868284.00
2013/07/30,8.48,8.71,8.48,8.63,2065278,45451196.00
2013/07/31,8.82,9.08,8.82,8.93,4842763,110788552.00
2013/08/01,8.92,9.06,8.90,9.02,3564555,81594992.00
2013/08/02,9.09,9.41,8.96,9.28,5918301,138344496.00
2013/08/05,9.30,9.47,9.28,9.32,4376523,104652728.00
2013/08/06,9.38,9.44,9.26,9.35,3252587,77570360.00
2013/08/07,9.34,9.40,9.12,9.18,2749906,64808884.00
2013/08/08,9.14,9.62,9.11,9.62,5272931,127066184.00
2013/08/09,9.60,9.72,9.38,9.56,2985824,72682096.00
2013/08/12,9.60,10.18,9.54,9.98,9143729,232262112.00
2013/08/13,9.98,10.22,9.97,10.08,5948228,152540816.00
2013/08/14,10.06,10.20,9.76,9.86,3824750,96517312.00
2013/08/15,9.86,9.88,9.45,9.46,3828513,93625184.00
2013/08/16,9.42,9.68,9.35,9.37,2942169,71045680.00
2013/08/19,9.34,9.70,9.31,9.68,2787316,67951080.00
2013/08/20,9.71,9.93,9.46,9.54,3594663,88447056.00
2013/08/21,9.50,9.60,9.42,9.49,1974452,47712228.00
2013/08/22,9.48,9.69,9.46,9.52,1796519,43824152.00
2013/08/23,9.52,9.73,9.42,9.72,2852683,69681400.00
2013/08/26,9.72,10.00,9.61,9.95,5313899,133209328.00
2013/08/27,9.95,10.28,9.93,10.18,7040949,182056864.00
2013/08/28,10.14,10.14,9.82,10.02,4619626,117450824.00
2013/08/29,10.02,10.42,10.02,10.33,6010585,157628976.00
2013/08/30,10.33,10.33,9.98,9.98,4506707,115450240.00
2013/09/02,9.92,11.00,9.86,10.91,11736632,319864992.00
2013/09/03,10.86,11.20,10.62,10.84,10622293,297003744.00
2013/09/04,10.67,10.89,10.49,10.84,5136644,139042528.00
2013/09/05,10.74,10.77,10.51,10.72,2378941,64456704.00
2013/09/06,10.72,10.98,10.54,10.64,3405682,92446672.00
2013/09/09,10.62,10.72,10.36,10.48,4786082,127772320.00
2013/09/10,10.40,10.62,10.40,10.61,2699034,72259120.00
2013/09/11,10.58,10.70,10.16,10.36,6532860,172948480.00
2013/09/12,10.26,10.56,10.22,10.23,3627323,95455952.00
2013/09/13,10.24,10.42,10.22,10.41,2592548,68146464.00
2013/09/16,10.45,10.71,10.41,10.71,4047761,109153560.00
2013/09/17,10.72,10.76,10.45,10.47,2092613,56082320.00
2013/09/18,10.44,10.58,10.37,10.40,1656546,44094432.00
2013/09/23,10.41,10.60,10.27,10.58,2581958,68282800.00
2013/09/24,10.55,10.67,10.30,10.60,2719699,72635208.00
2013/09/25,10.62,10.97,10.51,10.60,6142202,168392784.00
2013/09/26,10.57,10.86,10.38,10.55,4297065,115497296.00
2013/09/27,10.42,10.50,10.06,10.32,3924079,102363392.00
2013/09/30,10.32,10.84,10.32,10.62,2604905,70345480.00
2013/10/08,10.58,11.68,10.52,11.41,9534360,275337152.00
2013/10/09,11.40,11.65,11.25,11.48,5288582,154538896.00
2013/10/10,11.50,11.98,11.31,11.74,7138794,212731232.00
2013/10/11,11.74,12.17,11.50,11.53,4946712,149413600.00
2013/10/14,11.54,12.70,11.54,12.70,7139934,224887600.00
2013/10/15,12.98,13.26,12.40,12.82,7928325,256484112.00
2013/10/16,12.61,12.70,12.14,12.40,5029496,157746288.00
2013/10/17,12.46,13.02,12.42,12.63,5481383,175366160.00
2013/10/18,12.50,12.57,12.14,12.49,2469907,77431392.00
2013/10/21,12.48,12.94,12.22,12.90,3910453,125747784.00
2013/10/22,13.03,14.21,13.02,13.47,6340550,218502608.00
2013/10/23,13.42,13.42,12.25,12.50,5176169,167747040.00
2013/10/24,12.50,12.77,12.34,12.44,2865671,91264056.00
2013/10/25,12.40,12.82,11.79,12.22,3595744,112705384.00
2013/10/28,11.98,12.70,11.94,12.22,3964267,125121008.00
2013/10/29,12.22,12.60,11.42,12.18,3537472,107449896.00
2013/10/30,12.38,13.08,12.18,12.76,5219717,167730176.00
2013/10/31,12.64,12.72,12.25,12.30,3269858,103768920.00
2013/11/01,12.30,12.45,11.98,12.22,1941436,60147112.00
2013/11/04,12.38,12.82,12.26,12.49,3477159,111101776.00
2013/11/05,12.61,13.12,12.43,13.10,4432134,144180864.00
2013/11/06,13.05,13.33,12.76,12.94,3241273,106812856.00
2013/11/07,13.05,13.40,12.83,13.05,4624326,154566176.00
2013/11/08,12.80,12.80,12.12,12.24,6821138,213767344.00
2013/11/11,12.14,12.33,11.54,12.31,4004225,120533600.00
2013/11/12,12.22,12.39,12.00,12.17,1831218,56599476.00
2013/11/13,12.14,12.22,11.82,11.87,1982926,60449640.00
2013/11/14,11.93,12.60,11.93,12.52,4116378,129109480.00
2013/11/15,12.52,13.10,12.42,12.74,2971035,96466760.00
2013/11/18,12.76,13.36,12.74,13.34,3624568,121730168.00
2013/11/19,13.34,13.36,13.14,13.21,2295241,77034120.00
2013/11/20,13.30,13.34,13.14,13.32,1823198,61153156.00
2013/11/21,13.32,13.63,13.21,13.59,2204943,75356456.00
2013/11/22,13.73,14.53,13.60,13.95,4200140,150229328.00
2013/11/25,13.78,14.08,13.37,13.95,2951424,103100848.00
2013/11/26,13.82,14.19,13.68,14.02,1883376,66656296.00
2013/11/27,14.02,14.21,13.89,14.08,1497748,53238224.00
2013/11/28,14.06,14.44,13.82,13.87,2540092,90927264.00
2013/11/29,13.87,14.32,13.74,14.22,3007261,107877184.00
2013/12/02,13.86,14.10,12.86,13.10,5505794,186347856.00
2013/12/03,12.92,13.67,12.90,13.52,2798587,94696792.00
2013/12/04,13.50,14.62,13.46,14.22,3579659,127339720.00
2013/12/05,14.22,14.53,14.10,14.28,2659269,96555664.00
2013/12/06,14.38,14.48,14.02,14.16,1389848,49883068.00
2013/12/09,14.22,14.94,14.16,14.73,3430276,127089856.00
2013/12/10,14.70,14.70,14.05,14.28,3288801,118820856.00
2013/12/11,14.22,14.84,13.94,14.54,3418974,124755096.00
2013/12/12,14.48,14.60,14.06,14.26,2351055,85211024.00
2013/12/13,14.14,14.29,14.02,14.05,1773675,63411844.00
2013/12/16,14.30,14.90,14.14,14.27,4706130,172713424.00
2013/12/17,14.22,14.44,13.76,13.77,3237208,115160976.00
2013/12/18,13.77,14.02,13.75,13.87,1558350,54767468.00
2013/12/19,13.82,13.98,13.41,13.46,2316195,79463936.00
2013/12/20,13.42,14.15,13.38,14.15,3969108,137639856.00
2013/12/23,14.16,14.22,13.64,13.74,3926418,137497216.00
2013/12/24,13.77,13.85,13.26,13.52,4331440,147560736.00
2013/12/25,13.58,13.73,13.36,13.64,3247103,111517056.00
2013/12/26,13.85,14.00,13.30,13.35,4412512,153644304.00
2013/12/27,13.30,13.48,13.12,13.44,2720285,92263392.00
2013/12/30,13.58,13.62,13.36,13.55,2260865,77183608.00
2013/12/31,13.55,13.77,13.01,13.74,4368737,147113248.00
2014/01/02,13.64,13.72,13.48,13.54,2708312,93209576.00
2014/01/03,13.54,13.72,13.22,13.69,3857686,131718896.00
2014/01/06,13.60,13.60,13.23,13.23,2842382,96380256.00
2014/01/07,13.24,13.24,12.39,12.54,4424812,141165184.00
2014/01/08,12.54,12.80,12.54,12.61,3524467,113028304.00
2014/01/09,12.61,12.68,12.24,12.29,3868959,121335256.00
2014/01/10,12.29,12.48,11.84,12.22,3928853,122190784.00
2014/01/13,12.40,12.40,12.18,12.30,1632945,50814964.00
2014/01/14,12.32,12.46,12.20,12.46,1606887,50309356.00
2014/01/15,12.47,12.62,12.33,12.58,2083741,65902684.00
2014/01/16,12.56,12.60,12.26,12.32,2575001,81155592.00
2014/01/17,12.23,12.44,12.00,12.03,2126478,66282196.00
2014/01/20,12.17,12.38,11.70,11.88,2974344,90974672.00
2014/01/21,11.88,11.88,11.53,11.56,4136420,122397120.00
2014/01/22,11.58,12.06,11.48,12.03,3056543,91943648.00
2014/01/23,12.02,12.52,11.95,12.28,2845912,88827336.00
2014/01/24,12.28,12.42,12.18,12.22,2285606,71258024.00
2014/01/27,12.23,12.23,12.00,12.03,1794288,54915888.00
2014/01/28,12.03,12.36,11.58,12.20,3816026,115450320.00
2014/01/29,12.07,12.28,11.98,12.03,1960149,60192464.00
2014/01/30,12.02,12.09,11.88,11.88,1167874,35521324.00
2014/02/07,11.96,12.69,11.86,12.68,3636963,115518136.00
2014/02/10,12.68,12.89,12.46,12.77,3744336,120859648.00
2014/02/11,12.86,12.95,12.67,12.85,3698247,120099360.00
2014/02/12,12.86,13.08,12.74,13.06,3539937,116310128.00
2014/02/13,12.98,12.98,12.73,12.75,3276830,106329544.00
2014/02/14,12.72,12.81,12.58,12.73,1840320,59209216.00
2014/02/17,12.82,12.87,12.71,12.83,2580789,83623800.00
2014/02/18,12.83,13.05,12.54,12.56,5205763,169626080.00
2014/02/19,12.53,12.53,11.95,12.25,5944116,184363824.00
2014/02/20,12.22,12.57,11.98,12.08,4553196,141298816.00
2014/02/21,12.09,12.16,11.90,11.95,2118912,64462336.00
2014/02/24,11.96,12.07,11.84,12.03,2472498,75166416.00
2014/02/25,12.02,12.04,11.22,11.46,2896849,86540872.00
2014/02/26,11.42,11.69,11.34,11.52,2665548,78272496.00
2014/02/27,11.52,11.77,11.49,11.58,2436760,72023552.00
2014/02/28,11.66,12.06,11.42,12.04,2083000,62164956.00
2014/03/03,12.04,12.58,11.95,12.44,4119227,129288760.00
2014/03/04,12.43,12.44,12.08,12.38,2680670,83565376.00
2014/03/05,12.38,12.41,12.09,12.10,1878717,58151604.00
2014/03/06,12.10,12.23,11.78,11.82,2197958,66273276.00
2014/03/07,11.84,12.01,11.69,11.82,1946168,58484628.00
2014/03/10,11.69,11.69,11.30,11.42,2499506,72554688.00
2014/03/11,11.42,11.42,10.72,10.94,3871287,108623944.00
2014/03/12,10.94,11.23,10.94,11.16,2911756,81777320.00
2014/03/13,11.16,11.29,10.99,11.21,1823477,51790248.00
2014/03/14,11.15,11.49,11.15,11.34,2437172,70435192.00
2014/03/17,11.37,11.56,11.25,11.46,1659558,48278944.00
2014/03/18,11.60,11.60,11.33,11.34,1155605,33543576.00
2014/03/19,11.34,11.38,10.99,11.01,1813450,50987252.00
2014/03/20,11.02,11.02,10.73,10.73,2000957,55105700.00
2014/03/21,10.72,10.98,10.46,10.96,1413468,38516216.00
2014/03/24,10.94,11.05,10.88,10.92,1296301,36130712.00
2014/03/25,10.92,11.14,10.91,11.05,1600721,44910028.00
2014/03/26,11.12,11.13,11.00,11.10,1191699,33551548.00
2014/03/27,11.10,11.10,10.63,10.64,2208506,60391124.00
2014/03/28,10.64,10.80,10.62,10.63,1091655,29610678.00
2014/03/31,10.64,10.90,10.62,10.84,1606311,44090136.00
2014/04/01,10.90,11.17,10.90,11.10,1512482,42590556.00
2014/04/02,11.18,11.59,11.14,11.45,2837958,82210200.00
2014/04/03,11.42,11.58,11.25,11.44,1850452,53833228.00
2014/04/04,11.42,11.54,11.36,11.51,1185110,34572280.00
2014/04/08,11.51,11.68,11.42,11.53,1634337,48179716.00
2014/04/09,11.53,11.81,11.53,11.74,1415420,41998644.00
2014/04/10,11.85,12.14,11.85,11.98,2340908,71486944.00
2014/04/11,12.14,12.14,11.66,11.75,1215717,36500300.00
2014/04/14,11.75,12.06,11.70,11.97,1302844,39575356.00
2014/04/15,11.97,11.98,11.62,11.80,945456,28268112.00
2014/04/16,11.70,11.80,11.44,11.68,1661083,48968096.00
2014/04/17,11.80,11.92,11.79,11.84,1395574,41986240.00
2014/04/18,11.76,11.90,11.62,11.83,781509,23283470.00
2014/04/21,11.66,12.00,11.66,11.81,1044105,31527408.00
2014/04/22,11.77,12.11,11.42,12.05,2223058,66319000.00
2014/04/23,11.94,12.22,11.83,11.91,1246588,38001364.00
2014/04/24,11.91,12.00,11.82,11.83,650677,19584326.00
2014/04/25,11.91,11.96,11.65,11.72,947419,28430202.00
2014/04/28,11.78,11.78,11.22,11.24,890876,25754394.00
2014/04/29,11.28,11.42,11.23,11.34,701936,20173968.00
2014/04/30,11.30,11.52,11.22,11.37,516476,14948095.00
2014/05/05,11.37,11.71,11.37,11.65,1194955,35178840.00
2014/05/06,11.82,12.84,11.81,12.84,7536621,237906080.00
2014/05/07,13.20,13.20,12.72,12.78,5188797,169461936.00
2014/05/08,12.84,12.94,12.70,12.77,3174081,103190448.00
2014/05/09,12.84,12.86,12.35,12.86,3444174,110026976.00
2014/05/12,12.75,13.10,12.66,13.01,2956076,97212232.00
2014/05/13,13.02,13.04,12.52,12.77,1894816,61129952.00
2014/05/14,12.70,13.01,12.54,12.96,1781723,58024112.00
2014/05/15,12.94,13.20,12.72,12.82,1707547,56048784.00
2014/05/16,12.70,12.81,12.40,12.79,1717722,55151264.00
2014/05/19,12.79,12.92,12.50,12.92,1210428,38939408.00
2014/05/20,12.92,13.26,12.62,12.86,2137786,70621472.00
2014/05/21,12.92,13.50,12.62,13.42,4001977,134161288.00
2014/05/22,13.42,13.55,13.22,13.32,2799428,95190944.00
2014/05/23,13.30,13.46,13.10,13.41,1608453,54247328.00
2014/05/26,13.41,13.54,13.26,13.38,1889485,64053168.00
2014/05/27,13.36,13.59,13.26,13.57,1967892,66907396.00
2014/05/28,13.58,13.58,13.09,13.35,1647478,55544556.00
2014/05/29,13.30,13.30,12.84,12.98,2387434,78619056.00
2014/05/30,12.96,13.62,12.92,13.42,1847027,62265452.00
2014/06/03,13.29,13.52,13.18,13.34,1011599,34003052.00
2014/06/04,13.27,13.27,12.84,12.94,1295096,42450188.00
2014/06/05,12.85,13.13,12.85,13.02,2192913,72270040.00
2014/06/06,13.02,13.06,12.85,12.98,674477,22051000.00
2014/06/09,12.94,12.94,12.71,12.74,882050,28486526.00
2014/06/10,12.88,12.92,12.54,12.81,1288967,41538936.00
2014/06/11,12.81,12.92,12.69,12.91,1220810,39410220.00
2014/06/12,12.77,12.92,12.74,12.78,329312,10642521.00
2014/06/13,12.78,12.84,12.58,12.78,1430973,45962672.00
2014/06/16,12.82,12.88,11.51,11.58,12271419,364824832.00
2014/06/17,11.42,11.42,11.08,11.16,9345095,264887296.00
2014/06/18,11.18,11.20,10.99,11.07,3671815,102927720.00
2014/06/19,11.09,11.12,10.50,10.64,5200340,142671200.00
2014/06/20,10.64,10.94,10.64,10.92,2893273,79375072.00
2014/06/23,10.92,11.25,10.92,11.15,3494615,98377040.00
2014/06/24,11.16,11.20,10.91,10.96,2528929,70298672.00
2014/06/25,10.94,11.08,10.75,10.79,2446741,67242720.00
2014/06/26,10.82,10.95,10.65,10.92,5574327,151955840.00
2014/06/27,10.84,10.93,10.78,10.84,3273903,90061600.00
2014/06/30,10.86,11.04,10.85,11.00,2834428,78679976.00
2014/07/01,11.00,11.12,10.92,11.10,3187200,89297704.00
2014/07/02,11.12,11.22,11.02,11.11,3313659,93361728.00
2014/07/03,11.09,11.28,11.09,11.28,3819606,108413824.00
2014/07/04,11.30,11.31,11.14,11.23,2347523,66676864.00
2014/07/07,11.23,11.23,11.02,11.05,1959916,54936912.00
2014/07/08,11.04,11.04,10.88,10.96,1589863,44103808.00
2014/07/09,10.93,11.08,10.86,10.86,1631132,45269164.00
2014/07/10,10.88,10.99,10.86,10.95,1054002,29099650.00
2014/07/11,10.96,11.06,10.88,10.97,1029274,28607236.00
2014/07/14,11.00,11.00,10.89,10.96,1559454,43208812.00
2014/07/15,10.98,11.14,10.93,10.98,3340140,93221976.00
2014/07/16,11.05,11.10,10.99,11.05,1788815,50053304.00
2014/07/17,11.10,11.14,11.05,11.12,2663032,74818568.00
2014/07/18,11.12,11.13,11.02,11.05,1511034,42368340.00
2014/07/21,11.04,11.04,10.80,10.95,1571568,43368348.00
2014/07/22,10.89,11.07,10.86,11.05,1793758,50010352.00
2014/07/23,11.05,11.13,10.97,11.02,1617771,45271908.00
2014/07/24,11.02,11.08,10.82,11.08,2413412,66995048.00
2014/07/25,11.08,11.33,11.08,11.16,2082998,59076120.00
2014/07/28,11.24,11.42,11.17,11.38,3107696,89144240.00
2014/07/29,11.38,11.50,11.29,11.38,3477923,100466432.00
2014/07/30,11.35,11.49,11.34,11.40,2168028,62633216.00
2014/07/31,11.35,11.53,11.35,11.50,3801091,110412256.00
2014/08/01,11.51,11.91,11.42,11.63,5754909,171353744.00
2014/08/04,11.66,12.12,11.66,12.07,5317276,160913360.00
2014/08/05,12.11,12.13,11.87,12.01,3241786,98185208.00
2014/08/06,12.02,12.10,11.85,11.98,2102540,63485412.00
2014/08/07,11.96,12.02,11.70,11.72,2123369,63776336.00
2014/08/08,11.70,11.82,11.68,11.74,1576041,46803352.00
2014/08/11,11.82,12.54,11.75,12.46,5017307,155638176.00
2014/08/12,12.46,12.70,12.22,12.44,3717033,117573800.00
2014/08/13,12.43,12.56,12.25,12.36,2178654,68354928.00
2014/08/14,12.38,12.66,12.38,12.44,2017808,63904304.00
2014/08/15,12.42,12.60,12.18,12.45,1998104,62647320.00
2014/08/18,12.46,12.69,12.46,12.59,2074323,66085332.00
2014/08/19,12.59,12.75,12.48,12.67,2227264,71059080.00
2014/08/20,12.58,12.65,12.34,12.53,1632166,51457284.00
2014/08/21,12.42,12.51,12.01,12.46,3631795,111823648.00
2014/08/22,12.42,12.42,12.26,12.30,1700585,52958532.00
2014/08/25,12.27,12.30,12.00,12.21,2359402,72541480.00
2014/08/26,12.05,12.36,12.05,12.20,1766185,54634200.00
2014/08/27,12.06,12.46,12.06,12.32,1267112,39511796.00
2014/08/28,12.37,12.50,11.97,12.16,2099597,64960488.00
2014/08/29,12.16,12.35,11.98,12.32,1062204,32914204.00
2014/09/01,12.38,12.48,12.24,12.46,1579717,49381724.00
2014/09/02,12.46,12.56,12.34,12.54,1640472,51757148.00
2014/09/03,12.55,12.62,12.27,12.44,3461791,108587488.00
2014/09/04,12.44,13.06,12.40,12.91,4962295,159227968.00
2014/09/05,12.90,12.98,12.60,12.75,3808820,122421032.00
2014/09/09,12.75,12.81,12.50,12.61,3220876,102616848.00
2014/09/10,12.58,12.74,12.42,12.74,2347018,74847168.00
2014/09/11,12.66,13.02,12.62,12.80,2612637,84740496.00
2014/09/12,12.84,12.89,12.66,12.74,1376552,44314584.00
2014/09/15,12.76,12.84,12.56,12.62,2514255,80509704.00
2014/09/16,12.62,13.00,12.62,12.80,7089918,230324960.00
2014/09/17,12.88,12.89,12.30,12.68,4457725,141225408.00
2014/09/18,12.61,12.94,12.48,12.80,3110563,100640080.00
2014/09/19,12.84,12.93,12.76,12.88,1733067,56277480.00
2014/09/22,13.00,13.00,12.79,12.92,3132066,102265856.00
2014/09/23,12.90,13.74,12.89,13.52,6924707,235613648.00
2014/09/24,13.45,13.74,13.30,13.48,2998665,102226336.00
2014/09/25,13.47,13.74,13.39,13.64,2781458,95819272.00
2014/09/26,13.69,14.53,13.62,13.98,3131121,111858592.00
2014/09/29,14.30,14.62,13.88,14.10,4505436,162890400.00
2014/09/30,14.46,14.77,13.78,13.99,4537513,162717648.00
2014/10/08,13.93,14.46,13.55,14.43,5167151,182768304.00
2014/10/09,14.25,14.68,14.15,14.50,3688500,134146912.00
2014/10/10,14.29,14.30,13.86,14.06,3660436,130095296.00
2014/10/13,14.06,14.06,13.46,13.58,4180145,143694352.00
2014/10/14,13.54,13.71,13.46,13.65,2060899,70756568.00
2014/10/15,13.69,13.69,13.30,13.49,2462612,83591408.00
2014/10/16,13.38,13.53,13.26,13.26,1908778,64573100.00
2014/10/17,13.24,13.38,12.82,13.14,2627781,86858384.00
2014/10/20,13.26,13.66,13.25,13.46,2471432,84025880.00
2014/10/21,13.61,13.86,13.34,13.42,2381850,81741712.00
2014/10/22,13.37,13.46,12.68,12.92,3144660,103848296.00
2014/10/23,12.82,13.06,12.82,12.93,1855485,60570920.00
2014/10/24,12.95,13.25,12.94,13.14,1994644,66230732.00
2014/10/27,13.12,13.25,12.94,13.18,666739,22161650.00
2014/10/28,13.24,13.38,13.14,13.36,2109211,70535768.00
2014/10/29,13.38,13.38,13.05,13.19,3746902,124620960.00
2014/10/30,13.19,13.55,13.10,13.32,3527077,119269760.00
2014/10/31,13.35,13.36,13.08,13.18,1844937,61456696.00
2014/11/03,13.17,13.42,13.02,13.40,2161059,71830616.00
2014/11/04,13.35,13.59,13.22,13.50,2754185,93791512.00
2014/11/05,13.57,14.02,13.40,13.96,3969852,138022672.00
2014/11/06,13.96,14.10,13.69,13.84,2552517,89467504.00
2014/11/07,13.84,14.12,13.70,13.73,2608780,91996408.00
2014/11/10,13.86,13.99,13.57,13.84,2071480,71988208.00
2014/11/11,13.81,13.81,13.26,13.29,2841929,96513288.00
2014/11/12,13.21,13.39,13.12,13.25,2876390,96166240.00
2014/11/13,13.27,14.34,13.19,13.78,5816060,202915904.00
2014/11/14,13.63,13.63,13.26,13.42,2206047,74553688.00
2014/11/17,13.37,13.58,13.20,13.44,1640870,55472404.00
2014/11/18,13.45,13.69,13.33,13.58,1530526,52435240.00
2014/11/19,13.59,13.99,13.51,13.94,3108689,108481416.00
2014/11/20,13.89,13.89,13.70,13.75,1134404,39481096.00
2014/11/21,13.94,14.03,13.76,13.81,2040471,71503136.00
2014/11/24,13.81,13.98,13.54,13.91,3725877,129366328.00
2014/11/25,13.90,14.04,13.74,13.96,2781228,97651184.00
2014/11/26,13.98,14.38,13.91,14.04,3204230,114524752.00
2014/11/27,14.06,14.37,13.81,13.98,4195963,148560928.00
2014/11/28,14.01,14.22,13.66,13.78,6314462,221234576.00
2014/12/01,13.75,13.78,13.25,13.45,7535872,255567808.00
2014/12/02,13.46,13.64,13.45,13.55,3616160,123607048.00
2014/12/03,13.64,13.94,13.52,13.86,7179070,250162384.00
2014/12/04,13.86,14.08,13.77,13.98,7527015,265295888.00
2014/12/05,13.94,13.96,13.28,13.46,6878631,234821888.00
2014/12/08,13.46,13.81,13.34,13.42,7723641,263396048.00
2014/12/09,13.44,13.44,12.70,12.72,11739296,386384640.00
2014/12/10,12.66,12.99,12.58,12.93,7849317,252446720.00
2014/12/11,12.90,13.14,12.76,13.14,5953658,195288672.00
2014/12/12,13.38,13.58,13.16,13.30,7351652,247399184.00
2014/12/15,13.41,13.52,13.18,13.39,7544017,254303648.00
2014/12/16,13.36,13.41,13.11,13.24,4597546,153587680.00
2014/12/17,13.18,13.18,12.84,12.96,3796033,124802128.00
2014/12/18,12.92,13.38,12.82,13.28,4806652,159482048.00
2014/12/19,13.34,13.46,12.86,13.24,6864072,229421040.00
2014/12/22,13.39,14.24,12.84,13.90,14135077,481835680.00
2014/12/23,13.75,13.75,13.20,13.20,6694786,227086768.00
2014/12/24,13.24,13.54,13.22,13.40,5072911,171385072.00
2014/12/25,13.49,13.68,13.21,13.43,5238985,177477888.00
2014/12/26,13.48,13.48,13.05,13.17,6618076,219952720.00
2014/12/29,13.10,13.10,12.66,12.73,5846490,189101440.00
2014/12/30,12.70,12.94,12.40,12.46,4207356,134367120.00
2014/12/31,12.53,12.78,12.28,12.68,3403473,107678888.00
2015/01/05,12.81,12.91,12.66,12.77,3353964,108352616.00
2015/01/06,12.75,13.03,12.69,12.99,3516673,114804408.00
2015/01/07,13.06,13.10,12.83,12.92,3850971,126060368.00
2015/01/08,13.06,13.29,13.02,13.10,5446192,180868928.00
2015/01/09,13.06,13.18,12.94,12.94,2939596,96959160.00
2015/01/12,12.95,13.14,12.80,13.04,2660425,87516456.00
2015/01/13,13.13,13.32,12.90,13.22,3442361,114251392.00
2015/01/14,13.14,13.18,12.92,13.03,2749406,90598664.00
2015/01/15,13.06,13.15,13.04,13.11,1658213,54876000.00
2015/01/16,13.14,13.35,13.14,13.34,3323486,111583576.00
2015/01/19,13.18,13.68,12.94,13.38,5383381,182532064.00
2015/01/20,13.38,13.63,13.27,13.63,5122062,174825584.00
2015/01/21,13.72,14.00,13.72,13.87,5983313,209405056.00
2015/01/22,13.98,14.04,13.82,14.00,5390228,189690144.00
2015/01/23,13.94,14.03,13.66,13.74,3615075,126370264.00
2015/01/26,13.74,14.04,13.74,13.84,2325845,81422112.00
2015/01/27,13.84,14.07,13.84,14.03,4231502,149276288.00
2015/01/28,13.98,13.98,13.64,13.76,3326385,115424136.00
2015/01/29,13.73,13.73,13.40,13.47,2630998,89751608.00
2015/01/30,13.61,13.82,13.48,13.74,2966088,102349216.00
2015/02/02,13.89,14.05,13.37,13.40,9896097,343797472.00
2015/02/03,13.28,13.28,12.81,13.18,5692437,187041744.00
2015/02/04,13.19,13.25,13.02,13.18,3092814,102623104.00
2015/02/05,13.42,13.46,12.92,12.94,2894162,96187056.00
2015/02/06,12.92,13.02,12.61,12.64,2303089,74069912.00
2015/02/09,12.65,12.86,12.56,12.83,1709526,55184592.00
2015/02/10,12.86,12.88,12.77,12.88,1232361,39955248.00
2015/02/11,12.91,13.05,12.91,13.00,1460655,48016892.00
2015/02/12,13.00,13.04,12.82,12.84,1829767,59600424.00
2015/02/13,12.87,13.11,12.87,12.96,2375387,78124376.00
2015/02/16,12.98,13.18,12.98,13.13,1891394,62648484.00
2015/02/17,13.20,13.20,13.06,13.20,2230619,74081072.00
2015/02/25,13.20,13.41,13.18,13.31,2951510,99430248.00
2015/02/26,13.31,13.37,13.18,13.36,2921939,98014344.00
2015/02/27,13.38,13.50,13.30,13.43,3566437,120655680.00
2015/03/02,13.54,13.54,13.38,13.46,3849731,130675632.00
2015/03/03,13.45,13.45,13.28,13.29,3617235,121875032.00
2015/03/04,13.26,13.84,13.25,13.76,6036648,206471872.00
2015/03/05,13.62,13.76,13.40,13.56,5243587,179446176.00
2015/03/06,13.60,13.66,13.31,13.32,2491019,84482072.00
2015/03/09,13.38,13.45,13.21,13.34,2000972,67349824.00
2015/03/10,13.34,13.64,13.33,13.61,3313560,113237288.00
2015/03/11,13.61,13.61,13.38,13.41,2449142,83390296.00
2015/03/12,13.42,13.50,12.26,13.30,3280432,109627352.00
2015/03/13,13.32,13.34,12.98,13.12,3173097,104899200.00
2015/03/16,13.15,13.66,13.15,13.62,6324871,213920912.00
2015/03/17,13.62,13.98,13.48,13.96,7661054,265745024.00
2015/03/18,14.04,14.46,14.04,14.10,11733019,420871136.00
2015/03/19,14.10,14.10,13.87,14.01,6249209,220330896.00
2015/03/20,14.07,14.34,14.02,14.25,8022980,288036992.00
2015/03/23,14.39,14.61,14.26,14.40,7140626,260124480.00
2015/03/24,14.40,14.40,13.80,14.04,6838552,242924592.00
2015/03/25,14.05,15.45,14.05,15.45,15374213,584184640.00
2015/03/26,15.66,15.86,15.07,15.35,10692371,418954912.00
2015/03/27,15.35,16.02,15.24,15.56,7391273,292678656.00
2015/03/30,15.58,16.25,15.34,15.87,9895801,392415968.00
2015/03/31,15.79,16.73,15.72,16.51,10566685,432222208.00
2015/04/01,17.10,18.17,17.10,18.05,10435845,469910624.00
2015/04/02,17.85,18.86,17.66,18.58,8045228,371888192.00
2015/04/03,18.54,19.86,18.31,18.48,8842779,421613568.00
2015/04/07,18.46,18.70,17.96,18.14,8396836,383844384.00
2015/04/08,18.22,18.31,17.46,17.78,7339944,329460800.00
2015/04/09,17.74,17.84,16.78,17.33,6674843,290760928.00
2015/04/10,17.41,18.00,17.34,17.89,6040801,271266528.00
2015/04/13,17.89,18.06,17.06,17.94,5713883,252547120.00
2015/04/14,17.84,17.90,17.14,17.79,9120506,401336352.00
2015/04/15,17.62,17.62,16.62,16.62,6663245,285837984.00
2015/04/16,16.45,16.81,16.18,16.77,6605884,274880160.00
2015/04/17,16.98,17.21,16.74,16.74,6684646,286436480.00
2015/04/20,17.07,18.43,16.90,18.43,17571519,788915840.00
2015/04/21,18.34,18.34,17.50,18.25,14086007,638582784.00
2015/04/22,18.26,18.52,17.98,18.27,13030421,600636736.00
2015/04/23,18.28,19.03,17.99,18.11,12680184,590842624.00
2015/04/24,17.86,17.86,16.70,17.23,13514464,590507136.00
2015/04/27,17.18,17.58,17.10,17.16,9385881,409961600.00
2015/04/28,17.18,17.34,16.46,16.50,8844244,373647424.00
2015/04/29,16.50,17.34,16.49,17.33,8278851,355254816.00
2015/04/30,17.27,17.49,17.06,17.32,6108098,265791616.00
2015/05/04,17.34,18.22,17.32,18.07,9019919,406168256.00
2015/05/05,17.94,17.98,16.74,17.06,6996375,307123744.00
2015/05/06,17.18,17.66,16.61,16.70,4841146,208945168.00
2015/05/07,16.66,17.06,16.53,16.76,3619439,153389168.00
2015/05/08,16.78,17.27,16.78,17.23,4567083,196763504.00
2015/05/11,17.46,17.95,17.42,17.90,6742527,301219520.00
2015/05/12,17.86,19.62,17.86,19.23,15363854,725048512.00
2015/05/13,19.02,19.56,18.49,19.06,11585717,554626240.00
2015/05/14,18.97,19.45,18.70,19.25,8718280,418560640.00
2015/05/15,19.22,19.80,18.89,19.39,10883761,527977376.00
2015/05/18,19.24,20.06,19.10,19.22,10509347,514941504.00
2015/05/19,19.06,19.65,18.58,19.46,8492683,407527648.00
2015/05/20,19.37,20.62,19.30,19.74,9861747,498862944.00
2015/05/21,19.78,21.06,19.78,20.88,10535769,546710336.00
2015/05/22,21.17,21.45,20.38,21.26,11233620,592197760.00
2015/05/25,20.86,21.85,20.78,21.56,11576381,623948224.00
2015/05/26,21.55,23.46,21.47,23.23,10084212,572845504.00
2015/05/27,23.86,25.32,23.54,25.01,13295596,813054912.00
2015/05/28,24.98,24.98,22.49,22.49,13438992,802156800.00
2015/05/29,22.10,22.66,20.26,21.87,12498732,681208640.00
2015/06/01,21.86,24.02,21.79,23.94,9978339,572748736.00
2015/06/02,23.97,25.30,23.42,25.03,9721376,591880512.00
2015/06/03,25.06,25.06,23.42,24.49,9624111,585209984.00
2015/06/04,25.46,25.66,22.02,24.66,12292645,748277248.00
2015/06/05,25.14,25.64,24.46,25.04,12820962,806872960.00
2015/06/08,25.06,25.10,23.05,23.77,13139197,789823872.00
2015/06/09,23.81,24.86,23.46,23.85,11345463,686975744.00
2015/06/10,23.88,24.47,22.51,23.88,24291793,579234880.00
2015/06/11,23.90,24.21,22.80,23.27,24009966,561054976.00
2015/06/12,23.39,24.07,22.90,23.50,29832644,697118848.00
2015/06/15,23.50,25.02,23.01,24.39,50640380,1229159552.00
2015/06/16,23.90,24.29,22.80,23.19,25520372,600826240.00
2015/06/17,23.21,23.24,21.11,22.73,23210119,516128864.00
2015/06/18,22.40,22.40,21.07,21.16,20359736,442172032.00
2015/06/19,20.54,20.99,19.30,19.37,18198723,365423168.00
2015/06/23,19.50,19.90,18.02,19.74,16074653,308860768.00
2015/06/24,19.75,20.20,19.47,19.84,16180333,321739168.00
2015/06/25,19.88,21.38,19.47,19.85,21794041,443540992.00
2015/06/26,19.29,19.29,17.87,17.87,15243810,281446304.00
2015/06/29,18.60,18.66,16.08,16.08,17935750,302781024.00
2015/06/30,15.85,17.69,14.65,17.69,25845804,415956800.00
2015/07/01,17.40,19.46,16.90,17.50,24427381,445674144.00
2015/07/02,17.56,18.61,16.61,17.16,26534434,465446336.00
2015/07/03,17.20,17.95,15.44,16.77,27047477,444305536.00
2015/07/06,18.45,18.45,15.80,17.38,21927680,377856608.00
2015/07/07,16.80,17.44,15.64,15.64,16392516,265599456.00
2015/07/08,14.08,16.56,14.08,15.73,70934988,1082425216.00
2015/07/09,15.75,17.30,15.75,17.30,17694798,298423104.00
2015/07/10,18.48,19.03,17.30,19.03,28122053,530725536.00
2015/07/13,19.03,20.93,19.03,20.93,36560531,738729792.00
2015/07/14,20.41,21.80,19.37,19.89,30864718,631335744.00
2015/07/15,19.19,19.38,17.90,17.90,19721998,362769536.00
2015/07/16,17.90,18.90,16.70,18.16,13496947,243333952.00
2015/07/17,18.41,19.60,18.17,19.24,12955166,245563488.00
2015/07/20,19.25,20.27,18.80,19.39,18513731,361994848.00
2015/07/21,19.13,20.29,18.80,20.18,20310947,402799424.00
2015/07/22,20.30,21.08,19.37,19.98,19555372,391318112.00
2015/07/23,20.55,20.59,20.07,20.42,20252230,412436640.00
2015/07/24,20.43,20.70,19.55,19.62,23832141,475648832.00
2015/07/27,19.20,20.04,17.66,17.66,15580130,296683584.00
2015/07/28,17.30,17.94,16.00,17.66,17903273,305831296.00
2015/07/29,18.00,18.65,17.30,18.65,11239939,200862176.00
2015/07/30,18.68,19.85,18.20,18.67,16118439,307739136.00
2015/07/31,18.29,18.93,18.29,18.67,8741139,162100752.00
2015/08/03,18.28,19.30,18.00,19.27,10824640,200924368.00
2015/08/04,19.33,19.95,18.89,19.90,13388289,260792464.00
2015/08/05,20.00,20.00,18.72,18.80,10682998,206846592.00
2015/08/06,18.40,19.00,18.20,18.48,5603659,104347176.00
2015/08/07,18.79,19.00,18.50,18.86,9575229,179182816.00
2015/08/10,18.93,20.10,18.77,19.82,16302386,319654432.00
2015/08/11,19.80,20.37,19.58,19.85,18703422,374570272.00
2015/08/12,19.61,20.50,19.52,20.29,18494013,372211264.00
2015/08/13,20.00,20.16,19.43,20.09,13546345,269383488.00
2015/08/14,20.00,20.30,19.65,19.76,13319927,266525152.00
2015/08/17,19.54,21.62,19.53,21.30,25232617,524872640.00
2015/08/18,21.01,21.16,19.17,19.17,19512940,395775744.00
2015/08/19,18.47,19.70,17.25,19.31,17406574,318975392.00
2015/08/20,18.99,19.80,18.56,18.80,11055118,211859424.00
2015/08/21,18.42,18.73,17.26,17.27,10269326,183462480.00
2015/08/24,16.60,16.73,15.54,15.54,8565236,135144352.00
2015/08/25,14.21,14.78,13.99,14.14,18573295,263722384.00
2015/08/26,14.70,15.03,13.75,14.40,10171651,147691808.00
2015/08/27,14.83,15.08,14.02,14.88,7521728,110069312.00
2015/08/28,15.15,16.03,14.78,15.84,10314228,158379968.00
2015/08/31,15.60,15.63,14.85,15.25,7237105,109806008.00
2015/09/01,15.17,15.17,13.88,14.99,7425113,108629160.00
2015/09/02,14.00,15.60,14.00,15.60,11003657,166496192.00
2015/09/07,15.58,16.29,15.32,15.75,9037718,142801568.00
2015/09/08,15.44,16.24,15.13,16.07,5178751,81200496.00
2015/09/09,16.10,16.50,15.94,16.33,7621755,123956000.00
2015/09/10,16.20,16.59,15.80,15.85,5557939,90170592.00
2015/09/11,15.61,16.00,15.35,15.65,4311194,67579872.00
2015/09/14,15.71,15.88,14.10,14.11,5966240,88480000.00
2015/09/15,13.92,14.35,13.36,13.68,6258745,86980296.00
2015/09/16,13.88,14.99,13.70,14.86,5409202,77248800.00
2015/09/17,14.60,15.05,14.38,14.45,5598541,82438360.00
2015/09/18,14.60,14.76,14.34,14.53,3293199,47771768.00
2015/09/21,14.40,14.89,14.10,14.83,4285225,62969012.00
2015/09/22,14.84,14.99,14.65,14.88,4911477,72858624.00
2015/09/23,14.69,14.75,14.42,14.51,3368364,49071652.00
2015/09/24,14.67,14.74,14.50,14.60,2637348,38619900.00
2015/09/25,14.58,14.80,14.13,14.22,3539028,51037496.00
2015/09/28,14.20,14.46,14.05,14.35,2087804,29765526.00
2015/09/29,14.25,14.65,14.05,14.23,3858592,55415576.00
2015/09/30,14.32,14.33,14.12,14.27,2415904,34415584.00
2015/10/08,14.70,14.93,14.52,14.82,4804926,71025376.00
2015/10/09,14.76,15.85,14.71,15.50,11241394,173617488.00
2015/10/12,15.57,16.35,15.40,16.17,8948514,143238448.00
2015/10/13,16.13,16.15,15.86,16.06,5078370,81290808.00
2015/10/14,16.30,16.96,16.11,16.24,8299572,137137216.00
2015/10/15,16.00,16.50,15.90,16.49,6176878,100720168.00
2015/10/16,16.57,16.65,16.10,16.46,7164600,117294632.00
2015/10/19,16.43,16.85,15.66,15.83,12687456,204623056.00
2015/10/20,15.83,16.20,15.58,16.20,14870619,235719008.00
2015/10/21,16.10,16.12,14.88,15.03,14217923,221753024.00
2015/10/22,15.05,15.35,14.63,15.32,14770477,221387936.00
2015/10/23,15.32,15.78,15.05,15.66,12419833,190673728.00
2015/10/26,15.99,16.68,15.88,16.49,19895020,325538912.00
2015/10/27,16.39,16.39,15.50,16.20,11090645,177162128.00
2015/10/28,16.08,16.20,15.60,15.66,8254784,131295264.00
2015/10/29,15.87,15.98,15.60,15.80,6893311,108948256.00
2015/10/30,15.83,16.01,15.53,15.80,7364848,116741976.00
2015/11/02,15.78,16.52,15.50,16.05,16668774,271607232.00
2015/11/03,16.31,16.84,16.22,16.63,18027945,299480544.00
2015/11/04,16.79,17.17,16.42,17.05,19594851,328511360.00
2015/11/05,17.56,18.00,16.78,16.87,23463921,407684000.00
2015/11/06,16.60,17.08,16.60,16.98,18429127,310913248.00
2015/11/09,16.91,17.09,16.53,17.09,16632555,280243744.00
2015/11/10,16.95,17.28,16.84,17.00,14647573,248911792.00
2015/11/11,16.98,17.19,16.80,17.17,13022925,222242304.00
2015/11/12,17.38,17.49,16.77,17.32,14699826,250912000.00
2015/11/13,17.01,17.80,16.83,17.64,20313655,352983680.00
2015/11/16,17.30,18.18,17.15,17.93,17999795,321074080.00
2015/11/17,18.20,18.30,17.40,17.50,21128058,376513344.00
2015/11/18,17.50,17.82,17.20,17.35,14656843,255796528.00
2015/11/19,17.58,17.80,17.41,17.74,14586972,257230704.00
2015/11/20,17.68,17.95,17.48,17.90,14212847,250977248.00
2015/11/23,17.95,18.04,17.38,17.42,11689786,207538384.00
2015/11/24,17.34,17.77,17.30,17.74,8651873,152278512.00
2015/11/25,17.69,17.98,17.50,17.98,15739500,280043776.00
2015/11/26,18.15,18.15,17.40,17.44,12802570,226604960.00
2015/11/27,17.42,17.42,15.90,16.00,15362899,256940064.00
2015/11/30,16.07,16.24,15.11,15.92,9605957,151511584.00
2015/12/01,15.93,16.42,15.68,16.18,7882284,126163992.00
2015/12/02,16.30,16.58,15.93,16.35,8617760,140561792.00
2015/12/03,16.27,16.45,16.19,16.45,7260555,118725680.00
2015/12/04,16.39,16.88,16.17,16.79,11457987,189635632.00
2015/12/07,16.79,16.79,16.46,16.63,6863642,114073088.00
2015/12/08,16.41,16.59,16.01,16.02,6820341,110791952.00
2015/12/09,15.98,16.02,15.80,15.81,4693023,74484048.00
2015/12/10,15.77,16.15,15.73,15.91,5587389,89420024.00
2015/12/11,15.70,16.15,15.68,16.00,4006390,63641376.00
2015/12/14,15.82,16.22,15.70,16.20,3913548,62718060.00
2015/12/15,16.13,16.46,16.13,16.24,4726614,77096360.00
2015/12/16,16.18,16.37,16.16,16.17,4828022,78440176.00
2015/12/17,16.25,16.60,16.22,16.60,9115502,149911424.00
2015/12/18,16.60,16.99,16.46,16.89,13794281,231924736.00
2015/12/21,16.95,17.66,16.90,17.21,17084551,295499296.00
2015/12/22,17.10,18.82,16.93,18.49,28555637,511244800.00
2015/12/23,18.05,18.35,17.60,17.65,18656342,334748992.00
2015/12/24,17.69,18.27,17.69,18.00,14058467,252975456.00
2015/12/25,18.15,18.22,17.65,17.78,8542113,152617264.00
2015/12/28,17.74,17.88,16.92,16.96,14584125,251835968.00
2015/12/29,16.95,17.09,16.79,17.06,6470128,109800792.00
2015/12/30,17.11,17.14,16.83,17.05,5837361,99266040.00
2015/12/31,17.06,17.11,16.83,16.85,5162181,87486016.00
2016/01/04,16.85,16.98,15.25,15.30,5181734,84436256.00
2016/01/05,15.00,16.02,14.51,15.86,11443924,177987984.00
2016/01/06,15.87,16.18,15.80,16.10,6447941,103113656.00
2016/01/07,15.90,15.90,14.52,14.62,1677400,25516284.00
2016/01/08,15.30,15.39,14.21,14.97,7162239,107318416.00
2016/01/11,14.60,15.33,14.33,14.35,6205606,92131832.00
2016/01/12,14.41,14.86,14.00,14.49,4584226,66197680.00
2016/01/13,14.60,14.69,14.02,14.11,4714800,67718872.00
2016/01/14,13.86,14.45,13.68,14.40,4792106,67735080.00
2016/01/15,14.23,14.49,13.68,13.83,4477069,63154128.00
2016/01/18,13.50,14.12,13.50,13.83,4129637,57391636.00
2016/01/19,13.83,14.46,13.71,14.46,5078598,71561632.00
2016/01/20,14.22,14.57,14.18,14.33,5844444,84029720.00
2016/01/21,14.23,14.56,14.05,14.08,5047209,72312352.00
2016/01/22,14.20,14.42,13.97,14.26,2651824,37576532.00
2016/01/25,14.30,14.53,14.26,14.49,2661501,38367296.00
2016/01/26,14.40,14.40,13.36,13.43,4315702,59979020.00
2016/01/27,14.00,14.00,12.85,13.62,4874410,65429204.00
2016/01/28,13.65,13.87,13.10,13.10,3889470,52615436.00
2016/01/29,13.20,13.48,13.00,13.33,4240527,56452500.00
2016/02/01,13.30,14.10,13.25,13.66,6544618,89995208.00
2016/02/02,13.67,13.94,13.47,13.90,5065796,69754040.00
2016/02/03,13.58,13.85,13.57,13.77,3172266,43448868.00
2016/02/04,13.91,14.07,13.78,13.85,3507018,48737260.00
2016/02/05,13.95,14.36,13.83,14.07,4711422,66301008.00
2016/02/15,13.10,13.81,13.10,13.66,3249639,44083800.00
2016/02/16,13.68,14.35,13.68,14.26,5823333,81871232.00
2016/02/17,14.20,14.28,14.00,14.20,4643862,65703120.00
2016/02/18,14.21,14.42,14.14,14.26,5599588,79854248.00
2016/02/19,14.21,14.29,14.03,14.11,3726050,52663368.00
2016/02/22,14.18,14.43,14.15,14.39,5228246,74866136.00
2016/02/23,14.40,14.43,14.05,14.31,4424795,63011536.00
2016/02/24,14.23,14.45,14.07,14.32,4669198,66638916.00
2016/02/25,14.28,14.28,12.89,13.02,6750758,91844160.00
2016/02/26,13.03,13.29,12.77,13.09,4642012,60572952.00
2016/02/29,13.06,13.06,12.10,12.28,4038914,50424696.00
2016/03/01,12.36,12.67,12.30,12.67,3388564,42292500.00
2016/03/02,12.63,13.25,12.56,13.19,5005200,65113100.00
2016/03/03,13.22,14.40,13.20,14.15,10573212,146050032.00
2016/03/04,13.81,14.15,13.50,13.60,6570854,90605960.00
2016/03/07,13.68,13.98,13.60,13.85,3826104,52815556.00
2016/03/08,13.75,13.84,13.19,13.55,3714086,49841588.00
2016/03/09,13.34,13.45,13.10,13.15,2640210,34941500.00
数据来源:通达信
