002096 南岭民爆 日线 前复权
      日期	    开盘	    最高	    最低	    收盘	    成交量	    成交额
2011/01/04,16.37,16.79,16.25,16.46,1441314,48858500.00
2011/01/05,16.46,16.46,15.55,15.90,1966215,64303944.00
2011/01/06,15.86,16.17,15.58,15.90,1772089,58237508.00
2011/01/07,15.88,16.05,15.40,15.47,1095470,35228112.00
2011/01/10,15.49,15.67,15.14,15.32,688856,21941338.00
2011/01/11,15.17,15.56,15.10,15.30,426319,13356114.00
2011/01/12,15.30,15.71,15.30,15.69,467024,14866965.00
2011/01/13,15.70,15.77,15.57,15.65,518964,16737925.00
2011/01/14,15.65,15.71,14.77,15.01,949518,29600504.00
2011/01/17,14.78,15.12,14.01,14.05,796250,23781726.00
2011/01/18,14.05,14.57,13.63,14.20,810055,23521460.00
2011/01/19,14.20,14.57,14.20,14.48,317194,9410632.00
2011/01/20,14.50,14.56,14.20,14.38,1056460,31214014.00
2011/01/21,14.38,15.27,14.07,15.12,936534,28787180.00
2011/01/24,15.23,15.29,14.42,14.57,950268,28706328.00
2011/01/25,14.62,14.62,14.16,14.61,492631,14549947.00
2011/01/26,14.72,14.97,14.43,14.91,192988,5886684.50
2011/01/27,14.71,15.18,14.43,15.02,442231,13719860.00
2011/01/28,15.38,15.38,14.98,15.09,420583,13039336.00
2011/01/31,15.10,16.06,15.10,15.99,986654,31814326.00
2011/02/01,15.99,16.92,15.75,16.63,1669657,56926504.00
2011/02/09,16.50,17.11,16.22,16.71,988544,34176628.00
2011/02/10,16.53,17.07,16.03,16.57,1493364,50135424.00
2011/02/11,16.57,16.76,16.07,16.62,750688,25413578.00
2011/02/14,16.56,16.83,16.35,16.82,1139105,38923100.00
2011/02/15,16.97,17.45,16.85,16.85,1692589,59301240.00
2011/02/16,17.07,18.52,17.07,17.87,1851769,67194400.00
2011/02/17,17.69,18.12,17.40,18.08,1402239,50896620.00
2011/02/18,18.01,18.25,17.59,18.07,1305588,47976048.00
2011/02/21,17.87,18.36,17.82,18.32,1253465,46399452.00
2011/02/22,18.31,18.31,17.32,17.52,955347,34674420.00
2011/02/23,17.62,17.62,17.35,17.62,498511,17851704.00
2011/02/24,17.62,17.63,16.82,17.32,676269,23998934.00
2011/02/25,17.32,17.45,16.90,17.45,343561,12142840.00
2011/02/28,17.04,17.57,17.03,17.46,341758,12185950.00
2011/03/01,17.48,17.73,17.43,17.52,363200,13066348.00
2011/03/02,17.53,17.55,16.95,17.32,488106,17223790.00
2011/03/03,17.32,17.33,17.11,17.13,350172,12350333.00
2011/03/04,17.19,17.90,17.03,17.85,1157812,42009480.00
2011/03/07,17.82,18.02,17.72,17.91,1123879,41133396.00
2011/03/08,17.91,18.01,17.60,17.87,625265,22770108.00
2011/03/09,17.87,18.07,17.37,17.67,990436,35865336.00
2011/03/10,17.86,18.13,17.67,18.01,1162564,42667936.00
2011/03/11,17.82,18.31,17.71,18.14,728475,26930194.00
2011/03/14,18.06,18.07,17.47,18.04,1321174,47908060.00
2011/03/15,17.83,18.02,17.13,17.52,735370,26325912.00
2011/03/16,17.52,17.77,17.27,17.52,279855,10010167.00
2011/03/17,17.32,17.62,17.30,17.52,380110,13640141.00
2011/03/18,17.57,17.65,17.42,17.49,260976,9372546.00
2011/03/21,17.47,17.47,16.97,16.97,344101,12083757.00
2011/03/22,16.93,17.17,16.52,16.68,571826,19545070.00
2011/03/23,16.71,16.87,16.52,16.77,843453,28842570.00
2011/03/24,16.77,17.12,16.57,17.01,811741,27967996.00
2011/03/25,16.99,16.99,16.53,16.82,607572,20910216.00
2011/03/28,16.80,16.94,16.30,16.37,1251111,42265108.00
2011/03/29,16.38,16.77,16.32,16.57,1109101,37749172.00
2011/03/30,16.52,16.80,16.37,16.74,705950,23983018.00
2011/03/31,16.66,16.96,16.51,16.90,488710,16843828.00
2011/04/01,16.90,17.06,16.82,16.91,293958,10191822.00
2011/04/06,16.91,16.91,16.43,16.71,674213,22925914.00
2011/04/07,16.70,16.70,16.32,16.57,469657,15849989.00
2011/04/08,16.47,16.73,16.36,16.68,408483,13880705.00
2011/04/11,16.78,16.78,16.41,16.57,409469,13902284.00
2011/04/12,16.51,16.67,16.51,16.60,159200,5419634.00
2011/04/13,16.66,16.90,16.51,16.82,311332,10665770.00
2011/04/14,17.15,17.82,16.67,17.62,1206275,43447852.00
2011/04/15,17.54,18.97,17.35,18.47,3023096,113485624.00
2011/04/18,18.47,18.85,17.97,18.52,1008121,38031984.00
2011/04/19,18.52,18.62,18.14,18.57,872120,32939982.00
2011/04/20,18.61,18.67,17.77,18.17,1089217,40573228.00
2011/04/21,18.17,18.46,17.82,18.05,544639,20130786.00
2011/04/25,18.04,18.04,17.37,17.56,423406,15299854.00
2011/04/26,17.27,17.70,17.26,17.38,210554,7540272.50
2011/04/27,17.67,17.96,17.02,17.38,662841,23715312.00
2011/04/28,17.01,17.73,16.87,16.92,692863,24511946.00
2011/04/29,17.34,17.34,16.67,16.87,513107,17729308.00
2011/05/03,17.07,18.13,16.82,18.13,1240376,44903916.00
2011/05/04,18.23,18.96,17.80,18.24,1293309,48516148.00
2011/05/05,17.92,18.43,17.92,18.08,303885,11299837.00
2011/05/06,17.93,18.47,17.91,18.31,261180,9765242.00
2011/05/09,18.12,18.59,18.08,18.27,619717,23143572.00
2011/05/10,18.13,18.26,17.80,18.07,755977,27966886.00
2011/05/11,17.92,17.97,17.47,17.57,505899,18302002.00
2011/05/12,17.51,17.57,17.07,17.20,416784,14710478.00
2011/05/13,17.32,17.32,17.03,17.31,253970,8939891.00
2011/05/16,17.35,17.35,17.12,17.14,300200,10574165.00
2011/05/17,17.05,17.56,17.02,17.35,672563,23868566.00
2011/05/18,17.37,17.79,17.22,17.62,712202,25536230.00
2011/05/19,17.62,17.92,17.62,17.82,848666,30979044.00
2011/05/20,17.82,18.32,17.72,18.32,919152,34086716.00
2011/05/23,18.17,18.50,17.31,17.92,1472840,54013136.00
2011/05/24,17.80,17.92,17.35,17.91,697160,25208844.00
2011/05/25,17.88,17.88,17.13,17.67,565587,20263816.00
2011/05/26,17.32,17.81,17.30,17.42,181500,6499802.00
2011/05/27,17.42,17.42,15.67,15.81,735605,24551100.00
2011/05/30,15.92,16.35,14.82,15.71,398948,13060054.00
2011/05/31,15.82,16.29,15.72,16.29,205060,6696025.50
2011/06/01,16.29,16.59,16.12,16.37,134597,4531891.00
2011/06/02,16.32,16.32,15.87,16.02,96008,3162961.00
2011/06/03,16.22,16.37,15.88,16.25,122122,4042388.25
2011/06/07,15.87,16.32,15.87,16.16,132970,4410151.00
2011/06/08,15.94,16.16,15.92,16.08,90375,2973805.75
2011/06/09,16.30,16.30,15.92,16.07,110499,3647914.75
2011/06/10,16.07,16.07,15.72,15.82,135260,4397182.50
2011/06/13,15.72,15.85,15.63,15.72,114369,3690572.25
2011/06/14,15.60,15.87,15.60,15.75,857205,27827816.00
2011/06/15,15.57,15.82,15.18,15.25,318653,10056534.00
2011/06/16,15.17,15.17,14.55,14.89,593960,17948462.00
2011/06/17,14.81,14.81,14.26,14.50,256757,7592839.00
2011/06/20,14.33,14.48,13.52,13.95,418666,11863822.00
2011/06/21,13.84,14.20,13.51,13.72,790055,22190280.00
2011/06/22,13.65,15.12,13.59,14.75,1057846,31846312.00
2011/06/23,14.50,15.03,13.95,14.64,581190,17150150.00
2011/06/24,14.45,14.99,14.20,14.80,349529,10597130.00
2011/06/27,15.09,15.09,14.64,14.90,362808,11008462.00
2011/06/28,14.95,14.95,14.65,14.88,330539,9965377.00
2011/06/29,14.88,14.88,14.65,14.65,170300,5127564.00
2011/06/30,14.70,15.09,14.65,14.92,362220,11009518.00
2011/07/01,14.65,15.04,14.65,14.79,425264,12870699.00
2011/07/04,14.92,15.08,14.67,14.99,642863,19593058.00
2011/07/05,15.08,15.44,14.99,15.30,417027,12985186.00
2011/07/06,15.49,15.49,15.06,15.35,416889,13052012.00
2011/07/07,15.35,15.44,15.15,15.19,457800,14261927.00
2011/07/08,15.64,15.90,15.15,15.41,534588,17047592.00
2011/07/11,15.19,15.54,15.10,15.32,407909,12743770.00
2011/07/12,15.30,15.30,14.68,14.75,493411,15078080.00
2011/07/13,14.80,15.07,14.63,14.98,476558,14427253.00
2011/07/14,15.07,15.07,14.82,14.94,355287,10844547.00
2011/07/15,14.91,15.14,14.74,14.98,401052,12284697.00
2011/07/18,14.88,15.64,14.88,15.63,846762,26629696.00
2011/07/19,15.60,15.60,14.75,15.32,902977,28453646.00
2011/07/20,15.30,15.58,15.10,15.14,457065,14309992.00
2011/07/21,15.00,15.38,15.00,15.02,466700,14538722.00
2011/07/22,15.28,15.40,15.01,15.14,296201,9150963.00
2011/07/25,15.01,15.13,14.07,14.14,674899,20030158.00
2011/07/26,14.13,14.40,14.03,14.15,501179,14509771.00
2011/07/27,14.15,14.44,13.95,14.40,1045359,30448598.00
2011/07/28,14.26,14.36,14.15,14.26,288321,8405905.00
2011/07/29,14.30,14.70,14.23,14.68,372707,11092086.00
2011/08/01,14.67,15.15,14.65,14.99,447668,13733695.00
2011/08/02,14.95,15.62,14.95,15.27,944712,29629448.00
2011/08/03,15.27,15.29,14.69,15.26,417787,12900620.00
2011/08/04,15.24,15.62,15.15,15.35,302772,9563871.00
2011/08/05,14.65,15.30,14.60,15.30,455068,14029428.00
2011/08/08,15.20,15.20,14.10,15.05,721590,21852038.00
2011/08/09,14.32,15.36,14.20,15.34,757129,23145086.00
2011/08/10,15.11,15.61,15.11,15.55,560680,17719246.00
2011/08/11,15.30,15.60,15.03,15.59,499010,15784288.00
2011/08/12,15.49,15.80,15.49,15.57,373276,11942794.00
2011/08/15,15.62,16.15,15.62,15.82,685749,22312064.00
2011/08/16,15.70,15.89,15.25,15.42,758099,24024710.00
2011/08/17,15.31,15.52,15.26,15.40,316590,9973697.00
2011/08/18,15.37,15.49,15.28,15.41,128760,4053007.00
2011/08/19,15.10,15.73,15.09,15.70,189801,5974307.50
2011/08/22,15.69,15.90,15.15,15.15,363978,11581743.00
2011/08/23,15.34,15.35,15.16,15.33,153956,4799856.50
2011/08/24,15.45,15.59,15.21,15.26,143200,4507651.00
2011/08/25,15.26,15.52,15.17,15.50,215248,6736817.00
2011/08/29,15.36,15.54,15.36,15.48,199996,6322793.00
2011/08/30,15.51,15.89,15.50,15.62,373062,11941225.00
2011/08/31,15.20,15.74,15.20,15.55,104586,3309640.00
2011/09/01,15.43,15.55,15.29,15.49,116701,3679888.75
2011/09/02,15.50,15.93,15.21,15.65,447420,14262913.00
2011/10/20,16.50,17.04,15.87,16.20,3960023,132317432.00
2011/10/21,16.22,16.32,14.74,15.31,1282748,41333400.00
2011/10/24,15.40,16.12,15.15,15.85,1688384,54435628.00
2011/10/25,16.11,16.38,15.59,16.30,1622472,53583620.00
2011/10/26,16.25,17.96,16.16,17.90,2810534,98023904.00
2011/10/27,17.66,17.82,17.23,17.39,1219241,43306360.00
2011/10/28,17.57,18.00,17.24,17.65,691013,24820946.00
2011/10/31,17.60,17.60,17.00,17.39,724711,25509722.00
2011/11/01,17.07,17.86,16.90,17.57,1036721,37008200.00
2011/11/03,17.25,17.57,16.71,17.06,1970450,69022480.00
2011/11/04,17.14,17.20,16.80,16.85,981398,34040336.00
2011/11/07,16.80,17.05,16.38,16.50,815413,27942888.00
2011/11/08,16.62,16.62,16.03,16.09,947282,31551638.00
2011/11/09,16.08,16.83,16.08,16.79,842944,28299770.00
2011/11/10,16.69,16.69,16.35,16.35,614667,20687266.00
2011/11/11,16.40,16.70,16.32,16.49,379377,12767716.00
2011/11/14,16.49,16.87,16.40,16.55,1316306,44665356.00
2011/11/15,16.59,17.14,16.44,17.05,1402952,48297480.00
2011/11/16,17.00,17.02,16.38,16.41,622910,21242940.00
2011/11/17,16.40,16.63,16.15,16.40,454452,15246299.00
2011/11/18,16.35,16.57,15.81,16.25,626576,20823970.00
2011/11/21,16.16,16.35,15.90,16.21,540076,17731366.00
2011/11/22,16.05,16.17,15.82,15.96,287556,9393279.00
2011/11/23,15.98,16.30,15.98,16.07,286586,9452131.00
2011/11/24,15.99,16.23,15.87,15.95,408433,13358842.00
2011/11/25,16.14,16.14,15.87,15.93,249284,8128903.00
2011/11/28,15.90,16.22,15.60,15.60,701921,22676796.00
2011/11/29,15.69,15.88,15.44,15.88,844622,26927650.00
2011/11/30,15.85,15.93,15.35,15.41,351014,11144872.00
2011/12/01,16.15,16.65,15.80,15.86,901307,29463540.00
2011/12/02,15.65,15.84,15.51,15.59,204639,6539046.50
2011/12/05,15.65,15.65,15.40,15.41,194856,6165951.50
2011/12/06,15.45,15.59,15.20,15.38,166440,5241975.50
2011/12/07,15.54,15.65,15.34,15.52,95702,3043677.25
2011/12/08,15.47,15.79,15.41,15.50,277878,8815495.00
2011/12/09,15.40,15.57,15.30,15.39,299608,9416544.00
2011/12/12,15.54,15.54,15.28,15.33,91267,2866632.75
2011/12/13,15.44,15.44,14.81,15.36,566828,17518168.00
2011/12/14,15.30,15.30,13.80,14.15,641490,18943512.00
2011/12/15,13.90,14.04,13.16,13.64,663712,18360732.00
2011/12/16,13.64,14.14,13.33,14.10,333143,9451761.00
2011/12/19,13.90,14.39,13.80,14.30,335580,9695986.00
2011/12/20,14.15,14.38,13.97,14.14,133073,3859153.75
2011/12/21,14.14,14.26,13.79,13.79,164500,4692730.00
2011/12/22,13.70,13.70,12.37,12.65,1133856,29338518.00
2011/12/23,12.64,13.43,12.62,13.30,859266,23204238.00
2011/12/26,13.22,13.49,13.22,13.25,308987,8461638.00
2011/12/27,13.05,13.35,13.05,13.32,387378,10554487.00
2011/12/28,13.39,13.40,13.24,13.33,189099,5168751.50
2011/12/29,13.40,14.03,12.89,13.80,393577,11078546.00
2011/12/30,13.67,14.19,13.67,14.17,263859,7582678.00
2012/01/04,13.95,14.43,13.95,14.00,457851,13372772.00
2012/01/05,13.91,14.01,13.30,13.37,266421,7426798.00
2012/01/06,13.30,13.72,12.78,13.52,411650,11296769.00
2012/01/09,13.84,13.84,13.43,13.78,340367,9500909.00
2012/01/10,13.65,13.90,13.15,13.64,2007245,55923404.00
2012/01/11,13.55,13.64,13.23,13.29,1023731,28204200.00
2012/01/12,13.28,13.28,11.93,11.93,2424617,62087256.00
2012/01/13,10.70,11.08,10.70,10.70,4148756,92007616.00
2012/01/16,10.08,10.10,9.59,9.59,2194656,44243260.00
2012/01/17,9.31,9.85,8.90,9.71,3737477,72271064.00
2012/01/18,9.60,9.90,9.03,9.12,2957691,58799336.00
2012/01/19,9.11,9.38,8.91,9.16,1208024,22912784.00
2012/01/20,9.35,9.49,9.15,9.42,1216236,23579434.00
2012/01/30,9.48,9.90,9.37,9.74,1666660,33538956.00
2012/01/31,9.74,10.00,9.66,9.80,815611,16526381.00
2012/02/01,9.79,9.89,9.60,9.63,842347,16973012.00
2012/02/02,9.63,9.75,9.52,9.73,928948,18565424.00
2012/02/03,9.75,9.89,9.64,9.85,1444796,29228166.00
2012/02/06,9.87,10.65,9.86,10.51,2358678,50416556.00
2012/02/07,10.52,10.53,10.30,10.51,1449972,31339702.00
2012/02/08,10.46,10.61,10.32,10.58,1679260,36370892.00
2012/02/09,10.57,11.06,10.43,10.70,2010408,44493464.00
2012/02/10,10.68,10.83,10.55,10.69,1238402,27432670.00
2012/02/13,10.45,10.97,10.45,10.94,1270881,28376930.00
2012/02/14,10.93,11.59,10.85,11.54,1706081,39900300.00
2012/02/15,11.54,12.21,11.35,11.76,2754732,66373080.00
2012/02/16,11.61,11.72,11.39,11.55,1167058,27868400.00
2012/02/17,11.54,11.63,11.36,11.52,734699,17373408.00
2012/02/20,11.75,11.77,11.38,11.43,660393,15746449.00
2012/02/21,11.40,12.15,11.40,12.10,1792750,43484240.00
2012/02/22,12.60,12.60,11.70,12.42,2496916,63267568.00
2012/02/23,12.65,12.68,11.65,12.55,2374400,60707336.00
2012/02/24,12.55,12.65,12.34,12.55,1703629,43740320.00
2012/02/27,12.55,12.63,12.30,12.55,1814268,46487788.00
2012/02/28,12.51,12.59,12.15,12.44,1210580,30707484.00
2012/02/29,12.44,12.55,12.05,12.10,1688865,42619192.00
2012/03/01,12.14,12.23,11.90,12.05,700529,17450822.00
2012/03/02,12.15,13.29,12.05,13.29,4941666,130152096.00
2012/03/05,13.47,13.99,13.47,13.56,3464252,97042816.00
2012/03/06,13.70,13.82,13.45,13.60,1527899,42712784.00
2012/03/07,13.59,13.64,13.25,13.46,939926,25941518.00
2012/03/08,13.58,14.09,13.47,13.88,1801071,51314476.00
2012/03/09,13.90,14.05,13.70,13.92,836832,23819112.00
2012/03/12,13.96,14.62,13.82,14.29,1266650,37091196.00
2012/03/13,14.32,14.65,14.10,14.53,1090168,32141988.00
2012/03/14,14.40,14.84,13.70,14.05,2205932,65366012.00
2012/03/15,14.05,14.15,13.56,13.87,1259199,35957984.00
2012/03/16,13.88,14.45,13.88,14.40,983380,28435276.00
2012/03/19,14.40,14.62,14.05,14.17,1322596,38571452.00
2012/03/20,14.19,14.27,13.60,13.64,1077701,30471826.00
2012/03/21,13.65,14.04,13.29,13.59,1483295,41125868.00
2012/03/22,13.64,13.65,13.45,13.60,856627,23859150.00
2012/03/23,13.62,14.35,13.62,14.00,1768523,51010356.00
2012/05/21,15.25,15.25,14.40,15.00,3730020,114012224.00
2012/05/22,15.22,15.22,14.65,14.88,1931002,58710780.00
2012/05/23,14.84,15.14,14.48,14.64,1220951,36569560.00
2012/05/24,14.65,14.69,14.48,14.63,713824,21361546.00
2012/05/25,14.63,14.63,13.99,14.13,1152943,33621752.00
2012/05/28,14.14,14.99,12.68,14.73,1007130,30120024.00
2012/05/29,14.75,15.49,14.75,15.40,1858987,57943464.00
2012/05/30,15.40,15.65,15.20,15.40,990982,31276138.00
2012/05/31,15.30,15.39,15.10,15.21,461733,14362441.00
2012/06/01,15.35,15.50,15.06,15.30,397920,12427489.00
2012/06/04,15.15,15.29,14.61,14.64,914238,27899494.00
2012/06/05,14.52,14.81,14.15,14.50,733620,21603184.00
2012/06/06,14.54,14.61,14.35,14.44,354768,10538128.00
2012/06/07,14.46,15.09,14.46,14.58,590054,17752856.00
2012/06/08,14.66,15.55,14.66,15.29,1401583,43613736.00
2012/06/11,15.15,15.40,15.00,15.19,525962,16321204.00
2012/06/12,15.19,15.48,14.60,14.80,1030571,31653644.00
2012/06/13,14.80,15.20,14.58,14.79,905849,27231312.00
2012/06/14,14.79,14.79,14.29,14.62,836975,24876304.00
2012/06/15,14.61,15.22,14.21,14.31,1662743,24775834.00
2012/06/18,14.72,14.72,14.02,14.42,2592743,37755484.00
2012/06/19,14.57,14.57,13.92,14.26,2409304,34567512.00
2012/06/20,14.17,14.36,13.80,13.81,1748755,25068944.00
2012/06/21,13.79,13.82,13.02,13.17,2901442,39265396.00
2012/06/25,13.08,13.52,12.88,12.92,2183078,29374446.00
2012/06/27,12.93,13.29,12.93,13.08,1738391,23342614.00
2012/06/28,13.12,13.31,12.32,12.71,2386500,31018954.00
2012/06/29,12.53,12.81,12.40,12.81,1284479,16533057.00
2012/07/02,12.82,12.87,12.58,12.64,1759611,22819070.00
2012/07/03,12.64,13.63,12.45,13.26,4566782,60355044.00
2012/07/04,13.21,13.21,12.86,12.96,1811195,24043496.00
2012/07/05,12.80,13.00,12.57,12.61,1193722,15581945.00
2012/07/06,12.64,12.83,12.52,12.72,1152419,14894772.00
2012/07/09,12.62,12.92,12.02,12.22,2056700,26219266.00
2012/07/10,12.24,12.24,11.76,11.88,1403027,17084364.00
2012/07/11,11.93,12.25,11.80,11.88,1374571,16839642.00
2012/07/12,11.88,12.11,11.22,11.92,2057852,24568862.00
2012/07/13,11.72,12.10,11.72,11.83,908243,11003606.00
2012/07/16,11.73,11.83,11.02,11.04,1504301,17420594.00
2012/07/17,11.17,11.39,10.97,11.11,1191991,13569644.00
2012/07/18,11.12,11.12,10.35,10.77,2327551,25500990.00
2012/07/19,10.77,10.90,10.54,10.85,2238745,24713238.00
2012/07/20,10.82,11.24,10.78,11.02,2118130,24064388.00
2012/07/23,10.88,11.00,10.57,10.76,1251776,13764109.00
2012/07/24,10.76,10.90,10.58,10.86,1119113,12402857.00
2012/07/25,10.80,11.64,10.63,11.14,2745874,31778746.00
2012/07/26,10.84,11.41,10.84,11.24,2038762,23373238.00
2012/07/30,11.63,12.20,11.43,11.78,6481009,78136712.00
2012/07/31,11.64,11.96,11.34,11.66,3279599,39142284.00
2012/08/01,11.72,11.90,11.53,11.81,3475873,41838572.00
2012/08/02,11.76,11.81,11.32,11.41,2237940,26434548.00
2012/08/03,11.47,11.58,11.27,11.47,1963335,23031372.00
2012/08/06,11.31,12.65,11.31,12.65,5001605,62536632.00
2012/08/07,12.92,13.94,12.91,13.32,11876722,164217072.00
2012/08/08,13.16,13.16,12.48,12.85,8966659,117104056.00
2012/08/09,12.85,12.96,12.57,12.91,5355415,69879416.00
2012/08/10,12.73,12.87,12.62,12.76,2506677,32661976.00
2012/08/13,12.72,13.15,12.62,12.77,3567481,46987612.00
2012/08/14,12.82,12.86,12.20,12.57,3108919,39630736.00
2012/08/15,12.45,12.66,12.28,12.33,1902575,24216722.00
2012/08/16,12.21,12.62,12.18,12.39,1753553,22296570.00
2012/08/17,12.38,12.42,12.24,12.33,1007038,12680181.00
2012/08/20,12.25,12.41,12.03,12.31,1381084,17197492.00
2012/08/21,12.23,12.67,12.23,12.48,1790566,22922020.00
2012/08/22,12.59,12.67,12.42,12.59,1633988,20931130.00
2012/08/23,12.59,12.87,12.55,12.80,2650046,34499524.00
2012/08/24,12.80,12.80,12.19,12.20,2091347,26631504.00
2012/08/27,12.12,12.19,11.40,11.46,1920052,22881102.00
2012/08/28,11.32,11.50,11.11,11.38,1731340,20049858.00
2012/08/29,11.22,11.65,11.22,11.37,973824,11402722.00
2012/08/30,11.34,11.42,10.83,11.14,1396904,15941573.00
2012/08/31,11.08,11.40,11.08,11.27,810571,9322015.00
2012/09/03,11.24,11.52,11.22,11.43,1020198,11888301.00
2012/09/04,11.52,11.52,11.02,11.04,1450049,16682405.00
2012/09/13,12.17,12.17,12.17,12.17,242646,3020942.75
2012/09/14,13.32,13.32,12.52,12.61,14836388,196895984.00
2012/09/17,12.37,12.50,11.97,11.97,5862361,73224632.00
2012/09/18,11.68,11.80,11.37,11.60,3054050,36175680.00
2012/09/19,11.63,11.70,11.51,11.67,1854055,22054146.00
2012/09/20,11.62,11.63,10.90,11.08,3174472,36378864.00
2012/09/21,11.07,11.38,10.90,11.31,2314334,26346878.00
2012/09/24,11.10,11.31,10.97,11.20,1349240,15438440.00
2012/09/25,11.22,11.26,11.07,11.13,808600,9246305.00
2012/09/26,11.08,11.20,10.55,10.63,1478409,16362048.00
2012/09/27,10.62,10.92,10.47,10.77,1878799,20677024.00
2012/09/28,10.82,11.00,10.69,10.91,1624422,18040570.00
2012/10/08,10.91,11.09,10.81,10.86,1108993,12445109.00
2012/10/09,10.98,11.15,10.87,11.11,2434644,27547842.00
2012/10/10,11.10,11.30,10.93,11.27,3330813,38080224.00
2012/10/11,11.26,11.26,10.91,10.95,2319021,26237280.00
2012/10/12,10.96,11.11,10.77,10.87,1541720,17193574.00
2012/10/15,10.82,10.89,10.48,10.58,1816960,19768414.00
2012/10/16,10.59,10.77,10.55,10.62,1144426,12513321.00
2012/10/17,10.59,10.70,10.52,10.63,834124,9078104.00
2012/10/18,10.72,10.87,10.72,10.81,1579783,17503382.00
2012/10/19,10.80,10.98,10.79,10.92,2057441,23006954.00
2012/10/22,10.83,10.88,10.74,10.88,1118313,12400506.00
2012/10/23,10.90,10.90,10.50,10.55,2337784,25597160.00
2012/10/24,10.44,10.57,10.39,10.47,1346871,14479667.00
2012/10/25,10.52,10.57,9.93,9.93,2478647,26202254.00
2012/10/26,9.88,9.99,9.63,9.68,2381603,23860984.00
2012/10/29,9.73,9.87,9.65,9.70,1019862,10212749.00
2012/10/30,9.72,9.94,9.68,9.78,1392800,14057118.00
2012/10/31,9.78,9.87,9.72,9.87,742844,7492975.00
2012/11/01,10.73,10.89,10.73,10.89,6418978,71653432.00
2012/11/02,10.92,11.39,10.90,10.96,11377863,129603520.00
2012/11/05,10.73,11.72,10.47,11.52,9933653,113213136.00
2012/11/06,11.40,12.22,11.24,11.92,13257143,161288400.00
2012/11/07,11.67,12.31,11.61,11.70,8736888,106703520.00
2012/11/08,11.46,11.61,11.05,11.31,5649725,65400192.00
2012/11/09,11.22,12.09,11.09,11.82,8209701,98504544.00
2012/11/12,11.69,12.11,11.62,11.81,4993482,60739812.00
2012/11/13,11.88,11.88,11.02,11.12,4868694,56781552.00
2012/11/14,11.07,11.32,10.92,11.22,2983506,34048384.00
2012/11/15,11.07,11.21,10.67,10.70,3286223,36834160.00
2012/11/16,10.52,10.71,10.28,10.46,2391762,25607888.00
2012/11/19,10.50,10.81,10.23,10.72,1794800,19330828.00
2012/11/20,10.73,10.80,10.22,10.32,2748595,29685834.00
2012/11/21,10.32,10.71,10.24,10.66,2087482,22449366.00
2012/11/22,10.67,10.95,10.52,10.86,3216665,35666328.00
2012/11/23,10.97,10.98,10.53,10.78,1628605,17935490.00
2012/11/26,10.67,10.78,10.23,10.55,1439111,15436961.00
2012/11/27,10.37,10.48,10.02,10.04,1507018,15754684.00
2012/11/28,10.02,10.15,9.69,9.76,1393785,14099073.00
2012/11/29,9.77,9.86,9.43,9.52,1274461,12711908.00
2012/11/30,9.59,10.50,9.58,10.36,3584836,37530200.00
2012/12/03,10.22,10.22,9.65,9.76,2309191,23522786.00
2012/12/04,9.54,9.97,9.54,9.96,2059438,20783688.00
2012/12/05,9.97,10.49,9.82,10.38,3102340,32674558.00
2012/12/06,10.42,10.45,10.06,10.15,1829565,19221574.00
2012/12/07,10.14,10.40,10.12,10.36,2822305,29863556.00
2012/12/10,10.25,10.99,10.17,10.79,4628506,50236032.00
2012/12/11,10.69,10.69,10.42,10.48,2865705,31027784.00
2012/12/12,10.49,11.02,10.40,10.78,3809663,42197008.00
2012/12/13,10.73,10.97,10.45,10.54,2847802,31253636.00
2012/12/14,10.45,11.22,10.45,10.88,4905446,54710404.00
2012/12/17,10.97,11.08,10.84,10.96,3041651,34161080.00
2012/12/18,11.08,11.31,10.79,10.87,3668961,41683148.00
2012/12/19,10.85,11.07,10.68,10.80,2253930,25071616.00
2012/12/20,10.80,11.06,10.69,10.86,2156061,24018740.00
2012/12/21,10.76,11.11,10.76,11.01,3401996,38184872.00
2012/12/24,11.08,11.27,10.89,11.17,3202823,36482800.00
2012/12/25,11.18,11.36,11.02,11.32,3802550,43832568.00
2012/12/26,11.30,11.93,11.30,11.80,5731476,68961312.00
2012/12/27,11.81,11.81,11.47,11.53,2878444,34232532.00
2012/12/28,11.47,11.68,11.34,11.54,2464248,29056026.00
2012/12/31,11.62,11.72,11.45,11.61,2245396,26553846.00
2013/01/04,11.61,11.77,11.28,11.40,2278929,26719192.00
2013/01/07,11.40,11.49,11.24,11.49,1653262,19215468.00
2013/01/08,11.48,11.60,11.41,11.59,2473021,29143150.00
2013/01/09,11.59,11.90,11.48,11.78,4089925,49213604.00
2013/01/10,11.78,11.78,11.47,11.61,2715416,32231438.00
2013/01/11,11.67,11.70,11.23,11.23,3126947,36888948.00
2013/01/14,11.52,12.38,11.52,12.38,14363008,179513824.00
2013/01/15,12.74,13.40,12.42,12.56,15549322,203827488.00
2013/01/16,12.52,12.67,12.14,12.67,7184748,90872016.00
2013/01/17,12.62,13.11,12.42,12.96,8714795,114462760.00
2013/01/18,12.98,14.28,12.98,14.24,13424052,187402368.00
2013/01/21,14.16,14.32,13.73,13.87,8769162,124839832.00
2013/01/22,13.85,13.85,13.27,13.48,5991139,82441936.00
2013/01/23,13.35,13.50,12.87,13.16,4717502,63142436.00
2013/01/24,13.20,13.52,12.62,12.77,5765378,76990392.00
2013/01/25,12.77,12.99,12.63,12.73,3189280,41653328.00
2013/01/28,12.77,13.12,12.74,12.99,3499687,46443752.00
2013/01/29,12.98,13.69,12.98,13.52,5704069,78398648.00
2013/01/30,13.53,13.58,13.12,13.38,3268707,44406400.00
2013/01/31,13.37,13.39,12.90,12.96,3352897,44513868.00
2013/02/01,12.88,13.49,12.82,13.27,3809757,51628380.00
2013/02/04,13.24,13.50,12.92,13.00,2538597,33972776.00
2013/02/05,12.92,13.00,12.68,12.76,2740613,35907600.00
2013/02/06,12.92,13.17,12.77,13.08,2631791,34980364.00
2013/02/07,13.02,13.27,12.97,13.22,2454854,33032580.00
2013/02/08,13.23,13.48,13.19,13.35,2667755,36453688.00
2013/02/18,13.37,13.50,13.00,13.35,2566238,34499380.00
2013/02/19,13.33,13.33,12.86,12.95,1898672,25232392.00
2013/02/20,12.91,13.09,12.84,13.07,1596086,21140620.00
2013/02/21,12.92,13.05,12.64,12.74,1876851,24595358.00
2013/02/22,12.72,12.87,12.43,12.44,1881560,24279014.00
2013/02/25,12.42,12.63,12.32,12.60,1562360,19943274.00
2013/02/26,12.52,12.81,12.33,12.53,1943603,25192194.00
2013/02/27,12.61,12.80,12.49,12.66,1300439,16803702.00
2013/02/28,12.45,12.84,12.45,12.84,2259779,29337556.00
2013/03/01,12.72,12.97,12.63,12.93,2009283,26310860.00
2013/03/04,12.91,12.91,12.13,12.20,2344154,29832720.00
2013/03/05,12.20,12.41,12.08,12.31,2431469,30489958.00
2013/03/06,12.36,12.61,12.11,12.54,2031136,25863304.00
2013/03/07,12.57,12.97,12.44,12.70,2970286,38810980.00
2013/03/08,12.65,12.77,12.40,12.43,1465688,18783610.00
2013/03/11,12.44,12.70,12.30,12.68,1532519,19621462.00
2013/03/12,12.52,12.69,12.12,12.31,2004328,25351534.00
2013/03/13,12.42,12.42,11.82,11.85,1539259,18870576.00
2013/03/14,11.82,12.01,11.82,11.94,923322,11265072.00
2013/03/15,11.99,12.10,11.75,11.86,1294884,15758682.00
2013/03/18,11.80,11.94,11.52,11.53,1135741,13684872.00
2013/03/19,11.45,11.68,11.20,11.60,1043021,12239890.00
2013/03/20,11.42,11.92,11.42,11.87,1612956,19494336.00
2013/03/21,11.86,11.98,11.76,11.86,1348788,16393714.00
2013/03/22,11.82,11.99,11.80,11.95,964101,11751698.00
2013/03/25,12.02,12.02,11.81,12.01,1021881,12453520.00
2013/03/26,11.98,12.32,11.95,12.18,1996483,24739198.00
2013/03/27,12.10,12.22,11.94,12.04,1129960,13963637.00
2013/03/28,12.02,12.02,11.52,11.56,1147211,13729864.00
2013/03/29,11.53,11.72,11.34,11.42,738570,8713422.00
2013/04/01,11.42,11.71,11.32,11.54,531558,6249395.50
2013/04/02,11.68,11.68,11.34,11.34,550981,6460629.50
2013/04/03,11.35,11.72,11.35,11.49,805193,9526118.00
2013/04/08,11.47,11.53,11.14,11.53,883244,10232122.00
2013/04/09,11.65,11.80,11.52,11.69,710458,8487420.00
2013/04/10,11.75,11.77,11.57,11.72,666593,7975251.50
2013/04/11,11.76,11.88,11.57,11.60,663305,7926850.00
2013/04/12,11.60,11.63,11.29,11.30,583639,6822726.50
2013/04/15,11.28,11.58,11.20,11.33,1231196,14424369.00
2013/04/16,11.33,11.51,11.27,11.47,992716,11628821.00
2013/04/17,11.52,11.52,11.22,11.38,785538,9145017.00
2013/04/18,11.34,11.44,11.24,11.32,639405,7430664.50
2013/04/19,11.42,11.70,11.33,11.66,1219017,14445501.00
2013/04/22,11.76,12.12,11.67,11.80,1473117,17857952.00
2013/04/23,11.77,11.77,11.22,11.29,1714439,20067776.00
2013/04/24,11.04,11.52,11.04,11.37,1307324,15154008.00
2013/04/25,11.30,11.37,10.93,11.37,1616000,18460010.00
2013/04/26,11.17,11.31,11.02,11.12,801947,9138415.00
2013/05/02,11.12,11.42,10.99,11.37,1053081,12169336.00
2013/05/03,11.32,11.80,11.32,11.56,1572645,18736914.00
2013/05/06,11.56,11.83,11.56,11.80,1220646,14656500.00
2013/05/07,11.84,11.84,11.68,11.84,909688,10959921.00
2013/05/08,11.85,12.50,11.78,12.26,2971127,37058640.00
2013/05/09,12.13,12.35,11.98,12.31,1995586,24783516.00
2013/05/10,12.32,12.67,12.31,12.38,2757572,35245744.00
2013/05/13,12.31,12.70,12.29,12.43,3006311,38447436.00
2013/05/14,12.43,13.01,12.43,12.85,4977869,64969868.00
2013/05/15,12.85,13.59,12.73,13.53,6104492,82524376.00
2013/05/16,13.52,14.22,13.42,14.00,7166280,101333200.00
2013/05/17,14.01,14.32,13.44,13.87,6625353,93762112.00
2013/05/20,13.87,15.22,13.87,14.95,11676625,175103088.00
2013/05/21,15.02,15.58,14.84,15.42,7912820,122593520.00
2013/05/22,15.19,16.10,15.15,15.77,6714174,108397344.00
2013/05/23,15.70,16.02,15.27,15.38,4570852,72868752.00
2013/05/24,15.39,16.02,15.39,15.63,3651682,57994392.00
2013/05/27,15.43,15.91,15.22,15.80,6192131,97827248.00
2013/05/28,15.80,16.05,15.55,16.02,3639414,58807268.00
2013/05/29,16.18,16.47,15.87,16.47,4325999,71125184.00
2013/05/30,16.42,17.92,16.41,17.92,5280791,92548400.00
2013/05/31,18.22,18.72,17.52,18.27,5770202,106173560.00
2013/06/03,17.73,19.12,17.73,19.05,7235767,138795824.00
2013/06/04,19.21,19.21,17.92,18.10,3887103,72772160.00
2013/06/05,18.32,18.71,17.76,18.61,4831430,88532144.00
2013/06/06,18.59,18.62,17.90,18.06,3397020,62321116.00
2013/06/07,18.07,18.52,17.37,17.71,3390520,61572804.00
2013/06/13,16.72,17.71,16.65,17.10,4915787,84802904.00
2013/06/14,17.15,17.60,17.12,17.27,4480739,78777232.00
2013/06/17,17.49,17.98,16.92,17.44,5294291,93532984.00
2013/06/18,17.45,17.65,16.72,17.17,3272389,57128148.00
2013/06/19,16.97,16.97,16.27,16.45,6158599,103713720.00
2013/06/20,16.45,16.97,15.93,16.02,3653280,61493700.00
2013/06/21,15.94,15.94,14.78,15.79,2985273,47351920.00
2013/06/24,16.15,16.16,14.89,14.91,2031720,31874590.00
2013/06/25,14.63,15.47,13.71,14.68,3536026,53127728.00
2013/06/26,15.30,15.43,14.74,15.43,2235565,34421888.00
2013/06/27,15.71,15.71,13.86,13.86,10658786,155448640.00
2013/06/28,13.60,14.16,12.90,13.68,7535733,104451672.00
2013/07/01,13.06,13.68,13.06,13.57,4005979,54802316.00
2013/07/02,13.66,13.93,13.50,13.63,4749817,66618456.00
2013/07/03,13.64,13.64,12.53,13.12,5204417,69407096.00
2013/07/04,13.13,13.83,12.82,13.75,6681593,91959728.00
2013/07/05,13.82,14.08,13.64,13.97,5695567,80521240.00
2013/07/08,13.77,14.06,13.28,13.58,2960256,40976924.00
2013/07/09,13.68,13.68,12.81,13.00,2837134,37940388.00
2013/07/10,13.27,13.66,12.98,13.57,3257247,44107288.00
2013/07/11,13.56,14.31,13.56,13.93,4928024,70315048.00
2013/07/12,14.16,14.27,13.70,13.74,3721407,52859900.00
2013/07/15,13.68,14.01,13.44,13.95,2318952,32695776.00
2013/07/16,14.05,14.05,13.58,13.93,2914106,40818584.00
2013/07/17,13.99,15.35,13.86,15.17,7687154,114477456.00
2013/07/18,14.86,15.16,14.53,15.01,5222049,78902752.00
2013/07/19,14.93,15.16,13.58,13.94,4775357,70403024.00
2013/07/22,13.91,14.07,13.35,13.81,2951257,41038912.00
2013/07/23,13.84,14.22,13.74,14.21,4101469,58264284.00
2013/07/24,14.18,14.18,13.62,13.94,3360726,47378464.00
2013/07/25,13.94,14.03,13.43,13.63,2777364,38695104.00
2013/07/26,13.55,13.73,13.36,13.46,1596339,21894666.00
2013/07/29,13.33,13.52,12.70,12.80,2704336,35821348.00
2013/07/30,12.80,12.97,12.34,12.59,1673831,21525652.00
2013/07/31,12.59,12.83,12.54,12.58,1410208,18186086.00
2013/08/01,12.68,13.20,12.68,13.08,1915466,25337376.00
2013/08/02,13.09,13.57,13.03,13.52,3069025,41769048.00
2013/08/05,13.64,13.83,13.39,13.68,1655947,22920200.00
2013/08/06,13.58,14.44,13.49,14.16,4206941,60052592.00
2013/08/07,14.23,14.23,13.73,13.74,3072466,43567192.00
2013/08/08,13.74,13.77,13.48,13.62,2062641,28515800.00
2013/08/09,13.68,14.26,13.68,13.84,2555944,36232440.00
2013/08/12,13.88,14.24,13.78,14.03,2450357,34896352.00
2013/08/13,14.02,14.23,13.98,14.06,2156966,30808274.00
2013/08/14,14.10,14.20,13.93,13.99,1765783,25175988.00
2013/08/15,13.97,13.98,13.44,13.48,2498706,34647040.00
2013/08/16,13.38,13.68,13.09,13.11,2089100,28303454.00
2013/08/19,13.11,13.36,12.83,13.31,1263241,16992900.00
2013/08/20,13.23,13.39,13.14,13.18,1237069,16672055.00
2013/08/21,13.13,13.13,12.84,12.88,2662077,34970188.00
2013/08/22,12.91,13.03,12.82,13.01,1901424,25056268.00
2013/08/23,13.01,13.17,12.85,13.02,2372614,31472200.00
2013/08/26,13.06,13.63,13.06,13.54,3215271,44012372.00
2013/08/27,13.62,13.78,13.33,13.61,2867270,39475252.00
2013/08/28,13.46,13.61,13.30,13.50,2201987,30140692.00
2013/08/29,13.50,13.85,13.28,13.84,3397475,46781092.00
2013/08/30,13.66,13.84,13.28,13.42,2922398,40465952.00
2013/09/02,13.28,13.49,12.86,13.48,1661179,22416594.00
2013/09/03,13.48,13.76,13.41,13.61,1978670,27366298.00
2013/09/04,13.65,13.76,13.49,13.71,2417736,33515728.00
2013/09/05,13.72,14.14,13.54,14.10,4487626,63397976.00
2013/09/06,14.13,14.18,13.83,14.06,3468154,49398880.00
2013/09/09,14.08,14.13,13.84,14.04,2734599,38792800.00
2013/09/10,14.06,14.15,13.82,13.91,3379661,47796964.00
2013/09/11,13.84,13.91,13.42,13.63,4259834,58811176.00
2013/09/12,13.62,13.69,13.47,13.58,1936168,26713108.00
2013/09/13,13.53,13.82,13.51,13.79,2504829,34838140.00
2013/09/16,13.79,14.11,13.78,14.06,3027643,42936132.00
2013/09/17,14.06,14.18,13.63,13.64,2087746,29503750.00
2013/09/18,13.63,13.75,13.29,13.54,1817841,24838738.00
2013/09/23,13.52,13.57,13.19,13.48,2285415,31134470.00
2013/09/24,13.46,14.16,13.38,14.03,5677014,80222520.00
2013/09/25,14.03,14.15,13.73,13.91,3360850,47607288.00
2013/09/26,13.88,13.89,13.48,13.56,2035541,28387070.00
2013/09/27,13.48,13.84,13.24,13.31,2372527,32585460.00
2013/09/30,13.36,13.53,13.23,13.46,1373756,18678614.00
2013/10/08,13.39,13.56,13.25,13.50,1442029,19672034.00
2013/10/09,13.43,13.55,13.34,13.48,1924527,26251168.00
2013/10/10,13.46,13.46,13.06,13.16,2311820,31203882.00
2013/10/11,13.15,13.31,13.10,13.22,2985451,40018768.00
2013/10/14,13.30,13.44,13.13,13.33,2760040,37278360.00
2013/10/15,13.30,13.41,13.10,13.15,3107336,41712440.00
2013/10/16,13.16,13.21,12.66,12.68,3507203,45653076.00
2013/10/17,12.70,12.90,12.55,12.65,2316091,29931226.00
2013/10/18,12.60,12.70,12.36,12.54,2072429,26457798.00
2013/10/21,12.63,12.86,12.53,12.78,1931656,25063604.00
2013/10/22,12.82,12.95,12.68,12.76,2260154,29442694.00
2013/10/23,12.79,12.91,12.44,12.47,2751524,35376848.00
2013/10/24,12.41,12.54,12.07,12.11,2530062,31612832.00
2013/10/25,12.14,12.24,11.68,11.76,2804300,33833308.00
2013/10/28,11.71,11.97,11.70,11.83,1306680,15703672.00
2013/10/29,11.88,12.18,11.48,11.75,2049676,24792188.00
2013/10/30,11.75,11.89,11.60,11.89,979613,11750349.00
2013/10/31,11.92,12.10,11.77,12.05,1442890,17578010.00
2013/11/01,11.98,12.05,11.74,11.88,1176343,14206937.00
2013/11/04,11.87,11.94,11.76,11.80,858420,10344277.00
2013/11/05,11.78,11.81,11.55,11.80,1242776,14761448.00
2013/11/06,11.78,12.07,11.63,11.84,1443888,17485560.00
2013/11/07,11.78,11.81,11.56,11.56,1346703,15957903.00
2013/11/08,11.48,11.48,11.18,11.21,1268586,14629421.00
2013/11/11,11.20,11.36,11.18,11.33,718313,8270308.50
2013/11/12,11.38,11.46,11.16,11.38,1190624,13716901.00
2013/11/13,11.38,11.40,11.22,11.22,895056,10297096.00
2013/11/14,11.19,11.33,10.98,11.30,1060729,12075342.00
2013/11/15,11.33,11.55,11.28,11.46,1854295,21664648.00
2013/11/18,11.52,11.68,11.41,11.65,2096526,24760374.00
2013/11/19,11.68,11.87,11.58,11.81,2061698,24661946.00
2013/11/20,11.83,11.92,11.71,11.80,1646145,19767996.00
2013/11/21,11.80,11.80,11.58,11.71,1413708,16831778.00
2013/11/22,11.71,11.88,11.63,11.77,1721764,20582770.00
2013/11/25,11.75,12.27,11.75,12.08,3562696,44000996.00
2013/11/26,12.13,12.13,11.91,11.98,1896601,23181698.00
2013/11/27,11.98,12.06,11.62,12.03,2784011,33464916.00
2013/11/28,11.96,12.18,11.89,12.03,2763399,33903524.00
2013/11/29,11.99,12.13,11.98,12.08,2454437,30118264.00
2013/12/02,11.88,11.88,11.03,11.18,3612571,42136132.00
2013/12/03,11.02,11.48,11.02,11.43,1764614,20424544.00
2013/12/04,11.46,11.65,11.35,11.56,2077363,24482712.00
2013/12/05,11.58,11.73,11.44,11.63,1582119,18635776.00
2013/12/06,11.63,11.66,11.46,11.52,1532678,18046022.00
2013/12/09,11.56,11.68,11.46,11.58,1186526,13989567.00
2013/12/10,11.58,12.05,11.56,12.05,4160054,50289284.00
2013/12/11,12.08,12.24,11.79,11.91,4114517,50431900.00
2013/12/12,12.78,12.78,12.06,12.18,4652386,58261020.00
2013/12/13,12.07,12.10,11.89,11.98,2508045,30583944.00
2013/12/16,12.05,12.11,11.80,11.89,1999970,24351510.00
2013/12/17,11.82,12.06,11.82,11.88,1359739,16524191.00
2013/12/18,11.88,11.88,11.66,11.66,1443345,17304984.00
2013/12/19,11.63,11.76,11.38,11.44,1549284,18244756.00
2013/12/20,11.53,11.68,11.34,11.68,1644484,19194234.00
2013/12/23,11.59,11.73,11.39,11.53,822313,9683101.00
2013/12/24,11.46,11.66,11.41,11.51,730509,8597246.00
2013/12/25,11.51,11.68,11.44,11.65,931066,10989090.00
2013/12/26,11.58,11.64,11.40,11.41,1250795,14669766.00
2013/12/27,11.40,11.58,11.38,11.52,682972,7999731.50
2013/12/30,11.60,11.60,11.44,11.56,1325484,15549048.00
2013/12/31,11.53,11.73,11.45,11.67,1512735,17888472.00
2014/01/02,11.66,11.87,11.62,11.82,1471878,17683786.00
2014/01/03,11.82,11.91,11.69,11.72,1218014,14614601.00
2014/01/06,11.68,11.69,11.21,11.29,1275278,14779350.00
2014/01/07,11.23,11.37,11.22,11.23,826514,9510627.00
2014/01/08,11.22,11.34,11.19,11.24,981051,11257452.00
2014/01/09,11.27,11.34,11.13,11.13,910837,10464795.00
2014/01/10,11.13,11.13,10.75,10.79,1215952,13524219.00
2014/01/13,10.79,11.14,10.79,11.14,1143012,12785525.00
2014/01/14,11.14,11.58,11.08,11.37,1301516,15113643.00
2014/01/15,11.37,11.42,11.13,11.23,1076339,12288970.00
2014/01/16,11.23,11.27,10.98,11.20,1082648,12323240.00
2014/01/17,11.19,11.19,10.90,10.98,731296,8183749.00
2014/01/20,10.97,11.05,10.79,10.83,723479,8042470.00
2014/01/21,10.99,10.99,10.78,10.90,1345105,14918363.00
2014/01/22,10.89,11.20,10.85,11.20,1214684,13734664.00
2014/01/23,11.26,11.30,11.08,11.20,1168354,13314741.00
2014/01/24,11.11,11.54,11.11,11.41,2372275,27506090.00
2014/01/27,11.40,11.40,10.98,11.10,1864220,21238590.00
2014/01/28,11.17,11.21,11.03,11.10,904140,10236358.00
2014/01/29,11.09,11.21,11.09,11.20,814689,9269173.00
2014/01/30,11.19,11.24,11.07,11.11,780839,8855433.00
2014/02/07,10.86,11.26,10.86,11.23,823385,9368830.00
2014/02/10,11.32,11.68,11.27,11.61,2602225,30569178.00
2014/02/11,11.63,11.93,11.54,11.74,2674540,32096618.00
2014/02/12,11.74,11.90,11.60,11.80,2344231,28038584.00
2014/02/13,11.84,12.16,11.66,11.83,3628875,44252184.00
2014/02/14,11.79,11.93,11.69,11.88,2501376,30048462.00
2014/02/17,11.89,12.04,11.85,12.01,2741389,33302668.00
2014/02/18,12.01,12.01,11.68,11.78,2539312,30520236.00
2014/02/19,11.71,11.94,11.70,11.83,2164223,26058848.00
2014/02/20,11.85,11.89,11.56,11.57,2415825,28726300.00
2014/02/21,11.58,11.62,11.45,11.54,1357099,15950979.00
2014/02/24,11.51,11.51,11.23,11.27,1776290,20508986.00
2014/02/25,11.36,11.40,10.87,10.92,2550096,28950574.00
2014/02/26,10.88,11.05,10.60,10.81,3847910,42244320.00
2014/02/27,10.81,10.86,10.64,10.66,2701242,29567894.00
2014/02/28,10.64,10.79,10.64,10.79,2164878,23630952.00
2014/03/03,10.85,10.95,10.76,10.89,1982380,21966938.00
2014/03/04,10.85,10.85,10.61,10.76,1867087,20429002.00
2014/03/05,10.76,10.84,10.70,10.71,1659554,18246352.00
2014/03/06,10.71,10.82,10.60,10.78,1750729,19113346.00
2014/03/07,10.79,11.10,10.74,10.95,2292185,25615050.00
2014/03/10,10.91,10.91,10.39,10.43,1994735,21634392.00
2014/03/11,10.38,10.52,10.34,10.46,1149106,12260961.00
2014/03/12,10.48,10.63,10.44,10.58,1127942,12138660.00
2014/03/13,10.58,10.66,10.56,10.62,875221,9472763.00
2014/03/14,10.58,10.65,10.50,10.55,785549,8478751.00
2014/03/17,10.59,10.76,10.52,10.76,1285072,13981147.00
2014/03/18,10.78,10.86,10.74,10.75,1150535,12670529.00
2014/03/19,10.69,10.70,10.50,10.58,1092895,11800952.00
2014/03/20,10.58,10.92,10.55,10.63,2108156,23137908.00
2014/03/21,10.56,10.87,10.50,10.86,1930425,21235040.00
2014/03/24,10.85,10.86,10.72,10.83,1769004,19496452.00
2014/03/25,10.83,11.13,10.81,11.03,2365191,26506342.00
2014/03/26,11.03,11.03,10.88,10.90,1486514,16565568.00
2014/03/27,10.87,10.96,10.55,10.56,2044982,22295316.00
2014/03/28,10.57,10.68,10.46,10.47,1464438,15739732.00
2014/03/31,10.55,10.57,10.14,10.57,1351204,14348933.00
2014/04/01,10.57,10.68,10.51,10.68,966158,10446318.00
2014/04/02,10.65,10.72,10.63,10.68,785098,8553986.00
2014/04/03,10.69,10.75,10.60,10.62,919768,10001990.00
2014/04/04,10.58,10.66,10.56,10.64,856311,9280665.00
2014/04/08,10.64,10.76,10.59,10.76,1681065,18358200.00
2014/04/09,10.78,10.85,10.66,10.75,1648181,18044912.00
2014/04/10,10.75,10.78,10.68,10.74,1394114,15257633.00
2014/04/11,10.70,10.87,10.70,10.86,1774463,19535852.00
2014/04/14,10.87,10.92,10.67,10.82,1692817,18638622.00
2014/04/15,10.80,10.80,10.58,10.63,1359550,14806228.00
2014/04/16,10.59,10.68,10.56,10.63,703745,7638511.00
2014/04/17,10.68,10.68,10.59,10.67,703670,7648106.00
2014/04/18,10.62,10.71,10.58,10.61,780544,8464522.00
2014/04/21,10.59,10.64,10.46,10.50,883158,9507811.00
2014/04/22,10.50,10.59,10.28,10.41,1218570,12904082.00
2014/04/23,10.41,10.46,10.34,10.35,481952,5113811.00
2014/04/24,10.36,10.43,10.34,10.36,608050,6448237.50
2014/04/25,10.36,10.36,10.02,10.04,1605979,16625394.00
2014/04/28,10.03,10.03,9.20,9.28,2070091,19918286.00
2014/04/29,9.28,9.37,9.16,9.30,1029971,9739532.00
2014/04/30,9.33,9.56,9.31,9.53,728375,7025018.50
2014/05/05,9.52,9.52,9.30,9.43,639155,6148831.00
2014/05/06,9.43,9.68,9.43,9.52,866825,8494284.00
2014/05/07,9.52,9.55,9.30,9.37,479633,4635629.50
2014/05/08,9.37,9.52,9.34,9.41,444771,4292277.00
2014/05/09,9.42,9.42,9.30,9.32,517619,4941963.50
2014/05/12,9.36,9.63,9.30,9.63,997510,9684046.00
2014/05/13,9.66,9.66,9.49,9.56,737519,7208339.00
2014/05/14,9.51,9.61,9.49,9.57,775243,7563280.00
2014/05/15,9.53,9.57,9.31,9.35,639756,6160643.00
2014/05/16,9.35,9.45,9.30,9.41,501115,4792164.50
2014/05/19,9.36,9.36,9.23,9.26,452875,4295208.50
2014/05/20,9.27,9.36,9.24,9.31,378839,3606041.75
2014/05/21,9.32,9.34,9.20,9.33,398838,3792933.00
2014/05/22,9.33,9.41,9.29,9.32,576484,5527181.00
2014/05/23,9.27,9.37,9.27,9.37,411364,3927786.75
2014/05/26,9.40,9.52,9.38,9.49,646862,6263997.00
2014/05/27,9.49,9.56,9.44,9.46,540689,5252221.50
2014/05/28,9.48,9.52,9.42,9.50,670582,6494933.50
2014/05/29,9.53,9.53,9.33,9.33,646340,6234139.50
2014/05/30,9.30,9.39,9.28,9.36,487883,4664075.50
2014/06/03,9.30,9.43,9.30,9.34,534036,5103729.50
2014/06/04,9.36,9.36,9.19,9.23,644269,6104615.00
2014/06/05,9.23,9.29,9.18,9.28,538894,5092003.00
2014/06/06,9.31,9.33,9.17,9.25,683723,6453989.00
2014/06/09,9.28,9.28,9.10,9.17,431794,4059769.50
2014/06/10,9.27,9.29,9.13,9.27,692379,6528657.50
2014/06/11,9.27,9.31,9.18,9.26,615185,5820251.00
2014/06/12,9.20,9.26,9.18,9.21,579493,5469391.50
2014/06/13,9.21,9.33,9.15,9.31,1079297,10218894.00
2014/06/16,9.30,9.36,9.26,9.35,841026,8034418.50
2014/06/17,9.30,9.34,9.21,9.22,791213,7509960.50
2014/06/18,9.22,9.27,9.12,9.15,761681,7152033.50
2014/06/19,9.18,9.19,8.84,8.87,1177802,10882348.00
2014/06/20,8.93,8.93,8.68,8.83,791378,7052859.50
2014/06/23,8.86,8.91,8.83,8.91,640352,5759534.50
2014/06/24,8.93,9.10,8.90,8.96,642425,5868304.00
2014/06/25,8.91,9.00,8.88,8.89,576569,5219836.50
2014/06/26,8.89,9.76,8.89,9.47,3933189,37524624.00
2014/06/27,9.38,10.35,9.30,10.19,9052263,91472496.00
2014/06/30,10.03,10.26,9.92,10.06,4701376,47650416.00
2014/07/01,10.03,10.05,9.84,9.92,3401452,34134456.00
2014/07/02,9.96,9.96,9.74,9.83,2664562,26475554.00
2014/07/03,9.76,9.92,9.76,9.81,2108267,20995004.00
2014/07/04,9.81,9.90,9.79,9.83,1738841,17324862.00
2014/07/07,9.85,9.91,9.67,9.74,1952423,19285956.00
2014/07/08,9.69,9.87,9.59,9.86,2195024,21642300.00
2014/07/09,9.80,9.90,9.67,9.75,2249706,22361830.00
2014/07/10,9.71,9.85,9.71,9.75,1235090,12195081.00
2014/07/11,9.76,9.83,9.71,9.80,1273656,12620545.00
2014/07/14,9.80,10.10,9.78,10.07,2507474,25321480.00
2014/07/15,10.03,10.16,9.88,9.96,1474271,14909791.00
2014/07/16,9.97,10.01,9.75,9.88,1301229,13018384.00
2014/07/17,9.86,9.86,9.74,9.77,806224,7972979.50
2014/07/18,9.77,10.16,9.71,9.86,2911613,29431900.00
2014/07/21,9.86,9.86,9.50,9.52,2210031,21526566.00
2014/07/22,9.51,9.65,9.49,9.65,892230,8675273.00
2014/07/23,9.66,9.80,9.58,9.61,1093693,10732251.00
2014/07/24,9.61,9.68,9.54,9.62,1130185,10977546.00
2014/07/25,9.58,9.71,9.58,9.70,1291550,12602661.00
2014/07/28,9.71,10.00,9.71,9.91,2859785,28586618.00
2014/07/29,9.91,10.00,9.88,9.92,1779592,17890664.00
2014/07/30,9.92,10.08,9.90,10.02,2554242,25854952.00
2014/07/31,10.04,10.10,9.96,10.05,2004845,20339530.00
2014/08/01,10.08,10.08,9.87,9.88,2480763,25054648.00
2014/08/04,9.88,10.01,9.84,10.01,2821989,28434458.00
2014/08/05,10.04,10.35,9.98,10.30,4511189,46338676.00
2014/08/06,10.24,10.28,10.10,10.20,2471456,25491708.00
2014/08/07,10.19,10.41,10.14,10.21,3387662,35197224.00
2014/08/08,10.18,10.36,10.18,10.25,2059313,21413668.00
2014/08/11,10.25,10.44,10.25,10.33,2854178,29830698.00
2014/08/12,10.37,10.40,10.25,10.34,1902587,19854088.00
2014/08/13,10.34,10.34,10.14,10.23,2386716,24680104.00
2014/08/14,10.20,10.37,10.20,10.23,3246887,33853176.00
2014/08/15,10.21,10.47,10.21,10.41,3218955,33775040.00
2014/08/18,10.41,10.68,10.41,10.60,3873730,41394992.00
2014/08/19,10.60,10.63,10.44,10.61,2885940,30741492.00
2014/08/20,10.58,10.63,10.46,10.54,2071873,22151788.00
2014/08/21,10.54,10.54,10.29,10.48,2923853,30832260.00
2014/08/22,10.43,10.57,10.36,10.57,2194245,23241860.00
2014/08/25,10.48,10.63,10.39,10.42,1580245,16722393.00
2014/08/26,10.41,10.47,10.13,10.13,2239500,23204638.00
2014/08/27,10.13,10.21,10.10,10.16,1065592,10948338.00
2014/08/28,10.16,10.23,10.06,10.23,1841694,18913206.00
2014/08/29,10.21,10.39,10.18,10.39,1747483,18268200.00
2014/09/01,10.39,10.67,10.39,10.56,3572636,38135440.00
2014/09/02,10.58,10.76,10.50,10.71,3903283,41929328.00
2014/09/03,10.76,10.82,10.62,10.72,4242817,46000876.00
2014/09/04,10.75,11.14,10.64,11.01,5773893,64143636.00
2014/09/05,11.01,11.05,10.88,10.98,2894320,32059570.00
2014/09/09,11.01,11.04,10.75,10.90,2744935,30185420.00
2014/09/10,10.90,11.35,10.80,11.33,4710963,52663440.00
2014/09/11,11.30,11.55,11.05,11.13,5179141,59142912.00
2014/09/12,11.12,11.32,11.03,11.25,2541861,28743648.00
2014/09/15,11.21,11.41,11.14,11.38,3467218,39525744.00
2014/09/16,11.38,11.44,10.88,10.89,4273435,48109104.00
2014/09/17,10.89,11.03,10.76,10.93,1953556,21491860.00
2014/09/18,10.93,11.05,10.86,11.04,1849541,20494538.00
2014/09/19,11.03,11.15,10.96,11.14,1763083,19725356.00
2014/09/22,11.13,11.13,10.78,10.88,2038119,22488818.00
2014/09/23,10.85,11.05,10.84,10.98,1321129,14625066.00
2014/09/24,10.96,11.21,10.90,11.16,2900190,32539626.00
2014/09/25,11.15,11.24,11.06,11.11,2667864,30097646.00
2014/09/26,11.12,11.26,10.99,11.21,2247615,25300686.00
2014/09/29,11.21,11.38,11.20,11.28,2787106,31767480.00
2014/09/30,11.35,11.36,11.25,11.31,2477225,28320434.00
2014/10/08,11.33,11.90,11.32,11.88,7693554,90801904.00
2014/10/09,11.81,11.95,11.51,11.85,4370603,51865000.00
2014/10/10,11.76,11.97,11.66,11.85,3734967,44555848.00
2014/10/13,11.76,11.81,11.58,11.67,2457934,28979564.00
2014/10/14,11.64,12.03,11.58,11.96,5676318,67840704.00
2014/10/15,12.06,12.07,11.73,11.96,3043931,36577732.00
2014/10/16,11.88,12.33,11.79,12.15,6453598,79025552.00
2014/10/17,12.13,12.15,11.56,11.78,4628387,55155728.00
2014/10/20,11.71,12.05,11.71,12.01,2685552,32201020.00
2014/10/21,12.00,12.25,11.80,11.85,2961986,35959864.00
2014/10/22,11.88,11.88,11.53,11.61,2542857,30045068.00
2014/10/23,11.57,11.58,11.20,11.25,2000669,22943938.00
2014/10/24,11.23,11.46,11.23,11.31,1105845,12688924.00
2014/10/27,11.24,11.44,11.24,11.39,937400,10761762.00
2014/10/28,11.42,11.71,11.42,11.68,2042815,23966284.00
2014/10/29,11.74,11.94,11.70,11.88,3273908,39027556.00
2014/10/30,11.91,11.98,11.69,11.77,2527848,30214998.00
2014/10/31,11.73,12.13,11.73,11.93,3855749,46597700.00
2014/11/03,11.93,12.25,11.93,12.19,4144587,50865584.00
2014/11/04,12.19,12.26,11.99,12.09,2412014,29520824.00
2014/11/05,12.08,12.31,12.01,12.05,3029082,37110688.00
2014/11/06,12.13,12.14,11.89,12.09,2348401,28541886.00
2014/11/07,12.22,12.45,12.03,12.07,4933452,61032424.00
2014/11/10,12.01,12.09,11.92,11.97,2625729,31746786.00
2014/11/11,11.98,12.09,11.36,11.57,3658327,43217004.00
2014/11/12,11.55,11.73,11.35,11.73,2289661,26715688.00
2014/11/13,11.72,11.72,11.40,11.41,2355970,27324982.00
2014/11/14,11.47,11.53,11.33,11.43,1426414,16432756.00
2014/11/17,11.52,12.31,11.38,12.09,4534539,54695044.00
2014/11/18,12.09,12.17,11.86,12.04,2398431,29090694.00
2014/11/19,12.02,12.09,11.96,12.03,1789992,21756670.00
2014/11/20,12.02,12.28,11.97,12.15,2721228,33406268.00
2014/11/21,12.21,12.33,12.03,12.10,3123303,38396220.00
2014/11/24,12.18,12.23,12.06,12.08,3017153,36924664.00
2014/11/25,12.08,12.38,12.00,12.29,4186317,51778000.00
2014/11/26,12.26,12.88,12.16,12.88,9619895,122362200.00
2014/11/27,12.84,13.16,12.74,12.94,9142393,119485448.00
2014/11/28,13.00,13.00,12.56,12.60,5962534,76718768.00
2014/12/01,12.59,12.63,12.14,12.35,4319261,53919648.00
2014/12/02,12.35,12.62,12.26,12.51,3916913,49277300.00
2014/12/03,12.48,12.52,12.25,12.51,4093458,51163808.00
2014/12/04,12.48,12.63,12.39,12.44,5046370,63636820.00
2014/12/05,12.43,12.43,11.74,12.00,6708355,81410824.00
2014/12/08,12.01,12.12,11.88,11.99,3293109,39893280.00
2014/12/09,11.99,11.99,11.38,11.67,4940852,58418164.00
2014/12/10,11.62,11.89,11.41,11.85,2630605,31150378.00
2014/12/11,11.78,12.13,11.63,12.11,3903677,47152252.00
2014/12/12,12.15,12.46,11.99,12.30,4864752,60478796.00
2014/12/15,12.28,12.46,12.09,12.43,3849652,47997156.00
2014/12/16,12.39,12.61,12.28,12.36,3390389,42478756.00
2014/12/17,12.42,12.42,11.96,12.06,2870970,35156316.00
2014/12/18,11.99,12.10,11.89,11.90,2490853,30106100.00
2014/12/19,11.90,11.99,11.48,11.70,3814449,44907464.00
2014/12/22,11.76,11.77,10.88,11.13,3596527,40961388.00
2014/12/23,11.08,11.56,11.06,11.31,2498618,28639574.00
2014/12/24,11.30,11.81,11.30,11.68,3316575,38874216.00
2014/12/25,11.68,11.68,11.45,11.63,2687958,31354462.00
2014/12/26,11.64,11.68,11.46,11.63,1805867,21071680.00
2014/12/29,11.59,11.59,11.13,11.13,2337193,26778602.00
2014/12/30,11.17,11.38,10.98,11.07,1867420,21038066.00
2014/12/31,11.23,11.31,10.99,11.18,1288771,14495357.00
2015/01/05,11.49,11.64,11.37,11.46,4066294,47195136.00
2015/01/06,11.33,11.65,11.14,11.59,3462410,39908652.00
2015/01/07,11.59,11.60,11.42,11.53,2368427,27571930.00
2015/01/08,11.39,11.57,11.39,11.45,1761292,20457816.00
2015/01/09,11.42,11.58,11.32,11.32,1893734,21974484.00
2015/01/12,11.28,11.33,11.06,11.11,1378821,15557861.00
2015/01/13,11.17,11.38,11.08,11.32,1566295,17799686.00
2015/01/14,11.37,11.42,11.16,11.24,937582,10652305.00
2015/01/15,11.36,11.38,11.18,11.29,1037608,11820567.00
2015/01/16,11.32,11.41,11.23,11.40,1473961,16862432.00
2015/01/19,11.28,11.56,10.93,11.08,2252702,25746714.00
2015/01/20,11.14,11.39,11.09,11.39,1827373,20779862.00
2015/01/21,11.45,11.67,11.38,11.61,3596637,41984892.00
2015/01/22,11.66,11.80,11.55,11.79,3406178,40094788.00
2015/01/23,11.79,12.28,11.60,12.07,7143167,86446008.00
2015/01/26,11.91,12.19,11.89,12.16,4487059,54716580.00
2015/01/27,12.16,12.18,11.84,11.99,3013580,36558120.00
2015/01/28,11.97,12.43,11.84,12.34,6825978,83925592.00
2015/01/29,12.18,12.37,12.11,12.19,3474112,42853224.00
2015/01/30,12.20,12.25,11.93,12.06,3222294,39173496.00
2015/02/02,12.01,12.26,12.01,12.16,3570271,43859844.00
2015/02/03,12.16,12.25,12.06,12.22,2905012,35721600.00
2015/02/04,12.22,12.23,11.86,11.89,2942803,35726568.00
2015/02/05,11.99,12.18,11.89,11.93,3381704,41076568.00
2015/02/06,11.96,12.09,11.79,11.85,2752788,33228030.00
2015/02/09,11.70,11.87,11.48,11.48,2554774,29985594.00
2015/02/10,11.41,11.59,11.18,11.41,2373888,27243930.00
2015/02/11,11.48,11.73,11.36,11.63,2165080,25207926.00
2015/02/12,11.61,11.72,11.59,11.64,1637150,19284854.00
2015/02/13,11.71,11.96,11.65,11.93,2294672,27446256.00
2015/02/16,11.89,12.20,11.89,12.11,2749358,33612236.00
2015/02/17,12.11,12.16,12.03,12.10,1367673,16699108.00
2015/02/25,12.10,12.16,11.89,11.92,2410642,29334244.00
2015/02/26,11.95,12.38,11.94,12.36,5239083,64744704.00
2015/02/27,12.34,12.47,12.14,12.30,4230685,52567744.00
2015/03/02,12.38,12.52,12.30,12.42,4219323,52951724.00
2015/03/03,12.45,12.50,12.27,12.39,4379457,54787712.00
2015/03/04,12.39,12.54,12.25,12.39,6106987,76175536.00
2015/03/05,12.35,12.82,12.23,12.58,7090860,89826312.00
2015/03/06,12.65,12.86,12.49,12.83,5525042,70765600.00
2015/03/09,12.73,12.85,12.59,12.83,3957136,50982792.00
2015/03/10,12.88,13.12,12.77,12.84,5138597,67137784.00
2015/03/11,12.97,13.84,12.83,13.55,8643840,116466864.00
2015/03/12,13.58,14.17,13.24,13.75,8190503,113088896.00
2015/03/13,13.75,14.32,13.63,14.23,7967801,112722648.00
2015/03/16,14.65,15.67,14.65,15.67,3977254,61931124.00
2015/03/17,16.83,17.09,15.85,16.38,22976369,377300672.00
2015/03/18,16.12,16.84,15.98,16.58,13591578,225640160.00
2015/03/19,16.48,16.77,16.10,16.50,10511786,173846096.00
2015/03/20,16.46,17.08,16.35,16.65,9970709,166345696.00
2015/03/23,16.88,16.98,16.37,16.88,10996591,185048832.00
2015/03/24,16.88,17.24,15.99,16.78,10002360,167796464.00
2015/03/25,16.79,18.02,16.53,17.03,11079759,191281856.00
2015/03/26,16.78,17.36,16.58,16.94,8013110,136871376.00
2015/03/27,16.93,17.58,16.88,17.45,8790628,152088944.00
2015/03/30,17.32,18.31,17.18,17.86,9984203,179535264.00
2015/03/31,17.71,17.91,17.18,17.33,11480645,202662288.00
2015/04/01,17.26,17.85,17.04,17.47,6807446,119021384.00
2015/04/02,17.37,18.29,17.18,18.04,13165199,234774720.00
2015/04/03,17.91,19.80,17.65,19.48,12383310,234004336.00
2015/04/07,19.63,20.68,19.58,19.85,10198541,204708592.00
2015/04/08,20.18,21.85,19.88,21.85,13204683,280003808.00
2015/04/09,21.08,21.67,19.88,21.36,11429358,240257680.00
2015/04/10,20.88,23.51,20.60,23.51,15634883,340590368.00
2015/04/13,22.88,24.67,22.48,22.65,18813112,437619008.00
2015/04/14,22.48,22.58,20.89,21.73,12722092,277900096.00
2015/04/15,21.53,22.47,20.88,21.87,8347279,180955312.00
2015/04/16,21.38,22.58,20.88,22.18,9313573,207061872.00
2015/04/17,21.98,23.26,21.98,22.57,7511884,171056608.00
2015/04/20,22.56,22.81,21.56,22.55,9630611,215353248.00
2015/04/21,21.88,22.96,21.68,22.73,8682105,196125568.00
2015/04/22,22.76,23.14,22.57,22.86,6573536,150685440.00
2015/04/23,23.20,23.22,22.49,22.68,6054905,138568640.00
2015/04/24,22.86,22.88,21.87,22.08,6396013,143272480.00
2015/04/27,22.53,22.53,21.36,21.38,10490157,229147376.00
2015/04/28,21.51,21.70,20.36,20.45,6512781,137709024.00
2015/04/29,20.63,21.18,20.09,20.98,4471653,93183648.00
2015/04/30,21.33,21.36,20.58,21.28,5489246,115112072.00
2015/05/04,21.48,21.78,20.84,21.58,7206997,154379776.00
2015/05/05,21.76,22.73,20.89,21.40,15417518,341995424.00
2015/05/06,20.83,21.23,19.38,19.68,9092371,185776480.00
2015/05/07,19.30,19.73,17.99,18.09,6891742,128574360.00
2015/05/08,18.14,18.66,18.04,18.53,7096269,130644344.00
2015/05/11,18.74,19.40,18.60,19.23,13165819,250237648.00
2015/05/12,19.26,19.45,18.89,19.23,9577738,184680288.00
2015/05/13,19.23,19.48,18.88,19.20,7396406,142300432.00
2015/05/14,19.24,20.38,19.17,20.13,10394421,207125376.00
2015/05/15,19.88,19.88,19.15,19.26,6751088,131705624.00
2015/05/18,19.06,19.38,18.48,19.18,5480650,104756608.00
2015/05/19,19.18,20.33,19.03,19.90,7535680,148596960.00
2015/05/20,19.91,20.86,19.57,19.99,11243798,228552592.00
2015/05/21,19.99,20.87,19.97,20.71,9902062,204153440.00
2015/05/22,21.05,22.53,21.00,22.11,15590898,339098528.00
2015/05/25,22.07,22.66,21.46,22.16,11828031,262898048.00
2015/05/26,22.16,23.34,21.96,23.08,10618888,242975008.00
2015/05/27,23.08,23.28,21.76,22.41,10342297,233505472.00
2015/05/28,22.37,22.68,20.78,20.83,12687649,278970080.00
2015/05/29,20.73,20.98,18.97,20.07,8670345,176708848.00
2015/06/01,20.30,21.14,20.08,20.98,9426118,195706496.00
2015/06/02,21.07,22.53,20.77,22.38,11453991,249249088.00
2015/06/03,22.26,24.63,22.18,24.63,19068153,463355360.00
2015/06/04,25.98,27.11,24.68,27.11,27465647,721170432.00
2015/06/05,27.59,29.38,26.53,28.12,19523136,548298368.00
2015/06/08,28.23,30.94,26.38,30.94,18877435,549878080.00
2015/06/09,31.05,34.05,29.88,33.67,17852218,576980800.00
2015/06/10,32.89,34.88,31.88,32.76,14056702,469147840.00
2015/06/11,31.89,33.27,30.88,32.48,8962810,291079456.00
2015/06/12,32.48,33.32,31.68,31.88,12109077,391459872.00
2015/06/15,32.18,35.08,31.09,35.08,15380551,515789408.00
2015/06/16,33.88,38.43,33.48,36.86,14956594,554697152.00
2015/06/17,37.38,38.36,34.44,36.17,11822640,432128320.00
2015/06/18,36.88,39.80,36.68,39.80,15651891,609013696.00
2015/06/19,39.80,41.87,36.03,38.68,15229291,606132672.00
2015/06/23,37.08,38.38,34.80,34.83,9927047,357993184.00
2015/06/24,35.08,38.33,33.19,38.33,10558467,377618368.00
2015/06/25,38.39,40.97,35.50,38.70,15112877,589041664.00
2015/06/26,36.00,38.20,34.83,35.95,9499000,341673920.00
2015/06/29,36.90,37.58,32.36,32.36,9627299,328616800.00
2015/06/30,29.99,34.00,29.12,32.90,11209448,349017984.00
2015/07/01,32.60,35.20,29.61,30.79,8247826,273448832.00
2015/07/02,30.75,32.00,27.71,27.71,6943075,197309312.00
2015/07/03,24.95,28.10,24.94,24.94,6083187,154996272.00
2015/07/06,26.98,26.98,22.45,22.45,7667840,183242896.00
2015/07/07,20.21,20.21,20.21,20.21,348400,7041164.00
2015/07/08,18.19,19.01,18.19,18.19,20475163,373537536.00
2015/07/09,16.37,20.01,16.37,20.01,8309898,157656160.00
2015/07/10,21.55,22.01,20.50,22.01,2774213,60366612.00
2015/07/13,24.21,24.21,23.02,24.21,6087873,145622544.00
2015/07/14,24.26,26.63,24.26,26.62,11292216,295536640.00
2015/07/15,26.53,26.53,23.96,24.03,6578096,163100048.00
2015/07/16,22.30,25.50,21.63,25.48,9282157,225896160.00
2015/07/17,25.80,27.53,25.23,26.50,12378834,325671712.00
2015/07/20,26.00,27.99,25.59,26.75,9328041,250813792.00
2015/07/21,26.40,27.79,25.97,27.58,10819954,295557472.00
2015/07/22,27.30,29.62,27.20,29.30,8701555,251437792.00
2015/07/23,29.30,31.80,28.52,30.83,7805769,230865888.00
2015/07/24,30.70,32.08,29.90,31.79,11975348,372510112.00
2015/07/27,31.62,33.45,28.61,28.61,14892949,462389056.00
2015/07/28,25.75,28.55,25.75,25.75,11377985,298989920.00
2015/07/29,26.05,27.01,23.25,26.97,10212350,260268384.00
2015/07/30,27.02,28.00,24.98,25.02,7392814,196265248.00
2015/07/31,24.25,25.15,23.00,23.33,6899152,165889824.00
2015/08/03,23.33,23.33,21.00,21.00,5422629,117842968.00
2015/08/04,20.21,23.10,20.21,23.09,6071381,133245024.00
2015/08/05,23.50,24.03,22.75,22.95,5371223,125229456.00
2015/08/06,22.30,22.94,21.18,21.98,3251114,72571680.00
2015/08/07,22.50,23.05,22.01,22.90,3992991,90600040.00
2015/08/10,23.16,25.00,23.16,24.60,6945528,169414576.00
2015/08/11,24.90,25.58,24.00,24.77,7870455,195447360.00
2015/08/12,24.20,24.70,23.90,24.26,6396986,154966128.00
2015/08/13,23.78,25.00,23.78,24.88,5563072,136564896.00
2015/08/14,25.00,25.50,24.63,24.72,6701055,168357760.00
2015/08/17,24.32,26.98,24.16,25.99,6816226,173750768.00
2015/08/18,25.99,26.60,23.39,23.50,8318016,210491824.00
2015/08/19,22.90,23.98,21.24,23.77,6407473,146894272.00
2015/08/20,23.60,23.77,22.30,22.51,3298259,75817408.00
2015/08/21,22.16,22.44,20.31,20.50,4689395,99638544.00
2015/08/24,19.00,19.20,18.45,18.45,4379698,81180344.00
2015/08/25,16.61,17.47,16.61,16.61,3560868,59355196.00
2015/08/26,16.80,17.25,14.95,14.95,5997048,94882088.00
2015/08/27,15.02,15.90,13.81,15.00,5069694,74648776.00
2015/08/28,15.50,16.50,15.11,16.50,9077499,144750512.00
2015/08/31,16.69,16.80,15.00,15.16,4630111,73499720.00
2015/09/01,15.00,15.00,13.64,13.68,4124392,57304016.00
2015/09/02,13.00,14.00,12.46,12.62,5209062,67349696.00
2015/09/07,12.65,13.70,12.65,13.30,4344938,57902432.00
2015/09/08,13.30,14.40,13.02,14.36,3143342,42866120.00
2015/09/09,14.60,15.18,14.21,15.00,3382496,50337576.00
2015/09/10,14.81,15.29,14.58,14.70,2830651,42277608.00
2015/09/11,14.91,15.05,14.42,14.79,1885050,27751938.00
2015/09/14,14.87,14.89,13.31,13.31,4364401,60561468.00
2015/09/15,12.65,13.07,12.40,12.73,4979829,63426924.00
2015/09/16,12.73,14.00,12.73,14.00,3026231,40897660.00
2015/09/17,13.87,14.66,13.63,13.63,3077707,43775448.00
2015/09/18,13.70,14.08,13.63,13.80,1703145,23475444.00
2015/09/21,13.70,14.50,13.56,14.50,3261836,46298588.00
2015/09/22,14.59,14.80,14.30,14.63,3230302,47015308.00
2015/09/23,14.33,14.49,14.15,14.32,2050574,29311802.00
2015/09/24,14.40,15.25,14.33,15.01,4181114,61833916.00
2015/09/25,14.80,15.70,14.37,14.48,3460086,51777624.00
2015/09/28,14.36,15.00,14.36,14.65,3200230,46982564.00
2015/09/29,14.40,14.49,13.70,13.92,3362919,47618536.00
2015/09/30,14.05,14.27,13.68,14.08,2949298,41013196.00
2015/10/08,14.51,14.99,14.51,14.94,2357021,34853516.00
2015/10/09,14.93,15.28,14.76,15.15,2921679,44165148.00
2015/10/12,15.19,16.65,15.19,16.60,5559695,89181544.00
2015/10/13,16.30,17.29,16.22,16.96,3846015,65396892.00
2015/10/14,17.00,17.22,16.45,16.48,3172201,53033740.00
2015/10/15,16.39,17.77,16.22,17.49,4047577,69441664.00
2015/10/16,17.50,19.20,17.30,19.06,7294695,132624936.00
2015/10/19,19.06,19.59,18.90,19.41,6965532,133912824.00
2015/10/20,19.40,21.26,18.97,20.97,5510626,112244752.00
2015/10/21,21.21,22.40,18.90,19.00,11240952,236339104.00
2015/10/22,18.60,20.21,18.17,20.19,7819096,150423728.00
2015/10/23,20.10,21.85,19.60,20.93,5568517,114764784.00
2015/10/26,21.40,21.78,20.14,20.60,7950520,164823392.00
2015/10/27,20.00,20.50,19.09,20.12,3676092,73364800.00
2015/10/28,20.13,20.77,19.64,19.90,4135237,83341784.00
2015/10/29,19.90,20.50,19.51,19.90,2702967,53940796.00
2015/10/30,19.80,20.10,19.23,19.81,3359930,66578080.00
2015/11/02,19.59,20.20,19.12,19.42,2018062,39706780.00
2015/11/03,19.61,19.74,18.85,19.53,2837039,54979220.00
2015/11/04,19.55,20.84,19.55,20.69,5298192,107478136.00
2015/11/05,20.70,20.96,20.12,20.45,4576225,93838896.00
2015/11/06,20.55,20.92,20.35,20.74,4997115,103261240.00
2015/11/09,20.20,20.80,20.20,20.62,5099771,104674576.00
2015/11/10,20.50,20.93,20.15,20.58,5103314,104722440.00
2015/11/11,20.72,22.64,20.55,22.64,8982354,195333648.00
2015/11/12,22.97,24.24,22.53,23.10,14061335,326488640.00
2015/11/13,23.41,24.80,22.87,24.25,11338959,270015520.00
2015/11/16,23.27,24.85,23.06,24.48,4973491,118392808.00
2015/11/17,24.81,25.07,23.41,24.01,8980040,216597904.00
2015/11/18,24.00,24.00,23.01,23.12,4064737,94673152.00
2015/11/19,23.15,24.25,22.51,24.19,4050251,95290272.00
2015/11/20,24.08,24.40,23.60,23.72,4722604,113668256.00
2015/11/23,23.50,24.65,23.05,23.65,3835036,91864528.00
2015/11/24,23.68,23.75,22.80,23.71,3065852,71498792.00
2015/11/25,23.70,24.27,23.28,23.79,3063510,72511624.00
2015/11/26,23.78,26.07,23.71,25.35,7584304,189466480.00
2015/11/27,25.00,26.38,23.20,23.45,8061023,203212928.00
2015/11/30,22.97,24.27,21.40,24.09,6445445,147953088.00
2015/12/01,24.00,24.20,23.15,23.30,3531282,83332720.00
2015/12/02,23.75,24.70,23.00,23.31,5354564,127732184.00
2015/12/03,23.10,23.32,22.30,23.18,3452272,78993112.00
2015/12/04,23.00,24.00,22.58,23.99,4582786,106359784.00
2015/12/07,23.99,24.50,23.70,24.16,5434150,131412352.00
2015/12/08,24.01,24.01,23.00,23.40,3945620,92498280.00
2015/12/09,23.40,23.40,22.73,22.82,2422041,55780468.00
2015/12/10,22.92,23.63,22.50,22.91,4893665,113291392.00
2015/12/11,22.61,22.91,22.20,22.71,3861916,86979856.00
2015/12/14,22.26,23.09,22.26,23.03,2376660,54246772.00
2015/12/15,23.20,24.50,23.10,24.24,3744788,88535688.00
2015/12/16,24.30,24.32,23.59,23.72,3900656,93021960.00
2015/12/17,23.82,24.50,23.82,24.24,6172473,149423040.00
2015/12/18,24.35,25.80,23.83,25.68,8219263,205081168.00
2015/12/21,25.69,26.30,25.45,25.65,5618114,145066736.00
2015/12/22,25.67,28.00,25.25,26.98,7685622,203554864.00
2015/12/23,26.95,27.60,26.42,26.90,6776451,183880240.00
2015/12/24,26.91,28.13,26.60,27.51,7503491,204900976.00
2015/12/25,27.80,27.80,26.90,27.27,4195583,114301032.00
2015/12/28,27.05,27.48,26.00,26.97,4638533,124360960.00
2015/12/29,26.96,27.29,26.06,26.52,2426881,64325948.00
2015/12/30,26.90,26.90,25.90,25.91,3608343,94922296.00
2015/12/31,26.10,26.49,25.00,26.01,4340795,112121496.00
2016/01/04,25.90,25.95,23.41,23.41,3836244,93330968.00
2016/01/05,21.07,23.41,21.07,22.26,3503719,78018952.00
2016/01/06,22.49,23.99,22.11,23.99,3072827,71079592.00
2016/01/07,23.01,23.90,21.59,21.62,540700,12193100.00
2016/01/08,22.00,23.00,20.48,21.00,4349497,93873416.00
2016/01/11,20.00,20.90,18.90,18.90,3086057,59679860.00
2016/01/12,18.73,18.74,17.11,17.66,4296030,75951272.00
2016/01/13,17.90,17.95,16.94,16.96,3367810,58731312.00
2016/01/14,16.00,18.66,15.65,18.05,4174145,72376288.00
2016/01/15,17.53,18.23,16.50,18.17,3238599,56502764.00
2016/01/18,17.20,19.20,17.16,18.54,3779423,69107952.00
2016/01/19,18.54,19.50,18.03,19.00,2946393,55583264.00
2016/01/20,18.86,19.44,18.48,18.55,1768392,33292084.00
2016/01/21,18.54,18.54,17.01,17.12,2064248,36739140.00
2016/01/22,17.30,17.95,16.50,17.95,2156719,36904220.00
2016/01/25,17.76,17.99,17.18,17.47,1805882,31840688.00
2016/01/26,17.10,17.50,15.80,16.99,2702881,45229624.00
2016/01/27,17.75,17.75,15.40,16.19,3430131,55317072.00
2016/01/28,15.87,16.38,15.50,15.62,2393061,38134720.00
2016/01/29,15.61,16.40,15.48,16.00,1723249,27586276.00
2016/02/01,16.10,16.35,15.65,15.98,1305915,20987364.00
2016/02/02,16.01,16.60,15.95,16.55,1324700,21707964.00
2016/02/03,16.34,16.52,16.05,16.39,884700,14425968.00
2016/02/04,16.55,17.15,16.42,16.66,2148000,35996696.00
2016/02/05,16.66,16.72,16.50,16.58,1445536,24054600.00
2016/02/15,15.50,16.97,15.50,16.70,2271050,37125388.00
2016/02/16,16.80,17.75,16.80,17.59,2509741,44034356.00
2016/02/17,17.56,18.15,17.40,18.10,2923911,52502944.00
2016/02/18,18.00,18.30,17.50,17.61,1790553,31927770.00
2016/02/19,17.50,17.80,17.39,17.70,1330728,23532134.00
2016/02/22,18.10,18.15,17.70,18.00,1605260,28842166.00
2016/02/23,18.08,18.16,17.33,17.50,2000404,35288292.00
2016/02/24,17.48,19.10,17.30,18.72,3812726,70326968.00
2016/02/25,18.58,18.58,17.05,17.70,2729638,48272944.00
2016/02/26,18.60,18.60,17.33,18.20,2565161,46374660.00
2016/02/29,18.22,18.22,16.38,17.40,2683480,45482500.00
2016/03/01,17.41,17.65,16.71,17.55,1780004,30681434.00
2016/03/02,17.45,18.36,17.16,18.36,3062608,54865996.00
2016/03/03,18.32,19.10,18.15,18.95,4074859,75585736.00
2016/03/04,18.64,18.73,17.06,17.88,3435175,61594188.00
2016/03/07,17.72,18.38,17.56,17.78,2692351,48144676.00
2016/03/08,17.71,17.75,16.22,17.18,2428420,41158572.00
2016/03/09,16.89,16.98,16.30,16.93,2100474,35115640.00
数据来源:通达信
