002095 生 意 宝 日线 前复权
      日期	    开盘	    最高	    最低	    收盘	    成交量	    成交额
2011/01/04,14.00,14.06,13.78,14.02,1441598,38553516.00
2011/01/05,13.94,14.14,13.85,14.03,1106085,29785236.00
2011/01/06,14.03,14.16,13.78,13.79,929377,24772018.00
2011/01/07,13.77,13.91,13.55,13.67,1126485,29590962.00
2011/01/10,13.91,13.91,13.38,13.46,915882,24062452.00
2011/01/11,13.43,13.51,13.27,13.44,716318,18405230.00
2011/01/12,13.48,13.64,13.33,13.63,574038,14903208.00
2011/01/13,13.74,13.91,13.67,13.76,843234,22314380.00
2011/01/14,13.73,13.85,13.34,13.35,887358,22980344.00
2011/01/17,13.59,13.59,12.58,12.66,993781,24609424.00
2011/01/18,12.66,12.84,12.50,12.73,322683,7842696.00
2011/01/19,12.98,12.98,12.71,12.85,561216,13843170.00
2011/01/20,12.75,12.88,12.15,12.15,739802,17817138.00
2011/01/21,12.34,12.34,11.96,12.11,705755,16522932.00
2011/01/24,12.12,12.25,11.41,11.44,749773,17059266.00
2011/01/25,11.46,11.64,11.14,11.25,805946,17667478.00
2011/01/26,11.50,11.51,11.26,11.42,549250,12112617.00
2011/01/27,11.45,11.99,11.40,11.74,822049,18592330.00
2011/01/28,11.72,11.96,11.65,11.85,528032,12064980.00
2011/01/31,11.88,12.03,11.83,11.95,511333,11753596.00
2011/02/01,11.93,12.36,11.93,12.27,773965,18219810.00
2011/02/09,12.15,12.39,11.94,12.04,568171,13252522.00
2011/02/10,12.46,12.46,12.10,12.29,666686,15751078.00
2011/02/11,12.29,12.62,12.27,12.40,672199,16108161.00
2011/02/14,12.47,12.63,12.37,12.58,846073,20349714.00
2011/02/15,12.68,12.69,12.50,12.56,908716,22024432.00
2011/02/16,12.52,12.64,12.45,12.61,860823,20785740.00
2011/02/17,12.62,12.85,12.52,12.75,980146,23949638.00
2011/02/18,12.72,12.72,12.36,12.39,1045778,25112840.00
2011/02/21,12.28,12.56,12.26,12.53,746950,17864642.00
2011/02/22,12.52,12.67,12.21,12.21,871166,20813630.00
2011/02/23,12.20,12.58,12.20,12.32,484251,11471769.00
2011/02/24,12.40,12.65,12.40,12.57,968881,23391916.00
2011/02/25,12.60,13.10,12.60,12.99,2064497,51343708.00
2011/02/28,12.99,13.06,12.65,12.90,1147738,28216568.00
2011/03/01,12.84,12.89,12.71,12.81,1036007,25468536.00
2011/03/02,12.76,12.80,12.50,12.69,859714,20893310.00
2011/03/03,12.67,12.72,12.47,12.52,879461,21264546.00
2011/03/04,12.59,12.78,12.39,12.57,667450,16109236.00
2011/03/07,12.63,12.84,12.60,12.82,1113529,27287152.00
2011/03/08,12.84,12.84,12.59,12.72,701715,17118326.00
2011/03/09,12.79,12.83,12.63,12.67,901460,21976706.00
2011/03/10,12.67,12.95,12.47,12.51,2031970,49566652.00
2011/03/11,12.47,12.76,12.20,12.24,1881063,44824484.00
2011/03/14,12.15,12.36,12.06,12.23,1032681,24172082.00
2011/03/15,12.27,12.27,11.87,11.98,1172541,27065252.00
2011/03/16,11.96,12.15,11.96,12.11,713983,16605367.00
2011/03/17,12.07,12.07,11.84,11.91,773473,17772734.00
2011/03/18,11.93,12.29,11.93,12.22,1032844,24179504.00
2011/03/21,12.24,12.24,11.99,12.02,669789,15592154.00
2011/03/22,12.11,12.12,11.93,12.09,375161,8686069.00
2011/03/23,12.10,12.20,12.01,12.20,539375,12591042.00
2011/03/24,12.24,12.24,12.04,12.12,612672,14318177.00
2011/03/25,12.20,12.29,12.15,12.26,908990,21400146.00
2011/03/28,12.27,12.30,12.00,12.00,841715,19642380.00
2011/03/29,12.03,12.36,11.79,11.79,934386,21531258.00
2011/03/30,11.77,11.90,11.55,11.58,595199,13340634.00
2011/03/31,11.59,11.82,11.51,11.64,603388,13605274.00
2011/04/01,11.65,11.81,11.58,11.77,447279,10104597.00
2011/04/06,11.75,11.75,11.51,11.56,417557,9324223.00
2011/04/07,11.56,11.82,11.56,11.70,549014,12384262.00
2011/04/08,11.70,11.90,11.70,11.84,592057,13508077.00
2011/04/11,11.84,11.93,11.77,11.82,488304,11150594.00
2011/04/12,11.88,12.15,11.88,12.01,909080,21102592.00
2011/04/13,12.11,12.11,11.92,12.06,458693,10606986.00
2011/04/14,12.09,12.10,11.96,12.01,500774,11579320.00
2011/04/15,12.01,12.08,11.83,11.88,612468,14093738.00
2011/04/18,11.88,11.88,11.62,11.69,442201,9971530.00
2011/04/19,11.72,11.73,11.47,11.49,550087,12229279.00
2011/04/20,11.49,12.08,11.49,12.04,1129930,25842746.00
2011/04/21,11.94,11.98,11.76,11.83,788102,17973196.00
2011/04/22,11.83,11.88,11.61,11.73,477565,10789687.00
2011/04/26,11.51,11.77,11.26,11.44,503520,11075323.00
2011/04/27,11.57,11.57,11.19,11.29,293229,6411735.00
2011/04/28,11.11,11.19,10.55,10.60,893716,18720452.00
2011/04/29,10.67,10.76,10.55,10.65,410449,8441700.00
2011/05/03,10.65,10.81,10.65,10.76,252947,5245329.50
2011/05/04,10.71,10.75,10.50,10.50,292144,5988525.00
2011/05/05,10.64,10.76,10.46,10.62,271868,5604839.50
2011/05/06,10.71,10.71,10.52,10.68,267052,5492857.50
2011/05/09,10.86,10.93,10.70,10.83,319299,6675354.50
2011/05/10,10.89,10.89,10.76,10.78,222167,4631206.50
2011/05/11,10.91,11.29,10.57,11.21,1498174,31510390.00
2011/05/12,11.07,11.07,10.75,10.75,1184298,24945876.00
2011/05/13,10.74,10.86,10.72,10.83,387905,8083484.00
2011/05/16,10.88,10.88,10.60,10.64,447899,7679763.50
2011/05/17,10.79,10.79,10.54,10.63,355425,6043185.50
2011/05/18,10.71,10.79,10.50,10.66,400048,6817829.50
2011/05/19,10.71,10.92,10.66,10.66,571642,9892721.00
2011/05/20,10.60,10.81,10.51,10.55,343408,5834018.00
2011/05/23,10.60,10.60,9.48,9.73,929460,14816461.00
2011/05/24,9.69,9.96,9.48,9.79,402270,6251467.00
2011/05/25,9.93,9.93,9.70,9.75,351251,5541670.50
2011/05/26,9.76,9.88,9.59,9.62,219899,3437803.00
2011/05/27,9.51,9.73,9.26,9.39,241130,3690100.75
2011/05/30,9.44,9.44,9.06,9.12,412983,6125569.00
2011/05/31,9.20,9.64,9.03,9.38,394287,5908815.00
2011/06/01,9.38,9.45,9.30,9.41,225974,3412940.25
2011/06/02,9.27,9.29,9.09,9.14,203427,3007775.00
2011/06/03,9.14,9.69,9.14,9.48,513115,7777090.50
2011/06/07,9.45,9.57,9.38,9.45,231095,3514226.50
2011/06/08,9.57,9.57,9.30,9.47,338335,5114848.50
2011/06/09,9.43,9.68,9.40,9.43,601483,9183642.00
2011/06/10,9.41,9.41,9.06,9.20,427877,6331486.50
2011/06/13,9.23,9.23,9.00,9.07,230639,3363796.50
2011/06/14,9.02,9.64,9.02,9.25,485424,7252103.00
2011/06/15,9.24,9.36,9.19,9.20,204551,3049901.25
2011/06/16,9.17,9.30,8.97,9.04,340881,4973660.50
2011/06/17,9.00,9.14,8.94,8.94,207900,3014320.50
2011/06/20,8.93,9.16,8.76,8.81,279440,3987276.50
2011/06/21,8.77,9.09,8.77,8.98,173519,2489810.00
2011/06/22,9.05,9.09,8.85,8.89,180069,2590520.25
2011/06/23,8.87,9.24,8.79,9.07,612381,8933914.00
2011/06/24,9.05,9.35,8.98,9.30,817231,12112982.00
2011/06/27,9.29,9.50,9.27,9.43,943427,14285876.00
2011/06/28,9.47,9.47,9.29,9.37,481730,7240095.00
2011/06/29,9.37,9.53,9.34,9.37,734884,11163428.00
2011/06/30,9.26,9.46,9.25,9.44,664738,10040677.00
2011/07/01,9.42,9.49,9.36,9.39,487240,7392193.00
2011/07/04,9.45,9.58,9.39,9.57,743496,11381572.00
2011/07/05,9.58,9.63,9.51,9.63,687805,10591318.00
2011/07/06,9.63,9.63,9.39,9.55,722624,11027993.00
2011/07/07,9.50,9.94,9.49,9.70,1440888,22494800.00
2011/07/08,9.68,9.75,9.50,9.55,829851,12830660.00
2011/07/11,9.51,9.67,9.45,9.65,627688,9674605.00
2011/07/12,9.61,9.61,9.34,9.39,712825,10847162.00
2011/07/13,9.39,9.59,9.38,9.52,602456,9210019.00
2011/07/14,9.45,9.83,9.45,9.80,1082856,16922390.00
2011/07/15,9.64,9.93,9.64,9.89,1448448,22938138.00
2011/07/18,9.93,10.11,9.77,9.83,1521963,24345736.00
2011/07/19,9.83,9.83,9.67,9.76,606199,9502525.00
2011/07/20,9.78,9.82,9.61,9.75,470161,7337079.50
2011/07/21,9.70,9.75,9.51,9.51,452994,6984936.00
2011/07/22,9.51,9.63,9.46,9.51,374480,5753489.00
2011/07/25,9.45,9.45,8.93,8.98,671734,9980735.00
2011/07/26,8.98,9.06,8.80,8.92,442204,6358196.00
2011/07/27,8.95,9.11,8.87,9.04,461003,6682043.00
2011/07/28,9.02,9.18,8.93,9.14,463355,6756391.50
2011/07/29,9.13,9.24,9.00,9.04,446302,6560775.00
2011/08/01,9.07,9.13,9.00,9.13,466298,6827428.50
2011/08/02,9.19,9.25,9.00,9.23,687150,10114485.00
2011/08/03,9.14,9.51,9.13,9.28,1064663,16068241.00
2011/08/04,9.28,9.44,9.16,9.22,411648,6143343.00
2011/08/05,8.99,8.99,8.66,8.86,655515,9375407.00
2011/08/08,8.68,8.74,7.98,8.04,832669,11110510.00
2011/08/09,7.71,7.91,7.59,7.84,833963,10454184.00
2011/08/10,7.97,8.16,7.93,8.15,999687,13076049.00
2011/08/11,7.96,8.20,7.91,8.15,606549,7949314.00
2011/08/12,8.19,8.40,8.19,8.20,610443,8180994.00
2011/08/15,8.47,9.05,8.29,9.05,1451243,20832580.00
2011/08/16,9.32,9.88,9.31,9.73,5898432,90917136.00
2011/08/17,9.51,9.73,9.41,9.61,2920584,45075776.00
2011/08/18,9.58,9.70,9.25,9.29,1761888,26714478.00
2011/08/19,9.00,9.25,8.72,9.18,1951057,28074318.00
2011/08/22,9.07,10.13,9.07,10.13,5117857,81177568.00
2011/08/23,10.38,10.66,10.21,10.29,6698358,111862504.00
2011/08/24,10.28,10.59,10.13,10.50,4786397,79547152.00
2011/08/25,10.34,10.48,10.14,10.44,3456115,57327356.00
2011/08/26,10.36,10.92,10.28,10.73,5752780,97896392.00
2011/08/29,10.65,10.65,10.28,10.28,2882550,48211980.00
2011/08/30,10.45,11.11,10.45,10.79,5395750,93363992.00
2011/08/31,10.63,10.73,10.33,10.54,2266081,38281836.00
2011/09/01,10.68,11.33,10.52,10.84,4220706,74640552.00
2011/09/02,10.86,10.92,10.34,10.70,2532600,42875028.00
2011/09/05,10.60,10.60,10.14,10.29,1630950,26930778.00
2011/09/06,10.13,10.48,9.98,10.10,1706532,28111572.00
2011/09/07,10.13,10.71,10.05,10.70,2157121,36033212.00
2011/09/08,10.73,10.77,10.28,10.34,1637522,27574714.00
2011/09/09,10.28,10.57,10.18,10.35,1397589,23276690.00
2011/09/13,10.15,10.36,10.05,10.11,870332,14252885.00
2011/09/14,10.16,10.37,9.98,10.33,1126814,18483994.00
2011/09/15,10.34,10.91,10.14,10.75,2720097,46468576.00
2011/09/16,10.80,10.89,10.48,10.51,1773448,30245926.00
2011/09/19,10.41,10.46,10.11,10.19,1208317,19876054.00
2011/09/20,10.28,10.28,9.88,10.09,949256,15305283.00
2011/09/21,10.14,10.56,10.09,10.55,1664671,27671088.00
2011/09/22,10.57,10.71,10.18,10.21,1656629,27804970.00
2011/09/23,9.99,10.14,9.68,9.83,1623299,25739410.00
2011/09/26,9.83,9.93,9.22,9.22,1112914,17167568.00
2011/09/27,9.34,9.45,9.00,9.16,1143769,16933818.00
2011/09/28,9.32,9.50,8.94,8.98,1537050,22985978.00
2011/09/29,8.80,8.98,8.41,8.42,1039794,14572569.00
2011/09/30,8.52,8.57,8.16,8.43,715240,9713653.00
2011/10/10,8.52,8.60,8.29,8.32,406841,5513120.50
2011/10/11,8.66,8.86,8.15,8.33,666905,9080597.00
2011/10/12,8.29,8.75,8.02,8.75,1215717,16625408.00
2011/10/13,8.74,9.11,8.60,9.11,1504082,21557644.00
2011/10/14,9.32,9.48,9.00,9.11,1977598,29411290.00
2011/10/17,8.96,9.51,8.96,9.43,1627695,24130660.00
2011/10/18,9.25,9.64,9.11,9.21,1969179,29905156.00
2011/10/19,9.22,9.29,8.82,9.07,1268319,18377528.00
2011/10/20,9.11,9.11,8.36,8.48,1350071,18850814.00
2011/10/21,8.43,8.52,8.18,8.18,766302,10282255.00
2011/10/24,8.32,8.42,7.89,8.38,1128993,14895591.00
2011/10/25,8.38,8.72,8.23,8.63,1055497,14561999.00
2011/10/26,8.50,9.52,8.50,9.25,3821322,57225364.00
2011/10/27,9.13,9.21,8.94,9.00,2391219,34924264.00
2011/10/28,9.24,9.41,8.96,9.20,2369356,34966824.00
2011/10/31,9.12,9.54,9.00,9.43,2342642,35081716.00
2011/11/01,9.25,9.46,9.05,9.20,1909414,28449782.00
2011/11/02,9.01,10.11,8.92,9.90,4250733,65865908.00
2011/11/03,9.89,10.53,9.83,9.94,4511706,73565632.00
2011/11/04,10.04,10.21,9.84,10.05,2178985,35156940.00
2011/11/07,10.55,11.09,10.38,10.59,7488976,129334384.00
2011/11/08,10.59,10.59,9.95,10.05,4360600,71386416.00
2011/11/09,10.05,10.91,10.01,10.78,5983753,100307880.00
2011/11/10,10.54,10.79,10.37,10.37,4441335,75268544.00
2011/11/11,10.34,10.46,10.02,10.19,2756483,45228308.00
2011/11/14,10.28,10.70,10.16,10.68,3710701,62326840.00
2011/11/15,10.70,10.70,10.35,10.52,3341646,56272792.00
2011/11/16,10.51,10.73,10.03,10.16,2765511,45983412.00
2011/11/17,10.25,10.71,10.21,10.57,5579719,94284288.00
2011/11/18,10.44,10.44,9.99,10.00,2771972,45100292.00
2011/11/21,9.89,10.20,9.56,9.83,1649404,25975636.00
2011/11/22,9.70,9.81,9.59,9.77,1058925,16520448.00
2011/11/23,9.88,10.21,9.83,9.95,2431503,39307544.00
2011/11/24,9.96,9.96,9.61,9.80,2217642,34887596.00
2011/11/25,9.84,9.94,9.47,9.48,1552447,24148726.00
2011/11/28,9.49,9.59,9.25,9.48,1247339,18828208.00
2011/11/29,9.67,9.83,9.45,9.73,1533294,23770744.00
2011/11/30,9.70,9.73,8.77,8.96,1664324,24524640.00
2011/12/01,9.30,9.36,9.13,9.28,2048062,30428656.00
2011/12/02,9.03,9.29,9.00,9.16,784119,11487366.00
2011/12/05,8.98,9.09,8.76,8.79,601059,8602988.00
2011/12/06,8.79,8.95,8.75,8.88,626685,8932003.00
2011/12/07,8.90,9.04,8.68,8.86,849422,12159655.00
2011/12/08,8.84,9.13,8.59,8.88,1461908,20990360.00
2011/12/09,8.74,8.93,8.64,8.69,941777,13258558.00
2011/12/12,8.74,8.87,8.61,8.62,523525,7356148.00
2011/12/13,8.48,8.59,7.97,8.16,1104951,14580025.00
2011/12/14,8.10,8.36,8.00,8.09,794485,10491171.00
2011/12/15,8.00,8.14,7.71,7.79,972091,12400441.00
2011/12/16,7.84,8.21,7.72,8.21,1110866,14328745.00
2011/12/19,8.21,8.49,7.94,8.39,2018099,26973358.00
2011/12/20,8.24,8.46,8.09,8.11,1857871,24822008.00
2011/12/21,8.21,8.47,8.21,8.26,2377244,31991578.00
2011/12/22,8.04,8.14,7.41,7.91,2195255,27376244.00
2011/12/23,7.81,8.04,7.72,7.85,1341638,17093802.00
2011/12/26,7.86,8.21,7.86,7.97,1493851,19450110.00
2011/12/27,7.79,7.91,7.53,7.59,1052608,13044719.00
2011/12/28,7.46,7.52,7.00,7.29,947885,11177228.00
2011/12/29,7.26,7.39,7.11,7.15,611142,7188682.00
2011/12/30,7.20,7.33,7.19,7.29,838801,9882017.00
2012/01/04,7.36,7.50,7.13,7.15,1028730,12240042.00
2012/01/05,7.11,7.17,6.55,6.55,986416,10902347.00
2012/01/06,6.62,6.75,6.29,6.66,622873,6577380.00
2012/01/09,6.61,6.98,6.52,6.96,882165,9784797.00
2012/01/10,6.96,7.28,6.91,7.25,1371433,15932128.00
2012/01/11,7.27,7.59,7.17,7.37,1457028,17554506.00
2012/01/12,7.24,7.45,7.20,7.21,815679,9663858.00
2012/01/13,7.18,7.33,6.86,6.87,840382,9613770.00
2012/01/16,6.87,6.94,6.50,6.52,548574,6008976.50
2012/01/17,6.53,7.13,6.40,6.97,1058613,11684371.00
2012/01/18,7.01,7.07,6.63,6.69,827094,9263279.00
2012/01/19,6.75,6.82,6.55,6.75,679168,7450304.50
2012/01/20,6.77,7.00,6.71,6.90,811690,9106919.00
2012/01/30,6.98,7.00,6.84,6.88,438711,4937738.50
2012/01/31,6.96,6.96,6.66,6.78,498153,5490166.50
2012/02/01,6.78,6.85,6.70,6.80,372940,4126265.50
2012/02/02,6.80,6.98,6.77,6.98,621723,6985283.50
2012/02/03,7.00,7.51,6.95,7.39,1935044,22765366.00
2012/02/06,7.32,7.50,7.28,7.45,1210251,14498828.00
2012/02/07,7.40,7.40,7.20,7.29,633241,7488678.00
2012/02/08,7.25,8.04,7.25,7.52,2531071,31183106.00
2012/02/09,7.47,7.77,7.46,7.59,1679508,20867884.00
2012/02/10,7.59,7.64,7.45,7.51,1026405,12541832.00
2012/02/13,7.49,7.70,7.38,7.61,1484562,18237042.00
2012/02/14,7.63,7.68,7.49,7.58,1073839,13167709.00
2012/02/15,7.58,8.06,7.51,7.84,3323783,42345888.00
2012/02/16,7.78,7.94,7.68,7.92,2951069,37446412.00
2012/02/17,7.95,8.59,7.70,8.47,5700539,75125512.00
2012/02/20,8.42,8.96,8.36,8.46,5917453,82520384.00
2012/02/21,8.30,8.87,8.25,8.73,4172181,57817436.00
2012/02/22,8.82,9.45,8.68,9.20,6378860,93357776.00
2012/02/23,9.11,9.18,8.84,9.00,5440710,78921880.00
2012/02/24,9.00,9.11,8.84,8.99,3479273,50272668.00
2012/02/27,9.00,9.25,8.93,9.01,4392784,64314496.00
2012/02/28,8.88,8.99,8.62,8.77,2849473,40323704.00
2012/02/29,8.74,8.74,8.38,8.44,2254701,30853966.00
2012/03/01,8.36,8.61,8.36,8.45,1464024,20080318.00
2012/03/02,8.45,8.62,8.45,8.58,2011552,27743198.00
2012/03/05,8.60,8.74,8.56,8.64,2185810,30545320.00
2012/03/06,8.59,8.59,8.38,8.55,1823678,24973402.00
2012/03/07,8.43,8.74,8.36,8.67,2372158,32971832.00
2012/03/08,8.84,9.33,8.79,8.81,4206669,60863564.00
2012/03/09,8.69,9.10,8.68,9.03,3805193,54663108.00
2012/03/12,8.96,9.04,8.81,8.93,2465016,35462892.00
2012/03/13,8.93,9.00,8.79,8.88,1913937,27296258.00
2012/03/14,8.90,9.02,8.23,8.32,4077680,57473808.00
2012/03/15,8.30,8.48,7.85,7.95,3558779,46060312.00
2012/03/16,7.95,8.14,7.91,8.13,1951737,25341456.00
2012/03/19,8.14,8.19,7.98,8.16,1546350,20254474.00
2012/03/20,8.16,8.16,7.91,7.92,1190623,15390631.00
2012/03/21,7.92,8.04,7.75,7.87,1353240,17256404.00
2012/03/22,7.83,8.11,7.83,8.04,1261118,16271847.00
2012/03/23,7.94,8.00,7.82,7.82,903517,11531889.00
2012/03/26,7.86,8.04,7.78,7.95,971641,12480733.00
2012/03/27,8.10,8.77,8.09,8.77,4392295,60946768.00
2012/03/28,9.03,9.22,8.81,8.96,12052962,174737360.00
2012/03/29,8.68,9.79,8.41,9.46,11534245,167328864.00
2012/03/30,9.24,9.50,8.93,9.00,6904299,102378408.00
2012/04/05,8.87,9.45,8.81,9.23,6008032,88375288.00
2012/04/06,9.13,9.90,9.01,9.65,9198412,139946848.00
2012/04/09,9.50,9.63,9.16,9.18,5052887,76577720.00
2012/04/10,9.04,9.45,8.82,9.42,4860759,71658928.00
2012/04/11,9.23,9.54,9.19,9.30,4070279,61191084.00
2012/04/12,9.25,9.80,9.23,9.64,6500929,100472672.00
2012/04/13,9.63,9.89,9.43,9.45,5864361,90933440.00
2012/04/16,9.29,9.32,9.07,9.19,4582899,67844512.00
2012/04/17,9.09,9.35,8.95,9.11,2991940,44185356.00
2012/04/18,9.13,9.52,9.00,9.43,4502457,67336624.00
2012/04/19,9.38,9.49,9.06,9.23,3076608,45918060.00
2012/04/20,9.13,9.30,9.08,9.13,2418700,35847728.00
2012/04/23,9.18,9.29,8.24,8.26,5555579,77512432.00
2012/04/24,8.26,8.54,7.91,8.42,3688578,49362264.00
2012/04/25,8.45,8.79,8.16,8.64,3206699,44146944.00
2012/04/26,8.61,8.61,8.36,8.39,1894428,25867368.00
2012/04/27,8.37,8.53,8.30,8.38,1093318,14858087.00
2012/05/02,8.54,8.55,8.29,8.47,1827187,24972396.00
2012/05/03,8.48,8.78,8.42,8.70,2180375,30436584.00
2012/05/04,8.79,9.13,8.69,8.96,3697317,53327740.00
2012/05/07,8.92,8.92,8.66,8.82,2870767,40555656.00
2012/05/08,8.79,9.08,8.76,8.89,3093737,44638172.00
2012/05/09,8.84,8.84,8.52,8.55,2169811,30254106.00
2012/05/10,8.55,8.71,8.51,8.54,1223976,16966840.00
2012/05/11,8.58,8.79,8.51,8.53,1143980,15987622.00
2012/05/14,8.67,8.68,8.32,8.32,1431908,19597506.00
2012/05/15,8.22,8.57,8.04,8.52,2433474,32530328.00
2012/05/16,8.52,8.52,8.15,8.17,1382187,18597178.00
2012/05/17,8.20,8.37,8.17,8.29,879004,11748492.00
2012/05/18,8.18,8.30,8.16,8.18,875588,11616122.00
2012/05/21,8.13,8.46,8.13,8.45,1562751,21063492.00
2012/05/22,8.54,8.58,8.29,8.46,1603839,21745016.00
2012/05/23,8.51,8.52,8.25,8.35,1137814,15438029.00
2012/05/24,8.35,8.46,8.17,8.35,1436294,19304586.00
2012/05/25,8.35,8.39,8.07,8.08,1203397,15956880.00
2012/05/29,8.23,8.40,8.16,8.37,1435432,19265840.00
2012/05/30,8.41,8.45,8.26,8.41,1440876,19487504.00
2012/05/31,8.39,8.66,8.30,8.52,2236848,30838638.00
2012/06/01,8.52,8.59,8.36,8.40,1260948,17189294.00
2012/06/04,8.24,8.25,8.09,8.09,1376562,18108616.00
2012/06/05,8.09,8.16,7.94,8.00,692883,8994465.00
2012/06/06,8.01,8.08,7.91,7.95,617833,7975603.50
2012/06/07,8.03,8.10,7.81,7.86,730799,9420588.00
2012/06/08,7.97,8.16,7.84,7.93,846004,10865590.00
2012/06/11,7.85,8.09,7.85,8.07,633114,8150924.50
2012/06/12,8.02,8.13,7.95,7.98,638597,8246351.50
2012/06/13,8.04,8.12,7.93,8.10,869626,11230642.00
2012/06/14,8.00,8.13,8.00,8.00,759138,9835118.00
2012/06/15,8.02,8.08,7.94,8.00,535481,6882303.00
2012/06/18,8.07,8.16,8.04,8.16,872968,11361812.00
2012/06/19,8.16,8.16,7.97,7.99,838392,10847801.00
2012/06/20,8.03,8.59,7.98,8.32,2740361,36753236.00
2012/06/21,8.24,8.47,8.16,8.27,1662443,22050592.00
2012/06/25,8.26,8.26,7.65,7.65,1223405,15591679.00
2012/06/26,7.63,7.75,7.34,7.52,1012273,12273516.00
2012/06/27,7.52,7.68,7.48,7.48,605545,7357794.00
2012/06/28,7.48,7.59,7.33,7.34,655774,7827443.00
2012/06/29,7.34,7.44,7.19,7.43,656554,7736721.50
2012/07/02,7.52,7.71,7.39,7.55,833572,10147664.00
2012/07/03,7.55,7.75,7.48,7.58,536010,6560594.00
2012/07/04,7.59,7.63,7.52,7.57,397517,4830379.00
2012/07/05,7.54,7.55,7.32,7.36,537436,6400597.00
2012/07/06,7.43,7.54,7.20,7.53,739317,8777503.00
2012/07/09,7.43,7.55,7.34,7.34,688199,8252249.50
2012/07/10,7.39,7.39,7.24,7.34,385394,4542244.00
2012/07/11,7.28,7.43,7.27,7.42,416173,4935116.50
2012/07/12,7.42,7.61,7.32,7.54,830925,10015122.00
2012/07/13,7.49,7.55,7.41,7.44,430071,5174603.50
2012/07/16,7.45,7.46,6.86,6.87,1142965,13004544.00
2012/07/17,6.82,7.01,6.71,7.00,428103,4789493.00
2012/07/18,7.00,7.03,6.83,6.98,263707,2948649.25
2012/07/19,6.88,7.13,6.85,7.04,523469,5941256.50
2012/07/20,7.03,7.22,6.98,7.00,631176,7219845.00
2012/07/23,6.90,7.00,6.82,6.91,425860,4738420.00
2012/07/24,6.88,7.00,6.82,6.96,304628,3409492.75
2012/07/25,6.86,7.05,6.85,6.92,358941,4036111.00
2012/07/26,6.93,7.09,6.93,7.00,628581,7099495.00
2012/07/27,7.00,7.18,7.00,7.09,638092,7305996.50
2012/07/30,7.07,7.14,6.85,6.88,510514,5746971.50
2012/07/31,6.82,6.89,6.74,6.74,365099,3997316.75
2012/08/01,6.74,6.91,6.74,6.88,282822,3125837.75
2012/08/02,6.88,7.20,6.79,7.00,933177,10582693.00
2012/08/03,6.95,7.19,6.95,7.16,855745,9776883.00
2012/08/06,7.12,7.43,7.03,7.37,1115699,13043577.00
2012/08/07,7.38,7.38,7.24,7.32,974502,11461912.00
2012/08/08,7.32,7.36,7.21,7.27,587636,6887562.00
2012/08/09,7.23,7.43,7.16,7.38,946988,11153926.00
2012/08/10,7.36,7.36,7.20,7.21,776789,9073490.00
2012/08/13,7.15,7.26,6.95,6.95,644895,7388212.00
2012/08/14,6.95,7.06,6.83,7.06,676948,7590578.00
2012/08/15,7.04,7.05,6.95,6.96,385637,4342541.00
2012/08/16,6.96,6.97,6.86,6.89,369512,4112862.25
2012/08/17,6.93,6.94,6.86,6.94,283672,3157118.25
2012/08/20,6.93,7.01,6.77,6.98,390368,4320123.00
2012/08/21,6.98,7.70,6.96,7.70,5718405,69939104.00
2012/08/22,7.65,7.95,7.59,7.81,5625710,70076128.00
2012/08/23,7.87,7.88,7.66,7.84,3091351,38557808.00
2012/08/24,7.71,7.77,7.44,7.46,2472456,30013692.00
2012/08/27,7.36,7.56,7.35,7.55,1823017,21972928.00
2012/08/28,7.88,8.32,7.78,8.32,5756996,75450944.00
2012/08/29,8.73,8.73,7.91,7.97,7960107,106381336.00
2012/08/30,7.94,7.94,7.55,7.79,4001399,49863740.00
2012/08/31,7.71,7.98,7.55,7.97,3648569,45745940.00
2012/09/03,7.91,8.02,7.48,8.02,3384370,42716968.00
2012/09/04,7.96,8.73,7.91,8.20,6101021,81770448.00
2012/09/05,8.18,8.34,7.98,8.18,3798661,49977196.00
2012/09/06,8.17,8.34,8.03,8.31,3265837,43007632.00
2012/09/07,8.37,8.63,8.21,8.45,4893414,66011244.00
2012/09/10,8.37,8.80,8.36,8.62,4672209,64323684.00
2012/09/11,8.54,8.58,8.36,8.49,2905946,39340956.00
2012/09/12,8.52,8.53,8.28,8.41,2639182,35344248.00
2012/09/13,8.46,8.52,8.28,8.28,1821345,24481234.00
2012/09/14,8.34,8.38,8.12,8.17,1994874,26281576.00
2012/09/17,8.17,8.29,7.96,7.98,1324363,17353170.00
2012/09/18,7.94,8.17,7.91,8.07,858688,11102303.00
2012/09/19,8.16,8.27,8.13,8.16,996993,13127789.00
2012/09/20,8.16,8.16,7.63,7.67,1240942,15689399.00
2012/09/21,7.66,7.71,7.46,7.57,1114308,13643057.00
2012/09/24,7.55,7.79,7.46,7.75,796527,9807176.00
2012/09/25,7.66,7.81,7.62,7.66,581614,7202229.50
2012/09/26,7.66,7.69,7.20,7.28,753698,9042547.00
2012/09/27,7.25,7.52,7.21,7.45,855020,10158834.00
2012/09/28,7.43,7.70,7.37,7.64,885508,10759805.00
2012/10/08,7.62,7.75,7.57,7.65,532804,6555280.50
2012/10/09,7.68,7.85,7.64,7.84,974237,12182889.00
2012/10/10,7.81,7.90,7.75,7.88,1056879,13285304.00
2012/10/11,7.87,7.87,7.59,7.61,1106716,13678891.00
2012/10/12,7.68,7.78,7.54,7.63,626986,7713116.00
2012/10/15,7.63,7.64,7.38,7.46,708251,8501842.00
2012/10/16,7.37,7.66,7.34,7.54,690598,8422446.00
2012/10/17,7.54,7.66,7.52,7.61,564219,6893554.50
2012/10/18,7.64,7.84,7.61,7.80,1126016,14060757.00
2012/10/19,7.82,7.96,7.73,7.81,736742,9273556.00
2012/10/22,7.89,7.91,7.77,7.86,699293,8813418.00
2012/10/23,7.87,7.87,7.69,7.70,641199,7987230.00
2012/10/24,7.70,7.79,7.52,7.77,511450,6354507.00
2012/10/25,7.70,7.80,7.60,7.60,371515,4603675.50
2012/10/26,7.49,7.60,7.31,7.36,638896,7619008.50
2012/10/29,7.36,7.55,7.32,7.40,272730,3262348.00
2012/10/30,7.40,7.59,7.40,7.48,364891,4405701.00
2012/10/31,7.46,7.52,7.36,7.51,204414,2449790.75
2012/11/01,7.52,7.78,7.52,7.71,607384,7474321.50
2012/11/02,7.71,7.77,7.59,7.67,401989,4946670.50
2012/11/05,7.64,7.77,7.59,7.62,333526,4104689.25
2012/11/06,7.62,7.62,7.43,7.51,471517,5697186.50
2012/11/07,7.51,7.63,7.48,7.61,457424,5581508.50
2012/11/08,7.59,7.59,7.36,7.38,452076,5409260.50
2012/11/09,7.34,7.57,7.34,7.47,275228,3297151.00
2012/11/12,7.78,8.24,7.78,7.95,4248486,54245376.00
2012/11/13,7.79,7.91,7.49,7.63,2332555,28878150.00
2012/11/14,7.46,7.61,7.40,7.60,1192469,14366222.00
2012/11/15,7.52,7.60,7.39,7.39,742701,8937864.00
2012/11/16,7.43,7.43,7.12,7.12,818162,9513725.00
2012/11/19,7.09,7.24,6.85,7.18,924613,10422415.00
2012/11/20,7.13,7.20,7.00,7.16,576551,6591304.50
2012/11/21,7.13,7.36,7.00,7.30,735100,8522149.00
2012/11/22,7.31,7.61,7.22,7.37,1697453,20449472.00
2012/11/23,7.34,7.44,7.19,7.35,918345,10842301.00
2012/11/26,7.33,7.45,7.18,7.18,569716,6700545.50
2012/11/27,7.07,7.20,6.88,6.93,714144,8033481.50
2012/11/28,6.94,6.94,6.76,6.79,445383,4892129.00
2012/11/29,6.70,6.88,6.62,6.63,423658,4611211.50
2012/11/30,6.60,6.70,6.57,6.67,373613,4007284.50
2012/12/03,6.71,6.73,6.50,6.53,533653,5679856.00
2012/12/04,6.66,6.67,6.30,6.57,721067,7571017.00
2012/12/05,6.52,6.88,6.46,6.82,754227,8229620.00
2012/12/06,6.92,7.05,6.80,6.86,1060554,11802388.00
2012/12/07,6.84,7.02,6.70,6.98,1239755,13797433.00
2012/12/10,6.98,7.23,6.94,7.19,1518405,17390348.00
2012/12/11,7.20,7.21,7.09,7.19,1039474,11985075.00
2012/12/12,7.19,7.21,6.91,7.02,1067125,12101255.00
2012/12/13,6.98,7.01,6.84,6.84,910048,10143066.00
2012/12/14,6.88,7.19,6.82,7.13,1539426,17542860.00
2012/12/17,7.16,7.28,7.07,7.18,1396395,16109629.00
2012/12/18,7.13,7.25,7.06,7.12,1009719,11624775.00
2012/12/19,7.11,7.26,7.09,7.22,1014026,11708772.00
2012/12/20,7.14,7.20,7.05,7.18,996862,11446711.00
2012/12/21,7.18,7.29,7.14,7.23,1372039,15947965.00
2012/12/24,7.27,7.44,7.21,7.30,1828667,21562182.00
2012/12/25,7.26,7.46,7.14,7.45,1893544,22397318.00
2012/12/26,7.44,7.70,7.32,7.59,2297465,27904878.00
2012/12/27,7.46,7.64,7.34,7.35,1673134,20072346.00
2012/12/28,7.42,7.44,7.30,7.38,1277659,15159862.00
2012/12/31,7.42,7.46,7.34,7.42,821862,9808813.00
2013/01/04,7.50,7.50,7.30,7.38,863661,10270767.00
2013/01/07,7.30,7.64,7.30,7.64,2115109,25613960.00
2013/01/08,7.65,7.78,7.45,7.69,2117809,25983934.00
2013/01/09,7.65,7.77,7.60,7.67,1447834,17856428.00
2013/01/10,7.71,7.95,7.68,7.84,2753765,34575480.00
2013/01/11,7.90,8.27,7.90,7.96,5422012,70545192.00
2013/01/14,7.85,8.23,7.51,8.12,4660608,59319720.00
2013/01/15,8.02,8.29,7.98,8.13,3215480,41907692.00
2013/01/16,8.11,8.28,7.95,8.04,2476023,32170042.00
2013/01/17,8.10,8.11,7.78,7.84,1833317,23260584.00
2013/01/18,7.85,7.96,7.80,7.95,899452,11409625.00
2013/01/21,7.95,8.19,7.85,8.08,1624095,21074180.00
2013/01/22,8.13,8.16,7.86,7.91,1217614,15662737.00
2013/01/23,7.90,8.05,7.82,8.05,1204452,15307476.00
2013/01/24,8.03,8.20,7.82,7.88,1913735,24798860.00
2013/01/25,7.83,7.91,7.65,7.86,1007378,12595274.00
2013/01/28,7.84,8.13,7.84,8.10,1628538,20935252.00
2013/01/29,8.10,8.18,8.00,8.15,2206178,28706214.00
2013/01/30,8.32,8.48,8.21,8.29,3680070,49298120.00
2013/01/31,8.28,8.55,8.16,8.32,2118836,28301336.00
2013/02/01,8.32,8.32,8.07,8.20,1707592,22419098.00
2013/02/04,8.21,8.29,7.97,8.07,1479849,19171480.00
2013/02/05,8.00,8.28,7.97,8.10,1235009,15978124.00
2013/02/06,8.09,8.28,8.07,8.12,1113982,14563052.00
2013/02/07,8.16,8.20,8.05,8.20,808688,10564845.00
2013/02/08,8.17,8.39,8.16,8.30,2254737,29993200.00
2013/02/18,8.30,8.30,8.19,8.20,1495792,19799940.00
2013/02/19,8.20,8.25,7.82,7.91,1948590,24954280.00
2013/02/20,7.93,8.06,7.85,8.04,1225532,15730237.00
2013/02/21,8.07,8.07,7.81,7.89,1046252,13293501.00
2013/02/22,7.85,7.93,7.78,7.79,1004092,12665554.00
2013/02/25,7.82,8.05,7.75,8.04,1380497,17595096.00
2013/02/26,8.02,8.15,7.86,7.93,1118788,14399351.00
2013/02/27,7.96,8.14,7.90,7.94,1063629,13706929.00
2013/02/28,7.95,8.45,7.95,8.40,3346537,44186020.00
2013/03/01,8.39,8.39,8.23,8.32,2167092,28842440.00
2013/03/04,8.25,8.25,7.95,7.96,1884886,24512896.00
2013/03/05,7.96,8.31,7.95,8.26,2046367,26857720.00
2013/03/06,8.29,8.66,8.29,8.55,4083404,55711096.00
2013/03/07,8.59,8.64,8.31,8.43,2131592,29003178.00
2013/03/08,8.52,8.53,8.25,8.25,1344512,17975998.00
2013/03/11,8.21,8.49,8.16,8.42,1008760,13560004.00
2013/03/12,8.52,8.55,7.95,8.14,2329220,30754016.00
2013/03/13,8.15,8.15,7.91,8.02,964189,12396425.00
2013/03/14,8.02,8.13,7.96,7.97,747535,9646317.00
2013/03/15,7.97,8.15,7.91,7.96,853359,10985846.00
2013/03/18,7.97,8.08,7.88,7.93,665603,8524437.00
2013/03/19,7.92,7.97,7.62,7.79,877998,10993460.00
2013/03/20,7.83,8.16,7.73,8.10,1382069,17673548.00
2013/03/21,8.04,8.20,8.00,8.20,1441982,18759288.00
2013/03/22,8.10,8.16,8.06,8.10,947719,12334254.00
2013/03/25,8.13,8.13,8.00,8.10,624764,8065549.50
2013/03/26,8.09,8.42,8.09,8.27,2062427,27381698.00
2013/03/27,8.23,8.27,8.05,8.10,1041893,13661657.00
2013/03/28,8.04,8.04,7.79,7.80,1074666,13599684.00
2013/03/29,7.90,8.02,7.78,7.88,678202,8602858.00
2013/04/01,7.86,7.98,7.84,7.89,461257,5871281.50
2013/04/02,7.86,7.97,7.72,7.77,675748,8495625.00
2013/04/03,7.83,8.02,7.78,7.84,559094,7078759.50
2013/04/08,7.78,7.93,7.65,7.92,579957,7283392.00
2013/04/09,7.92,8.07,7.86,8.06,888143,11401020.00
2013/04/10,8.07,8.07,7.78,7.89,632838,8034274.50
2013/04/11,7.89,8.05,7.89,7.94,533663,6818827.50
2013/04/12,7.89,8.00,7.78,7.82,373925,4710711.00
2013/04/15,7.82,7.82,7.57,7.59,528940,6522188.50
2013/04/16,7.52,7.65,7.48,7.62,397461,4849517.00
2013/04/17,7.68,7.68,7.46,7.61,469448,5712044.50
2013/04/18,7.52,7.66,7.50,7.62,563639,6879525.00
2013/04/19,7.60,7.79,7.60,7.72,944616,11734004.00
2013/04/22,7.66,8.52,7.64,8.28,4185146,55091960.00
2013/04/23,8.23,8.26,7.95,8.10,1819953,23616626.00
2013/04/24,8.23,8.58,8.11,8.48,4648120,62917144.00
2013/04/25,8.39,8.61,8.21,8.46,3229554,43548848.00
2013/04/26,8.42,8.50,8.05,8.18,1985739,26142094.00
2013/05/02,8.13,8.45,8.13,8.38,2114090,28233332.00
2013/05/03,8.37,8.90,8.34,8.63,4621043,64331676.00
2013/05/06,8.68,9.30,8.65,9.13,5654144,81160224.00
2013/05/07,9.05,9.18,8.89,9.06,3451601,49747512.00
2013/05/08,9.16,9.41,8.96,9.13,4249066,62437092.00
2013/05/09,9.11,9.95,9.07,9.76,7139018,108581392.00
2013/05/10,9.64,9.75,9.32,9.61,4982131,75946384.00
2013/05/13,9.53,9.61,9.32,9.61,3013914,45536096.00
2013/05/14,9.56,9.57,9.07,9.13,3447205,50846520.00
2013/05/15,9.11,9.30,9.11,9.29,2098047,30971114.00
2013/05/16,9.70,10.24,9.70,10.24,3955614,63785472.00
2013/05/17,10.50,11.11,10.34,10.85,11215059,192769024.00
2013/05/20,10.66,11.88,10.64,11.28,9188685,164550320.00
2013/05/21,11.12,12.43,10.96,12.43,8986830,168037792.00
2013/05/22,12.78,13.39,12.46,12.63,13342020,273102208.00
2013/05/23,12.79,13.27,12.33,12.71,9049753,182248704.00
2013/05/24,12.84,14.00,12.84,14.00,13448888,291456576.00
2013/05/27,14.25,14.43,13.36,13.80,11809296,257343552.00
2013/05/28,13.49,13.68,12.65,12.97,8092170,167172800.00
2013/05/29,12.95,13.63,12.94,13.18,7106007,149414592.00
2013/05/30,12.91,13.83,12.79,13.52,6598004,139469648.00
2013/05/31,13.48,13.78,13.17,13.23,4995122,106259856.00
2013/06/03,13.34,13.34,12.01,12.27,5852087,118043928.00
2013/06/04,12.27,12.38,11.80,12.18,5155264,98237304.00
2013/06/05,12.16,12.63,12.04,12.47,4506682,88306000.00
2013/06/06,12.36,12.45,11.95,12.04,3075039,58885152.00
2013/06/07,12.08,12.84,12.08,12.49,5377784,106369872.00
2013/06/13,12.21,13.35,11.59,13.24,7245965,145483328.00
2013/06/14,13.23,14.58,13.13,14.58,9515356,213104960.00
2013/06/17,15.14,15.65,14.13,14.39,13369618,316933568.00
2013/06/18,14.03,15.84,13.72,15.70,14266840,334380672.00
2013/06/19,15.05,15.53,14.77,15.16,9142632,218502384.00
2013/06/20,14.89,15.54,13.91,14.11,7702927,180699104.00
2013/06/21,13.68,14.96,12.68,14.57,9395313,205980960.00
2013/06/24,14.32,14.48,13.10,13.10,8808568,190263344.00
2013/06/25,12.52,13.93,11.90,13.65,10453602,216350032.00
2013/06/26,13.48,14.89,13.43,14.69,10560675,237658192.00
2013/06/27,14.41,14.99,13.93,13.95,10198521,232450016.00
2013/06/28,13.73,14.13,13.12,13.32,7223448,154918192.00
2013/07/01,13.07,14.68,12.94,14.68,10108033,224497952.00
2013/07/02,14.72,15.91,14.61,15.18,14401753,345932448.00
2013/07/03,14.89,15.91,14.57,15.56,13591134,327209920.00
2013/07/04,15.09,15.28,14.64,14.70,10087289,238360752.00
2013/07/05,14.57,15.07,13.68,13.80,9730169,222558800.00
2013/07/08,13.92,14.37,13.29,13.61,8785911,192730880.00
2013/07/09,13.23,14.36,13.20,14.36,8604048,189299600.00
2013/07/10,14.22,14.71,13.98,14.13,9598072,216670144.00
2013/07/11,13.93,14.57,13.75,14.48,9181897,205517712.00
2013/07/12,14.67,15.95,14.67,15.95,11916456,294130944.00
2013/07/15,16.72,17.55,16.50,17.55,21556120,584085696.00
2013/07/16,18.09,18.09,17.01,17.89,17778412,493363520.00
2013/07/17,17.59,19.70,17.40,19.70,19277974,578662464.00
2013/07/18,19.38,21.69,19.20,21.69,18108799,578831872.00
2013/07/19,21.56,23.88,21.32,22.86,20047101,725362496.00
2013/07/22,22.91,23.87,21.63,23.02,17904201,643964992.00
2013/07/23,23.23,23.48,21.86,22.97,13360604,473948096.00
2013/07/24,22.62,24.95,22.19,23.16,19926670,736071104.00
2013/07/25,22.43,22.81,21.46,21.88,14791240,510610560.00
2013/07/26,22.04,22.52,20.33,21.30,11723619,396356320.00
2013/07/29,20.74,21.11,20.15,20.54,7837686,254493712.00
2013/07/30,20.71,20.84,18.91,19.57,9654888,298820512.00
2013/07/31,19.62,20.43,19.48,19.56,8285337,260454720.00
2013/08/01,19.58,21.04,19.19,21.00,11586107,372489216.00
2013/08/02,20.98,21.24,20.23,20.27,9251667,301492544.00
2013/08/05,20.02,20.68,19.71,20.46,6185464,195772480.00
2013/08/06,20.68,21.88,20.68,21.63,12463429,421222240.00
2013/08/07,21.63,21.63,20.41,20.51,8449794,276617792.00
2013/08/08,20.33,20.36,19.70,19.96,6250346,196337136.00
2013/08/09,21.40,21.97,20.59,21.00,12620790,422925312.00
2013/08/12,20.41,21.82,20.23,21.27,10022235,335569664.00
2013/08/13,20.95,22.38,20.36,21.82,12795047,437681312.00
2013/08/14,21.77,23.92,21.21,23.28,16184451,576759488.00
2013/08/15,22.91,25.47,22.78,25.28,17610732,676140224.00
2013/08/16,24.83,25.24,22.73,22.73,15911915,599989248.00
2013/08/19,21.85,23.74,21.68,23.06,10120545,366747296.00
2013/08/20,23.12,23.12,22.39,22.41,8598979,305969216.00
2013/08/21,21.93,22.78,21.63,22.10,6390566,223850288.00
2013/08/22,22.11,23.68,22.10,23.29,10956307,397007904.00
2013/08/23,23.29,24.35,22.86,23.57,11494649,425575520.00
2013/08/26,23.55,23.93,23.00,23.46,8463610,311641088.00
2013/08/27,23.36,25.83,23.10,25.83,14102578,549665408.00
2013/08/28,26.48,28.15,25.84,26.11,17699185,749963520.00
2013/08/29,25.48,26.91,25.16,25.73,11950725,488665312.00
2013/08/30,25.88,26.21,23.14,23.34,12613819,476520608.00
2013/09/02,22.59,24.45,22.16,23.77,6858382,253926432.00
2013/09/03,23.93,24.83,23.23,24.83,7900954,297837568.00
2013/09/04,24.70,25.39,23.83,24.44,7970049,307916448.00
2013/09/05,24.19,25.82,23.90,25.07,8903547,352336992.00
2013/09/06,25.13,25.67,24.48,24.89,7611330,300708512.00
2013/09/09,24.51,25.46,23.87,25.05,9029032,348736640.00
2013/09/10,25.05,25.39,24.20,24.32,6640857,257424976.00
2013/09/11,24.06,24.06,21.88,22.06,8577550,304539200.00
2013/09/12,21.95,23.02,21.72,22.34,4954416,175051008.00
2013/09/13,22.27,22.91,21.37,22.53,5346188,187298640.00
2013/09/16,22.39,24.41,22.01,23.82,8910534,330422112.00
2013/09/17,23.64,24.70,23.30,23.91,8855017,335013376.00
2013/09/18,23.90,24.69,23.47,24.14,6802100,258944496.00
2013/09/23,23.88,25.45,23.80,25.18,9656597,377325952.00
2013/09/24,25.02,26.05,24.61,24.73,9423920,372830336.00
2013/09/25,24.34,24.93,23.80,24.07,7603350,290030176.00
2013/09/26,24.08,24.52,23.02,23.12,4912726,183168624.00
2013/09/27,23.20,23.80,23.20,23.58,3221848,118966120.00
2013/09/30,24.27,24.52,23.77,24.36,5296926,201841200.00
2013/10/08,24.44,24.89,23.88,24.61,5464388,209556800.00
2013/10/09,24.57,26.74,24.24,26.34,11981562,482255968.00
2013/10/10,26.42,27.14,25.07,25.12,10451894,425797088.00
2013/10/11,25.11,25.46,23.98,24.44,6914957,266492368.00
2013/10/14,24.38,24.95,23.83,24.60,4339734,167220128.00
2013/10/15,24.60,24.62,23.36,23.54,6322131,236695024.00
2013/10/16,23.55,24.00,22.07,22.20,5560034,197928528.00
2013/10/17,22.50,22.56,20.86,21.07,4912525,167369760.00
2013/10/18,21.23,21.85,21.21,21.70,2869082,97557752.00
2013/10/21,21.85,22.67,21.85,22.64,3006861,106236960.00
2013/10/22,22.79,22.83,21.00,21.50,4413828,151439056.00
2013/10/23,21.75,21.75,19.70,20.25,3802897,121937760.00
2013/10/24,20.23,20.53,19.70,19.96,2382350,75187136.00
2013/10/25,20.16,20.28,18.21,18.77,4317982,128695968.00
2013/10/28,18.73,18.84,17.91,18.84,2998777,86782504.00
2013/10/29,18.74,18.98,17.21,17.96,3749705,106465872.00
2013/10/30,17.78,18.42,17.46,18.25,2892192,82381600.00
2013/10/31,17.85,18.10,17.14,17.18,2907494,79925632.00
2013/11/01,17.18,18.74,16.09,18.05,6245162,170305632.00
2013/11/04,17.65,17.94,17.22,17.47,3484073,96520768.00
2013/11/05,17.68,19.23,17.46,19.23,7603489,223500112.00
2013/11/06,19.04,19.55,18.87,19.01,7468294,226031296.00
2013/11/07,18.80,19.96,18.71,19.25,5179224,158673600.00
2013/11/08,19.06,19.70,18.76,19.61,3784377,115533200.00
2013/11/11,19.70,19.89,18.42,18.84,3531106,106071752.00
2013/11/12,18.61,19.03,18.42,18.65,2885051,84756680.00
2013/11/13,18.60,18.92,18.15,18.16,2287245,67009100.00
2013/11/14,17.78,18.21,17.20,18.05,3730397,104248560.00
2013/11/15,18.08,19.13,17.98,18.60,3772591,111177248.00
2013/11/18,18.55,19.02,18.54,19.02,3480289,103103016.00
2013/11/19,19.06,19.51,18.83,19.16,3352900,101247920.00
2013/11/20,19.06,19.49,18.84,19.04,2670502,80110328.00
2013/11/21,19.05,20.29,18.87,20.29,7405852,228555152.00
2013/11/22,20.27,20.38,19.45,19.80,5722746,179088480.00
2013/11/25,19.79,19.89,19.25,19.25,3225111,98608464.00
2013/11/26,19.23,19.24,18.87,18.96,2290007,68518512.00
2013/11/27,19.05,19.93,19.05,19.59,3518960,108450680.00
2013/11/28,19.69,19.70,19.29,19.32,3118361,95305680.00
2013/11/29,19.13,20.66,19.11,20.34,7331667,231050976.00
2013/12/02,19.25,20.28,18.61,19.27,6719167,204693680.00
2013/12/03,19.32,20.11,19.13,20.05,6222264,193552704.00
2013/12/04,20.18,20.33,19.51,19.76,6083947,188985984.00
2013/12/05,19.70,19.70,18.43,18.52,5251901,157031968.00
2013/12/06,18.41,18.51,18.07,18.33,2258528,65002780.00
2013/12/09,18.34,18.67,18.34,18.49,1507413,43998264.00
2013/12/10,18.48,18.63,17.94,18.30,2358760,67839680.00
2013/12/11,18.10,18.80,18.04,18.45,2251370,65744740.00
2013/12/12,18.45,19.04,18.36,18.79,2571543,76172888.00
2013/12/13,18.64,19.05,18.55,18.67,1939673,57447700.00
2013/12/16,18.62,18.83,18.04,18.25,1974181,57106536.00
2013/12/17,18.15,18.80,17.97,18.65,2434210,71036872.00
2013/12/18,18.52,18.66,17.89,18.23,1648843,47300608.00
2013/12/19,18.36,18.71,18.16,18.29,1877037,54526976.00
2013/12/20,18.20,18.39,17.81,17.85,1689734,48018064.00
2013/12/23,17.79,17.96,16.82,17.06,1967288,53195548.00
2013/12/24,17.08,17.55,17.08,17.26,1322405,36068788.00
2013/12/25,17.30,18.18,17.20,18.04,2270634,63729856.00
2013/12/26,18.09,18.13,17.33,17.33,1758851,49063064.00
2013/12/27,17.33,17.97,17.33,17.71,1387644,38816724.00
2013/12/30,17.84,18.27,17.84,18.03,2118686,60410040.00
2013/12/31,17.91,18.03,17.41,17.70,1349056,37620664.00
2014/01/02,17.70,18.16,17.70,17.96,1252834,35421504.00
2014/01/03,17.86,19.69,17.86,19.41,6117448,180831520.00
2014/01/06,19.07,19.12,18.15,18.24,4118177,120569144.00
2014/01/07,18.11,18.64,17.84,18.46,1900616,54856736.00
2014/01/08,18.30,19.29,18.30,18.85,3541921,105612312.00
2014/01/09,18.87,19.57,18.87,18.96,5130061,155400432.00
2014/01/10,18.77,19.27,18.23,18.48,2976148,87817040.00
2014/01/13,18.52,18.66,18.02,18.03,1979890,57096692.00
2014/01/14,18.04,18.39,17.81,18.34,1742472,49618612.00
2014/01/15,18.34,19.88,18.11,19.63,7782789,236470416.00
2014/01/16,19.50,19.57,18.98,19.13,4839144,146924896.00
2014/01/17,19.23,19.50,19.00,19.22,3137004,95024320.00
2014/01/20,19.28,19.28,18.46,18.70,2630345,78073880.00
2014/01/21,18.70,19.59,18.70,19.49,4291279,130332864.00
2014/01/22,19.50,19.81,19.18,19.81,5772672,177687376.00
2014/01/23,19.72,21.81,19.61,21.53,11676655,381886912.00
2014/01/24,21.14,23.42,20.90,22.52,12336391,425664672.00
2014/01/27,22.07,22.97,21.83,21.87,8214805,288484672.00
2014/01/28,21.82,22.37,21.25,21.44,4557746,155004384.00
2014/01/29,21.61,22.65,21.46,22.15,5894539,204706624.00
2014/01/30,22.20,23.04,21.50,21.56,6289755,222423552.00
2014/02/07,21.58,23.73,21.37,23.73,9293932,336741696.00
2014/02/10,24.01,25.40,23.49,24.31,13146542,505988128.00
2014/02/11,24.30,26.08,23.74,25.27,9794856,383236832.00
2014/02/12,25.27,25.27,24.27,24.63,5742289,221402336.00
2014/02/13,24.31,24.50,23.20,23.36,6036762,226310432.00
2014/02/14,23.04,23.95,23.04,23.60,3595400,133182352.00
2014/02/17,23.42,24.82,23.42,24.58,5431440,208086944.00
2014/02/18,24.46,24.80,23.71,24.01,4716198,178494592.00
2014/02/19,24.13,24.18,22.77,22.96,6577199,239290320.00
2014/02/20,22.91,23.09,22.30,22.49,3609466,127971968.00
2014/02/21,22.81,23.68,22.79,23.48,6066242,221993888.00
2014/02/24,23.23,23.74,23.02,23.27,4033448,148241280.00
2014/02/25,23.11,23.67,20.93,20.93,8056780,280333280.00
2014/02/26,20.54,20.64,19.25,20.28,4005999,126041888.00
2014/02/27,20.47,21.14,19.47,19.82,3672364,117983952.00
2014/02/28,19.99,20.45,19.61,20.29,2537415,80116040.00
2014/03/03,20.30,20.48,19.74,20.45,2421264,76561256.00
2014/03/04,20.23,20.60,19.89,20.20,2511070,80056488.00
2014/03/05,20.48,21.17,20.47,21.00,4499680,147695600.00
2014/03/06,21.02,22.59,20.70,21.88,6699125,229521760.00
2014/03/07,21.96,21.96,21.05,21.10,3707739,124865832.00
2014/03/10,20.96,20.96,19.91,19.93,2331355,74842592.00
2014/03/11,20.54,21.82,20.27,20.91,3301475,108708912.00
2014/03/12,20.67,20.96,19.91,20.34,2117858,68046344.00
2014/03/13,20.47,21.18,20.47,20.89,2179876,71512704.00
2014/03/14,20.66,20.86,20.34,20.59,1620935,52341992.00
2014/03/17,20.59,20.89,20.03,20.89,2485012,80150872.00
2014/03/18,20.91,21.36,20.73,21.34,3347663,111026504.00
2014/03/19,21.30,21.30,20.55,20.71,2198151,72100440.00
2014/03/20,20.89,21.20,19.96,19.96,2754972,89461752.00
2014/03/21,19.80,20.41,19.25,20.17,2215401,68737072.00
2014/03/24,20.06,20.06,19.38,19.39,2563896,79113528.00
2014/03/25,19.42,19.77,19.27,19.72,1907015,58474604.00
2014/03/26,19.64,19.87,19.29,19.52,1677797,51761904.00
2014/03/27,19.48,19.48,18.42,18.43,3442808,101204704.00
2014/03/28,18.47,18.64,17.68,17.83,2016625,57208520.00
2014/03/31,18.23,18.41,17.79,17.95,1287772,36654980.00
2014/04/01,17.89,18.36,17.88,18.26,1324445,37971068.00
2014/04/02,18.26,18.40,17.78,17.94,1477759,42077428.00
2014/04/03,17.94,18.34,17.88,18.21,1334743,38190600.00
2014/04/04,18.13,18.39,18.07,18.35,1166693,33618508.00
2014/04/08,18.10,18.40,17.98,18.37,1482525,42608444.00
2014/04/09,18.38,18.98,18.38,18.83,2423962,71639776.00
2014/04/10,18.84,19.38,18.84,18.91,2693008,80879120.00
2014/04/11,18.60,18.79,18.42,18.61,1382187,40512176.00
2014/04/14,18.61,18.90,18.47,18.66,1165971,34316636.00
2014/04/15,18.79,19.31,18.54,19.00,2145565,63989092.00
2014/04/16,18.93,18.94,18.66,18.76,1138580,33690788.00
2014/04/17,18.77,18.99,18.77,18.89,958367,28460862.00
2014/04/18,19.25,19.25,18.91,18.93,1250790,37469224.00
2014/04/21,18.79,18.79,18.42,18.43,1246617,36395936.00
2014/04/22,18.00,18.40,17.65,18.02,1426103,40385644.00
2014/04/23,18.02,18.21,17.59,17.59,1038174,29114544.00
2014/04/24,17.57,17.70,16.57,17.35,1856219,49999664.00
2014/04/25,17.16,17.39,16.43,16.50,1401133,37113636.00
2014/04/28,16.18,16.43,15.36,15.41,1971660,48565252.00
2014/04/29,15.38,15.79,15.25,15.70,1120606,27682490.00
2014/04/30,15.77,16.67,15.77,16.43,1487299,38223580.00
2014/05/05,16.43,17.00,16.19,16.93,1295772,34278412.00
2014/05/06,16.92,17.25,16.82,17.03,1325682,35483292.00
2014/05/07,16.88,17.45,16.66,16.68,1780738,36689292.00
2014/05/08,16.71,16.75,16.17,16.26,1621043,31906548.00
2014/05/09,16.29,16.36,15.96,16.00,1005001,19418814.00
2014/05/12,16.10,16.88,16.08,16.84,2177138,43312876.00
2014/05/13,16.63,17.33,16.63,16.87,1983890,40530896.00
2014/05/14,17.05,17.24,16.79,16.88,1026832,20986784.00
2014/05/15,16.80,17.01,16.19,16.20,1573786,31308000.00
2014/05/16,16.18,16.39,16.07,16.37,780598,15248516.00
2014/05/19,16.37,16.89,16.30,16.51,1128226,22525514.00
2014/05/20,16.70,16.93,16.33,16.44,1347437,26964702.00
2014/05/21,16.44,16.79,16.21,16.78,1396331,27871938.00
2014/05/22,17.03,17.76,16.88,17.43,3951493,82506976.00
2014/05/23,17.33,17.75,17.00,17.71,3691709,77335392.00
2014/05/26,17.79,17.98,17.45,17.77,2999909,63673284.00
2014/05/27,17.71,17.77,17.29,17.32,2257741,47544072.00
2014/05/28,17.23,18.20,17.23,18.14,4282268,92142680.00
2014/05/29,18.13,18.27,17.53,17.63,3184409,68072080.00
2014/05/30,17.56,17.83,17.45,17.77,1904074,40540104.00
2014/06/03,17.79,17.91,17.48,17.48,1959332,41755408.00
2014/06/04,17.48,17.53,16.88,17.19,1972434,40549472.00
2014/06/05,17.04,17.87,16.96,17.78,2713386,57395940.00
2014/06/06,17.79,18.69,17.48,18.55,5732664,124354544.00
2014/06/09,18.23,18.77,18.23,18.38,3775952,84049656.00
2014/06/10,18.38,18.81,18.30,18.66,3204606,71821176.00
2014/06/11,18.51,18.93,18.44,18.62,3068029,68848936.00
2014/06/12,18.63,18.94,18.31,18.41,4187014,93564336.00
2014/06/13,18.33,18.70,18.04,18.47,3124686,69053936.00
2014/06/16,18.46,18.86,18.38,18.79,3129478,70201864.00
2014/06/17,18.78,18.78,18.29,18.36,2578282,57188120.00
2014/06/18,18.36,18.43,16.63,17.47,3061206,65789200.00
2014/06/19,17.44,17.61,16.61,16.80,2365167,48565868.00
2014/06/20,16.92,17.03,16.63,17.02,1378065,27907154.00
2014/06/23,17.02,17.54,16.88,17.25,1556610,32430858.00
2014/06/24,17.25,17.34,17.10,17.26,1198771,24851358.00
2014/06/25,17.28,17.38,17.00,17.12,1236185,25559044.00
2014/06/26,17.11,17.69,17.08,17.59,1962793,41288632.00
2014/06/27,17.83,17.84,17.61,17.64,1906120,40704056.00
2014/06/30,17.64,17.82,17.48,17.79,1528466,32471758.00
2014/07/01,17.86,18.25,17.71,18.14,2697238,58591040.00
2014/07/02,18.28,18.28,17.79,18.08,2388496,51804720.00
2014/07/03,18.12,18.46,17.93,18.33,2365072,52022632.00
2014/07/04,18.33,18.38,17.97,17.99,1884100,40996740.00
2014/07/07,18.04,18.04,17.68,17.72,1742107,37275220.00
2014/07/08,17.71,18.11,17.53,18.03,1734460,37379808.00
2014/07/09,17.97,17.98,17.50,17.50,2167321,46025616.00
2014/07/10,17.46,17.53,17.08,17.09,1713761,35648784.00
2014/07/11,17.09,17.38,17.04,17.18,1027953,21300402.00
2014/07/14,17.09,17.48,17.09,17.48,1180046,24570016.00
2014/07/15,17.47,17.47,17.12,17.28,1393348,28874172.00
2014/07/16,17.28,17.36,16.97,17.12,1029195,21255332.00
2014/07/17,17.08,17.08,16.56,16.65,2129945,42942764.00
2014/07/18,16.58,16.91,16.54,16.77,1117395,22553720.00
2014/07/21,16.83,16.88,16.38,16.51,1049673,20905894.00
2014/07/22,16.54,16.77,16.51,16.68,945722,18965980.00
2014/07/23,16.63,16.83,16.38,16.38,1304216,25946334.00
2014/07/24,16.40,16.44,15.92,16.19,1544700,30049200.00
2014/07/25,16.19,16.38,16.08,16.33,952015,18632286.00
2014/07/28,16.42,17.06,16.40,16.98,2527011,51154484.00
2014/07/29,16.99,17.32,16.97,17.12,2462602,50827736.00
2014/07/30,17.14,17.33,16.97,17.14,1772739,36406844.00
2014/07/31,17.14,17.27,16.93,17.23,1957721,40361820.00
2014/08/01,17.21,17.38,16.96,16.99,2237890,46356924.00
2014/08/04,16.98,17.21,16.92,17.17,1605592,32980674.00
2014/08/05,17.20,17.58,16.95,17.55,2866970,59948788.00
2014/08/06,17.49,17.86,17.38,17.78,3447851,73516208.00
2014/08/07,17.76,17.97,17.47,17.48,2924593,62446552.00
2014/08/08,18.11,19.23,18.00,19.23,4436724,101489704.00
2014/08/11,21.03,21.03,20.13,20.78,17512302,433128928.00
2014/08/12,20.63,22.76,20.39,22.55,17079903,450126528.00
2014/08/13,22.04,22.50,21.21,22.29,12879646,339119840.00
2014/08/14,22.11,24.53,21.65,24.10,17895821,509486944.00
2014/08/15,23.39,26.02,23.00,24.69,20349306,604806976.00
2014/08/18,24.42,26.04,24.30,25.23,16893656,514597088.00
2014/08/19,24.96,24.96,23.96,24.01,13732326,401940736.00
2014/08/20,23.88,25.17,23.36,24.23,11361465,332361184.00
2014/08/21,23.79,24.93,23.72,24.37,7687584,224564240.00
2014/08/22,24.52,26.37,24.26,25.61,16168272,496929984.00
2014/08/25,25.38,25.38,24.21,24.23,9699978,289022240.00
2014/08/26,24.38,25.18,23.63,23.88,8526396,248676576.00
2014/08/27,23.73,24.13,23.19,24.13,7946243,225158352.00
2014/08/28,23.79,24.04,22.76,22.88,7088610,198831072.00
2014/08/29,22.72,23.45,22.52,23.08,4211775,117084184.00
2014/09/01,23.13,23.83,23.13,23.77,5390754,153443488.00
2014/09/02,24.08,24.36,23.80,24.14,7003669,202792304.00
2014/09/03,24.40,25.60,24.40,24.88,9967178,299655584.00
2014/09/04,24.46,25.38,24.37,24.95,8259150,247173712.00
2014/09/05,24.95,24.95,24.25,24.78,5593998,165486128.00
2014/09/09,24.95,25.49,24.73,24.94,5613155,168749632.00
2014/09/10,24.75,27.44,24.46,27.44,11991865,377569440.00
2014/09/11,28.29,30.08,28.13,29.55,24069262,839006784.00
2014/09/12,29.13,29.94,28.63,29.03,11965935,418914976.00
2014/09/15,29.01,30.48,28.77,29.29,13125285,467302560.00
2014/09/16,29.21,29.21,26.86,27.03,12752260,427887808.00
2014/09/17,27.19,27.85,25.92,27.38,9355745,304391872.00
2014/09/18,26.89,28.70,26.58,28.63,9323971,311429888.00
2014/09/19,28.74,28.87,27.99,28.11,7217615,245329968.00
2014/09/22,28.31,28.33,26.17,26.79,8849546,285495744.00
2014/09/23,26.79,27.28,26.36,26.84,6780903,218511632.00
2014/09/24,26.61,26.94,26.30,26.74,8882569,284010816.00
2014/09/25,26.79,27.63,26.65,26.84,8059623,262908800.00
2014/09/26,26.59,26.84,25.84,26.03,9049581,283898432.00
2014/09/29,26.22,26.54,25.84,26.53,6114284,192766272.00
2014/09/30,26.48,27.46,26.35,27.45,9704136,317180384.00
2014/10/08,27.63,27.63,26.67,27.42,5732528,187222112.00
2014/10/09,27.54,27.61,26.54,26.83,6613733,213975232.00
2014/10/10,26.50,26.84,26.21,26.58,3650114,116366696.00
2014/10/13,26.57,26.90,26.33,26.90,3605849,115446136.00
2014/10/14,26.94,26.94,25.83,26.01,5356280,169311440.00
2014/10/15,25.83,26.10,24.96,25.21,5599920,170179584.00
2014/10/16,25.09,26.08,24.71,25.38,5112764,156504000.00
2014/10/17,25.36,25.41,24.30,24.83,3926392,117382664.00
2014/10/20,24.88,25.43,24.76,25.24,2717070,81964896.00
2014/10/21,25.34,25.37,24.84,24.89,2549540,76829400.00
2014/10/22,24.94,25.13,24.32,24.39,2609235,77569032.00
2014/10/23,24.28,24.79,23.96,24.14,2672023,78156656.00
2014/10/24,24.13,24.83,24.13,24.48,2803687,82811824.00
2014/10/27,24.53,25.58,24.31,25.56,4945767,149574160.00
2014/10/28,25.58,26.45,25.54,25.88,6133643,192133184.00
2014/10/29,25.79,25.96,25.35,25.86,6544115,201975440.00
2014/10/30,26.54,27.56,26.33,26.81,12027251,389340160.00
2014/10/31,26.70,27.13,26.08,26.62,6759295,215748368.00
2014/11/03,27.13,27.38,26.52,27.29,7913025,256618624.00
2014/11/04,27.46,27.47,26.65,26.72,5675410,184462480.00
2014/11/05,26.46,26.60,25.80,26.13,4098530,128940272.00
2014/11/06,26.11,26.87,25.80,26.87,4773936,151239488.00
2014/11/07,26.87,27.14,26.34,26.53,5838317,187937552.00
2014/11/10,26.42,26.42,25.81,26.21,4104465,128475672.00
2014/11/11,26.25,26.38,23.94,24.13,8675166,256387904.00
2014/11/12,24.03,24.48,23.71,24.21,3797486,110549232.00
2014/11/13,24.21,24.38,22.86,23.03,5281645,148722528.00
2014/11/14,23.08,23.49,23.03,23.19,2241678,62676432.00
2014/11/17,23.31,23.96,23.31,23.83,2782203,79517800.00
2014/11/18,23.76,24.53,23.48,24.38,3783455,109098776.00
2014/11/19,24.76,26.82,24.29,26.82,12946195,402002592.00
2014/11/20,26.88,26.88,25.38,26.18,10190488,321102112.00
2014/11/21,26.44,27.36,25.97,25.98,10463332,335467584.00
2014/11/24,25.98,26.77,25.53,26.36,9260979,292553440.00
2014/11/25,26.18,26.58,26.02,26.28,6685833,211169536.00
2014/11/26,26.14,27.37,26.03,26.82,11342222,366940480.00
2014/11/27,26.82,27.88,26.18,26.61,8860485,285832992.00
2014/11/28,26.63,28.54,25.79,28.04,18555938,615107392.00
2014/12/01,27.71,29.85,27.51,28.39,15378179,531425312.00
2014/12/02,28.13,28.96,27.71,28.08,9257028,312630400.00
2014/12/03,28.12,28.12,26.38,27.13,9936096,322756448.00
2014/12/04,27.58,29.84,27.18,29.84,14511143,504899616.00
2014/12/05,30.79,31.33,28.18,29.20,19910856,714097280.00
2014/12/08,28.54,28.83,27.63,28.10,10633053,361184576.00
2014/12/09,27.63,27.66,25.72,25.79,9850669,317236736.00
2014/12/10,25.43,26.75,25.38,26.55,4615664,147084928.00
2014/12/11,26.19,26.93,25.79,26.72,5041456,159679616.00
2014/12/12,26.78,27.87,26.46,27.46,6559444,215785168.00
2014/12/15,27.23,29.08,26.83,28.53,9028758,306932064.00
2014/12/16,29.04,29.04,27.53,27.67,6410832,214937824.00
2014/12/17,27.36,27.41,26.63,26.99,4461552,145030992.00
2014/12/18,26.96,27.43,26.46,26.63,4418417,142752384.00
2014/12/19,26.92,28.38,25.68,28.05,9553037,312391744.00
2014/12/22,27.71,28.86,26.63,27.24,8681184,291806432.00
2014/12/23,26.78,27.50,26.34,26.46,3117873,100462912.00
2014/12/24,26.50,28.43,26.45,28.25,7614647,254773904.00
2014/12/25,28.46,29.92,28.17,29.03,8672745,304751072.00
2014/12/26,28.85,29.53,28.03,28.62,6345844,220119328.00
2014/12/29,28.46,28.46,26.60,26.95,8143755,265296384.00
2014/12/30,26.96,27.27,25.72,26.58,5305762,168103600.00
2014/12/31,26.58,26.78,25.88,26.28,2974181,94123088.00
2015/01/05,26.28,26.35,25.23,25.58,4390578,134846080.00
2015/01/06,25.62,27.79,25.61,27.47,7239163,234582816.00
2015/01/07,27.11,27.38,26.51,26.83,4472691,144342800.00
2015/01/08,26.63,27.78,26.63,26.88,5283904,172592352.00
2015/01/09,26.51,27.67,26.46,26.49,4813719,156141216.00
2015/01/12,26.79,27.75,25.79,27.32,6306355,206438448.00
2015/01/13,27.37,29.83,26.83,29.33,14441715,499859136.00
2015/01/14,28.88,30.32,28.29,28.71,8707442,305341632.00
2015/01/15,28.73,30.54,28.73,29.53,10987785,393677056.00
2015/01/16,29.24,32.48,29.24,32.48,10092387,379905312.00
2015/01/19,34.94,35.73,34.11,35.73,12553335,532435168.00
2015/01/20,38.29,39.31,35.96,39.31,23672481,1070616640.00
2015/01/21,40.38,43.24,39.71,43.24,15004571,750297344.00
2015/01/22,44.13,45.71,41.73,42.80,21361818,1111911552.00
2015/01/23,42.46,44.38,41.11,42.63,19976887,1024219328.00
2015/01/26,42.71,44.88,41.63,43.36,14138133,737122240.00
2015/01/27,43.29,47.42,42.05,44.19,18592727,1001389632.00
2015/01/28,43.29,43.59,40.90,41.82,12792505,650433408.00
2015/01/29,41.49,46.00,41.46,46.00,14962102,786875008.00
2015/01/30,46.04,46.11,41.40,41.77,14569866,768104512.00
2015/02/02,39.96,45.12,39.38,43.21,11398061,585480640.00
2015/02/03,44.83,47.53,43.38,47.53,8658737,483594048.00
2015/02/04,50.63,52.29,50.42,52.29,5106648,316268960.00
2015/02/05,54.13,57.53,53.15,57.53,7212590,483222496.00
2015/02/06,60.54,62.40,54.43,55.38,17784147,1242525312.00
2015/02/09,54.03,59.46,52.54,54.79,14270227,957661376.00
2015/02/10,53.29,60.28,52.94,60.28,12491217,846152128.00
2015/02/11,64.21,66.31,63.39,66.31,13924082,1097331584.00
2015/02/12,68.29,70.29,64.96,66.29,19147669,1544834816.00
2015/02/13,66.48,72.93,66.38,72.93,17008374,1433683200.00
2015/02/16,74.13,79.96,70.50,77.54,20506110,1842469632.00
2015/02/17,75.68,77.37,71.63,74.71,14909876,1330001408.00
2015/02/25,74.16,74.16,67.24,69.89,13863811,1167869312.00
2015/02/26,69.13,76.04,68.79,73.96,18412497,1619691776.00
2015/02/27,73.43,74.42,69.13,72.61,13068442,1123583232.00
2015/03/02,71.21,75.79,68.71,72.13,17524023,1512150656.00
2015/03/03,70.33,71.71,68.29,68.53,12926718,1083338240.00
2015/03/04,67.63,71.13,67.51,69.36,10562483,882756352.00
2015/03/05,69.83,74.78,68.79,71.29,16305370,1409635968.00
2015/03/06,69.54,69.63,65.94,66.40,12535145,1018354176.00
2015/03/09,65.38,68.13,63.61,67.13,8154708,649300288.00
2015/03/10,66.54,70.78,66.13,69.54,13167151,1089618560.00
2015/03/11,69.54,69.79,66.88,68.17,8620334,705708544.00
2015/03/12,67.29,68.16,64.21,65.78,9283956,733904640.00
2015/03/13,65.79,68.06,65.78,66.44,9031858,725226176.00
2015/03/16,69.13,73.09,67.75,73.09,17367832,1503326848.00
2015/03/17,76.63,76.63,70.34,71.75,15574983,1359221504.00
2015/03/18,70.46,72.13,68.66,71.29,10651828,904067712.00
2015/03/19,71.11,74.96,69.19,73.30,11471450,982937920.00
2015/03/20,72.46,75.26,71.72,72.67,11620255,1026211776.00
2015/03/23,72.63,74.96,72.48,73.93,10633893,944320832.00
2015/03/24,74.93,81.25,72.63,78.57,20275058,1890474368.00
2015/03/25,78.29,78.29,74.98,76.33,12263432,1129758976.00
2015/03/26,73.92,74.04,68.79,68.98,13127380,1122602624.00
2015/03/27,67.45,69.79,65.78,68.81,5765615,473039360.00
2015/03/30,68.79,68.79,64.13,66.63,9521168,755937856.00
2015/03/31,66.18,70.79,65.05,68.93,8103195,671126528.00
2015/04/01,68.54,70.35,68.29,69.88,6338838,529620960.00
2015/04/02,71.33,73.00,69.88,70.54,8838639,757520448.00
2015/04/03,68.96,70.03,67.85,68.98,5664901,467815136.00
2015/04/07,68.98,70.12,67.63,69.37,6443682,533527872.00
2015/04/08,69.21,69.21,65.46,67.04,7308975,592161728.00
2015/04/09,67.04,68.96,64.63,68.70,8164677,656415168.00
2015/04/10,67.47,69.78,66.62,68.23,6884204,566136640.00
2015/04/13,67.83,69.49,66.65,68.69,6820706,561198400.00
2015/04/14,67.63,68.21,66.63,66.68,5879550,474397952.00
2015/04/15,66.67,66.67,62.06,62.07,6058972,468638240.00
2015/04/16,59.68,62.79,58.30,60.77,4581023,335802048.00
2015/04/17,60.29,64.13,60.29,62.19,4780980,360452512.00
2015/04/20,62.19,63.21,59.98,60.43,4469085,329256832.00
2015/04/21,60.43,63.92,60.21,63.79,6961428,521245312.00
2015/04/22,63.97,69.25,63.97,68.92,10139612,819355200.00
2015/04/23,69.62,69.95,66.68,67.22,7212046,586949248.00
2015/04/24,66.46,66.63,63.63,64.58,5659222,442328960.00
2015/04/27,64.63,71.03,64.63,71.03,16008110,1342421248.00
2015/04/28,72.46,73.71,64.96,67.08,12678590,1044562240.00
2015/04/29,62.55,68.39,62.55,68.21,8646466,688705088.00
2015/04/30,69.54,74.88,69.54,69.93,15217429,1321075712.00
2015/05/04,68.29,69.86,64.96,65.58,9222146,734203008.00
2015/05/05,64.62,68.38,64.29,66.04,6659024,528769280.00
2015/05/06,65.96,71.29,64.98,67.38,11183362,922569728.00
2015/05/07,65.42,70.63,64.13,67.46,7759701,636903872.00
2015/05/08,74.21,74.21,74.21,74.21,4586924,408694944.00
2015/05/11,81.63,81.63,81.63,81.63,704169,69015600.00
2015/05/12,89.80,89.80,89.80,89.80,871835,93992528.00
2015/05/13,94.03,98.78,93.19,98.78,8742368,1012613888.00
2015/05/14,104.13,108.67,91.18,91.28,22617702,2720881152.00
2015/05/15,90.79,99.61,90.79,93.77,16644181,1892444032.00
2015/05/18,96.46,100.86,94.13,96.61,16770005,1965305472.00
2015/05/19,96.88,98.17,87.04,91.79,15622849,1711142144.00
2015/05/20,90.96,100.98,90.38,100.98,15378240,1773792384.00
2015/05/21,100.79,111.08,97.69,104.97,18640472,2387313664.00
2015/05/22,103.61,105.38,96.22,98.54,14014864,1678672768.00
2015/05/25,89.96,94.96,88.77,91.59,11096183,1226633728.00
2015/05/26,90.79,96.63,90.13,95.79,9475138,1075505536.00
2015/05/27,96.52,98.29,90.51,92.11,8174072,910256320.00
2015/05/28,93.13,101.04,88.81,95.79,15466095,1771478912.00
2015/05/29,95.79,102.83,87.63,98.66,13890208,1632722560.00
2015/06/01,99.12,107.88,98.71,106.72,13900636,1745985536.00
2015/06/02,104.12,117.39,102.46,117.39,14704638,1946698368.00
2015/06/03,119.13,125.12,113.71,123.29,13260729,1911831424.00
2015/06/04,120.29,120.38,110.96,110.96,11583231,1589694976.00
2015/06/05,111.63,114.96,105.63,108.29,8654045,1139030016.00
2015/06/08,108.29,109.11,99.88,106.53,7725493,964797184.00
2015/06/09,104.21,110.37,104.03,106.63,6225082,798816576.00
2015/06/10,105.70,109.95,101.70,107.88,6960873,888891584.00
2015/06/11,110.79,115.79,105.80,106.46,13179864,1762190592.00
2015/06/12,103.28,103.29,95.81,99.67,12543918,1500164608.00
2015/06/15,97.88,98.28,89.70,89.70,11563402,1279965440.00
2015/06/16,87.78,91.62,82.68,88.88,8308804,866678464.00
2015/06/17,87.38,96.63,87.32,94.78,7682043,843913088.00
2015/06/18,94.79,94.86,85.29,85.29,7124458,763197760.00
2015/06/19,84.00,84.00,77.00,79.30,6362507,516244992.00
2015/06/23,78.51,83.36,74.08,81.75,6194298,498364096.00
2015/06/24,83.10,83.90,77.35,79.01,7306984,587306816.00
2015/06/25,81.00,82.00,71.20,72.92,7614540,589851392.00
2015/06/26,68.50,69.98,65.63,65.63,5516703,367170624.00
2015/06/29,64.88,64.98,59.07,59.07,5924155,355946944.00
2015/06/30,53.18,63.99,53.16,63.89,14620506,851161984.00
2015/07/01,60.80,66.05,57.50,57.50,13862177,863426304.00
2015/07/02,56.00,57.49,51.75,51.75,8118655,433310624.00
2015/07/03,46.80,53.98,46.58,46.58,10243916,493872032.00
2015/07/06,51.20,51.20,41.92,41.92,14410646,644919232.00
2015/07/07,39.00,40.90,37.73,37.73,6320732,243905360.00
2015/07/08,33.96,35.90,33.96,33.96,24473774,839732864.00
2015/07/09,35.29,37.36,34.53,37.36,9591921,349718144.00
2015/07/10,41.10,41.10,41.10,41.10,634412,26074334.00
2015/07/13,45.21,45.21,45.21,45.21,371549,16797730.00
2015/07/14,49.73,49.73,49.73,49.73,251656,12514853.00
2015/07/15,54.70,54.70,50.53,50.96,40047190,2152571392.00
2015/07/16,45.86,55.49,45.86,54.02,29507089,1477891072.00
2015/07/17,53.00,59.42,52.00,59.42,27122917,1510063488.00
2015/07/20,61.00,63.88,58.60,61.80,27287795,1668980096.00
2015/07/21,59.02,62.20,59.01,59.85,16792502,1013150016.00
2015/07/22,59.00,65.50,58.50,62.18,18059780,1124141568.00
2015/07/23,61.10,63.50,59.50,63.15,17615642,1088674816.00
2015/07/24,64.38,66.37,60.12,61.30,18935316,1214519680.00
2015/07/27,58.20,61.20,55.17,55.17,14171876,824548416.00
2015/07/28,50.01,55.85,49.65,49.65,15998830,817067008.00
2015/07/29,51.50,54.62,47.66,54.62,14315859,734873408.00
2015/07/30,55.50,56.50,51.95,52.00,15565688,858170880.00
2015/07/31,50.00,53.95,49.60,51.26,10461719,541781760.00
2015/08/03,46.13,48.75,46.13,46.13,10359062,484688000.00
2015/08/04,45.50,50.74,45.40,50.74,12369227,598178304.00
2015/08/05,49.90,50.98,47.70,48.30,11273161,558377728.00
2015/08/06,46.58,48.95,46.00,47.26,5573149,264310560.00
2015/08/07,47.80,51.99,47.80,51.99,11012210,563094528.00
2015/08/10,54.48,57.19,52.55,57.19,20588234,1125663104.00
2015/08/11,55.00,62.50,54.98,58.53,20289918,1198731264.00
2015/08/12,57.25,60.90,57.01,58.16,15173132,897732608.00
2015/08/13,57.50,63.98,57.11,63.98,20068382,1235325184.00
2015/08/14,66.00,69.90,63.60,63.83,25305347,1683264896.00
2015/08/17,62.01,63.30,58.75,61.27,17083715,1038410112.00
2015/08/18,61.50,65.00,55.79,56.70,19132402,1181018624.00
2015/08/19,54.30,62.37,54.30,62.37,19522037,1150004608.00
2015/08/20,62.00,64.00,58.66,58.70,18642514,1141459712.00
2015/08/21,55.74,59.50,55.08,56.30,11679743,665250048.00
2015/08/24,53.00,54.60,50.67,50.67,9180935,472156672.00
2015/08/25,45.60,47.83,45.60,45.60,8270906,379531488.00
2015/08/26,45.50,47.89,41.04,41.04,15193426,670521152.00
2015/08/27,42.10,45.00,37.76,43.80,13564430,572950016.00
2015/08/28,44.10,47.96,42.04,47.77,16468921,734053248.00
2015/08/31,46.00,46.88,42.99,42.99,11330468,508584896.00
2015/09/01,41.38,41.55,38.69,38.69,9589487,382464416.00
2015/09/02,35.01,42.56,35.01,39.80,16813327,679365440.00
2015/09/07,40.75,42.90,38.63,40.08,21595876,888210368.00
2015/09/08,38.76,42.70,36.90,42.00,15589936,613834112.00
2015/09/09,41.78,45.50,41.50,44.00,20932061,906692672.00
2015/09/10,42.50,44.38,42.00,42.57,13755642,588516096.00
2015/09/11,42.97,44.85,42.52,43.35,13413275,584861312.00
2015/09/14,43.30,43.70,39.02,39.02,10631239,433820448.00
2015/09/15,36.65,37.40,35.12,35.12,10397667,372820640.00
2015/09/16,35.01,38.63,35.01,38.63,11699664,432499968.00
2015/09/17,38.00,40.50,37.27,37.30,14792838,576379328.00
2015/09/18,37.45,38.80,36.60,38.10,10214885,385192416.00
2015/09/21,37.00,40.90,36.60,40.60,14051313,553744192.00
2015/09/22,40.59,44.11,39.63,42.62,20061808,839078720.00
2015/09/23,41.12,42.40,40.30,41.56,14944846,619207808.00
2015/09/24,41.80,44.00,41.80,42.81,15589123,670151040.00
2015/09/25,42.00,42.48,38.53,39.10,14013658,563164544.00
2015/09/28,39.50,41.80,38.23,41.32,11771529,474159968.00
2015/09/29,40.30,40.58,38.74,39.68,9268842,368747616.00
2015/09/30,39.82,40.37,38.01,39.20,6394945,252328864.00
2015/10/08,41.50,42.96,40.49,42.17,12445241,520795136.00
2015/10/09,41.95,43.20,41.46,42.48,11798510,498505504.00
2015/10/12,43.03,46.73,43.03,46.73,8211197,374680416.00
2015/10/13,49.00,51.40,48.58,50.58,26197267,1309289344.00
2015/10/14,49.69,55.64,48.88,55.64,29878285,1568500736.00
2015/10/15,56.69,59.45,55.01,58.38,26846653,1537991168.00
2015/10/16,57.38,63.47,57.38,60.20,20369445,1227657984.00
2015/10/19,61.40,66.22,58.23,66.22,22670406,1422104192.00
2015/10/20,69.72,72.84,68.00,72.84,13322885,950854656.00
2015/10/21,76.80,80.12,73.00,74.24,30571093,2360231168.00
2015/10/22,74.70,81.66,71.00,81.66,32905537,2509835008.00
2015/10/23,81.00,82.23,78.11,78.87,27016822,2157344256.00
2015/10/26,77.30,77.30,71.20,73.18,22885378,1685989120.00
2015/10/27,73.19,80.50,71.50,80.50,26705780,2033475584.00
2015/10/28,78.50,78.90,72.49,72.70,24290829,1829826560.00
2015/10/29,71.20,76.90,71.20,73.61,17877752,1326328832.00
2015/10/30,72.60,76.53,69.78,73.01,17282105,1272110208.00
2015/11/02,69.41,79.50,69.41,74.40,19944675,1509312640.00
2015/11/03,76.00,77.25,71.00,72.83,15086968,1107471744.00
2015/11/04,72.61,78.57,72.61,78.00,23198341,1778697984.00
2015/11/05,78.15,83.48,77.30,78.71,23679124,1880835072.00
2015/11/06,77.60,82.20,77.58,79.96,20115215,1607445248.00
2015/11/09,78.00,83.60,75.28,81.52,23530323,1858160256.00
2015/11/10,79.80,80.61,76.68,77.59,19355845,1520306176.00
2015/11/11,77.50,78.20,75.02,76.26,13296670,1011491200.00
2015/11/12,76.32,79.49,76.00,76.28,13268371,1028633600.00
2015/11/13,74.40,74.40,70.00,70.91,14878145,1073020160.00
2015/11/16,68.01,74.06,67.70,74.05,11435542,818130240.00
2015/11/17,74.49,75.00,71.30,71.30,11390288,832088448.00
2015/11/18,72.00,78.25,71.00,73.14,17913542,1348418304.00
2015/11/19,73.18,76.12,71.20,75.15,13293717,986930880.00
2015/11/20,74.03,77.39,73.50,75.18,13236571,997387392.00
2015/11/23,75.14,80.14,73.00,77.65,16250251,1242496000.00
2015/11/24,77.50,85.42,75.86,85.42,24345847,1982614656.00
2015/11/25,88.00,93.96,85.91,93.96,17678307,1595733632.00
2015/11/26,101.00,103.36,95.00,96.39,32815120,3237761280.00
2015/11/27,95.00,99.90,86.75,86.75,31446481,2905886720.00
2015/11/30,85.55,89.41,81.91,86.78,25305154,2158482176.00
2015/12/01,85.39,86.40,78.10,80.31,22650871,1854094464.00
2015/12/02,80.60,80.96,73.00,77.76,14484434,1122285824.00
2015/12/03,78.00,82.87,77.96,81.23,15727764,1267629312.00
2015/12/04,80.50,81.00,76.99,78.63,12429548,982628032.00
2015/12/07,78.11,84.73,78.10,82.30,17394962,1432575744.00
2015/12/08,81.00,90.00,78.81,84.90,20921814,1761513088.00
2015/12/09,83.46,91.50,82.80,90.55,22677432,1999026304.00
2015/12/10,91.00,92.00,85.00,85.50,19425204,1714515712.00
2015/12/11,84.00,86.25,80.99,81.38,11693309,969760128.00
2015/12/14,81.13,82.61,76.84,81.23,11990618,955960832.00
2015/12/15,81.61,85.76,81.61,83.26,11566306,970858304.00
2015/12/16,82.70,83.98,80.72,82.22,10859255,895225152.00
2015/12/17,82.56,84.00,82.50,83.58,11071043,922497792.00
2015/12/18,83.89,86.86,82.23,82.87,11109905,939500160.00
2015/12/21,81.00,84.04,79.40,82.08,11072659,896976768.00
2015/12/22,82.59,82.66,80.88,81.38,6671870,543018880.00
2015/12/23,82.00,82.20,78.01,78.20,10260874,814730944.00
2015/12/24,77.58,79.50,77.02,79.03,5427730,427604576.00
2015/12/25,78.99,79.96,77.50,78.00,6555881,513775136.00
2015/12/28,78.10,78.78,74.99,75.00,9103614,699074560.00
2015/12/29,75.00,76.20,72.50,73.80,9156244,675991168.00
2015/12/30,73.95,77.50,73.60,77.22,10146743,770602176.00
2015/12/31,77.25,77.46,73.58,73.59,7730280,578788352.00
2016/01/04,73.20,73.40,66.23,66.23,6757146,463335584.00
2016/01/05,59.61,66.47,59.61,61.80,9895490,617199808.00
2016/01/06,61.80,67.98,61.80,67.98,11920916,773285184.00
2016/01/07,68.00,68.19,61.18,61.39,4149941,270542624.00
2016/01/08,64.99,67.40,57.80,65.80,12544642,809807552.00
2016/01/11,63.00,66.99,60.75,63.20,11618840,745375232.00
2016/01/12,64.60,68.97,62.59,68.11,14128215,940117376.00
2016/01/13,67.50,67.50,62.00,63.01,11112997,725160768.00
2016/01/14,59.50,68.90,58.62,67.55,12734819,837688320.00
2016/01/15,66.00,66.88,63.25,64.05,10298946,670237952.00
2016/01/18,63.85,70.46,63.00,70.46,14626347,1003053632.00
2016/01/19,73.30,73.42,68.38,72.35,21173306,1510701568.00
2016/01/20,70.26,75.50,70.26,72.90,17720395,1280096896.00
2016/01/21,71.30,73.99,68.00,68.00,14564584,1038466112.00
2016/01/22,69.64,69.87,65.87,68.51,9738466,662939776.00
2016/01/25,69.50,69.90,67.30,68.61,7273559,501252896.00
2016/01/26,67.00,67.50,61.75,61.75,9023867,582091264.00
2016/01/27,61.50,62.35,55.66,60.79,9110289,537378176.00
2016/01/28,59.30,60.35,54.71,54.71,7867564,452900320.00
2016/01/29,53.00,57.78,53.00,56.50,7725945,431185120.00
2016/02/01,55.80,56.50,51.20,53.19,6377018,345458528.00
2016/02/02,54.00,57.25,53.80,55.66,7158535,399795456.00
2016/02/03,54.00,55.96,53.38,55.59,5825487,316908192.00
2016/02/04,56.10,61.15,56.10,61.15,9162612,548398144.00
2016/02/05,63.97,63.99,58.66,59.25,11540457,699642432.00
2016/02/15,56.00,61.88,56.00,61.31,9302031,555171776.00
2016/02/16,61.00,64.59,60.05,63.08,11033897,697510912.00
2016/02/17,62.80,63.46,61.10,63.10,9298016,576940480.00
2016/02/18,64.32,64.55,61.50,61.53,8367545,525290592.00
2016/02/19,60.66,62.99,60.60,61.81,6601351,409785856.00
2016/02/22,62.89,63.56,61.50,63.24,9216825,579724608.00
2016/02/23,63.00,66.98,62.65,64.00,11894797,768757440.00
2016/02/24,63.90,65.24,61.00,63.00,8904955,560743552.00
2016/02/25,61.80,62.18,56.70,56.70,9792181,577798720.00
2016/02/26,57.00,58.60,53.50,55.88,6486752,367013664.00
2016/02/29,55.85,55.85,50.51,50.95,6325667,328625120.00
2016/03/01,51.05,54.02,50.51,53.01,6744858,354758720.00
2016/03/02,52.51,56.20,51.96,56.19,8067540,437140768.00
2016/03/03,55.85,58.64,54.90,54.98,9348331,526733888.00
2016/03/04,54.19,55.86,51.44,52.32,6546769,350484032.00
2016/03/07,52.60,55.99,52.60,54.38,6032036,329783648.00
2016/03/08,53.50,56.13,51.80,55.77,7799024,422475072.00
2016/03/09,54.02,55.30,53.03,53.51,5060705,274668800.00
数据来源:通达信
