002318 久立特材 日线 前复权
      日期	    开盘	    最高	    最低	    收盘	    成交量	    成交额
2011/01/04,5.15,5.21,5.11,5.20,1600714,32533012.00
2011/01/05,5.21,5.32,5.13,5.26,2239577,46018684.00
2011/01/06,5.18,5.23,5.11,5.13,1605214,32509354.00
2011/01/07,5.10,5.19,5.04,5.09,1254914,25243434.00
2011/01/10,5.11,5.11,4.91,4.91,1264967,24914576.00
2011/01/11,4.89,4.89,4.74,4.77,1178648,22263302.00
2011/01/12,4.81,4.86,4.77,4.85,906780,17247824.00
2011/01/13,4.88,4.88,4.79,4.81,814643,15488761.00
2011/01/14,4.81,4.81,4.52,4.56,2141357,39082772.00
2011/01/18,4.28,4.41,4.24,4.41,1408298,24233820.00
2011/01/19,4.38,4.51,4.36,4.51,1062955,18721402.00
2011/01/20,4.49,4.49,4.25,4.26,1141760,19741648.00
2011/01/21,4.23,4.33,4.21,4.29,761143,12987319.00
2011/01/24,4.37,4.38,4.25,4.30,694247,11838142.00
2011/01/25,4.30,4.36,4.23,4.32,773861,13249079.00
2011/01/26,4.33,4.47,4.33,4.42,943769,16532462.00
2011/01/27,4.42,4.52,4.38,4.47,1094653,19296522.00
2011/01/28,4.47,4.53,4.43,4.50,945442,16779280.00
2011/01/31,4.47,4.58,4.47,4.53,796623,14285208.00
2011/02/01,4.54,4.57,4.50,4.54,723190,12963367.00
2011/02/09,4.52,4.57,4.47,4.47,747297,13372319.00
2011/02/10,4.47,4.61,4.43,4.59,976217,17548180.00
2011/02/11,4.60,4.71,4.59,4.69,1476156,27204010.00
2011/02/14,4.69,4.78,4.67,4.78,1732718,32477968.00
2011/02/15,4.81,4.86,4.76,4.79,1647207,31276440.00
2011/02/16,4.78,4.89,4.75,4.87,1245646,23854338.00
2011/02/17,4.88,5.20,4.85,5.13,3053489,60447384.00
2011/02/18,5.13,5.13,4.98,5.01,1914669,38044156.00
2011/02/21,4.95,5.22,4.93,5.18,2050925,41425156.00
2011/02/22,5.18,5.21,5.01,5.01,1900464,38028756.00
2011/02/23,4.99,5.15,4.99,5.05,1422384,28313284.00
2011/02/24,5.05,5.07,4.86,4.89,2112163,41245300.00
2011/02/25,4.90,4.95,4.87,4.90,772070,14958219.00
2011/02/28,4.90,5.04,4.89,5.02,979093,19240228.00
2011/03/01,5.03,5.07,5.03,5.05,1057568,21009220.00
2011/03/02,5.06,5.07,4.97,5.01,1072094,21145894.00
2011/03/03,5.07,5.07,5.00,5.03,1042938,20638672.00
2011/03/04,5.03,5.44,4.97,5.33,3235315,67301744.00
2011/03/07,5.34,5.36,5.23,5.31,1943653,40458076.00
2011/03/08,5.27,5.33,5.23,5.27,1400236,29016682.00
2011/03/09,5.27,5.41,5.24,5.30,1601755,33697896.00
2011/03/10,5.30,5.30,5.18,5.20,1180294,24183856.00
2011/03/14,5.13,5.18,5.03,5.08,2052272,41076136.00
2011/03/15,5.08,5.11,4.86,4.91,1643816,31966692.00
2011/03/16,4.86,5.00,4.86,4.96,1294210,25166666.00
2011/03/17,4.93,4.93,4.71,4.78,2393790,45295572.00
2011/03/18,4.78,4.87,4.76,4.80,806680,15289648.00
2011/03/21,4.78,4.87,4.78,4.86,940593,17952254.00
2011/03/22,4.86,4.91,4.80,4.90,808458,15519651.00
2011/03/23,4.91,4.96,4.84,4.94,919134,17818040.00
2011/03/24,4.94,5.27,4.94,5.20,3315564,67148896.00
2011/03/25,5.29,5.34,5.09,5.17,2730429,55666372.00
2011/03/28,5.17,5.20,5.07,5.07,1661367,33395746.00
2011/03/29,5.07,5.20,4.97,4.98,1226050,24606464.00
2011/03/30,4.97,4.97,4.81,4.84,1042867,20015944.00
2011/03/31,4.84,4.92,4.71,4.74,913936,17347242.00
2011/04/01,4.73,4.94,4.73,4.89,779078,14854734.00
2011/04/06,4.90,4.95,4.83,4.91,701729,13548958.00
2011/04/07,4.91,4.96,4.87,4.94,769194,14951555.00
2011/04/08,4.96,4.99,4.91,4.98,719938,14045831.00
2011/04/11,4.98,5.09,4.98,5.01,1102463,21855024.00
2011/04/12,5.01,5.17,4.97,5.06,1835778,36749780.00
2011/04/13,5.00,5.05,4.90,4.97,1079237,21015548.00
2011/04/14,4.96,5.09,4.95,5.00,1240488,24592130.00
2011/04/15,5.00,5.03,4.89,4.94,1079829,21051476.00
2011/04/18,4.96,4.96,4.86,4.87,1294136,24936906.00
2011/04/19,4.86,4.86,4.73,4.76,1106894,20881652.00
2011/04/20,4.79,4.83,4.74,4.78,655393,12363477.00
2011/04/21,4.78,4.97,4.78,4.93,1271872,24543362.00
2011/04/22,4.92,4.92,4.80,4.81,903776,17280898.00
2011/04/25,4.81,4.81,4.63,4.66,911293,16875102.00
2011/04/26,4.65,4.70,4.55,4.55,664796,12106253.00
2011/04/27,4.64,4.64,4.53,4.56,601819,10893032.00
2011/04/28,4.57,4.62,4.37,4.37,532130,9428142.00
2011/04/29,4.39,4.47,4.33,4.47,373779,6537606.00
2011/05/03,4.47,4.61,4.47,4.61,462481,8360634.00
2011/05/04,4.61,4.68,4.55,4.59,755775,13773345.00
2011/05/05,4.56,4.63,4.56,4.61,369770,6731001.50
2011/05/06,4.55,4.65,4.55,4.59,243516,4429515.00
2011/05/09,4.59,4.75,4.59,4.70,626021,11633007.00
2011/05/10,4.70,4.74,4.64,4.71,334089,6176507.50
2011/05/11,4.67,4.71,4.60,4.66,525509,9660204.00
2011/05/12,4.61,4.66,4.58,4.58,375360,6866858.00
2011/05/13,4.58,4.60,4.47,4.59,505540,9102207.00
2011/05/16,4.55,4.61,4.54,4.55,268920,4856847.00
2011/05/17,4.52,4.59,4.47,4.57,520603,9310523.00
2011/05/18,4.57,4.64,4.55,4.63,530147,9665174.00
2011/05/20,4.63,4.63,4.49,4.53,294313,5294399.00
2011/05/23,4.52,4.53,4.28,4.28,519492,9018842.00
2011/05/24,4.28,4.38,4.19,4.37,607978,10273976.00
2011/05/25,4.36,4.41,4.25,4.37,341719,5863425.00
2011/05/26,4.38,4.44,4.26,4.26,315370,5396800.00
2011/05/27,4.25,4.33,4.20,4.30,447280,7615429.00
2011/05/30,4.20,4.32,4.20,4.27,184871,3141136.00
2011/05/31,4.27,4.35,4.27,4.35,316311,5394517.50
2011/06/01,4.35,4.44,4.30,4.43,439872,7589642.50
2011/06/02,4.39,4.41,4.31,4.36,262240,4504256.50
2011/06/03,4.36,4.58,4.35,4.51,617458,10944906.00
2011/06/07,4.51,4.55,4.47,4.52,448530,7962825.50
2011/06/08,4.44,4.55,4.42,4.49,302050,5321820.50
2011/06/09,4.49,4.49,4.38,4.38,284368,4972508.00
2011/06/10,4.36,4.46,4.28,4.44,393620,6774931.00
2011/06/13,4.39,4.41,4.37,4.40,160357,2776304.75
2011/06/14,4.39,4.52,4.37,4.50,435255,7645854.50
2011/06/15,4.50,4.52,4.38,4.45,293531,5167094.00
2011/06/16,4.39,4.41,4.31,4.34,225661,3875764.75
2011/06/17,4.43,4.44,4.31,4.31,153901,2632280.50
2011/06/20,4.33,4.37,4.23,4.26,279756,4731913.50
2011/06/21,4.27,4.32,4.27,4.31,432191,7323689.50
2011/06/22,4.49,4.64,4.39,4.39,792879,14041091.00
2011/06/23,4.32,4.49,4.28,4.44,556494,9592572.00
2011/06/24,4.39,4.60,4.38,4.57,1268137,22595880.00
2011/06/27,4.54,4.68,4.53,4.63,1013346,18365484.00
2011/06/28,4.57,4.66,4.55,4.62,546337,9881336.00
2011/06/29,4.61,4.70,4.52,4.52,985568,17956842.00
2011/06/30,4.51,4.68,4.51,4.57,991895,17896692.00
2011/07/01,4.57,4.64,4.55,4.58,616399,11118978.00
2011/07/04,4.58,4.67,4.54,4.62,1539490,27907660.00
2011/07/05,4.63,4.83,4.58,4.79,2389893,44137268.00
2011/07/06,4.76,4.89,4.71,4.87,2241680,42133792.00
2011/07/07,4.96,5.16,4.81,4.81,3486777,68112456.00
2011/07/08,4.75,4.83,4.73,4.78,1130756,21170792.00
2011/07/11,4.78,4.82,4.72,4.74,981112,18346582.00
2011/07/12,4.71,4.75,4.60,4.63,984271,18115200.00
2011/07/13,4.62,4.73,4.62,4.72,669899,12362404.00
2011/07/14,4.72,4.78,4.68,4.75,870795,16199723.00
2011/07/15,4.75,4.88,4.72,4.83,999660,18947176.00
2011/07/18,4.82,4.95,4.79,4.80,1539370,29401026.00
2011/07/19,4.79,4.79,4.68,4.70,800698,14832790.00
2011/07/20,4.71,4.75,4.64,4.70,608452,11236429.00
2011/07/21,4.67,4.71,4.61,4.62,586758,10715159.00
2011/07/22,4.64,4.68,4.63,4.65,401803,7350811.50
2011/07/25,4.64,4.64,4.39,4.39,929070,16379664.00
2011/07/26,4.39,4.42,4.34,4.41,362563,6278497.50
2011/07/27,4.39,4.47,4.37,4.47,517656,9071512.00
2011/07/28,4.44,4.45,4.40,4.43,403328,7033931.50
2011/07/29,4.49,4.61,4.46,4.52,1186563,21128306.00
2011/08/01,4.50,4.50,4.39,4.45,525018,9207364.00
2011/08/02,4.45,4.45,4.31,4.37,639949,10984554.00
2011/08/03,4.32,4.41,4.32,4.38,364623,6299806.50
2011/08/04,4.39,4.49,4.39,4.41,383733,6712859.50
2011/08/05,4.30,4.30,4.17,4.24,678560,11407011.00
2011/08/08,4.21,4.21,3.80,4.04,1160266,18705458.00
2011/08/09,3.95,4.02,3.81,3.97,577591,8985311.00
2011/08/10,4.14,4.17,4.02,4.04,581110,9399008.00
2011/08/11,3.96,4.09,3.91,4.09,492840,7899703.00
2011/08/12,4.11,4.18,4.11,4.16,745566,12220731.00
2011/08/15,4.20,4.27,4.17,4.25,674964,11294196.00
2011/08/16,4.30,4.31,4.22,4.30,720737,12137830.00
2011/08/17,4.33,4.56,4.33,4.46,2100063,37015680.00
2011/08/18,4.34,4.45,4.28,4.28,1016046,17452564.00
2011/08/19,4.25,4.25,4.09,4.16,757783,12423549.00
2011/08/22,4.16,4.24,4.13,4.20,440104,7281848.00
2011/08/23,4.20,4.28,4.18,4.28,442755,7416037.50
2011/08/24,4.73,4.73,4.48,4.55,4290977,77966592.00
2011/08/25,4.57,4.61,4.47,4.55,2648769,47454224.00
2011/08/26,4.50,4.56,4.47,4.54,1642977,29205608.00
2011/08/29,4.52,4.59,4.48,4.51,1029170,18428898.00
2011/08/30,4.53,4.55,4.36,4.37,1128958,19887296.00
2011/08/31,4.35,4.38,4.28,4.35,814949,13912392.00
2011/09/01,4.35,4.40,4.28,4.33,500517,8575652.00
2011/09/02,4.31,4.38,4.28,4.37,526091,9019136.00
2011/09/05,4.31,4.33,4.17,4.18,602636,10041443.00
2011/09/06,4.17,4.21,4.13,4.20,402464,6663301.00
2011/09/07,4.26,4.31,4.23,4.31,606635,10249655.00
2011/09/08,4.37,4.39,4.19,4.39,1061519,18042972.00
2011/09/09,4.39,4.39,4.28,4.34,855030,14674212.00
2011/09/13,4.20,4.38,4.15,4.33,855836,14299380.00
2011/09/14,4.33,4.37,4.25,4.37,773725,13243318.00
2011/09/15,4.39,4.39,4.32,4.33,517745,8900484.00
2011/09/19,4.32,4.42,4.26,4.28,740803,12733172.00
2011/09/20,4.23,4.31,4.15,4.29,631340,10497769.00
2011/09/21,4.21,4.42,4.21,4.41,1067015,18387780.00
2011/09/22,4.36,4.43,4.25,4.25,638138,10937497.00
2011/09/23,4.23,4.28,4.17,4.23,556289,9282911.00
2011/09/26,4.20,4.26,4.11,4.13,477719,7887555.00
2011/09/27,4.13,4.19,4.07,4.13,317911,5197242.00
2011/09/28,4.13,4.18,4.05,4.05,346200,5638379.00
2011/09/29,4.05,4.05,3.86,3.93,456836,7186519.00
2011/09/30,3.91,3.98,3.89,3.94,189902,2960731.00
2011/10/10,3.94,3.99,3.88,3.94,245142,3821642.50
2011/10/11,4.04,4.04,3.92,3.94,394022,6206898.00
2011/10/12,3.91,4.30,3.89,4.18,729049,11962716.00
2011/10/13,4.16,4.26,4.16,4.20,605905,10108361.00
2011/10/14,4.16,4.20,4.11,4.16,323450,5303285.50
2011/10/17,4.16,4.21,4.13,4.20,436303,7195432.00
2011/10/18,4.15,4.19,3.98,4.05,388159,6259585.00
2011/10/19,4.04,4.06,3.95,3.97,321427,5081954.00
2011/10/20,3.96,4.00,3.85,3.92,378495,5868150.50
2011/10/21,3.92,3.95,3.85,3.89,214965,3327368.00
2011/10/24,3.91,3.99,3.86,3.99,239498,3745581.50
2011/10/25,3.98,4.25,3.95,4.19,794478,12983515.00
2011/10/27,4.42,4.46,4.19,4.23,1393574,23758492.00
2011/10/28,4.26,4.33,4.22,4.31,1184038,20071024.00
2011/10/31,4.33,4.40,4.30,4.36,966969,16609168.00
2011/11/01,4.31,4.35,4.26,4.31,677836,11524535.00
2011/11/02,4.28,4.36,4.19,4.36,821721,13851118.00
2011/11/03,4.37,4.54,4.37,4.42,2356631,41643520.00
2011/11/04,4.44,4.49,4.39,4.43,653645,11406854.00
2011/11/07,4.43,4.57,4.43,4.47,968037,17114194.00
2011/11/08,4.49,4.53,4.38,4.41,793799,13872000.00
2011/11/09,4.42,4.51,4.41,4.49,1191867,20967272.00
2011/11/10,4.47,4.54,4.43,4.47,1407137,24968374.00
2011/11/11,4.45,4.51,4.37,4.37,764386,13370875.00
2011/11/14,4.44,4.52,4.37,4.50,1234131,21687854.00
2011/11/15,4.47,4.64,4.45,4.58,1997902,35904796.00
2011/11/16,4.58,4.58,4.44,4.50,1282527,22706560.00
2011/11/17,4.50,4.65,4.46,4.57,1832902,33094492.00
2011/11/18,4.52,4.56,4.40,4.42,1034447,18215422.00
2011/11/21,4.40,4.46,4.38,4.42,405650,7063541.50
2011/11/22,4.41,4.63,4.35,4.58,1979527,35365836.00
2011/11/23,4.62,4.81,4.62,4.67,2649792,49109248.00
2011/11/24,4.67,4.74,4.59,4.69,1406253,25843242.00
2011/11/25,4.65,4.76,4.63,4.71,1032651,19080898.00
2011/11/28,4.70,4.73,4.65,4.70,854238,15739298.00
2011/11/29,4.77,4.81,4.71,4.76,1629023,30527596.00
2011/11/30,4.74,4.74,4.45,4.52,1440077,26074590.00
2011/12/01,4.67,4.89,4.67,4.74,2217463,41612252.00
2011/12/02,4.73,4.73,4.59,4.69,768511,14061292.00
2011/12/05,4.69,4.70,4.46,4.47,1061759,18969994.00
2011/12/06,4.48,4.48,4.34,4.46,603813,10487248.00
2011/12/07,4.44,4.51,4.37,4.48,431961,7576044.50
2011/12/08,4.42,4.55,4.36,4.48,836020,14635181.00
2011/12/09,4.47,4.51,4.37,4.43,326901,5713809.00
2011/12/12,4.40,4.51,4.39,4.49,233419,4081771.25
2011/12/13,4.47,4.47,4.23,4.37,915498,15643928.00
2011/12/14,4.35,4.38,4.25,4.38,374991,6401593.50
2011/12/15,4.35,4.47,4.33,4.38,680869,11828639.00
2011/12/16,4.38,4.51,4.23,4.49,1396621,24012426.00
2011/12/19,4.47,4.49,4.35,4.47,836300,14565808.00
2011/12/20,4.43,4.55,4.39,4.39,570419,10043489.00
2011/12/21,4.40,4.49,4.27,4.36,605208,10442919.00
2011/12/22,4.30,4.39,4.25,4.35,825065,14050934.00
2011/12/23,4.33,4.45,4.25,4.42,515861,8920687.00
2011/12/26,4.42,4.46,4.37,4.38,217180,3788039.25
2011/12/27,4.39,4.43,4.26,4.36,477567,8176925.00
2011/12/28,4.31,4.36,4.00,4.36,522030,8674270.00
2011/12/29,4.24,4.35,4.24,4.31,213724,3625555.25
2011/12/30,4.35,4.43,4.31,4.33,167821,2873441.00
2012/01/04,4.39,4.45,4.30,4.32,246145,4256141.50
2012/01/05,4.33,4.33,3.87,3.87,1233050,19463524.00
2012/01/06,3.87,3.93,3.68,3.88,453432,6803963.00
2012/01/09,3.91,4.04,3.78,4.02,619833,9716806.00
2012/01/10,4.02,4.11,3.99,4.08,980508,15775537.00
2012/01/11,4.04,4.09,4.02,4.06,673463,10829117.00
2012/01/12,4.02,4.07,3.94,3.94,406314,6471211.00
2012/01/13,3.94,4.03,3.81,3.82,622028,9532131.00
2012/01/16,3.82,3.82,3.68,3.74,485543,7238006.00
2012/01/17,3.79,4.14,3.74,4.13,2435059,39045416.00
2012/01/18,4.14,4.15,4.00,4.01,319290,5144728.50
2012/01/19,4.06,4.17,3.98,4.06,353559,5652364.00
2012/01/20,4.17,4.17,4.05,4.09,176116,2857275.00
2012/01/30,4.09,4.13,4.05,4.06,176662,2855161.75
2012/01/31,4.11,4.11,4.04,4.08,110502,1778778.38
2012/02/01,4.04,4.08,4.02,4.03,200972,3218956.00
2012/02/02,4.09,4.12,4.02,4.12,2323574,37508656.00
2012/02/03,4.14,4.14,4.06,4.11,537451,8722387.00
2012/02/06,4.15,4.15,4.07,4.11,861869,13955596.00
2012/02/07,4.09,4.09,3.99,4.03,377849,6021128.00
2012/02/08,3.98,4.10,3.98,4.10,443021,7127003.50
2012/02/09,4.10,4.20,4.04,4.17,1132466,18547944.00
2012/02/10,4.27,4.32,4.16,4.17,847334,14151309.00
2012/02/13,4.17,4.22,4.13,4.21,802828,13314441.00
2012/02/14,4.27,4.38,4.27,4.29,1879705,32022114.00
2012/02/15,4.28,4.34,4.22,4.31,1024314,17321568.00
2012/02/16,4.32,4.35,4.24,4.31,776619,13211203.00
2012/02/17,4.31,4.33,4.25,4.26,525204,8886828.00
2012/02/20,4.30,4.37,4.25,4.27,1216813,20710370.00
2012/02/21,4.24,4.37,4.15,4.36,1553939,26238612.00
2012/02/22,4.36,4.41,4.31,4.40,1592213,27447336.00
2012/02/23,4.40,4.42,4.34,4.40,1133434,19621230.00
2012/02/24,4.41,4.42,4.37,4.42,1234500,21378268.00
2012/02/27,4.42,4.49,4.37,4.39,1422746,24975020.00
2012/02/28,4.38,4.39,4.30,4.33,1074330,18336968.00
2012/02/29,4.31,4.44,4.30,4.37,1505427,26047894.00
2012/03/01,4.34,4.49,4.32,4.39,1278115,22064312.00
2012/03/02,4.35,4.45,4.35,4.42,1492350,25925102.00
2012/03/05,4.44,4.46,4.40,4.42,1537617,26832782.00
2012/03/06,4.41,4.43,4.31,4.33,1185836,20337704.00
2012/03/07,4.31,4.42,4.29,4.37,1194219,20585902.00
2012/03/08,4.37,4.52,4.36,4.51,2201189,38766272.00
2012/03/09,4.51,4.62,4.51,4.52,1878560,33682600.00
2012/03/13,4.50,4.73,4.50,4.62,3197091,58210964.00
2012/03/14,4.62,4.65,4.35,4.44,2624663,46905792.00
2012/03/15,4.44,4.49,4.33,4.45,1562516,27256924.00
2012/03/16,4.45,4.59,4.42,4.57,2390786,42529552.00
2012/03/19,4.57,4.69,4.55,4.69,2071903,37780496.00
2012/03/20,4.67,4.68,4.51,4.54,1736357,31375034.00
2012/03/21,4.53,4.60,4.47,4.60,1163802,20773558.00
2012/03/22,4.64,4.71,4.58,4.61,1468369,26816992.00
2012/03/23,4.60,4.60,4.43,4.48,1193414,21152436.00
2012/03/26,4.45,4.54,4.45,4.50,841297,14902196.00
2012/03/27,4.50,4.64,4.50,4.51,1203812,21688422.00
2012/03/28,4.46,4.51,4.28,4.30,1594899,27359814.00
2012/03/29,4.30,4.36,4.11,4.15,904885,15121739.00
2012/03/30,4.19,4.22,4.12,4.18,417110,6867988.50
2012/04/05,4.18,4.31,4.17,4.29,518555,8719480.00
2012/04/06,4.31,4.31,4.21,4.26,491508,8270942.00
2012/04/09,4.27,4.27,4.16,4.17,541974,9061728.00
2012/04/11,4.19,4.27,4.15,4.25,678045,11347964.00
2012/04/12,4.26,4.40,4.25,4.39,799703,13696749.00
2012/04/13,4.39,4.41,4.35,4.35,577590,9969516.00
2012/04/16,4.33,4.39,4.31,4.36,522428,8933535.00
2012/04/17,4.33,4.38,4.25,4.26,737850,12491938.00
2012/04/18,4.31,4.36,4.26,4.35,687572,11706383.00
2012/04/19,4.35,4.38,4.31,4.37,760521,13044825.00
2012/04/20,4.37,4.40,4.33,4.38,892493,15343606.00
2012/04/23,4.40,4.43,4.31,4.34,971796,16774745.00
2012/04/24,4.36,4.44,4.19,4.43,1245430,21191228.00
2012/04/25,4.43,4.46,4.36,4.42,1367246,15784331.00
2012/04/26,4.43,4.50,4.39,4.40,1264754,14695537.00
2012/04/27,4.40,4.43,4.28,4.28,883699,10080525.00
2012/05/02,4.39,4.43,4.31,4.42,1354938,15463911.00
2012/05/03,4.42,4.46,4.35,4.46,1473101,17092620.00
2012/05/04,4.46,4.48,4.40,4.46,1648105,19121690.00
2012/05/07,4.46,4.63,4.41,4.60,2825477,33677252.00
2012/05/08,4.58,4.71,4.54,4.60,2182168,26315074.00
2012/05/09,4.52,4.58,4.46,4.49,1712010,20137920.00
2012/05/10,4.49,4.80,4.49,4.67,3025755,36826652.00
2012/05/11,4.65,4.71,4.57,4.57,1603413,19402838.00
2012/05/14,4.61,4.66,4.56,4.56,1398434,16750839.00
2012/05/15,4.52,4.61,4.46,4.59,1234485,14590174.00
2012/05/16,4.59,4.61,4.52,4.55,1153399,13746555.00
2012/05/17,4.51,4.58,4.48,4.54,909856,10800288.00
2012/05/18,4.54,4.56,4.37,4.39,1358637,15762446.00
2012/05/21,4.40,4.44,4.31,4.32,1267978,14439281.00
2012/05/22,4.32,4.40,4.32,4.37,962263,10985103.00
2012/05/23,4.38,4.40,4.28,4.32,713081,8096241.50
2012/05/24,4.31,4.36,4.29,4.31,623055,7045718.00
2012/05/25,4.31,4.34,4.25,4.29,796731,8950958.00
2012/05/28,4.29,4.36,4.15,4.36,1448240,16124100.00
2012/05/29,4.60,4.82,4.54,4.82,10092388,123771848.00
2012/05/30,4.88,5.32,4.82,5.04,16110416,212539776.00
2012/05/31,4.98,5.32,4.95,5.14,12168132,163055840.00
2012/06/01,5.24,5.26,4.97,5.11,7900624,104360224.00
2012/06/04,4.96,5.02,4.89,4.95,4787272,61728376.00
2012/06/05,4.96,5.02,4.81,4.88,4107433,52446608.00
2012/06/06,4.92,4.99,4.82,4.97,4665043,59483408.00
2012/06/07,5.02,5.09,4.93,5.00,5184542,67508464.00
2012/06/08,5.04,5.05,4.82,4.85,3819495,48963388.00
2012/06/11,4.84,5.08,4.76,5.07,6168816,79483984.00
2012/06/12,5.00,5.10,4.89,4.93,4290191,55785032.00
2012/06/13,4.93,5.03,4.87,5.02,4017765,51831184.00
2012/06/14,5.02,5.14,4.92,4.92,5553483,72718280.00
2012/06/15,4.94,4.96,4.75,4.84,4424791,55854828.00
2012/06/18,4.95,5.04,4.86,4.88,4019053,51505700.00
2012/06/19,4.86,5.07,4.80,5.06,6319923,81777656.00
2012/06/20,5.09,5.10,4.93,4.95,3630270,47123224.00
2012/06/21,4.95,4.95,4.77,4.79,2636673,33166280.00
2012/06/25,4.78,4.78,4.60,4.63,2527228,30733206.00
2012/06/26,4.62,4.72,4.55,4.67,2068532,25051706.00
2012/06/28,4.68,4.74,4.52,4.58,1732290,20784190.00
2012/06/29,4.56,4.66,4.44,4.62,2391736,28517426.00
2012/07/02,4.62,4.70,4.61,4.64,2511889,30490990.00
2012/07/03,4.63,4.82,4.60,4.76,3319338,40994376.00
2012/07/04,4.76,5.01,4.67,4.94,5782449,73207040.00
2012/07/05,4.82,4.86,4.62,4.63,3621566,44547288.00
2012/07/06,4.70,4.75,4.50,4.73,2818322,34142348.00
2012/07/09,4.67,4.71,4.42,4.56,3659736,43594272.00
2012/07/10,4.46,4.59,4.44,4.52,1605782,18917206.00
2012/07/11,4.48,4.56,4.43,4.56,1485927,17527380.00
2012/07/12,4.55,4.66,4.50,4.60,2573964,30862624.00
2012/07/13,4.60,4.60,4.45,4.47,1959961,23089770.00
2012/07/16,4.47,4.48,4.16,4.24,3604033,40267056.00
2012/07/17,4.20,4.30,4.16,4.25,1409347,15583749.00
2012/07/18,4.24,4.40,4.21,4.34,1633666,18404428.00
2012/07/19,4.29,4.50,4.28,4.36,2259786,25816978.00
2012/07/20,4.34,4.47,4.32,4.36,1614661,18496572.00
2012/07/23,4.35,4.42,4.30,4.34,1015557,11613511.00
2012/07/24,4.36,4.46,4.33,4.41,2366432,27126886.00
2012/07/25,4.40,4.45,4.35,4.38,1385707,15948668.00
2012/07/26,4.40,4.44,4.26,4.32,1259296,14351855.00
2012/07/27,4.30,4.34,4.22,4.25,1038244,11629261.00
2012/07/30,4.27,4.45,4.19,4.34,1896818,21475988.00
2012/07/31,4.29,4.34,4.22,4.33,1197574,13381890.00
2012/08/01,4.29,4.44,4.28,4.41,1872939,21493616.00
2012/08/02,4.39,4.44,4.27,4.39,1398851,15963681.00
2012/08/03,4.36,4.47,4.34,4.45,2096939,24242672.00
2012/08/06,4.45,4.80,4.41,4.68,5147459,61441860.00
2012/08/07,4.71,4.82,4.63,4.70,4832207,59464024.00
2012/08/08,4.65,4.79,4.63,4.69,2232651,27313670.00
2012/08/09,4.69,4.80,4.57,4.76,3635922,44686804.00
2012/08/10,4.73,4.84,4.66,4.74,3177113,39465884.00
2012/08/13,4.72,5.00,4.66,4.91,6016740,75572888.00
2012/08/14,4.91,5.04,4.75,4.96,7666060,98133968.00
2012/08/15,4.89,4.92,4.73,4.74,3329724,41875704.00
2012/08/16,4.70,4.83,4.67,4.79,2080373,25814534.00
2012/08/17,4.77,4.80,4.68,4.78,1498538,18480306.00
2012/08/20,4.75,4.79,4.64,4.76,1222165,15041901.00
2012/08/21,4.76,4.89,4.73,4.84,2633255,33137954.00
2012/08/22,4.88,4.97,4.82,4.85,2924451,37225220.00
2012/08/23,4.84,4.94,4.80,4.89,2272680,28829210.00
2012/08/24,4.85,4.99,4.75,4.84,3278708,41443828.00
2012/08/27,4.77,4.98,4.66,4.98,4172832,52381200.00
2012/08/28,4.94,5.12,4.88,4.93,7501278,97439208.00
2012/08/29,4.92,4.94,4.77,4.91,2725795,34498852.00
2012/08/30,4.98,5.07,4.72,4.88,4313247,55145584.00
2012/08/31,4.80,4.86,4.69,4.73,2559136,31742400.00
2012/09/03,4.77,4.88,4.72,4.81,2171069,27142682.00
2012/09/04,4.80,4.86,4.69,4.70,2043534,25419988.00
2012/09/05,4.67,4.70,4.50,4.54,2543659,30373252.00
2012/09/06,4.54,4.63,4.52,4.58,1760429,21047464.00
2012/09/07,4.62,4.94,4.61,4.85,4421107,55279788.00
2012/09/10,4.84,5.04,4.79,4.98,4119588,52956592.00
2012/09/11,4.94,5.02,4.88,4.99,2556935,32917022.00
2012/09/12,4.99,5.10,4.93,5.04,5122504,66903244.00
2012/09/13,5.05,5.28,4.98,5.10,10553704,142065632.00
2012/09/14,5.12,5.16,4.93,4.99,4853850,63765124.00
2012/09/17,4.99,5.19,4.97,5.01,4765731,62871624.00
2012/09/18,4.91,5.26,4.91,5.24,7887419,105302032.00
2012/09/19,5.23,5.23,5.09,5.16,4529473,60633692.00
2012/09/20,5.16,5.18,4.68,4.82,4100613,52827708.00
2012/09/21,4.81,4.88,4.72,4.72,1993824,24870852.00
2012/09/24,4.70,4.76,4.53,4.72,2314177,28036684.00
2012/09/25,4.68,4.81,4.60,4.78,2443999,30024032.00
2012/09/26,4.78,4.86,4.64,4.70,2178310,26915316.00
2012/09/27,4.68,4.85,4.66,4.82,2224947,27690668.00
2012/09/28,4.78,4.88,4.76,4.88,2053343,25894142.00
2012/10/08,4.89,4.95,4.82,4.89,1809841,22981884.00
2012/10/09,4.88,5.03,4.86,5.00,2325514,30066130.00
2012/10/10,4.98,5.11,4.98,5.08,3022185,39634524.00
2012/10/11,5.05,5.07,4.88,4.98,2589896,33453736.00
2012/10/12,4.97,5.05,4.87,4.94,1690094,21767504.00
2012/10/15,4.93,5.16,4.91,5.13,4568809,60316908.00
2012/10/16,5.16,5.21,5.06,5.10,3653832,48697492.00
2012/10/17,5.13,5.27,5.05,5.06,4461687,59840712.00
2012/10/18,5.05,5.16,5.02,5.10,3016103,39891808.00
2012/10/19,5.10,5.11,4.98,4.98,2667475,34879792.00
2012/10/22,4.96,4.99,4.87,4.98,1881701,24157834.00
2012/10/23,4.97,5.48,4.97,5.28,10720099,147413920.00
2012/10/24,5.22,5.35,5.17,5.33,7636027,104685376.00
2012/10/25,5.42,5.42,4.97,4.97,10339048,141068640.00
2012/10/26,4.87,4.92,4.80,4.80,4924384,62225864.00
2012/10/29,4.76,4.88,4.68,4.88,2504182,31092916.00
2012/10/30,4.87,4.88,4.80,4.84,2426259,30505942.00
2012/10/31,4.84,4.86,4.74,4.83,1695081,21174576.00
2012/11/01,4.84,4.92,4.81,4.86,3122745,39572616.00
2012/11/02,4.92,4.96,4.88,4.96,2795359,35868416.00
2012/11/05,4.92,5.03,4.92,4.96,2734832,35446448.00
2012/11/06,4.97,4.99,4.74,4.75,4045138,50813548.00
2012/11/07,4.75,4.82,4.70,4.80,2047485,25456452.00
2012/11/08,4.76,4.82,4.69,4.69,2274612,28220078.00
2012/11/09,4.80,4.85,4.72,4.74,2469697,30787502.00
2012/11/12,4.79,4.79,4.60,4.66,2282333,27760424.00
2012/11/13,4.67,4.69,4.51,4.52,1885762,22594614.00
2012/11/14,4.52,4.56,4.39,4.45,1628303,18978024.00
2012/11/15,4.40,4.44,4.31,4.32,1904049,21770830.00
2012/11/16,4.32,4.33,4.18,4.25,1982893,21942944.00
2012/11/19,4.26,4.34,4.21,4.32,1271639,14206483.00
2012/11/20,4.36,4.41,4.32,4.32,1348244,15353798.00
2012/11/21,4.35,4.36,4.15,4.36,2179090,24219180.00
2012/11/22,4.31,4.32,4.25,4.28,932383,10457182.00
2012/11/23,4.26,4.32,4.26,4.28,831645,9343853.00
2012/11/26,4.28,4.30,4.23,4.24,830801,9280089.00
2012/11/27,4.24,4.24,4.00,4.01,1934487,20767624.00
2012/11/28,4.01,4.02,3.84,3.87,1384644,14176791.00
2012/11/29,3.88,3.92,3.80,3.86,932408,9473824.00
2012/11/30,3.86,3.94,3.81,3.94,1257972,12896044.00
2012/12/03,3.94,3.96,3.80,3.94,1834706,18728546.00
2012/12/04,3.90,4.24,3.84,4.10,1276257,13391651.00
2012/12/05,4.10,4.24,4.01,4.18,3552707,38900820.00
2012/12/06,4.13,4.20,4.06,4.10,1745792,18851748.00
2012/12/07,4.08,4.16,4.03,4.12,2694450,28983822.00
2012/12/10,4.12,4.27,4.08,4.23,3073572,33825584.00
2012/12/11,4.20,4.23,4.16,4.17,2008680,22046882.00
2012/12/12,4.19,4.19,4.12,4.16,1602933,17425664.00
2012/12/13,4.15,4.37,4.12,4.21,2916193,32359456.00
2012/12/14,4.18,4.37,4.18,4.35,3364459,37955928.00
2012/12/17,4.37,4.48,4.32,4.41,2961625,33919812.00
2012/12/18,4.38,4.42,4.30,4.32,2418709,27584932.00
2012/12/19,4.30,4.36,4.27,4.34,1619276,18394946.00
2012/12/20,4.31,4.37,4.30,4.34,1530439,17359816.00
2012/12/21,4.33,4.42,4.32,4.36,1978916,22556360.00
2012/12/24,4.40,4.51,4.40,4.48,3482066,40509968.00
2012/12/25,4.44,4.56,4.42,4.53,3675545,43211936.00
2012/12/26,4.50,4.58,4.49,4.55,2323498,27416140.00
2012/12/27,4.58,4.66,4.49,4.49,2816225,33659680.00
2012/12/28,4.48,4.60,4.47,4.54,1793037,21196938.00
2012/12/31,4.58,4.67,4.56,4.56,2780166,33379294.00
2013/01/04,4.66,4.68,4.56,4.58,2573560,30957884.00
2013/01/07,4.57,4.68,4.53,4.68,3614987,43239228.00
2013/01/08,4.72,4.85,4.66,4.73,4983430,61832884.00
2013/01/09,4.67,4.74,4.60,4.65,3106068,37900108.00
2013/01/10,4.72,4.87,4.67,4.71,4009375,49874500.00
2013/01/11,4.68,4.71,4.48,4.48,4232130,50649788.00
2013/01/14,4.44,4.63,4.44,4.61,2726835,32556680.00
2013/01/15,4.63,4.79,4.63,4.69,4151825,50837864.00
2013/01/16,4.72,4.91,4.66,4.87,6555588,81735864.00
2013/01/17,4.82,4.91,4.74,4.86,4382489,55054540.00
2013/01/18,4.86,4.95,4.82,4.90,3744173,47632620.00
2013/01/21,4.98,5.08,4.89,5.02,4909710,63514648.00
2013/01/22,5.03,5.03,4.86,4.90,3478413,44594540.00
2013/01/23,4.89,5.00,4.79,5.00,3469502,44393216.00
2013/01/24,4.93,5.08,4.85,4.96,5244110,67725448.00
2013/01/25,4.90,4.95,4.80,4.91,2307553,29285302.00
2013/01/28,4.92,5.02,4.89,5.01,2905269,37537160.00
2013/01/29,5.02,5.07,4.94,5.02,3105946,40261284.00
2013/01/30,5.00,5.30,4.98,5.18,10859405,146101136.00
2013/01/31,5.20,5.29,5.08,5.20,11739302,159727648.00
2013/02/01,5.20,5.38,5.14,5.33,13950287,190016048.00
2013/02/04,5.36,5.44,5.23,5.37,14918997,207024416.00
2013/02/05,5.32,5.76,5.20,5.52,18008256,251029424.00
2013/02/06,5.46,5.72,5.23,5.32,19714527,275877952.00
2013/02/07,5.32,5.36,5.12,5.30,11810667,161552448.00
2013/02/08,5.33,5.35,5.16,5.20,9988493,134776880.00
2013/02/18,5.18,5.22,5.14,5.20,4664253,62801196.00
2013/02/19,5.26,5.30,5.16,5.21,4214408,57214848.00
2013/02/20,5.19,5.26,5.15,5.24,4855198,65904196.00
2013/02/21,5.22,5.34,5.18,5.25,6033316,82506264.00
2013/02/22,5.22,5.37,5.21,5.30,5505969,75775120.00
2013/02/25,5.32,5.40,5.23,5.28,3475465,47673936.00
2013/02/26,5.22,5.24,5.00,5.00,6087610,80629256.00
2013/02/27,5.00,5.13,4.87,4.94,3213476,41594160.00
2013/02/28,4.94,5.06,4.94,5.05,2442627,31795180.00
2013/03/01,5.05,5.07,4.98,5.07,2726588,35588528.00
2013/03/04,5.04,5.04,4.79,4.83,3079023,39242564.00
2013/03/05,4.86,5.00,4.84,4.98,2911980,37450368.00
2013/03/06,4.99,5.10,4.99,5.08,2531216,33255356.00
2013/03/07,5.06,5.16,5.01,5.06,2724414,35998188.00
2013/03/08,5.02,5.09,4.99,5.00,1516587,19860402.00
2013/03/11,5.00,5.04,4.89,5.02,1442543,18700036.00
2013/03/12,4.94,5.00,4.73,4.79,3079843,38871024.00
2013/03/13,4.78,4.84,4.67,4.80,1878509,23379426.00
2013/03/14,4.80,4.84,4.78,4.78,1565525,19572990.00
2013/03/15,4.84,5.03,4.83,4.98,4483938,57793188.00
2013/03/18,4.98,5.08,4.93,4.94,3144864,40984660.00
2013/03/19,4.94,5.02,4.83,5.02,2045757,26145248.00
2013/03/20,5.00,5.14,5.00,5.12,4136232,54754304.00
2013/03/21,5.31,5.55,5.21,5.28,10362081,143815728.00
2013/03/22,5.20,5.34,5.18,5.29,4792753,65657816.00
2013/03/25,5.28,5.47,5.27,5.38,7383817,103336192.00
2013/03/26,5.38,5.39,5.24,5.30,3582404,49325748.00
2013/03/27,5.34,5.44,5.30,5.32,4674126,65298404.00
2013/03/28,5.28,5.36,5.04,5.14,5138017,69936880.00
2013/03/29,5.14,5.30,5.08,5.28,3159744,42699444.00
2013/04/01,5.28,5.42,5.27,5.29,3433403,47457304.00
2013/04/02,5.30,5.39,5.24,5.25,2977256,40991224.00
2013/04/03,5.22,5.27,5.04,5.06,2555805,33949056.00
2013/04/08,4.92,5.05,4.92,5.02,1494951,19399928.00
2013/04/09,5.01,5.18,5.01,5.16,2217793,29604610.00
2013/04/10,5.12,5.19,5.08,5.15,1441638,19217292.00
2013/04/11,5.17,5.19,5.08,5.11,1963791,26130482.00
2013/04/12,5.08,5.17,5.02,5.05,1071414,14232738.00
2013/04/15,5.02,5.14,5.00,5.04,1415495,18654152.00
2013/04/16,5.00,5.18,4.96,5.15,2241571,29488154.00
2013/04/17,5.15,5.30,5.10,5.30,3163386,42918820.00
2013/04/18,5.29,5.42,5.24,5.38,5123128,71465688.00
2013/04/19,5.41,5.46,5.32,5.43,4563510,63613304.00
2013/04/22,5.39,5.49,5.38,5.44,2855982,39904896.00
2013/04/23,5.44,5.48,5.32,5.41,3653315,50729860.00
2013/04/24,5.37,5.75,5.34,5.71,8554451,123187064.00
2013/04/25,5.69,5.99,5.68,5.76,10441108,156808944.00
2013/04/26,5.74,5.90,5.66,5.76,4214384,62587416.00
2013/05/02,5.76,5.93,5.68,5.92,4084476,61302744.00
2013/05/03,5.93,6.02,5.86,5.89,4396510,67026752.00
2013/05/06,5.96,6.26,5.96,6.10,7364216,116169184.00
2013/05/07,6.06,6.24,6.04,6.11,4033496,63559720.00
2013/05/08,6.13,6.27,6.08,6.23,4010840,63757152.00
2013/05/09,6.26,6.50,6.19,6.38,5951826,97069496.00
2013/05/10,6.32,6.78,6.32,6.67,8358781,142035824.00
2013/05/13,6.75,6.83,6.56,6.76,4832639,83102688.00
2013/05/14,6.70,6.83,6.52,6.64,5793522,98884224.00
2013/05/15,6.64,6.70,6.50,6.64,3351533,56773364.00
2013/05/16,6.56,6.84,6.44,6.60,5036453,85878168.00
2013/05/17,6.60,6.69,6.54,6.62,3414514,57748740.00
2013/05/20,6.68,6.82,6.62,6.67,4654745,79932720.00
2013/05/21,6.64,7.15,6.58,7.12,7177563,127095136.00
2013/05/22,7.07,7.20,6.84,7.07,4675328,83876120.00
2013/05/23,6.90,7.14,6.90,7.08,2818022,50744844.00
2013/05/24,7.16,7.71,7.16,7.68,6102702,117184920.00
2013/05/27,7.68,7.96,7.52,7.79,6902198,136813584.00
2013/05/28,7.80,8.01,7.60,7.76,6104403,121085056.00
2013/05/29,7.72,7.87,7.65,7.85,4288265,85323664.00
2013/05/30,7.80,7.85,7.60,7.66,3613722,70944640.00
2013/05/31,7.68,7.76,7.57,7.62,3928450,76809640.00
2013/06/03,7.59,7.95,7.58,7.64,4244020,84269176.00
2013/06/04,7.66,7.79,6.96,7.50,8098134,151906496.00
2013/06/05,7.51,8.27,7.41,8.23,8276727,166647008.00
2013/06/06,8.16,8.48,8.07,8.16,5657347,119102512.00
2013/06/07,8.11,8.31,7.98,8.14,3933268,81355432.00
2013/06/13,8.00,8.43,7.60,7.88,6038299,124020672.00
2013/06/14,7.88,8.19,7.58,8.11,4513075,90718520.00
2013/06/17,8.10,8.26,7.88,8.10,3433503,70589264.00
2013/06/18,8.09,8.09,7.80,7.91,3539332,71483992.00
2013/06/19,7.72,7.92,7.52,7.86,3427970,67411432.00
2013/06/20,7.76,8.11,7.73,7.86,4334886,87671352.00
2013/06/21,7.68,7.74,7.23,7.38,3778285,72439376.00
2013/06/24,7.34,7.34,6.84,7.06,4513158,81192640.00
2013/06/25,6.88,7.16,6.40,7.02,3770158,66031468.00
2013/06/26,7.10,7.40,7.02,7.36,3491837,64383672.00
2013/06/27,7.34,7.52,6.98,7.00,3724782,69514000.00
2013/06/28,6.80,7.20,6.64,6.69,3491436,61463512.00
2013/07/01,6.72,7.19,6.68,7.12,3690983,65393692.00
2013/07/02,7.15,7.70,7.05,7.61,4572924,87208664.00
2013/07/03,7.59,7.79,7.33,7.68,3438035,66304240.00
2013/07/04,7.67,7.79,7.50,7.62,2384905,46569784.00
2013/07/05,7.58,7.71,7.22,7.28,2750739,52421244.00
2013/07/08,7.17,7.27,6.91,7.11,2664301,48276540.00
2013/07/09,7.16,7.44,7.11,7.32,1487035,27618954.00
2013/07/10,7.32,7.44,7.16,7.37,2278525,42593932.00
2013/07/11,7.46,7.60,7.30,7.47,3769062,71809984.00
2013/07/12,7.48,7.70,7.38,7.51,3537818,68331736.00
2013/07/15,7.59,7.76,7.52,7.66,3139617,61339768.00
2013/07/16,7.66,7.72,7.41,7.61,3781072,72670056.00
2013/07/17,7.54,7.60,7.26,7.26,3415264,64625748.00
2013/07/18,7.23,7.46,7.12,7.34,2284469,43051996.00
2013/07/19,7.27,7.51,7.23,7.36,2383905,44904260.00
2013/07/22,7.36,7.50,7.18,7.50,2140919,40279920.00
2013/07/23,7.46,7.95,7.46,7.87,6766186,134690448.00
2013/07/24,7.81,7.88,7.64,7.80,4516561,89436936.00
2013/07/25,7.80,7.98,7.48,7.55,4913685,96950512.00
2013/07/26,7.54,7.74,7.26,7.72,4467286,84932104.00
2013/07/29,7.72,7.72,7.48,7.55,2317569,44962424.00
2013/07/30,7.58,7.70,7.28,7.44,1867524,35439464.00
2013/07/31,7.54,7.74,7.44,7.50,2714058,52844020.00
2013/08/01,7.63,7.78,7.60,7.76,3487484,68465880.00
2013/08/02,7.88,8.07,7.72,7.99,6411718,129278040.00
2013/08/05,8.00,8.55,8.00,8.40,7838128,165957712.00
2013/08/06,8.40,8.50,8.22,8.26,5595024,118737608.00
2013/08/07,8.28,8.39,8.10,8.11,4393132,91770848.00
2013/08/08,8.09,8.17,7.96,8.17,3498652,71850424.00
2013/08/09,8.18,8.63,8.18,8.44,6689521,143425232.00
2013/08/12,8.51,8.72,8.42,8.62,5017287,110095320.00
2013/08/13,8.68,8.70,8.44,8.59,3424553,74689888.00
2013/08/14,8.59,8.66,8.44,8.45,2112852,45797884.00
2013/08/15,8.44,8.53,8.11,8.13,3178554,67206888.00
2013/08/16,8.04,8.35,7.82,7.82,3985305,81759248.00
2013/08/19,7.74,8.05,7.70,8.05,2364510,48018444.00
2013/08/20,7.99,8.08,7.82,7.91,2454122,49774552.00
2013/08/21,7.86,8.04,7.85,8.04,1795014,36509428.00
2013/08/22,8.21,8.28,8.01,8.03,2204044,45526012.00
2013/08/23,8.02,8.06,7.73,7.83,3717886,74425056.00
2013/08/26,7.88,8.63,7.87,8.63,8166863,174539296.00
2013/08/27,8.70,9.09,8.70,8.93,9361311,212540512.00
2013/08/28,8.93,9.15,8.73,8.93,6062795,138195584.00
2013/08/29,8.96,9.07,8.72,8.93,3426358,77546288.00
2013/08/30,8.94,8.99,8.44,8.52,4879630,107937160.00
2013/09/02,8.50,8.85,8.32,8.79,5018551,110356280.00
2013/09/03,8.73,9.00,8.60,9.00,3904453,87375024.00
2013/09/04,8.98,9.23,8.88,9.14,5353923,123795568.00
2013/09/05,9.16,9.18,8.89,9.00,2890038,66242524.00
2013/09/06,8.91,9.14,8.89,9.04,2536848,58130408.00
2013/09/09,9.08,9.36,8.94,9.20,3860360,89541704.00
2013/09/10,9.17,9.18,8.72,8.96,4281237,96693912.00
2013/09/11,8.84,8.91,8.56,8.91,4025013,89258376.00
2013/09/12,8.91,8.91,8.63,8.69,1286307,28638876.00
2013/09/13,8.74,8.80,8.59,8.59,2182112,48309572.00
2013/09/16,8.63,8.63,8.24,8.34,3464504,73696440.00
2013/09/17,8.36,8.43,8.24,8.26,2111300,44772196.00
2013/09/18,8.26,8.39,8.16,8.36,1809945,38238272.00
2013/09/23,8.40,8.52,8.34,8.46,2337243,50407516.00
2013/09/24,8.45,8.51,8.22,8.42,3715295,79014984.00
2013/09/25,8.37,8.40,8.03,8.08,9336535,193592320.00
2013/09/26,8.02,8.23,7.85,8.12,7223954,148423680.00
2013/09/27,8.10,8.10,7.76,7.80,5869448,118281576.00
2013/09/30,7.79,8.03,7.69,7.88,5651859,113576912.00
2013/10/08,7.86,8.01,7.84,7.89,3829900,76897096.00
2013/10/09,7.89,8.04,7.78,8.04,3974574,80116360.00
2013/10/10,8.04,8.14,7.80,7.92,4006005,81594712.00
2013/10/11,7.93,8.03,7.92,7.96,2886429,58728844.00
2013/10/14,7.96,8.11,7.84,8.08,3615228,73862272.00
2013/10/15,8.09,8.16,7.90,7.96,2954884,60627060.00
2013/10/16,7.98,8.00,7.60,7.62,3864731,76318416.00
2013/10/17,7.71,7.76,7.55,7.55,1843499,35993144.00
2013/10/18,7.55,7.62,7.52,7.55,1671424,32239950.00
2013/10/21,7.55,7.84,7.32,7.84,5394634,104118208.00
2013/10/22,7.80,7.98,7.74,7.92,6001588,120891800.00
2013/10/23,7.92,8.00,7.82,7.89,3073092,61924696.00
2013/10/24,7.89,8.05,7.89,7.92,2688945,54730892.00
2013/10/25,7.92,8.00,7.68,7.70,2187048,43547424.00
2013/10/28,7.67,7.81,7.41,7.48,1522125,29227306.00
2013/10/29,7.51,7.61,6.72,6.82,3735726,66295432.00
2013/10/30,6.83,7.16,6.75,7.12,1951117,34938164.00
2013/10/31,7.13,7.48,7.00,7.22,2052951,37963672.00
2013/11/01,7.33,7.42,6.99,7.00,2534946,46380660.00
2013/11/04,7.00,7.07,6.77,6.88,2850054,50316656.00
2013/11/05,6.83,6.98,6.77,6.96,1803017,31889938.00
2013/11/06,6.90,7.16,6.90,7.01,3185828,57471480.00
2013/11/07,7.01,7.01,6.72,6.74,2235839,39137172.00
2013/11/08,6.73,6.75,6.44,6.54,2970157,49883812.00
2013/11/11,6.54,6.60,6.36,6.45,4455241,73514896.00
2013/11/12,6.44,6.56,6.42,6.50,1771391,29435664.00
2013/11/13,6.49,6.50,6.32,6.34,1455997,23917016.00
2013/11/14,6.35,6.54,6.26,6.51,2114130,34837692.00
2013/11/15,6.61,6.86,6.61,6.76,3677119,63563248.00
2013/11/18,6.83,6.88,6.73,6.84,3541573,61759572.00
2013/11/19,6.84,7.12,6.80,6.99,6590103,116664752.00
2013/11/20,6.98,7.02,6.86,6.99,3175246,56162212.00
2013/11/21,6.94,6.94,6.71,6.80,3116182,54320872.00
2013/11/22,6.80,6.84,6.72,6.74,1910227,33142254.00
2013/11/25,7.02,7.11,6.84,6.88,4926196,87341136.00
2013/11/26,6.88,6.88,6.62,6.70,3293657,56684364.00
2013/11/27,6.70,6.91,6.70,6.88,3406200,59504180.00
2013/11/28,6.86,7.18,6.86,7.09,5713798,103567832.00
2013/11/29,7.18,7.25,7.08,7.13,3712626,67785400.00
2013/12/02,6.96,7.01,6.50,6.66,6095416,105637872.00
2013/12/03,6.58,6.88,6.57,6.86,3497916,60854548.00
2013/12/04,6.84,7.19,6.76,7.10,6925447,125143800.00
2013/12/05,7.11,7.30,7.08,7.13,4230793,77634136.00
2013/12/06,7.24,7.34,7.08,7.23,5217546,96210512.00
2013/12/09,7.31,7.34,7.12,7.24,3125373,57694044.00
2013/12/10,7.27,7.27,7.07,7.14,2539756,46404328.00
2013/12/11,7.12,7.13,7.05,7.09,1776687,32160528.00
2013/12/12,7.06,7.22,7.06,7.11,2087904,38102092.00
2013/12/13,7.04,7.25,7.02,7.22,2779489,51115672.00
2013/12/16,7.17,7.26,7.01,7.01,2362310,43092672.00
2013/12/17,7.03,7.12,6.84,6.90,1695994,30029022.00
2013/12/18,6.90,7.01,6.90,6.93,1049873,18674274.00
2013/12/19,7.00,7.03,6.82,6.87,963098,17059232.00
2013/12/20,6.85,6.94,6.84,6.86,1256999,22076762.00
2013/12/23,6.90,6.90,6.76,6.84,1220949,21398458.00
2013/12/24,6.86,6.97,6.72,6.96,1956064,34380440.00
2013/12/25,6.96,7.16,6.90,7.13,2236535,40509204.00
2013/12/26,7.16,7.16,6.99,7.00,1590184,28760066.00
2013/12/27,7.02,7.17,7.02,7.14,2415413,43830344.00
2013/12/30,7.20,7.20,7.08,7.09,2563260,46800516.00
2013/12/31,7.11,7.14,6.95,7.00,2649254,47514468.00
2014/01/02,6.99,7.12,6.98,7.12,1574352,28476342.00
2014/01/03,7.12,7.22,7.10,7.18,2823662,51646516.00
2014/01/06,7.16,7.16,6.86,6.93,2277950,40743716.00
2014/01/07,6.93,6.95,6.72,6.82,1831590,31971002.00
2014/01/08,6.86,6.92,6.80,6.80,1575520,27613648.00
2014/01/09,6.80,6.89,6.65,6.68,1661801,28969882.00
2014/01/10,6.64,6.78,6.54,6.56,1951715,33155446.00
2014/01/13,6.58,6.68,6.48,6.66,1519284,25641826.00
2014/01/14,6.64,6.76,6.62,6.75,900491,15437877.00
2014/01/15,6.76,6.80,6.71,6.78,915719,15816337.00
2014/01/16,6.78,6.95,6.75,6.92,2629238,46274376.00
2014/01/17,6.88,6.92,6.79,6.83,910549,15934653.00
2014/01/20,6.82,6.82,6.70,6.80,1229268,21248998.00
2014/01/21,6.78,7.43,6.78,7.00,1969926,35383316.00
2014/01/22,7.00,7.16,6.98,7.12,2397278,43614172.00
2014/01/23,7.12,7.13,7.02,7.08,2442141,44204060.00
2014/01/24,7.06,7.17,7.06,7.16,3045080,55444328.00
2014/01/27,7.12,7.18,7.07,7.08,2069176,37641776.00
2014/01/28,7.08,7.17,7.05,7.06,1448514,26266084.00
2014/01/29,7.06,7.06,6.73,6.78,4463022,78544384.00
2014/01/30,6.80,6.84,6.68,6.69,1718530,29679556.00
2014/02/07,6.70,6.86,6.68,6.84,2377710,41154620.00
2014/02/10,6.80,7.18,6.80,7.18,5525978,99452752.00
2014/02/11,7.17,7.32,7.03,7.12,5659116,103697952.00
2014/02/12,7.11,7.69,7.08,7.56,12244687,234008576.00
2014/02/13,7.52,7.74,7.41,7.48,7183489,138962800.00
2014/02/14,7.48,7.68,7.48,7.64,4649673,90154040.00
2014/02/17,7.77,8.12,7.76,8.01,11944863,240901744.00
2014/02/18,7.97,8.02,7.86,7.96,6577757,132976200.00
2014/02/19,7.97,7.97,7.68,7.76,7525381,149246080.00
2014/02/20,7.68,7.93,7.68,7.74,5469409,108997904.00
2014/02/21,7.75,7.77,7.51,7.55,5861544,113537760.00
2014/02/24,7.56,7.86,7.44,7.81,5029795,98330232.00
2014/02/25,7.79,7.92,7.29,7.40,5939015,115624024.00
2014/02/26,7.32,7.50,7.27,7.42,4568491,86002280.00
2014/02/27,7.50,7.59,7.22,7.24,4214266,79647744.00
2014/02/28,7.23,7.38,7.12,7.34,2632265,48701492.00
2014/03/03,7.36,7.41,7.28,7.37,3120806,58515476.00
2014/03/04,7.38,7.55,7.32,7.45,3738051,71096600.00
2014/03/05,7.58,7.73,7.46,7.52,5582193,108190568.00
2014/03/06,7.50,7.61,7.45,7.48,5048705,97164528.00
2014/03/07,7.46,7.55,7.21,7.24,9423420,177281456.00
2014/03/10,7.12,7.14,6.86,6.97,4423897,79135496.00
2014/03/11,6.98,7.02,6.78,6.86,2338945,41238604.00
2014/03/12,6.90,6.95,6.60,6.74,2613248,45201128.00
2014/03/13,6.76,7.10,6.73,7.02,3412816,60061244.00
2014/03/14,6.93,7.07,6.82,6.96,2574454,45742388.00
2014/03/17,7.00,7.08,6.93,6.99,3768711,67389960.00
2014/03/18,7.03,7.18,6.96,7.08,3917371,70896632.00
2014/03/19,7.06,7.16,7.00,7.13,3080052,55801708.00
2014/03/20,7.14,7.14,6.80,6.80,3509776,62575020.00
2014/03/21,6.76,7.01,6.71,6.97,2578479,45442956.00
2014/03/24,7.12,7.36,7.11,7.16,6090461,112267088.00
2014/03/25,7.10,7.16,7.00,7.02,3325448,59961504.00
2014/03/26,7.07,7.09,6.89,6.91,2932977,52212012.00
2014/03/27,6.91,6.91,6.70,6.71,3254359,56438512.00
2014/03/28,6.72,6.81,6.46,6.48,4001902,67365112.00
2014/03/31,6.50,6.60,6.46,6.54,2306000,38567096.00
2014/04/01,6.54,6.64,6.54,6.60,2004413,33891400.00
2014/04/02,6.60,6.67,6.57,6.62,1471806,24908686.00
2014/04/03,6.64,6.70,6.57,6.60,1318416,22434610.00
2014/04/04,6.59,6.69,6.56,6.66,1260504,21470772.00
2014/04/08,6.72,6.83,6.72,6.80,2528625,43953156.00
2014/04/09,6.80,6.93,6.79,6.81,2573196,45131988.00
2014/04/10,6.81,6.91,6.78,6.86,1933416,33861544.00
2014/04/11,6.86,7.01,6.84,6.88,2185978,38675456.00
2014/04/14,6.91,6.99,6.88,6.92,2114644,37479556.00
2014/04/15,6.86,6.90,6.65,6.68,3593319,62142684.00
2014/04/16,6.68,6.72,6.60,6.66,2100092,35711304.00
2014/04/17,6.72,6.76,6.65,6.75,1847853,31713216.00
2014/04/18,6.74,6.75,6.68,6.72,1180235,20279704.00
2014/04/21,6.84,7.15,6.80,7.00,10145578,180976736.00
2014/04/22,6.93,7.01,6.80,6.95,4207489,74294128.00
2014/04/23,6.92,7.02,6.88,6.96,2584043,45898276.00
2014/04/24,6.94,6.95,6.74,6.79,2652103,46272936.00
2014/04/25,6.79,6.79,6.56,6.57,2608770,44526368.00
2014/04/28,6.58,6.58,6.28,6.35,2423353,39865388.00
2014/04/29,6.32,6.42,6.26,6.36,2387017,38768308.00
2014/04/30,6.36,6.42,6.36,6.39,1246866,20439674.00
2014/05/05,6.38,6.50,6.37,6.48,1238204,20459244.00
2014/05/06,6.48,6.57,6.46,6.49,1380357,23034058.00
2014/05/07,6.49,6.52,6.29,6.32,1518823,24923552.00
2014/05/08,6.36,6.42,6.30,6.33,1037265,16901780.00
2014/05/09,6.33,6.47,6.27,6.43,2105921,34359280.00
2014/05/12,6.44,6.63,6.38,6.63,3064992,51323044.00
2014/05/13,6.70,6.82,6.58,6.64,3228263,55338320.00
2014/05/14,6.64,6.72,6.57,6.62,1860371,31565550.00
2014/05/15,6.62,6.63,6.50,6.60,1845743,31045634.00
2014/05/16,6.60,6.66,6.52,6.61,1622050,27396134.00
2014/05/19,6.64,6.73,6.54,6.72,2180471,37103156.00
2014/05/20,6.78,6.82,6.62,6.65,2963950,50608716.00
2014/05/21,6.64,6.64,6.42,6.60,1448233,23975230.00
2014/05/22,6.82,6.96,6.69,6.74,6420390,110689248.00
2014/05/23,6.73,6.73,6.61,6.63,2960592,49820648.00
2014/05/26,6.64,6.74,6.62,6.73,2150004,36302336.00
2014/05/27,6.73,6.73,6.63,6.64,1902655,32125314.00
2014/05/28,6.65,6.68,6.58,6.66,1778120,29854172.00
2014/05/29,6.66,6.70,6.55,6.55,1767617,29599074.00
2014/05/30,6.55,6.59,6.48,6.50,1389874,22932596.00
2014/06/03,6.51,6.55,6.50,6.52,1222416,20178388.00
2014/06/04,6.52,6.53,6.44,6.45,1230718,20107316.00
2014/06/05,6.46,6.57,6.45,6.57,1541361,25412898.00
2014/06/06,6.57,6.65,6.48,6.54,1642139,27355566.00
2014/06/09,6.54,6.56,6.45,6.45,1415036,23266534.00
2014/06/10,6.46,6.57,6.46,6.56,1406155,23215288.00
2014/06/11,6.56,6.64,6.56,6.62,1758931,29377158.00
2014/06/12,6.62,6.66,6.60,6.62,2139676,35910748.00
2014/06/13,6.62,6.72,6.61,6.69,2030734,34292704.00
2014/06/16,6.94,7.06,6.81,6.84,8909102,155819408.00
2014/06/17,6.82,7.17,6.76,6.98,7398765,131415304.00
2014/06/18,7.04,7.04,6.82,6.84,3977749,69399768.00
2014/06/19,6.85,6.91,6.50,6.67,4104432,70250432.00
2014/06/20,6.64,6.78,6.63,6.78,2123851,35985812.00
2014/06/23,6.78,6.90,6.76,6.88,2468105,42792760.00
2014/06/24,6.90,6.96,6.80,6.86,1827215,31727078.00
2014/06/25,6.85,6.86,6.71,6.78,1504644,25793202.00
2014/06/26,6.78,6.96,6.78,6.95,2763460,48229740.00
2014/06/27,6.98,7.00,6.90,6.95,2796385,49165080.00
2014/06/30,6.90,7.03,6.87,7.00,3128834,55026148.00
2014/07/01,7.01,7.05,6.92,6.99,1895877,33493334.00
2014/07/02,6.98,7.01,6.90,7.00,2199950,38755440.00
2014/07/03,7.04,7.04,6.92,6.96,3114481,55010068.00
2014/07/04,7.00,7.00,6.90,6.93,1970868,34564752.00
2014/07/07,6.93,6.96,6.79,6.86,3560390,61771176.00
2014/07/08,6.82,7.07,6.82,7.06,4876348,86104696.00
2014/07/09,7.06,7.12,6.96,6.97,5002383,89167432.00
2014/07/10,7.06,7.28,7.06,7.10,6324679,114122936.00
2014/07/11,7.12,7.31,7.05,7.25,6390547,116734400.00
2014/07/14,7.26,7.38,7.20,7.24,5039048,92751824.00
2014/07/15,7.24,7.37,7.21,7.34,5535492,102227984.00
2014/07/16,7.28,7.36,7.13,7.15,3098316,56501324.00
2014/07/17,7.19,7.19,7.01,7.16,2906397,52157380.00
2014/07/18,7.12,7.25,7.08,7.10,2833505,51360560.00
2014/07/21,7.14,7.22,6.96,7.18,3191117,57407892.00
2014/07/22,7.16,7.31,7.09,7.30,4289828,78242064.00
2014/07/23,7.27,7.40,7.17,7.20,4797891,88663976.00
2014/07/24,7.24,7.27,7.08,7.11,3523572,63481920.00
2014/07/25,7.12,7.22,7.02,7.14,2952336,53073664.00
2014/07/28,7.15,7.26,7.06,7.20,4753777,86176424.00
2014/07/29,7.22,7.34,7.21,7.25,5010817,91970832.00
2014/07/30,7.28,7.47,7.22,7.40,8891629,166023952.00
2014/07/31,7.41,7.57,7.35,7.53,8136745,153920224.00
2014/08/01,7.52,7.61,7.36,7.37,5715150,108180952.00
2014/08/04,7.34,7.56,7.32,7.55,4741215,89763616.00
2014/08/05,7.53,7.60,7.48,7.56,5645001,107663448.00
2014/08/06,7.54,7.63,7.49,7.54,5563610,106502136.00
2014/08/07,7.54,7.66,7.49,7.56,6524299,125177720.00
2014/08/08,7.56,7.82,7.56,7.75,7951200,154736096.00
2014/08/11,7.78,8.08,7.72,7.88,10177375,203088704.00
2014/08/12,7.90,8.14,7.80,8.05,9593148,194293088.00
2014/08/13,8.05,8.14,7.89,8.05,5569376,112283480.00
2014/08/14,8.02,8.26,7.96,8.10,6297349,129361504.00
2014/08/15,8.10,8.24,7.96,8.02,7311742,149166832.00
2014/08/18,8.00,8.11,7.86,8.00,7243143,145938032.00
2014/08/19,8.01,8.01,7.88,7.93,3882456,77828632.00
2014/08/20,7.93,8.10,7.88,8.06,7188850,145428128.00
2014/08/21,8.04,8.16,7.91,8.07,5132287,103821960.00
2014/08/22,8.07,8.42,8.02,8.25,6288233,131802008.00
2014/08/25,8.22,8.39,8.16,8.24,3815132,79502376.00
2014/08/26,8.03,8.08,7.87,8.00,11209792,226103664.00
2014/08/27,7.99,8.21,7.92,8.13,4970576,101749032.00
2014/08/28,8.27,8.64,8.13,8.15,10245946,216493264.00
2014/08/29,8.08,8.09,7.86,8.00,7057862,141482144.00
2014/09/01,7.96,8.03,7.87,7.95,6609372,132239128.00
2014/09/02,7.96,8.08,7.92,8.00,8595067,173319792.00
2014/09/03,8.02,8.31,8.00,8.21,11571517,238552624.00
2014/09/04,8.20,8.44,8.13,8.40,10635281,222898272.00
2014/09/05,8.40,8.44,8.26,8.34,8349886,175703792.00
2014/09/09,8.33,9.06,8.29,8.92,9695461,211794816.00
2014/09/10,8.88,8.94,8.67,8.78,4984768,110729584.00
2014/09/11,8.77,8.86,8.57,8.60,5244733,115147440.00
2014/09/12,8.61,8.90,8.53,8.89,6627965,145896096.00
2014/09/15,8.84,9.20,8.78,9.13,7678424,174904640.00
2014/09/16,9.13,9.18,8.60,8.63,7013538,156638880.00
2014/09/17,8.60,8.80,8.52,8.76,3979464,87257200.00
2014/09/18,8.68,8.98,8.65,8.81,2881511,63830168.00
2014/09/19,8.81,8.94,8.79,8.88,2766657,61871860.00
2014/09/22,8.88,8.88,8.52,8.60,3553737,77665256.00
2014/09/23,8.60,8.86,8.56,8.68,2689599,59218056.00
2014/09/24,8.68,9.56,8.64,9.41,11421981,267472128.00
2014/09/25,9.48,9.88,9.38,9.62,9934858,242480368.00
2014/09/26,9.56,9.82,9.48,9.54,3670894,89133272.00
2014/09/29,9.67,10.24,9.64,9.92,4462982,111988200.00
2014/09/30,10.11,10.19,9.76,9.84,2716997,67759976.00
2014/10/08,9.87,10.00,9.47,9.90,4559668,113213048.00
2014/10/09,9.90,10.06,9.68,9.71,4928039,121903056.00
2014/10/10,9.74,9.78,9.46,9.56,4271955,103414936.00
2014/10/13,9.52,9.77,9.24,9.66,6353123,151297504.00
2014/10/14,9.58,9.66,9.28,9.40,5436281,129821640.00
2014/10/15,9.36,9.66,9.36,9.60,5769446,138341632.00
2014/10/16,9.52,10.21,9.47,9.82,9337036,233870128.00
2014/10/17,9.84,9.90,9.46,9.64,3750953,91253336.00
2014/10/20,9.64,10.02,9.59,10.00,3744652,93264728.00
2014/10/21,10.01,10.50,10.00,10.32,8088941,209276512.00
2014/10/22,10.30,10.60,10.08,10.13,5768886,150040128.00
2014/10/23,10.00,10.22,9.80,9.92,4742677,118950112.00
2014/10/24,9.84,10.04,9.84,9.85,2280152,57115468.00
2014/10/27,9.86,10.36,9.68,10.30,3712564,95022240.00
2014/10/28,10.30,10.99,10.19,10.73,9193761,248384176.00
2014/10/29,10.82,11.08,10.68,10.92,6132191,167406848.00
2014/10/30,10.82,11.06,10.64,10.69,5363991,146037824.00
2014/10/31,10.72,10.91,10.48,10.70,5973391,160231136.00
2014/11/03,10.70,10.79,10.57,10.66,4102821,109923536.00
2014/11/04,10.64,11.04,10.62,10.72,7279381,198542000.00
2014/11/05,10.84,10.84,10.47,10.55,5659632,151019536.00
2014/11/06,10.46,11.00,10.42,10.69,11170300,301503904.00
2014/11/07,10.69,10.75,10.24,10.33,12756641,335906272.00
2014/11/10,10.40,10.66,10.34,10.56,8322964,220842240.00
2014/11/11,10.60,10.66,10.06,10.21,8488447,219309888.00
2014/11/12,10.16,10.24,9.99,10.18,4465610,114079352.00
2014/11/13,10.15,10.28,9.53,9.64,8092221,199883056.00
2014/11/14,9.64,9.86,9.50,9.70,3531064,86102280.00
2014/11/17,9.52,10.26,9.52,10.08,6213230,158220448.00
2014/11/18,9.92,10.48,9.92,10.43,7175677,186415776.00
2014/11/19,10.43,10.56,10.18,10.29,5323622,138397824.00
2014/11/20,10.28,10.56,10.19,10.40,5544405,145844400.00
2014/11/21,10.32,10.51,10.30,10.44,3408747,89269024.00
2014/11/24,10.48,10.98,10.45,10.84,8564072,232882528.00
2014/11/25,10.84,11.08,10.68,10.86,7528609,206520384.00
2014/11/26,10.90,11.27,10.77,11.27,9300016,259998560.00
2014/11/27,11.30,11.47,11.10,11.24,5887008,166572944.00
2014/11/28,11.24,11.96,11.13,11.84,9843275,289110400.00
2014/12/01,11.84,12.23,11.47,11.64,6277564,186265712.00
2014/12/02,11.43,11.87,11.25,11.65,7727285,227480496.00
2014/12/03,11.53,11.87,11.32,11.83,6338257,184903760.00
2014/12/04,11.84,12.25,11.72,12.13,8987700,273405600.00
2014/12/05,12.40,12.44,11.12,11.74,8997721,266773424.00
2014/12/08,11.60,11.97,11.30,11.36,6805968,197829168.00
2014/12/09,11.12,11.20,10.32,10.35,12250382,331968352.00
2014/12/10,10.38,11.16,10.37,11.16,5554228,152004224.00
2014/12/11,11.12,11.64,11.03,11.60,4203368,120666392.00
2014/12/12,11.54,11.54,11.07,11.43,9014116,255400000.00
2014/12/15,11.26,11.88,11.11,11.53,10189346,296832608.00
2014/12/16,11.53,12.20,11.46,12.04,10215378,304715232.00
2014/12/17,12.07,12.19,11.62,11.91,6857367,204766880.00
2014/12/18,12.08,12.60,11.76,12.42,11831973,366494176.00
2014/12/19,12.29,12.79,11.80,12.36,8432011,262471120.00
2014/12/22,12.21,12.24,11.12,11.75,7564930,221676128.00
2014/12/23,11.52,11.67,11.02,11.08,5379490,152561584.00
2014/12/24,11.04,11.86,10.94,11.78,6044109,174253120.00
2014/12/25,11.80,12.10,11.78,11.88,3402755,102240168.00
2014/12/26,11.90,12.56,11.72,12.54,6501163,200497264.00
2014/12/29,12.51,12.72,12.14,12.30,6077668,189701744.00
2014/12/30,12.28,12.52,11.31,11.62,7819648,230021840.00
2014/12/31,11.62,12.00,11.52,11.87,4147704,123333656.00
2015/01/05,11.58,11.92,11.12,11.39,9672310,276622048.00
2015/01/06,11.40,11.98,11.16,11.92,8290299,242846896.00
2015/01/07,11.88,13.12,11.88,13.12,19694560,624582400.00
2015/01/08,13.20,14.22,12.84,12.90,19964195,674744704.00
2015/01/09,12.95,13.17,12.47,12.88,7638812,247104528.00
2015/01/12,12.58,13.03,12.16,12.68,7191672,227411408.00
2015/01/13,12.55,13.39,12.52,13.27,9388648,311141696.00
2015/01/14,13.27,13.62,13.11,13.22,6223560,209219184.00
2015/01/15,13.03,13.31,12.96,13.29,3219354,106277048.00
2015/01/16,13.68,14.10,13.30,13.54,12911225,442654944.00
2015/01/19,12.92,14.39,12.72,13.52,12680126,437354048.00
2015/01/20,13.52,14.49,13.52,14.32,7183365,255745632.00
2015/01/21,14.52,15.76,14.52,15.76,15717762,616708544.00
2015/01/22,16.00,16.40,15.66,16.14,12103382,488304960.00
2015/01/23,16.16,17.04,15.78,16.24,9494134,391332736.00
2015/01/26,16.18,16.84,15.77,16.72,7673395,317756000.00
2015/01/27,16.75,17.52,16.24,17.24,6900933,289607072.00
2015/01/28,17.12,17.29,16.34,16.48,5144625,217802080.00
2015/01/29,16.43,16.84,16.00,16.39,4389691,180472032.00
2015/02/04,16.48,18.04,16.48,17.14,13120903,577272256.00
2015/02/05,17.14,17.29,15.94,16.87,7094803,299306240.00
2015/02/06,16.84,16.84,16.20,16.32,4446090,183122800.00
2015/02/09,16.19,16.32,15.26,15.79,4137389,164296208.00
2015/02/10,15.79,16.04,15.53,16.00,2265151,90109288.00
2015/02/11,15.96,17.38,15.72,17.28,3846081,159966912.00
2015/02/12,17.12,17.35,16.65,17.12,4494842,191312656.00
2015/02/13,17.12,18.12,16.92,17.36,4134272,182656464.00
2015/02/16,17.38,18.04,17.38,17.92,5841738,261871040.00
2015/02/17,17.92,18.16,17.64,17.92,2292958,103221288.00
2015/02/25,17.92,17.92,17.12,17.34,1818513,80115736.00
2015/02/26,17.30,17.30,16.68,16.86,4094896,173383280.00
2015/02/27,16.72,17.40,16.32,17.40,4178176,177602688.00
2015/03/02,17.42,17.72,17.22,17.48,5081369,223355712.00
2015/03/03,17.32,18.12,17.07,17.44,8324079,367094560.00
2015/03/04,17.48,17.91,17.15,17.84,5678889,251576384.00
2015/03/05,17.79,17.88,17.24,17.49,3952484,174295360.00
2015/03/06,17.37,17.70,17.04,17.13,3559647,153696736.00
2015/03/09,16.96,17.19,16.72,16.96,5953983,252108736.00
2015/03/10,16.97,17.20,16.84,17.11,3026832,129648936.00
2015/03/11,17.21,17.27,16.64,16.79,4244655,179063840.00
2015/03/12,16.73,17.04,16.12,16.88,4838108,201368208.00
2015/03/13,16.89,17.04,16.32,16.56,6895858,288093760.00
2015/03/16,16.60,17.28,16.39,17.12,13099121,552026048.00
2015/03/17,17.19,18.84,17.08,18.84,15535095,697775360.00
2015/03/18,19.32,20.32,18.94,19.80,12200244,605344384.00
2015/03/19,19.68,19.68,18.77,18.89,10930518,525882720.00
2015/03/20,19.01,19.38,18.68,18.82,7152479,342037824.00
2015/03/23,18.72,18.91,18.39,18.80,10885835,507462176.00
2015/03/24,18.82,18.82,18.10,18.52,8223225,381207808.00
2015/03/25,18.50,18.50,18.12,18.33,7967914,365444224.00
2015/03/26,18.24,18.30,17.44,17.90,8915957,402434240.00
2015/03/27,17.83,18.15,17.68,17.90,9696338,436816992.00
2015/03/30,17.93,18.43,17.93,18.12,8247833,376771936.00
2015/03/31,17.98,18.13,17.66,17.94,7593307,341107200.00
2015/04/01,17.89,18.71,17.83,18.71,11119906,514994528.00
2015/04/02,18.72,19.38,18.43,18.92,12080563,574266624.00
2015/04/03,18.80,19.28,18.52,19.23,9743838,462549344.00
2015/04/07,19.26,19.39,18.84,19.06,8788012,421447968.00
2015/04/08,19.06,19.21,18.04,18.36,8911484,412767712.00
2015/04/09,18.32,18.32,17.29,17.82,10185807,453625696.00
2015/04/10,17.82,18.47,17.55,18.33,7824195,354077664.00
2015/04/13,18.24,19.66,18.16,19.47,12989519,625785280.00
2015/04/14,19.44,20.11,19.39,19.55,11600101,573579776.00
2015/04/15,19.56,20.14,18.82,19.12,8753691,429567712.00
2015/04/16,19.32,21.03,18.92,20.64,20069261,1014735360.00
2015/04/17,21.00,22.32,20.12,20.14,19718540,1043622848.00
2015/04/20,19.52,20.41,19.22,19.92,16596569,822771520.00
2015/04/21,19.52,21.36,19.32,20.80,13513297,692822272.00
2015/04/22,21.20,21.66,20.57,21.00,12318520,650116480.00
2015/04/23,21.03,21.35,20.72,21.23,11916129,631882112.00
2015/04/24,21.24,21.24,19.81,20.07,12660783,642716544.00
2015/04/27,20.07,20.59,19.79,19.84,10374047,521400576.00
2015/04/28,19.98,20.00,19.10,19.31,10102656,490169088.00
2015/04/29,19.27,19.84,18.84,19.61,8096568,394912576.00
2015/04/30,19.96,20.39,19.67,19.67,6884823,345075200.00
2015/05/04,19.64,20.71,19.60,20.54,7265167,367596992.00
2015/05/05,20.55,21.27,19.64,20.00,7297626,372787712.00
2015/05/06,19.60,20.20,19.00,19.07,6957345,340526176.00
2015/05/07,19.07,19.44,18.61,19.24,4106077,196633120.00
2015/05/08,19.20,20.08,19.20,19.60,5134981,252642976.00
2015/05/11,20.33,20.39,19.66,20.38,7380831,372360000.00
2015/05/12,20.42,22.32,20.42,21.58,11555742,620556736.00
2015/05/13,21.20,23.20,20.85,22.54,15400559,848692800.00
2015/05/14,22.40,24.00,21.86,23.84,12662783,728679680.00
2015/05/15,23.56,23.88,23.11,23.40,8098422,473382144.00
2015/05/18,23.42,23.84,22.98,23.16,5995519,349664352.00
2015/05/19,22.92,22.92,21.69,22.48,12216707,679814144.00
2015/05/20,22.54,23.40,22.00,22.42,13410488,762255296.00
2015/05/21,22.40,23.20,21.65,23.12,11979064,672520640.00
2015/05/22,23.30,23.92,22.58,22.80,13307609,765759424.00
2015/05/25,25.08,25.08,22.85,25.08,11869592,734840000.00
2015/05/26,27.30,27.59,26.68,27.59,4866530,332344032.00
2015/05/27,30.35,30.35,28.44,29.64,18406422,1369221632.00
2015/05/28,30.34,30.34,27.83,28.80,14268952,1041277376.00
2015/05/29,28.79,31.24,27.54,30.80,11936569,891237312.00
2015/06/01,30.96,33.00,30.24,32.20,9818352,777921280.00
2015/06/02,32.00,32.08,30.57,31.60,12748564,994421952.00
2015/06/03,31.60,31.60,29.40,29.99,11740776,884700480.00
2015/06/04,29.82,30.52,27.84,29.99,6674317,488562784.00
2015/06/05,30.27,30.72,29.38,30.08,7324760,547108544.00
2015/06/08,30.20,30.74,28.20,29.20,11317798,827521216.00
2015/06/09,29.24,30.12,28.25,29.60,7979011,580347392.00
2015/06/10,29.52,29.76,28.44,29.23,5967227,435224864.00
2015/06/11,29.20,32.15,29.20,32.15,15332892,1177834112.00
2015/06/12,32.28,33.83,31.63,32.03,8179589,667555712.00
2015/06/15,31.96,32.40,30.36,30.61,8502455,665273216.00
2015/06/16,30.40,31.18,28.80,30.00,7845687,582050752.00
2015/06/17,30.20,30.67,28.44,30.62,6708565,495793728.00
2015/06/18,30.62,30.62,28.00,28.92,6080226,445541920.00
2015/06/19,27.20,28.60,26.03,26.04,6463099,437302304.00
2015/06/23,26.06,27.20,23.44,25.00,7581946,468337952.00
2015/06/24,25.20,26.00,24.20,25.40,4545066,285374496.00
2015/06/25,25.56,25.56,23.20,23.64,4731195,288225760.00
2015/06/26,23.00,23.47,21.28,21.28,6653194,364559264.00
2015/06/29,21.60,22.23,19.15,19.15,9733543,483100480.00
2015/06/30,18.24,21.00,17.23,20.95,15144141,706587520.00
2015/07/01,20.88,23.05,20.53,21.72,15679345,878486272.00
2015/07/02,22.03,22.62,19.54,19.84,14662886,761453952.00
2015/07/03,18.85,21.20,17.86,19.44,10862470,513962880.00
2015/07/06,21.38,21.38,17.49,17.49,13587958,641484032.00
2015/07/20,19.24,19.24,18.84,19.24,9778358,470184096.00
2015/07/21,19.24,21.16,18.40,21.16,16551942,846363456.00
2015/07/22,22.04,22.80,21.42,22.50,22553416,1247565696.00
2015/07/23,22.50,22.52,21.28,22.36,23125032,1267768064.00
2015/07/24,21.92,23.12,21.46,21.60,17925004,996121664.00
2015/07/27,20.80,21.35,19.44,19.44,15427365,794680960.00
2015/07/28,17.50,18.80,17.50,17.50,18921648,833279488.00
2015/07/29,17.68,18.08,15.79,17.72,22434393,934944448.00
2015/07/30,17.70,18.76,16.80,16.99,22777485,1000019008.00
2015/07/31,16.48,16.99,15.52,15.68,14039663,575683904.00
2015/08/03,15.20,15.40,14.12,14.12,19033234,681618752.00
2015/08/04,13.97,15.48,13.97,15.42,23336683,861490880.00
2015/08/05,15.45,15.78,14.72,15.56,25541572,985242752.00
2015/08/06,15.11,16.88,14.96,16.82,19214547,777669504.00
2015/08/07,17.10,18.49,17.08,18.40,22717681,997910528.00
2015/08/10,19.20,20.15,18.40,20.00,23131895,1112344192.00
2015/08/11,19.60,20.20,19.38,19.40,13700972,675700032.00
2015/08/12,18.89,19.48,18.68,18.81,11433755,545969216.00
2015/08/13,18.66,19.15,16.93,18.63,18458109,830024256.00
2015/08/14,18.54,18.75,17.80,18.18,14570179,665703488.00
2015/08/17,17.93,18.94,17.80,18.68,12881413,590214080.00
2015/08/18,18.68,19.18,16.81,16.81,15413932,691126144.00
2015/08/19,15.22,16.88,15.13,16.44,17395040,688543232.00
2015/08/20,16.04,16.66,15.67,16.40,10361792,418308576.00
2015/08/21,15.95,16.35,14.76,15.44,11233513,434792608.00
2015/08/27,13.90,14.58,13.90,13.90,14548333,507062272.00
2015/08/28,13.73,14.78,12.88,14.60,18815021,642894016.00
2015/08/31,14.04,14.26,13.14,13.14,10699574,367725152.00
2015/09/01,12.50,12.50,11.83,11.83,9523078,283994400.00
2015/09/02,10.64,11.84,10.64,10.64,18764962,509596032.00
2015/09/07,10.64,11.32,10.32,11.24,14607091,396864864.00
2015/09/08,10.77,11.72,10.68,11.60,11022581,306389952.00
2015/09/09,11.81,12.40,11.56,12.22,15802530,475092544.00
2015/09/10,11.84,12.66,11.82,12.06,13012347,400535328.00
2015/09/11,11.93,12.22,11.52,12.00,9084235,269594720.00
2015/09/14,12.00,12.10,10.80,10.80,8968029,251254736.00
2015/09/15,10.04,10.64,9.72,9.72,11598172,287686560.00
2015/09/16,9.72,10.69,9.47,10.68,16227792,408627840.00
2015/09/17,10.58,11.43,10.32,10.55,14576517,395284224.00
2015/09/18,10.60,11.07,10.48,10.96,10511859,282055552.00
2015/09/21,10.89,12.05,10.73,12.05,14972134,440166144.00
2015/09/22,12.48,12.83,11.84,12.36,19630168,604540352.00
2015/09/23,12.00,12.74,11.80,12.22,12097638,371295840.00
2015/09/24,12.33,12.64,12.22,12.62,11415079,355356736.00
2015/09/25,12.40,12.52,11.36,11.42,12629492,373614208.00
2015/09/28,11.45,11.92,10.99,11.80,10584251,305918688.00
2015/09/29,11.44,11.68,11.04,11.14,8924019,252502848.00
2015/09/30,11.30,11.76,11.10,11.62,7652927,218622544.00
2015/10/08,12.14,12.78,12.14,12.78,14981851,472792800.00
2015/10/09,12.78,13.99,12.68,13.59,20772870,684422656.00
2015/10/12,13.65,14.52,13.51,14.00,17051955,600971648.00
2015/10/13,13.93,14.88,13.84,14.76,15501086,558102528.00
2015/10/14,14.64,15.04,14.40,14.62,17405268,640103040.00
2015/10/15,14.78,14.97,14.36,14.95,13587707,499642528.00
2015/10/16,14.86,16.11,14.86,15.84,13585142,527265376.00
2015/10/19,16.16,16.56,14.56,15.15,18590158,726199808.00
2015/10/20,15.44,15.44,14.74,15.38,16002625,604099392.00
2015/10/21,15.30,15.30,13.84,13.84,49563915,713063552.00
2015/10/22,13.85,14.39,13.19,14.25,43836314,608336896.00
2015/10/23,14.40,14.97,13.71,14.56,41829006,595394112.00
2015/10/26,14.70,14.88,14.21,14.50,41025489,594860992.00
2015/10/27,14.87,15.33,14.00,15.25,51535103,763166784.00
2015/10/28,15.00,15.27,14.20,14.40,39951138,592774656.00
2015/10/29,14.51,14.88,13.87,14.55,31968949,459884896.00
2015/10/30,14.30,14.58,13.94,14.14,22120286,315604864.00
2015/11/02,13.80,14.15,13.46,13.53,22579960,312499456.00
2015/11/03,13.73,13.94,13.25,13.55,22562664,306339136.00
2015/11/04,13.54,14.50,13.54,14.39,31392736,440552160.00
2015/11/05,14.49,14.78,13.97,14.48,40409683,583567872.00
2015/11/06,14.50,14.90,14.43,14.77,34129308,501992416.00
2015/11/09,14.78,16.15,14.50,15.59,56178819,858385280.00
2015/11/10,15.56,15.88,15.17,15.44,40421907,626622208.00
2015/11/11,15.55,16.00,15.37,15.51,44788466,699108544.00
2015/11/12,15.58,17.06,15.28,17.06,60679702,973365568.00
2015/11/13,17.28,17.92,16.53,17.11,87993950,1533713152.00
2015/11/16,16.60,17.50,16.38,17.37,36357345,618864256.00
2015/11/17,17.80,18.00,16.85,16.96,45213068,782431040.00
2015/11/18,17.06,17.06,15.95,15.99,37699280,619804288.00
2015/11/19,16.00,16.40,15.70,16.35,29095800,469618848.00
2015/11/20,16.45,17.60,16.36,17.26,49233565,841058368.00
2015/11/23,17.26,17.43,16.50,16.75,40215493,681289728.00
2015/11/24,16.69,16.85,16.31,16.77,20143421,333897984.00
2015/11/25,16.77,17.20,16.61,17.09,33983108,578800896.00
2015/11/26,17.10,17.23,16.40,16.46,42190696,703737984.00
2015/11/27,16.30,16.40,14.81,14.81,54333185,835270976.00
2015/11/30,14.77,14.78,13.33,14.35,37879835,536303136.00
2015/12/01,14.36,14.70,14.10,14.44,23220426,335564576.00
2015/12/02,14.46,14.52,13.00,14.04,27463129,379387776.00
2015/12/03,13.84,14.30,13.84,14.25,24434221,345487104.00
2015/12/04,14.19,14.40,13.93,14.15,23631742,335893504.00
2015/12/07,14.19,14.98,14.11,14.61,30208899,442172992.00
2015/12/08,14.36,14.50,13.95,14.33,25477016,361558304.00
2015/12/09,14.78,14.98,14.35,14.51,36577734,537175936.00
2015/12/10,14.18,14.35,14.01,14.11,22201215,314991008.00
2015/12/11,13.95,14.02,13.43,13.56,25804739,352576768.00
2015/12/14,13.56,14.14,13.40,14.12,25303814,350556288.00
2015/12/15,14.20,14.49,14.08,14.30,20432813,291659808.00
2015/12/16,14.35,14.45,14.18,14.37,24330265,348512288.00
2015/12/17,14.72,14.91,14.50,14.82,45120567,663727552.00
2015/12/18,14.68,14.77,14.32,14.44,26103984,379197952.00
2015/12/21,14.57,14.78,14.44,14.61,22960780,335975904.00
2015/12/22,14.66,14.93,14.61,14.86,26559492,392794208.00
2015/12/23,14.91,15.70,14.91,15.43,49444298,755603200.00
2015/12/24,15.70,16.10,15.50,15.67,53198553,841647744.00
2015/12/25,15.49,15.64,15.22,15.55,26641651,411526624.00
2015/12/28,15.71,16.27,15.43,15.54,37904571,601561408.00
2015/12/29,15.77,15.93,15.00,15.35,27422665,420907840.00
2015/12/30,15.50,15.52,15.11,15.27,20462387,311590112.00
2015/12/31,15.34,15.69,15.30,15.30,26067409,403909312.00
2016/01/04,15.37,15.45,13.77,13.77,27802438,396252512.00
2016/01/05,12.39,13.75,12.39,13.04,33360866,435201312.00
2016/01/06,13.04,13.60,12.97,13.55,24275119,322821568.00
2016/01/07,13.49,13.49,12.20,12.21,7519248,94670184.00
2016/01/08,12.55,12.90,11.67,12.46,29007195,359618016.00
2016/01/11,12.15,12.26,11.21,11.21,26212961,303941024.00
2016/01/12,11.01,11.65,10.51,11.24,24491906,269543072.00
2016/01/13,11.30,11.48,10.61,10.62,21957524,244993952.00
2016/01/14,10.26,11.17,10.06,11.00,21930871,231739568.00
2016/01/15,10.94,11.14,10.08,10.33,21839711,232872224.00
2016/01/18,10.11,10.66,10.01,10.47,17531818,181844576.00
2016/01/19,10.50,11.15,10.34,11.01,20713880,221615888.00
2016/01/20,11.00,11.44,10.84,11.16,26787175,299098784.00
2016/01/21,10.90,11.20,10.45,10.46,22045859,240529888.00
2016/01/22,10.46,10.82,10.27,10.68,14159696,149592224.00
2016/01/25,10.89,11.04,10.67,10.87,12458206,135365120.00
2016/01/26,10.70,10.78,9.78,9.79,17799831,181775456.00
2016/01/27,9.91,9.98,8.81,9.41,18729026,174459120.00
2016/01/28,9.41,9.46,8.50,8.61,14803335,134166360.00
2016/01/29,8.62,9.20,8.50,9.08,16058616,143338464.00
2016/02/01,9.00,9.27,8.82,8.98,12743407,115245200.00
2016/02/02,9.00,9.46,8.98,9.35,10800909,100285576.00
2016/02/03,9.16,9.39,9.03,9.31,11044339,101353528.00
2016/02/04,9.45,9.68,9.34,9.64,14499578,138341584.00
2016/02/05,10.00,10.19,9.67,9.69,18025206,178060528.00
2016/02/15,9.20,9.53,9.08,9.41,10220647,95355400.00
2016/02/16,9.45,9.94,9.45,9.88,14443811,140762864.00
2016/02/17,9.90,10.58,9.81,10.27,23337348,239011888.00
2016/02/18,10.42,11.26,10.42,10.70,40555021,439085664.00
2016/02/19,10.60,10.71,10.30,10.49,21578524,225540656.00
2016/02/22,10.67,10.95,10.53,10.68,22692974,243055728.00
2016/02/23,10.79,10.80,10.30,10.61,18512742,195437248.00
2016/02/24,10.55,10.68,10.35,10.68,16374189,172064096.00
2016/02/25,10.66,10.66,9.61,9.62,21611088,216738752.00
2016/02/26,9.70,9.90,9.38,9.56,17317115,167041760.00
2016/02/29,9.56,9.56,8.60,8.88,19781725,174696672.00
2016/03/01,8.85,9.15,8.61,9.02,17591692,155867616.00
2016/03/02,9.02,9.55,8.95,9.49,19387093,180068384.00
2016/03/03,9.49,9.68,9.40,9.45,21769565,207360368.00
2016/03/04,9.39,9.65,9.00,9.11,20491620,191363968.00
2016/03/07,9.29,9.50,9.24,9.42,13499028,126637104.00
2016/03/08,9.59,9.77,9.16,9.74,29378854,279477184.00
2016/03/09,9.32,9.46,9.22,9.32,16457127,153789008.00
数据来源:通达信
