000779 三毛派神 日线 前复权
      日期	    开盘	    最高	    最低	    收盘	    成交量	    成交额
2011/01/04,10.81,11.40,10.60,11.13,5110476,56638332.00
2011/01/05,11.04,11.29,10.96,11.15,3635182,40441408.00
2011/01/06,11.19,11.55,11.09,11.22,4107551,46645724.00
2011/01/07,11.15,11.35,10.84,10.90,3903483,43061300.00
2011/01/10,10.95,11.17,10.76,10.91,2738284,30089056.00
2011/01/11,10.84,10.99,10.50,10.70,3006851,32239382.00
2011/01/12,10.78,10.78,10.45,10.72,1509649,16026623.00
2011/01/13,10.80,11.05,10.66,10.75,1990300,21715064.00
2011/01/14,10.82,10.82,10.49,10.50,1821451,19245300.00
2011/01/17,10.49,10.70,10.05,10.13,2872997,29749784.00
2011/01/18,10.13,10.51,10.13,10.39,1829223,18948628.00
2011/01/19,10.47,10.64,10.31,10.58,1307243,13749940.00
2011/01/20,10.50,10.71,10.32,10.38,1407614,14796057.00
2011/01/21,10.38,10.74,10.33,10.73,2347547,24869646.00
2011/01/24,10.75,10.85,10.53,10.69,2282316,24501032.00
2011/01/25,10.53,10.53,9.62,9.75,5374770,52657300.00
2011/01/26,9.60,9.80,9.34,9.60,2184679,20898782.00
2011/01/27,9.55,10.02,9.35,9.96,2364707,23240294.00
2011/01/28,9.99,10.36,9.90,10.25,1911512,19482572.00
2011/01/31,10.25,10.54,10.15,10.16,1952776,20225848.00
2011/02/01,10.20,10.41,10.18,10.41,932603,9603002.00
2011/02/09,10.38,10.50,10.20,10.30,1880205,19358414.00
2011/02/10,10.21,10.67,10.21,10.60,1517691,15848491.00
2011/02/11,10.60,10.85,10.49,10.66,1711259,18310754.00
2011/02/14,10.79,10.80,10.60,10.77,2963707,31695470.00
2011/02/15,10.73,11.02,10.62,10.66,4065981,44008452.00
2011/02/16,10.70,10.90,10.56,10.86,2623087,28303416.00
2011/02/17,10.90,11.17,10.84,11.00,4520060,49635324.00
2011/02/18,11.02,11.02,10.68,10.76,2993883,32240166.00
2011/02/21,10.67,10.97,10.64,10.90,2962375,32031658.00
2011/02/22,10.85,11.11,10.74,10.74,5084552,55666464.00
2011/02/23,10.67,11.10,10.62,11.00,5082170,55327104.00
2011/02/24,10.96,11.26,10.90,11.20,7506215,83430616.00
2011/02/25,11.18,11.47,11.00,11.28,8286165,93546968.00
2011/02/28,11.29,11.70,11.22,11.63,11039362,126760952.00
2011/03/01,11.63,11.85,11.33,11.51,8329497,96266960.00
2011/03/02,11.43,11.45,11.13,11.36,5126193,57696688.00
2011/03/03,11.32,11.48,11.00,11.11,3868310,43372036.00
2011/03/04,11.11,11.90,11.01,11.78,7062452,81450296.00
2011/03/07,11.80,11.99,11.63,11.85,8115737,95858568.00
2011/03/08,11.87,12.10,11.55,11.68,8372679,98676856.00
2011/03/09,11.68,12.32,11.51,12.28,10518627,125163080.00
2011/03/10,12.17,12.55,11.96,12.37,9232841,112741848.00
2011/03/11,12.21,13.12,12.15,12.69,12429197,157919888.00
2011/03/14,12.69,13.14,12.49,12.69,9610010,122724272.00
2011/03/15,12.59,12.91,12.11,12.35,6658456,82967904.00
2011/03/16,12.28,13.59,12.28,13.52,19404708,257548816.00
2011/03/17,13.20,13.61,12.78,12.80,10476014,138317584.00
2011/03/18,12.99,13.19,12.60,12.80,6804738,87506312.00
2011/03/21,12.85,12.99,12.61,12.83,4969337,63498084.00
2011/03/22,12.87,12.95,12.28,12.49,7165283,89746928.00
2011/03/23,12.40,12.57,12.30,12.50,6565306,81552368.00
2011/03/24,12.46,12.74,12.26,12.46,5905611,73641792.00
2011/03/25,12.55,12.60,12.35,12.39,5033320,62567220.00
2011/03/28,12.42,13.20,12.32,12.98,10182378,129832984.00
2011/03/29,12.89,13.45,12.30,12.42,9149809,118606560.00
2011/03/30,12.45,13.50,12.45,13.20,11724131,154219616.00
2011/03/31,13.15,14.08,12.88,13.54,16477524,224796320.00
2011/04/01,13.10,13.62,13.01,13.32,7284881,96985336.00
2011/04/06,13.23,14.32,13.13,14.17,10728659,147984576.00
2011/04/07,14.15,14.24,13.76,13.90,6519136,90891304.00
2011/04/08,13.83,14.15,13.55,13.60,8088796,110936184.00
2011/04/11,13.52,13.89,13.20,13.82,7781021,105093040.00
2011/04/12,13.61,14.15,13.50,13.62,7503541,103924864.00
2011/04/13,13.58,13.60,13.21,13.40,4092012,54821144.00
2011/04/14,13.40,13.78,13.27,13.50,4161964,56437236.00
2011/04/15,13.35,13.55,12.41,12.43,11704581,150019536.00
2011/04/18,12.38,12.38,11.92,12.20,7713377,93429960.00
2011/04/19,12.15,12.41,12.02,12.25,4658397,57242816.00
2011/04/20,12.21,12.46,12.12,12.40,2992413,36818668.00
2011/04/21,12.37,12.83,12.36,12.42,3508211,44088276.00
2011/04/22,12.55,12.57,12.32,12.39,2482290,30869620.00
2011/04/25,12.42,12.42,11.92,11.97,3008266,36317980.00
2011/04/26,11.96,12.20,11.55,11.60,3197436,38113880.00
2011/04/27,11.60,11.93,11.57,11.70,1956150,22881830.00
2011/04/28,11.80,11.80,11.02,11.12,3183969,35930380.00
2011/04/29,11.08,11.40,11.08,11.30,1895215,21375784.00
2011/05/03,11.22,11.54,11.08,11.43,1283452,14550245.00
2011/05/04,11.39,11.39,11.10,11.25,1157958,13003339.00
2011/05/05,11.27,11.52,11.14,11.44,1345671,15242960.00
2011/05/06,11.36,11.55,11.30,11.43,1339922,15315774.00
2011/05/09,11.59,11.59,11.30,11.36,1570324,17943142.00
2011/05/10,11.47,12.06,11.45,11.89,4756462,56385688.00
2011/05/11,11.82,12.44,11.75,12.21,4197590,51353952.00
2011/05/12,12.22,12.36,11.76,11.77,3910410,46936340.00
2011/05/13,11.70,12.33,11.58,12.25,4098494,49198560.00
2011/05/16,12.20,12.36,11.95,12.05,2973795,36018844.00
2011/05/17,12.03,12.20,11.80,11.93,2363319,28265598.00
2011/05/18,11.94,12.20,11.82,12.08,1575881,18968066.00
2011/05/19,12.10,12.28,12.02,12.08,2466699,29973102.00
2011/05/20,12.11,12.13,11.60,11.71,2557480,30309898.00
2011/05/23,11.66,11.67,10.91,10.95,2821430,31776224.00
2011/05/24,10.90,11.04,10.55,10.80,2605971,28002030.00
2011/05/25,10.90,10.93,10.34,10.35,1743487,18525390.00
2011/05/26,10.56,10.60,10.40,10.43,1440069,15112999.00
2011/05/30,10.30,10.30,9.39,9.39,2777632,26639382.00
2011/05/31,9.30,9.70,9.30,9.68,1658323,15788410.00
2011/06/01,9.69,10.08,9.59,10.03,1813174,17954890.00
2011/06/02,9.86,10.26,9.81,10.08,1799734,17976560.00
2011/06/03,10.09,10.25,10.01,10.20,1952284,19781100.00
2011/06/07,10.10,10.63,10.10,10.60,3445222,36001064.00
2011/06/08,10.58,10.90,10.43,10.78,1935197,20657214.00
2011/06/09,10.62,10.94,10.53,10.54,1885865,20184912.00
2011/06/10,10.60,10.72,10.25,10.55,1848438,19256174.00
2011/06/13,10.36,10.95,10.31,10.90,2743737,29160896.00
2011/06/14,10.90,11.42,10.70,11.30,3816727,42363088.00
2011/06/15,11.30,11.65,11.12,11.19,2636447,29879910.00
2011/06/16,11.09,11.35,10.99,11.20,2608924,29251176.00
2011/06/17,11.28,11.75,11.06,11.55,4581344,52427956.00
2011/06/20,11.42,11.76,10.96,11.10,3264735,36738364.00
2011/06/21,11.09,11.20,10.65,10.89,2871358,31177068.00
2011/06/22,10.90,11.30,10.82,11.30,2444777,27186152.00
2011/06/23,11.30,11.72,11.11,11.48,2610404,29834144.00
2011/06/24,11.46,11.65,11.33,11.50,3271193,37607820.00
2011/06/27,11.50,11.70,11.36,11.54,2052073,23651270.00
2011/06/28,11.55,11.64,11.18,11.26,2462155,27777032.00
2011/06/29,11.21,11.39,11.04,11.08,1647250,18482268.00
2011/06/30,11.12,11.35,11.07,11.31,2030865,22832626.00
2011/07/01,11.34,11.56,11.20,11.26,2023810,23069844.00
2011/07/04,11.36,11.85,11.29,11.82,4837843,56538576.00
2011/07/05,11.83,11.91,11.73,11.83,2982396,35299568.00
2011/07/06,11.90,12.48,11.78,12.14,7095256,86619552.00
2011/07/07,12.14,12.33,12.00,12.18,5417662,65958552.00
2011/07/08,12.10,12.34,12.01,12.17,2794539,34036912.00
2011/07/11,12.20,12.46,12.15,12.30,3494275,43017580.00
2011/07/12,12.41,13.53,12.39,13.20,19430757,258541680.00
2011/07/14,13.25,14.12,13.00,13.30,22568270,302734592.00
2011/07/15,13.04,13.99,13.04,13.70,16995150,231476992.00
2011/07/18,13.58,13.91,13.30,13.70,10133228,138226992.00
2011/07/19,13.60,14.10,13.32,13.88,7934137,108821304.00
2011/07/20,13.74,13.90,13.41,13.54,7094806,96308312.00
2011/07/21,13.43,13.55,13.15,13.40,7434691,99131768.00
2011/07/22,13.39,13.43,13.07,13.25,6120066,81101840.00
2011/07/25,13.30,13.64,13.14,13.26,7462995,99620208.00
2011/07/26,13.20,13.57,13.10,13.27,4233429,56419380.00
2011/07/27,13.15,14.60,13.15,14.60,14042840,196813184.00
2011/07/28,14.62,15.15,14.39,14.85,11778599,173560768.00
2011/07/29,14.60,14.91,14.33,14.60,6678442,97369392.00
2011/08/01,14.60,14.82,14.32,14.80,6005792,87537104.00
2011/08/02,14.73,14.97,14.36,14.95,5328926,78116152.00
2011/08/03,14.70,16.25,14.62,15.35,12370858,192661696.00
2011/08/04,15.20,15.60,15.07,15.56,6544152,100605664.00
2011/08/05,15.08,15.68,14.78,15.40,7411617,113403208.00
2011/08/08,15.30,15.58,14.10,14.57,10331437,152271664.00
2011/08/09,14.00,14.50,13.40,14.28,6243263,87834352.00
2011/08/10,14.51,15.71,14.38,14.70,15903406,242907088.00
2011/08/11,14.21,14.93,14.00,14.43,11015441,159060304.00
2011/08/12,14.51,15.50,14.51,15.16,13629858,205356208.00
2011/08/15,14.97,16.30,14.95,16.23,12659672,199343856.00
2011/08/16,16.00,16.25,15.79,15.96,6647976,106320208.00
2011/08/17,16.05,16.72,15.75,16.65,9841133,160828192.00
2011/08/18,16.65,16.89,16.28,16.65,7392459,122800792.00
2011/08/19,16.50,16.50,16.08,16.26,5578196,90725112.00
2011/08/22,16.30,16.58,15.90,16.08,5046694,81582120.00
2011/08/23,16.27,16.36,15.96,16.35,4041560,65380080.00
2011/08/24,16.35,16.94,16.21,16.86,6338150,105061304.00
2011/08/25,16.82,17.35,16.50,16.80,6817321,115255888.00
2011/08/26,16.84,17.10,16.59,16.76,3538317,59423376.00
2011/08/29,16.76,17.08,15.91,15.94,6765945,110082272.00
2011/08/30,15.95,16.36,15.54,16.05,5447789,87186536.00
2011/08/31,16.05,16.15,15.29,15.29,5861449,91659040.00
2011/09/01,15.12,15.72,14.91,15.09,5966065,90943904.00
2011/09/02,15.02,15.42,14.70,15.29,4255524,64346800.00
2011/09/05,15.20,15.46,15.00,15.30,3293795,50367740.00
2011/09/06,15.24,15.24,14.51,14.90,5475319,81365712.00
2011/09/07,14.90,15.50,14.90,15.15,3083899,46836428.00
2011/09/08,15.25,15.97,15.25,15.71,6600570,102957600.00
2011/09/09,15.60,15.72,15.15,15.16,2871166,44264736.00
2011/09/13,15.20,15.20,14.57,14.91,4548904,67401600.00
2011/09/14,14.92,15.30,14.80,15.22,2295852,34581640.00
2011/09/15,15.40,15.40,14.75,14.86,3300799,49869788.00
2011/09/16,14.72,15.10,14.68,14.90,3268842,48503004.00
2011/09/19,14.70,15.15,14.65,14.97,2016661,30150472.00
2011/09/20,14.97,15.35,14.82,14.98,1331399,19987188.00
2011/09/21,15.00,15.78,14.91,15.63,3780063,58318164.00
2011/09/22,15.63,15.95,15.48,15.60,3881081,61168828.00
2011/09/23,15.25,15.70,14.63,15.43,2450150,37320636.00
2011/09/26,15.43,15.58,15.00,15.13,1826861,27775144.00
2011/09/27,15.20,15.40,14.94,15.10,1418819,21502640.00
2011/09/28,15.10,15.80,15.01,15.18,3421562,52865064.00
2011/09/29,15.10,15.38,13.66,13.66,6116820,85005184.00
2011/09/30,13.41,13.88,13.03,13.55,3376340,45221804.00
2011/10/10,13.60,14.22,13.60,13.90,3305693,46319900.00
2011/10/11,14.11,14.65,13.95,14.05,2920478,41773592.00
2011/10/12,14.05,14.50,13.96,14.39,2586232,36857592.00
2011/10/13,14.46,14.60,14.20,14.58,1584311,22909510.00
2011/10/14,14.58,14.58,14.30,14.40,961920,13852200.00
2011/10/17,14.89,14.89,14.30,14.75,3028328,44238600.00
2011/10/18,14.60,14.88,14.35,14.45,2013545,29470002.00
2011/10/19,14.45,14.73,13.55,13.76,2492617,35672600.00
2011/10/20,13.81,14.38,13.52,13.74,3613022,50322128.00
2011/10/21,13.81,13.97,13.55,13.60,1180760,16249634.00
2011/10/24,13.61,13.77,13.08,13.55,2050925,27457516.00
2011/10/25,13.60,14.90,13.55,14.71,3890611,56059360.00
2011/10/26,14.70,14.82,14.47,14.63,2403903,35144808.00
2011/10/27,14.53,14.80,14.40,14.40,1272600,18474068.00
2011/10/28,14.80,14.88,14.40,14.66,1919152,27955446.00
2011/10/31,14.53,15.14,14.53,15.09,2861810,42666900.00
2011/11/01,14.90,15.33,14.77,15.10,2379186,35909000.00
2011/11/02,14.85,15.16,14.67,15.16,1818000,27170876.00
2011/11/03,15.20,15.78,15.08,15.43,4735093,73210552.00
2011/11/04,15.43,15.85,15.40,15.72,3226139,50475544.00
2011/11/07,15.82,15.95,15.35,15.35,1689069,26222636.00
2011/11/08,15.35,15.35,14.68,14.87,2987778,44597600.00
2011/11/09,14.95,15.23,14.50,15.15,2865012,42614824.00
2011/11/10,14.93,15.41,14.86,15.10,1999030,30347014.00
2011/11/11,15.28,16.60,15.27,16.16,9270603,147696464.00
2011/11/14,16.15,16.55,16.09,16.35,5408435,88077600.00
2011/11/15,16.32,16.99,16.20,16.65,4446992,73972112.00
2011/11/16,16.31,16.79,16.09,16.18,2992113,48839844.00
2011/11/17,16.15,16.65,16.10,16.41,2443297,40169476.00
2011/11/18,16.42,16.68,15.63,16.01,3171571,51318124.00
2011/11/21,15.85,16.15,15.55,15.73,1951428,30771100.00
2011/11/22,15.49,15.95,15.17,15.85,1791651,27896832.00
2011/11/23,15.89,15.99,15.35,15.35,2181658,34220148.00
2011/11/24,15.15,15.64,15.00,15.52,2013004,30956544.00
2011/11/25,15.50,15.75,15.37,15.50,1032432,16084295.00
2011/11/28,15.37,15.75,15.37,15.55,1502568,23452386.00
2011/11/29,15.77,15.77,15.20,15.64,3213626,49808600.00
2011/11/30,15.60,15.65,14.35,14.40,3292793,49249948.00
2011/12/01,15.57,15.68,13.98,14.00,11858077,173515744.00
2011/12/02,13.05,14.22,13.05,13.55,6503421,88541672.00
2011/12/05,13.45,13.61,12.90,13.15,3916051,51706956.00
2011/12/06,13.08,13.40,12.95,13.29,1733355,22786564.00
2011/12/07,13.29,13.50,13.22,13.42,1189654,15912816.00
2011/12/08,13.42,13.52,13.18,13.21,1513417,20168872.00
2011/12/09,13.20,13.36,12.40,12.75,4369894,56189716.00
2011/12/12,12.52,12.83,12.35,12.60,2175100,27319108.00
2011/12/13,12.50,12.79,12.37,12.60,1989213,24974522.00
2011/12/14,12.60,13.84,12.50,13.47,4860115,64793440.00
2011/12/15,13.40,13.53,13.00,13.36,2219712,29505980.00
2011/12/16,13.44,13.85,13.30,13.81,3512861,47987660.00
2011/12/19,13.81,13.81,13.03,13.51,2464644,32848252.00
2011/12/20,13.23,13.60,13.12,13.12,1541818,20505616.00
2011/12/21,13.15,13.30,11.81,11.81,3024497,38220260.00
2011/12/22,11.58,11.58,10.63,10.66,5314027,56687452.00
2011/12/23,10.45,10.68,9.87,10.15,5881212,59584136.00
2011/12/26,10.14,10.29,9.90,9.96,2256893,22852528.00
2011/12/27,9.96,9.96,8.96,8.96,7682757,70081928.00
2011/12/28,8.77,8.77,8.28,8.57,6176439,52324792.00
2011/12/29,8.50,8.90,8.40,8.55,5202394,44852100.00
2011/12/30,8.50,8.69,8.45,8.59,3281313,28094402.00
2012/01/04,8.62,8.79,7.73,7.73,5461215,45018956.00
2012/01/05,7.44,7.66,7.18,7.60,7143931,52904292.00
2012/01/06,7.55,8.08,7.31,8.01,4913930,37667932.00
2012/01/09,7.98,8.40,7.77,8.26,5229265,42583088.00
2012/01/10,8.21,8.74,8.15,8.60,7325393,62070920.00
2012/01/11,8.58,8.96,8.37,8.79,5978268,52013752.00
2012/01/12,8.73,8.90,8.63,8.69,3696267,32427000.00
2012/01/13,8.66,8.74,8.05,8.13,4304984,35665572.00
2012/01/16,8.01,8.12,7.41,7.47,2701035,21053446.00
2012/01/17,7.48,8.22,7.31,8.22,3679598,28849232.00
2012/01/18,8.35,9.04,8.30,8.45,8957665,78268968.00
2012/01/19,8.30,8.64,8.25,8.40,2870942,24250758.00
2012/01/20,8.43,8.56,8.21,8.28,3142484,26274604.00
2012/01/30,8.25,8.65,8.21,8.35,2592769,21888526.00
2012/01/31,8.25,8.49,8.13,8.25,1997376,16545476.00
2012/02/01,8.30,9.08,8.18,8.55,16390499,144406336.00
2012/02/02,8.45,9.36,8.35,9.17,13888835,123637920.00
2012/02/03,9.08,9.45,8.93,9.28,9163932,84926568.00
2012/02/06,9.50,9.59,9.10,9.59,7788372,72572392.00
2012/02/07,9.42,10.50,9.36,10.18,11765309,116811920.00
2012/02/08,10.28,10.48,9.81,10.40,10627383,107099368.00
2012/02/09,10.15,10.38,10.02,10.24,9003180,91634632.00
2012/02/10,10.15,10.58,10.02,10.39,8063006,83002872.00
2012/02/13,10.15,10.48,10.06,10.31,6501476,66441148.00
2012/02/14,10.25,10.78,10.12,10.34,8547818,89627448.00
2012/02/15,10.25,10.68,10.15,10.65,8397397,87938504.00
2012/02/16,10.71,11.00,10.51,11.00,9717555,104708536.00
2012/02/17,11.00,11.15,10.65,10.65,7772796,84555336.00
2012/02/20,10.74,11.10,10.56,10.70,8399936,90938936.00
2012/02/21,10.66,11.01,10.41,10.69,8099622,86318344.00
2012/02/22,10.70,11.00,10.49,10.99,9783805,105275488.00
2012/02/23,10.90,11.08,10.73,10.81,7382785,80434416.00
2012/02/24,10.85,11.20,10.70,11.10,9293837,101879704.00
2012/02/27,11.10,11.18,10.85,10.85,9197113,101071872.00
2012/02/28,10.74,10.79,10.12,10.18,12151819,126077824.00
2012/02/29,10.14,10.33,9.90,10.27,5820780,59022992.00
2012/03/01,10.18,10.32,10.12,10.19,3135704,32095632.00
2012/03/02,10.28,10.45,10.20,10.37,4498478,46580152.00
2012/03/05,10.41,10.85,10.40,10.74,8198464,87724672.00
2012/03/06,10.70,11.09,10.67,10.94,9638514,104776376.00
2012/03/07,10.85,11.49,10.78,11.19,11056691,124422280.00
2012/03/08,11.28,11.66,11.18,11.32,8775488,100062352.00
2012/03/09,11.37,11.44,10.92,11.22,9334430,103790592.00
2012/03/12,11.03,11.48,10.95,11.48,10423097,116709616.00
2012/03/13,11.44,11.58,11.24,11.30,6717006,76291112.00
2012/03/14,11.30,11.36,10.33,10.41,11238075,122568440.00
2012/03/15,10.35,10.66,10.21,10.36,6482619,67770464.00
2012/03/16,10.35,10.64,10.24,10.55,5375978,56346808.00
2012/03/19,10.54,11.30,10.43,11.22,8096855,88021968.00
2012/03/20,11.10,11.50,10.80,11.41,8726303,97826016.00
2012/03/21,11.41,12.08,11.31,12.01,15935232,187641712.00
2012/03/22,11.90,12.24,11.64,11.92,8138977,96790400.00
2012/03/23,11.79,12.15,11.64,11.79,8128041,96758944.00
2012/03/26,11.83,12.66,11.70,12.46,9663118,117347408.00
2012/03/27,12.43,12.98,12.02,12.07,11451577,143726688.00
2012/03/28,11.70,11.88,10.86,11.39,12404284,140042816.00
2012/03/29,11.23,12.00,10.80,11.97,9782289,113155288.00
2012/03/30,11.83,12.38,11.53,12.30,9677385,116373320.00
2012/04/05,12.25,12.56,12.02,12.42,7825700,96679224.00
2012/04/06,12.28,12.47,12.09,12.27,5871096,72108440.00
2012/04/09,12.27,12.78,12.15,12.47,9639302,121098768.00
2012/04/10,12.34,12.45,11.68,12.31,7924351,95576080.00
2012/04/11,12.33,12.35,11.88,12.10,4679542,56521112.00
2012/04/12,11.94,12.65,11.94,12.51,7748394,95984512.00
2012/04/13,12.38,12.58,12.22,12.32,5159846,63781724.00
2012/04/16,12.06,12.77,12.00,12.31,7081999,88578304.00
2012/04/17,12.20,12.37,11.84,11.86,5436732,65263212.00
2012/04/18,11.86,12.25,11.77,12.02,3812944,45769556.00
2012/04/19,11.89,12.25,11.89,11.96,2632487,31627934.00
2012/04/20,11.92,12.14,11.70,11.71,3877487,46129004.00
2012/04/23,11.72,11.90,11.01,11.35,5347132,61552504.00
2012/04/24,11.35,11.61,11.00,11.43,4061413,46116596.00
2012/04/26,11.33,11.97,11.33,11.74,3955202,46597616.00
2012/04/27,11.88,12.17,11.76,11.86,3958063,47505596.00
2012/05/02,11.96,12.10,11.50,11.95,4395582,52133512.00
2012/05/03,11.92,12.15,11.70,11.95,2821055,33660860.00
2012/05/04,11.91,12.10,11.85,12.09,3311737,39746968.00
2012/05/07,12.09,12.37,11.92,12.37,5416596,66134740.00
2012/05/08,12.30,12.49,12.18,12.42,3349180,41305484.00
2012/05/09,12.30,12.40,12.03,12.03,2580637,31542402.00
2012/05/10,12.01,12.44,12.01,12.23,2710161,33229922.00
2012/05/11,12.24,12.36,12.05,12.07,1937099,23611574.00
2012/05/14,12.15,12.19,11.69,11.70,3790553,45056832.00
2012/05/15,11.65,11.65,11.30,11.48,2912754,33395538.00
2012/05/16,11.51,11.73,11.40,11.40,1531632,17696024.00
2012/05/17,11.42,11.88,11.40,11.74,2483527,29154020.00
2012/05/18,11.67,11.85,11.45,11.49,1447826,16832930.00
2012/05/21,11.60,11.67,11.18,11.39,1523899,17282014.00
2012/05/22,11.39,11.50,11.28,11.49,1785053,20323590.00
2012/05/23,11.59,11.59,11.28,11.48,1164179,13326889.00
2012/05/24,11.47,11.47,11.00,11.12,2153761,24112602.00
2012/05/25,11.10,11.22,10.30,10.63,3850957,41321088.00
2012/05/28,10.45,10.89,10.35,10.89,1587598,16918078.00
2012/05/29,10.82,11.26,10.71,11.21,2357721,26073278.00
2012/05/30,11.09,11.48,11.07,11.09,1922017,21700088.00
2012/05/31,11.10,11.46,11.05,11.38,2357005,26701418.00
2012/06/01,11.38,11.57,11.25,11.43,1462207,16662765.00
2012/06/04,11.20,11.28,10.80,10.81,2119769,23393114.00
2012/06/05,10.81,11.00,10.71,10.80,1080461,11675796.00
2012/06/06,10.85,11.06,10.80,10.90,724823,7903423.50
2012/06/07,11.01,11.15,10.85,10.87,816487,8988496.00
2012/06/08,10.95,11.04,10.75,10.87,962511,10459114.00
2012/06/11,10.87,10.93,10.68,10.87,1935903,20915236.00
2012/06/12,10.85,10.86,10.40,10.58,1477892,15770863.00
2012/06/13,10.56,10.75,10.41,10.70,1829133,19387446.00
2012/06/14,10.70,10.70,10.46,10.52,1867933,19714124.00
2012/06/15,10.46,10.66,10.41,10.51,1076409,11326118.00
2012/06/18,10.60,10.64,10.50,10.53,912208,9634753.00
2012/06/19,10.59,10.70,10.49,10.69,1010384,10728127.00
2012/06/20,10.74,10.85,10.61,10.66,566921,6088070.50
2012/06/21,10.79,10.79,10.32,10.68,973989,10209049.00
2012/06/25,10.65,10.65,10.36,10.41,670082,6993511.50
2012/06/26,10.40,10.50,9.80,9.98,1977713,19879676.00
2012/06/27,9.96,10.08,9.45,9.46,2538699,24674358.00
2012/06/28,9.50,9.65,9.00,9.10,2048828,18818932.00
2012/06/29,9.08,9.23,8.85,9.17,1043084,9469500.00
2012/07/02,9.17,9.27,8.95,9.08,1713091,15629654.00
2012/07/03,9.11,9.11,8.87,8.91,1800204,16143689.00
2012/07/04,8.94,8.94,8.61,8.76,2275439,19955676.00
2012/07/05,8.77,8.98,8.75,8.80,1660521,14699979.00
2012/07/06,8.89,8.89,8.35,8.75,2120013,18219438.00
2012/07/09,8.59,8.72,8.21,8.21,1869378,15785622.00
2012/07/10,8.20,8.26,7.90,7.93,1757681,14095704.00
2012/07/11,7.87,8.07,7.85,8.07,1088419,8688008.00
2012/07/12,8.09,8.22,7.91,8.19,1149432,9284136.00
2012/07/13,8.18,8.28,8.01,8.14,1398943,11389631.00
2012/07/16,8.05,8.05,7.70,7.70,1485931,11715202.00
2012/07/17,7.73,8.18,7.70,8.14,2373107,19057550.00
2012/07/18,8.18,8.61,8.10,8.59,3906681,32738176.00
2012/07/19,8.63,8.68,8.40,8.50,2744914,23405850.00
2012/07/20,8.47,8.53,8.30,8.44,1058175,8928745.00
2012/07/23,8.30,8.61,8.26,8.54,1232678,10453625.00
2012/07/24,8.50,8.58,8.40,8.48,1235986,10473242.00
2012/07/25,8.45,8.46,8.24,8.27,1177757,9857923.00
2012/07/26,8.21,8.35,8.18,8.22,852381,7038406.50
2012/07/27,8.25,8.28,8.11,8.23,813535,6660754.50
2012/07/30,8.10,8.26,7.50,7.84,1588732,12603469.00
2012/07/31,7.73,7.88,7.48,7.60,1330601,10124354.00
2012/08/01,7.60,7.79,7.58,7.65,1270458,9757056.00
2012/08/02,7.65,7.68,7.48,7.64,801461,6070439.50
2012/08/03,7.65,8.40,7.65,8.40,1776663,14742092.00
2012/08/06,8.80,9.07,8.50,8.88,6682285,58814308.00
2012/08/07,8.77,9.42,8.72,9.20,6933490,63259796.00
2012/08/08,9.04,9.15,8.89,9.08,3912863,35181156.00
2012/08/09,9.09,9.25,8.82,9.14,4503779,40766276.00
2012/08/10,9.03,9.20,8.92,8.99,1897620,17160700.00
2012/08/13,8.90,9.00,8.55,8.59,4528704,39438652.00
2012/08/14,8.60,8.65,8.18,8.50,3570953,29920794.00
2012/08/15,8.43,9.35,8.29,9.35,12092921,109558072.00
2012/08/16,9.15,9.57,9.08,9.11,9770869,90822712.00
2012/08/17,8.98,9.04,8.79,8.96,4340099,38703828.00
2012/08/20,8.88,9.20,8.72,9.15,3749206,33746352.00
2012/08/21,9.20,9.88,9.07,9.46,6459142,60582880.00
2012/08/22,9.40,9.48,9.11,9.22,4068628,37730152.00
2012/08/23,9.16,9.37,9.12,9.23,2199743,20314976.00
2012/08/24,9.15,9.76,9.15,9.44,6832648,64880868.00
2012/08/27,9.24,9.84,9.20,9.83,8598023,82612200.00
2012/08/28,9.81,10.15,9.50,9.58,7462142,72679232.00
2012/08/29,9.42,9.56,9.32,9.42,3670592,34545728.00
2012/08/30,9.35,9.47,8.80,8.97,4213740,38353712.00
2012/08/31,8.88,9.14,8.81,9.08,1758541,15861292.00
2012/09/03,9.06,9.29,8.90,9.18,2278652,20788432.00
2012/09/04,9.17,9.24,8.72,8.80,3002798,27050076.00
2012/09/05,8.63,8.96,8.43,8.81,2827131,24560248.00
2012/09/06,8.70,8.98,8.60,8.94,2025508,17856716.00
2012/09/07,9.05,9.41,8.96,9.22,5475272,50340576.00
2012/09/10,9.15,9.35,9.11,9.26,3092489,28578568.00
2012/09/11,9.20,9.25,9.05,9.19,2572800,23561168.00
2012/09/12,9.18,9.37,9.10,9.27,2838656,26281598.00
2012/09/13,9.31,9.52,9.10,9.10,4466191,41721964.00
2012/09/14,9.20,9.25,8.81,8.90,3146506,28158736.00
2012/09/17,8.91,9.01,8.51,8.55,1963504,17027494.00
2012/09/18,8.55,8.62,8.35,8.36,1543429,13059683.00
2012/09/19,8.44,8.51,8.27,8.31,1617959,13538063.00
2012/09/20,8.34,8.34,7.81,7.87,2460242,19877592.00
2012/09/21,7.87,8.15,7.85,8.05,2508104,20040966.00
2012/09/24,7.88,8.25,7.80,8.12,1492519,12017575.00
2012/09/25,8.10,8.21,7.88,7.90,1343292,10772171.00
2012/09/26,7.91,7.94,7.50,7.55,1845489,14177904.00
2012/09/27,7.62,7.83,7.57,7.72,2155312,16645920.00
2012/09/28,7.64,7.98,7.64,7.93,1624358,12835665.00
2012/10/08,7.95,8.08,7.80,8.05,2301854,18371012.00
2012/10/09,8.07,8.19,7.99,8.18,2340701,19045888.00
2012/10/10,8.18,8.35,8.13,8.24,1835561,15077226.00
2012/10/11,8.24,8.38,8.10,8.13,2134884,17624800.00
2012/10/12,8.12,8.20,7.95,8.01,2040367,16421233.00
2012/10/15,7.98,8.13,7.94,8.08,1712426,13726622.00
2012/10/16,8.00,8.05,7.92,7.96,2369392,18892532.00
2012/10/17,7.99,8.06,7.93,8.05,1109359,8891153.00
2012/10/18,8.06,8.22,8.01,8.20,1829399,14869750.00
2012/10/19,8.16,8.27,8.10,8.10,1494158,12201560.00
2012/10/22,8.05,8.06,7.80,8.01,1818238,14407214.00
2012/10/23,8.00,8.05,7.93,7.98,1582898,12646316.00
2012/10/24,7.95,8.47,7.90,8.38,5245098,43402768.00
2012/10/25,8.21,8.46,8.02,8.04,2794098,22870082.00
2012/10/26,8.04,8.11,7.82,7.88,2174551,17209314.00
2012/10/29,7.89,7.93,7.81,7.86,745638,5860643.50
2012/10/30,7.86,7.93,7.70,7.78,2029891,15844386.00
2012/10/31,7.72,7.89,7.70,7.77,1259507,9802016.00
2012/11/01,7.78,7.92,7.75,7.89,2216862,17356378.00
2012/11/02,7.89,7.91,7.78,7.87,1245817,9765551.00
2012/11/05,7.84,8.37,7.78,8.19,5298702,43186028.00
2012/11/06,8.08,8.13,7.85,7.97,2825120,22552622.00
2012/11/07,7.93,8.26,7.93,8.08,3016905,24568626.00
2012/11/08,8.00,8.03,7.61,7.69,2914805,22801140.00
2012/11/09,7.61,7.74,7.55,7.72,1168568,8957226.00
2012/11/12,7.79,7.79,7.60,7.70,645173,4955784.50
2012/11/13,7.70,7.70,7.56,7.61,795486,6059923.00
2012/11/14,7.60,7.68,7.52,7.60,700218,5329354.50
2012/11/15,7.60,7.60,7.37,7.38,1025250,7658408.00
2012/11/16,7.36,7.42,6.95,7.07,2618470,18557182.00
2012/11/19,7.11,7.15,6.82,7.00,1993952,13920721.00
2012/11/20,7.01,7.13,6.93,6.99,1346086,9424228.00
2012/11/21,6.96,7.13,6.91,7.02,2456373,17145418.00
2012/11/22,7.02,7.24,6.95,7.09,3115538,22130800.00
2012/11/23,7.12,7.22,7.02,7.12,2054647,14620212.00
2012/11/26,7.12,7.14,6.83,6.87,1554772,10777758.00
2012/11/27,6.85,6.90,6.22,6.38,3335009,21539082.00
2012/11/28,6.33,6.49,6.18,6.24,2221639,13951521.00
2012/11/29,6.24,6.37,6.12,6.15,1070813,6684840.00
2012/11/30,6.22,6.37,6.12,6.34,1762033,11037177.00
2012/12/03,6.30,6.36,5.97,6.00,1100877,6815839.00
2012/12/04,5.99,6.59,5.86,6.31,3791997,23707372.00
2012/12/05,6.21,6.65,6.21,6.56,3413252,22143372.00
2012/12/06,6.54,6.56,6.39,6.50,1620492,10468248.00
2012/12/07,6.42,6.80,6.41,6.61,3949007,26324580.00
2012/12/10,6.61,6.73,6.51,6.70,1998869,13314916.00
2012/12/11,6.70,6.98,6.58,6.70,4092655,27734162.00
2012/12/12,6.68,6.89,6.55,6.76,3641468,24400910.00
2012/12/13,6.76,6.83,6.61,6.62,1813780,12132660.00
2012/12/14,6.68,6.93,6.58,6.87,3037755,20689626.00
2012/12/17,6.87,7.11,6.81,6.92,2580265,17955180.00
2012/12/18,6.93,7.07,6.81,6.92,3474000,23993470.00
2012/12/19,6.91,7.13,6.78,7.03,4009158,28094730.00
2012/12/20,6.96,7.01,6.80,6.89,2261550,15594808.00
2012/12/21,6.89,7.05,6.80,7.01,4074905,28179114.00
2012/12/24,6.96,7.08,6.91,6.99,1962218,13700139.00
2012/12/25,7.00,7.18,6.94,7.13,4003539,28488138.00
2012/12/26,7.13,7.26,7.09,7.26,3530537,25452250.00
2012/12/27,7.22,7.43,7.15,7.43,4202562,30634248.00
2012/12/28,7.40,7.76,7.37,7.68,6625638,50155072.00
2012/12/31,7.71,7.88,7.56,7.69,4058435,31261878.00
2013/01/04,7.70,7.80,7.48,7.55,3344405,25296006.00
2013/01/07,7.58,7.58,7.40,7.53,1935411,14490549.00
2013/01/08,7.56,7.78,7.42,7.77,5426185,41381984.00
2013/01/09,7.74,7.74,7.45,7.66,4665921,35794760.00
2013/01/10,7.58,7.78,7.58,7.74,3227687,24840362.00
2013/01/11,7.69,7.81,7.61,7.65,3429281,26429700.00
2013/01/14,7.64,7.79,7.50,7.76,3227387,24796932.00
2013/01/15,7.77,8.54,7.74,8.17,7486839,61282944.00
2013/01/16,8.10,8.37,7.96,8.21,4267658,34605240.00
2013/01/17,8.17,8.24,7.93,8.10,2522834,20402352.00
2013/01/18,8.08,8.21,8.06,8.15,1773696,14421262.00
2013/01/21,8.20,8.22,8.07,8.17,1303768,10607447.00
2013/01/22,8.17,8.17,7.80,7.88,3299952,26265740.00
2013/01/23,7.78,7.88,7.58,7.75,3958905,30535800.00
2013/01/24,7.70,7.80,7.43,7.55,3717875,28250802.00
2013/01/25,7.49,7.59,7.38,7.50,1182749,8856632.00
2013/01/28,7.52,7.81,7.52,7.73,2477941,19055092.00
2013/01/29,7.73,7.82,7.68,7.75,1813221,14056930.00
2013/01/30,7.71,7.82,7.65,7.76,2461088,19026964.00
2013/01/31,7.75,7.75,7.43,7.50,1881601,14308414.00
2013/02/01,7.53,7.55,7.39,7.43,2542648,18921104.00
2013/02/04,7.47,7.52,7.33,7.38,1320161,9771848.00
2013/02/05,7.39,7.53,7.20,7.45,1756756,12935959.00
2013/02/06,7.48,7.54,7.36,7.49,1600050,11925721.00
2013/02/07,7.47,7.73,7.45,7.62,2107440,15971008.00
2013/02/08,7.63,7.95,7.50,7.91,3011329,23486418.00
2013/02/18,7.91,7.98,7.84,7.87,1861641,14703487.00
2013/02/19,7.90,7.91,7.67,7.71,2008108,15575501.00
2013/02/20,7.70,7.78,7.63,7.77,1352028,10429730.00
2013/02/21,7.78,8.12,7.66,8.02,5137792,40704184.00
2013/02/22,7.99,8.07,7.90,7.96,3187864,25399180.00
2013/02/25,7.91,8.00,7.70,7.96,3123493,24623906.00
2013/02/26,7.82,7.90,7.76,7.79,1693825,13279381.00
2013/02/27,7.79,7.92,7.73,7.92,1737575,13626232.00
2013/02/28,7.90,8.57,7.90,8.32,6876030,57030468.00
2013/03/01,8.22,8.55,8.14,8.46,5639396,47118608.00
2013/03/04,8.30,8.62,8.22,8.26,4493649,37841596.00
2013/03/05,8.31,9.09,8.30,9.09,11909865,106533808.00
2013/03/06,9.45,9.73,9.09,9.29,13064978,122607104.00
2013/03/07,9.14,9.50,8.87,8.94,9899020,90612048.00
2013/03/08,8.91,8.93,8.55,8.71,7691300,67013336.00
2013/03/11,8.68,9.00,8.61,8.76,4815211,42549020.00
2013/03/12,8.80,8.98,8.55,8.96,5134616,45385852.00
2013/03/13,8.87,8.99,8.38,8.52,4404603,38285992.00
2013/03/14,8.56,8.88,8.46,8.67,3414608,29720680.00
2013/03/15,8.72,9.25,8.61,9.21,5779361,51893500.00
2013/03/18,9.10,9.40,8.95,9.33,5262322,48334860.00
2013/03/19,9.29,9.75,9.03,9.13,7091863,66536844.00
2013/03/20,9.03,9.46,9.03,9.28,4456258,41165304.00
2013/03/21,9.27,9.35,9.06,9.21,3947092,36215556.00
2013/03/22,9.16,9.34,9.03,9.31,4211903,38681392.00
2013/03/25,9.25,9.43,9.12,9.28,3480463,32198384.00
2013/03/26,9.13,9.23,8.80,8.96,3562939,32040740.00
2013/03/27,8.96,9.06,8.72,8.82,2690276,23869234.00
2013/03/28,8.75,9.10,8.32,8.88,4353807,38255104.00
2013/03/29,8.88,9.00,8.66,8.87,1674760,14710893.00
2013/04/01,8.81,9.06,8.76,9.04,2059619,18370174.00
2013/04/02,9.09,9.10,8.85,9.00,2033592,18177994.00
2013/04/03,8.96,9.02,8.68,8.72,1637838,14436147.00
2013/04/08,8.57,8.71,8.40,8.64,1143631,9774965.00
2013/04/09,8.65,8.86,8.60,8.81,1215123,10647627.00
2013/04/10,8.75,8.86,8.70,8.81,907192,7974124.00
2013/04/11,8.81,8.95,8.74,8.82,1332089,11762971.00
2013/04/12,8.84,8.84,8.60,8.64,1114344,9633209.00
2013/04/15,8.59,8.69,8.50,8.56,736620,6323520.00
2013/04/16,8.51,8.57,8.22,8.53,863634,7280464.50
2013/04/17,8.46,8.53,8.30,8.45,750439,6337420.00
2013/04/18,8.45,8.55,8.20,8.28,2250498,18900632.00
2013/04/19,8.21,8.48,8.21,8.32,2346685,19640030.00
2013/04/22,8.34,8.34,8.06,8.15,2530061,20617218.00
2013/04/23,8.15,8.30,8.05,8.06,1867102,15231865.00
2013/04/24,8.15,8.16,7.90,8.07,1539463,12377705.00
2013/04/25,8.06,8.16,7.95,7.97,1364741,10993847.00
2013/04/26,8.04,8.12,7.78,7.80,1621802,12794123.00
2013/05/02,7.69,7.75,7.41,7.50,2281386,17156344.00
2013/05/03,7.56,7.90,7.54,7.85,1785497,13733781.00
2013/05/06,7.83,7.97,7.81,7.89,1614520,12753212.00
2013/05/07,7.94,8.09,7.80,8.03,1767778,14147109.00
2013/05/08,8.04,8.19,7.94,8.08,1213137,9797512.00
2013/05/09,8.02,8.24,8.02,8.24,2026765,16514065.00
2013/05/10,8.28,8.28,8.09,8.16,1303387,10634764.00
2013/05/13,8.16,8.98,8.05,8.73,5245952,45375156.00
2013/05/14,8.73,8.73,8.48,8.62,2154176,18499202.00
2013/05/15,8.56,8.78,8.56,8.65,1658075,14391313.00
2013/05/16,8.66,8.71,8.50,8.68,2116394,18277872.00
2013/05/17,8.70,9.00,8.61,8.93,3684352,32767626.00
2013/05/20,8.85,9.15,8.76,8.89,2932124,26137596.00
2013/05/21,8.84,9.18,8.81,8.98,3012695,27145110.00
2013/05/22,9.04,9.04,8.79,8.82,1612339,14312215.00
2013/05/23,8.86,8.86,8.68,8.72,1593747,13934842.00
2013/05/24,8.69,8.96,8.69,8.95,1574309,13922692.00
2013/05/27,8.90,8.93,8.68,8.76,2272182,19940010.00
2013/05/28,8.73,9.03,8.66,8.98,3229352,28819144.00
2013/05/29,9.00,9.20,8.95,8.99,2310626,20958410.00
2013/05/30,8.91,9.09,8.83,9.05,2614492,23447502.00
2013/05/31,9.03,9.05,8.84,8.86,2577416,22947614.00
2013/06/03,8.81,8.89,8.70,8.75,1514459,13268633.00
2013/06/04,8.80,8.80,8.46,8.53,2175400,18694240.00
2013/06/05,8.58,8.58,8.40,8.54,1685261,14284257.00
2013/06/06,8.48,8.60,8.25,8.27,1679389,14179988.00
2013/06/07,8.30,8.44,8.23,8.30,1117115,9291929.00
2013/06/13,8.24,8.24,7.95,8.10,1107489,8925336.00
2013/06/14,8.18,8.26,8.10,8.23,876647,7171873.50
2013/06/17,8.25,8.44,8.19,8.38,1399492,11582927.00
2013/06/18,8.38,8.44,8.13,8.34,1546033,12806133.00
2013/06/19,8.31,8.31,8.13,8.27,432102,3547792.50
2013/06/20,8.23,8.23,7.90,7.93,1605886,12865353.00
2013/06/21,7.89,7.97,7.50,7.91,911247,7108519.50
2013/06/24,7.93,7.93,7.18,7.36,2202918,16503873.00
2013/06/25,7.26,7.33,6.62,7.15,1927088,13425079.00
2013/06/26,7.15,7.16,6.85,7.12,1601461,11200441.00
2013/06/27,7.14,7.25,6.98,6.98,1291254,9188874.00
2013/06/28,7.00,7.09,6.87,7.09,974758,6829922.00
2013/07/01,7.07,7.28,6.95,7.28,880361,6280113.00
2013/07/02,7.28,7.31,7.18,7.29,720159,5218967.50
2013/07/03,7.33,7.33,7.09,7.16,750471,5380417.00
2013/07/04,7.20,7.47,7.12,7.38,1019107,7433340.50
2013/07/05,7.37,7.48,7.35,7.37,740613,5483936.50
2013/07/08,7.20,7.34,7.03,7.03,774824,5534474.50
2013/07/09,7.18,7.20,7.07,7.17,396481,2827297.25
2013/07/10,7.21,7.34,7.10,7.33,584657,4254460.00
2013/07/11,7.31,7.56,7.25,7.44,1009627,7542207.50
2013/07/12,7.55,7.62,7.29,7.32,943703,7028663.00
2013/07/15,7.37,7.51,7.24,7.48,932332,6927840.00
2013/07/16,7.50,7.83,7.45,7.76,1424293,10904352.00
2013/07/17,7.77,8.08,7.70,7.90,1663745,13158714.00
2013/07/18,7.80,7.98,7.71,7.84,656666,5153141.50
2013/07/19,7.90,7.90,7.54,7.55,723507,5595439.50
2013/07/22,7.49,7.73,7.40,7.54,888076,6720490.50
2013/07/23,7.60,8.17,7.60,8.15,1520945,11981990.00
2013/07/24,8.04,8.14,7.90,7.96,1150735,9165047.00
2013/07/25,8.03,8.05,7.79,7.84,794500,6242623.00
2013/07/26,7.81,7.95,7.75,7.80,640770,5008420.00
2013/07/29,7.68,7.78,7.56,7.62,660857,5059844.50
2013/07/30,7.69,7.79,7.51,7.60,535959,4069670.50
2013/07/31,7.68,7.80,7.58,7.77,781151,6015332.00
2013/08/01,7.72,7.90,7.72,7.88,723733,5659487.00
2013/08/02,7.80,7.98,7.80,7.89,435468,3437112.25
2013/08/05,7.88,7.96,7.81,7.91,824590,6508106.00
2013/08/06,8.00,8.00,7.83,7.92,711633,5632041.00
2013/08/07,7.94,7.97,7.73,7.81,855513,6715234.50
2013/08/08,7.84,7.85,7.60,7.75,898609,6939717.50
2013/08/09,7.75,7.82,7.65,7.75,947224,7295599.00
2013/08/12,7.76,7.93,7.70,7.89,1562866,12251573.00
2013/08/13,7.89,8.10,7.89,8.08,1958174,15748594.00
2013/08/14,8.05,8.23,7.93,8.06,2042170,16506114.00
2013/08/15,8.00,8.13,7.91,7.96,1021888,8160909.00
2013/08/16,7.99,8.10,7.85,7.87,1172030,9305577.00
2013/08/19,7.89,8.04,7.76,8.03,1320772,10443236.00
2013/08/20,8.03,8.12,7.98,8.07,1068796,8613430.00
2013/08/21,8.09,8.12,8.02,8.08,966501,7799810.50
2013/08/22,7.97,8.35,7.97,8.17,1175672,9631845.00
2013/08/23,8.24,8.60,8.12,8.55,3169354,26657776.00
2013/08/26,8.55,8.60,8.41,8.55,1900134,16206213.00
2013/08/27,8.54,8.56,8.40,8.52,1549084,13136907.00
2013/08/28,8.51,8.96,8.40,8.65,2853700,24906452.00
2013/08/29,8.65,8.93,8.65,8.79,2135033,18688828.00
2013/08/30,8.78,8.88,8.66,8.74,1564989,13712800.00
2013/09/02,8.76,8.94,8.67,8.70,1464802,12847350.00
2013/09/03,8.67,8.83,8.60,8.70,1667121,14507983.00
2013/09/04,8.71,8.83,8.67,8.78,1567445,13737391.00
2013/09/05,8.82,8.82,8.60,8.71,1200557,10416315.00
2013/09/06,8.75,8.75,8.50,8.54,2062116,17696922.00
2013/09/09,8.50,8.62,8.48,8.49,1566326,13374248.00
2013/09/10,8.54,8.54,8.41,8.50,1317348,11169095.00
2013/09/11,8.54,8.54,8.30,8.36,1601091,13426864.00
2013/09/12,8.41,9.20,8.35,9.20,6490495,58409008.00
2013/09/13,9.10,10.09,9.06,9.69,9286288,88412072.00
2013/09/16,9.60,9.85,9.44,9.74,4856382,46864156.00
2013/09/17,9.71,9.79,9.33,9.37,3617212,34413840.00
2013/09/18,9.30,9.65,9.22,9.40,2297168,21655236.00
2013/09/23,9.41,9.55,9.30,9.46,2122333,19996964.00
2013/09/24,9.53,9.60,9.38,9.49,2239739,21241126.00
2013/09/25,9.41,9.58,9.35,9.35,1664956,15734039.00
2013/09/26,9.28,9.40,9.11,9.18,2231150,20518954.00
2013/09/27,9.07,9.38,9.06,9.24,1483144,13768931.00
2013/09/30,9.21,9.59,9.20,9.59,1847126,17539418.00
2013/10/08,9.54,9.65,9.37,9.55,1939169,18425832.00
2013/10/09,9.59,9.59,9.38,9.54,1840977,17519084.00
2013/10/10,9.57,9.58,9.30,9.31,1733334,16280164.00
2013/10/11,9.31,9.66,9.26,9.50,1904558,18014244.00
2013/10/14,9.50,9.87,9.50,9.69,2587925,25123556.00
2013/10/15,9.69,9.74,9.41,9.46,2026016,19217918.00
2013/10/16,9.46,9.50,9.22,9.29,1760925,16387899.00
2013/10/17,9.40,9.50,9.21,9.30,1740333,16285360.00
2013/10/18,9.30,9.53,9.22,9.39,1487268,13957056.00
2013/10/21,9.44,9.59,9.35,9.55,2004414,19066836.00
2013/10/22,9.49,9.93,9.46,9.68,2629252,25495310.00
2013/10/23,9.55,9.82,9.38,9.50,2198650,20984064.00
2013/10/24,9.57,9.90,9.45,9.85,2854239,27747198.00
2013/10/25,9.87,9.90,9.71,9.84,2698874,26437082.00
2013/10/28,9.72,9.83,9.36,9.48,2311625,22122190.00
2013/10/29,9.49,9.49,8.70,8.87,2898689,26322980.00
2013/10/30,8.87,9.19,8.81,8.98,1577574,14222769.00
2013/10/31,8.98,9.07,8.66,9.06,1712737,15237884.00
2013/11/01,8.97,9.15,8.84,9.07,1172096,10505652.00
2013/11/04,9.05,9.05,8.81,8.90,748150,6672108.50
2013/11/05,8.95,9.25,8.75,9.17,2176474,19771130.00
2013/11/06,9.21,9.21,8.90,9.01,1593719,14428037.00
2013/11/07,9.01,9.08,8.88,8.95,769331,6880026.50
2013/11/08,8.83,8.94,8.54,8.62,1625039,14070879.00
2013/11/11,8.62,8.73,8.48,8.66,1082012,9332647.00
2013/11/12,8.74,8.78,8.58,8.78,474422,4130281.75
2013/11/13,8.70,9.06,8.66,8.87,1294717,11528347.00
2013/11/14,8.87,9.13,8.70,8.99,906696,8050585.00
2013/11/15,9.06,9.06,8.88,9.01,1962446,17660740.00
2013/11/18,9.01,9.10,8.82,9.02,2151023,19270816.00
2013/11/19,8.96,9.06,8.90,9.02,1034884,9277171.00
2013/11/20,9.02,9.03,8.90,9.00,819800,7346096.50
2013/11/21,9.00,9.00,8.71,8.91,1864339,16480085.00
2013/11/22,8.86,8.93,8.72,8.82,1374261,12074894.00
2013/11/25,8.75,8.79,8.67,8.73,867651,7568519.00
2013/11/26,8.67,8.75,8.61,8.70,634493,5504250.00
2013/11/27,8.70,8.93,8.68,8.93,941760,8305858.00
2013/11/28,8.95,9.08,8.82,9.04,2134578,19066110.00
2013/11/29,8.93,9.00,8.83,8.93,1203500,10709397.00
2013/12/02,8.58,8.59,8.04,8.04,2523801,20617128.00
2013/12/03,7.91,7.94,7.29,7.89,3861412,29476354.00
2013/12/04,7.78,8.27,7.62,8.13,3119347,24887630.00
2013/12/05,8.05,8.51,8.01,8.36,2939893,24255152.00
2013/12/06,8.29,8.50,8.27,8.46,1846046,15474850.00
2013/12/09,8.42,8.95,8.42,8.87,3657652,32188674.00
2013/12/10,8.82,9.03,8.80,8.80,1603869,14269319.00
2013/12/11,8.80,8.95,8.76,8.93,1982028,17568518.00
2013/12/12,8.95,9.08,8.93,8.96,2484844,22348510.00
2013/12/13,8.88,9.01,8.82,9.01,1309727,11673705.00
2013/12/16,9.08,9.08,8.85,8.90,1144600,10215028.00
2013/12/17,8.85,8.97,8.84,8.89,580606,5153405.50
2013/12/18,8.95,8.95,8.86,8.94,747155,6667382.50
2013/12/19,8.98,8.98,8.65,8.77,1485794,13045775.00
2013/12/20,8.66,8.78,8.66,8.75,637150,5557774.00
2013/12/23,8.75,9.09,8.62,8.76,1283572,11395598.00
2013/12/24,8.78,8.80,8.49,8.66,1382726,11877016.00
2013/12/25,8.68,8.74,8.53,8.73,647431,5611937.00
2013/12/26,8.77,8.81,8.70,8.73,604799,5295151.00
2013/12/27,8.70,8.77,8.62,8.74,747718,6501950.00
2013/12/30,8.80,8.86,8.68,8.71,496899,4352211.00
2013/12/31,8.70,8.70,8.33,8.60,1077856,9158163.00
2014/01/02,8.61,8.70,8.51,8.68,493813,4267659.00
2014/01/03,8.65,8.72,8.55,8.68,724500,6266752.50
2014/01/06,8.61,8.65,8.44,8.52,755700,6439150.50
2014/01/07,8.57,8.59,8.34,8.53,556700,4722172.00
2014/01/08,8.59,8.59,8.10,8.34,1635100,13536155.00
2014/01/09,8.34,8.34,8.03,8.19,1008148,8214824.00
2014/01/10,8.10,8.19,7.78,8.00,1516813,12057480.00
2014/01/13,7.81,7.98,7.63,7.74,723800,5647436.00
2014/01/14,7.82,7.82,7.62,7.78,909007,7011537.50
2014/01/15,7.77,7.91,7.70,7.82,419815,3271000.50
2014/01/16,7.85,7.90,7.58,7.78,552943,4306899.50
2014/01/17,7.85,7.85,7.65,7.74,459954,3546387.75
2014/01/20,7.70,7.72,7.39,7.55,437173,3304104.25
2014/01/21,7.55,7.68,7.52,7.58,317777,2409078.00
2014/01/22,7.58,7.97,7.58,7.91,1269631,9917886.00
2014/01/23,7.96,7.99,7.88,7.92,543900,4310066.50
2014/01/24,7.90,8.10,7.87,8.07,768922,6161345.50
2014/01/27,7.80,8.05,7.70,7.93,761064,5962883.50
2014/01/28,7.81,7.91,7.76,7.80,547173,4288934.00
2014/01/29,7.77,7.90,7.70,7.80,437270,3417941.00
2014/01/30,7.97,8.58,7.93,8.58,4150719,34956296.00
2014/02/07,8.60,9.10,8.45,8.83,5077935,44311336.00
2014/02/10,8.70,8.88,8.62,8.87,2986832,26180592.00
2014/02/11,8.75,8.90,8.59,8.68,2406929,21045592.00
2014/02/12,8.70,8.77,8.53,8.77,1643601,14251266.00
2014/02/13,8.75,9.48,8.63,9.40,4970966,44934704.00
2014/02/14,9.39,9.39,9.01,9.23,3799792,34962852.00
2014/02/17,9.11,9.45,9.10,9.22,2689835,24884672.00
2014/02/18,9.16,9.16,8.90,9.06,2402876,21711170.00
2014/02/19,9.06,9.44,9.06,9.17,3043399,28294954.00
2014/02/20,9.17,9.41,8.88,8.94,2220681,19989522.00
2014/02/21,8.90,9.40,8.05,9.38,4424782,40146728.00
2014/02/24,9.28,9.32,8.87,9.25,1969589,18078422.00
2014/02/25,9.25,9.30,8.80,8.84,2609358,23452290.00
2014/02/26,8.81,9.00,8.61,8.96,1413986,12505688.00
2014/02/27,8.98,9.08,8.55,8.60,1670755,14760312.00
2014/02/28,8.56,9.02,8.11,9.00,1898215,16639478.00
2014/03/03,8.95,9.15,8.81,9.05,1175548,10591012.00
2014/03/04,8.95,9.06,8.61,8.99,1118066,9959878.00
2014/03/05,9.00,9.01,8.90,8.94,894061,7994036.00
2014/03/06,9.03,9.03,8.77,8.86,898088,7949087.50
2014/03/07,8.79,8.87,8.67,8.74,839971,7365135.50
2014/03/10,8.70,8.74,8.35,8.39,1314124,11200015.00
2014/03/11,8.48,8.48,8.11,8.36,678940,5650046.50
2014/03/12,8.44,8.49,8.20,8.34,870900,7276457.00
2014/03/13,8.44,8.66,8.31,8.50,1005353,8521501.00
2014/03/14,8.45,8.66,8.45,8.56,769117,6573587.00
2014/03/17,8.56,8.81,8.46,8.69,1208352,10483945.00
2014/03/18,8.75,8.75,8.53,8.69,720496,6245039.50
2014/03/19,8.68,8.69,8.51,8.57,951091,8145192.50
2014/03/20,8.58,8.65,8.38,8.38,687992,5861151.00
2014/03/21,8.30,8.52,8.21,8.46,1113215,9331010.00
2014/03/24,8.45,8.57,8.17,8.56,1634872,13767699.00
2014/03/25,8.49,8.60,8.36,8.46,879430,7503554.00
2014/03/26,8.46,8.61,8.37,8.50,712802,6043370.00
2014/03/27,8.50,8.55,8.22,8.22,1396498,11715241.00
2014/03/28,8.20,8.34,8.14,8.21,847225,6983470.00
2014/03/31,8.21,8.27,8.10,8.14,699448,5729058.50
2014/04/01,8.11,8.23,8.11,8.22,838552,6850920.00
2014/04/02,8.28,8.28,8.16,8.25,405860,3333122.50
2014/04/03,8.27,8.40,8.16,8.40,597702,4946855.50
2014/04/04,8.40,8.58,8.22,8.54,1283740,10899808.00
2014/04/08,8.55,8.65,8.40,8.48,969324,8252801.00
2014/04/09,8.50,8.62,8.40,8.47,758754,6446098.00
2014/04/10,8.43,8.55,8.43,8.47,847700,7196478.00
2014/04/11,8.47,8.50,8.29,8.36,1207541,10186175.00
2014/04/14,8.35,8.35,8.12,8.25,1711111,14025062.00
2014/04/15,8.26,8.26,8.13,8.13,1036002,8477557.00
2014/04/16,8.13,8.19,8.06,8.09,842013,6841895.50
2014/04/18,7.81,8.49,7.81,8.30,5080756,41648804.00
2014/04/21,8.18,8.35,8.18,8.26,1367283,11316855.00
2014/04/22,8.30,8.30,7.92,8.18,1478648,12059058.00
2014/04/23,8.18,8.30,8.13,8.29,798492,6568476.50
2014/04/24,8.26,8.26,8.07,8.13,972706,7918833.00
2014/04/25,8.08,8.13,7.93,7.99,591101,4765440.00
2014/04/28,7.92,7.96,7.59,7.59,1633541,12469390.00
2014/04/29,7.59,7.60,7.21,7.34,1911835,13940300.00
2014/04/30,7.34,7.59,7.26,7.48,1390703,10362906.00
2014/05/05,7.48,7.77,7.43,7.65,753575,5694222.50
2014/05/06,7.73,7.73,7.60,7.66,951856,7271500.50
2014/05/07,7.60,7.70,7.58,7.59,964361,7368690.50
2014/05/08,7.65,7.65,7.42,7.59,339500,2579795.50
2014/05/09,7.60,7.65,7.50,7.65,450967,3422007.75
2014/05/12,7.64,7.73,7.58,7.70,714345,5488015.00
2014/05/13,7.77,7.77,7.62,7.68,366013,2818016.00
2014/05/14,7.70,8.06,7.65,8.06,1341046,10605528.00
2014/05/15,8.06,8.36,8.02,8.12,1554000,12693812.00
2014/05/16,8.12,8.20,7.95,8.16,621571,5008149.00
2014/05/19,8.10,8.30,8.00,8.27,824575,6769371.50
2014/05/20,8.27,8.38,8.18,8.35,802384,6646016.00
2014/05/21,8.31,8.70,8.22,8.57,1734257,14834281.00
2014/05/22,8.48,8.58,8.37,8.45,888802,7554236.50
2014/05/23,8.38,8.74,8.38,8.58,1296291,11119721.00
2014/05/26,8.59,8.59,8.40,8.53,883697,7506296.50
2014/05/27,8.51,8.53,8.43,8.51,498879,4224514.50
2014/05/28,8.48,8.51,8.17,8.27,1551540,12839454.00
2014/05/29,8.25,8.33,8.08,8.17,1110888,9112010.00
2014/05/30,8.26,8.26,8.09,8.23,945071,7726526.50
2014/06/03,8.25,8.25,8.07,8.08,994400,8098612.00
2014/06/04,8.12,8.12,8.00,8.09,771978,6225882.00
2014/06/05,8.09,8.22,8.03,8.22,649592,5268143.00
2014/06/06,8.20,8.22,8.06,8.16,621146,5051660.00
2014/06/09,8.06,8.13,7.99,8.06,908121,7318872.50
2014/06/10,8.07,8.18,7.95,8.11,994929,8024361.00
2014/06/11,8.02,8.16,8.02,8.11,754740,6104482.50
2014/06/12,8.14,8.17,8.07,8.14,685150,5565947.00
2014/06/13,8.14,8.20,8.07,8.14,628831,5114857.50
2014/06/16,8.18,8.18,8.10,8.11,663301,5383727.00
2014/06/17,8.11,8.12,7.90,7.98,1050412,8400394.00
2014/06/18,7.98,7.98,7.82,7.85,1050849,8296622.50
2014/06/19,8.08,8.08,7.68,7.70,747424,5850913.00
2014/06/20,7.75,7.87,7.61,7.75,504303,3884242.25
2014/06/23,7.66,7.82,7.66,7.80,786549,6108615.00
2014/06/24,7.82,7.86,7.77,7.83,582988,4559253.50
2014/06/25,7.88,7.88,7.78,7.84,476113,3717719.25
2014/06/26,7.80,7.88,7.73,7.88,990111,7758961.50
2014/06/27,7.89,8.16,7.86,8.04,676456,5418881.50
2014/06/30,8.04,8.08,7.92,8.01,1168300,9353143.00
2014/07/01,8.00,8.41,7.98,8.38,2401810,19821656.00
2014/07/02,8.38,8.49,8.25,8.40,1148842,9614157.00
2014/07/03,8.31,8.43,8.31,8.33,654000,5471296.00
2014/07/04,8.36,8.38,8.30,8.36,529490,4416467.00
2014/07/07,8.30,8.31,8.13,8.19,1024222,8378690.50
2014/07/08,8.16,8.21,8.14,8.18,1197197,9763212.00
2014/07/09,8.17,8.18,8.04,8.10,1541709,12517765.00
2014/07/10,8.02,8.12,8.00,8.04,861182,6915282.50
2014/07/11,8.02,8.20,8.00,8.19,1324476,10751765.00
2014/07/14,8.11,8.18,8.06,8.15,1702949,13843603.00
2014/07/15,8.16,8.21,8.08,8.19,1702535,13853098.00
2014/07/16,8.15,8.50,8.13,8.48,2059156,17137916.00
2014/07/17,8.50,8.50,8.29,8.38,1681559,14127970.00
2014/07/18,8.39,8.40,8.33,8.40,792741,6633584.00
2014/07/21,8.39,8.39,8.20,8.30,1032490,8558421.00
2014/07/22,8.23,8.31,8.21,8.30,1233636,10194772.00
2014/07/23,8.29,8.29,8.10,8.23,804651,6639345.00
2014/07/24,8.26,8.26,8.10,8.15,964639,7860837.00
2014/07/25,8.18,8.35,8.12,8.28,950715,7859063.50
2014/07/28,8.29,8.45,8.23,8.39,1267500,10571641.00
2014/07/29,8.40,8.43,8.30,8.35,1509990,12625015.00
2014/07/30,8.32,8.57,8.32,8.46,2730411,23027636.00
2014/07/31,8.44,8.64,8.43,8.60,2390281,20459486.00
2014/08/01,8.56,8.68,8.53,8.62,2266904,19504560.00
2014/08/04,8.55,8.64,8.52,8.56,2219269,19022980.00
2014/08/05,8.56,8.56,8.38,8.52,2160645,18280810.00
2014/08/06,8.46,8.78,8.43,8.75,3327702,28583520.00
2014/08/07,8.73,8.95,8.66,8.88,3216244,28554666.00
2014/08/08,8.92,9.32,8.85,9.32,6772712,62469768.00
2014/08/11,9.28,9.36,9.11,9.26,3057614,28249630.00
2014/08/12,9.24,9.48,9.14,9.35,2348909,21941356.00
2014/08/13,9.31,9.82,9.29,9.78,3886273,37397680.00
2014/08/14,9.73,9.98,9.66,9.69,3858654,37996944.00
2014/08/15,9.65,9.85,9.42,9.80,2311227,22340152.00
2014/08/18,9.88,9.97,9.67,9.71,2336990,22908714.00
2014/08/19,9.71,9.71,9.52,9.65,2415854,23213680.00
2014/08/20,9.61,9.78,9.61,9.67,1404254,13591686.00
2014/08/21,9.67,9.84,9.60,9.83,1486666,14430666.00
2014/08/22,9.85,10.32,9.76,10.21,2714244,27414142.00
2014/08/25,10.10,10.26,9.91,10.00,2064195,20862364.00
2014/08/26,9.90,10.09,9.51,9.58,2393279,23489230.00
2014/08/27,9.51,9.65,9.44,9.51,2501416,23807582.00
2014/08/28,9.54,9.91,9.51,9.59,2297510,22265462.00
2014/08/29,9.65,10.07,9.59,10.07,2525128,25045182.00
2014/09/01,9.96,10.21,9.93,10.13,2630285,26432824.00
2014/09/02,10.15,10.36,10.13,10.17,2574905,26387302.00
2014/09/03,10.14,10.31,10.00,10.19,2130779,21631528.00
2014/09/04,10.20,10.68,10.11,10.40,2810460,29014400.00
2014/09/05,10.41,10.59,10.35,10.48,2159327,22640700.00
2014/09/09,10.40,10.96,10.40,10.79,2687157,28872772.00
2014/09/10,10.79,10.79,10.48,10.60,2933605,31000464.00
2014/09/11,10.59,10.78,10.31,10.60,4115000,43162028.00
2014/09/12,10.59,10.74,10.48,10.72,2285672,24233766.00
2014/09/15,10.72,10.87,10.66,10.68,2060598,22156076.00
2014/09/16,10.65,10.88,10.28,10.28,3414459,36128988.00
2014/09/17,10.28,10.51,10.13,10.45,3713823,38300584.00
2014/09/18,10.32,10.83,10.31,10.75,2745005,29018506.00
2014/09/19,10.78,10.89,10.58,10.85,3633075,38986676.00
2014/09/22,10.80,10.80,10.41,10.50,2236708,23659384.00
2014/09/23,10.50,10.68,10.44,10.54,1374995,14505467.00
2014/09/24,10.57,10.72,10.40,10.58,3628563,38363356.00
2014/09/25,10.50,10.66,10.44,10.46,2345662,24728852.00
2014/09/26,10.44,10.50,10.30,10.47,2233713,23237686.00
2014/09/29,10.49,10.99,10.49,10.99,4939538,53641344.00
2014/09/30,11.10,11.35,10.94,11.02,3656103,40565724.00
2014/10/08,11.05,11.11,10.60,10.81,5211051,56264044.00
2014/10/09,10.80,11.00,10.67,10.95,4454949,48269636.00
2014/10/10,10.90,11.50,10.83,11.45,10086506,114851688.00
2014/10/13,11.39,11.60,11.07,11.59,4226396,47975636.00
2014/10/14,11.36,11.64,11.01,11.01,8803700,99314792.00
2014/10/15,10.88,10.95,10.46,10.55,9922881,105073136.00
2014/10/16,10.46,10.72,10.36,10.37,5066281,53503256.00
2014/10/17,10.33,10.35,9.85,10.05,5844688,58545092.00
2014/10/20,10.09,10.49,9.93,10.30,3306796,33622244.00
2014/10/21,10.28,10.61,10.19,10.29,2399727,24766930.00
2014/10/22,10.28,10.37,10.01,10.04,2767400,28100492.00
2014/10/23,10.00,10.07,9.68,9.77,3047894,30091558.00
2014/10/24,9.78,9.84,9.52,9.58,2117534,20520454.00
2014/10/27,9.60,9.68,9.50,9.58,2407700,23091484.00
2014/10/28,9.62,9.84,9.61,9.82,3456005,33727832.00
2014/10/29,9.85,10.03,9.85,9.97,3358787,33414698.00
2014/10/30,10.00,10.05,9.87,9.94,3214082,32038500.00
2014/10/31,9.97,10.00,9.67,9.76,3755000,36847224.00
2014/11/03,9.86,10.25,9.86,10.25,6836870,69511784.00
2014/11/04,10.25,10.52,10.20,10.50,7038749,72993736.00
2014/11/05,10.45,10.65,10.31,10.50,4343939,45713260.00
2014/11/06,10.65,10.74,10.45,10.71,4777579,50827932.00
2014/11/07,10.65,10.84,10.46,10.51,4125495,43887724.00
2014/11/10,10.51,10.53,10.15,10.25,4616280,47282684.00
2014/11/11,10.20,10.20,9.74,9.86,6686100,65685060.00
2014/11/12,9.77,9.94,9.60,9.93,2932398,28697390.00
2014/11/13,9.88,9.95,9.72,9.77,2176236,21290200.00
2014/11/14,9.70,10.12,9.63,9.97,2345381,23296912.00
2014/11/17,9.90,10.10,9.85,9.93,2418272,24119918.00
2014/11/18,9.93,10.05,9.87,10.00,1816702,18062372.00
2014/11/19,9.95,10.05,9.92,10.04,2164901,21674294.00
2014/11/20,9.90,9.94,9.75,9.83,2907708,28545812.00
2014/11/21,9.78,10.05,9.76,10.02,3486654,34660612.00
2014/11/24,10.05,10.12,9.88,10.00,4502764,45007740.00
2014/11/25,9.96,10.07,9.86,10.02,3523053,35174664.00
2014/11/26,10.01,10.18,9.98,10.10,3180838,31980518.00
2014/11/27,10.14,10.61,10.08,10.42,7170703,74923264.00
2014/11/28,10.44,10.80,10.35,10.54,5932280,62702176.00
2014/12/01,10.50,10.50,10.01,10.01,5570077,56694572.00
2014/12/02,9.93,10.14,9.90,10.06,3712483,37353244.00
2014/12/03,10.00,10.08,9.81,9.94,5015030,49740276.00
2014/12/04,9.96,10.18,9.90,10.02,5238923,52523632.00
2014/12/05,9.95,10.02,9.52,9.69,6189477,60219836.00
2014/12/08,9.52,9.63,9.38,9.45,4721816,44896960.00
2014/12/09,9.39,9.39,8.98,8.98,6312661,57015796.00
2014/12/10,8.87,9.12,8.58,9.09,4436992,39420792.00
2014/12/11,9.00,9.32,8.89,9.22,3814717,34899728.00
2014/12/12,9.22,9.36,9.15,9.30,1911179,17702584.00
2014/12/15,9.27,9.43,9.01,9.37,3535713,32797338.00
2014/12/16,9.37,9.39,9.17,9.26,2534219,23499938.00
2014/12/17,9.26,9.30,9.02,9.16,2840055,26002582.00
2014/12/18,9.13,9.33,9.08,9.11,1942500,17900588.00
2014/12/19,9.11,9.20,9.06,9.20,2842953,25916512.00
2014/12/22,9.23,9.43,8.74,8.77,4908598,44300148.00
2014/12/23,8.75,8.97,8.70,8.80,1396189,12351913.00
2014/12/24,8.81,9.12,8.81,9.10,2040103,18421780.00
2014/12/25,9.12,9.32,9.08,9.22,1914460,17671720.00
2014/12/26,9.18,9.36,9.11,9.31,1780257,16491046.00
2014/12/29,9.23,9.29,8.98,9.13,2646023,24048932.00
2014/12/30,9.06,9.21,9.02,9.08,2621000,23852494.00
2015/01/20,9.30,9.53,9.25,9.53,2259762,21249390.00
2015/01/21,10.01,10.01,10.01,10.01,576053,5766290.50
2015/01/22,10.45,10.45,10.08,10.24,12415818,127832448.00
2015/01/23,10.18,10.75,10.18,10.75,8661360,92538488.00
2015/01/26,10.90,11.29,10.77,11.15,9140631,101471280.00
2015/01/27,11.22,11.40,11.05,11.16,5986554,66972400.00
2015/01/28,11.15,11.70,10.90,11.43,7357760,83479296.00
2015/01/29,11.36,11.65,11.25,11.32,3804934,43459996.00
2015/01/30,11.25,11.40,11.00,11.14,4468916,49830384.00
2015/02/02,11.00,11.35,10.92,11.12,3179265,35517524.00
2015/02/03,11.11,11.39,11.05,11.29,3729006,41834168.00
2015/02/04,11.29,11.80,11.16,11.72,6135686,71004584.00
2015/02/05,11.64,12.29,11.64,12.17,5918959,71697992.00
2015/02/06,12.10,12.15,11.70,11.74,3657053,43326024.00
2015/02/09,11.69,11.69,11.20,11.28,3275858,37241448.00
2015/02/10,11.26,11.39,11.18,11.31,2145339,24208118.00
2015/02/11,11.49,11.59,11.16,11.20,2774129,31208130.00
2015/02/12,11.15,11.68,11.10,11.55,3662035,42142484.00
2015/02/13,11.59,11.98,11.59,11.82,3520965,41622916.00
2015/02/16,11.83,12.41,11.69,12.37,4320625,52986868.00
2015/02/17,12.46,12.92,12.46,12.68,3973656,50224652.00
2015/02/25,12.68,13.13,12.52,13.01,4293070,55542688.00
2015/02/26,13.00,13.00,12.73,12.94,2754741,35381300.00
2015/02/27,12.98,13.09,12.86,12.99,2422667,31377522.00
2015/03/02,12.87,12.99,12.71,12.81,3694196,47318596.00
2015/03/03,12.76,13.22,12.70,12.85,4491978,58333828.00
2015/03/04,12.84,13.29,12.79,13.19,4029587,52402532.00
2015/03/05,13.15,13.39,13.00,13.29,2587004,34125748.00
2015/03/06,13.29,13.95,13.29,13.95,2015158,27820288.00
2015/03/09,14.58,14.58,14.00,14.28,4942068,70568992.00
2015/03/10,14.08,14.32,14.00,14.08,2733595,38552788.00
2015/03/11,14.08,14.60,14.00,14.11,2382597,34013500.00
2015/03/12,14.13,14.47,13.78,13.91,3960036,55767640.00
2015/03/13,13.85,14.15,13.80,14.07,2675618,37368008.00
2015/03/16,14.07,14.32,14.07,14.22,3601946,51132656.00
2015/03/17,14.22,14.88,14.06,14.88,5531509,79945944.00
2015/03/18,14.80,15.58,14.69,14.89,5631916,84566448.00
2015/03/19,14.66,15.35,14.35,15.22,7663219,114243824.00
2015/03/20,15.28,15.35,15.01,15.23,3579488,54230496.00
2015/03/23,15.25,15.39,15.10,15.33,5877045,89383088.00
2015/03/24,15.33,15.34,14.56,14.96,8150568,121130240.00
2015/03/25,14.96,14.96,14.53,14.60,6349754,93192520.00
2015/03/26,14.60,15.33,14.32,15.33,8029226,120938288.00
2015/03/30,15.38,15.80,14.62,15.21,12151519,184962032.00
2015/03/31,15.20,15.36,14.81,15.36,6844625,102821728.00
2015/04/01,15.36,16.74,15.36,16.54,8790052,141160480.00
2015/04/02,16.65,17.43,16.26,17.08,6846738,113827856.00
2015/04/03,16.70,17.64,16.70,17.30,6456058,110940408.00
2015/04/07,17.00,17.20,16.70,16.95,6214038,105410576.00
2015/04/08,16.95,17.05,16.41,16.78,7771552,129789184.00
2015/04/09,16.53,17.27,15.71,17.20,6458530,106485592.00
2015/04/10,17.19,17.75,16.80,17.55,5193902,90627304.00
2015/04/13,17.45,17.78,17.26,17.40,4569129,79844888.00
2015/04/14,17.58,17.58,16.83,17.14,4333507,74596368.00
2015/04/15,17.14,17.14,16.29,16.30,4485138,74413128.00
2015/04/16,16.30,16.90,16.04,16.38,5156730,84387416.00
2015/04/17,16.30,17.35,16.30,16.47,5635071,94155296.00
2015/04/20,16.49,17.00,16.30,16.65,6675435,111632800.00
2015/04/21,16.75,18.32,16.50,18.32,9299720,164055488.00
2015/04/22,18.85,20.15,18.52,19.28,13489772,262995408.00
2015/04/23,19.30,20.98,18.92,20.50,11499277,229937216.00
2015/04/24,19.55,21.22,19.50,20.70,11309739,232840608.00
2015/04/27,21.00,21.20,20.33,20.73,8101972,168501856.00
2015/04/28,20.70,20.70,19.00,19.68,7785674,154399664.00
2015/04/29,19.58,20.30,19.13,19.85,6577733,128881320.00
2015/04/30,19.87,20.30,19.19,19.30,6358549,125404768.00
2015/05/04,19.30,19.48,18.35,18.84,5390740,101206968.00
2015/05/05,18.80,18.98,18.19,18.87,6158015,114510464.00
2015/05/06,18.87,19.67,18.60,18.65,5776553,110614960.00
2015/05/07,18.66,18.93,17.65,17.86,5095526,91739664.00
2015/05/08,18.00,19.00,17.96,19.00,5627332,103740720.00
2015/05/11,18.98,19.60,18.46,19.53,8387910,159806560.00
2015/05/12,19.70,21.21,19.68,21.00,13857857,285334944.00
2015/05/13,20.90,21.46,20.35,20.91,8568145,178917088.00
2015/05/14,20.80,20.99,19.80,20.24,6002297,122169080.00
2015/05/15,20.49,21.66,19.55,21.32,8860824,181866624.00
2015/05/18,21.00,21.95,20.50,21.56,6556148,139768192.00
2015/05/19,21.50,22.50,21.10,21.75,6074376,133105080.00
2015/05/20,21.75,21.90,21.33,21.48,7015052,151272960.00
2015/05/21,21.40,23.63,21.17,23.63,10270949,227261696.00
2015/05/22,23.90,25.79,23.46,24.06,14501790,353910656.00
2015/05/25,23.35,26.40,22.76,25.69,14084929,346470208.00
2015/05/26,25.48,26.50,25.25,26.00,7378151,190643600.00
2015/05/27,26.00,26.20,24.80,25.02,9804839,247710384.00
2015/05/28,24.47,24.81,22.52,22.52,10747689,257700480.00
2015/05/29,22.00,23.49,20.35,22.56,9077347,204059680.00
2015/06/01,22.56,23.98,22.50,23.85,8282346,194551472.00
2015/06/02,23.79,24.88,23.40,24.55,10120506,243026880.00
2015/06/03,24.10,25.33,23.75,24.63,9404824,228406544.00
2015/06/04,24.78,25.90,23.60,25.54,13009745,326487424.00
2015/06/05,26.26,26.50,25.01,25.75,11507539,295734880.00
2015/06/08,25.51,25.95,25.08,25.69,8373005,214203328.00
2015/06/09,25.60,25.66,24.41,24.72,8328650,207410080.00
2015/06/10,24.55,27.19,23.80,27.19,15133613,393375392.00
2015/06/11,27.14,28.80,26.35,28.05,11815669,327034976.00
2015/06/12,27.80,28.48,27.50,28.15,8281014,232439184.00
2015/06/15,28.01,28.35,26.50,26.70,7948771,218393760.00
2015/06/16,26.09,26.46,24.40,24.93,7771951,196155920.00
2015/06/17,24.92,25.60,23.07,25.46,6621507,163137200.00
2015/06/18,25.40,26.00,24.11,24.30,5282697,132703904.00
2015/06/19,23.60,23.80,21.90,22.00,6182213,141240496.00
2015/06/23,21.95,22.39,19.81,21.62,6471722,136694448.00
2015/06/24,22.00,23.78,21.80,23.56,7854567,176995408.00
2015/06/25,23.46,23.92,21.88,22.39,6332412,147137792.00
2015/06/26,21.63,21.70,20.15,20.15,5665675,116831408.00
2015/06/29,20.60,20.80,18.14,18.14,9605514,179758448.00
2015/06/30,17.51,19.00,16.33,18.62,11208897,194237008.00
2015/07/01,18.00,19.29,16.76,16.80,9592296,175608272.00
2015/07/02,16.51,16.90,15.12,15.12,8118189,126457240.00
2015/07/03,13.71,15.31,13.61,13.61,12453153,174347392.00
2015/07/06,14.97,14.97,12.25,12.25,9481050,127138752.00
2015/07/07,11.03,11.03,11.03,11.03,1108900,12231167.00
2015/07/08,9.93,9.93,9.93,9.93,181700,1804281.00
2015/07/09,8.94,10.92,8.94,10.92,19576307,192023936.00
2015/07/10,11.45,12.01,11.35,12.01,5944918,70497584.00
2015/07/13,12.79,13.21,12.63,13.21,12103686,158464624.00
2015/07/14,13.87,14.53,13.40,14.53,20289159,291984544.00
2015/07/15,14.00,14.36,13.08,13.08,18870631,252465728.00
2015/07/16,11.77,14.39,11.77,14.06,17393596,228271552.00
2015/07/17,13.98,15.47,13.50,15.47,8793650,130589480.00
2015/07/20,15.88,16.80,14.80,15.91,10828821,172505648.00
2015/07/21,16.18,16.18,15.30,15.81,8127851,128070160.00
2015/07/22,15.54,15.98,15.20,15.56,7537275,117402880.00
2015/07/23,15.56,17.12,15.19,16.31,11614383,192034240.00
2015/07/24,16.04,16.62,15.33,15.75,8992562,144642624.00
2015/07/27,15.25,15.89,14.18,14.18,11250644,167370816.00
2015/07/28,13.00,14.50,12.76,13.32,11897702,157837728.00
2015/07/29,13.80,14.07,12.88,14.06,10288500,138251792.00
2015/07/30,13.89,14.43,13.45,13.51,9181831,129412984.00
2015/07/31,13.18,13.98,13.04,13.61,7873157,106060656.00
2015/08/03,13.25,13.43,12.25,12.25,10002739,125448128.00
2015/08/04,12.28,13.27,12.28,13.25,6768011,86756112.00
2015/08/05,13.18,13.70,12.95,13.10,6130099,81275088.00
2015/08/06,12.70,13.57,12.60,13.46,8646317,115161688.00
2015/08/07,13.54,14.56,13.54,14.44,12237830,173796592.00
2015/08/10,14.68,15.88,14.52,15.85,12040460,184153648.00
2015/08/11,15.68,16.78,15.40,16.05,13728251,221528096.00
2015/08/12,16.04,16.65,15.70,15.99,11688239,188080176.00
2015/08/13,15.86,16.30,15.59,16.22,8714392,139582640.00
2015/08/14,16.23,17.10,16.20,16.77,9865092,163864048.00
2015/08/17,16.50,18.43,16.21,18.29,11744180,201177552.00
2015/08/18,18.10,18.87,16.46,16.46,19648795,336058784.00
2015/08/19,15.98,16.78,14.81,16.35,13170652,205159600.00
2015/08/20,15.99,17.20,15.65,16.26,10392044,171169808.00
2015/08/21,15.51,16.73,15.42,16.32,9479602,152288736.00
2015/08/24,14.69,15.60,14.69,14.69,8342935,124572688.00
2015/08/25,13.22,13.49,13.22,13.22,8757100,115795248.00
2015/08/26,12.55,13.73,11.90,12.88,12860393,162960048.00
2015/08/27,13.12,13.50,12.48,13.50,8747713,113723248.00
2015/08/28,13.78,14.60,13.42,14.54,7203348,101236392.00
2015/08/31,14.26,15.03,13.81,14.70,6980151,101473752.00
2015/09/01,14.60,14.68,13.23,13.23,4535082,63101576.00
2015/09/02,12.12,13.87,11.96,12.65,4929000,63588212.00
2015/09/07,12.70,13.85,12.70,13.58,4598540,61522768.00
2015/12/22,14.94,14.94,14.94,14.94,5000,74700.00
2015/12/23,16.43,16.43,16.43,16.43,94301,1549365.38
2015/12/24,18.07,18.07,18.07,18.07,35637,643960.56
2015/12/25,19.88,19.88,19.88,19.88,111003,2206739.75
2015/12/28,21.87,21.87,21.87,21.87,4461108,97564432.00
2015/12/29,24.06,24.06,22.96,24.06,17040931,409585504.00
2015/12/30,26.38,26.47,25.51,26.47,8721751,229965184.00
2015/12/31,29.12,29.12,29.12,29.12,987893,28767444.00
2016/01/04,31.00,31.74,26.21,26.61,30684926,867472512.00
2016/01/05,26.50,28.75,25.68,28.00,29179506,797225280.00
2016/01/06,27.44,27.99,26.28,27.60,18102857,491124384.00
2016/01/07,26.85,26.90,24.84,24.84,3887730,99911584.00
2016/01/08,24.80,25.08,22.36,23.51,15754213,372683552.00
2016/01/11,22.40,24.20,21.81,22.35,10677296,244663408.00
2016/01/12,22.50,24.59,22.50,24.59,12317378,298960672.00
2016/01/13,25.24,25.56,23.00,23.35,12331678,301026336.00
2016/01/14,21.50,25.69,21.23,25.69,13873059,336182880.00
2016/01/15,25.80,27.54,25.76,27.27,15604462,419177376.00
2016/01/18,26.21,28.87,26.21,27.88,12825962,353616608.00
2016/01/19,27.69,30.67,26.80,30.41,14249996,408732256.00
2016/01/20,29.88,31.25,28.55,30.07,13779764,412790656.00
2016/01/21,29.10,29.50,27.06,27.06,11746557,329600320.00
2016/01/22,27.00,27.35,24.92,26.49,11654049,305552544.00
2016/01/25,26.52,27.60,25.80,26.55,7760245,207161008.00
2016/01/26,25.71,25.79,23.90,23.90,6741452,166533696.00
2016/01/27,23.30,23.70,21.51,21.51,10005160,219540432.00
2016/01/28,20.60,21.15,19.36,19.36,8443486,170230960.00
2016/01/29,18.78,21.30,18.60,21.30,9878871,204943920.00
2016/02/01,21.23,22.62,20.81,21.47,11158436,243541280.00
2016/02/02,21.30,23.47,21.30,22.95,9212141,205392944.00
2016/02/03,22.31,23.73,21.80,22.94,7378185,167837152.00
2016/02/04,22.70,23.90,22.68,23.82,7177129,167514352.00
2016/02/05,23.70,24.20,22.61,22.67,4447819,103153728.00
2016/02/15,21.71,22.85,20.68,22.58,4125189,89726000.00
2016/02/16,22.58,23.67,22.40,23.03,4667710,108079616.00
2016/02/17,22.99,25.33,22.70,25.00,10258056,255001984.00
2016/02/18,24.66,25.80,24.20,24.88,8917509,223730336.00
2016/02/19,24.60,25.85,24.21,25.08,4934984,124766080.00
2016/02/22,25.19,26.46,25.15,25.95,6167629,160460384.00
2016/02/23,26.03,27.33,25.75,26.30,7961357,211524176.00
2016/02/24,25.71,26.57,25.00,25.36,6797748,174001568.00
2016/02/25,25.09,25.20,22.82,22.82,6063233,143237648.00
2016/02/26,22.80,23.15,20.63,21.18,7908707,170838064.00
2016/02/29,21.19,21.19,19.06,19.06,5231633,101783800.00
2016/03/01,19.40,20.38,18.12,20.29,6015508,115971608.00
2016/03/02,19.92,22.32,19.78,22.31,7132515,153561936.00
2016/03/03,22.08,22.66,21.58,21.60,5770659,127589280.00
2016/03/04,21.79,22.60,20.06,20.40,6459263,137870704.00
2016/03/07,20.50,21.70,20.40,21.38,5359301,112696616.00
2016/03/08,21.41,23.52,20.80,23.52,11459536,257396416.00
2016/03/09,23.42,25.08,23.00,24.59,10589732,259067536.00
数据来源:通达信
