000786 北新建材 日线 前复权
      日期	    开盘	    最高	    最低	    收盘	    成交量	    成交额
2011/01/04,6.61,6.66,6.49,6.61,5945256,87573928.00
2011/01/05,6.60,6.60,6.45,6.51,7845006,114889584.00
2011/01/06,6.52,6.55,6.30,6.37,8224989,118246520.00
2011/01/07,6.38,6.41,6.28,6.36,7137637,102085664.00
2011/01/10,6.36,6.42,6.16,6.19,6336105,89837008.00
2011/01/11,6.14,6.17,6.03,6.06,5067645,69818168.00
2011/01/12,6.09,6.15,5.98,6.07,4998457,68800984.00
2011/01/13,6.09,6.18,6.04,6.11,4830070,66990752.00
2011/01/14,6.11,6.13,5.91,5.99,3194847,43471496.00
2011/01/17,5.96,5.99,5.52,5.56,6205058,80616008.00
2011/01/18,5.53,5.62,5.49,5.59,2618413,33460164.00
2011/01/19,5.61,5.67,5.56,5.65,4117303,53052240.00
2011/01/20,5.63,5.63,5.25,5.31,6366101,79156016.00
2011/01/21,5.29,5.45,5.26,5.37,3970437,48992268.00
2011/01/24,5.38,5.40,5.19,5.24,2723421,33182898.00
2011/01/25,5.26,5.26,5.15,5.19,3386390,40717336.00
2011/01/26,5.19,5.34,5.19,5.31,2188252,26611530.00
2011/01/27,5.26,5.41,5.15,5.34,7103020,86749912.00
2011/01/28,5.34,5.46,5.28,5.46,5431528,66953036.00
2011/01/31,5.42,5.52,5.38,5.49,3876722,48509528.00
2011/02/01,5.49,5.49,5.40,5.40,3463006,43310736.00
2011/02/09,5.38,5.93,5.38,5.85,14092343,183865216.00
2011/02/10,5.79,6.00,5.72,5.93,9708872,130362104.00
2011/02/11,5.94,6.03,5.84,5.94,7084583,95692208.00
2011/02/14,5.94,6.31,5.94,6.24,13955127,195829488.00
2011/02/15,6.26,6.41,6.19,6.19,9448925,134656816.00
2011/02/16,6.19,6.33,6.14,6.28,4492250,63452972.00
2011/02/17,6.28,6.48,6.26,6.48,8874944,128007896.00
2011/02/18,6.50,6.53,6.19,6.25,8599084,122789152.00
2011/02/21,6.24,6.48,6.22,6.38,7977023,114995472.00
2011/02/22,6.39,6.66,6.34,6.35,13599622,199413296.00
2011/02/23,6.35,6.64,6.24,6.54,7200625,105088720.00
2011/02/24,6.56,6.68,6.42,6.51,6100204,89757448.00
2011/02/25,6.51,6.60,6.39,6.60,4953374,72579864.00
2011/02/28,6.62,6.96,6.62,6.86,11384464,174636608.00
2011/03/01,6.87,6.88,6.73,6.79,8542369,129875736.00
2011/03/02,6.79,6.85,6.58,6.84,8028813,121167024.00
2011/03/03,6.94,7.06,6.64,6.92,14056444,216892976.00
2011/03/04,6.89,7.02,6.74,6.98,9146641,140897456.00
2011/03/07,6.94,7.31,6.94,7.25,21324642,341290912.00
2011/03/08,7.25,7.35,7.14,7.27,11583745,187133520.00
2011/03/09,7.25,7.35,7.09,7.16,7672718,122952720.00
2011/03/10,7.17,7.27,7.05,7.17,5986759,95389944.00
2011/03/11,7.14,7.20,7.03,7.06,5777037,91661040.00
2011/03/14,7.16,7.42,7.09,7.29,9433414,152357856.00
2011/03/15,7.20,7.23,6.89,7.09,6637754,104191368.00
2011/03/16,7.09,7.24,6.98,7.21,8453997,133937400.00
2011/03/17,7.11,7.16,6.88,6.89,4862040,75976352.00
2011/03/18,6.86,7.06,6.86,6.93,4306712,66865396.00
2011/03/21,6.93,7.11,6.86,7.09,6734514,105063568.00
2011/03/22,7.13,7.32,7.05,7.25,8396731,134804144.00
2011/03/23,7.28,7.46,7.18,7.28,10617909,172847488.00
2011/03/24,7.27,7.38,7.19,7.30,7292388,118281928.00
2011/03/25,7.30,7.77,7.25,7.74,16818850,283923360.00
2011/03/28,7.75,7.85,7.63,7.65,10440156,178285696.00
2011/03/29,7.61,7.74,7.34,7.37,7800599,130520040.00
2011/03/30,7.37,7.60,7.09,7.51,11332007,185055424.00
2011/03/31,7.41,7.59,7.29,7.35,4930185,81510928.00
2011/04/01,7.31,7.41,7.08,7.31,7076483,113373880.00
2011/04/06,7.21,7.31,6.95,7.14,7729497,122076664.00
2011/04/07,7.05,7.35,7.05,7.31,6553304,105557416.00
2011/04/08,7.34,7.39,7.23,7.26,5617466,91004224.00
2011/04/11,7.29,7.33,7.02,7.03,6697024,106346640.00
2011/04/12,7.00,7.12,6.95,6.99,3593114,56360008.00
2011/04/13,6.97,7.17,6.83,7.09,4799466,74777640.00
2011/04/14,7.08,7.13,7.01,7.04,2401509,37794168.00
2011/04/15,7.04,7.12,6.88,6.96,4335224,67398856.00
2011/04/18,6.96,7.01,6.72,6.81,7164763,109647672.00
2011/04/19,6.72,6.92,6.72,6.81,4258033,65137584.00
2011/04/20,6.84,6.91,6.73,6.84,3631941,55316984.00
2011/04/21,6.86,7.01,6.79,6.99,4984681,77381928.00
2011/04/22,6.98,7.01,6.88,6.95,2981146,46298836.00
2011/04/25,6.91,6.91,6.69,6.70,4238123,64311044.00
2011/04/27,6.65,6.75,6.39,6.46,5866865,86431456.00
2011/04/28,6.48,6.56,6.31,6.34,3709797,53864280.00
2011/04/29,6.33,6.69,6.29,6.62,4408152,64823560.00
2011/05/03,6.62,6.69,6.54,6.65,2309581,34371800.00
2011/05/04,6.65,6.65,6.36,6.39,2947270,43089500.00
2011/05/05,6.38,6.44,6.30,6.36,3073379,44105076.00
2011/05/06,6.29,6.43,6.19,6.36,2276345,32484864.00
2011/05/09,6.34,6.49,6.34,6.48,1898307,27562888.00
2011/05/10,6.46,6.61,6.44,6.60,1609796,23602898.00
2011/05/11,6.59,6.69,6.49,6.64,2176268,32355172.00
2011/05/12,6.59,6.70,6.44,6.45,3315495,49074568.00
2011/05/13,6.42,6.51,6.32,6.43,2657630,38279952.00
2011/05/16,6.43,6.51,6.31,6.32,2286049,32922396.00
2011/05/17,6.33,6.46,6.19,6.30,2974507,42427784.00
2011/05/18,6.30,6.42,6.30,6.38,1514363,21762334.00
2011/05/19,6.38,6.41,6.18,6.21,3502580,49517960.00
2011/05/20,6.22,6.25,5.94,6.07,4182590,57950484.00
2011/05/23,6.07,6.09,5.91,5.95,2283620,31034078.00
2011/05/24,5.94,6.13,5.93,6.09,2599489,35689556.00
2011/05/25,6.08,6.18,6.01,6.09,2748878,38032648.00
2011/05/26,6.10,6.21,6.04,6.08,2048913,28550862.00
2011/05/27,6.08,6.15,5.87,5.89,1689922,23005636.00
2011/05/30,5.89,6.01,5.81,5.84,2115107,28504702.00
2011/05/31,5.84,6.12,5.83,6.10,2566431,34888812.00
2011/06/01,6.06,6.15,6.01,6.13,2153039,29729730.00
2011/06/02,6.04,6.16,5.93,6.15,3560480,48821528.00
2011/06/03,6.15,6.42,6.15,6.35,3720665,53273628.00
2011/06/07,6.29,6.46,6.29,6.38,2104424,30276288.00
2011/06/08,6.39,6.42,6.26,6.38,2247626,32093744.00
2011/06/09,6.39,6.41,6.27,6.27,1410934,20190578.00
2011/06/10,6.26,6.36,6.19,6.34,1175379,16686330.00
2011/06/13,6.34,6.42,6.29,6.40,1557054,22365890.00
2011/06/14,6.34,6.58,6.34,6.53,3108143,45383980.00
2011/06/15,6.53,6.66,6.44,6.44,2336471,34419028.00
2011/06/16,6.38,6.44,6.34,6.38,1268138,18271348.00
2011/06/17,6.37,6.45,6.32,6.33,977228,14053928.00
2011/06/20,6.31,6.41,6.24,6.31,1349946,19225870.00
2011/06/21,6.39,6.76,6.33,6.64,5846692,86837096.00
2011/06/22,6.67,6.76,6.62,6.72,3366474,50049688.00
2011/06/23,6.64,7.11,6.56,6.99,8316569,126517928.00
2011/06/24,6.97,7.23,6.91,7.13,12839751,200929088.00
2011/06/27,7.07,7.29,7.05,7.20,11518696,182793552.00
2011/06/28,7.20,7.24,7.07,7.18,7897109,124701184.00
2011/06/29,7.07,7.16,6.85,6.89,5997032,92330424.00
2011/06/30,6.93,7.24,6.90,7.22,7463036,116868952.00
2011/07/01,7.22,7.23,7.00,7.07,4397825,68963504.00
2011/07/04,7.17,7.27,7.12,7.20,8493435,134613024.00
2011/07/05,7.17,7.33,7.11,7.23,6543264,104217304.00
2011/07/06,7.24,7.26,7.07,7.19,4171857,65959948.00
2011/07/07,7.20,7.25,6.96,7.01,6161399,96672064.00
2011/07/08,6.97,7.11,6.85,6.94,5962355,91726936.00
2011/07/11,6.92,7.18,6.88,7.09,5158316,80455160.00
2011/07/12,7.05,7.05,6.55,6.90,5158736,78563640.00
2011/07/13,6.87,7.16,6.85,7.12,3755252,58499752.00
2011/07/14,7.16,7.16,6.98,7.10,2195394,34187940.00
2011/07/15,7.04,7.13,6.94,7.05,4169657,64703944.00
2011/07/18,7.03,7.05,6.87,6.93,2979502,45667824.00
2011/07/19,6.92,6.92,6.71,6.72,3089538,46387016.00
2011/07/20,6.78,7.27,6.78,7.27,12486276,195943856.00
2011/07/22,7.16,7.36,7.12,7.31,14511862,231953440.00
2011/07/25,7.32,7.32,6.84,6.94,8021907,124940640.00
2011/07/26,6.97,7.06,6.82,6.93,4066626,62678484.00
2011/07/27,6.99,7.26,6.93,7.26,8778580,138501136.00
2011/07/28,7.17,7.23,7.04,7.19,6630539,104271744.00
2011/07/29,7.16,7.25,6.91,7.08,7921128,122797648.00
2011/08/01,7.02,7.14,6.85,6.92,3550705,54793192.00
2011/08/02,6.90,6.93,6.67,6.79,3220595,48282508.00
2011/08/03,6.72,6.83,6.68,6.83,3012909,45116160.00
2011/08/04,6.84,6.90,6.69,6.74,2045739,30756776.00
2011/08/05,6.56,6.68,6.47,6.66,5410734,79061240.00
2011/08/08,6.52,6.58,5.99,6.29,5550848,78563224.00
2011/08/09,6.11,6.48,6.07,6.34,2570330,36074292.00
2011/08/10,6.42,6.64,6.41,6.41,4081400,59203852.00
2011/08/11,6.31,6.54,6.25,6.48,1865176,26816996.00
2011/08/12,6.50,6.64,6.46,6.57,3078561,44886812.00
2011/08/15,6.67,6.67,6.54,6.58,2885044,42278580.00
2011/08/16,6.61,6.63,6.52,6.53,1205083,17607236.00
2011/08/17,6.53,6.58,6.45,6.45,904400,13062076.00
2011/08/18,6.43,6.52,6.32,6.52,961509,13753666.00
2011/08/19,6.41,6.51,6.31,6.51,1424206,20365444.00
2011/08/22,6.50,6.58,6.35,6.38,1288210,18525534.00
2011/08/23,6.46,6.48,6.26,6.46,1006334,14313576.00
2011/08/24,6.46,6.53,6.43,6.45,1343372,19400138.00
2011/08/25,6.47,6.75,6.42,6.69,3089400,45307180.00
2011/08/26,6.64,6.72,6.62,6.72,1281939,18953028.00
2011/08/29,6.67,6.67,6.58,6.62,972703,14339107.00
2011/08/30,6.61,6.71,6.41,6.41,2434530,35379188.00
2011/08/31,6.41,6.52,6.40,6.52,1470823,21076864.00
2011/09/01,6.52,6.52,6.27,6.36,1944372,27661366.00
2011/09/02,6.32,6.40,6.27,6.40,1159148,16355382.00
2011/09/05,6.32,6.32,6.15,6.15,1277645,17752698.00
2011/09/06,6.15,6.22,6.08,6.12,1270699,17440322.00
2011/09/07,6.21,6.46,6.12,6.36,2009899,28375980.00
2011/09/08,6.38,6.40,6.15,6.15,1776238,24844196.00
2011/09/09,6.19,6.27,6.09,6.11,2528836,34929356.00
2011/09/13,6.02,6.02,5.84,5.98,2710236,36068940.00
2011/09/14,6.03,6.09,5.85,5.98,1722099,22939634.00
2011/09/15,5.98,6.03,5.91,5.95,2637000,35336440.00
2011/09/16,5.99,6.02,5.84,5.87,2630702,34842544.00
2011/09/19,5.84,5.84,5.75,5.76,1099292,14313245.00
2011/09/20,5.71,5.82,5.71,5.77,1217236,15824100.00
2011/09/21,5.75,6.03,5.75,5.94,3237837,43037872.00
2011/09/22,5.89,5.92,5.77,5.77,1938819,25530512.00
2011/09/23,5.70,5.81,5.57,5.73,3304441,42318884.00
2011/09/26,5.69,5.81,5.63,5.73,1319596,17081304.00
2011/09/27,5.73,5.85,5.71,5.81,1075818,14036531.00
2011/09/28,5.87,5.98,5.74,5.80,2017125,26716670.00
2011/09/29,5.77,5.81,5.68,5.69,944239,12191371.00
2011/09/30,5.86,5.86,5.63,5.79,828048,10685008.00
2011/10/10,5.72,5.82,5.69,5.74,481608,6240700.00
2011/10/11,5.85,5.91,5.64,5.71,1722615,22448408.00
2011/10/12,5.71,5.97,5.65,5.93,2876341,38025988.00
2011/10/13,5.93,6.01,5.87,5.95,2167962,29005384.00
2011/10/14,5.89,5.95,5.85,5.91,1037741,13758276.00
2011/10/17,5.87,5.95,5.82,5.88,881746,11665179.00
2011/10/18,5.86,5.86,5.62,5.74,2070952,26788940.00
2011/10/19,5.77,5.77,5.65,5.73,1167542,15074677.00
2011/10/20,5.67,5.67,5.32,5.53,2706860,33593536.00
2011/10/21,5.51,5.61,5.37,5.44,1088640,13440273.00
2011/10/24,5.34,5.56,5.30,5.50,1303178,16116573.00
2011/10/25,5.50,5.71,5.45,5.67,2141728,27134968.00
2011/10/26,5.67,5.85,5.58,5.78,2312706,30203380.00
2011/10/27,6.04,6.11,5.92,5.97,5289152,71394176.00
2011/10/28,6.04,6.11,5.89,6.05,6894937,92757112.00
2011/10/31,6.01,6.23,5.98,6.22,5577877,76464744.00
2011/11/01,6.12,6.20,6.08,6.17,3518050,48498044.00
2011/11/02,6.06,6.17,5.92,6.15,3307310,44894464.00
2011/11/03,6.16,6.18,6.08,6.10,4103679,56360908.00
2011/11/04,6.10,6.23,6.01,6.17,6173206,85014808.00
2011/11/07,6.17,6.37,6.08,6.12,2458144,33992240.00
2011/11/08,6.09,6.17,5.90,5.96,1935880,26130212.00
2011/11/09,5.97,6.08,5.92,6.07,1614931,21726558.00
2011/11/10,6.04,6.08,5.98,6.07,1579156,21363940.00
2011/11/11,6.11,6.13,6.02,6.12,2357351,32175720.00
2011/11/14,6.13,6.27,6.12,6.22,5711267,79389088.00
2011/11/15,6.18,6.30,6.17,6.27,5075521,70900856.00
2011/11/16,6.28,6.35,6.18,6.26,4537685,63537768.00
2011/11/17,6.26,6.33,6.15,6.28,3673627,51374244.00
2011/11/18,6.27,6.27,5.97,6.09,2186004,29834164.00
2011/11/21,6.08,6.08,5.90,5.92,1285897,17216118.00
2011/11/22,5.80,5.97,5.80,5.92,739897,9853029.00
2011/11/23,5.92,5.93,5.68,5.68,2320404,30251920.00
2011/11/24,5.65,5.82,5.57,5.60,3310733,42090704.00
2011/11/25,5.58,5.63,5.54,5.55,875350,11068436.00
2011/11/28,5.55,5.64,5.52,5.58,1923831,24318102.00
2011/11/29,5.74,5.75,5.60,5.65,2292145,29265312.00
2011/11/30,5.62,5.64,5.28,5.37,3488563,42966188.00
2011/12/01,5.51,5.61,5.47,5.48,2546743,31948432.00
2011/12/02,5.51,5.52,5.34,5.34,1173694,14401080.00
2011/12/05,5.33,5.39,5.22,5.27,1815496,21864492.00
2011/12/06,5.27,5.29,5.12,5.24,1128488,13372254.00
2011/12/07,5.17,5.27,5.17,5.21,1415347,16852838.00
2011/12/08,5.21,5.24,5.12,5.14,1573872,18588030.00
2011/12/09,5.14,5.18,4.99,5.04,1462072,16920716.00
2011/12/12,5.04,5.21,5.02,5.17,2103612,24731742.00
2011/12/13,5.10,5.16,4.89,5.16,2354692,27248716.00
2011/12/14,5.11,5.16,4.96,5.12,1876006,21690026.00
2011/12/15,5.07,5.17,5.04,5.17,1870969,21918970.00
2011/12/16,5.15,5.26,5.02,5.25,2604233,30639720.00
2011/12/19,5.22,5.24,5.12,5.22,1510090,17870108.00
2011/12/20,5.21,5.24,5.04,5.06,1703476,20150140.00
2011/12/21,5.11,5.11,4.82,4.82,1771550,20315874.00
2011/12/22,4.77,4.86,4.52,4.65,1896998,20614136.00
2011/12/23,4.66,4.86,4.60,4.69,2433933,26855538.00
2011/12/26,4.69,4.77,4.62,4.67,1016853,11124874.00
2011/12/27,4.67,4.68,4.57,4.62,1753193,18739360.00
2011/12/28,4.61,4.61,4.41,4.57,2314204,24186446.00
2011/12/29,4.52,4.76,4.51,4.63,1478687,15740879.00
2011/12/30,4.62,4.76,4.61,4.73,2844810,30756452.00
2012/01/04,4.74,4.77,4.45,4.56,2402237,25494944.00
2012/01/05,4.48,4.52,4.13,4.18,2439068,24816094.00
2012/01/06,4.17,4.22,3.94,4.16,2614931,25037666.00
2012/01/09,4.16,4.32,4.08,4.31,2059600,20447576.00
2012/01/10,4.30,4.53,4.27,4.53,3627805,37400324.00
2012/01/11,4.51,4.57,4.45,4.55,4341454,45472092.00
2012/01/12,4.52,4.67,4.48,4.64,4351460,46256672.00
2012/01/13,4.70,4.79,4.40,4.67,5760340,61230060.00
2012/01/16,4.54,4.74,4.27,4.32,4417791,46444180.00
2012/01/17,4.27,4.65,4.27,4.64,3256797,34000820.00
2012/01/18,4.62,4.85,4.49,4.52,5100002,54999052.00
2012/01/19,4.42,4.62,4.37,4.57,2646821,27943856.00
2012/01/20,4.57,4.77,4.56,4.73,4111906,44351916.00
2012/01/30,4.73,4.75,4.62,4.63,1597570,17231238.00
2012/01/31,4.63,4.67,4.46,4.56,1813853,19096712.00
2012/02/01,4.58,4.64,4.47,4.53,2782326,29497070.00
2012/02/02,4.53,4.61,4.43,4.56,3661091,38426580.00
2012/02/03,4.54,4.63,4.47,4.61,3397654,36001956.00
2012/02/06,4.60,4.85,4.57,4.74,5521403,60249568.00
2012/02/07,4.70,4.70,4.61,4.65,2027869,21788702.00
2012/02/08,4.62,4.78,4.62,4.78,2685789,29249162.00
2012/02/09,4.78,4.93,4.73,4.87,5542700,61965296.00
2012/02/10,4.87,5.25,4.83,5.14,11786539,137021888.00
2012/02/13,5.09,5.28,5.04,5.26,6358610,74495024.00
2012/02/14,5.27,5.30,5.11,5.24,3506564,41741492.00
2012/02/15,5.24,5.26,5.12,5.24,5530419,65666708.00
2012/02/16,5.24,5.29,5.15,5.20,2417068,28799672.00
2012/02/17,5.16,5.26,5.07,5.15,1325463,15541299.00
2012/02/20,5.24,5.30,5.16,5.24,3133596,37340188.00
2012/02/21,5.24,5.35,5.21,5.34,4862800,58509756.00
2012/02/22,5.30,5.69,5.30,5.59,9695122,121020408.00
2012/02/23,5.59,5.69,5.42,5.42,5406933,67932944.00
2012/02/24,5.42,5.78,5.41,5.68,6918812,88417640.00
2012/02/27,5.66,5.83,5.62,5.67,4595265,59468032.00
2012/02/28,5.67,5.71,5.50,5.60,2066253,26078924.00
2012/02/29,5.57,5.57,5.39,5.40,2430572,30050714.00
2012/03/01,5.41,5.50,5.36,5.39,2149079,26399616.00
2012/03/02,5.40,5.67,5.40,5.63,3833662,48443232.00
2012/03/05,5.71,5.73,5.52,5.61,2193455,27848866.00
2012/03/06,5.54,5.66,5.40,5.58,3275599,40944496.00
2012/03/07,5.54,5.61,5.49,5.56,1582037,19881346.00
2012/03/08,5.58,5.99,5.53,5.94,8927674,117364832.00
2012/03/09,5.92,6.04,5.87,5.99,5427862,72741392.00
2012/03/12,5.99,6.00,5.85,5.92,2445741,32454230.00
2012/03/13,5.92,6.05,5.88,5.99,1591699,21328698.00
2012/03/14,5.99,6.06,5.67,5.71,3138130,41489024.00
2012/03/15,5.71,5.82,5.52,5.67,2470075,31591218.00
2012/03/16,5.70,5.80,5.62,5.71,1731574,22247168.00
2012/03/19,5.66,5.91,5.66,5.82,2278924,29660904.00
2012/03/20,5.95,5.98,5.82,5.84,6424864,85051568.00
2012/03/21,5.84,5.91,5.70,5.86,2152262,28086716.00
2012/03/22,5.92,5.92,5.70,5.77,2170656,28286654.00
2012/03/23,5.73,5.76,5.57,5.61,1876145,23861974.00
2012/03/26,5.61,5.66,5.53,5.64,981336,12458912.00
2012/03/27,5.76,5.84,5.64,5.67,2479728,32103278.00
2012/03/28,5.62,5.62,5.38,5.41,2322751,29009418.00
2012/03/29,5.40,5.57,5.29,5.52,1635828,20123454.00
2012/03/30,5.44,5.69,5.42,5.63,3250154,41270152.00
2012/04/05,5.64,5.83,5.63,5.77,3434009,44518852.00
2012/04/06,5.73,5.88,5.73,5.77,2661651,34765820.00
2012/04/09,5.81,5.86,5.68,5.68,2324472,30310088.00
2012/04/10,5.66,5.80,5.55,5.80,2170773,27627302.00
2012/04/11,5.73,5.91,5.69,5.82,2218141,29098340.00
2012/04/12,5.83,6.17,5.83,6.15,6751022,91253376.00
2012/04/13,6.17,6.18,6.06,6.09,2821295,38655584.00
2012/04/17,6.20,6.36,6.02,6.07,5349921,73979008.00
2012/04/18,6.14,6.32,5.93,6.27,6345825,87708920.00
2012/04/19,6.22,6.42,6.22,6.33,3592511,50658164.00
2012/04/20,6.33,6.39,6.24,6.36,1702541,24024616.00
2012/04/23,6.35,6.35,6.15,6.17,3013345,41869304.00
2012/04/24,6.17,6.31,6.02,6.16,3465419,47778700.00
2012/04/25,6.12,6.27,6.04,6.20,2031226,27857346.00
2012/04/26,6.20,6.24,5.94,6.03,4891309,66344604.00
2012/04/27,5.99,6.18,5.94,6.16,2293827,31274822.00
2012/05/02,6.20,6.50,6.17,6.39,6966727,98837784.00
2012/05/03,6.36,6.42,6.32,6.37,2893224,41029288.00
2012/05/04,6.37,6.47,6.30,6.36,2001599,28486686.00
2012/05/07,6.40,6.54,6.37,6.50,2033176,29239676.00
2012/05/08,6.50,6.62,6.38,6.42,2364164,34176348.00
2012/05/09,6.37,6.48,6.32,6.38,2614078,37306900.00
2012/05/10,6.37,6.42,6.27,6.34,2067859,29250566.00
2012/05/11,6.36,6.39,6.18,6.18,1878631,26372398.00
2012/05/14,6.29,6.31,6.12,6.13,1653893,22831938.00
2012/05/15,6.09,6.27,6.07,6.27,1470679,20392278.00
2012/05/16,6.26,6.30,6.18,6.19,1648815,23017244.00
2012/05/17,6.18,6.27,6.13,6.20,1519236,21120844.00
2012/05/18,6.19,6.30,6.12,6.14,1032214,14331221.00
2012/05/21,6.23,6.41,6.18,6.24,3335196,46982300.00
2012/05/22,6.24,6.39,6.23,6.37,1897013,26858044.00
2012/05/23,6.38,6.44,6.30,6.42,2059746,29328810.00
2012/05/24,6.39,6.50,6.37,6.38,1973340,28376196.00
2012/05/25,6.34,6.42,6.19,6.19,2164539,30411520.00
2012/05/28,6.09,6.35,6.07,6.34,1439619,19978816.00
2012/05/29,6.36,6.52,6.36,6.47,3417735,49139532.00
2012/05/30,6.50,6.51,6.39,6.43,1228224,17623512.00
2012/05/31,6.46,6.60,6.43,6.48,2704214,39201604.00
2012/06/01,6.53,6.55,6.44,6.48,1681472,24264522.00
2012/06/04,6.36,6.43,6.24,6.26,1977802,27919082.00
2012/06/05,6.28,6.31,6.09,6.11,1388447,19215110.00
2012/06/06,6.17,6.25,6.12,6.20,1872146,25971712.00
2012/06/07,6.24,6.38,6.24,6.27,2225280,31325382.00
2012/06/08,6.37,6.42,6.09,6.12,2642814,36915084.00
2012/06/11,6.10,6.34,6.09,6.28,4995967,69607096.00
2012/06/12,6.30,6.43,6.28,6.36,2401339,33424876.00
2012/06/13,6.41,6.47,6.25,6.47,1934862,27013328.00
2012/06/14,6.50,6.57,6.41,6.51,3846265,54593616.00
2012/06/15,6.56,6.56,6.41,6.49,937289,13243280.00
2012/06/18,6.53,6.65,6.46,6.58,2006472,28759232.00
2012/06/19,6.61,6.69,6.53,6.60,2418792,34902740.00
2012/06/20,6.60,6.67,6.49,6.53,2939848,42018764.00
2012/06/21,6.49,6.58,6.36,6.51,1660912,23366590.00
2012/06/25,6.47,6.51,5.91,6.26,5866157,80154416.00
2012/06/26,6.17,6.20,5.91,6.04,4599495,60432240.00
2012/06/27,6.04,6.15,6.01,6.03,4439292,59120868.00
2012/06/28,6.04,6.11,5.80,5.80,3468209,44869560.00
2012/06/29,5.87,5.98,5.76,5.88,3186788,41082868.00
2012/07/02,5.91,6.21,5.91,6.04,4610777,61682832.00
2012/07/03,6.01,6.34,6.00,6.16,3994426,54293912.00
2012/07/04,6.05,6.16,5.84,5.94,2559631,33616948.00
2012/07/05,5.88,6.02,5.81,5.91,3118791,40647652.00
2012/07/06,5.81,6.03,5.81,5.99,6542609,85458904.00
2012/07/09,5.95,6.13,5.90,6.01,3053943,40474152.00
2012/07/10,5.95,6.08,5.95,6.05,1088699,14377423.00
2012/07/11,6.05,6.20,6.05,6.17,2594003,34940144.00
2012/07/12,6.17,6.25,6.15,6.21,3778274,51301444.00
2012/07/13,6.17,6.26,5.97,6.03,2661856,35737344.00
2012/07/16,6.03,6.05,5.76,5.90,2516860,32537568.00
2012/07/17,5.89,5.94,5.80,5.86,1779752,22973690.00
2012/07/18,5.86,5.92,5.80,5.92,1205224,15570927.00
2012/07/19,5.92,6.07,5.92,6.01,1256816,16614855.00
2012/07/20,5.99,6.06,5.98,6.02,778160,10265863.00
2012/07/23,6.02,6.02,5.90,5.90,648984,8456935.00
2012/07/24,5.89,5.94,5.79,5.85,1110106,14273698.00
2012/07/25,5.83,5.85,5.63,5.79,2457395,31000066.00
2012/07/26,5.76,5.81,5.69,5.74,1260785,15971840.00
2012/07/27,5.74,5.94,5.71,5.93,3063503,39228332.00
2012/07/30,5.93,5.96,5.86,5.94,900983,11696521.00
2012/07/31,5.95,6.02,5.89,6.01,1005038,13149393.00
2012/08/01,6.02,6.19,5.99,6.11,2091989,28147062.00
2012/08/02,6.08,6.12,6.01,6.01,1151114,15268540.00
2012/08/03,6.03,6.16,5.95,6.16,1436719,18993826.00
2012/08/06,6.22,6.26,6.09,6.18,4358152,58674100.00
2012/08/07,6.23,6.23,5.99,6.14,2605461,34764364.00
2012/08/08,6.11,6.11,5.97,6.08,2225098,29431616.00
2012/08/09,6.02,6.14,5.99,6.10,2933534,39132276.00
2012/08/10,6.10,6.13,6.00,6.10,2056069,27244298.00
2012/08/13,6.05,6.09,5.97,5.99,1439766,19031646.00
2012/08/14,5.94,5.98,5.71,5.94,2900497,37088796.00
2012/08/15,5.90,5.90,5.76,5.86,1430508,18276012.00
2012/08/16,5.81,5.87,5.73,5.75,613507,7827191.50
2012/08/17,5.79,5.84,5.71,5.83,1472815,18708618.00
2012/08/20,5.79,5.84,5.72,5.81,1362206,17383192.00
2012/08/21,5.83,5.93,5.79,5.83,1360260,17507806.00
2012/08/22,5.84,5.84,5.51,5.64,4447449,55429208.00
2012/08/23,5.59,5.65,5.52,5.63,2060719,25409642.00
2012/08/24,5.62,5.63,5.38,5.48,2892993,35211444.00
2012/08/27,5.46,5.46,5.29,5.36,2484510,29413598.00
2012/08/28,5.33,5.44,5.30,5.36,1423496,16947044.00
2012/08/29,5.32,5.38,5.25,5.26,2840446,33517178.00
2012/08/30,5.25,5.43,5.05,5.41,4371738,50948552.00
2012/08/31,5.38,5.49,5.31,5.44,1983270,23833154.00
2012/09/03,5.43,5.56,5.37,5.56,2254210,27385994.00
2012/09/04,5.56,5.60,5.47,5.49,815586,10011470.00
2012/09/05,5.49,5.54,5.47,5.51,1133636,13806189.00
2012/09/06,5.50,5.56,5.45,5.49,876209,10630935.00
2012/09/07,5.54,5.84,5.54,5.76,3708456,47010964.00
2012/09/10,5.85,5.89,5.75,5.83,4028330,51711588.00
2012/09/11,5.81,5.81,5.68,5.74,1930817,24381960.00
2012/09/12,5.77,5.78,5.59,5.73,2705417,34034372.00
2012/09/13,5.76,5.76,5.47,5.57,3988055,49375624.00
2012/09/14,5.61,5.64,5.42,5.55,3517260,43079740.00
2012/09/17,5.58,5.58,5.36,5.38,1414817,17096714.00
2012/09/18,5.37,5.49,5.35,5.48,1087192,13139351.00
2012/09/19,5.55,5.55,5.41,5.46,808738,9815428.00
2012/09/20,5.51,5.55,5.42,5.42,1606560,19498434.00
2012/09/21,5.41,5.44,5.30,5.44,1234560,14800862.00
2012/09/24,5.34,5.74,5.34,5.68,2762142,34247356.00
2012/09/25,5.62,5.78,5.61,5.78,3972884,50017472.00
2012/09/26,5.77,5.77,5.57,5.69,1812422,22630250.00
2012/09/27,5.66,5.85,5.66,5.77,5490167,69635680.00
2012/09/28,5.70,5.83,5.70,5.80,2308170,29409550.00
2012/10/08,5.79,5.84,5.72,5.73,1156973,14746832.00
2012/10/09,5.77,5.85,5.73,5.82,5734188,73265680.00
2012/10/10,5.83,5.85,5.74,5.85,2225149,28426544.00
2012/10/11,5.83,5.85,5.64,5.70,4660584,59026728.00
2012/10/12,5.70,5.78,5.61,5.69,3243520,40760204.00
2012/10/15,5.71,5.83,5.67,5.83,2735302,34752720.00
2012/10/16,5.84,5.97,5.83,5.89,5564321,72395912.00
2012/10/17,5.90,5.96,5.79,5.91,5080411,65790476.00
2012/10/18,5.91,6.17,5.91,6.11,5667891,75544192.00
2012/10/19,6.11,6.16,6.09,6.12,4382381,58892508.00
2012/10/22,6.03,6.15,6.03,6.09,3619766,48426552.00
2012/10/23,6.14,6.24,6.07,6.15,3591565,48434844.00
2012/10/24,6.11,6.24,6.07,6.15,2907754,39212224.00
2012/10/25,6.15,6.25,6.02,6.04,1935561,25990912.00
2012/10/26,6.09,6.09,5.79,5.89,2624554,34029084.00
2012/10/29,5.93,6.19,5.93,6.06,4200632,55859252.00
2012/10/30,6.09,6.21,6.03,6.16,3235354,43573968.00
2012/10/31,6.15,6.27,6.11,6.23,3699003,50259240.00
2012/11/01,6.24,6.41,6.19,6.36,3693705,51029532.00
2012/11/02,6.37,6.67,6.37,6.55,7996685,114171880.00
2012/11/05,6.59,6.59,6.41,6.49,3540230,49874596.00
2012/11/06,6.46,6.61,6.29,6.44,4003791,56013376.00
2012/11/07,6.39,6.66,6.39,6.66,5433933,77788656.00
2012/11/08,6.66,6.69,6.53,6.56,2285588,32842564.00
2012/11/09,6.49,6.60,6.46,6.56,2458369,35066364.00
2012/11/12,6.56,6.61,6.46,6.47,3539439,50238404.00
2012/11/13,6.47,6.49,6.30,6.36,2264661,31511796.00
2012/11/14,6.33,6.43,6.28,6.42,1254620,17416230.00
2012/11/15,6.36,6.55,6.21,6.41,2200245,30687366.00
2012/11/16,6.32,6.36,6.21,6.30,1716203,23615228.00
2012/11/19,6.30,6.38,6.22,6.26,2004688,27550400.00
2012/11/20,6.34,6.49,6.29,6.40,3586345,49909116.00
2012/11/21,6.39,6.61,6.37,6.60,2309067,32745512.00
2012/11/22,6.52,6.66,6.46,6.55,2004838,28718720.00
2012/11/23,6.58,6.65,6.51,6.55,2586127,37142404.00
2012/11/26,6.55,6.62,6.49,6.56,1688772,24156316.00
2012/11/27,6.52,6.56,6.12,6.16,4465883,60926360.00
2012/11/28,6.14,6.20,6.05,6.15,1915803,25706098.00
2012/11/29,6.15,6.29,6.14,6.26,1635491,22302556.00
2012/11/30,6.24,6.45,6.17,6.41,2022083,28246268.00
2012/12/03,6.41,6.68,6.40,6.41,3463106,49503516.00
2012/12/04,6.41,6.58,6.31,6.56,2781552,39223828.00
2012/12/05,6.50,7.01,6.45,6.83,8970904,132790544.00
2012/12/06,6.81,6.99,6.76,6.87,5055215,75746680.00
2012/12/07,6.94,7.04,6.85,6.92,6910223,104420968.00
2012/12/10,6.95,7.07,6.89,7.05,4941483,75103168.00
2012/12/11,7.01,7.02,6.84,6.85,3784608,56902464.00
2012/12/12,6.88,6.98,6.80,6.93,4300703,64313852.00
2012/12/13,6.89,6.94,6.77,6.80,2941311,43737964.00
2012/12/14,6.80,7.23,6.80,7.13,8425760,128994536.00
2012/12/17,7.16,7.40,7.11,7.26,7168945,112499592.00
2012/12/18,7.22,7.36,7.15,7.23,4317085,67704216.00
2012/12/19,7.26,7.46,7.18,7.38,8027578,127641840.00
2012/12/20,7.30,7.51,7.19,7.51,8471195,134870608.00
2012/12/21,7.51,7.66,7.40,7.43,6077201,98658000.00
2012/12/24,7.36,7.52,7.33,7.43,3911603,62624688.00
2012/12/25,7.38,8.10,7.38,8.09,10135480,171751184.00
2012/12/26,8.10,8.14,7.98,8.06,6333217,109503784.00
2012/12/27,8.02,8.14,7.84,7.93,5350815,91180256.00
2012/12/28,7.93,8.06,7.90,8.04,3824900,65640668.00
2012/12/31,8.01,8.16,7.93,8.16,6131226,106115752.00
2013/01/04,8.17,8.20,7.81,7.91,10585306,180228592.00
2013/01/07,7.91,8.50,7.91,8.39,12639498,224790016.00
2013/01/08,8.42,8.60,8.21,8.38,10060880,181062720.00
2013/01/09,8.41,8.42,8.12,8.27,5275708,93646224.00
2013/01/10,8.25,8.48,8.15,8.29,5174651,92031768.00
2013/01/11,8.27,8.34,7.84,7.87,9506188,164053152.00
2013/01/14,7.71,8.36,7.69,8.36,11560444,200806912.00
2013/01/15,8.39,8.45,8.15,8.24,9002866,159275312.00
2013/01/16,8.24,8.31,7.97,8.16,6130044,106619960.00
2013/01/17,8.14,8.15,7.84,7.85,7564819,129108464.00
2013/01/18,7.87,8.30,7.75,8.14,13948770,240774896.00
2013/01/21,8.13,8.49,8.05,8.46,9053377,161902000.00
2013/01/22,8.47,8.66,8.24,8.30,8280885,149554144.00
2013/01/23,8.21,8.78,8.19,8.54,10176826,185656800.00
2013/01/24,8.55,8.65,8.05,8.14,9834193,175930672.00
2013/01/25,8.12,8.34,8.01,8.08,4372726,76379696.00
2013/01/28,8.16,8.95,8.12,8.95,13676862,252563920.00
2013/01/29,8.96,9.06,8.82,8.95,11476065,218827040.00
2013/01/30,8.93,8.98,8.74,8.98,6328620,119373240.00
2013/01/31,9.02,9.03,8.65,8.78,7002985,131153776.00
2013/02/01,8.76,8.91,8.62,8.82,5668722,106105088.00
2013/02/04,8.91,9.10,8.48,8.54,8875177,164586384.00
2013/02/05,8.49,8.82,8.43,8.72,4624686,85653080.00
2013/02/06,8.78,8.91,8.60,8.61,4838950,89491704.00
2013/02/07,8.60,8.80,8.31,8.74,8441052,154085392.00
2013/02/08,8.73,8.93,8.68,8.82,4955908,93267888.00
2013/02/18,8.91,9.22,8.83,9.14,12600416,244264016.00
2013/02/19,9.10,9.17,8.57,8.60,11037257,207303280.00
2013/02/20,8.56,8.84,8.52,8.78,6088702,112946320.00
2013/02/21,8.67,8.75,8.26,8.27,8746082,157595952.00
2013/02/22,8.31,8.39,8.06,8.09,7088061,124141248.00
2013/02/25,8.14,8.30,8.14,8.25,4389093,77414928.00
2013/02/26,8.16,8.31,8.06,8.14,4456674,78312624.00
2013/02/27,8.16,8.34,8.12,8.22,4114570,72501072.00
2013/02/28,8.25,8.71,8.23,8.71,8872122,161633024.00
2013/03/01,8.72,8.95,8.68,8.95,8730067,164348784.00
2013/03/04,8.64,8.64,7.99,8.04,13750112,241979712.00
2013/03/05,7.92,8.16,7.91,8.14,5162976,89323272.00
2013/03/06,8.19,8.27,7.84,7.91,10620690,183105168.00
2013/03/07,7.92,7.99,7.73,7.91,9523429,160830112.00
2013/03/08,7.97,8.06,7.82,7.86,4813536,81768584.00
2013/03/11,7.84,7.84,7.64,7.66,6334636,105144272.00
2013/03/12,7.71,7.76,7.39,7.52,7307097,118873120.00
2013/03/13,7.55,7.76,7.49,7.75,4839986,79501472.00
2013/03/14,7.80,7.89,7.61,7.76,6233913,104023800.00
2013/03/15,7.78,7.96,7.74,7.78,7236810,122318464.00
2013/03/18,7.71,7.81,7.54,7.58,3598220,59360768.00
2013/03/19,7.58,7.89,7.58,7.89,4957402,82680952.00
2013/03/20,7.95,8.26,7.91,8.26,11193044,194821024.00
2013/03/21,8.27,8.29,8.07,8.14,6178403,108209456.00
2013/03/22,8.12,8.34,8.07,8.26,6229210,110087752.00
2013/03/25,8.25,8.30,8.14,8.26,3608843,63528696.00
2013/03/26,8.21,8.21,7.89,8.01,4233102,72817688.00
2013/03/27,8.01,8.16,7.91,8.05,4627715,80221320.00
2013/03/28,7.91,7.92,7.75,7.77,4628763,77874048.00
2013/03/29,7.79,7.85,7.60,7.61,4135406,68324440.00
2013/04/01,7.66,7.89,7.61,7.84,4110004,68939216.00
2013/04/02,7.85,8.21,7.81,8.21,9620010,167246096.00
2013/04/03,8.21,8.24,7.95,8.15,4143631,72043896.00
2013/04/08,7.86,8.13,7.82,8.11,3892912,67166576.00
2013/04/09,8.11,8.71,8.11,8.63,12485314,227210480.00
2013/04/10,8.56,8.65,8.37,8.55,6564982,119668528.00
2013/04/11,8.59,8.71,8.31,8.37,4680532,84629984.00
2013/04/12,8.41,8.43,8.15,8.16,4681773,82982824.00
2013/04/15,8.16,8.17,8.02,8.08,3371294,58416056.00
2013/04/16,8.07,8.34,7.91,8.33,6016344,104387760.00
2013/04/17,8.40,8.40,8.03,8.14,5819375,101815624.00
2013/04/18,8.11,8.20,7.97,8.10,3507310,60929180.00
2013/04/19,8.19,8.49,8.16,8.49,8225705,147344384.00
2013/04/22,8.58,8.66,8.38,8.66,8282510,151097568.00
2013/04/23,8.61,8.61,8.27,8.27,6150397,110513528.00
2013/04/24,8.32,8.54,8.28,8.51,5850964,105319536.00
2013/04/25,8.45,8.46,8.19,8.19,5507484,98370480.00
2013/04/26,8.22,8.29,7.96,8.01,4542037,79161328.00
2013/05/02,7.94,8.07,7.82,7.95,3197594,54544164.00
2013/05/03,7.96,8.48,7.96,8.43,7631494,135861888.00
2013/05/06,8.41,8.60,8.39,8.48,4307640,78324648.00
2013/05/07,8.50,8.56,8.42,8.54,3684471,67011828.00
2013/05/08,8.61,8.65,8.47,8.59,4696517,85927224.00
2013/05/09,8.57,8.57,8.31,8.43,3916449,70595408.00
2013/05/10,8.42,8.60,8.37,8.58,3773889,68890904.00
2013/05/13,8.60,8.63,8.44,8.46,2467358,44866980.00
2013/05/14,8.53,8.64,8.38,8.61,5036839,91760536.00
2013/05/15,8.63,9.00,8.61,8.90,9366855,176962272.00
2013/05/16,8.91,9.24,8.85,9.14,9426572,182899456.00
2013/05/17,9.12,9.99,9.12,9.66,16977142,344598144.00
2013/05/20,9.67,9.90,9.61,9.66,9470822,196004864.00
2013/05/21,9.66,10.00,9.64,9.85,5299700,110809000.00
2013/05/22,9.77,9.96,9.62,9.63,6609325,136954896.00
2013/05/23,9.66,9.93,9.57,9.66,7408508,153519472.00
2013/05/24,9.67,9.91,9.42,9.88,6027310,123069072.00
2013/05/27,9.86,10.19,9.71,9.80,6405791,135093920.00
2013/05/28,9.79,10.05,9.61,10.05,5007929,104413000.00
2013/05/29,10.06,10.32,10.00,10.12,7011059,150678976.00
2013/05/30,10.29,10.40,10.16,10.21,5118210,111138048.00
2013/05/31,10.16,10.24,9.68,9.73,7680884,161295808.00
2013/06/03,9.71,9.81,9.38,9.43,6578939,133370576.00
2013/06/04,9.52,9.54,9.19,9.30,5757520,114250856.00
2013/06/05,9.29,9.37,9.17,9.27,4568518,89942736.00
2013/06/06,9.28,9.37,9.24,9.26,3399972,67264440.00
2013/06/07,9.26,9.36,8.99,9.09,3766471,73457600.00
2013/06/13,9.04,9.04,8.65,8.71,5454627,102181496.00
2013/06/14,8.87,9.06,8.73,9.03,4939158,91710328.00
2013/06/17,8.98,9.12,8.87,9.08,4726459,89282664.00
2013/06/18,9.10,9.24,9.03,9.20,3549049,68046976.00
2013/06/19,9.18,9.18,8.68,8.83,5490894,101675992.00
2013/06/20,8.76,8.76,8.39,8.47,6024525,107941304.00
2013/06/21,8.33,8.70,8.22,8.63,5124508,90901000.00
2013/06/24,8.57,8.57,7.97,8.17,3765842,66094696.00
2013/06/25,8.16,8.20,7.35,8.02,5755079,95684096.00
2013/06/26,8.05,8.26,8.02,8.17,4100483,70202592.00
2013/06/27,8.30,8.62,8.18,8.20,5063833,89417656.00
2013/06/28,8.20,8.61,8.07,8.38,5062949,89865976.00
2013/07/01,8.37,8.64,8.28,8.61,3780169,67772464.00
2013/07/02,8.59,8.72,8.52,8.71,3541664,64218524.00
2013/07/03,8.65,8.67,8.45,8.59,3107661,55756728.00
2013/07/04,8.57,8.90,8.48,8.78,4379912,80352168.00
2013/07/05,8.79,9.00,8.67,8.67,3148671,58314968.00
2013/07/08,8.52,8.76,8.23,8.56,3646733,65399368.00
2013/07/09,8.48,8.71,8.48,8.52,1783491,32081618.00
2013/07/10,8.54,8.71,8.28,8.61,4282240,76485368.00
2013/07/11,8.62,9.14,8.57,9.08,7857217,147580640.00
2013/07/12,9.12,9.32,8.81,8.84,5268914,99600088.00
2013/07/15,8.87,9.06,8.77,8.90,4404979,82489912.00
2013/07/16,8.89,9.00,8.61,8.77,5365742,98311872.00
2013/07/17,8.75,8.81,8.56,8.57,3285715,59940764.00
2013/07/18,8.56,8.66,8.09,8.30,6060632,106346936.00
2013/07/19,8.27,8.30,8.01,8.08,4552784,78243648.00
2013/07/22,8.02,8.09,7.82,7.95,4688575,78632880.00
2013/07/23,7.95,8.25,7.95,8.24,5385128,92598840.00
2013/07/24,8.23,8.23,7.98,8.07,4133291,70316760.00
2013/07/25,8.07,8.34,8.00,8.23,4741540,81733768.00
2013/07/26,8.19,8.27,8.08,8.10,2082252,35787220.00
2013/07/29,8.10,8.10,7.80,7.80,2853794,47414460.00
2013/07/30,7.91,7.97,7.75,7.80,2185978,36157084.00
2013/07/31,7.91,8.25,7.91,8.01,3710964,63382540.00
2013/08/01,8.03,8.38,8.03,8.30,4456320,77551288.00
2013/08/02,8.36,8.47,8.20,8.20,3045965,53489692.00
2013/08/05,8.19,8.37,8.14,8.37,2612246,45670004.00
2013/08/06,8.31,8.51,8.30,8.42,2900311,51165624.00
2013/08/07,8.42,8.77,8.42,8.64,7073661,128427432.00
2013/08/08,8.57,8.70,8.52,8.65,3004807,54336644.00
2013/08/09,8.62,8.78,8.61,8.76,3189159,58264952.00
2013/08/12,8.81,9.00,8.77,8.90,3695519,69021904.00
2013/08/13,8.83,9.11,8.83,9.07,6652388,125456584.00
2013/08/14,9.07,9.25,8.83,8.89,3929210,74616408.00
2013/08/15,8.82,8.82,8.57,8.58,3018809,54883548.00
2013/08/16,8.57,8.82,8.52,8.61,1996876,36264552.00
2013/08/19,8.57,8.79,8.45,8.56,5178368,93114896.00
2013/08/20,8.70,8.76,8.28,8.44,4510637,80656192.00
2013/08/21,8.40,8.45,8.29,8.34,4152475,72906952.00
2013/08/22,8.35,8.50,8.33,8.38,3245607,57432096.00
2013/08/23,8.43,8.45,8.17,8.24,4391620,76636968.00
2013/08/26,8.27,8.50,8.24,8.47,3398431,59823632.00
2013/08/27,8.52,8.67,8.50,8.63,4701277,84956104.00
2013/08/28,8.55,8.64,8.48,8.51,2620164,47023116.00
2013/08/29,8.52,8.62,8.47,8.48,1584474,28346930.00
2013/08/30,8.51,8.66,8.35,8.37,2324752,41516708.00
2013/09/02,8.41,8.46,8.17,8.27,4639510,80791528.00
2013/09/03,8.25,8.49,8.21,8.46,3076926,54242696.00
2013/09/04,8.46,8.59,8.41,8.46,2789939,49841868.00
2013/09/05,8.46,8.62,8.46,8.46,2850275,51095960.00
2013/09/06,8.46,8.56,8.35,8.42,2864061,50602164.00
2013/09/09,8.49,8.68,8.43,8.58,6071713,109662936.00
2013/09/10,8.61,8.69,8.53,8.66,3857070,69747672.00
2013/09/11,8.72,8.90,8.65,8.76,5957212,109644808.00
2013/09/12,8.82,8.82,8.44,8.49,6337505,113930360.00
2013/09/13,8.49,8.61,8.37,8.46,3489212,62041196.00
2013/09/16,8.49,8.51,8.27,8.30,4466052,78589256.00
2013/09/17,8.24,8.35,8.11,8.12,4436098,76748312.00
2013/09/18,8.13,8.32,8.13,8.26,2708907,46976756.00
2013/09/23,8.27,8.39,8.27,8.37,3872550,67828984.00
2013/09/24,8.37,8.37,8.08,8.12,5080061,87247232.00
2013/09/25,8.14,8.16,8.06,8.07,3126806,53239092.00
2013/09/26,8.06,8.12,7.83,7.83,5802816,97405536.00
2013/09/27,7.83,8.06,7.83,7.88,2576931,43058212.00
2013/09/30,7.91,8.04,7.88,7.89,3302168,55249356.00
2013/10/08,7.95,8.26,7.93,8.26,5183215,89026648.00
2013/10/09,8.26,8.27,8.14,8.17,3988173,68700224.00
2013/10/10,8.16,8.29,8.15,8.20,3919931,67726480.00
2013/10/11,8.21,8.32,8.17,8.26,4607462,79789568.00
2013/10/14,8.28,8.46,8.22,8.43,6044430,106126232.00
2013/10/15,8.43,8.47,8.21,8.28,5610207,97765880.00
2013/10/16,8.25,8.27,8.01,8.08,6665727,113840392.00
2013/10/17,8.09,8.30,8.05,8.08,4556554,78383376.00
2013/10/18,8.09,8.27,8.03,8.07,2736131,46585996.00
2013/10/21,8.09,8.25,8.06,8.24,3343927,57550240.00
2013/10/22,8.27,8.34,8.21,8.28,3592190,62551748.00
2013/10/23,8.30,8.48,8.16,8.17,3362507,58821716.00
2013/10/24,8.18,8.25,8.10,8.20,1970634,33934696.00
2013/10/25,8.20,8.25,7.97,8.06,3084329,52747512.00
2013/10/28,8.03,8.22,8.02,8.16,2071814,35362352.00
2013/10/29,8.16,8.32,7.95,8.11,3768097,64526752.00
2013/10/30,8.12,8.31,8.11,8.29,3863777,66884620.00
2013/10/31,8.35,8.44,8.20,8.31,6866293,120570096.00
2013/11/01,8.30,8.32,8.20,8.26,2372209,41187804.00
2013/11/04,8.27,8.37,8.22,8.30,2936726,51247728.00
2013/11/05,8.28,8.28,8.06,8.16,5621364,96316520.00
2013/11/06,8.16,8.16,8.00,8.01,4910836,83160048.00
2013/11/07,7.98,8.04,7.85,7.90,3272454,54800432.00
2013/11/08,7.91,8.00,7.87,7.90,1651538,27596892.00
2013/11/11,7.90,8.05,7.90,8.00,1699148,28614450.00
2013/11/12,7.98,8.08,7.97,8.03,1944444,32872108.00
2013/11/13,8.02,8.02,7.75,7.77,4189922,69544120.00
2013/11/14,7.78,7.94,7.78,7.91,3413407,56680812.00
2013/11/15,7.92,8.10,7.90,8.01,3957461,66959140.00
2013/11/18,8.05,8.22,8.01,8.22,5192771,88901432.00
2013/11/19,8.22,8.27,8.15,8.16,2917427,50254908.00
2013/11/20,8.16,8.22,8.13,8.17,2573231,44205244.00
2013/11/21,8.15,8.17,8.02,8.09,2571559,43797648.00
2013/11/22,8.12,8.19,8.09,8.15,3473277,59485072.00
2013/11/25,8.14,8.21,8.10,8.19,3112879,53449472.00
2013/11/26,8.19,8.22,8.12,8.18,2927312,50341644.00
2013/11/27,8.19,8.27,8.15,8.25,3259178,56375420.00
2013/11/28,8.25,8.45,8.23,8.45,6830649,120191096.00
2013/11/29,8.43,8.46,8.38,8.44,3433112,60767920.00
2013/12/02,8.26,8.42,8.11,8.27,4200171,73052120.00
2013/12/03,8.27,8.76,8.25,8.72,9785955,175936992.00
2013/12/04,8.70,9.12,8.68,8.91,11487729,216390400.00
2013/12/05,8.89,9.07,8.87,8.90,6227412,117150312.00
2013/12/06,8.90,9.00,8.65,8.69,5387636,99192192.00
2013/12/09,8.74,8.97,8.71,8.92,3975446,73749008.00
2013/12/10,8.97,9.11,8.88,9.07,7153503,135547552.00
2013/12/11,9.06,9.06,8.77,8.87,5463729,101367552.00
2013/12/12,8.85,8.95,8.74,8.84,2365435,43799776.00
2013/12/13,8.78,8.97,8.75,8.94,3652689,68091832.00
2013/12/16,9.15,9.21,8.78,8.79,4858554,91236960.00
2013/12/17,8.80,8.82,8.57,8.58,3358442,61031988.00
2013/12/18,8.62,8.69,8.56,8.59,2349841,42456236.00
2013/12/19,8.62,8.69,8.44,8.45,2506747,44944852.00
2013/12/20,8.45,8.55,8.33,8.42,2658673,46863656.00
2013/12/23,8.37,8.47,8.34,8.43,1472654,26010726.00
2013/12/24,8.47,8.52,8.40,8.50,2174314,38677512.00
2013/12/25,8.50,8.58,8.45,8.57,2413791,43189472.00
2013/12/26,8.62,8.64,8.30,8.33,2698835,47700868.00
2013/12/27,8.33,8.46,8.27,8.43,2474111,43529416.00
2013/12/30,8.44,8.46,8.32,8.33,2268482,39918356.00
2013/12/31,8.30,8.34,8.17,8.32,2623756,45703480.00
2014/01/02,8.32,8.32,8.22,8.29,1671143,29070142.00
2014/01/03,8.31,8.35,8.06,8.07,4808516,82299248.00
2014/01/06,8.09,8.10,7.75,7.78,4845866,80343824.00
2014/01/07,7.79,7.91,7.79,7.88,2397477,39734564.00
2014/01/08,7.89,7.94,7.66,7.71,4444093,72734800.00
2014/01/09,7.72,7.80,7.65,7.65,2530898,41232052.00
2014/01/10,7.65,7.67,7.41,7.44,3146053,49875112.00
2014/01/13,7.43,7.52,7.36,7.39,1720896,27014912.00
2014/01/14,7.40,7.47,7.35,7.47,3121337,48915920.00
2014/01/15,7.47,7.61,7.47,7.59,3402585,54316948.00
2014/01/16,7.60,7.63,7.51,7.52,1965310,31383286.00
2014/01/17,7.52,7.52,7.31,7.32,2247511,35112328.00
2014/01/20,7.30,7.30,7.00,7.02,4561685,68781632.00
2014/01/21,7.07,7.16,7.02,7.10,2546690,38338220.00
2014/01/22,7.07,7.36,7.07,7.36,4893081,75209008.00
2014/01/23,7.40,7.40,7.31,7.37,2509130,39060800.00
2014/01/24,7.33,7.54,7.33,7.52,5134405,81222480.00
2014/01/27,7.46,7.50,7.23,7.26,4043067,63129144.00
2014/01/28,7.28,7.37,7.21,7.21,4706448,72491216.00
2014/01/29,7.26,7.34,7.17,7.20,3888258,59666400.00
2014/01/30,7.22,7.22,6.99,7.04,4989499,74638176.00
2014/02/07,7.03,7.25,7.01,7.25,4056319,61469344.00
2014/02/10,7.27,7.45,7.26,7.42,5421846,84651544.00
2014/02/11,7.42,7.55,7.35,7.48,7544005,118978568.00
2014/02/12,7.50,7.54,7.40,7.47,6022120,95038912.00
2014/02/13,7.52,7.66,7.22,7.25,11983574,188411296.00
2014/02/14,7.25,7.41,7.22,7.35,5572019,86491096.00
2014/02/17,7.73,7.85,7.66,7.77,14657625,239602256.00
2014/02/18,7.78,7.91,7.74,7.91,11659226,192918800.00
2014/02/19,7.90,8.15,7.88,7.99,12533847,212390784.00
2014/02/20,7.96,8.06,7.76,7.76,8360064,138491200.00
2014/02/21,7.76,7.87,7.64,7.73,5238018,85716848.00
2014/02/24,7.66,7.67,7.27,7.36,8910317,139259744.00
2014/02/25,7.36,7.39,6.78,6.87,9687716,145526848.00
2014/02/26,6.87,7.00,6.72,6.80,9438789,136957408.00
2014/02/27,6.86,6.92,6.74,6.78,5806634,84209808.00
2014/02/28,6.86,6.93,6.74,6.91,5434422,78841016.00
2014/03/03,6.91,7.05,6.84,6.95,4522998,66695384.00
2014/03/04,6.92,7.12,6.89,7.09,5714718,85436256.00
2014/03/05,7.11,7.12,6.92,6.93,4507971,66853428.00
2014/03/06,6.93,6.94,6.77,6.91,1816718,26485906.00
2014/03/17,7.17,7.19,6.97,7.03,10974711,164328768.00
2014/03/18,7.04,7.25,7.04,7.17,7988652,121566728.00
2014/03/19,7.12,7.12,6.86,6.95,8068349,119116864.00
2014/03/20,7.01,7.26,6.97,6.99,11540640,174051984.00
2014/03/21,6.87,7.14,6.84,7.11,9293453,138304352.00
2014/03/24,7.16,7.65,7.14,7.58,17585350,276393600.00
2014/03/25,7.51,7.57,7.37,7.43,10290489,162290560.00
2014/03/26,7.48,7.52,7.32,7.40,5607272,87530040.00
2014/03/27,7.40,7.60,7.38,7.43,10610955,168589808.00
2014/03/28,7.45,7.59,7.28,7.40,8266540,130068144.00
2014/03/31,7.42,7.51,7.18,7.21,6313445,98375448.00
2014/04/01,7.17,7.31,7.11,7.28,5810627,88665936.00
2014/04/02,7.24,7.50,7.24,7.44,8006937,125556488.00
2014/04/03,7.52,7.76,7.51,7.54,13998404,225736624.00
2014/04/04,7.52,7.93,7.50,7.83,15094709,247750352.00
2014/04/08,7.77,7.90,7.70,7.81,8011391,131912176.00
2014/04/09,7.86,8.02,7.78,7.91,7865175,130889072.00
2014/04/10,7.92,7.96,7.80,7.85,8006783,132541744.00
2014/04/11,7.82,7.84,7.68,7.77,5268784,86280008.00
2014/04/14,7.74,7.87,7.71,7.84,5322059,87592488.00
2014/04/15,7.84,7.89,7.66,7.68,4990212,82027520.00
2014/04/16,7.63,7.74,7.57,7.66,2843518,45922088.00
2014/04/17,7.72,7.73,7.54,7.57,3896741,62660448.00
2014/04/18,7.58,7.67,7.54,7.63,2219270,35711076.00
2014/04/21,7.57,7.57,7.32,7.33,5346499,84299352.00
2014/04/22,7.33,7.38,7.13,7.26,4817864,73943304.00
2014/04/23,7.27,7.30,7.21,7.25,2220629,34064896.00
2014/04/24,7.27,7.36,7.24,7.27,3225740,49954060.00
2014/04/25,7.28,7.30,6.95,6.97,4402078,66211824.00
2014/04/28,6.98,7.03,6.85,6.99,2909271,43016240.00
2014/04/29,6.97,7.06,6.95,7.05,2123543,31577484.00
2014/04/30,7.07,7.11,7.03,7.06,2316762,34730996.00
2014/05/05,7.04,7.11,6.97,7.11,2466785,36848400.00
2014/05/06,7.11,7.13,7.04,7.06,2362796,35569760.00
2014/05/07,7.02,7.06,6.74,6.79,4145716,60578992.00
2014/05/08,6.79,7.00,6.79,6.94,3331828,49016228.00
2014/05/09,6.94,7.04,6.84,7.02,2593281,38322532.00
2014/05/12,7.07,7.13,7.03,7.12,2458199,37007136.00
2014/05/13,7.11,7.14,7.00,7.04,1966409,29443154.00
2014/05/14,7.07,7.10,7.02,7.04,1223857,18300466.00
2014/05/15,6.99,7.05,6.82,6.86,3003611,44038064.00
2014/05/16,6.87,6.88,6.75,6.83,1897280,27445134.00
2014/05/19,6.80,6.82,6.72,6.77,1775017,25514670.00
2014/05/20,6.83,6.87,6.72,6.75,2110589,30415692.00
2014/05/21,6.75,6.89,6.71,6.89,1982590,28716392.00
2014/05/22,6.91,6.96,6.84,6.86,2270836,33239300.00
2014/05/23,6.86,6.92,6.85,6.92,1278562,18676246.00
2014/05/26,6.97,6.98,6.86,6.93,2275912,33345216.00
2014/05/27,6.94,6.94,6.80,6.81,2818359,41088656.00
2014/05/28,6.81,6.89,6.76,6.89,3293416,47839632.00
2014/05/29,6.91,6.92,6.77,6.79,2857369,41540664.00
2014/05/30,6.78,6.83,6.77,6.80,1583885,22892566.00
2014/06/03,6.80,6.85,6.77,6.77,1778841,25726758.00
2014/06/04,6.77,6.78,6.61,6.64,3149923,44803500.00
2014/06/05,6.67,6.74,6.64,6.72,2089065,29694588.00
2014/06/06,6.69,6.71,6.62,6.65,2818212,39958952.00
2014/06/09,6.66,6.75,6.66,6.69,2523315,35980948.00
2014/06/10,6.72,6.78,6.67,6.78,2458488,35225856.00
2014/06/11,6.80,6.85,6.76,6.84,3689544,53428104.00
2014/06/12,6.84,6.84,6.72,6.73,2765374,38495344.00
2014/06/13,6.76,6.84,6.70,6.77,3457965,48399984.00
2014/06/16,6.76,6.95,6.76,6.90,4448516,63088552.00
2014/06/17,6.90,6.93,6.78,6.79,2448552,34513076.00
2014/06/18,6.77,6.83,6.64,6.66,3458051,47845840.00
2014/06/19,6.64,6.73,6.49,6.53,2275328,31005630.00
2014/06/20,6.54,6.59,6.51,6.55,1303563,17615528.00
2014/06/23,6.59,6.61,6.53,6.54,1859594,25186050.00
2014/06/24,6.55,6.58,6.50,6.55,1959492,26450902.00
2014/06/25,6.55,6.55,6.50,6.52,1452954,19539752.00
2014/06/26,6.51,6.60,6.51,6.59,2193442,29729980.00
2014/06/27,6.59,6.63,6.55,6.62,2902342,39535056.00
2014/06/30,6.64,6.70,6.60,6.65,3656307,50158032.00
2014/07/01,6.66,6.68,6.58,6.63,2931823,40120552.00
2014/07/02,6.64,6.70,6.61,6.70,3644168,50176964.00
2014/07/03,6.69,6.74,6.66,6.69,3102632,42929700.00
2014/07/04,6.69,6.71,6.64,6.65,3020539,41537312.00
2014/07/07,6.65,6.78,6.64,6.77,4835744,66963156.00
2014/07/08,6.77,6.85,6.73,6.83,3644388,51029012.00
2014/07/09,6.81,6.84,6.71,6.72,3336817,46648660.00
2014/07/10,6.72,6.95,6.70,6.89,5446589,76831880.00
2014/07/11,6.86,7.01,6.86,6.96,4921466,70707912.00
2014/07/14,7.03,7.49,6.97,7.38,9941038,148553248.00
2014/07/15,7.28,7.62,7.14,7.54,10833448,164391936.00
2014/07/16,7.74,8.17,7.54,7.61,30312076,489888224.00
2014/07/17,7.59,7.59,7.20,7.24,10627103,159904576.00
2014/07/18,7.19,7.59,7.16,7.37,10800557,165342240.00
2014/07/21,7.29,7.47,7.13,7.30,7580829,114033480.00
2014/07/22,7.24,7.40,7.24,7.33,6205118,93415952.00
2014/07/23,7.33,7.46,7.24,7.34,6068138,91637936.00
2014/07/24,7.34,7.55,7.30,7.50,9640006,147489616.00
2014/07/25,7.49,7.52,7.38,7.46,5792645,88594320.00
2014/07/28,7.47,7.54,7.38,7.48,9570960,146863808.00
2014/07/29,7.47,7.62,7.44,7.52,6367864,98542432.00
2014/07/30,7.52,7.57,7.26,7.35,9664945,147036608.00
2014/07/31,7.34,7.41,7.28,7.38,5433272,81997696.00
2014/08/01,7.36,7.47,7.31,7.32,6185298,93733032.00
2014/08/04,7.32,7.58,7.32,7.57,8665169,133343408.00
2014/08/05,7.58,7.65,7.49,7.61,7295068,113476176.00
2014/08/06,7.60,7.63,7.52,7.60,5632601,87580360.00
2014/08/07,7.59,7.61,7.44,7.45,6440729,99641088.00
2014/08/08,7.50,7.58,7.47,7.49,3973431,61445716.00
2014/08/11,7.52,7.66,7.49,7.60,4748327,74060264.00
2014/08/12,7.60,7.77,7.59,7.67,6743085,106576312.00
2014/08/13,7.69,7.69,7.53,7.59,3994098,62323120.00
2014/08/14,7.59,7.59,7.44,7.46,7137441,110163312.00
2014/08/15,7.49,7.51,7.38,7.48,6302865,96501384.00
2014/08/18,7.49,7.56,7.47,7.55,7712525,119125928.00
2014/08/19,7.58,7.74,7.55,7.70,10068181,158569696.00
2014/08/20,7.77,7.81,7.67,7.72,10526670,167368992.00
2014/08/21,7.64,7.69,7.48,7.66,12135996,189250768.00
2014/08/22,7.63,7.86,7.55,7.84,11500354,182784096.00
2014/08/25,7.83,8.06,7.80,8.03,16134413,263786784.00
2014/08/26,8.00,8.06,7.81,7.91,10407068,170190496.00
2014/08/27,7.89,7.98,7.79,7.92,7703627,124907472.00
2014/08/28,7.93,7.96,7.77,7.78,4864380,78189528.00
2014/08/29,7.84,7.89,7.69,7.89,4153935,66725992.00
2014/09/01,7.93,8.16,7.85,8.14,9198497,152207056.00
2014/09/02,8.14,8.31,8.08,8.26,11307807,190473968.00
2014/09/03,8.39,8.39,8.14,8.21,7680535,129591568.00
2014/09/04,8.21,8.54,8.15,8.48,11090461,191646928.00
2014/09/05,8.49,8.59,8.40,8.54,6936290,120957456.00
2014/09/09,8.56,8.85,8.56,8.82,10675287,191164080.00
2014/09/10,8.81,8.84,8.64,8.77,6870370,122681968.00
2014/09/11,8.78,8.84,8.43,8.62,11214192,198046576.00
2014/09/12,8.56,8.76,8.48,8.74,7228838,127862192.00
2014/09/15,8.79,8.96,8.61,8.73,13410787,240004080.00
2014/09/16,8.72,8.86,8.40,8.42,15584118,274426944.00
2014/09/17,8.43,8.59,8.34,8.53,8730642,151517600.00
2014/09/18,8.51,8.67,8.43,8.66,8932654,156794464.00
2014/09/19,8.81,8.82,8.58,8.74,10511587,187551728.00
2014/09/22,8.73,8.73,8.54,8.66,9976876,176755488.00
2014/09/23,8.64,9.19,8.62,9.16,17170945,315164672.00
2014/09/24,9.07,9.26,9.04,9.20,10517988,197324832.00
2014/09/25,9.19,9.36,9.12,9.27,10075769,190634064.00
2014/09/26,9.21,9.39,9.14,9.28,6074503,115260016.00
2014/09/29,9.36,9.38,9.12,9.28,9125673,171932048.00
2014/09/30,9.28,9.46,9.24,9.34,7630468,145965632.00
2014/10/08,9.36,9.46,9.32,9.40,5900966,113150160.00
2014/10/09,9.38,9.47,9.17,9.27,7274420,138137712.00
2014/10/10,9.19,9.28,9.06,9.18,6689197,125078312.00
2014/10/13,9.15,9.17,8.99,9.04,4672499,86613240.00
2014/10/14,9.08,9.21,9.04,9.16,6133082,114537536.00
2014/10/15,9.14,9.30,9.13,9.20,4678330,88384912.00
2014/10/16,9.13,9.21,8.97,8.98,4538388,84521672.00
2014/10/17,8.93,9.31,8.80,9.22,8879225,164304672.00
2014/10/20,9.22,9.28,9.15,9.22,3535831,66723816.00
2014/10/21,9.22,9.28,9.01,9.14,3279523,61361776.00
2014/10/22,9.21,9.23,9.06,9.13,2482715,46483672.00
2014/10/23,9.08,9.14,8.85,8.86,3366698,61775292.00
2014/10/24,8.86,8.94,8.75,8.83,2878284,52075084.00
2014/10/27,8.79,8.93,8.64,8.86,2196626,39695588.00
2014/10/28,8.89,9.17,8.81,9.16,4617882,85458816.00
2014/10/29,9.19,9.29,9.09,9.23,5570813,104971232.00
2014/10/30,9.22,9.50,9.21,9.32,9080000,174481904.00
2014/10/31,9.33,9.41,9.16,9.25,5056420,95525168.00
2014/11/03,9.23,9.28,9.17,9.23,4026773,75898616.00
2014/11/04,9.24,9.53,9.19,9.38,8356495,160835184.00
2014/11/05,9.44,9.44,9.24,9.37,4170433,79577616.00
2014/11/06,9.37,9.43,9.19,9.40,4887001,93351200.00
2014/11/07,9.40,9.79,9.40,9.59,14849343,291824544.00
2014/11/10,9.59,10.29,9.59,10.09,11882737,243247792.00
2014/11/11,10.18,10.18,9.71,9.97,8951087,181123808.00
2014/11/12,9.94,10.38,9.73,10.33,9183737,189981040.00
2014/11/13,10.39,10.56,10.05,10.34,10504284,222462640.00
2014/11/14,10.26,10.31,9.94,10.09,6448726,132573312.00
2014/11/17,10.01,10.22,9.96,10.04,4201104,86479120.00
2014/11/18,9.89,10.13,9.85,10.11,3753995,77275976.00
2014/11/19,10.13,10.36,10.03,10.04,4628913,96422504.00
2014/11/20,10.04,10.17,9.59,9.74,8082963,160672256.00
2014/11/21,9.73,9.81,9.62,9.74,4747611,94246968.00
2014/11/24,9.91,10.27,9.74,10.27,12861469,264262224.00
2014/11/25,10.26,10.39,10.07,10.26,7066269,147363856.00
2014/11/26,10.24,10.68,10.14,10.60,10973587,236289216.00
2014/11/27,10.65,10.68,10.36,10.51,5559824,118577152.00
2014/11/28,10.54,10.82,10.50,10.69,7534275,163618752.00
2014/12/01,10.30,10.69,10.15,10.43,7244080,152904144.00
2014/12/02,10.31,11.08,10.19,10.89,7168785,155168816.00
2014/12/03,10.79,11.28,10.64,10.73,7840696,173702944.00
2014/12/04,10.76,10.86,10.57,10.77,6110719,133194336.00
2014/12/05,10.87,10.88,10.04,10.51,9607626,202900032.00
2014/12/08,10.44,10.50,10.10,10.29,9058558,189683680.00
2014/12/09,10.29,11.34,10.28,10.79,23992232,535495392.00
2014/12/10,10.79,11.60,10.71,11.60,14224802,325521056.00
2014/12/11,11.74,12.75,11.74,12.75,17815601,446808256.00
2014/12/12,12.75,12.76,12.04,12.57,11085893,278872224.00
2014/12/15,12.49,12.49,12.04,12.31,8127291,203082336.00
2014/12/16,12.31,12.54,12.10,12.26,6682403,166929520.00
2014/12/17,12.27,12.34,11.74,11.99,6964750,170102896.00
2014/12/18,11.96,12.31,11.81,11.97,6482620,159271408.00
2014/12/19,11.96,12.23,11.59,12.10,7063337,171842592.00
2014/12/22,12.17,12.62,11.88,11.88,10489234,262269920.00
2014/12/23,11.74,12.39,11.30,11.73,6910858,166938096.00
2014/12/24,11.69,11.91,11.54,11.75,3646493,86936608.00
2014/12/25,11.68,12.33,11.68,12.28,6926577,170382928.00
2014/12/26,12.24,12.54,12.15,12.40,5206510,130296952.00
2014/12/29,12.54,12.54,11.92,12.34,5348139,133048488.00
2014/12/30,12.31,12.33,12.07,12.19,4978055,123653352.00
2014/12/31,12.10,12.52,11.79,12.43,8785990,219092176.00
2015/01/05,12.43,13.34,12.16,13.08,13310547,350558432.00
2015/01/06,12.88,13.11,12.79,13.11,6868717,180479408.00
2015/01/07,13.09,13.09,12.64,12.83,6394744,166422960.00
2015/01/08,12.73,12.84,12.44,12.48,4212337,108444880.00
2015/01/09,12.42,12.76,12.34,12.36,4514824,115786616.00
2015/01/12,12.29,12.35,11.64,11.96,7335028,177727632.00
2015/01/13,11.89,12.13,11.81,12.01,4108288,100107344.00
2015/01/14,12.09,12.18,11.79,11.94,3588939,87754592.00
2015/01/15,11.84,12.23,11.66,12.06,6030479,145700256.00
2015/01/16,12.08,12.28,11.79,11.95,4645663,114000280.00
2015/01/19,11.78,12.02,10.74,11.09,10444107,242750080.00
2015/01/20,11.42,12.05,11.19,11.97,10147361,242868992.00
2015/01/21,11.95,12.56,11.88,12.51,10826067,272699872.00
2015/01/22,12.34,12.70,12.34,12.54,4938423,126211920.00
2015/01/23,12.53,12.59,12.29,12.43,3936234,99568216.00
2015/01/26,12.34,12.92,12.24,12.92,6054555,156245952.00
2015/01/27,13.02,13.14,12.62,13.13,7054131,184729984.00
2015/01/28,12.96,13.04,12.64,12.75,4597339,120166064.00
2015/01/29,12.65,12.79,12.39,12.42,4930025,125489264.00
2015/01/30,12.43,12.58,12.34,12.34,3547680,89901840.00
2015/02/02,12.09,12.32,12.09,12.14,3207270,79419624.00
2015/02/03,12.20,12.40,12.09,12.33,3360115,83665096.00
2015/02/04,12.33,12.33,11.98,12.04,3037519,75155176.00
2015/02/05,12.20,12.39,11.94,11.94,2924607,72307432.00
2015/02/06,11.81,12.90,11.81,12.47,8441802,213889440.00
2015/02/09,13.74,13.74,11.79,12.47,20051631,524941728.00
2015/02/10,12.26,12.55,11.79,12.48,9742937,241933440.00
2015/02/11,12.56,12.78,12.44,12.56,6465250,165274112.00
2015/02/12,12.47,12.61,12.14,12.55,6357969,159677712.00
2015/02/13,12.49,12.77,12.38,12.41,7175532,182116432.00
2015/02/16,12.03,12.03,11.18,11.54,21856827,514373824.00
2015/02/17,11.41,11.62,11.36,11.38,10564603,246515632.00
2015/02/25,11.49,11.96,11.46,11.95,12070579,288760992.00
2015/02/26,11.98,11.99,11.67,11.86,8245930,197782992.00
2015/02/27,11.84,11.91,11.70,11.80,6874161,165371648.00
2015/03/02,11.87,11.96,11.77,11.89,9780181,235802368.00
2015/03/03,11.88,12.41,11.79,12.24,16770371,416140800.00
2015/03/04,12.24,12.64,12.24,12.56,13488105,341678112.00
2015/03/05,12.53,12.53,12.11,12.18,9720969,241815104.00
2015/03/06,12.18,12.31,11.89,11.98,7684718,188865216.00
2015/03/09,12.04,12.79,12.01,12.69,17614725,447385984.00
2015/03/10,12.68,13.03,12.46,12.85,15313788,399243520.00
2015/03/11,12.84,12.99,12.64,12.71,7551242,196274976.00
2015/03/12,12.71,12.87,12.59,12.74,5883264,151966368.00
2015/03/13,12.76,12.99,12.63,12.74,6209729,161319296.00
2015/03/16,12.61,14.03,12.41,14.03,25277560,694381312.00
2015/03/17,14.08,14.86,13.93,14.74,18929953,551661824.00
2015/03/18,14.59,14.65,14.22,14.55,10007017,292888576.00
2015/03/19,14.50,15.01,14.34,14.64,11567188,345050944.00
2015/03/20,15.29,15.64,14.74,14.86,26501694,811957248.00
2015/03/23,15.11,16.28,14.84,15.94,19970617,621075584.00
2015/03/24,15.98,15.98,15.23,15.69,17375770,550212864.00
2015/03/25,15.73,15.82,15.30,15.70,14349878,451633248.00
2015/03/26,15.73,16.52,15.49,15.84,17925937,582065024.00
2015/03/27,15.79,15.84,15.47,15.67,7959550,252423632.00
2015/03/30,15.73,16.19,15.72,16.00,12749269,412983840.00
2015/03/31,16.31,16.45,15.60,15.66,16617445,533924256.00
2015/04/01,15.66,15.89,15.44,15.81,13403411,425146400.00
2015/04/02,15.91,16.00,15.69,15.95,14445109,463241472.00
2015/04/03,15.87,16.81,15.67,16.79,25386299,839533248.00
2015/04/07,17.04,17.91,16.64,17.90,22387266,785496640.00
2015/04/08,17.99,18.08,17.19,17.44,18123724,647857472.00
2015/04/09,17.37,18.87,16.76,18.58,22949129,831058176.00
2015/10/26,16.72,16.72,16.72,16.72,5036100,84203592.00
2015/10/27,15.05,15.05,15.05,15.05,5204000,78320200.00
2015/10/28,14.00,14.89,13.55,13.90,146781668,2063545856.00
2015/10/29,13.72,13.92,13.32,13.47,62240960,844957824.00
2015/10/30,13.49,13.85,13.23,13.69,52498852,717964672.00
2015/11/02,13.40,13.55,12.76,12.80,45658752,601111744.00
2015/11/03,12.85,12.94,12.26,12.41,33088404,416178112.00
2015/11/04,12.45,13.20,12.45,13.02,46765253,601623680.00
2015/11/05,13.03,13.66,12.86,13.16,61734351,817124480.00
2015/11/06,13.15,13.22,12.97,13.18,43114456,564672640.00
2015/11/09,13.02,13.98,12.80,13.70,68664661,924040960.00
2015/11/10,13.72,14.17,13.51,13.70,61942257,855000768.00
2015/11/11,13.78,13.80,13.38,13.58,38390939,519467136.00
2015/11/12,13.70,13.70,13.25,13.33,35517107,474872960.00
2015/11/13,13.20,13.20,12.81,12.99,34501542,449795872.00
2015/11/16,12.70,13.19,12.61,13.15,25198645,328021728.00
2015/11/17,13.21,13.29,12.98,13.00,31153053,409095744.00
2015/11/18,12.96,13.10,12.79,12.85,24348763,314647680.00
2015/11/19,12.97,12.97,12.83,12.93,19631194,252994880.00
2015/11/20,12.95,13.85,12.90,13.65,80845840,1084114688.00
2015/11/23,13.96,13.97,13.30,13.40,64581719,881175744.00
2015/11/24,13.41,13.68,13.25,13.58,37558132,507386240.00
2015/11/25,13.55,13.63,13.38,13.48,37354234,503551776.00
2015/11/26,13.56,13.59,13.12,13.15,46951826,626450752.00
2015/11/27,13.15,13.33,11.98,12.28,45728459,585506816.00
2015/11/30,12.29,12.42,11.73,12.13,38478906,465414912.00
2015/12/01,12.14,12.37,11.91,12.22,32661512,396981440.00
2015/12/02,12.24,12.65,11.99,12.51,35894549,444540352.00
2015/12/03,12.47,12.66,12.37,12.55,27921678,348924512.00
2015/12/04,12.50,12.55,12.15,12.24,25467550,314845920.00
2015/12/07,12.24,12.29,12.03,12.11,25726309,311713536.00
2015/12/08,12.13,12.49,12.06,12.10,29471134,360296928.00
2015/12/09,12.06,12.19,11.83,11.89,22886298,273488288.00
2015/12/10,11.91,11.95,11.78,11.79,16702938,198011408.00
2015/12/11,11.80,11.80,11.43,11.49,23100206,267060816.00
2015/12/14,11.47,12.00,11.39,11.96,27046435,317933664.00
2015/12/15,11.90,12.00,11.75,11.83,20005853,237329216.00
2015/12/16,11.89,11.94,11.72,11.74,17263220,203767984.00
2015/12/17,11.80,12.08,11.76,12.00,31083234,370756416.00
2015/12/18,12.00,12.16,11.89,11.97,24877206,298826048.00
2015/12/21,11.90,12.06,11.82,12.01,25375369,303222496.00
2015/12/22,12.04,13.21,12.02,13.21,68544436,889944320.00
2015/12/23,13.30,13.32,12.61,12.70,80743771,1042905024.00
2015/12/24,12.75,12.81,12.30,12.50,38263947,478418944.00
2015/12/25,12.54,12.64,12.34,12.44,25984952,324456096.00
2015/12/28,12.54,12.55,12.06,12.11,30946079,380590272.00
2015/12/29,12.18,12.30,12.05,12.29,17534454,213913584.00
2015/12/30,12.26,12.30,12.05,12.15,20163109,244702336.00
2015/12/31,12.17,12.22,11.90,11.90,17083173,205500080.00
2016/01/04,11.90,12.11,10.72,10.75,24260776,280986720.00
2016/01/05,10.33,10.90,9.98,10.42,44257110,463872192.00
2016/01/06,10.50,10.88,10.42,10.66,34424371,366259296.00
2016/01/07,10.49,10.49,9.59,9.64,7218695,72325408.00
2016/01/08,10.01,10.10,8.96,9.73,30681432,297776928.00
2016/01/11,9.50,9.55,8.76,8.76,35512115,325414080.00
2016/01/12,8.76,9.00,8.70,8.86,26967095,239310752.00
2016/01/13,8.97,8.99,8.30,8.44,20499424,179809696.00
2016/01/14,8.02,8.71,8.02,8.67,24939968,208877872.00
2016/01/15,8.57,8.63,7.90,7.90,20617782,173388880.00
2016/01/18,8.00,8.50,7.97,8.37,28271735,233873760.00
2016/01/19,8.40,9.21,8.26,9.21,42645189,377949120.00
2016/01/20,9.21,9.67,9.11,9.36,50802623,476541408.00
2016/01/21,9.01,9.32,8.80,8.80,26624653,241786576.00
2016/01/22,8.95,9.07,8.64,8.96,26119775,232685264.00
2016/01/25,9.20,9.49,9.16,9.40,30904496,288382624.00
2016/01/26,9.63,10.30,8.70,8.98,63619249,612755520.00
2016/01/27,9.00,9.10,8.10,8.55,38781983,329707328.00
2016/01/28,8.44,8.84,8.31,8.58,31228135,269736160.00
2016/01/29,8.51,9.41,8.34,9.19,33765046,301589984.00
2016/02/01,9.08,9.39,8.76,8.95,25672628,232777744.00
2016/02/02,8.91,9.33,8.91,9.25,22600180,208463600.00
2016/02/03,9.18,9.22,9.00,9.20,17947753,163325264.00
2016/02/04,9.25,9.35,9.12,9.27,24139031,222891152.00
2016/02/05,9.29,9.29,8.96,9.00,20403811,184967488.00
2016/02/15,8.56,8.79,8.50,8.69,14013258,120975848.00
2016/02/16,8.76,9.09,8.76,9.06,18277192,163398064.00
2016/02/17,9.06,9.30,8.99,9.18,25473745,232887536.00
2016/02/18,9.19,9.62,9.04,9.29,38939535,361340704.00
2016/02/19,9.20,9.32,9.11,9.18,18816838,173212512.00
2016/02/22,9.35,9.77,9.33,9.62,41947281,401674016.00
2016/02/23,9.62,9.62,9.37,9.53,22776705,216234528.00
2016/02/24,9.59,10.18,9.54,10.01,51003844,505098848.00
2016/02/25,10.10,10.12,9.01,9.01,41210933,389498592.00
2016/02/26,9.06,9.21,8.74,9.01,24918993,224680176.00
2016/02/29,8.98,8.98,8.17,8.35,30070208,253561552.00
2016/03/01,8.41,8.64,8.32,8.60,22220949,189125344.00
2016/03/02,8.55,9.46,8.54,9.46,24358182,224869968.00
2016/03/03,10.28,10.41,9.68,9.77,149764064,1526237824.00
2016/03/04,9.66,9.87,9.03,9.13,91209712,863671168.00
2016/03/07,9.31,9.46,9.10,9.22,47635039,442578816.00
2016/03/08,9.24,9.36,8.84,9.30,47260563,430344352.00
2016/03/09,9.01,9.12,8.88,8.96,26489326,238130928.00
数据来源:通达信
