002051 中工国际 日线 前复权
      日期	    开盘	    最高	    最低	    收盘	    成交量	    成交额
2011/01/04,18.25,18.28,17.79,18.00,1169300,45350472.00
2011/01/05,18.00,18.77,17.79,18.71,2569463,102250400.00
2011/01/06,18.54,18.73,17.54,18.70,2546519,99867528.00
2011/01/07,18.28,19.13,18.24,18.82,2339810,95466984.00
2011/01/10,18.63,19.34,18.28,18.43,1811238,74073176.00
2011/01/11,18.44,19.02,17.74,18.53,1218714,48888148.00
2011/01/12,18.52,19.16,18.13,19.07,1346859,54644560.00
2011/01/13,19.02,19.25,18.73,18.83,904239,36947064.00
2011/01/14,18.84,19.02,17.89,17.92,1142753,44988984.00
2011/01/17,17.88,17.88,16.00,16.83,2575401,92998464.00
2011/01/18,16.15,16.72,16.11,16.56,771062,27609394.00
2011/01/19,16.60,16.79,16.37,16.70,1218449,43957668.00
2011/01/20,16.79,16.79,15.57,15.96,1307592,45694260.00
2011/01/21,15.86,15.86,15.17,15.40,1377569,46587532.00
2011/01/24,15.22,15.57,14.14,14.55,1352445,43867128.00
2011/01/25,14.51,14.51,13.78,14.02,1260736,38923908.00
2011/01/26,14.01,14.34,13.94,14.28,794038,24857944.00
2011/01/27,14.28,15.83,13.73,15.83,1966775,65962480.00
2011/01/28,16.01,16.96,15.87,16.63,2295084,82725736.00
2011/01/31,16.56,17.12,16.32,16.81,1210887,44184216.00
2011/02/01,16.80,16.95,16.26,16.90,898000,32464448.00
2011/02/09,16.49,17.32,16.48,17.10,967929,35928184.00
2011/02/10,16.81,17.37,16.81,17.37,871724,32572776.00
2011/02/11,17.54,17.54,17.05,17.05,826995,30880116.00
2011/02/14,17.14,18.42,16.85,18.28,1840320,69482200.00
2011/02/15,18.18,18.73,17.90,18.47,2297282,91726512.00
2011/02/16,18.40,18.93,18.13,18.88,1689699,67953608.00
2011/02/17,18.90,18.90,18.28,18.42,846291,33840896.00
2011/02/18,18.38,18.55,17.71,17.80,1419979,55083392.00
2011/02/21,17.77,18.26,17.48,18.18,831253,32246118.00
2011/02/22,18.18,18.25,17.05,17.07,1525042,57822936.00
2011/02/23,17.00,17.34,16.90,17.29,1112021,41365196.00
2011/02/24,17.23,17.33,17.02,17.12,633598,23551880.00
2011/02/25,17.12,17.27,16.24,16.68,2062068,74179408.00
2011/02/28,16.77,17.87,16.55,17.39,1387843,51959108.00
2011/03/01,17.39,17.63,17.15,17.29,1213769,45434356.00
2011/03/02,17.15,17.15,16.63,16.87,1006084,36765148.00
2011/03/03,16.89,17.24,16.56,16.56,853639,31163776.00
2011/03/04,16.55,16.94,16.55,16.90,616304,22413100.00
2011/03/07,17.05,17.09,16.61,16.79,1750876,63591540.00
2011/03/08,16.78,16.80,16.36,16.44,1615096,57982516.00
2011/03/09,16.45,16.79,16.45,16.76,1329021,47888212.00
2011/03/10,16.81,16.83,16.59,16.77,1083441,39312516.00
2011/03/11,16.71,16.77,16.44,16.65,827226,29831564.00
2011/03/14,16.55,16.64,16.14,16.38,1043726,37138300.00
2011/03/15,16.35,16.35,15.21,15.55,2507604,85281760.00
2011/03/16,15.57,16.11,15.52,15.72,2332255,80044288.00
2011/03/17,15.69,15.69,15.12,15.14,1468619,49328648.00
2011/03/18,15.15,15.46,14.88,15.37,1354767,44841976.00
2011/03/21,15.30,15.36,15.03,15.13,974915,32299460.00
2011/03/22,15.13,15.45,15.13,15.32,972482,32605520.00
2011/03/23,15.41,15.96,15.33,15.86,1449572,49664728.00
2011/03/24,15.87,16.05,15.69,15.96,1534619,53102712.00
2011/03/25,15.99,16.21,15.81,16.07,1145405,40078980.00
2011/03/28,16.09,16.11,15.70,15.76,846276,29288892.00
2011/03/29,15.76,15.86,15.32,15.32,658166,22284406.00
2011/03/30,15.27,15.27,15.07,15.07,610662,20230912.00
2011/03/31,15.02,15.37,15.00,15.05,406559,13451333.00
2011/04/01,15.31,15.31,14.88,14.95,457879,15049548.00
2011/04/06,14.97,15.03,14.19,14.48,1057364,33878420.00
2011/04/07,14.53,15.74,14.53,15.40,2299803,76309288.00
2011/04/08,15.42,15.90,15.40,15.86,1484191,51064092.00
2011/04/11,15.86,16.36,15.86,15.86,1298595,45686428.00
2011/04/12,15.87,16.18,15.51,15.65,795277,27461328.00
2011/04/13,15.57,16.10,15.42,15.96,603013,20776044.00
2011/04/14,15.98,16.36,15.81,16.24,1646120,58308992.00
2011/04/15,16.27,16.39,15.97,16.11,1188014,41719936.00
2011/04/18,16.26,16.70,15.96,16.16,976090,34563104.00
2011/04/19,16.18,16.20,15.74,15.89,1372789,47623624.00
2011/04/20,16.19,16.74,16.19,16.73,2164990,78061224.00
2011/04/21,16.70,17.64,16.49,17.59,2905365,108838104.00
2011/04/22,17.53,17.53,16.85,17.17,1057745,39439540.00
2011/04/28,18.43,18.43,16.60,16.65,2695507,102242496.00
2011/04/29,16.08,17.39,15.62,17.11,1532191,55924280.00
2011/05/03,17.11,17.23,16.67,16.96,548166,20113778.00
2011/05/04,17.38,18.04,17.38,17.52,2529344,97238128.00
2011/05/05,17.05,18.28,17.05,18.03,2501485,97444368.00
2011/05/06,17.96,18.18,17.64,17.92,1590688,61412388.00
2011/05/09,17.99,18.05,17.44,17.70,1450203,55458872.00
2011/05/10,17.69,17.71,17.07,17.49,1571627,58878316.00
2011/05/11,17.48,17.99,17.48,17.67,1571449,60526900.00
2011/05/12,17.74,17.92,17.34,17.54,866050,33094532.00
2011/05/13,17.47,17.73,16.99,17.29,990649,37083632.00
2011/05/16,17.30,17.69,17.23,17.40,708097,26634852.00
2011/05/17,17.23,17.53,17.13,17.44,623695,23483200.00
2011/05/18,17.35,17.69,17.35,17.58,730999,27815978.00
2011/05/19,17.69,17.69,16.89,16.95,1289783,48132616.00
2011/05/20,16.97,17.24,16.81,16.95,415941,15352528.00
2011/05/23,17.00,17.10,15.81,16.53,1486860,53063408.00
2011/05/24,16.54,16.55,15.57,15.96,1548437,53597160.00
2011/05/25,15.92,16.15,15.77,15.85,407096,14159125.00
2011/05/26,15.90,16.29,15.65,15.72,611669,21209694.00
2011/05/27,15.12,15.76,14.98,15.13,785459,20046918.00
2011/05/30,15.12,15.18,14.49,14.80,832987,20605088.00
2011/05/31,14.81,14.98,14.37,14.89,621368,15232728.00
2011/06/01,14.89,15.44,14.76,15.34,743217,18775350.00
2011/06/02,15.05,15.39,14.95,15.01,907588,22899332.00
2011/06/03,15.19,15.88,15.01,15.64,912575,23624210.00
2011/06/07,15.64,16.20,15.64,15.93,573968,15188767.00
2011/06/08,16.03,16.14,15.77,16.09,741112,19687058.00
2011/06/09,15.90,16.11,15.65,15.71,538257,14168725.00
2011/06/10,15.68,15.85,15.37,15.83,457714,11836267.00
2011/06/13,15.80,15.80,15.18,15.60,969320,25100346.00
2011/06/14,15.67,16.18,15.44,16.10,849606,22499300.00
2011/06/15,16.03,16.46,15.96,16.08,1211790,32683570.00
2011/06/16,16.08,16.28,15.93,16.11,627530,16813700.00
2011/06/17,16.10,16.19,15.97,16.05,376906,10044987.00
2011/06/20,16.01,16.08,15.58,15.64,421032,10950608.00
2011/06/21,15.87,15.89,15.12,15.51,450355,11549821.00
2011/06/22,15.51,15.83,15.01,15.23,346725,8811318.00
2011/06/23,15.23,15.75,14.87,15.62,481314,12352234.00
2011/06/24,15.94,16.15,15.63,15.99,657584,17458846.00
2011/06/27,15.99,16.89,15.83,16.88,1558713,42781216.00
2011/06/28,16.87,16.87,16.51,16.69,656236,18064472.00
2011/06/29,16.52,16.92,16.37,16.42,585132,16114734.00
2011/06/30,16.38,16.67,16.38,16.54,637451,17490588.00
2011/07/01,16.54,16.92,16.28,16.76,803670,22204366.00
2011/07/04,16.77,17.01,16.55,17.00,1418101,39597692.00
2011/07/05,17.00,17.18,16.83,17.09,656545,18489928.00
2011/07/06,17.09,17.10,16.83,16.89,883886,24739676.00
2011/07/07,16.83,17.31,16.83,17.20,1025488,29085222.00
2011/07/08,17.19,17.19,16.80,17.08,1094171,30658130.00
2011/07/11,17.48,18.33,17.37,17.41,1745631,50938344.00
2011/07/12,17.31,18.18,17.20,17.67,1891192,55496872.00
2011/07/13,17.65,17.81,17.32,17.63,1067808,30960400.00
2011/07/14,17.66,17.78,17.39,17.64,1529832,44297124.00
2011/07/15,17.57,17.67,17.37,17.44,1326144,38243408.00
2011/07/18,17.45,17.53,17.23,17.26,827999,23693706.00
2011/07/19,17.34,17.42,17.01,17.01,766411,21749876.00
2011/07/20,17.15,17.37,16.71,17.05,745881,20959470.00
2011/07/21,16.99,16.99,16.56,16.64,655358,18148256.00
2011/07/22,16.64,16.96,16.51,16.85,626553,17475482.00
2011/07/25,16.85,16.99,15.83,16.15,638487,17531012.00
2011/07/26,16.15,16.35,15.89,15.98,445811,11878848.00
2011/07/27,15.97,16.94,15.85,16.85,765292,21068376.00
2011/07/28,16.80,16.99,16.60,16.86,829912,23217040.00
2011/07/29,17.04,17.28,16.60,16.67,1190415,33517262.00
2011/08/01,16.89,16.98,16.60,16.64,580469,16148101.00
2011/08/02,16.93,17.23,16.80,16.98,1328905,37379384.00
2011/08/03,16.92,17.40,16.35,17.34,1937272,55120888.00
2011/08/04,17.37,17.67,17.37,17.63,2002003,57951992.00
2011/08/05,17.10,18.01,16.96,17.81,2256305,65700840.00
2011/08/08,17.57,18.27,17.21,17.74,3097209,91235224.00
2011/08/09,17.44,17.49,16.29,17.25,2450796,69254856.00
2011/08/10,17.57,17.69,17.25,17.31,1780835,51351260.00
2011/08/11,16.93,17.23,16.74,17.05,1906265,53485868.00
2011/08/12,17.12,17.29,16.99,17.20,1055284,29873620.00
2011/08/15,17.26,17.35,17.07,17.26,725167,20594856.00
2011/08/16,17.21,17.68,17.13,17.68,1332812,38467380.00
2011/08/17,17.73,17.73,17.32,17.42,834947,24134022.00
2011/08/18,17.41,17.52,16.99,17.08,678207,19214106.00
2011/08/19,16.85,16.87,16.30,16.52,1122088,30757694.00
2011/08/22,16.80,16.92,15.99,16.16,885475,24075458.00
2011/08/23,16.28,16.46,15.98,16.39,734383,19724480.00
2011/08/24,16.48,16.89,16.33,16.53,716336,19806036.00
2011/08/25,16.55,16.82,16.36,16.73,525319,14480628.00
2011/08/26,16.57,16.73,16.49,16.62,316677,8707320.00
2011/08/29,16.30,16.91,16.30,16.76,649694,17947138.00
2011/08/30,16.73,16.90,16.52,16.55,291686,8083250.00
2011/08/31,16.69,16.69,16.35,16.49,238185,6513540.00
2011/09/01,16.62,16.62,16.41,16.51,252870,6911296.00
2011/09/02,16.67,16.67,16.17,16.41,386439,10488946.00
2011/09/05,16.28,16.57,16.22,16.41,410023,11162235.00
2011/09/06,16.30,16.51,16.16,16.28,250081,6760196.50
2011/09/07,16.29,16.50,16.21,16.49,452619,12248018.00
2011/09/08,16.48,16.57,16.24,16.24,190552,5176361.50
2011/09/09,16.24,16.35,15.82,15.87,323820,8624259.00
2011/09/13,15.64,15.74,15.51,15.66,637228,16550639.00
2011/09/14,15.74,15.93,15.61,15.90,290190,7615018.00
2011/09/15,15.81,16.03,15.75,15.82,259167,6844871.00
2011/09/16,16.22,16.71,16.22,16.62,1073956,29284672.00
2011/09/19,16.51,16.66,16.28,16.41,640781,17481118.00
2011/09/20,16.23,16.48,16.23,16.38,309474,8407991.00
2011/09/21,16.31,16.73,16.29,16.67,524269,14426425.00
2011/09/22,16.67,16.85,16.39,16.41,960249,26545340.00
2011/09/23,16.38,16.56,16.03,16.27,640726,17324962.00
2011/09/26,16.27,16.39,15.69,16.03,669225,17749832.00
2011/09/27,15.92,16.08,15.87,15.91,424052,11266493.00
2011/09/28,16.03,16.26,15.74,15.77,771046,20631364.00
2011/09/29,15.79,15.96,15.57,15.57,480530,12534145.00
2011/09/30,15.76,15.87,15.59,15.69,244474,6396628.00
2011/10/10,15.69,15.87,15.65,15.82,193266,5056891.00
2011/10/11,16.01,16.21,15.39,15.64,263089,6943338.50
2011/10/12,15.64,16.07,15.54,16.03,410429,10866682.00
2011/10/13,16.14,16.40,16.03,16.28,445500,12017378.00
2011/10/14,16.28,16.30,16.00,16.17,301617,8048261.50
2011/10/17,16.27,16.27,16.10,16.19,269130,7218033.00
2011/10/18,16.07,16.09,15.47,15.65,524329,13687453.00
2011/10/19,15.85,15.85,15.62,15.80,213179,5586168.50
2011/10/20,15.80,15.81,15.35,15.73,429166,11097747.00
2011/10/21,15.64,15.77,15.37,15.48,231645,5962995.00
2011/10/24,15.45,15.60,15.35,15.51,265721,6846168.50
2011/10/25,15.48,15.92,15.45,15.90,301485,7915847.50
2011/10/26,15.96,16.12,15.79,16.03,398037,10570895.00
2011/10/27,16.08,16.39,15.97,16.24,654790,17678294.00
2011/10/28,16.40,16.53,16.28,16.41,383309,10409423.00
2011/10/31,16.23,16.58,16.23,16.51,391733,10708490.00
2011/11/01,16.35,16.59,16.26,16.53,412204,11243812.00
2011/11/02,16.41,16.73,16.03,16.67,444318,12174932.00
2011/11/03,16.67,17.20,16.67,16.76,668180,18748718.00
2011/11/04,17.06,17.88,17.06,17.55,2059522,59712424.00
2011/11/07,17.39,17.55,17.12,17.19,931702,26691992.00
2011/11/08,17.31,17.31,16.80,16.80,533198,15032765.00
2011/11/09,17.12,17.31,16.80,17.03,503583,14152786.00
2011/11/11,16.80,17.64,16.80,17.39,1061737,30344052.00
2011/11/14,17.32,17.76,17.17,17.54,1985880,57361964.00
2011/11/15,17.57,17.62,17.26,17.55,923134,26598348.00
2011/11/16,17.34,17.53,16.92,17.16,530111,15121771.00
2011/11/17,17.30,17.46,16.99,17.43,561090,16025155.00
2011/11/18,17.43,17.43,16.66,16.78,481367,13454110.00
2011/11/21,16.83,17.49,16.70,17.46,862031,24523610.00
2011/11/22,17.41,17.51,17.18,17.19,388812,11126942.00
2011/11/23,17.22,17.28,17.02,17.12,305822,8659306.00
2011/11/24,17.16,17.24,16.67,17.13,293047,8257492.50
2011/11/25,17.07,17.15,16.85,17.01,649941,18309620.00
2011/11/28,16.92,17.17,16.85,16.85,200370,5629499.00
2011/11/29,16.99,17.37,16.92,17.18,467873,13283804.00
2011/11/30,17.15,17.36,16.83,16.92,567893,16020535.00
2011/12/01,17.24,17.42,17.05,17.30,455958,13029870.00
2011/12/02,17.24,17.33,16.93,16.96,206636,5834308.00
2011/12/05,17.37,17.37,16.55,16.66,296782,8288861.50
2011/12/06,16.92,16.92,16.60,16.67,404198,11166295.00
2011/12/07,16.66,16.94,16.60,16.91,217526,6062819.50
2012/03/19,18.21,18.70,16.94,18.24,6424344,187255328.00
2012/03/20,17.89,18.59,17.12,17.83,3117258,91494744.00
2012/03/21,17.83,18.08,17.48,17.58,1212390,35427584.00
2012/03/22,17.63,17.85,17.19,17.25,948252,27253618.00
2012/03/23,17.36,17.49,17.02,17.33,863067,24619570.00
2012/03/26,17.23,17.32,16.80,17.01,708689,19930700.00
2012/03/27,17.11,17.23,16.96,17.02,592172,16757141.00
2012/03/28,16.99,17.01,15.61,15.96,1023867,27570272.00
2012/03/29,15.96,15.96,15.18,15.57,1238162,31976402.00
2012/03/30,15.57,16.41,15.35,16.24,979038,26151146.00
2012/04/05,16.25,16.69,16.21,16.48,618783,16911932.00
2012/04/06,16.60,16.60,16.10,16.32,706565,19130966.00
2012/04/09,16.33,16.57,15.98,16.08,552607,14974219.00
2012/04/11,16.53,17.05,16.41,16.89,830984,23056118.00
2012/04/12,16.89,17.04,16.61,16.94,551615,15404846.00
2012/04/13,16.86,17.10,16.67,17.01,421905,11859860.00
2012/04/16,16.92,17.14,16.83,17.01,395725,11145135.00
2012/04/17,17.01,17.49,16.93,17.24,551682,15749342.00
2012/04/18,17.18,17.44,16.99,17.34,552708,15747927.00
2012/04/19,18.06,18.19,17.33,17.38,1545369,45463516.00
2012/04/20,17.38,17.68,17.31,17.67,762598,22043706.00
2012/04/23,17.58,17.93,17.16,17.18,610297,17676840.00
2012/04/24,17.18,17.49,16.98,17.49,680717,19353390.00
2012/04/26,17.76,18.00,17.37,17.46,506234,14656130.00
2012/04/27,17.54,17.57,17.06,17.12,258017,7353485.50
2012/05/02,17.28,17.56,17.08,17.51,548812,15714978.00
2012/05/03,17.46,17.62,17.21,17.44,590970,16917552.00
2012/05/04,17.44,17.44,17.23,17.41,427334,12204142.00
2012/05/07,17.39,17.40,17.14,17.29,482511,13745063.00
2012/05/08,17.29,17.37,16.98,17.08,700356,19753844.00
2012/05/09,17.08,17.08,16.54,16.67,1063019,29509254.00
2012/05/10,16.82,16.92,16.54,16.90,502857,13928926.00
2012/05/11,16.98,17.30,16.90,16.94,1420973,40168400.00
2012/05/14,17.37,18.40,17.37,17.90,3576023,106076800.00
2012/05/15,17.57,18.33,17.57,18.05,2053224,60809620.00
2012/05/16,18.09,18.51,17.44,17.60,1733925,51863880.00
2012/05/17,17.71,19.47,17.71,19.47,4172251,130323208.00
2012/05/18,19.84,21.28,18.92,19.28,7285439,238069040.00
2012/05/21,19.06,19.48,18.93,19.11,2834170,89317000.00
2012/05/22,19.29,20.08,19.15,19.96,2796555,90721192.00
2012/05/23,20.00,20.19,19.62,19.88,2412073,78876048.00
2012/05/24,19.65,19.73,19.17,19.66,1963830,62757368.00
2012/05/25,19.49,19.65,19.14,19.36,1313990,41698812.00
2012/05/28,19.18,19.85,18.85,19.67,1425620,45247924.00
2012/05/29,19.68,20.76,19.49,20.54,2507205,83627032.00
2012/05/30,20.33,20.51,20.14,20.30,919781,30558758.00
2012/05/31,20.30,20.51,20.13,20.46,769706,25691984.00
2012/06/01,20.34,20.68,20.34,20.35,749586,25170188.00
2012/06/04,19.92,20.44,19.48,19.55,1638085,53151864.00
2012/06/05,19.55,19.68,19.23,19.30,987129,31484624.00
2012/06/06,19.33,19.74,18.99,19.30,1267220,40320960.00
2012/06/07,19.59,20.00,19.59,19.69,911336,29639922.00
2012/06/08,19.91,20.19,19.52,20.05,1199117,39324696.00
2012/06/11,20.03,21.13,19.55,20.89,1614363,54639368.00
2012/06/12,20.90,21.31,20.77,20.96,960957,33106864.00
2012/06/13,20.98,21.28,20.78,21.20,810165,27962256.00
2012/06/14,21.16,21.24,20.85,20.88,1318274,45265668.00
2012/06/15,20.84,20.91,20.43,20.60,703497,23692760.00
2012/06/18,20.64,21.62,20.45,21.60,1624812,56738596.00
2012/06/19,21.70,22.28,20.93,21.37,1804366,48639252.00
2012/06/20,21.45,21.67,20.62,20.82,1546648,40161012.00
2012/06/21,20.74,21.03,20.34,21.02,1512774,39146380.00
2012/06/25,20.78,20.87,19.83,20.20,2210551,55613708.00
2012/06/26,20.20,20.70,20.04,20.52,1337347,34037896.00
2012/06/27,20.37,21.28,20.37,21.19,1493427,39089968.00
2012/06/28,21.11,21.37,20.69,20.97,790041,20716254.00
2012/06/29,20.97,21.57,20.71,21.33,846490,22385194.00
2012/07/02,21.66,21.71,21.20,21.65,1130299,30264264.00
2012/07/03,21.65,21.81,21.42,21.45,619114,16617359.00
2012/07/04,21.46,21.62,20.88,21.26,952292,25157326.00
2012/07/05,21.10,21.32,20.36,20.54,933492,24055600.00
2012/07/06,20.62,21.37,20.56,21.35,834394,21784686.00
2012/07/09,21.87,23.41,21.79,23.10,6386186,180887264.00
2012/07/10,23.25,24.42,22.87,23.37,5694007,166839728.00
2012/07/11,23.17,23.94,22.70,23.91,3588172,103643528.00
2012/07/12,23.78,24.22,23.22,23.43,3378167,99115216.00
2012/07/13,23.37,23.66,23.26,23.47,1444821,42040736.00
2012/07/16,23.52,23.72,23.20,23.33,1992424,57973888.00
2012/07/17,23.28,23.39,22.70,23.13,2250834,64592668.00
2012/07/18,23.28,23.37,22.55,22.70,2213082,62594884.00
2012/07/19,22.71,23.60,22.59,23.17,1293716,37305048.00
2012/07/20,23.66,23.74,23.17,23.32,1854387,54002196.00
2012/07/23,23.32,23.57,22.70,23.45,1165655,33286306.00
2012/07/24,23.37,23.37,22.87,23.18,628604,17995426.00
2012/07/25,23.20,23.27,22.95,23.25,556495,15953712.00
2012/07/26,23.25,24.17,22.70,23.02,2180400,63710496.00
2012/07/27,22.82,23.52,22.82,23.11,1175762,33813556.00
2012/07/30,23.20,23.50,23.00,23.07,595481,17174664.00
2012/07/31,23.06,23.41,22.62,23.12,958072,27567214.00
2012/08/01,23.18,23.61,22.88,23.33,1143947,33188024.00
2012/08/02,23.32,23.85,23.21,23.72,1892645,55603656.00
2012/08/03,23.80,24.66,23.54,24.58,1540467,46147604.00
2012/08/06,24.62,25.10,24.28,24.87,2073563,63532696.00
2012/08/07,24.70,25.18,24.62,24.95,1237281,38298008.00
2012/08/08,24.79,24.98,24.47,24.80,827538,25381472.00
2012/08/09,24.74,25.41,24.58,25.23,858879,26727810.00
2012/08/10,25.28,25.48,25.05,25.08,1108465,34590372.00
2012/08/13,25.08,25.20,24.62,24.84,953115,29524080.00
2012/08/14,24.77,25.61,24.63,25.53,1729880,53913128.00
2012/08/15,25.57,26.27,25.43,25.87,874779,27991372.00
2012/08/16,25.87,26.09,25.43,25.54,765098,24206458.00
2012/08/17,25.53,26.18,24.96,25.37,946140,29551842.00
2012/08/20,25.07,25.28,24.95,25.20,881139,27376312.00
2012/08/21,25.18,26.07,24.97,25.77,704988,22463066.00
2012/08/22,25.77,26.02,24.95,25.27,859275,26896210.00
2012/08/23,25.41,25.41,24.53,24.71,1205486,37025376.00
2012/08/24,24.71,24.87,24.28,24.28,718641,21904654.00
2012/08/27,24.02,24.75,24.02,24.63,953463,28930604.00
2012/08/28,24.63,24.83,24.43,24.75,821593,25007632.00
2012/08/29,24.74,24.82,24.35,24.63,796238,24189478.00
2012/08/30,24.37,24.67,23.37,23.37,2048454,60474816.00
2012/08/31,23.25,23.78,23.16,23.53,907122,26338504.00
2012/09/03,23.74,25.20,23.39,24.97,1251510,37849644.00
2012/09/04,24.97,25.19,24.71,24.83,901988,27753608.00
2012/09/05,24.85,25.03,24.45,24.82,999669,30498796.00
2012/09/06,24.82,25.19,24.82,24.90,333323,10331097.00
2012/09/07,25.10,26.24,24.45,26.12,1514405,48142152.00
2012/09/10,26.67,26.67,25.90,26.12,1455195,47275924.00
2012/09/11,26.03,26.19,25.69,25.83,695794,22315372.00
2012/09/12,25.99,26.81,25.99,26.37,1334940,43685484.00
2012/09/13,26.07,26.58,25.87,25.87,538988,17466322.00
2012/09/14,25.89,26.27,24.87,25.28,1336102,41967700.00
2012/09/17,25.37,25.66,25.03,25.12,705088,21978348.00
2012/09/18,25.03,25.32,24.38,25.22,973431,30137260.00
2012/09/19,25.20,25.20,24.67,24.87,606332,18673950.00
2012/09/20,24.77,24.78,24.13,24.20,641925,19412190.00
2012/09/21,24.12,24.40,23.37,23.37,1325229,39113668.00
2012/09/24,23.03,23.71,23.03,23.49,1450048,41917100.00
2012/09/25,23.53,23.91,23.37,23.53,694950,20415320.00
2012/09/26,23.45,23.62,23.17,23.26,511568,14802347.00
2012/09/27,22.95,24.60,22.77,23.70,713235,21001384.00
2012/09/28,23.70,24.20,23.60,24.10,732753,21861526.00
2012/10/08,24.37,24.60,23.95,24.44,242530,7318346.50
2012/10/09,24.53,24.91,24.29,24.57,676400,20675236.00
2012/10/10,24.62,24.67,24.42,24.62,873559,26609790.00
2012/10/11,24.87,24.87,24.06,24.06,1066975,31992834.00
2012/10/12,24.20,24.20,23.32,23.40,1360198,39977680.00
2012/10/15,23.40,23.40,22.43,22.47,1656860,46808912.00
2012/10/16,22.52,22.91,22.45,22.68,2231093,62604180.00
2012/10/17,22.68,23.45,22.66,23.23,1836457,52550828.00
2012/10/18,23.24,24.03,23.05,23.77,1275761,37312980.00
2012/10/19,23.77,23.83,23.40,23.78,956432,28030138.00
2012/10/22,23.80,23.84,22.84,22.96,2811570,80764608.00
2012/10/23,22.87,23.18,22.73,23.05,1152534,32862752.00
2012/10/24,22.80,22.91,21.72,22.63,2304742,64435500.00
2012/10/25,22.77,22.77,22.12,22.20,919308,25495726.00
2012/10/26,22.19,22.33,21.92,22.20,1090813,29993310.00
2012/10/29,22.21,22.76,22.12,22.25,598532,16722727.00
2012/10/30,22.62,22.77,22.31,22.66,941899,26421772.00
2012/10/31,22.47,23.35,22.46,23.29,1764469,50481536.00
2012/11/01,23.22,23.62,22.91,23.39,1890009,54646816.00
2012/11/02,23.41,23.49,23.04,23.36,493786,14326374.00
2012/11/05,23.36,23.60,23.06,23.07,687002,19938688.00
2012/11/06,23.06,23.36,22.91,23.33,687010,19770270.00
2012/11/07,23.33,23.78,23.04,23.08,704199,20507288.00
2012/11/08,23.12,23.51,23.12,23.20,586695,17014662.00
2012/11/09,23.20,23.20,22.58,22.66,472231,13394465.00
2012/11/12,22.66,23.15,22.58,22.70,290416,8197203.00
2012/11/13,22.77,22.94,22.37,22.37,382267,10715083.00
2012/11/14,22.60,22.87,22.22,22.53,309077,8687051.00
2012/11/15,22.37,22.88,22.37,22.45,361178,10085012.00
2012/11/16,22.34,22.54,21.61,22.24,1103169,30176190.00
2012/11/19,22.28,22.47,22.13,22.46,300548,8328533.00
2012/11/20,22.61,23.24,22.54,22.99,937486,26709544.00
2012/11/21,22.92,23.27,22.70,23.04,420802,11998828.00
2012/11/22,23.04,23.20,22.64,22.64,633258,18072610.00
2012/11/23,22.64,22.99,22.64,22.97,335667,9548260.00
2012/11/26,22.97,23.19,22.62,22.62,368650,10396926.00
2012/11/27,22.28,22.67,22.05,22.40,647535,17919082.00
2012/11/28,22.12,22.48,21.87,22.18,479744,13263106.00
2012/11/29,22.07,22.47,22.07,22.17,410952,11370623.00
2012/11/30,22.17,22.78,22.05,22.72,562443,15776920.00
2012/12/03,22.75,22.82,22.54,22.69,603780,16996062.00
2012/12/04,22.53,23.16,22.32,23.16,877735,24612288.00
2012/12/05,23.15,23.70,22.73,23.67,2515422,72638800.00
2012/12/06,23.61,23.62,23.12,23.24,1976927,57086692.00
2012/12/07,23.34,23.61,23.16,23.37,1457841,42308372.00
2012/12/10,23.50,24.19,23.40,23.99,1111623,32838586.00
2012/12/11,24.02,24.02,23.53,23.53,921943,27176104.00
2012/12/12,23.53,24.12,23.53,24.09,1385014,41158372.00
2012/12/13,24.09,24.17,23.58,23.87,2052513,60667176.00
2012/12/14,23.64,24.77,23.58,24.57,3528657,105909272.00
2012/12/17,24.57,24.57,23.25,23.86,5469328,161041696.00
2012/12/18,23.47,23.47,22.53,22.71,5107751,145501264.00
2012/12/19,21.95,22.75,20.58,22.03,8066480,215505872.00
2012/12/20,21.53,21.61,20.62,21.04,5518425,145114672.00
2012/12/21,21.05,21.77,21.04,21.57,5462649,146036128.00
2012/12/24,21.57,21.80,21.29,21.69,3593744,96632712.00
2012/12/25,21.69,22.74,21.62,22.53,5003679,139287008.00
2012/12/26,22.53,23.78,22.28,23.70,5064825,146740464.00
2012/12/27,23.85,23.86,23.28,23.45,4052132,117915248.00
2012/12/28,23.35,23.74,22.99,23.62,3835307,111077360.00
2012/12/31,23.61,23.87,22.64,23.70,7458134,216325600.00
2013/01/04,23.60,23.62,22.03,22.04,7762467,217746144.00
2013/01/07,21.70,22.32,21.34,22.03,4032434,110023800.00
2013/01/08,21.82,22.30,21.82,22.03,4203929,115317208.00
2013/01/09,22.06,22.94,22.06,22.73,2820638,79242152.00
2013/01/10,22.79,22.94,22.29,22.52,2310976,64667252.00
2013/01/11,22.53,22.62,21.69,21.69,3008488,82639472.00
2013/01/14,21.68,22.38,21.53,22.22,2293048,62973004.00
2013/01/15,22.37,22.84,22.37,22.77,3150579,88709088.00
2013/01/16,23.12,23.95,23.07,23.37,6426764,187591120.00
2013/01/17,23.39,24.28,23.37,24.07,5284608,156401360.00
2013/01/18,24.08,25.33,24.08,24.59,3612473,111283640.00
2013/01/21,24.62,24.82,24.29,24.52,1911692,58170956.00
2013/01/22,24.54,24.57,23.72,23.75,1465784,43646176.00
2013/01/23,23.70,24.28,23.51,24.10,980388,29285842.00
2013/01/24,24.03,24.19,23.37,23.49,899977,26556886.00
2013/01/25,23.62,24.07,23.49,24.05,701431,20804290.00
2013/01/28,24.17,24.82,23.87,24.70,1288487,39168856.00
2013/01/29,24.66,25.22,24.25,24.28,1345890,40895976.00
2013/01/30,24.26,24.52,23.78,24.24,932379,27983372.00
2013/01/31,24.46,24.78,23.96,24.39,750361,22461778.00
2013/02/01,24.39,24.39,23.96,24.12,1091365,32658950.00
2013/02/04,23.66,24.12,22.95,23.04,2650397,77066744.00
2013/02/05,23.04,23.53,22.53,23.49,2084107,59527552.00
2013/02/06,23.42,23.49,22.87,23.02,2909885,83041944.00
2013/02/07,23.01,23.20,22.68,23.11,1453150,41338048.00
2013/02/08,23.11,23.59,23.02,23.44,2058110,59640608.00
2013/02/18,23.46,23.83,23.45,23.61,1483248,43404188.00
2013/02/19,23.65,23.82,22.87,22.92,1574708,45782652.00
2013/02/20,22.93,23.20,22.78,23.03,1217048,34813984.00
2013/02/21,22.87,23.27,22.39,23.22,1727476,48964948.00
2013/02/22,23.18,24.20,23.12,23.91,2604545,76827592.00
2013/02/25,24.07,24.14,23.57,23.66,1680621,49539684.00
2013/02/26,23.62,23.66,23.29,23.47,1813643,52738852.00
2013/02/27,23.48,23.78,22.95,23.09,1186619,34120776.00
2013/02/28,23.17,23.47,23.09,23.37,1125536,32536608.00
2013/03/01,23.37,23.52,22.82,23.02,1795001,51378224.00
2013/03/04,22.96,23.12,20.63,21.70,5872492,158628864.00
2013/03/05,21.62,22.32,21.37,21.87,2101527,57162932.00
2013/03/06,21.73,21.77,20.70,21.31,7058322,185990240.00
2013/03/07,21.24,21.24,20.77,21.07,3683223,96303584.00
2013/03/08,21.08,21.57,21.08,21.27,3468959,92253624.00
2013/03/11,21.32,21.95,21.32,21.77,2576407,69561296.00
2013/03/12,21.79,21.92,21.08,21.33,2318499,61918688.00
2013/03/13,21.31,21.31,19.99,20.85,3766517,96868616.00
2013/03/14,20.74,20.99,20.47,20.67,1134378,29324546.00
2013/03/15,20.82,20.82,20.07,20.63,2630733,66969792.00
2013/03/18,20.35,20.88,20.24,20.54,1264144,32411800.00
2013/03/19,20.46,20.74,19.94,20.51,2217251,56059444.00
2013/03/20,20.52,21.22,20.30,21.07,2453046,63919932.00
2013/03/21,21.16,21.52,21.00,21.11,1789072,47318996.00
2013/03/22,21.15,21.37,20.75,21.03,2105707,54794316.00
2013/03/25,21.17,21.17,20.49,20.62,2423948,62486016.00
2013/03/26,20.62,20.62,19.86,19.95,4098214,102634864.00
2013/03/27,19.96,20.27,19.94,20.15,1541007,38629720.00
2013/03/28,20.06,20.13,19.77,20.06,1796287,44826884.00
2013/03/29,20.12,20.86,20.12,20.74,2643247,67912296.00
2013/04/01,20.78,22.28,20.78,22.05,6338572,171992112.00
2013/04/02,22.03,22.03,21.53,21.77,2771949,74932136.00
2013/04/03,21.72,22.12,20.87,21.48,2814279,75091584.00
2013/04/08,20.95,22.03,20.91,21.85,2104572,56614896.00
2013/04/09,21.85,22.48,21.62,21.66,2185531,59772856.00
2013/04/10,21.57,21.89,21.38,21.62,988500,26568474.00
2013/04/11,21.74,21.84,21.39,21.49,626233,16816394.00
2013/04/12,21.49,21.66,21.24,21.30,608256,16263366.00
2013/04/15,21.04,21.90,21.04,21.66,2185478,58690352.00
2013/04/16,21.57,22.09,21.29,21.96,2260422,61672948.00
2013/04/17,21.96,21.96,21.53,21.71,2217588,59956952.00
2013/04/18,21.71,21.71,21.14,21.16,1402156,37276600.00
2013/04/19,21.47,22.01,21.27,21.78,2538593,68544976.00
2013/04/22,21.55,21.86,21.28,21.45,1767795,47260012.00
2013/04/23,21.46,21.49,20.38,20.86,2391016,61910764.00
2013/04/24,20.54,21.24,20.43,21.17,2415826,63029208.00
2013/04/25,20.88,21.42,20.82,21.07,1016788,26814286.00
2013/04/26,20.95,21.12,20.31,20.45,1948513,49751772.00
2013/05/02,20.46,20.46,20.13,20.24,945464,23879954.00
2013/05/03,20.43,20.77,20.12,20.40,2340705,59617172.00
2013/05/06,20.41,21.03,20.34,20.78,1921568,49787984.00
2013/05/07,20.97,20.97,20.48,20.67,1799727,46277652.00
2013/05/08,20.72,21.57,20.70,21.37,2972023,78330072.00
2013/05/09,21.47,21.76,21.37,21.67,3412761,91741936.00
2013/05/10,21.80,23.00,21.78,22.72,5288202,148864800.00
2013/05/13,22.82,22.96,22.48,22.80,1511777,42759492.00
2013/05/14,22.76,22.83,22.43,22.53,1194907,33492214.00
2013/05/15,22.46,22.72,22.13,22.60,1851060,51901572.00
2013/05/16,22.54,22.77,22.07,22.47,1832361,50933716.00
2013/05/17,22.47,23.37,22.27,23.29,3664276,104547552.00
2013/05/20,23.31,24.62,23.28,24.24,4576084,136507616.00
2013/05/21,24.24,24.62,23.95,24.29,1537350,46233884.00
2013/05/22,24.22,24.44,24.08,24.25,1381995,41628404.00
2013/05/23,24.25,24.86,24.25,24.66,1546416,47246820.00
2013/05/24,24.66,25.09,24.53,25.03,1603364,49393336.00
2013/05/27,25.04,25.31,24.70,24.89,1234998,38140960.00
2013/05/28,24.82,24.98,23.88,24.43,1387860,41868328.00
2013/05/29,24.42,24.68,24.20,24.43,729365,22162630.00
2013/05/30,24.43,24.47,24.22,24.27,937875,28309160.00
2013/05/31,24.31,24.69,24.22,24.57,1029053,31195956.00
2013/06/03,24.58,25.20,24.43,24.57,1542105,47378516.00
2013/06/04,24.68,24.68,23.28,23.68,2326374,69033120.00
2013/06/05,23.72,24.18,23.43,23.69,1675855,49674832.00
2013/06/06,23.86,24.19,23.20,23.26,1957991,57272744.00
2013/06/07,23.26,23.51,23.20,23.37,1462098,42294032.00
2013/06/13,23.27,23.52,22.54,23.36,653169,18754462.00
2013/06/14,24.28,25.01,23.95,24.69,2756248,83257224.00
2013/06/17,24.45,25.13,24.24,25.12,2744283,84371320.00
2013/06/18,25.17,25.58,24.62,25.27,1777183,55674944.00
2013/06/19,25.66,25.68,24.87,25.26,902079,28264624.00
2013/06/20,24.98,25.26,24.37,24.67,936370,28808436.00
2013/06/21,24.21,26.28,23.28,24.72,2969141,92118744.00
2013/06/24,24.45,25.03,22.44,23.05,1627601,47511404.00
2013/06/25,23.06,23.48,21.53,22.62,2019928,55910040.00
2013/06/26,23.02,23.73,22.20,23.68,3008750,86086696.00
2013/06/27,23.70,24.06,23.47,23.68,1913416,55978104.00
2013/06/28,23.62,24.28,22.67,22.67,3289047,95172736.00
2013/07/01,22.67,23.72,22.67,23.62,1842375,52670184.00
2013/07/02,23.58,23.99,23.28,23.62,910864,26425600.00
2013/07/03,23.60,23.82,23.23,23.70,1213927,35131824.00
2013/07/04,23.29,24.87,23.29,24.28,2104285,62511576.00
2013/07/05,24.43,24.84,24.13,24.17,1137844,34161060.00
2013/07/08,24.07,24.15,23.29,23.62,889447,25870626.00
2013/07/09,23.78,23.78,22.97,23.11,1158609,33152574.00
2013/07/10,22.87,23.70,22.62,23.15,1617647,46055532.00
2013/07/11,23.15,23.92,22.92,23.63,1909556,55066868.00
2013/07/12,23.78,23.93,23.03,23.03,1103993,31923126.00
2013/07/15,23.02,23.45,22.78,23.27,1359018,38648216.00
2013/07/16,23.27,23.27,22.60,22.87,2204852,61913440.00
2013/07/17,22.87,23.07,22.60,22.63,1350306,37994096.00
2013/07/18,22.57,22.94,22.57,22.64,1027973,28731444.00
2013/07/19,22.96,22.96,22.28,22.39,961828,26805844.00
2013/07/22,22.41,22.75,22.32,22.45,965448,26716256.00
2013/07/23,22.45,23.08,22.41,23.06,1265957,35583308.00
2013/07/24,23.03,23.07,22.47,22.63,1238004,34542116.00
2013/07/25,22.85,23.02,21.53,21.73,2910270,78712480.00
2013/07/26,21.54,21.87,21.45,21.83,623247,16662697.00
2013/07/29,21.55,22.20,21.53,22.17,1165990,31233184.00
2013/07/30,22.09,22.27,21.62,21.70,998854,26933508.00
2013/07/31,21.94,21.97,21.62,21.69,698580,18698688.00
2013/08/01,21.86,21.95,21.62,21.83,1369100,36686372.00
2013/08/02,21.92,22.11,21.67,21.67,1871422,50208888.00
2013/08/05,21.90,21.90,21.62,21.74,1802243,48115472.00
2013/08/06,21.75,21.88,21.32,21.49,2504541,66301416.00
2013/08/07,21.47,21.61,21.09,21.16,3275798,86180384.00
2013/08/08,21.23,21.76,21.14,21.60,2905072,76822816.00
2013/08/09,21.69,21.91,21.20,21.62,3001972,79969424.00
2013/08/12,21.66,21.95,21.63,21.87,3040478,81528848.00
2013/08/13,21.92,22.04,21.74,22.03,1948711,52542300.00
2013/08/14,22.16,22.20,21.62,21.68,1844033,49599860.00
2013/08/15,21.67,21.82,21.15,21.15,2106709,55421624.00
2013/08/16,21.13,21.32,20.42,20.47,3555868,91682224.00
2013/08/19,20.54,20.86,20.44,20.83,1717086,43678232.00
2013/08/20,20.78,20.91,20.57,20.69,1448714,37026028.00
2013/08/21,20.78,20.78,20.43,20.52,1947791,49446332.00
2013/08/22,20.37,20.55,20.26,20.45,1978963,49702872.00
2013/08/23,20.49,20.58,20.06,20.24,1761715,44095884.00
2013/08/26,20.24,20.74,20.03,20.73,2438043,61399740.00
2013/08/27,20.67,20.86,20.47,20.79,1890680,48089196.00
2013/08/28,20.60,20.79,20.52,20.68,2698965,68648952.00
2013/08/29,20.74,21.27,20.74,21.03,2609971,67633984.00
2013/08/30,21.07,21.25,20.68,20.68,1869752,48235080.00
2013/09/02,20.70,21.07,20.70,20.95,1587406,40931496.00
2013/09/03,21.12,21.38,21.05,21.28,2461314,64477612.00
2013/09/04,21.32,21.37,20.82,20.97,1739840,45007936.00
2013/09/05,20.96,20.97,20.50,20.52,1632834,41454412.00
2013/09/06,20.55,20.87,20.43,20.76,1392713,35610564.00
2013/09/09,20.66,21.49,20.64,21.32,2885133,75227464.00
2013/09/10,21.33,21.48,21.01,21.12,1894954,49254908.00
2013/09/11,21.27,21.32,20.87,21.02,1775166,45893744.00
2013/09/12,21.03,21.27,20.93,21.03,1432897,37111120.00
2013/09/13,21.20,21.20,20.71,20.79,2291188,59035484.00
2013/09/16,20.79,21.07,20.42,20.53,2213357,56488660.00
2013/09/17,20.46,20.53,20.03,20.31,2236480,56025024.00
2013/09/18,20.36,20.54,20.05,20.53,2361391,58978340.00
2013/09/23,20.52,20.70,20.36,20.63,1753654,44324992.00
2013/09/24,20.62,20.75,20.41,20.62,1594847,40422020.00
2013/09/25,20.62,20.68,20.13,20.21,2085441,52223880.00
2013/09/26,20.27,20.27,19.87,19.95,1766341,43579396.00
2013/09/27,19.87,20.07,19.45,19.60,1950552,47582896.00
2013/09/30,19.67,19.73,18.71,18.74,3917208,91963752.00
2013/10/08,18.75,18.88,18.22,18.78,4133900,94913024.00
2013/10/09,18.78,19.65,18.72,19.45,4382533,104008168.00
2013/10/10,19.54,20.47,19.54,19.82,3881200,96085480.00
2013/10/11,19.95,20.12,19.69,19.94,2023875,49627652.00
2013/10/14,19.95,20.05,19.12,19.42,4125721,98954480.00
2013/10/15,19.50,19.50,19.07,19.16,2275210,53887144.00
2013/10/16,19.21,19.21,18.67,18.72,2201385,51114432.00
2013/10/17,18.87,19.00,18.72,18.86,1360049,31706244.00
2013/10/18,18.83,19.00,18.74,18.88,1339990,31208798.00
2013/10/21,18.89,19.06,18.53,18.87,3141969,72671080.00
2013/10/22,18.88,19.42,18.88,19.42,4976183,117836024.00
2013/10/23,19.42,19.62,18.75,19.00,3191325,75528400.00
2013/10/24,19.08,19.17,18.57,18.60,4603514,107318248.00
2013/10/25,18.61,18.78,16.68,16.68,10219882,218668160.00
2013/10/28,16.43,16.74,16.41,16.57,2770653,57105948.00
2013/10/29,16.54,16.68,15.78,15.87,3659320,73167376.00
2013/10/30,15.96,16.07,15.57,15.68,3688685,72100360.00
2013/10/31,15.70,16.27,15.60,16.19,3556576,70093504.00
2013/11/01,16.12,16.42,15.86,15.93,2498421,49812140.00
2013/11/04,15.93,16.03,15.45,15.53,4106591,79625192.00
2013/11/05,15.41,15.45,14.97,15.23,6753849,126995832.00
2013/11/06,15.19,15.33,15.08,15.14,3772886,71310464.00
2013/11/07,15.13,15.20,14.82,14.86,2601947,48453304.00
2013/11/08,14.72,14.72,14.31,14.34,3992660,71987976.00
2013/11/11,14.34,14.57,14.15,14.37,3029100,54291000.00
2013/11/12,14.40,14.57,14.33,14.52,2320072,41779344.00
2013/11/13,14.46,14.64,14.33,14.45,2364382,42780020.00
2013/11/14,14.42,15.33,14.41,15.18,5594470,104423984.00
2013/11/15,15.17,15.63,15.03,15.40,4879719,93389304.00
2013/11/18,15.40,15.52,15.03,15.45,4229302,80151680.00
2013/11/19,15.55,15.57,15.29,15.37,2790958,53427404.00
2013/11/20,15.45,16.57,15.04,16.53,7907739,156693296.00
2013/11/21,16.35,16.38,15.87,15.97,4609548,91972584.00
2013/11/22,15.96,16.40,15.87,15.92,2882077,57744424.00
2013/11/25,15.92,16.20,15.87,16.03,2226580,44345100.00
2013/11/26,15.95,16.09,15.37,15.56,3760069,73031424.00
2013/11/27,15.45,15.72,15.42,15.55,2131884,41234792.00
2013/11/28,15.68,15.94,15.52,15.77,3150618,61714280.00
2013/11/29,15.86,15.88,15.68,15.70,2089090,40870668.00
2013/12/02,15.30,15.53,14.95,15.01,3018701,57132044.00
2013/12/03,14.95,15.42,14.89,15.30,2174690,41262380.00
2013/12/04,15.30,16.62,15.20,16.53,6161060,122615808.00
2013/12/05,16.47,16.95,16.28,16.62,5970774,123005224.00
2013/12/06,16.62,17.09,16.54,16.97,4896171,102841312.00
2013/12/09,17.02,17.03,16.63,16.70,3739392,77766128.00
2013/12/10,16.74,16.80,16.10,16.27,4045405,82024504.00
2013/12/11,16.12,16.43,15.93,16.41,2298094,46264552.00
2013/12/12,16.35,16.45,16.13,16.14,1696184,34282768.00
2013/12/13,16.10,16.62,15.93,16.40,2029547,41238476.00
2013/12/16,16.47,16.60,16.12,16.13,1570126,31774702.00
2013/12/17,16.12,16.27,15.61,15.62,2462900,48200176.00
2013/12/18,15.67,15.92,15.52,15.57,1666877,32441790.00
2013/12/19,15.67,15.89,15.45,15.67,2906309,56550064.00
2013/12/20,15.65,15.81,15.37,15.53,1682680,32469742.00
2013/12/23,15.46,15.67,15.12,15.32,1852894,35323524.00
2013/12/24,15.37,15.61,15.22,15.39,2557707,48987660.00
2013/12/25,15.48,16.07,15.28,15.93,2828889,54793768.00
2013/12/26,15.85,16.22,15.53,16.02,4466575,88210912.00
2013/12/27,16.02,16.60,16.02,16.36,4487885,91325312.00
2013/12/30,17.28,17.28,16.25,16.27,3899043,80012848.00
2013/12/31,16.25,16.61,16.20,16.45,3982897,81232816.00
2014/01/02,16.37,17.18,16.31,16.90,5185991,108049624.00
2014/01/03,16.72,16.92,16.52,16.57,3648892,75331544.00
2014/01/06,16.57,16.59,15.67,15.91,7067032,140502544.00
2014/01/07,15.72,15.85,14.45,14.62,10138839,190639968.00
2014/01/08,14.68,14.76,14.17,14.29,9384578,168515360.00
2014/01/09,14.29,15.15,14.17,14.35,7929098,144309488.00
2014/01/10,14.35,15.08,14.20,14.36,4784477,86056080.00
2014/01/13,14.45,14.85,14.45,14.70,4173914,76291928.00
2014/01/14,14.72,14.99,14.71,14.88,2324492,43027064.00
2014/01/15,14.89,14.94,14.44,14.71,3666927,66663804.00
2014/01/16,14.70,14.71,14.37,14.38,3113671,56101352.00
2014/01/17,14.32,14.47,14.25,14.45,2677549,48098676.00
2014/01/20,14.42,14.53,13.68,13.95,2279472,39972544.00
2014/01/21,13.95,14.27,13.72,14.25,2092557,36670456.00
2014/01/22,14.22,14.57,14.09,14.53,3286106,59114616.00
2014/01/23,14.53,14.65,14.31,14.33,3425653,61665232.00
2014/01/24,14.37,14.57,14.29,14.41,3986626,71587736.00
2014/01/27,14.41,14.41,13.76,13.77,6188768,107563032.00
2014/01/30,14.50,15.21,14.42,14.62,11409516,210904496.00
2014/02/07,14.35,15.07,14.29,15.05,5984538,110137320.00
2014/02/10,15.06,15.85,14.93,15.59,10626627,204601616.00
2014/02/11,15.72,15.92,15.43,15.80,8118432,157874224.00
2014/02/12,15.86,15.86,15.57,15.62,4133258,80388344.00
2014/02/13,15.61,15.78,15.31,15.32,3892812,75351432.00
2014/02/14,15.35,15.99,15.35,15.94,5545495,108267184.00
2014/02/17,16.18,17.03,16.12,16.74,10960600,227025040.00
2014/02/18,16.86,17.02,16.46,16.75,7528910,156473616.00
2014/02/19,16.77,16.98,16.37,16.47,4764404,97972200.00
2014/02/20,16.70,17.43,16.69,17.15,12718644,269480384.00
2014/02/21,17.03,17.12,16.47,16.57,6964887,145293488.00
2014/02/24,16.57,16.57,15.52,16.03,7296640,143058752.00
2014/02/25,15.97,16.24,14.88,15.26,5571076,108644248.00
2014/02/26,15.12,15.46,14.90,15.45,3285303,61843384.00
2014/02/27,15.34,15.46,14.75,14.82,5294684,99163208.00
2014/02/28,15.04,15.06,14.70,15.00,5209447,96616472.00
2014/03/03,15.02,15.32,14.78,15.28,3596806,67248536.00
2014/03/04,15.20,15.20,14.49,14.77,5267073,96772640.00
2014/03/05,14.77,14.95,14.64,14.78,1916109,35318236.00
2014/03/06,14.86,14.90,14.14,14.52,4170123,74953176.00
2014/03/07,14.56,14.68,14.35,14.47,2316598,41867648.00
2014/03/10,14.38,14.53,14.17,14.20,2129995,37905780.00
2014/03/11,14.25,14.42,14.20,14.28,2447412,43672696.00
2014/03/12,14.29,14.36,13.87,14.09,2739928,48328468.00
2014/03/13,14.17,14.37,13.98,14.28,2978639,52604220.00
2014/03/14,14.28,14.42,14.13,14.37,2323198,41250676.00
2014/03/17,14.42,14.81,14.37,14.77,3265318,59605604.00
2014/03/18,14.82,14.82,14.51,14.77,3044553,55680008.00
2014/03/19,14.69,14.73,14.27,14.32,2844380,51076068.00
2014/03/20,14.29,14.42,13.83,13.91,3547471,62445576.00
2014/03/21,13.91,14.33,13.70,14.32,4886146,85087912.00
2014/03/24,14.38,14.48,14.24,14.42,5391608,96452296.00
2014/03/25,14.42,14.63,14.27,14.56,4923266,89114560.00
2014/03/26,14.56,14.62,14.52,14.57,3087379,55968540.00
2014/03/27,14.57,14.75,14.35,14.35,3718039,67788488.00
2014/03/28,14.40,14.48,14.07,14.30,3555232,63468796.00
2014/03/31,14.36,14.70,14.28,14.59,2540253,46075128.00
2014/04/01,14.67,14.70,14.52,14.60,2108000,38331140.00
2014/04/02,14.62,14.62,14.29,14.42,3006243,53898484.00
2014/04/03,14.52,14.66,14.41,14.57,2870125,51997068.00
2014/04/04,14.52,14.68,14.45,14.59,2457745,44628228.00
2014/04/08,14.54,15.08,14.54,14.96,4105612,76009544.00
2014/04/09,14.97,15.37,14.96,15.25,4065023,76779264.00
2014/04/10,15.27,15.43,15.06,15.27,3726542,70529248.00
2014/04/11,15.32,15.43,15.03,15.15,3683443,69641488.00
2014/04/14,15.13,15.19,15.05,15.13,2379295,44686344.00
2014/04/15,15.03,15.10,14.79,14.82,2488118,46344304.00
2014/04/16,14.82,15.28,14.71,15.14,3299742,61881392.00
2014/04/17,15.08,15.27,15.08,15.11,2619018,49417528.00
2014/04/18,15.12,15.12,14.87,15.07,1762889,32889042.00
2014/04/21,14.95,15.11,14.60,14.66,2171737,40237176.00
2014/04/22,14.72,14.77,13.86,14.38,3814308,67652056.00
2014/04/23,14.24,14.53,14.22,14.49,2358184,42326356.00
2014/04/24,14.48,14.87,14.33,14.45,2219270,40445612.00
2014/04/25,14.65,14.65,14.08,14.12,1854471,33078988.00
2014/04/28,14.20,14.27,13.88,14.06,3875742,67683344.00
2014/04/29,14.24,14.36,14.10,14.29,1807724,32090886.00
2014/04/30,14.43,14.45,14.29,14.40,1009575,18095794.00
2014/05/05,14.53,15.56,14.53,15.29,5776559,108669360.00
2014/05/06,15.27,15.72,15.27,15.34,5895877,113818280.00
2014/05/07,15.28,15.72,15.22,15.51,5942392,115017520.00
2014/05/08,15.50,15.50,14.95,15.24,4774689,73938288.00
2014/05/09,15.22,15.24,13.69,14.35,18614673,267406912.00
2014/05/12,14.14,14.68,13.94,14.55,8799980,128276680.00
2014/05/13,14.67,14.99,14.51,14.64,4652907,70033576.00
2014/05/14,14.66,14.81,14.41,14.74,2508479,37612540.00
2014/05/15,14.72,14.80,13.70,14.36,2833820,42175528.00
2014/05/16,14.41,14.77,14.31,14.75,3545061,52734120.00
2014/05/19,14.67,15.20,14.45,14.94,3438062,52354688.00
2014/05/20,14.95,15.19,14.88,14.96,2139332,32797352.00
2014/05/21,15.20,15.72,15.15,15.68,6099196,96217048.00
2014/05/22,15.60,15.83,15.34,15.35,4311542,68455704.00
2014/05/23,15.72,15.99,15.65,15.78,5028755,80840192.00
2014/05/26,15.85,16.00,15.53,15.69,5904384,95021904.00
2014/05/27,15.78,15.78,15.36,15.43,3804469,60083232.00
2014/05/28,15.37,15.94,15.37,15.90,4677229,75137328.00
2014/05/29,15.90,16.13,15.72,15.81,3248063,52537852.00
2014/05/30,15.83,15.97,15.52,15.70,2218674,35494668.00
2014/06/03,15.70,15.87,15.57,15.82,2088365,33529798.00
2014/06/04,15.80,15.80,14.90,15.46,4483648,69864464.00
2014/06/05,15.44,15.44,15.01,15.20,2873600,44346452.00
2014/06/06,15.27,15.28,14.98,15.14,2218688,34128864.00
2014/06/09,15.12,15.41,15.10,15.29,2220042,34594504.00
2014/06/10,15.30,15.75,15.17,15.62,4246964,67190144.00
2014/06/11,15.64,15.70,15.56,15.65,3286015,52296236.00
2014/06/12,15.65,16.00,15.63,15.96,3588678,57965692.00
2014/06/13,15.95,16.08,15.86,15.93,2867226,46705692.00
2014/06/16,16.05,16.55,15.93,16.45,4650576,77638456.00
2014/06/17,16.49,16.49,15.74,15.75,3862706,63048876.00
2014/06/18,15.85,15.93,15.64,15.73,1962708,31497802.00
2014/06/19,15.88,15.88,15.00,15.24,4946267,77418312.00
2014/06/20,15.32,15.41,14.93,15.24,3248512,50260992.00
2014/06/23,15.40,15.59,15.24,15.40,2938352,46195596.00
2014/06/24,15.40,15.45,15.12,15.26,2362828,36667504.00
2014/06/25,15.25,15.25,14.90,15.12,2294278,35259372.00
2014/06/26,15.24,15.46,15.13,15.29,2614227,40920320.00
2014/06/27,15.28,15.65,15.22,15.60,3572096,56292580.00
2014/06/30,15.55,16.01,15.55,15.90,3930433,63533516.00
2014/07/01,15.93,15.97,15.73,15.91,2124199,34343236.00
2014/07/02,15.91,16.06,15.78,15.89,2309686,37517744.00
2014/07/03,15.90,16.07,15.80,15.81,1996371,32454484.00
2014/07/04,15.84,15.98,15.72,15.89,1871614,30199956.00
2014/07/07,15.89,16.24,15.85,16.16,3206980,52544600.00
2014/07/08,16.15,16.16,15.85,16.12,1631517,26612456.00
2014/07/09,16.12,16.15,15.76,15.77,2614121,42407524.00
2014/07/10,15.86,16.30,15.73,16.10,2669593,43668736.00
2014/07/11,16.12,16.34,15.88,15.91,2701713,44292276.00
2014/07/14,15.92,16.25,15.80,16.13,3914859,63859568.00
2014/07/15,16.16,16.33,15.97,16.00,5811251,95380312.00
2014/07/16,16.00,16.27,15.99,16.23,4409443,72478320.00
2014/07/17,16.25,16.29,15.94,16.00,1496180,24487274.00
2014/07/18,16.02,16.16,15.90,15.94,1504487,24534186.00
2014/07/21,15.93,15.95,15.63,15.64,1934362,31038934.00
2014/07/22,15.61,16.05,15.51,15.98,2785717,45019876.00
2014/07/23,16.00,16.16,15.74,15.93,2631845,42753564.00
2014/07/24,15.80,16.30,15.70,16.25,5047609,82765136.00
2014/07/25,16.18,16.61,16.14,16.52,4245346,71020488.00
2014/07/28,16.66,16.79,16.43,16.67,4138297,70211528.00
2014/07/29,16.72,16.75,16.49,16.62,4448547,75227376.00
2014/07/30,16.50,16.78,16.47,16.68,2861821,48502928.00
2014/07/31,16.68,16.70,16.51,16.67,2766913,46718096.00
2014/08/01,16.67,16.67,16.15,16.24,4789620,80002008.00
2014/08/04,16.25,16.35,16.08,16.32,4749586,78423312.00
2014/08/05,16.90,17.95,16.90,17.51,16476104,294465568.00
2014/08/06,17.37,17.90,17.16,17.71,10451658,186949760.00
2014/08/07,17.79,17.80,17.39,17.45,7741809,138365808.00
2014/08/08,17.48,17.74,17.29,17.37,5063085,90029672.00
2014/08/11,17.40,17.58,17.32,17.53,4971797,88271952.00
2014/08/12,17.78,18.63,17.78,18.39,13600528,251387184.00
2014/08/13,18.30,18.44,18.16,18.40,6363829,118288504.00
2014/08/14,18.35,18.55,18.11,18.21,4082210,76027864.00
2014/08/15,18.22,18.49,18.10,18.22,3764620,69804152.00
2014/08/18,18.25,18.46,18.15,18.35,4894216,90894760.00
2014/08/19,18.55,18.58,18.00,18.16,4984270,92405872.00
2014/08/20,18.49,19.09,18.46,18.54,12312855,234238880.00
2014/08/21,18.26,18.49,18.08,18.33,4705031,87267792.00
2014/08/22,18.36,18.45,18.01,18.22,3839633,71003152.00
2014/08/25,18.29,18.35,17.64,17.75,4609319,83836352.00
2014/08/26,17.86,17.96,17.46,17.58,3142706,56435432.00
2014/08/27,17.58,18.16,17.50,17.87,3257053,59343536.00
2014/08/28,17.93,18.08,17.31,17.40,3136434,56167668.00
2014/08/29,17.40,17.67,17.37,17.66,1491764,26631738.00
2014/09/01,17.72,18.02,17.69,17.93,1909971,34778944.00
2014/09/02,18.00,18.16,17.82,18.16,3630446,66442056.00
2014/09/03,18.18,18.32,18.09,18.15,3572365,66014440.00
2014/09/04,18.15,18.15,17.88,18.00,5063749,92649648.00
2014/09/05,18.00,18.19,17.97,18.14,4819292,88690560.00
2014/09/09,18.18,18.55,18.10,18.49,7578413,141138048.00
2014/09/10,18.45,18.45,18.21,18.26,2882600,53585468.00
2014/09/11,18.25,18.64,18.23,18.41,6472241,121645984.00
2014/09/12,18.49,18.58,18.32,18.44,3612503,67643640.00
2014/09/15,18.45,18.51,18.20,18.32,4350567,80929016.00
2014/09/16,18.37,18.43,17.47,17.53,5853504,106787864.00
2014/09/17,17.46,17.69,17.30,17.54,3129330,55604428.00
2014/09/18,17.50,17.72,17.41,17.72,2518693,45009176.00
2014/09/19,17.69,17.92,17.60,17.92,2349335,42524744.00
2014/09/22,17.75,17.90,17.35,17.60,4206765,75141248.00
2014/09/23,17.60,17.81,17.58,17.66,2848259,51291272.00
2014/09/24,17.66,18.19,17.66,18.04,4494820,82459024.00
2014/09/25,18.20,18.37,18.05,18.06,3753797,69636856.00
2014/09/26,18.08,18.60,18.08,18.45,6585890,122637648.00
2014/09/29,18.50,19.14,18.50,18.91,5982231,115149144.00
2014/09/30,18.91,19.47,18.91,19.09,7030560,137573088.00
2014/10/08,19.20,19.30,18.75,19.08,4066304,78366224.00
2014/10/09,19.07,19.32,18.78,18.96,4216819,81593960.00
2014/10/10,18.80,18.91,18.48,18.57,4567655,86628848.00
2014/10/13,18.61,18.79,18.38,18.76,2502406,47449964.00
2014/10/14,18.68,18.82,18.30,18.39,3114122,58631328.00
2014/10/15,18.39,18.54,18.06,18.20,2936203,54360112.00
2014/10/16,18.16,18.54,18.02,18.10,3547493,65728180.00
2014/10/17,18.09,18.43,17.84,18.28,2881038,53189836.00
2014/10/20,18.28,18.54,18.21,18.50,2092216,39116056.00
2014/10/21,18.69,18.93,18.25,18.28,3890925,73493464.00
2014/10/22,18.21,18.38,17.76,17.77,4731690,86332280.00
2014/10/23,17.95,18.14,17.84,18.13,3345926,61182580.00
2014/10/24,18.12,18.13,17.85,17.90,2427150,44309836.00
2014/10/27,17.84,17.90,17.61,17.86,2797457,50451296.00
2014/10/28,17.86,18.37,17.86,18.28,4640288,86044800.00
2014/10/29,18.28,18.98,18.26,18.75,8094955,154302304.00
2014/10/30,18.74,18.97,18.54,18.70,6672117,126898848.00
2014/10/31,18.70,19.20,18.65,19.12,9179294,177137616.00
2014/11/03,19.26,21.06,19.25,20.72,18589216,381757376.00
2014/11/04,22.81,22.82,22.31,22.82,25623721,591040704.00
2014/11/05,25.13,25.13,24.13,25.01,59336959,1489416320.00
2014/11/06,24.20,24.50,23.10,24.42,32778165,792374976.00
2014/11/07,24.23,24.86,23.50,23.58,23426557,574383808.00
2014/11/10,23.85,25.97,23.85,25.97,45495003,1178501760.00
2014/11/11,25.30,25.35,23.50,24.40,30240149,745715776.00
2014/11/12,24.36,24.36,23.35,24.19,12594267,304958912.00
2014/11/13,24.05,25.28,23.52,25.02,15986530,396982528.00
2014/11/14,24.70,24.70,23.40,24.16,13199518,319821920.00
2014/11/17,24.48,25.52,23.67,24.30,10341327,258616352.00
2014/11/18,24.58,25.35,24.20,24.20,15072829,376642720.00
2014/11/19,23.95,23.95,23.27,23.51,10017735,238847056.00
2014/11/20,23.47,23.89,22.85,23.77,10697790,252780032.00
2014/11/21,23.61,24.14,23.45,24.05,10100243,242823648.00
2014/11/24,24.20,25.97,23.71,24.80,22907852,577587648.00
2014/11/25,24.57,26.04,24.39,25.75,16051960,409807520.00
2014/11/26,25.52,28.20,25.21,26.30,24780467,664229696.00
2014/11/27,26.30,26.31,25.12,25.26,18057213,466010560.00
2014/11/28,25.28,26.14,24.38,25.70,20126440,515325536.00
2014/12/01,25.50,25.94,24.78,25.19,11683510,298452928.00
2014/12/02,24.95,25.38,24.80,25.05,10983598,278058528.00
2014/12/03,25.06,25.61,24.70,25.00,12445208,315637056.00
2014/12/04,24.93,25.96,24.70,25.66,14751527,379118560.00
2014/12/05,25.54,25.55,23.68,24.04,21284625,525170112.00
2014/12/08,24.05,26.47,24.05,26.47,25174012,651756672.00
2014/12/09,27.88,29.15,26.12,26.20,41196471,1174236032.00
2014/12/10,26.22,28.85,26.22,28.85,24813578,707470656.00
2014/12/11,29.73,29.88,27.70,28.30,26505458,767371904.00
2014/12/12,28.05,28.86,26.40,28.08,26010732,726645568.00
2014/12/15,28.08,29.68,27.08,28.99,32756055,950886912.00
2014/12/16,28.97,28.97,27.50,28.01,23131049,656772160.00
2014/12/17,27.80,28.58,27.18,27.60,17295920,486400160.00
2014/12/18,27.41,28.52,27.14,27.94,20702580,583309376.00
2014/12/19,27.96,30.70,27.36,29.35,40018076,1172537728.00
2014/12/22,29.10,31.47,27.41,27.55,39444377,1163543168.00
2014/12/23,26.79,27.15,25.50,25.55,17935776,475154848.00
2014/12/24,25.70,26.26,24.71,25.03,13547621,344711456.00
2014/12/25,25.18,26.99,24.95,26.69,18239116,480927840.00
2014/12/26,26.65,28.18,26.03,27.20,20707620,566711936.00
2014/12/29,27.20,29.24,26.78,28.35,25282294,725443776.00
2014/12/30,28.38,28.70,27.32,27.50,13248216,374864288.00
2014/12/31,27.44,28.30,26.63,27.02,15050658,414840704.00
2015/01/05,27.30,29.16,27.00,28.68,20442939,585689408.00
2015/01/06,28.29,28.88,27.90,28.74,16115878,461061568.00
2015/01/07,28.74,30.20,28.40,28.91,19580119,579253696.00
2015/01/08,28.95,29.10,27.50,27.56,14807233,418822784.00
2015/01/09,27.56,28.57,27.10,27.35,12622076,355430752.00
2015/01/12,27.35,27.60,25.11,25.93,19677653,519530304.00
2015/01/13,26.15,26.67,26.10,26.32,7782004,207291616.00
2015/01/14,25.98,26.62,25.72,26.00,5682493,150427760.00
2015/01/15,25.94,26.67,25.85,26.67,6213640,165801104.00
2015/01/16,26.79,27.00,26.37,26.52,9489377,255447104.00
2015/01/19,25.21,26.00,23.92,24.54,13806932,350716608.00
2015/01/20,24.70,25.69,24.69,25.49,12184444,311862272.00
2015/01/21,25.70,26.28,25.31,26.22,9058715,238150544.00
2015/01/22,26.36,26.58,25.90,26.32,6832795,181426464.00
2015/01/23,26.51,26.90,26.21,26.37,9217695,247378064.00
2015/01/26,26.40,27.00,26.23,26.80,7611800,205975104.00
2015/01/27,26.80,27.85,26.55,27.68,12270402,336846816.00
2015/01/28,27.64,27.64,26.67,26.70,9402913,257916912.00
2015/01/29,26.58,27.27,26.41,26.62,6308224,171049296.00
2015/01/30,26.60,26.70,25.50,25.80,11108422,292310496.00
2015/02/02,25.52,25.52,24.37,24.39,11954655,299974720.00
2015/02/03,24.68,24.87,24.25,24.72,7713409,191417296.00
2015/02/04,24.82,25.07,24.40,24.41,7245643,181786448.00
2015/02/05,24.65,24.88,24.23,24.23,8410988,208527008.00
2015/02/06,24.10,24.59,23.96,24.12,5188113,127565824.00
2015/02/09,24.00,24.36,23.68,23.81,7210770,175917744.00
2015/02/10,23.67,24.58,23.65,24.52,5445677,133979296.00
2015/02/11,24.62,25.03,24.54,25.00,4541585,114543192.00
2015/02/12,25.10,25.10,24.65,24.88,3353377,84451128.00
2015/02/13,25.02,25.34,24.89,25.02,6270098,159130064.00
2015/02/16,25.04,25.65,24.91,25.35,6527202,166598976.00
2015/02/17,25.53,26.05,25.36,25.74,5888775,153529088.00
2015/02/25,26.28,28.27,26.28,27.09,17316096,478878752.00
2015/02/26,27.38,29.59,27.01,29.42,30847007,888303360.00
2015/02/27,29.45,29.54,28.35,28.58,19004636,550821248.00
2015/03/02,28.73,28.96,28.13,28.80,17287569,497964096.00
2015/03/03,28.66,28.66,27.70,27.71,16855723,479353376.00
2015/03/04,28.02,28.02,27.28,27.75,11331864,316405760.00
2015/03/05,27.88,27.88,26.94,27.45,12905634,354922944.00
2015/03/06,27.27,27.67,27.12,27.17,7051738,195260992.00
2015/03/09,27.20,27.66,26.65,27.59,7693677,212423712.00
2015/03/10,27.40,27.78,27.20,27.28,8217207,228519232.00
2015/03/11,27.10,27.52,26.86,26.94,6338771,173966800.00
2015/03/12,26.95,27.49,26.95,27.48,8211594,226652832.00
2015/03/13,27.59,27.71,27.12,27.30,9292807,257363488.00
2015/03/16,27.35,27.94,27.35,27.94,13703518,383868224.00
2015/03/17,28.08,29.80,28.08,29.06,30093581,882352640.00
2015/03/18,29.07,29.13,28.50,28.94,20809429,604740160.00
2015/03/19,29.00,30.40,28.72,29.64,31227982,937077824.00
2015/03/20,29.71,31.00,29.70,30.80,32381508,993041216.00
2015/03/23,32.50,33.91,31.71,33.91,40659770,1358825088.00
2015/03/24,35.00,35.27,32.08,34.10,55741423,1907660928.00
2015/03/25,33.50,34.08,32.59,33.16,29913422,1003626624.00
2015/03/26,32.85,34.89,32.25,33.16,24851481,833467200.00
2015/03/27,33.10,34.15,32.31,33.16,22098899,744216960.00
2015/03/30,33.86,35.68,32.91,34.66,43132925,1500584192.00
2015/03/31,34.69,34.80,32.71,32.90,32613273,1100413952.00
2015/04/01,32.93,33.40,32.53,33.02,24280985,804889920.00
2015/04/02,33.10,33.19,32.26,32.62,23649328,776447424.00
2015/04/03,31.96,32.50,31.88,32.33,20915804,679171968.00
2015/04/07,32.63,32.89,32.35,32.88,21151467,697482816.00
2015/04/08,33.09,33.97,32.70,33.34,33375885,1127334272.00
2015/04/09,33.42,33.69,31.47,31.91,21829618,708332992.00
2015/04/10,31.94,32.43,31.94,32.23,14640709,475344544.00
2015/04/13,32.27,33.25,32.27,33.05,19361386,640710208.00
2015/04/14,33.05,33.99,32.70,33.69,28489812,964492096.00
2015/04/15,33.70,36.36,33.25,35.08,45714057,1606379136.00
2015/04/16,34.30,34.65,32.52,33.80,25881821,881020544.00
2015/04/17,33.80,36.46,33.76,35.37,44685278,1581370880.00
2015/04/20,35.37,38.35,34.52,35.94,50022148,1848773376.00
2015/04/21,35.90,35.90,33.70,35.07,30700275,1076785280.00
2015/04/22,35.30,36.19,34.71,35.42,32084516,1147170944.00
2015/04/23,35.48,36.06,34.45,34.72,30003820,1060687168.00
2015/04/24,34.00,34.68,33.09,33.59,25088482,855694080.00
2015/04/27,33.65,35.34,33.65,35.30,30705362,1062742848.00
2015/04/28,34.78,36.38,34.31,34.93,36966721,1322948224.00
2015/04/29,34.40,34.55,33.70,34.10,20123842,692478016.00
2015/04/30,34.18,35.63,34.18,35.04,25231009,894237056.00
2015/05/04,34.85,36.88,34.85,36.25,30829179,1123143936.00
2015/05/05,36.70,38.50,35.45,35.50,39555092,1473380224.00
2015/05/06,35.70,36.39,34.36,34.58,24216245,856330880.00
2015/05/07,34.58,35.02,31.30,31.46,19730563,659562752.00
2015/05/08,31.63,33.78,31.60,33.58,23639425,774426496.00
2015/05/11,33.70,34.49,32.70,34.08,25157959,859103872.00
2015/05/12,34.25,34.25,32.67,33.59,34240793,1148602112.00
2015/05/13,34.40,34.45,32.71,32.95,30340110,1027519936.00
2015/05/14,32.61,32.70,31.60,32.10,28409003,916223360.00
2015/05/15,32.11,32.55,31.67,32.18,18493284,600801728.00
2015/05/18,32.18,32.60,31.50,31.50,19653487,632839104.00
2015/05/19,31.34,32.46,31.25,32.43,18743335,608112768.00
2015/05/20,32.48,33.42,32.48,32.82,24353028,812247936.00
2015/05/21,32.82,33.33,32.30,33.28,24165953,797714048.00
2015/05/22,33.40,34.52,33.40,34.50,33882528,1163768704.00
2015/05/25,34.10,35.55,34.00,35.46,33845971,1189486720.00
2015/05/26,35.55,35.68,34.52,35.40,35719627,1266685184.00
2015/05/27,35.52,35.52,34.43,34.65,28318444,994748224.00
2015/05/28,34.99,37.68,33.70,33.71,45650515,1649156224.00
2015/05/29,33.79,34.50,30.31,32.83,27442538,903328960.00
2015/06/01,32.85,34.54,32.80,34.45,20514879,695204032.00
2015/06/02,35.03,36.19,35.03,36.10,32222128,1160853504.00
2015/06/03,36.39,37.85,36.09,36.99,35493971,1327921152.00
2015/06/04,37.29,37.80,33.57,36.14,28414184,1016911744.00
2015/06/05,36.60,39.75,36.30,39.75,44811509,1693305600.00
2015/06/08,41.45,41.45,38.53,39.45,43681321,1748269696.00
2015/06/09,38.99,40.00,38.03,38.33,24017869,928992576.00
2015/06/10,38.00,39.14,37.41,38.50,20255224,779896128.00
2015/06/11,38.38,40.60,37.50,40.32,28409970,1114712832.00
2015/06/12,40.40,42.38,40.36,40.70,28409556,1175587200.00
2015/06/15,41.00,41.49,39.00,39.30,21399747,861501248.00
2015/06/16,39.10,39.10,36.70,37.19,17803143,671110592.00
2015/06/17,36.60,39.76,36.60,39.69,20564795,787083136.00
2015/06/18,40.24,41.35,38.00,38.45,19082769,765729408.00
2015/06/19,37.50,38.99,36.57,37.01,15465430,585598272.00
2015/06/23,37.02,37.80,33.50,37.00,15913782,575411776.00
2015/06/24,37.28,38.48,36.33,37.84,19406806,730343744.00
2015/06/25,38.26,38.40,34.35,35.50,17279494,634705344.00
2015/06/26,34.98,34.98,31.95,31.95,15200924,494147008.00
2015/06/29,32.50,32.91,28.76,28.76,24215402,718894592.00
2015/06/30,28.00,30.29,25.88,29.78,22740826,631307136.00
2015/07/01,29.20,30.30,26.80,26.80,19046782,550293824.00
2015/07/02,26.81,28.18,24.12,24.12,27116789,682053632.00
2015/07/03,22.60,25.00,21.71,21.71,23570982,528239584.00
2015/07/06,23.78,23.80,19.54,20.30,28336583,597075008.00
2015/07/07,19.48,20.00,18.27,18.31,33169943,611614400.00
2015/07/08,16.48,20.14,16.48,19.36,73279092,1382675328.00
2015/07/09,19.36,21.30,18.36,21.30,20466894,415770496.00
2015/07/10,22.85,23.43,21.98,23.43,10031073,232394416.00
2015/07/13,25.77,25.77,24.77,25.77,19648250,502675488.00
2015/07/14,25.98,27.80,25.00,26.18,30358100,808333056.00
2015/07/15,25.30,25.80,23.56,23.56,21624743,520290784.00
2015/07/16,23.56,24.72,21.66,23.90,14123604,336055360.00
2015/07/17,24.10,25.90,24.10,25.59,14498705,364551296.00
2015/07/20,25.57,26.84,25.04,25.69,16400178,424433248.00
2015/07/21,25.20,26.90,24.82,25.76,15370741,399276928.00
2015/07/22,25.77,26.35,24.20,25.40,19553551,496508320.00
2015/07/23,25.20,26.35,25.00,26.30,26947805,692489088.00
2015/07/24,26.54,27.47,24.92,25.50,32532937,855594752.00
2015/07/27,24.80,25.33,22.95,22.95,17574258,427409312.00
2015/07/28,22.00,23.24,20.66,21.76,23715925,512561600.00
2015/07/29,22.00,23.47,21.50,23.41,12777009,284232512.00
2015/07/30,23.35,24.11,22.33,22.37,11880821,278763360.00
2015/07/31,22.02,23.25,21.92,22.80,12914082,291867456.00
2015/08/03,22.82,23.56,22.40,23.55,11738253,270000320.00
2015/08/04,23.37,25.12,23.14,25.09,12393166,297671584.00
2015/08/05,24.60,26.25,24.59,25.20,17209496,440120032.00
2015/08/06,24.80,25.77,24.50,24.88,7053924,177585728.00
2015/08/07,25.02,26.35,25.00,25.93,10995226,282072224.00
2015/08/10,26.00,28.30,26.00,27.60,18820516,511270464.00
2015/08/11,27.54,27.70,26.45,26.92,16002014,434106816.00
2015/08/12,26.95,28.44,26.81,27.83,17503699,485869696.00
2015/08/13,27.50,28.29,26.87,28.08,12618721,349094880.00
2015/08/14,28.11,28.51,27.50,27.80,12607318,355307232.00
2015/08/17,27.60,27.90,27.10,27.42,9610260,263964176.00
2015/08/18,27.48,27.50,24.68,24.68,14360587,374715744.00
2015/08/19,23.90,25.00,22.37,24.50,11528653,271464928.00
2015/08/20,24.40,25.14,23.71,23.80,9004511,220363456.00
2015/08/21,23.99,24.15,21.88,22.41,6980815,160289984.00
2015/08/24,20.66,21.99,20.17,20.17,7058600,143536608.00
2015/08/25,18.15,19.45,18.15,18.16,14786931,271293536.00
2015/08/26,18.47,18.90,16.62,17.90,13848956,249271440.00
2015/08/27,17.92,18.80,17.00,18.60,9398374,170410496.00
2015/08/28,18.95,20.20,18.56,20.00,13694161,263862400.00
2015/08/31,19.62,19.87,18.59,19.60,10024246,192823936.00
2015/09/01,19.27,19.27,17.88,19.10,10800162,200376144.00
2015/09/02,18.00,19.63,17.66,19.43,11982740,228323056.00
2015/09/07,19.52,20.35,19.19,19.45,13149666,258105280.00
2015/09/08,19.20,20.10,18.66,20.07,7615853,148125680.00
2015/09/09,20.20,20.73,20.02,20.59,8372641,170943680.00
2015/09/10,20.28,20.39,19.40,19.40,6502539,129738336.00
2015/09/11,20.15,20.65,19.55,20.02,9407388,188900624.00
2015/09/14,20.03,20.28,18.11,18.18,9296386,179684000.00
2015/09/15,17.82,18.17,16.36,16.50,7468285,127133704.00
2015/09/16,16.80,18.15,16.40,18.00,6951233,119825008.00
2015/09/17,18.00,19.46,17.66,18.50,11724789,218081488.00
2015/09/18,18.42,18.84,17.95,18.29,6173706,113367328.00
2015/09/21,17.99,18.76,17.99,18.72,7121982,131668744.00
2015/09/22,18.82,19.49,18.56,18.98,8725712,165661184.00
2015/09/23,18.54,18.68,18.09,18.19,6036297,110962664.00
2015/09/24,18.19,18.50,18.19,18.42,3805634,69876688.00
2015/09/25,18.14,18.54,17.26,17.42,4455765,79445728.00
2015/09/28,17.85,17.95,17.27,17.79,3282774,58011904.00
2015/09/29,17.42,17.55,17.21,17.31,2738985,47592576.00
2015/09/30,17.49,17.57,17.18,17.20,3628084,62798056.00
2015/10/08,17.80,18.16,17.71,17.85,8239563,147290432.00
2015/10/09,17.95,18.41,17.70,18.32,8826483,159322272.00
2015/10/12,18.33,19.53,18.33,19.34,11193132,213917296.00
2015/10/13,19.30,19.52,19.00,19.38,6992525,134680576.00
2015/10/14,19.30,19.77,19.18,19.40,6861082,133930440.00
2015/10/15,19.46,21.34,19.44,20.88,11133873,227677232.00
2015/10/16,21.00,21.03,20.30,20.80,8973824,185698528.00
2015/10/19,20.80,21.43,20.75,21.26,11014371,232490784.00
2015/10/20,21.33,22.25,20.72,22.11,8995269,191107712.00
2015/10/21,22.30,24.32,22.23,23.79,41734080,1002398528.00
2015/10/22,23.25,24.51,23.00,23.81,24055797,570289856.00
2015/10/23,23.95,25.87,23.88,25.13,28394568,707163200.00
2015/10/26,25.80,26.19,24.83,26.00,22525981,573801472.00
2015/10/27,25.50,26.01,23.93,25.18,22068820,551786112.00
2015/10/28,24.87,24.88,24.00,24.10,9194352,224242256.00
2015/10/29,24.30,24.49,23.88,24.13,6478575,156826576.00
2015/10/30,23.98,24.80,23.85,24.42,6202422,151425520.00
2015/11/02,24.00,24.02,23.08,23.19,10872542,255174432.00
2015/11/03,23.23,23.60,22.62,22.91,6493448,149293392.00
2015/11/04,22.95,24.31,22.91,24.30,9103335,215968416.00
2015/11/05,24.21,26.50,24.20,25.29,20704743,526391776.00
2015/11/06,25.02,25.88,24.72,25.34,9967198,251161456.00
2015/11/09,25.09,27.19,24.96,26.83,18219147,476187488.00
2015/11/10,26.40,27.19,26.00,26.25,11981906,316327904.00
2015/11/11,26.48,26.49,26.00,26.36,5946563,156045264.00
2015/11/12,26.45,26.54,24.36,25.22,16902069,426409248.00
2015/11/13,24.86,25.10,24.36,24.60,6945341,171524416.00
2015/11/16,23.98,24.90,23.80,24.85,5597232,136568144.00
2015/11/17,24.99,25.65,23.88,24.19,16568143,411107936.00
2015/11/18,24.20,24.37,23.32,23.48,14315162,337513472.00
2015/11/19,23.51,24.05,23.42,24.02,8865234,209900256.00
2015/11/20,24.00,24.35,23.63,23.99,14867067,356038816.00
2015/11/23,24.10,24.68,24.01,24.15,9379808,228304160.00
2015/11/24,24.15,24.40,23.33,23.85,6046420,143087344.00
2015/11/25,23.83,24.58,23.71,24.52,9506806,230555888.00
2015/11/26,24.52,24.93,24.20,24.58,12587425,309589568.00
2015/11/27,24.67,24.67,22.21,22.40,9455848,223696784.00
2015/11/30,22.21,22.88,21.11,22.40,8188313,180878000.00
2015/12/01,22.45,23.49,22.28,23.28,7203087,164493552.00
2015/12/02,23.53,24.06,22.81,23.80,9236348,218368608.00
2015/12/03,23.77,23.93,23.51,23.85,4620297,109848760.00
2015/12/04,23.85,23.85,23.05,23.42,6575395,153650176.00
2015/12/07,23.47,23.48,22.91,23.20,5119380,118249824.00
2015/12/08,23.17,23.17,22.07,22.20,8451316,189245760.00
2015/12/09,22.20,22.46,22.09,22.18,5287137,117561296.00
2015/12/10,22.16,22.95,22.16,22.60,9219664,208756016.00
2015/12/11,22.65,22.85,22.50,22.50,5303512,120471608.00
2015/12/14,22.52,24.02,22.41,23.89,9514100,223147232.00
2015/12/15,24.20,24.55,23.80,24.29,7963324,193150160.00
2015/12/16,24.54,25.38,24.30,24.53,9086244,226627520.00
2015/12/17,24.85,25.10,24.39,24.52,8495038,209746608.00
2015/12/18,24.59,24.98,24.17,24.50,7075126,173467456.00
2015/12/21,24.49,24.80,24.00,24.69,11371207,279136544.00
2015/12/22,24.65,24.92,24.61,24.73,6220483,153874224.00
2015/12/23,24.80,25.23,24.65,24.85,7691644,191951760.00
2015/12/24,24.79,24.90,24.08,24.39,4826381,117549448.00
2015/12/25,24.55,25.55,24.42,25.11,8703643,218203856.00
2015/12/28,25.16,25.38,24.50,24.61,9167376,228878144.00
2015/12/29,24.60,25.45,24.51,24.80,9528050,237507152.00
2015/12/30,24.86,25.99,24.76,25.73,13279146,338002592.00
2015/12/31,25.85,25.85,25.18,25.33,9388002,238697088.00
2016/01/04,25.33,25.35,22.80,22.80,7288660,174433888.00
2016/01/05,22.00,23.48,21.70,22.50,7745635,174961600.00
2016/01/06,23.05,24.75,23.05,24.75,14187536,348970976.00
2016/01/07,25.20,25.29,22.80,23.09,7060425,174637232.00
2016/01/08,24.81,25.40,23.55,25.40,25082555,626709056.00
2016/01/11,24.90,26.80,24.68,25.55,33567931,871226880.00
2016/01/12,25.55,25.99,23.12,24.37,18336520,452828928.00
2016/01/13,24.05,26.52,23.53,25.10,24197723,613245696.00
2016/01/14,23.55,26.11,22.88,26.00,25889322,628058880.00
2016/01/15,25.50,26.88,24.91,25.10,21606241,560656128.00
2016/01/18,24.00,25.30,23.58,24.09,15348501,375901600.00
2016/01/19,24.02,26.50,23.78,26.50,14747110,376498176.00
2016/01/20,27.54,29.05,27.11,28.11,42632117,1191698048.00
2016/01/21,27.58,29.98,27.20,28.05,38797221,1107330816.00
2016/01/22,28.23,29.15,25.29,27.63,38534226,1058646656.00
2016/01/25,27.20,27.29,25.81,26.05,27139371,719606016.00
2016/01/26,26.00,26.94,24.00,24.55,28864348,748497792.00
2016/01/27,24.40,24.86,22.56,23.87,22338087,526628000.00
2016/01/28,23.08,24.20,22.88,23.12,14313458,337461248.00
2016/01/29,22.72,24.14,22.72,23.70,10750645,254942720.00
2016/02/01,23.48,24.04,22.40,22.89,8824695,206151200.00
2016/02/02,23.39,24.08,23.23,23.90,9594445,228691808.00
2016/02/03,23.50,24.67,23.41,24.25,10421615,252943904.00
2016/02/04,24.26,24.65,24.06,24.38,8767265,214002816.00
2016/02/05,24.45,24.45,23.41,23.47,8234104,195420080.00
2016/02/15,22.50,23.20,22.00,22.90,7818989,177718304.00
2016/02/16,23.19,23.95,23.10,23.71,8756815,206090880.00
2016/02/17,23.69,24.36,23.51,24.09,10995490,263986416.00
2016/02/18,24.25,24.35,23.30,23.34,11078330,261986928.00
2016/02/19,23.30,23.86,23.20,23.81,5915942,139905584.00
2016/02/22,24.15,24.33,23.83,24.15,9149868,220509072.00
2016/02/23,24.12,24.12,23.49,23.95,7381399,175285680.00
2016/02/24,23.88,24.22,23.30,24.22,7897555,188082368.00
2016/02/25,24.20,24.24,21.80,22.04,11597886,266046272.00
2016/02/26,22.18,22.49,21.00,21.12,7350099,159314128.00
2016/02/29,21.20,21.20,19.10,19.48,10334228,203022288.00
2016/03/01,19.56,20.19,19.22,20.00,5469159,107824752.00
2016/03/02,20.04,21.52,19.85,21.30,11342109,236349568.00
2016/03/03,21.35,21.80,21.15,21.16,6056705,130205256.00
2016/03/04,21.30,21.58,20.61,20.95,6434268,136159728.00
2016/03/07,21.30,21.79,21.01,21.29,4185930,89500832.00
2016/03/08,21.30,21.38,20.08,21.09,4906752,101462968.00
2016/03/09,20.83,21.54,20.30,20.96,4491866,94761328.00
数据来源:通达信
