000001 平安银行 日线 前复权
      日期	    开盘	    最高	    最低	    收盘	    成交量	    成交额
2011/01/04,6.49,6.65,6.42,6.58,35884061,573343744.00
2011/01/05,6.57,6.63,6.53,6.54,23746263,379869056.00
2011/01/06,6.54,6.61,6.44,6.49,20653127,327148864.00
2011/01/07,6.48,6.91,6.44,6.75,77048221,1263299328.00
2011/01/10,6.67,6.74,6.53,6.56,36187213,584172480.00
2011/01/11,6.53,6.70,6.52,6.65,20820063,335260352.00
2011/01/12,6.67,6.75,6.62,6.74,27713344,451290816.00
2011/01/13,6.78,6.81,6.71,6.72,19481115,319664064.00
2011/01/14,6.70,6.70,6.56,6.57,20691457,332810208.00
2011/01/17,6.49,6.54,6.29,6.30,26616457,415802336.00
2011/01/18,6.31,6.33,6.25,6.28,15555469,238789232.00
2011/01/19,6.29,6.36,6.24,6.35,16794489,258415152.00
2011/01/20,6.35,6.35,6.10,6.10,28757900,435524160.00
2011/01/21,6.08,6.40,6.08,6.20,22997723,349887104.00
2011/01/24,6.20,6.22,6.12,6.16,15382697,231930928.00
2011/01/25,6.18,6.24,6.14,6.21,13420138,203198256.00
2011/01/26,6.20,6.27,6.19,6.25,10506028,160007840.00
2011/01/27,6.20,6.31,6.14,6.28,25551127,389319904.00
2011/01/28,6.28,6.29,6.16,6.22,18541949,281316480.00
2011/01/31,6.22,6.28,6.18,6.27,14024473,213770064.00
2011/02/01,6.28,6.35,6.25,6.33,15169758,233656080.00
2011/02/09,6.29,6.38,6.24,6.25,16650833,255979312.00
2011/02/10,6.25,6.34,6.22,6.33,13682225,210138992.00
2011/02/11,6.30,6.39,6.27,6.35,22582808,348149600.00
2011/02/14,6.35,6.61,6.35,6.57,41765667,661743808.00
2011/02/15,6.58,6.61,6.49,6.49,32109851,512496480.00
2011/02/16,6.49,6.55,6.45,6.52,18320572,289815296.00
2011/02/17,6.55,6.64,6.50,6.56,25381007,405836832.00
2011/02/18,6.53,6.61,6.48,6.56,22880239,363416320.00
2011/02/21,6.48,6.57,6.46,6.56,31654343,502016608.00
2011/02/22,6.56,6.57,6.34,6.34,34395853,538516416.00
2011/02/23,6.35,6.45,6.34,6.39,35743431,555794816.00
2011/02/24,6.39,6.39,6.31,6.38,20230781,313473088.00
2011/02/25,6.40,6.64,6.34,6.52,50926394,807238720.00
2011/02/28,6.49,6.56,6.41,6.54,30763735,486809440.00
2011/03/01,6.55,6.65,6.51,6.59,48277554,774219072.00
2011/03/02,6.55,6.70,6.53,6.65,48810709,786881472.00
2011/03/03,6.66,6.91,6.65,6.74,98048937,1616932480.00
2011/03/04,6.77,6.90,6.71,6.87,50539628,833234944.00
2011/03/07,6.91,6.99,6.81,6.89,49762450,834013056.00
2011/03/08,6.89,6.94,6.82,6.85,32181261,537368704.00
2011/03/09,6.87,6.95,6.87,6.87,32364768,542959232.00
2011/03/10,6.83,6.83,6.67,6.68,30849383,504165760.00
2011/03/11,6.65,6.70,6.58,6.59,23016686,371901344.00
2011/03/14,6.57,6.65,6.57,6.64,21799970,350756128.00
2011/03/15,6.58,6.61,6.44,6.50,28438142,451454528.00
2011/03/16,6.51,6.57,6.46,6.55,24207567,384301440.00
2011/03/17,6.49,6.53,6.43,6.45,20726243,327039744.00
2011/03/18,6.52,6.52,6.46,6.50,14524328,229686240.00
2011/03/21,6.48,6.52,6.45,6.47,16015761,252850944.00
2011/03/22,6.50,6.59,6.42,6.58,25194371,401085856.00
2011/03/23,6.55,6.64,6.54,6.61,22679887,363809600.00
2011/03/24,6.61,6.61,6.55,6.56,16012496,256090880.00
2011/03/25,6.56,6.72,6.55,6.68,36086255,585086400.00
2011/03/28,6.73,6.84,6.71,6.71,36793238,605067456.00
2011/03/29,6.73,6.90,6.71,6.79,48258736,798647424.00
2011/03/30,6.78,6.87,6.72,6.74,27507684,453620672.00
2011/03/31,6.74,6.77,6.58,6.61,21336829,345191104.00
2011/04/01,6.61,6.82,6.60,6.82,32324047,530034240.00
2011/04/06,6.83,7.04,6.83,7.01,74524386,1263488256.00
2011/04/07,7.01,7.17,6.94,7.09,64881087,1112314112.00
2011/04/08,7.07,7.11,6.99,7.08,26811761,458985760.00
2011/04/11,7.08,7.24,7.01,7.02,56381824,974852480.00
2011/04/12,7.05,7.16,6.99,7.03,38618173,662860224.00
2011/04/13,7.01,7.46,6.96,7.46,72385124,1268537472.00
2011/04/14,7.64,7.70,7.48,7.52,104925065,1921868288.00
2011/04/15,7.53,7.77,7.50,7.76,67079415,1242600448.00
2011/04/18,7.73,7.82,7.63,7.82,58014896,1082013056.00
2011/04/19,7.71,7.76,7.58,7.63,52577707,975147520.00
2011/04/20,7.63,7.68,7.40,7.47,48925674,891280640.00
2011/04/21,7.53,7.63,7.46,7.49,31806222,579304640.00
2011/04/22,7.44,7.50,7.32,7.38,30666850,548689856.00
2011/04/25,7.39,7.56,7.31,7.47,35864668,646189952.00
2011/04/26,7.46,7.63,7.43,7.62,38943064,711900608.00
2011/04/27,7.63,7.78,7.48,7.56,53270504,985540096.00
2011/04/28,7.62,7.87,7.60,7.71,64895809,1215618304.00
2011/04/29,7.70,7.70,7.40,7.53,50049593,911382592.00
2011/05/03,7.50,7.60,7.47,7.53,22105844,402350144.00
2011/05/04,7.44,7.59,7.30,7.38,39381978,708758080.00
2011/05/05,7.28,7.40,7.27,7.32,24603790,437563136.00
2011/05/06,7.24,7.37,7.20,7.24,24111905,425935552.00
2011/05/13,7.22,7.32,7.01,7.30,36798422,638079680.00
2011/05/16,7.20,7.28,7.07,7.07,19710485,342549024.00
2011/05/17,7.07,7.43,7.07,7.38,31970891,565242752.00
2011/05/18,7.33,7.62,7.30,7.49,29415320,532338144.00
2011/05/19,7.51,7.60,7.39,7.41,16459997,297958656.00
2011/05/20,7.40,7.70,7.39,7.59,31190030,572652160.00
2011/05/23,7.56,7.57,7.28,7.40,32912056,588700864.00
2011/05/24,7.35,7.59,7.35,7.51,29158742,528778304.00
2011/05/26,7.41,7.48,7.27,7.35,29474005,525548160.00
2011/05/27,7.31,7.43,7.27,7.27,23833087,423279648.00
2011/05/30,7.21,7.31,7.12,7.25,15090147,263972800.00
2011/05/31,7.25,7.33,7.08,7.29,19360769,338686784.00
2011/06/01,7.29,7.29,7.15,7.19,18103530,316218016.00
2011/06/02,7.09,7.15,6.78,6.87,43960073,739553856.00
2011/06/03,6.84,6.91,6.78,6.88,15453683,257350016.00
2011/06/07,6.81,6.97,6.77,6.94,14608911,244067280.00
2011/06/08,6.93,6.93,6.78,6.87,16075948,267290816.00
2011/06/09,6.83,6.92,6.80,6.81,12022235,200273680.00
2011/06/10,6.79,6.90,6.74,6.80,14557106,240550240.00
2011/06/13,6.74,6.77,6.62,6.71,16282265,265033184.00
2011/06/14,6.70,6.93,6.68,6.79,27898386,463185184.00
2011/06/15,6.77,6.84,6.68,6.68,16867712,275973984.00
2011/06/16,6.63,6.67,6.54,6.56,17385079,279148928.00
2011/06/17,6.59,6.62,6.51,6.52,19132951,305942720.00
2011/06/20,6.53,6.59,6.46,6.58,12269128,195132656.00
2011/06/21,6.60,6.71,6.57,6.69,19391196,313896320.00
2011/06/22,6.70,6.75,6.65,6.68,15194027,247618688.00
2011/06/23,6.66,6.86,6.64,6.83,16588875,272357056.00
2011/06/24,6.80,7.09,6.79,7.00,32282577,547045568.00
2011/06/27,7.00,7.24,6.97,7.04,28093322,483915168.00
2011/06/28,7.18,7.18,6.91,7.02,20652919,350987392.00
2011/06/29,7.06,7.08,6.82,6.84,25898152,435681888.00
2011/06/30,6.87,7.10,6.86,7.04,27584004,468824288.00
2011/07/01,7.07,7.07,6.93,6.97,24878949,422094944.00
2011/07/04,7.00,7.25,6.99,7.24,37824912,655990848.00
2011/07/05,7.22,7.24,7.13,7.18,19056022,331713600.00
2011/07/06,7.14,7.17,7.03,7.11,20647586,354627552.00
2011/07/07,7.22,7.28,7.07,7.13,33785505,588625664.00
2011/07/08,7.13,7.35,7.10,7.23,26960365,473536544.00
2011/07/11,7.17,7.28,7.16,7.18,16173487,282634272.00
2011/07/12,7.12,7.13,6.98,7.01,24514304,418118336.00
2011/07/13,7.11,7.32,7.06,7.24,32429428,566412224.00
2011/07/14,7.25,7.29,7.17,7.26,24447810,428448992.00
2011/07/15,7.24,7.53,7.17,7.43,37573799,671466240.00
2011/07/18,7.44,7.50,7.35,7.41,19781464,354921792.00
2011/07/19,7.33,7.34,7.21,7.24,21935526,385645088.00
2011/07/20,7.30,7.33,7.17,7.24,14593499,255516288.00
2011/07/21,7.23,7.25,7.08,7.08,18897122,326948288.00
2011/07/22,7.11,7.20,7.07,7.10,12273319,211870048.00
2011/07/25,7.05,7.12,6.90,6.95,19707011,335512640.00
2011/07/26,6.95,7.14,6.92,7.11,17324249,296943872.00
2011/07/27,7.03,7.15,7.01,7.08,15007940,258034544.00
2011/07/28,7.01,7.01,6.88,6.94,18780609,316189440.00
2011/07/29,6.97,7.33,6.87,7.15,31350764,541258944.00
2011/08/01,7.09,7.23,7.00,7.09,20792007,358426368.00
2011/08/02,7.03,7.06,6.89,7.01,19388301,327409984.00
2011/08/03,6.91,7.04,6.88,6.94,14194473,240147616.00
2011/08/04,6.96,7.09,6.95,6.96,11502275,195599888.00
2011/08/05,6.81,6.84,6.70,6.70,24826954,408435584.00
2011/08/08,6.67,6.79,6.46,6.57,25034798,403626912.00
2011/08/09,6.46,6.67,6.38,6.58,27088571,430794176.00
2011/08/10,6.68,6.74,6.61,6.61,18298391,297294720.00
2011/08/11,6.50,6.78,6.48,6.76,18987370,308443424.00
2011/08/12,6.78,6.87,6.74,6.85,18053417,297982240.00
2011/08/15,6.85,7.11,6.73,7.06,30852781,519120704.00
2011/08/16,7.04,7.13,7.00,7.03,19781800,338285312.00
2011/08/18,7.04,7.15,6.86,6.89,25245981,427197376.00
2011/08/19,6.74,6.84,6.70,6.83,15545149,255822480.00
2011/08/22,6.81,6.85,6.69,6.75,12807347,210393776.00
2011/08/23,6.76,6.87,6.73,6.85,10465458,173121392.00
2011/08/24,6.87,6.89,6.72,6.74,12520897,207818928.00
2011/08/25,6.79,7.17,6.74,7.15,46535409,793665408.00
2011/08/26,7.09,7.17,7.06,7.17,25855821,446200768.00
2011/08/29,7.01,7.01,6.81,6.88,45187136,755956224.00
2011/08/30,6.93,7.06,6.86,6.87,22000548,371612128.00
2011/08/31,6.87,7.01,6.81,6.94,13043411,218858304.00
2011/09/01,6.94,7.03,6.91,6.97,11465355,193932848.00
2011/09/05,6.83,6.87,6.73,6.77,13828628,228178080.00
2011/09/06,6.72,6.79,6.70,6.73,11350557,185902896.00
2011/09/07,6.78,6.90,6.72,6.86,13007207,215260560.00
2011/09/08,6.86,6.89,6.80,6.82,10076662,167311104.00
2011/09/09,6.85,6.95,6.73,6.78,10662894,176663296.00
2011/09/13,6.66,6.80,6.64,6.80,10320508,168927616.00
2011/09/14,6.81,6.83,6.64,6.75,14722697,241207200.00
2011/09/15,6.77,6.87,6.75,6.81,17064236,282498720.00
2011/09/16,6.85,7.05,6.84,7.01,36953539,626906560.00
2011/09/19,6.92,6.93,6.81,6.83,10599840,176591136.00
2011/09/20,6.81,6.97,6.79,6.89,7712700,128974784.00
2011/09/21,6.89,7.09,6.84,7.03,18368645,312327648.00
2011/09/22,6.95,6.98,6.87,6.87,15644754,262524752.00
2011/09/23,6.75,6.93,6.71,6.84,15181093,250805296.00
2011/09/26,6.76,6.90,6.56,6.59,19813812,322611456.00
2011/09/27,6.66,6.70,6.53,6.64,13761782,221845888.00
2011/09/28,6.69,6.69,6.53,6.57,9670343,155237152.00
2011/09/29,6.53,6.63,6.50,6.59,11315764,181407712.00
2011/09/30,6.61,6.67,6.57,6.59,14204046,228902896.00
2011/10/10,6.55,6.59,6.33,6.35,20965594,326892320.00
2011/10/11,6.57,6.61,6.37,6.42,21464906,339237344.00
2011/10/12,6.38,6.74,6.35,6.73,27447241,442778752.00
2011/10/13,6.68,6.76,6.67,6.72,14506496,236989024.00
2011/10/14,6.70,6.75,6.62,6.73,8695258,141751920.00
2011/10/17,6.78,6.88,6.75,6.81,11711517,194055200.00
2011/10/18,6.75,6.76,6.57,6.58,13801277,223255648.00
2011/10/19,6.62,6.69,6.58,6.60,8237424,132855568.00
2011/10/20,6.57,6.58,6.44,6.48,9245905,146319936.00
2011/10/21,6.53,6.65,6.47,6.58,14082651,225852448.00
2011/10/24,6.61,6.86,6.54,6.80,24059040,394450688.00
2011/10/25,6.80,6.91,6.74,6.85,19957370,331621152.00
2011/10/26,6.85,6.97,6.83,6.90,24416173,410238816.00
2011/10/27,6.91,6.97,6.84,6.88,14650097,245495552.00
2011/10/28,7.01,7.09,6.95,7.02,28495748,484862592.00
2011/10/31,7.02,7.04,6.84,6.95,14176696,238721168.00
2011/11/01,6.90,7.05,6.87,6.94,17930975,303128864.00
2011/11/02,6.85,7.06,6.84,7.06,19069442,320967360.00
2011/11/03,7.05,7.09,6.91,6.95,26232886,445806720.00
2011/11/04,7.01,7.03,6.93,7.00,13339644,226230000.00
2011/11/07,6.94,6.97,6.84,6.88,12957718,217220448.00
2011/11/08,6.89,6.95,6.86,6.89,9670530,162043536.00
2011/11/09,6.91,6.99,6.87,6.98,11355254,190845600.00
2011/11/10,6.91,6.99,6.87,6.91,15843664,266509040.00
2011/11/11,6.91,6.94,6.79,6.82,16526727,274797632.00
2011/11/14,6.87,6.94,6.82,6.89,17925053,299361824.00
2011/11/15,6.87,6.88,6.74,6.78,21708890,357983648.00
2011/11/16,6.78,6.78,6.56,6.58,19927201,322231072.00
2011/11/17,6.61,6.63,6.55,6.56,10961862,175962320.00
2011/11/18,6.52,6.61,6.51,6.55,14386865,229649104.00
2011/11/21,6.56,6.56,6.48,6.55,13673657,217304752.00
2011/11/22,6.53,6.62,6.49,6.59,13281831,212748304.00
2011/11/23,6.61,6.63,6.45,6.47,18894417,299733088.00
2011/11/24,6.45,6.54,6.39,6.50,12146393,191344464.00
2011/11/25,6.45,6.51,6.44,6.48,8446296,133224392.00
2011/11/28,6.49,6.54,6.45,6.48,9813225,155001376.00
2011/11/29,6.55,6.58,6.48,6.55,15649490,249152272.00
2011/11/30,6.55,6.55,6.35,6.36,19165719,299555296.00
2011/12/01,6.54,6.69,6.51,6.52,41183238,660688128.00
2011/12/02,6.49,6.58,6.46,6.55,18186014,289399904.00
2011/12/05,6.55,6.59,6.44,6.55,11349137,180714656.00
2011/12/07,6.53,6.64,6.51,6.59,14862428,238162240.00
2011/12/08,6.59,6.63,6.49,6.55,18705207,298946848.00
2011/12/09,6.52,6.55,6.48,6.51,8686255,137984144.00
2011/12/12,6.51,6.55,6.45,6.50,8633134,137072016.00
2011/12/13,6.48,6.54,6.41,6.43,19000444,300294560.00
2011/12/14,6.43,6.47,6.35,6.40,8493106,132825568.00
2011/12/15,6.36,6.39,6.15,6.16,19273651,294609856.00
2011/12/16,6.17,6.31,6.11,6.26,15737768,238364624.00
2011/12/19,6.21,6.34,6.15,6.29,12810069,194558352.00
2011/12/20,6.27,6.38,6.25,6.28,9463751,146041776.00
2011/12/21,6.34,6.41,6.27,6.28,14660853,227230416.00
2011/12/22,6.27,6.38,6.22,6.33,10984934,168904816.00
2011/12/23,6.32,6.40,6.29,6.32,9946525,153908336.00
2011/12/26,6.31,6.37,6.28,6.32,7377643,113827424.00
2011/12/27,6.32,6.40,6.31,6.35,13879755,214959824.00
2011/12/28,6.32,6.38,6.18,6.27,11317934,173347072.00
2011/12/29,6.25,6.32,6.23,6.27,12859277,197105648.00
2011/12/30,6.29,6.39,6.27,6.39,26148736,402708864.00
2012/01/04,6.39,6.39,6.20,6.21,14791098,227563712.00
2012/01/05,6.21,6.38,6.19,6.31,24408005,375880608.00
2012/01/06,6.29,6.36,6.20,6.29,13315115,204143664.00
2012/01/09,6.29,6.49,6.25,6.48,22113866,345938688.00
2012/01/20,6.89,6.98,6.71,6.91,58667566,972826816.00
2012/01/30,6.92,6.98,6.84,6.88,33298845,558095296.00
2012/01/31,6.88,6.92,6.79,6.85,17326547,288275840.00
2012/02/01,6.82,6.92,6.76,6.77,18515899,307694784.00
2012/02/02,6.79,6.99,6.77,6.97,24462346,410098464.00
2012/02/03,6.94,7.02,6.87,7.00,22996446,388800512.00
2012/02/06,7.01,7.01,6.91,6.93,15780815,266559536.00
2012/02/07,6.89,6.91,6.81,6.83,12208636,203101568.00
2012/02/08,6.82,7.01,6.82,6.96,17227257,290646912.00
2012/02/10,6.92,7.00,6.92,6.97,18211847,307363104.00
2012/02/13,6.91,6.92,6.82,6.87,21506688,359692320.00
2012/02/14,6.85,6.88,6.78,6.83,10854644,179835120.00
2012/02/15,6.83,6.90,6.77,6.84,20130583,334137696.00
2012/02/16,6.84,6.87,6.73,6.77,27369217,451825408.00
2012/02/17,6.81,6.82,6.74,6.77,15069047,248573520.00
2012/02/20,6.89,6.90,6.76,6.77,22420577,372071616.00
2012/02/21,6.78,6.81,6.72,6.78,15026488,247188096.00
2012/02/22,6.78,6.85,6.76,6.84,31739776,525337440.00
2012/02/23,6.84,6.90,6.83,6.84,22626761,376851584.00
2012/02/24,6.87,6.95,6.80,6.95,36410465,609181824.00
2012/02/27,6.96,7.09,6.90,6.97,44761711,759502528.00
2012/02/28,6.97,7.21,6.96,7.11,46014184,793135040.00
2012/02/29,7.12,7.12,7.01,7.05,26302462,451402720.00
2012/03/01,7.04,7.20,7.03,7.11,29162131,504303648.00
2012/03/02,7.11,7.22,7.10,7.21,29097318,505353984.00
2012/03/05,7.24,7.34,7.10,7.12,35041730,614488128.00
2012/03/06,7.10,7.14,6.96,6.98,33137414,565065408.00
2012/03/07,6.92,7.02,6.90,6.92,20137130,339797440.00
2012/03/08,6.97,7.07,6.94,7.02,28878270,491703680.00
2012/03/09,6.96,6.98,6.86,6.95,53053644,891070592.00
2012/03/12,6.95,6.95,6.85,6.87,27064787,451971840.00
2012/03/13,6.90,6.95,6.87,6.94,23753057,398818656.00
2012/03/14,6.97,7.02,6.76,6.78,43996405,738597760.00
2012/03/15,6.78,6.82,6.68,6.68,25804871,423785024.00
2012/03/16,6.69,6.75,6.64,6.74,16786552,273741696.00
2012/03/19,6.72,6.74,6.66,6.72,16746474,272964672.00
2012/03/20,6.71,6.71,6.59,6.60,20304048,328052064.00
2012/03/21,6.66,6.67,6.58,6.61,15040403,242481936.00
2012/03/22,6.62,6.69,6.56,6.65,17938849,288804704.00
2012/03/23,6.62,6.63,6.55,6.58,11901609,190843184.00
2012/03/26,6.58,6.61,6.56,6.59,8246121,132200784.00
2012/03/27,6.62,6.64,6.59,6.60,11120921,179214160.00
2012/03/28,6.60,6.61,6.47,6.48,20448297,325213024.00
2012/03/29,6.48,6.48,6.34,6.38,18886584,295267360.00
2012/03/30,6.41,6.45,6.39,6.45,10631246,166628768.00
2012/04/05,6.45,6.48,6.33,6.46,18379254,287161664.00
2012/04/06,6.44,6.58,6.41,6.57,19387554,306955616.00
2012/04/09,6.53,6.53,6.44,6.46,9319714,147459888.00
2012/04/10,6.45,6.52,6.39,6.52,19699850,308914112.00
2012/04/11,6.43,6.55,6.42,6.50,10514365,166106128.00
2012/04/12,6.50,6.72,6.46,6.71,27577946,443771872.00
2012/04/13,6.72,6.84,6.66,6.70,33774471,554098560.00
2012/04/16,6.65,6.72,6.61,6.65,13367317,216401792.00
2012/04/17,6.63,6.67,6.56,6.57,11895119,191093632.00
2012/04/18,6.58,6.71,6.58,6.68,15960090,258852704.00
2012/04/19,6.70,6.73,6.66,6.73,13739186,223742896.00
2012/04/20,6.70,6.83,6.68,6.82,25807487,426240160.00
2012/04/23,6.81,6.84,6.72,6.75,19738112,325312448.00
2012/04/24,6.74,7.06,6.74,6.90,47804023,802959360.00
2012/04/25,6.84,6.94,6.82,6.94,20892365,350401184.00
2012/04/26,6.95,6.97,6.77,6.82,28341442,470733984.00
2012/04/27,6.84,6.90,6.78,6.81,16661706,277246080.00
2012/05/02,6.88,6.98,6.85,6.91,26117210,438591392.00
2012/05/03,6.91,6.94,6.84,6.84,16148709,269467360.00
2012/05/04,6.84,6.89,6.82,6.88,14029557,233813680.00
2012/05/07,6.84,6.89,6.78,6.83,25573094,423783680.00
2012/05/08,6.81,6.82,6.77,6.81,17512997,289312160.00
2012/05/09,6.77,6.78,6.62,6.64,21367675,347527136.00
2012/05/10,6.64,6.68,6.60,6.63,12942834,209027536.00
2012/05/11,6.63,6.66,6.58,6.58,16251980,261354032.00
2012/05/14,6.63,6.64,6.53,6.55,20696000,332240256.00
2012/05/15,6.53,6.60,6.48,6.58,13445478,213764768.00
2012/05/16,6.57,6.57,6.46,6.47,15030511,238216896.00
2012/05/17,6.48,6.56,6.47,6.55,13338999,211749264.00
2012/05/18,6.48,6.53,6.42,6.45,15786319,248755808.00
2012/05/21,6.45,6.50,6.44,6.47,8569485,135114976.00
2012/05/22,6.50,6.57,6.50,6.56,11359898,180941168.00
2012/05/24,6.52,6.53,6.43,6.45,19407374,305714016.00
2012/05/25,6.45,6.47,6.40,6.41,9892922,154918944.00
2012/05/28,6.41,6.49,6.36,6.49,13720237,215529424.00
2012/05/29,6.48,6.55,6.42,6.54,28680861,453701952.00
2012/05/30,6.51,6.52,6.40,6.44,21712593,341898720.00
2012/05/31,6.43,6.47,6.38,6.44,15325128,239888128.00
2012/06/01,6.44,6.52,6.42,6.48,15835304,249589888.00
2012/06/04,6.40,6.41,6.30,6.31,17177789,266890992.00
2012/06/05,6.33,6.34,6.25,6.25,24614407,377715360.00
2012/06/06,6.27,6.29,6.25,6.28,18886005,288959584.00
2012/06/07,6.32,6.35,6.21,6.23,13130248,201455936.00
2012/06/08,6.25,6.25,6.04,6.05,39755724,593133504.00
2012/06/11,6.07,6.11,6.02,6.05,26550911,393125600.00
2012/06/12,6.01,6.04,5.90,5.93,29815536,434459168.00
2012/06/13,5.95,6.10,5.92,6.07,26011662,383736096.00
2012/06/14,6.03,6.05,5.97,5.98,13047824,191929248.00
2012/06/15,6.01,6.29,6.01,6.21,42295157,636342592.00
2012/06/18,6.20,6.24,6.16,6.23,19873335,301170880.00
2012/06/19,6.20,6.30,6.18,6.25,14992460,228553088.00
2012/06/20,6.28,6.35,6.22,6.24,14370713,220127616.00
2012/06/21,6.23,6.24,6.08,6.09,14483296,217217296.00
2012/06/25,6.09,6.16,6.04,6.04,16435834,245383808.00
2012/06/26,6.05,6.14,6.05,6.09,13492363,201321552.00
2012/06/27,6.10,6.12,6.05,6.08,8177633,121766280.00
2012/06/28,6.08,6.12,6.01,6.02,10084717,149964624.00
2012/06/29,6.04,6.24,6.01,6.21,18455457,278224224.00
2012/07/02,6.24,6.24,6.14,6.20,15564511,234575312.00
2012/07/03,6.18,6.26,6.15,6.19,12372795,187834400.00
2012/07/04,6.19,6.35,6.19,6.26,19766959,302421600.00
2012/07/05,6.24,6.28,6.20,6.22,10289670,156808688.00
2012/07/06,6.12,6.22,6.03,6.20,16545450,247858064.00
2012/07/09,6.16,6.16,6.01,6.01,16095224,238871824.00
2012/07/10,6.02,6.15,6.01,6.10,12370989,183975552.00
2012/07/11,6.08,6.12,6.04,6.08,7544441,112224824.00
2012/07/12,6.06,6.11,5.99,6.09,19473086,287704672.00
2012/07/13,6.05,6.20,6.03,6.13,11070005,165726976.00
2012/07/16,6.14,6.17,6.07,6.07,10860266,162268368.00
2012/07/17,6.07,6.15,6.06,6.15,9160116,136786576.00
2012/07/18,6.13,6.15,6.07,6.14,7561238,112967984.00
2012/07/19,6.13,6.18,6.09,6.15,13626372,204768496.00
2012/07/20,6.08,6.12,6.06,6.07,10673403,158679776.00
2012/07/23,6.03,6.05,5.99,6.05,15049383,221835968.00
2012/07/24,6.03,6.12,6.02,6.05,10094330,149950272.00
2012/07/25,6.05,6.08,5.97,5.98,9840494,144875472.00
2012/07/26,5.98,6.05,5.97,5.99,7290309,107285512.00
2012/07/27,6.02,6.11,5.99,6.03,10966060,162335584.00
2012/07/30,6.03,6.17,6.03,6.07,11842631,176839232.00
2012/07/31,6.09,6.19,6.08,6.18,15313469,230444672.00
2012/08/01,6.17,6.23,6.14,6.21,12186730,184236832.00
2012/08/02,6.21,6.22,6.16,6.21,8907731,134826272.00
2012/08/03,6.20,6.22,6.15,6.20,9438713,142870688.00
2012/08/06,6.19,6.23,6.18,6.18,15331221,232307808.00
2012/08/07,6.18,6.20,6.11,6.12,15982578,239640608.00
2012/08/08,6.12,6.16,6.11,6.15,11754171,176391104.00
2012/08/09,6.15,6.15,6.10,6.15,8575072,128443496.00
2012/08/10,6.17,6.21,6.17,6.17,10549817,159571472.00
2012/08/13,6.18,6.21,6.15,6.15,10799064,163090048.00
2012/08/14,6.15,6.27,6.11,6.25,18037022,273064256.00
2012/08/15,6.21,6.24,6.14,6.18,11614215,175631856.00
2012/08/16,6.15,6.15,6.08,6.10,14681599,219340240.00
2012/08/17,6.10,6.18,6.09,6.16,10399698,156222176.00
2012/08/20,6.13,6.14,6.02,6.07,15579504,231016480.00
2012/08/21,6.07,6.09,6.02,6.05,13021973,192757792.00
2012/08/22,6.05,6.05,5.97,5.99,12518267,183731120.00
2012/08/23,6.00,6.02,5.94,5.97,13128906,191921632.00
2012/08/24,5.96,5.96,5.86,5.86,18817910,271872000.00
2012/08/27,5.86,5.86,5.72,5.75,16775926,237771008.00
2012/08/28,5.76,5.90,5.72,5.86,15910898,226308464.00
2012/08/29,5.83,5.84,5.79,5.82,6948365,99043800.00
2012/08/30,5.77,5.86,5.77,5.82,8987322,128124856.00
2012/08/31,5.81,5.89,5.79,5.79,8561919,122564448.00
2012/09/03,5.80,5.83,5.78,5.79,10112994,143818624.00
2012/09/04,5.79,5.81,5.62,5.65,20775580,290805056.00
2012/09/05,5.64,5.65,5.50,5.54,17219018,235084944.00
2012/09/06,5.54,5.59,5.51,5.59,10356038,141626688.00
2012/09/07,5.62,5.88,5.60,5.79,28173773,398458816.00
2012/09/10,5.79,5.80,5.68,5.73,23677797,332644832.00
2012/09/11,5.71,5.72,5.66,5.71,8743686,122118848.00
2012/09/12,5.74,5.77,5.64,5.69,12245281,171431984.00
2012/09/13,5.69,5.72,5.66,5.66,8244257,115132800.00
2012/09/14,5.69,5.76,5.64,5.72,15327279,214681376.00
2012/09/17,5.71,5.71,5.56,5.58,11471438,158729296.00
2012/09/18,5.56,5.56,5.48,5.49,12250194,166389840.00
2012/09/19,5.49,5.52,5.36,5.42,18434609,245924736.00
2012/09/20,5.40,5.40,5.27,5.27,18134615,237807072.00
2012/09/21,5.27,5.28,5.20,5.22,15751258,203492208.00
2012/09/24,5.19,5.27,5.09,5.23,17905626,228728960.00
2012/09/25,5.22,5.22,5.14,5.16,9882594,126342880.00
2012/09/26,5.16,5.18,5.10,5.11,7078915,89861904.00
2012/09/27,5.11,5.38,5.11,5.28,21538709,279689536.00
2012/09/28,5.25,5.33,5.22,5.33,15095772,196802880.00
2012/10/08,5.33,5.37,5.23,5.25,10638633,138955168.00
2012/10/09,5.27,5.41,5.27,5.39,16481579,218229440.00
2012/10/10,5.39,5.40,5.36,5.39,9976558,132165224.00
2012/10/11,5.40,5.40,5.35,5.36,9574790,126809880.00
2012/10/12,5.39,5.46,5.36,5.39,10145190,135067776.00
2012/10/15,5.40,5.40,5.29,5.31,8911948,117114360.00
2012/10/16,5.33,5.42,5.30,5.36,12634649,167235920.00
2012/10/17,5.39,5.43,5.37,5.43,12188114,162229776.00
2012/10/18,5.43,5.51,5.42,5.49,15917879,214090080.00
2012/10/19,5.49,5.51,5.47,5.50,10071311,135099120.00
2012/10/22,5.48,5.53,5.44,5.52,13408932,179787008.00
2012/10/23,5.52,5.53,5.43,5.44,11680820,156357632.00
2012/10/24,5.43,5.49,5.41,5.44,8995284,119926216.00
2012/10/25,5.45,5.46,5.39,5.40,12337754,163551584.00
2012/10/26,5.43,5.44,5.27,5.28,17138011,224201696.00
2012/10/29,5.27,5.33,5.26,5.29,12964193,167853280.00
2012/10/30,5.29,5.37,5.28,5.35,14292166,186512272.00
2012/10/31,5.36,5.40,5.34,5.38,7512545,98717440.00
2012/11/01,5.38,5.53,5.38,5.48,13800345,184644048.00
2012/11/02,5.48,5.56,5.47,5.54,16333697,219877328.00
2012/11/05,5.55,5.62,5.53,5.58,14675465,199475088.00
2012/11/06,5.57,5.58,5.48,5.56,13017945,175738848.00
2012/11/07,5.53,5.59,5.50,5.55,8816884,119251176.00
2012/11/08,5.50,5.54,5.48,5.48,8472817,113907736.00
2012/11/09,5.47,5.50,5.46,5.49,6217075,83239024.00
2012/11/12,5.48,5.59,5.48,5.58,14534904,196914080.00
2012/11/13,5.58,5.58,5.48,5.49,9993534,134504032.00
2012/11/14,5.53,5.53,5.46,5.48,7526378,100889384.00
2012/11/15,5.44,5.48,5.36,5.38,7651970,101637296.00
2012/11/16,5.36,5.38,5.28,5.36,14755857,192143856.00
2012/11/19,5.32,5.36,5.28,5.35,9836934,128001552.00
2012/11/20,5.35,5.36,5.28,5.35,7975806,104041952.00
2012/11/21,5.33,5.44,5.31,5.43,10792687,141558176.00
2012/11/22,5.42,5.43,5.36,5.38,4858906,63994756.00
2012/11/23,5.39,5.46,5.37,5.43,8031817,106505912.00
2012/11/26,5.42,5.42,5.36,5.37,5737293,75519848.00
2012/11/27,5.35,5.39,5.34,5.39,8875244,116511896.00
2012/11/28,5.36,5.39,5.35,5.35,7213613,94731376.00
2012/11/29,5.35,5.36,5.20,5.20,20497422,263156032.00
2012/11/30,5.18,5.26,5.18,5.23,9664616,123711328.00
2012/12/03,5.23,5.24,5.10,5.12,14072783,177383536.00
2012/12/04,5.12,5.21,5.09,5.18,11692406,147537056.00
2012/12/05,5.16,5.52,5.15,5.48,40236393,532826176.00
2012/12/06,5.46,5.56,5.45,5.53,36101524,486216800.00
2012/12/07,5.53,5.76,5.52,5.76,45656785,632609152.00
2012/12/10,5.81,5.93,5.69,5.89,48181441,681366272.00
2012/12/11,5.83,5.91,5.79,5.79,26068303,370736000.00
2012/12/12,5.80,5.92,5.79,5.85,22739653,323505184.00
2012/12/13,5.83,5.84,5.77,5.77,18964925,268485664.00
2012/12/14,5.76,6.27,5.76,6.26,77413771,1143057920.00
2012/12/17,6.27,6.32,6.18,6.28,48778002,740677376.00
2012/12/18,6.25,6.38,6.20,6.29,41162950,630112640.00
2012/12/19,6.27,6.33,6.24,6.26,27157618,413928576.00
2012/12/20,6.22,6.25,6.09,6.23,29347538,438977120.00
2012/12/21,6.22,6.24,6.12,6.12,24527161,366606688.00
2012/12/24,6.11,6.27,6.10,6.15,21777834,327128896.00
2012/12/25,6.13,6.43,6.09,6.36,44988146,691035840.00
2012/12/26,6.35,6.38,6.29,6.34,30801434,472347392.00
2012/12/27,6.37,6.42,6.30,6.39,28363030,436845792.00
2012/12/28,6.38,6.52,6.34,6.44,24234913,377652096.00
2012/12/31,6.49,6.69,6.46,6.62,37868419,605187328.00
2013/01/04,6.75,6.81,6.58,6.61,44385137,717567552.00
2013/01/07,6.61,6.77,6.56,6.74,35716925,578450496.00
2013/01/08,6.74,6.78,6.55,6.61,31247912,501360096.00
2013/01/09,6.60,6.62,6.53,6.55,25132915,399696192.00
2013/01/10,6.55,6.66,6.52,6.56,24003027,383347744.00
2013/01/11,6.56,6.63,6.38,6.41,25126855,396184768.00
2013/01/14,6.39,7.09,6.39,7.09,93989590,1568841984.00
2013/01/15,7.10,7.45,7.09,7.31,98406443,1719308672.00
2013/01/16,7.31,7.44,7.14,7.40,68270094,1198986624.00
2013/01/17,7.35,7.60,7.25,7.37,67577208,1206432384.00
2013/01/18,7.43,7.66,7.31,7.63,66536765,1201751680.00
2013/01/21,7.61,8.22,7.48,8.22,78213642,1465651584.00
2013/01/22,8.12,8.74,8.06,8.56,106876963,2167549696.00
2013/01/23,8.36,8.53,8.05,8.37,63569846,1266082560.00
2013/01/24,8.36,8.60,8.05,8.11,85723640,1709191424.00
2013/01/25,8.13,8.17,7.89,7.98,61431248,1178016256.00
2013/01/28,7.99,8.82,7.99,8.82,116399524,2365203200.00
2013/01/29,8.91,9.02,8.62,8.95,108289498,2288064768.00
2013/01/30,8.83,8.93,8.70,8.93,58362498,1233766272.00
2013/01/31,8.90,8.93,8.70,8.83,41588420,873902912.00
2013/02/01,8.79,9.46,8.69,9.41,82408046,1793445760.00
2013/02/04,9.33,9.56,9.09,9.22,85741999,1906659456.00
2013/02/05,9.11,9.29,8.87,9.12,42689100,927037952.00
2013/02/06,9.09,9.21,8.98,9.16,38082657,827479680.00
2013/02/07,9.09,9.14,8.49,8.72,58612692,1230117760.00
2013/02/08,8.69,8.81,8.52,8.68,46202466,958773568.00
2013/02/18,8.75,9.00,8.67,8.74,42181312,887486912.00
2013/02/19,8.70,8.83,8.64,8.70,48650849,1017085056.00
2013/02/20,8.72,8.78,8.22,8.48,65915770,1324230528.00
2013/02/21,8.35,8.35,7.94,8.18,74024478,1445657216.00
2013/02/22,8.13,8.22,7.89,7.97,46859523,907188800.00
2013/02/25,8.03,8.48,8.01,8.36,61630067,1218835584.00
2013/02/26,8.27,9.21,8.22,8.72,103481473,2186227712.00
2013/02/27,8.79,9.14,8.72,8.79,70067663,1492890624.00
2013/02/28,8.85,9.65,8.80,9.65,111989172,2487830784.00
2013/03/01,9.62,9.76,9.38,9.68,103782380,2371270400.00
2013/03/04,9.41,9.65,9.01,9.11,109877959,2429985280.00
2013/03/05,9.13,10.06,9.13,10.06,116898727,2700253184.00
2013/03/06,10.30,10.39,10.05,10.20,113828103,2762182912.00
2013/03/07,10.07,10.14,9.54,9.97,89267089,2106340352.00
2013/03/08,10.00,10.08,9.42,9.59,92586829,2138190976.00
2013/03/11,9.53,9.64,9.15,9.49,57329336,1288820736.00
2013/03/12,9.48,9.56,8.92,9.10,84076906,1845179520.00
2013/03/13,9.08,9.47,9.05,9.26,83690151,1857825792.00
2013/03/14,9.22,9.26,8.91,9.08,57785359,1259573632.00
2013/03/15,9.07,9.49,8.70,9.31,94357410,2057527296.00
2013/03/18,9.09,9.22,8.88,8.94,74529480,1605426304.00
2013/03/19,8.91,9.10,8.80,9.00,52977120,1135421184.00
2013/03/20,8.97,9.77,8.96,9.70,130937025,2950191872.00
2013/03/21,9.65,9.74,9.51,9.64,71531771,1640675072.00
2013/03/22,9.63,9.71,9.56,9.67,41182525,947445376.00
2013/03/25,9.71,9.77,9.51,9.55,45289371,1037164928.00
2013/03/26,9.47,9.47,9.25,9.28,55977300,1248606080.00
2013/03/27,9.29,9.51,9.18,9.28,38599693,859815744.00
2013/03/28,8.78,8.78,8.32,8.36,117504326,2385878272.00
2013/03/29,8.36,8.51,8.19,8.40,56984842,1139477760.00
2013/04/01,8.44,8.61,8.39,8.52,38554183,786200256.00
2013/04/02,8.52,8.74,8.43,8.54,46305475,952838144.00
2013/04/03,8.59,8.69,8.49,8.55,22458964,461545664.00
2013/04/08,8.26,8.39,8.17,8.32,40771477,808525760.00
2013/04/09,8.35,8.46,8.31,8.32,38049112,763834496.00
2013/04/10,8.30,8.31,7.97,8.09,50776709,988314112.00
2013/04/11,8.17,8.22,8.04,8.09,31178899,607690368.00
2013/04/12,8.11,8.12,7.83,7.87,80532279,1535799808.00
2013/04/15,7.89,7.94,7.66,7.73,57095699,1065287808.00
2013/04/16,7.63,7.81,7.53,7.81,65549248,1213261312.00
2013/04/17,7.79,7.82,7.50,7.70,64270316,1180893568.00
2013/04/18,7.58,8.00,7.52,7.96,90124467,1685861504.00
2013/04/19,7.92,8.61,7.89,8.45,147838012,2902667264.00
2013/04/22,8.35,8.51,8.31,8.45,69291441,1396575744.00
2013/04/23,8.49,8.52,7.94,7.95,80265938,1559983360.00
2013/04/24,7.81,8.26,7.72,8.09,73338046,1397785344.00
2013/04/25,7.92,8.08,7.80,7.84,44685588,847664640.00
2013/04/26,7.91,8.01,7.76,7.79,33673898,637945792.00
2013/05/02,7.74,7.88,7.66,7.88,23757279,445019648.00
2013/05/03,7.91,8.44,7.86,8.23,72012610,1419670016.00
2013/05/06,8.28,8.59,8.21,8.49,84054468,1700266240.00
2013/05/07,8.42,8.52,8.30,8.46,42417084,854343040.00
2013/05/08,8.50,8.73,8.32,8.52,62878713,1286250112.00
2013/05/09,8.47,8.47,8.26,8.41,48361312,967721600.00
2013/05/10,8.35,8.53,8.30,8.43,38624829,779054976.00
2013/05/13,8.40,8.44,8.26,8.32,32387980,645920640.00
2013/05/14,8.32,8.32,7.96,8.04,49816079,963271680.00
2013/05/15,8.04,8.10,7.98,8.05,24208282,466686528.00
2013/05/16,8.01,8.55,7.94,8.49,81311587,1620143104.00
2013/05/17,8.47,8.58,8.32,8.52,59580700,1207256064.00
2013/05/20,8.56,9.00,8.52,8.78,87697458,1842617472.00
2013/05/21,8.70,8.88,8.67,8.83,44757454,938805120.00
2013/05/22,8.83,8.91,8.75,8.85,41311346,872231936.00
2013/05/23,8.79,8.87,8.57,8.58,50740941,1054439744.00
2013/05/24,8.59,8.76,8.49,8.65,33280996,686838464.00
2013/05/27,8.61,8.73,8.48,8.53,35854608,737775168.00
2013/05/28,8.53,9.09,8.45,9.05,78361711,1653684480.00
2013/05/29,9.05,9.08,8.88,8.91,53259775,1140654720.00
2013/05/30,8.88,9.04,8.81,8.87,42544168,905433856.00
2013/05/31,8.89,9.00,8.78,8.78,36186204,767274368.00
2013/06/03,8.75,8.87,8.69,8.75,34379291,720122816.00
2013/06/04,8.75,8.93,8.69,8.84,44215691,930180288.00
2013/06/05,8.79,8.83,8.62,8.70,30574507,636042496.00
2013/06/06,8.61,8.68,8.37,8.41,43527000,883833856.00
2013/06/07,8.41,8.46,8.09,8.15,40200095,795705792.00
2013/06/13,8.05,8.06,7.72,7.83,38134259,717936640.00
2013/06/14,7.92,8.00,7.83,7.94,32855336,625125440.00
2013/06/17,7.99,8.16,7.89,8.02,30921022,596190208.00
2013/06/18,8.11,8.37,8.11,8.23,38959938,770155904.00
2013/06/19,8.16,8.16,7.98,8.02,36997753,714070016.00
2013/06/20,8.03,8.04,7.43,7.51,90306654,1029738112.00
2013/06/21,7.35,7.65,7.28,7.58,61400269,687937856.00
2013/06/24,7.46,7.46,6.79,6.79,116667177,1210827520.00
2013/06/25,6.55,6.76,6.09,6.67,171716261,1643643136.00
2013/06/26,6.69,6.69,6.40,6.52,101715108,992741120.00
2013/06/27,6.58,6.69,6.37,6.41,83586702,819712896.00
2013/06/28,6.34,6.79,6.20,6.67,92664394,909148160.00
2013/07/01,6.56,6.65,6.30,6.51,80019667,775396032.00
2013/07/02,6.54,6.55,6.25,6.41,81375374,776186624.00
2013/07/03,6.38,6.38,6.18,6.22,77115847,723582016.00
2013/07/04,6.15,6.39,6.00,6.25,80515991,750347520.00
2013/07/05,6.24,6.39,6.23,6.25,64144625,606232512.00
2013/07/08,6.12,6.17,5.97,5.99,59500689,542811648.00
2013/07/09,6.00,6.07,5.97,5.99,51215066,463017600.00
2013/07/10,6.00,6.27,5.99,6.27,74724160,686265856.00
2013/07/11,6.34,6.92,6.34,6.92,173361147,1737228160.00
2013/07/12,7.04,7.27,6.87,6.92,211854392,2237235968.00
2013/07/15,7.04,7.22,6.72,7.04,134165941,1397980288.00
2013/07/16,6.93,6.99,6.79,6.95,101622760,1045499584.00
2013/07/17,6.95,7.01,6.76,6.79,67368850,691750080.00
2013/07/18,6.74,6.81,6.54,6.56,80668722,798982784.00
2013/07/19,6.56,6.62,6.28,6.29,82736795,797155392.00
2013/07/22,6.15,6.34,6.08,6.29,65837734,613752256.00
2013/07/23,6.32,6.86,6.28,6.66,124744343,1234752128.00
2013/07/24,6.54,6.61,6.38,6.52,89972184,872706944.00
2013/07/25,6.54,6.70,6.48,6.56,68987419,681137664.00
2013/07/26,6.49,6.52,6.38,6.44,46505056,448749600.00
2013/07/29,6.32,6.36,6.24,6.28,49813033,469746112.00
2013/07/30,6.34,6.64,6.31,6.47,67454102,655829184.00
2013/07/31,6.56,6.68,6.38,6.40,45446880,442922528.00
2013/08/01,6.51,6.63,6.42,6.63,76275024,748544192.00
2013/08/02,6.70,6.76,6.54,6.56,57741738,571091008.00
2013/08/05,6.56,6.65,6.53,6.65,53143066,524425088.00
2013/08/06,6.60,6.69,6.54,6.63,59617992,588829760.00
2013/08/07,6.61,6.77,6.58,6.64,74376400,743841152.00
2013/08/08,6.59,6.72,6.57,6.61,54585924,542966976.00
2013/08/09,6.67,6.70,6.51,6.58,49763448,491213376.00
2013/08/12,6.61,7.00,6.58,6.92,134836323,1373703552.00
2013/08/13,6.90,7.08,6.86,7.04,120349664,1252254464.00
2013/08/14,7.04,7.26,6.95,6.99,116474457,1237080448.00
2013/08/15,6.98,7.05,6.81,6.83,58675655,605654336.00
2013/08/16,6.81,7.54,6.70,7.09,253143445,2723081472.00
2013/08/19,6.84,7.35,6.84,7.24,158560398,1677377408.00
2013/08/20,7.18,7.56,7.10,7.38,153186709,1676956544.00
2013/08/21,7.36,7.45,7.21,7.32,62680482,682275392.00
2013/08/22,7.29,7.56,7.25,7.35,79080656,874059840.00
2013/08/23,7.35,7.43,6.99,7.12,104396124,1116168192.00
2013/08/26,7.13,7.35,7.04,7.31,74327448,803066304.00
2013/08/27,7.31,7.40,7.22,7.30,58688427,638179712.00
2013/08/28,7.20,7.27,7.06,7.13,68220316,728468800.00
2013/08/29,7.24,7.31,7.11,7.13,55125304,590423936.00
2013/08/30,7.06,7.28,7.05,7.11,52029079,555844992.00
2013/09/02,7.20,7.26,7.13,7.21,50023178,537024128.00
2013/09/03,7.24,7.52,7.19,7.52,115757165,1276796928.00
2013/09/04,7.49,7.66,7.42,7.44,89262009,1001844672.00
2013/09/05,7.44,7.47,7.37,7.40,34323007,379657120.00
2013/09/09,7.58,8.17,7.58,8.17,220449384,2639382272.00
2013/09/10,8.37,8.53,8.07,8.38,208529430,2574801664.00
2013/09/11,8.36,8.88,8.22,8.56,170823000,2186675968.00
2013/09/12,8.44,9.37,8.36,9.10,183054040,2418432512.00
2013/09/13,8.93,9.26,8.79,8.92,119131992,1587326720.00
2013/09/16,8.92,9.22,8.54,8.91,143436615,1874388864.00
2013/09/17,8.88,9.03,8.60,8.63,94002603,1224996864.00
2013/09/18,8.60,8.76,8.43,8.63,61700281,786897792.00
2013/09/23,8.63,8.75,8.51,8.69,72379517,928672768.00
2013/09/24,8.67,8.68,8.06,8.26,145618921,1786488320.00
2013/09/25,8.20,8.39,8.06,8.10,77993068,949782720.00
2013/09/26,8.05,8.05,7.73,7.84,86071180,1002417088.00
2013/09/27,7.82,8.08,7.80,8.01,68751989,810756864.00
2013/09/30,8.01,8.11,7.95,7.99,37360168,445333344.00
2013/10/08,7.99,8.31,7.74,8.22,73757471,888899072.00
2013/10/09,8.16,8.60,8.09,8.46,84408432,1054297728.00
2013/10/10,8.49,8.60,8.22,8.27,77626822,967348800.00
2013/10/11,8.36,8.62,8.33,8.56,92298675,1165261952.00
2013/10/14,8.49,8.56,8.40,8.42,55293904,693548160.00
2013/10/15,8.42,8.42,8.17,8.22,48446347,594407040.00
2013/10/16,8.18,8.19,8.03,8.08,45239616,544119424.00
2013/10/17,8.17,8.24,8.08,8.08,31361587,378747296.00
2013/10/18,8.08,8.38,8.05,8.22,51565253,631501184.00
2013/10/21,8.22,8.34,8.09,8.31,60301258,736781248.00
2013/10/22,8.27,8.27,8.08,8.11,51490012,623986688.00
2013/10/23,8.20,8.88,8.19,8.48,154335727,1957187840.00
2013/10/24,8.50,8.88,8.36,8.77,147778442,1909977856.00
2013/10/25,8.72,9.33,8.67,9.07,144110740,1935859072.00
2013/10/28,9.05,9.06,8.75,8.86,87876298,1154607616.00
2013/10/29,8.88,9.74,8.88,9.55,214154014,2981260800.00
2013/10/30,9.47,9.81,9.33,9.74,132582234,1871874560.00
2013/10/31,9.64,9.69,9.29,9.40,111296872,1558479744.00
2013/11/01,9.38,9.54,9.22,9.38,84492161,1175747328.00
2013/11/04,9.45,9.53,9.10,9.16,73966847,1013876800.00
2013/11/05,8.98,9.25,8.74,9.23,98703535,1305185664.00
2013/11/06,9.06,9.11,8.81,8.88,71528944,951290048.00
2013/11/07,8.92,9.09,8.84,8.96,68650390,913998400.00
2013/11/08,8.84,9.15,8.83,9.00,72008185,958253504.00
2013/11/11,9.00,9.15,8.84,9.05,61585088,823194176.00
2013/11/12,9.06,9.54,9.06,9.50,108732646,1510757376.00
2013/11/13,9.38,9.42,8.96,9.00,82642150,1127155584.00
2013/11/14,8.95,9.02,8.75,8.87,96441257,1262294144.00
2013/11/15,8.90,9.31,8.81,9.02,96702975,1306569856.00
2013/11/18,9.11,9.56,8.95,9.53,128156183,1761157760.00
2013/11/19,9.49,9.55,9.31,9.34,83538392,1161254272.00
2013/11/20,9.47,9.61,9.29,9.46,70523848,984763584.00
2013/11/21,9.38,9.44,9.11,9.42,94467419,1289349376.00
2013/11/22,9.38,9.40,9.24,9.24,53878412,741591616.00
2013/11/25,9.05,9.32,9.02,9.12,53232867,722870912.00
2013/11/26,9.12,9.21,9.05,9.10,39201960,528774464.00
2013/11/27,9.06,9.34,9.03,9.17,57665667,783820160.00
2013/11/28,9.17,9.32,9.15,9.20,61904047,845915776.00
2013/11/29,9.33,9.39,9.16,9.19,62016341,850388544.00
2013/12/02,9.22,9.51,9.15,9.29,122233192,1682918400.00
2013/12/03,9.24,9.34,8.98,9.15,80243605,1081622656.00
2013/12/04,9.12,9.36,9.02,9.19,89180491,1217121536.00
2013/12/05,9.17,9.20,9.03,9.07,60748011,818132160.00
2013/12/06,9.10,9.11,8.94,8.97,48110321,640155456.00
2013/12/09,8.98,9.04,8.90,8.90,41804455,553192448.00
2013/12/10,8.98,9.01,8.91,8.97,32403351,429632576.00
2013/12/11,8.91,8.94,8.55,8.66,92520405,1192542592.00
2013/12/12,8.57,8.68,8.54,8.58,39806210,507708736.00
2013/12/13,8.55,8.56,8.39,8.46,43034386,540933952.00
2013/12/16,8.42,8.65,8.42,8.60,55566784,704816704.00
2013/12/17,8.63,8.69,8.51,8.58,36768042,470046208.00
2013/12/18,8.56,8.67,8.53,8.61,23274046,296740192.00
2013/12/19,8.62,8.67,8.42,8.42,35620149,450676320.00
2013/12/20,8.43,8.48,8.01,8.01,68133392,826323840.00
2013/12/23,8.02,8.20,7.94,8.04,41215329,495535264.00
2013/12/24,8.08,8.16,7.80,7.87,51936463,617009152.00
2013/12/25,7.87,7.93,7.75,7.88,50589941,589596288.00
2013/12/26,7.87,7.87,7.68,7.70,40230092,463847168.00
2013/12/27,7.70,8.00,7.68,7.90,63066168,733105792.00
2013/12/30,7.93,7.97,7.87,7.90,43574488,512282784.00
2013/12/31,7.89,8.35,7.83,8.25,82686418,1002632448.00
2014/01/02,8.16,8.29,8.11,8.24,48991089,596223744.00
2014/01/03,8.18,8.19,7.92,8.03,55111484,656631296.00
2014/01/06,8.00,8.08,7.73,7.85,58211823,679280384.00
2014/01/07,7.75,7.91,7.74,7.82,33840749,393977568.00
2014/01/08,7.83,8.04,7.75,7.91,45776816,538436160.00
2014/01/09,7.86,8.07,7.83,7.95,48551836,576870528.00
2014/01/10,7.92,8.04,7.84,7.95,38119765,450487744.00
2014/01/13,7.94,8.01,7.72,7.80,47887517,559375168.00
2014/01/14,7.78,7.92,7.70,7.88,36242708,420715264.00
2014/01/15,7.87,7.90,7.77,7.85,29798810,346733024.00
2014/01/16,7.84,7.94,7.79,7.86,29959340,350027744.00
2014/01/17,7.81,7.83,7.70,7.72,42351387,487423200.00
2014/01/20,7.72,7.72,7.56,7.59,30721993,349154112.00
2014/01/21,7.61,7.77,7.61,7.63,26579498,303578624.00
2014/01/22,7.63,7.98,7.63,7.93,61908449,723523200.00
2014/01/23,7.92,7.93,7.83,7.87,37553549,439497024.00
2014/01/24,7.83,7.95,7.78,7.84,48528331,567516096.00
2014/01/27,7.77,7.82,7.63,7.65,44299725,508343008.00
2014/01/28,7.70,7.79,7.64,7.73,38968302,446213152.00
2014/01/29,7.76,7.83,7.73,7.77,31210441,361575328.00
2014/01/30,7.76,7.76,7.65,7.66,29141306,332618208.00
2014/02/07,7.61,7.65,7.45,7.65,41875743,470138336.00
2014/02/10,7.65,7.79,7.63,7.78,58122625,670008704.00
2014/02/11,7.75,8.31,7.68,8.08,131046538,1569553152.00
2014/02/12,7.99,8.22,7.97,8.04,69462197,831733248.00
2014/02/13,7.96,8.42,7.94,8.23,121819274,1480576896.00
2014/02/14,8.15,8.21,8.05,8.13,58233934,701905728.00
2014/02/17,8.15,8.20,7.99,8.06,60892188,727601216.00
2014/02/18,8.01,8.03,7.81,7.84,59606163,700246016.00
2014/02/19,7.81,8.17,7.81,8.08,98817485,1177763456.00
2014/02/20,8.03,8.25,7.90,7.91,76632414,919006400.00
2014/02/21,7.95,7.97,7.79,7.80,47999662,559681280.00
2014/02/24,7.70,7.72,7.48,7.49,66782028,750803456.00
2014/02/25,7.50,7.63,7.38,7.40,54838742,611611840.00
2014/02/26,7.40,7.54,7.38,7.46,40793776,453164480.00
2014/02/27,7.49,7.63,7.39,7.55,55508601,621811136.00
2014/02/28,7.50,7.55,7.30,7.47,44623752,493549152.00
2014/03/03,7.40,7.44,7.33,7.41,42743198,470295904.00
2014/03/04,7.38,7.40,7.24,7.37,52758525,575054336.00
2014/03/05,7.31,7.37,7.13,7.17,53301669,575251328.00
2014/03/06,7.18,7.28,7.04,7.22,52738264,564310336.00
2014/03/07,7.21,7.34,7.19,7.24,48865432,529718080.00
2014/03/10,7.17,7.19,6.86,6.90,54432074,567573120.00
2014/03/11,6.90,6.96,6.76,6.86,45078939,462135328.00
2014/03/12,6.88,7.02,6.81,6.93,51510718,532491168.00
2014/03/13,7.02,7.24,6.95,7.08,62662521,663461504.00
2014/03/14,6.99,7.06,6.88,6.91,45039250,466403744.00
2014/03/17,6.97,7.04,6.92,7.01,37297944,388751072.00
2014/03/18,7.01,7.04,6.92,6.95,43181485,449377632.00
2014/03/19,6.93,6.93,6.79,6.86,36302890,370332000.00
2014/03/20,6.84,6.89,6.72,6.76,45488151,462702976.00
2014/03/21,6.74,7.34,6.71,7.24,125181194,1316754816.00
2014/03/24,7.22,7.33,7.13,7.24,84253869,908755200.00
2014/03/25,7.22,7.25,7.08,7.11,41575437,444839360.00
2014/03/26,7.15,7.21,7.06,7.17,36020600,383229632.00
2014/03/27,7.13,7.40,7.05,7.22,80313368,867999424.00
2014/03/28,7.17,7.36,7.15,7.23,53264990,576611648.00
2014/03/31,7.28,7.34,7.15,7.22,32113078,346029600.00
2014/04/01,7.19,7.31,7.17,7.24,28124287,303939584.00
2014/04/02,7.24,7.39,7.20,7.32,46039729,500530400.00
2014/04/03,7.36,7.40,7.22,7.22,45365089,494227840.00
2014/04/04,7.17,7.26,7.10,7.24,34209026,366585728.00
2014/04/08,7.23,7.72,7.23,7.58,134292058,1503024000.00
2014/04/09,7.57,7.63,7.49,7.51,55734652,626176128.00
2014/04/10,7.53,7.80,7.49,7.63,77006827,876017984.00
2014/04/11,7.62,7.73,7.56,7.66,59325527,674562240.00
2014/04/14,7.63,7.70,7.51,7.58,42174131,476278752.00
2014/04/15,7.53,7.54,7.32,7.36,53468878,589940416.00
2014/04/16,7.33,7.47,7.29,7.38,37664608,414021984.00
2014/04/17,7.40,7.44,7.26,7.31,30488525,333305056.00
2014/04/18,7.28,7.30,7.19,7.24,32354412,349102656.00
2014/04/21,7.21,7.31,7.15,7.17,29815603,321959264.00
2014/04/22,7.18,7.51,7.16,7.42,52328164,569433664.00
2014/04/23,7.44,7.70,7.44,7.59,119102811,1346115072.00
2014/04/24,7.67,7.70,7.47,7.54,63400485,712292416.00
2014/04/25,7.54,7.74,7.46,7.56,71433523,810796672.00
2014/04/28,7.56,7.58,7.36,7.40,52604503,582533632.00
2014/04/29,7.40,7.56,7.33,7.49,41362159,458216064.00
2014/04/30,7.51,7.54,7.45,7.48,25959642,289386176.00
2014/05/05,7.45,7.46,7.26,7.38,40327050,440413664.00
2014/05/06,7.33,7.45,7.31,7.35,26777091,294197728.00
2014/05/07,7.32,7.35,7.28,7.28,24191029,263547088.00
2014/05/08,7.26,7.49,7.25,7.33,37962091,418459584.00
2014/05/09,7.33,7.47,7.31,7.42,32191490,354936704.00
2014/05/12,7.49,7.66,7.40,7.62,60199194,678608640.00
2014/05/13,7.61,7.63,7.51,7.54,30583330,344109440.00
2014/05/14,7.53,7.69,7.53,7.60,41612180,471890560.00
2014/05/15,7.59,7.63,7.49,7.51,31262755,351067744.00
2014/05/16,7.51,7.62,7.51,7.57,31177310,351626464.00
2014/05/19,7.57,7.58,7.48,7.57,26110555,292426272.00
2014/05/20,7.56,7.62,7.50,7.55,20576600,231625056.00
2014/05/21,7.52,7.65,7.44,7.61,26316829,297218368.00
2014/05/22,7.61,7.84,7.58,7.65,61914166,713100736.00
2014/05/23,7.66,7.81,7.63,7.79,41535649,478107232.00
2014/05/26,7.83,7.83,7.70,7.79,31598919,365020288.00
2014/05/27,7.75,7.87,7.73,7.79,28440770,329865248.00
2014/05/28,7.78,7.82,7.65,7.80,42703763,491816864.00
2014/05/29,7.79,7.90,7.72,7.73,36223849,420664544.00
2014/05/30,7.72,7.81,7.70,7.73,31877309,367350848.00
2014/06/03,7.73,7.86,7.73,7.74,27811387,322371200.00
2014/06/04,7.74,7.74,7.56,7.61,32388974,367011936.00
2014/06/05,7.59,7.69,7.58,7.68,24629125,280049632.00
2014/06/06,7.69,7.72,7.58,7.65,18643555,212129088.00
2014/06/09,7.63,7.76,7.61,7.72,31352202,359580576.00
2014/06/10,7.74,7.90,7.71,7.90,62198265,723590272.00
2014/06/11,7.86,7.97,7.82,7.92,43323327,509141984.00
2014/06/12,7.87,8.00,7.86,7.95,36744198,355905024.00
2014/06/13,7.94,8.51,7.92,8.29,123950476,1246107264.00
2014/06/16,8.24,8.39,8.21,8.30,87818234,889629952.00
2014/06/17,8.23,8.34,8.17,8.22,54184787,546274880.00
2014/06/18,8.22,8.24,8.03,8.07,53855012,534087744.00
2014/06/19,8.07,8.14,7.92,8.01,48308104,474545248.00
2014/06/20,8.00,8.06,7.97,8.06,37207089,364389984.00
2014/06/23,8.06,8.15,7.99,8.00,43085977,423339296.00
2014/06/24,8.01,8.06,7.99,8.02,28459321,279235072.00
2014/06/25,8.02,8.03,7.89,8.00,27126263,263555600.00
2014/06/26,7.95,8.05,7.95,8.04,34288524,335699968.00
2014/06/27,8.01,8.08,7.95,8.04,36752084,359856064.00
2014/06/30,8.02,8.16,8.01,8.11,44723794,442037472.00
2014/07/01,8.11,8.15,8.05,8.07,28494372,281216672.00
2014/07/02,8.07,8.11,8.03,8.10,28604171,281857216.00
2014/07/03,8.10,8.18,8.05,8.16,44690486,443709920.00
2014/07/04,8.16,8.20,8.07,8.11,34231126,339852544.00
2014/07/07,8.11,8.13,8.02,8.07,34306164,337859968.00
2014/07/08,8.06,8.13,8.00,8.13,34608702,341179840.00
2014/07/09,8.12,8.12,7.84,7.90,58789114,573417344.00
2014/07/10,7.91,7.96,7.86,7.91,36025783,348040192.00
2014/07/11,7.91,7.94,7.89,7.91,31832009,307776992.00
2014/07/14,7.92,7.96,7.83,7.96,46311613,446246592.00
2014/07/16,7.94,7.95,7.79,7.86,61770283,592431488.00
2014/07/17,7.86,7.87,7.80,7.85,32007282,306409312.00
2014/07/18,7.81,7.90,7.80,7.86,37511523,360507392.00
2014/07/21,7.86,7.86,7.80,7.81,27299506,260823472.00
2014/07/22,7.80,8.02,7.79,7.96,61369888,594111744.00
2014/07/23,7.94,8.05,7.92,7.99,55570368,541821248.00
2014/07/24,8.00,8.44,7.99,8.32,180582397,1820306688.00
2014/07/25,8.36,8.41,8.26,8.37,85391389,868778304.00
2014/07/28,8.41,8.94,8.39,8.84,186787917,1997922432.00
2014/07/29,8.87,9.11,8.80,8.87,120182708,1306061696.00
2014/07/30,8.87,9.11,8.80,8.81,81002561,880625344.00
2014/07/31,8.81,8.94,8.73,8.91,63778443,685541120.00
2014/08/01,8.89,9.09,8.77,8.77,85450966,930971520.00
2014/08/04,8.77,8.96,8.69,8.96,83062393,896723520.00
2014/08/05,8.98,9.10,8.78,8.87,75217527,817861952.00
2014/08/06,8.81,8.81,8.61,8.73,83464759,884436928.00
2014/08/07,8.73,8.76,8.59,8.61,59643465,629404544.00
2014/08/08,8.63,8.71,8.57,8.64,55565170,586028480.00
2014/08/11,8.66,8.81,8.66,8.78,62133185,663290432.00
2014/08/12,8.73,8.74,8.62,8.69,48085237,508251840.00
2014/08/13,8.67,8.78,8.60,8.73,53336495,564717120.00
2014/08/14,8.76,8.81,8.61,8.64,52369318,556638912.00
2014/08/15,8.64,8.71,8.56,8.67,67508977,711373248.00
2014/08/18,8.68,8.76,8.65,8.73,58902349,625059392.00
2014/08/19,8.73,8.75,8.61,8.67,58082164,613961792.00
2014/08/20,8.66,8.66,8.56,8.58,57328568,600953664.00
2014/08/21,8.56,8.58,8.40,8.47,63223050,653438912.00
2014/08/22,8.43,8.53,8.41,8.48,48156174,497919616.00
2014/08/25,8.48,8.48,8.34,8.36,50943444,521445408.00
2014/08/26,8.35,8.41,8.31,8.35,46116514,469882624.00
2014/08/27,8.35,8.51,8.33,8.39,57314683,588959936.00
2014/08/28,8.39,8.40,8.31,8.31,43896983,447046656.00
2014/08/29,8.31,8.40,8.31,8.40,34372640,350689088.00
2014/09/01,8.39,8.46,8.33,8.44,48778216,501154048.00
2014/09/02,8.48,8.60,8.39,8.56,78800496,816712384.00
2014/09/03,8.58,8.68,8.55,8.61,76692878,807419392.00
2014/09/04,8.61,8.65,8.51,8.65,62815851,657751232.00
2014/09/05,8.65,8.72,8.61,8.66,59787809,631001536.00
2014/09/09,8.65,8.67,8.54,8.57,56669759,593195200.00
2014/09/10,8.52,8.53,8.45,8.46,53159332,549288832.00
2014/09/11,8.46,8.65,8.44,8.50,71346124,743736320.00
2014/09/12,8.50,8.51,8.41,8.50,40865437,421465536.00
2014/09/15,8.46,8.46,8.40,8.45,51541835,530216256.00
2014/09/16,8.46,8.57,8.39,8.40,82834049,855746048.00
2014/09/17,8.44,8.48,8.36,8.41,55674797,570332032.00
2014/09/18,8.36,8.57,8.34,8.46,76830914,793783232.00
2014/09/19,8.44,8.52,8.41,8.51,57075419,590539520.00
2014/09/22,8.46,8.47,8.21,8.24,79019166,802793600.00
2014/09/23,8.24,8.31,8.23,8.27,46215800,466701920.00
2014/09/24,8.25,8.44,8.22,8.42,76055290,774981760.00
2014/09/25,8.46,8.46,8.31,8.34,67716732,693101952.00
2014/09/26,8.32,8.33,8.24,8.29,45363332,458477952.00
2014/09/29,8.31,8.35,8.26,8.29,60535871,613587456.00
2014/09/30,8.31,8.32,8.27,8.31,48398244,490091136.00
2014/10/08,8.33,8.41,8.31,8.41,67468717,688179584.00
2014/10/09,8.41,8.43,8.32,8.36,66239360,676601216.00
2014/10/10,8.32,8.36,8.30,8.32,65934904,669474240.00
2014/10/13,8.29,8.31,8.22,8.27,51987541,524142432.00
2014/10/14,8.26,8.36,8.25,8.29,57588334,582555072.00
2014/10/15,8.28,8.34,8.21,8.32,59765983,604421632.00
2014/10/16,8.27,8.48,8.26,8.36,132373549,1355834880.00
2014/10/17,8.36,8.37,8.24,8.29,70051115,709337216.00
2014/10/20,8.31,8.35,8.26,8.33,61117048,619515008.00
2014/10/21,8.31,8.32,8.25,8.26,48632322,491186144.00
2014/10/22,8.26,8.35,8.24,8.27,55946011,566148288.00
2014/10/23,8.29,8.47,8.29,8.39,158547972,1625133824.00
2014/10/24,8.46,8.48,8.31,8.34,82098916,842529664.00
2014/10/27,8.27,8.30,8.17,8.21,72956879,732278912.00
2014/10/28,8.23,8.35,8.23,8.33,53065097,536920640.00
2014/10/29,8.35,8.51,8.31,8.44,106527620,1093979392.00
2014/10/30,8.45,8.65,8.36,8.55,152063317,1578266368.00
2014/10/31,8.61,9.31,8.57,9.05,359308400,3900875264.00
2014/11/03,9.16,9.24,9.01,9.11,191683467,2129642880.00
2014/11/04,9.15,9.17,8.84,8.90,131899207,1443563392.00
2014/11/05,8.90,8.98,8.74,8.87,128587681,1386577280.00
2014/11/06,8.87,8.94,8.81,8.89,64512385,697762496.00
2014/11/07,8.86,9.34,8.83,8.95,223436924,2470577664.00
2014/11/10,9.06,9.23,8.91,9.14,162134845,1792128640.00
2014/11/11,9.11,9.56,9.08,9.25,298139088,3390990080.00
2014/11/12,9.18,9.20,9.01,9.19,138946263,1538194048.00
2014/11/13,9.17,9.32,9.05,9.06,134038427,1498070400.00
2014/11/14,9.02,9.03,8.86,8.96,90152661,980490624.00
2014/11/17,8.98,9.01,8.78,8.82,88959448,961843456.00
2014/11/18,8.81,8.86,8.66,8.70,93029646,989520768.00
2014/11/19,8.69,8.74,8.64,8.71,59165677,627088000.00
2014/11/20,8.67,8.76,8.61,8.71,68354463,724359488.00
2014/11/21,8.71,8.91,8.61,8.86,114673198,1223438976.00
2014/11/24,8.70,8.98,8.62,8.84,222736851,2397291008.00
2014/11/25,8.81,9.04,8.76,9.01,156780267,1704413952.00
2014/11/26,9.01,9.33,8.96,9.20,218491865,2437181184.00
2014/11/27,9.31,9.45,9.12,9.28,210385672,2386849792.00
2014/11/28,9.25,10.22,9.17,10.22,484483936,5793392128.00
2014/12/01,10.36,10.72,9.98,10.01,446521364,5600612352.00
2014/12/02,9.97,11.02,9.92,10.79,349041143,4436545024.00
2014/12/03,10.79,11.43,10.45,10.77,399753009,5328330240.00
2014/12/04,10.81,11.50,10.61,11.49,345018080,4674285056.00
2014/12/05,11.56,12.55,11.12,11.96,441369720,6338168320.00
2014/12/08,11.70,12.77,11.52,12.55,392834253,5883664384.00
2014/12/09,12.32,12.80,11.28,11.28,404542011,6002899968.00
2014/12/10,11.19,11.82,10.71,11.68,352784430,4800983040.00
2014/12/11,11.36,12.01,11.26,11.46,223799566,3153661696.00
2014/12/12,11.44,11.69,11.26,11.47,164390907,2291244544.00
2014/12/15,11.31,11.31,10.91,11.17,180093658,2428185600.00
2014/12/16,11.11,11.85,11.06,11.85,246907293,3433988608.00
2014/12/17,11.86,12.91,11.69,12.66,440016616,6579202560.00
2014/12/18,12.70,12.81,12.02,12.26,247025090,3714889472.00
2014/12/19,12.21,12.51,11.89,12.36,193540582,2880581120.00
2014/12/22,12.27,13.32,12.20,12.64,346739124,5383744512.00
2014/12/23,12.35,12.59,11.94,12.15,179785079,2688160512.00
2014/12/24,12.14,12.23,11.26,11.58,201027102,2854208000.00
2014/12/25,11.81,12.15,11.56,12.10,199727585,2887581440.00
2014/12/26,12.03,12.51,11.96,12.44,243707335,3625690368.00
2014/12/29,12.86,13.23,12.15,12.29,258614817,3983923200.00
2014/12/30,12.30,12.85,12.25,12.77,236607838,3637484288.00
2014/12/31,12.86,13.09,12.61,13.06,240006571,3760218368.00
2015/01/05,13.18,13.42,12.86,13.21,286043643,4565387776.00
2015/01/06,13.06,13.51,12.81,13.01,216642140,3453446144.00
2015/01/07,12.82,13.05,12.61,12.76,170012067,2634796288.00
2015/01/08,12.77,12.83,12.27,12.32,140771421,2128003456.00
2015/01/09,12.27,13.08,12.11,12.42,250850023,3835378176.00
2015/01/12,12.25,12.40,11.94,12.16,155329086,2293104640.00
2015/01/13,12.06,12.27,12.03,12.09,81687477,1204987136.00
2015/01/14,12.17,12.52,12.11,12.20,126302964,1889296640.00
2015/01/15,12.23,12.65,12.11,12.65,124217032,1868795904.00
2015/01/16,12.69,12.87,12.51,12.66,155584633,2403346176.00
2015/01/19,11.53,12.00,11.38,11.38,213712366,3016203008.00
2015/01/20,11.38,11.57,11.16,11.38,149101811,2064280576.00
2015/01/21,11.42,12.02,11.31,11.87,194053037,2758192640.00
2015/01/22,11.81,11.96,11.66,11.77,125501611,1801436288.00
2015/01/23,11.82,12.05,11.77,11.86,145918192,2108746752.00
2015/01/26,11.82,11.89,11.66,11.81,105760580,1508446592.00
2015/01/27,11.81,11.83,11.38,11.51,133949466,1881058944.00
2015/01/28,11.41,11.77,11.36,11.57,124087755,1742175744.00
2015/01/29,11.37,11.53,11.31,11.44,101675329,1408825344.00
2015/01/30,11.46,11.62,11.32,11.46,93011669,1298735744.00
2015/02/02,11.19,11.36,11.15,11.21,86093216,1176949504.00
2015/02/03,11.34,11.51,11.21,11.48,88334914,1217876608.00
2015/02/04,11.52,11.56,11.27,11.28,80762311,1122666752.00
2015/02/05,11.77,11.88,11.32,11.35,191372916,2710523904.00
2015/02/06,11.26,11.48,11.02,11.11,103040856,1411298560.00
2015/02/09,11.11,11.26,10.87,11.12,94658628,1273141120.00
2015/02/10,11.10,11.37,11.04,11.33,72487537,991823744.00
2015/02/11,11.34,11.40,11.26,11.30,55434951,763414592.00
2015/02/12,11.31,11.44,11.21,11.41,60871568,838611264.00
2015/02/13,11.46,11.67,11.39,11.48,88774310,1244514816.00
2015/02/16,11.48,11.53,11.30,11.46,72120239,999898496.00
2015/02/17,11.49,11.61,11.46,11.51,68049159,954430208.00
2015/02/25,11.56,11.56,11.32,11.36,57739233,799193600.00
2015/02/26,11.36,11.59,11.19,11.58,102554424,1424064896.00
2015/02/27,11.57,11.66,11.49,11.51,79357014,1115146112.00
2015/03/02,11.55,11.60,11.41,11.55,101879700,1423603328.00
2015/03/03,11.51,11.51,11.18,11.19,105947629,1457305088.00
2015/03/04,11.21,11.29,11.11,11.16,81497304,1108145408.00
2015/03/05,11.11,11.13,10.93,11.01,82860485,1109152000.00
2015/03/06,11.00,11.11,10.98,11.06,55704774,748959104.00
2015/03/09,11.08,11.81,10.96,11.65,220532361,3067985664.00
2015/03/10,11.52,11.62,11.33,11.33,138570630,1927581952.00
2015/03/11,11.35,11.59,11.35,11.41,90335413,1258356096.00
2015/03/12,11.69,12.32,11.59,12.02,330513720,4805590528.00
2015/03/13,12.27,12.86,12.19,12.35,316398835,4799934976.00
2015/03/16,12.44,12.77,12.29,12.70,221847246,3387198720.00
2015/03/17,12.78,13.02,12.56,12.69,195984187,3020408576.00
2015/03/18,12.66,12.84,12.60,12.78,183100067,2823982848.00
2015/03/19,12.76,12.76,12.46,12.51,158030028,2413982208.00
2015/03/20,12.51,12.81,12.41,12.62,197639447,3027315200.00
2015/03/23,12.63,12.82,12.63,12.71,178205583,2750596608.00
2015/03/24,12.71,12.85,12.54,12.65,155919347,2396553472.00
2015/03/25,12.59,12.62,12.26,12.28,159146801,2396613888.00
2015/03/26,12.24,12.71,12.11,12.45,148789158,2246003712.00
2015/03/27,12.44,12.60,12.24,12.42,104763887,1577607040.00
2015/03/30,12.55,13.14,12.44,12.91,258261368,4014724352.00
2015/03/31,13.22,13.69,12.88,12.98,273318321,4393135104.00
2015/04/01,13.04,13.31,12.81,13.16,164331641,2608976896.00
2015/04/02,13.26,13.31,12.87,13.02,140583742,2222670592.00
2015/04/03,12.94,13.14,12.86,13.06,143494132,2262844416.00
2015/04/07,13.31,13.99,13.31,13.86,296047228,4898119680.00
2015/04/08,13.96,14.92,13.73,14.79,337164631,5784459264.00
2015/04/09,14.81,15.73,14.63,14.86,317306325,5794632192.00
2015/04/10,14.86,16.36,14.73,16.36,334020979,6339649024.00
2015/04/13,17.00,17.16,16.15,16.54,480715321,8021096960.00
2015/04/14,16.50,16.50,16.10,16.30,247237501,4020209664.00
2015/04/15,16.30,17.28,16.10,16.65,341764203,5746875392.00
2015/04/16,16.34,17.10,16.25,17.00,246740721,4102824448.00
2015/04/17,17.50,17.50,16.80,16.93,260952337,4447332864.00
2015/04/20,17.10,17.20,16.16,16.30,344725740,5776437760.00
2015/04/21,16.32,16.70,15.98,16.56,241593696,3943356928.00
2015/04/22,16.58,16.98,16.50,16.95,277314172,4640335872.00
2015/04/23,16.98,17.04,16.56,16.66,231968840,3893522176.00
2015/04/24,16.30,16.51,16.01,16.14,244283692,3959606528.00
2015/04/27,16.21,16.60,16.20,16.42,246056358,4027939328.00
2015/04/28,16.45,17.38,16.22,16.70,476354406,8014319104.00
2015/04/29,16.66,16.75,16.20,16.65,215118839,3550493440.00
2015/04/30,16.83,17.26,16.68,16.70,289063541,4899379712.00
2015/05/04,16.70,16.70,16.28,16.52,142757511,2351547392.00
2015/05/05,16.41,16.52,15.50,15.86,229934173,3685372416.00
2015/05/06,15.82,16.30,15.49,15.72,194991108,3107565568.00
2015/05/07,15.72,15.88,15.50,15.67,125870751,1968941824.00
2015/05/08,15.71,15.98,15.50,15.85,137446840,2163108864.00
2015/05/11,15.80,16.12,15.49,16.03,212307724,3349066752.00
2015/05/12,15.98,16.18,15.65,15.96,198965559,3166864384.00
2015/05/13,16.18,16.25,15.74,15.88,175656158,2807445504.00
2015/05/14,16.00,16.05,15.69,15.89,143802764,2283604736.00
2015/05/15,15.80,15.88,15.27,15.45,175271651,2718885120.00
2015/05/18,15.20,15.35,14.97,15.18,153708421,2327558400.00
2015/05/19,15.17,15.74,15.05,15.59,191781267,2959557120.00
2015/05/20,16.01,16.15,15.60,15.74,258966691,4115472640.00
2015/05/21,15.80,15.89,15.62,15.79,140584660,2214024960.00
2015/05/22,15.91,16.30,15.82,16.27,262190776,4233675776.00
2015/05/25,16.35,16.71,16.35,16.60,273036950,4518316544.00
2015/05/26,16.63,16.70,16.28,16.62,279220875,4607493632.00
2015/05/27,16.62,16.91,16.40,16.48,234121774,3888992256.00
2015/05/28,16.50,16.51,15.43,15.50,273306115,4404154880.00
2015/05/29,15.51,15.67,15.11,15.32,201493291,3103543552.00
2015/06/01,15.33,15.98,15.19,15.90,215836230,3365459200.00
2015/06/02,15.89,15.90,15.52,15.77,190482203,2991565056.00
2015/06/03,15.77,15.95,15.50,15.83,197523179,3103860736.00
2015/06/04,15.85,16.58,15.66,16.37,368253272,5971846144.00
2015/06/05,16.70,16.80,16.03,16.30,285545624,4681142272.00
2015/06/08,16.32,17.45,16.19,17.29,508605027,8596941824.00
2015/06/09,17.36,17.45,16.68,16.98,328696753,5601776128.00
2015/06/10,16.80,16.93,16.53,16.68,219838655,3679460608.00
2015/06/11,16.68,16.77,16.35,16.48,170696045,2811189760.00
2015/06/12,16.48,16.63,16.31,16.51,190338879,3131996672.00
2015/06/15,16.53,16.60,15.90,15.92,219217661,3547149568.00
2015/06/16,15.80,16.06,15.50,15.64,181217984,2858213632.00
2015/06/17,15.83,15.89,15.45,15.73,171594225,2689990144.00
2015/06/18,15.68,15.68,15.01,15.38,160255482,2468466176.00
2015/06/19,15.25,15.39,14.50,14.63,156552048,2345768704.00
2015/06/23,14.64,14.97,14.11,14.95,180548812,2643180032.00
2015/06/24,15.00,15.13,14.70,15.12,153199612,2290363648.00
2015/06/25,15.58,15.63,14.76,14.87,207916488,3179774464.00
2015/06/26,14.64,14.95,13.38,13.77,255532175,3623880448.00
2015/06/29,14.08,14.15,12.75,13.56,261294320,3570319360.00
2015/06/30,13.54,14.54,13.38,14.54,254810313,3572978432.00
2015/07/01,14.35,14.59,13.74,13.92,183540616,2629096448.00
2015/07/02,13.90,14.31,13.38,13.75,198282626,2762337280.00
2015/07/03,13.98,13.99,12.79,13.07,259745820,3473335552.00
2015/07/06,14.30,14.31,13.29,13.88,338152667,4660186112.00
2015/07/07,13.66,14.65,13.21,14.65,480831189,6808003584.00
2015/07/08,13.81,14.00,13.19,13.19,499669694,6762103296.00
2015/07/09,13.19,14.44,12.11,14.26,434435542,5904698368.00
2015/07/10,13.85,15.36,13.61,14.86,465098778,6891581440.00
2015/07/13,14.40,14.89,14.12,14.44,326819605,4737400320.00
2015/07/14,14.20,14.38,13.51,13.87,258022955,3608580608.00
2015/07/15,13.66,13.96,13.40,13.58,162642318,2225697024.00
2015/07/16,13.60,13.76,13.42,13.60,138893985,1884221568.00
2015/07/17,13.66,13.94,13.53,13.82,168063766,2304999424.00
2015/07/20,13.80,13.80,13.53,13.60,135868308,1852316416.00
2015/07/21,13.51,13.64,13.38,13.57,113164352,1529148288.00
2015/07/22,13.49,13.54,13.34,13.52,113809062,1528783872.00
2015/07/23,13.46,13.75,13.41,13.67,148369614,2022035328.00
2015/07/24,13.68,13.70,13.32,13.38,133930997,1815659008.00
2015/07/27,13.25,13.32,12.04,12.44,178785918,2289450240.00
2015/07/28,12.19,12.76,12.15,12.62,201120081,2509971456.00
2015/07/29,12.60,12.62,12.38,12.60,97168292,1210759040.00
2015/07/30,12.61,12.64,12.23,12.26,77027894,962337472.00
2015/07/31,12.16,12.42,12.02,12.36,120274687,1472860288.00
2015/08/03,12.20,12.85,12.15,12.82,140512271,1757739776.00
2015/08/04,12.77,12.99,12.59,12.86,77493758,988843520.00
2015/08/05,12.80,12.95,12.57,12.59,55180237,704539328.00
2015/08/06,12.50,12.73,12.43,12.53,45021845,567208512.00
2015/08/07,12.61,12.72,12.54,12.61,62201030,785501376.00
2015/08/10,12.66,12.99,12.55,12.92,105311195,1346325120.00
2015/08/11,12.91,12.95,12.79,12.84,82849336,1065323968.00
2015/08/12,12.69,12.77,12.56,12.57,68682207,869580800.00
2015/08/13,12.51,12.67,12.42,12.57,60634441,760265728.00
2015/08/14,12.69,12.75,12.58,12.64,82378929,1043762752.00
2015/08/17,12.61,12.69,12.45,12.54,67964257,852588992.00
2015/08/18,12.50,12.74,11.95,12.27,117632441,1459671040.00
2015/08/19,12.10,12.23,11.90,12.23,95889423,1157078528.00
2015/08/20,12.17,12.17,11.90,12.05,67763439,815652736.00
2015/08/21,11.90,11.99,11.46,11.50,93336784,1095668224.00
2015/08/24,11.10,11.17,10.35,10.35,151802968,1601529088.00
2015/08/25,9.85,10.35,9.32,9.46,219233375,2122788608.00
2015/08/26,9.60,10.23,9.30,9.91,249191959,2460482048.00
2015/08/27,10.16,10.90,9.86,10.80,184923565,1912163328.00
2015/08/28,10.89,11.09,10.55,10.83,160802969,1728745600.00
2015/08/31,10.71,11.07,10.48,11.07,146429725,1578261504.00
2015/09/01,10.90,11.61,10.61,11.57,265766135,3003860736.00
2015/09/02,11.18,12.00,11.06,11.84,281574676,3273803264.00
2015/09/07,11.55,11.56,10.89,10.89,137611064,1544055040.00
2015/09/08,10.88,11.15,10.59,11.00,74729245,815241856.00
2015/09/09,11.03,11.19,10.88,11.10,85107389,940582976.00
2015/09/10,11.00,11.18,10.94,11.05,46520563,514578400.00
2015/09/11,11.02,11.12,10.88,10.96,42645078,469297504.00
2015/09/14,10.99,11.00,10.45,10.87,75645273,813927104.00
2015/09/15,10.69,10.85,10.50,10.57,54283900,579042240.00
2015/09/16,10.59,11.08,10.52,10.90,56924377,612767040.00
2015/09/17,10.85,11.14,10.77,10.77,62079854,682338176.00
2015/09/18,10.84,10.96,10.73,10.81,31827282,345063776.00
2015/09/21,10.70,10.89,10.65,10.82,38611111,416851072.00
2015/09/22,10.83,11.06,10.82,10.96,49295560,541007296.00
2015/09/23,10.86,10.91,10.68,10.70,37115084,399583552.00
2015/09/24,10.76,10.81,10.67,10.71,25863255,277274176.00
2015/09/25,10.69,10.71,10.45,10.55,44642060,471537664.00
2015/09/28,10.56,10.59,10.43,10.53,19908727,209186176.00
2015/09/29,10.45,10.56,10.32,10.38,33360356,347612288.00
2015/09/30,10.40,10.59,10.39,10.49,36465973,383230176.00
2015/10/08,10.85,10.89,10.70,10.70,49407085,533806144.00
2015/10/09,10.75,10.95,10.72,10.90,47461206,516310496.00
2015/10/12,10.96,11.38,10.91,11.23,84966515,950602304.00
2015/10/13,11.20,11.26,11.09,11.13,35979819,401600928.00
2015/10/14,11.04,11.15,10.94,10.98,41898065,462963488.00
2015/10/15,10.95,11.17,10.94,11.17,48590050,539103680.00
2015/10/16,11.21,11.30,11.16,11.23,57000145,640488896.00
2015/10/19,11.27,11.35,11.15,11.26,72337153,814910976.00
2015/10/20,11.20,11.38,11.19,11.32,71516328,807642368.00
2015/10/21,11.29,11.75,11.18,11.22,133262904,1523591936.00
2015/10/22,11.25,11.40,11.18,11.33,82280573,928960000.00
2015/10/23,11.39,11.53,11.34,11.47,93742511,1073981568.00
2015/10/26,11.60,11.81,11.44,11.52,108591754,1260872064.00
2015/10/27,11.50,11.64,11.34,11.48,58043637,664648832.00
2015/10/28,11.46,11.48,11.25,11.27,54481117,619790784.00
2015/10/29,11.30,11.36,11.25,11.27,31670368,357830464.00
2015/10/30,11.30,11.42,11.27,11.36,53593072,607980992.00
2015/11/02,11.27,11.32,11.10,11.14,48443581,544000192.00
2015/11/03,11.15,11.21,11.01,11.05,39126518,434818752.00
2015/11/04,11.08,11.70,11.05,11.69,130724419,1493255552.00
2015/11/05,11.60,12.57,11.55,12.07,229218980,2780266752.00
2015/11/06,12.02,12.41,11.92,12.39,146319495,1781331328.00
2015/11/09,12.50,13.38,12.46,12.94,241388779,3137641472.00
2015/11/10,12.80,13.07,12.61,12.75,112502763,1438707584.00
2015/11/11,12.70,12.78,12.38,12.55,102173507,1280174464.00
2015/11/12,12.60,12.65,12.28,12.40,67113962,833753280.00
2015/11/13,12.22,12.48,12.19,12.24,58755504,722252992.00
2015/11/16,12.13,12.39,12.09,12.34,55984871,685977408.00
2015/11/17,12.41,12.70,12.36,12.50,104648656,1315319808.00
2015/11/18,12.46,12.70,12.31,12.42,79370476,991513856.00
2015/11/19,12.40,12.51,12.33,12.50,47112067,585571008.00
2015/11/20,12.50,12.59,12.42,12.55,59803634,747487168.00
2015/11/23,12.55,12.60,12.38,12.45,60797531,760493312.00
2015/11/24,12.41,12.45,12.16,12.28,66421478,812675968.00
2015/11/25,12.21,12.37,12.17,12.32,51346272,629507072.00
2015/11/26,12.36,12.38,12.20,12.23,55221015,679692160.00
2015/11/27,12.18,12.20,11.53,11.73,72802594,867702400.00
2015/11/30,11.72,11.87,11.50,11.74,65849389,770221376.00
2015/12/01,11.70,11.86,11.51,11.75,68025390,793118208.00
2015/12/02,11.70,12.64,11.66,12.51,161576086,1978750464.00
2015/12/03,12.39,12.75,12.25,12.45,142597678,1786008960.00
2015/12/04,12.31,12.38,12.08,12.12,76453245,934906560.00
2015/12/07,12.18,12.25,12.04,12.15,40279265,488370688.00
2015/12/08,12.07,12.09,11.90,11.96,50310179,602568640.00
2015/12/09,11.92,12.12,11.90,11.99,42938435,515596480.00
2015/12/10,11.95,12.14,11.91,11.96,41760358,502326080.00
2015/12/11,11.91,11.92,11.73,11.83,37950803,448800928.00
2015/12/14,11.73,12.11,11.71,12.07,58723664,698792000.00
2015/12/15,12.03,12.09,11.86,11.92,36448735,436557696.00
2015/12/16,11.98,12.01,11.88,11.89,39276282,468510272.00
2015/12/17,11.97,12.14,11.96,12.07,64827475,780891776.00
2015/12/18,12.03,12.55,12.02,12.23,102294474,1257360384.00
2015/12/21,12.14,12.72,12.11,12.51,128114213,1595741312.00
2015/12/22,12.50,12.62,12.38,12.43,69809145,870121728.00
2015/12/23,12.47,12.78,12.40,12.48,103901823,1302341504.00
2015/12/24,12.46,12.56,12.24,12.34,64022964,791975808.00
2015/12/25,12.38,12.47,12.33,12.41,39984505,495638048.00
2015/12/28,12.43,12.46,11.98,11.98,82240863,1003010176.00
2015/12/29,11.99,12.10,11.97,12.09,61980214,744718400.00
2015/12/30,12.09,12.11,11.95,12.10,53266704,641277248.00
2015/12/31,12.10,12.13,11.98,11.99,49125892,591643584.00
2016/01/04,12.00,12.03,11.23,11.33,56349787,660376128.00
2016/01/05,11.27,11.57,11.15,11.40,66326995,755531328.00
2016/01/06,11.42,11.56,11.39,11.53,51570644,591698496.00
2016/01/07,11.41,11.41,10.91,10.94,17476110,194869488.00
2016/01/08,11.21,11.29,10.90,11.12,74752758,831334528.00
2016/01/11,11.00,11.08,10.68,10.76,73201399,800683648.00
2016/01/12,10.83,10.91,10.64,10.81,56164230,605970816.00
2016/01/13,10.89,10.94,10.70,10.71,39170948,424371712.00
2016/01/14,10.59,10.80,10.48,10.77,66631454,708534976.00
2016/01/15,10.66,10.80,10.42,10.46,44820214,474908128.00
2016/01/18,10.34,10.56,10.30,10.41,42104088,439917824.00
2016/01/19,10.45,10.78,10.41,10.71,50110908,532074688.00
2016/01/20,10.70,10.80,10.44,10.54,60375250,640968960.00
2016/01/21,10.48,10.75,10.32,10.32,60614511,638127872.00
2016/01/22,10.40,10.45,10.22,10.40,46675214,482984448.00
2016/01/25,10.40,10.44,10.33,10.37,37643172,390734880.00
2016/01/26,10.32,10.32,9.86,9.87,64790114,653561600.00
2016/01/27,9.93,9.98,9.60,9.88,56903705,558510656.00
2016/01/28,9.82,9.89,9.65,9.69,30254078,296055328.00
2016/01/29,9.74,10.08,9.69,10.00,54443576,540544448.00
2016/02/01,9.98,10.01,9.74,9.80,41773214,412635648.00
2016/02/02,9.80,10.03,9.78,9.95,36910416,367360512.00
2016/02/03,9.85,9.89,9.77,9.85,27457217,269997824.00
2016/02/04,9.89,10.00,9.88,9.95,37309947,370586176.00
2016/02/05,9.96,9.97,9.91,9.92,27089334,269184384.00
2016/02/15,9.66,9.85,9.65,9.79,27849946,271173376.00
2016/02/16,9.84,10.03,9.83,10.01,42838638,427507776.00
2016/02/17,10.03,10.22,9.99,10.15,58516706,590538944.00
2016/02/18,10.18,10.22,10.09,10.09,40617824,412337568.00
2016/02/19,10.09,10.14,9.99,10.04,31889825,320939648.00
2016/02/22,10.13,10.31,10.06,10.29,61773945,630251520.00
2016/02/23,10.29,10.29,10.05,10.12,42587437,432315296.00
2016/02/24,10.06,10.15,10.01,10.15,30010360,302498016.00
2016/02/25,10.12,10.13,9.60,9.67,62207284,615004736.00
2016/02/26,9.77,9.83,9.66,9.79,39215441,382634656.00
2016/02/29,9.79,9.81,9.42,9.56,56689639,542184000.00
2016/03/01,9.62,9.77,9.58,9.70,37791080,365149024.00
2016/03/02,9.75,10.13,9.72,10.10,67661373,673626240.00
2016/03/03,10.09,10.18,10.04,10.11,55308940,559045184.00
2016/03/04,10.09,10.50,10.07,10.40,138124907,1429273088.00
2016/03/07,10.35,10.49,10.30,10.34,60635297,630155584.00
2016/03/08,10.36,10.36,9.94,10.28,64315646,650471616.00
2016/03/09,10.14,10.22,10.04,10.17,32590065,330124896.00
数据来源:通达信
