002243 通产丽星 日线 前复权
      日期	    开盘	    最高	    最低	    收盘	    成交量	    成交额
2011/01/04,14.22,14.40,13.86,14.29,1894634,27081908.00
2011/01/05,14.24,14.31,14.07,14.09,1119025,16057775.00
2011/01/06,14.08,14.09,13.67,13.74,1542220,21591926.00
2011/01/07,13.74,13.90,13.66,13.73,1232088,17174440.00
2011/01/10,13.73,13.89,13.44,13.44,1299732,18057520.00
2011/01/11,13.29,13.44,12.84,13.06,1802864,23868144.00
2011/01/12,13.14,13.19,12.96,13.17,1010681,13360748.00
2011/01/13,13.16,13.30,12.82,13.17,767888,10233737.00
2011/01/14,13.18,13.21,12.84,12.87,938220,12402806.00
2011/01/17,12.84,12.84,12.39,12.50,1670381,21312992.00
2011/01/18,12.34,12.60,12.34,12.57,787891,9961501.00
2011/01/19,12.66,13.09,12.46,12.96,772393,10029688.00
2011/01/20,12.89,13.09,12.65,12.78,944755,12283059.00
2011/01/21,12.68,12.92,12.68,12.78,751949,9741088.00
2011/01/24,12.84,12.87,12.64,12.64,754271,9718916.00
2011/01/25,12.64,12.74,12.29,12.36,607995,7635634.00
2011/01/26,12.34,12.58,12.34,12.49,588665,7435913.50
2011/01/27,12.52,12.72,12.24,12.69,959906,12162578.00
2011/01/28,12.62,12.79,12.59,12.67,584725,7503606.00
2011/01/31,12.67,12.87,12.54,12.84,1301035,16848456.00
2011/02/01,12.89,13.29,12.80,13.19,2289916,30352560.00
2011/02/09,13.04,13.28,12.95,13.05,937474,12434714.00
2011/02/10,13.08,13.60,13.04,13.44,1820403,24593002.00
2011/02/11,13.46,13.79,13.39,13.52,2039309,28099462.00
2011/02/14,13.53,13.95,13.41,13.84,3037899,41995344.00
2011/02/15,13.85,14.33,13.83,13.99,2986449,42500184.00
2011/02/16,13.99,14.30,13.80,14.29,2529708,35980276.00
2011/02/17,14.27,14.82,14.15,14.81,4810689,71203240.00
2011/02/21,14.64,15.94,14.64,15.71,11997557,189956528.00
2011/02/22,15.64,16.03,15.19,15.54,7613926,119725016.00
2011/02/23,15.43,15.91,15.24,15.89,5211286,82362672.00
2011/02/24,15.89,16.83,15.59,15.75,6106067,100236504.00
2011/02/25,15.67,15.94,15.37,15.84,2915321,46059856.00
2011/02/28,15.84,16.65,15.49,16.55,4690928,77332952.00
2011/03/01,16.60,16.84,16.34,16.82,3490242,58654188.00
2011/03/02,16.64,16.94,16.26,16.72,2806422,46901760.00
2011/03/03,16.69,16.79,16.05,16.22,5155280,84946288.00
2011/03/04,16.23,17.82,16.18,17.23,7101064,122060544.00
2011/03/07,17.34,17.69,17.02,17.49,7261092,127260432.00
2011/03/08,17.44,17.62,16.77,17.22,4755527,82076392.00
2011/03/09,17.19,17.19,16.50,16.53,4634606,77990880.00
2011/03/10,16.27,16.54,15.94,16.24,4576233,74768432.00
2011/03/11,16.12,16.74,16.05,16.37,3658337,60785240.00
2011/03/14,16.33,16.64,16.09,16.34,2883319,47539076.00
2011/03/15,16.36,16.69,15.89,16.51,5311548,87651696.00
2011/03/16,16.72,16.80,16.36,16.55,2469949,41268364.00
2011/03/17,16.47,16.47,15.89,16.02,2368780,38501420.00
2011/03/18,16.14,16.19,15.54,15.97,2445744,39063728.00
2011/03/21,15.97,16.86,15.86,16.81,5077521,84613136.00
2011/03/22,16.81,16.94,16.34,16.74,3350671,56237640.00
2011/03/23,16.44,17.32,16.42,17.02,4309573,74020752.00
2011/03/24,17.02,17.19,16.75,16.94,1582744,27043452.00
2011/03/25,17.23,17.23,16.60,16.61,2977606,50463900.00
2011/03/28,16.60,16.94,16.55,16.67,2062322,34797816.00
2011/03/29,16.72,16.72,16.13,16.40,2779087,45775788.00
2011/03/30,16.34,16.51,15.84,15.90,1699946,27429298.00
2011/03/31,15.94,16.21,15.45,15.70,1650986,26229620.00
2011/04/01,15.57,15.83,15.54,15.57,891255,14118721.00
2011/04/06,15.59,15.74,15.24,15.44,1533388,23839356.00
2011/04/07,15.44,15.49,15.19,15.48,1775870,27524734.00
2011/04/08,15.44,16.04,15.41,15.87,1776130,28306992.00
2011/04/11,15.87,15.99,15.19,15.24,2283171,35670728.00
2011/04/12,15.39,15.60,15.09,15.33,2037049,31447894.00
2011/04/13,15.32,16.60,15.24,16.13,4350578,70252280.00
2011/04/14,16.04,16.31,15.99,16.10,1352229,21990476.00
2011/04/18,16.19,16.59,15.92,16.07,3267153,53527456.00
2011/04/19,16.07,16.14,15.46,15.99,2160436,34449152.00
2011/04/20,15.99,16.14,15.90,16.09,1106666,17870186.00
2011/04/21,16.14,16.69,15.98,16.61,3955874,65711164.00
2011/04/22,16.55,16.70,16.31,16.64,2213336,36870084.00
2011/04/25,16.54,16.83,16.04,16.18,1653670,27221662.00
2011/04/26,16.34,16.34,15.49,15.88,1717730,27505290.00
2011/04/27,15.83,15.94,15.10,15.45,1614750,25255392.00
2011/04/28,15.44,15.45,14.33,14.33,1283949,19233028.00
2011/04/29,14.24,14.62,14.12,14.36,871962,12700943.00
2011/05/03,14.43,15.10,14.39,15.09,1212600,18053126.00
2011/05/04,14.91,15.08,14.70,14.90,817244,12257087.00
2011/05/05,14.72,15.07,14.71,14.98,627180,9462170.00
2011/05/06,14.82,15.24,14.77,15.14,1154628,17488856.00
2011/05/09,14.99,15.29,14.99,15.13,505089,7718026.00
2011/05/10,15.04,15.24,15.04,15.17,547319,8382254.00
2011/05/11,15.32,15.39,15.04,15.19,573952,8792721.00
2011/05/12,15.22,15.81,15.19,15.38,1479033,23205702.00
2011/05/13,15.49,15.63,14.94,15.07,970880,14909191.00
2011/05/16,15.49,15.49,15.02,15.05,555680,8502981.00
2011/05/17,15.04,15.12,14.59,14.59,1166487,17488084.00
2011/05/18,14.56,14.86,14.44,14.84,751728,11186214.00
2011/05/19,14.84,14.94,14.69,14.70,622941,9329721.00
2011/05/20,14.63,14.81,14.41,14.57,966741,14236258.00
2011/05/23,14.44,14.47,13.70,13.73,1204903,16964262.00
2011/05/24,13.69,13.80,13.44,13.80,976019,13498781.00
2011/05/25,13.72,13.84,13.26,13.33,747109,10181143.00
2011/05/26,13.34,13.63,13.33,13.49,787964,10799801.00
2011/05/27,13.50,13.71,13.21,13.42,753378,10276370.00
2011/05/30,13.48,13.56,13.29,13.52,483599,6582721.50
2011/05/31,13.54,13.83,13.54,13.82,372401,5156554.50
2011/06/01,13.83,13.84,13.65,13.83,319710,4449401.00
2011/06/02,13.75,13.75,13.49,13.62,619765,8534728.00
2011/06/03,13.62,14.34,13.60,14.04,810937,11558659.00
2011/06/07,14.04,14.27,13.95,14.27,532693,7620844.50
2011/06/09,14.22,14.34,13.94,13.95,493082,7046590.50
2011/06/10,13.99,14.09,13.80,14.05,537690,7546763.50
2011/06/13,14.05,14.09,13.80,14.06,233650,3313236.50
2011/06/14,14.14,14.29,14.03,14.16,432149,6193710.00
2011/06/15,14.21,14.44,13.99,13.99,499400,7169698.00
2011/06/16,14.14,14.17,13.58,13.64,738500,10269081.00
2011/06/17,13.64,13.74,13.44,13.44,436520,5986679.00
2011/06/20,13.45,13.63,13.34,13.44,556550,7596211.50
2011/06/21,13.44,13.83,13.37,13.83,562700,7732901.00
2011/06/22,13.83,13.83,13.54,13.70,322109,4464532.00
2011/06/23,13.54,14.08,13.54,14.02,1208278,16907236.00
2011/06/24,13.93,14.64,13.93,14.64,1671468,24232672.00
2011/06/27,14.62,14.66,14.29,14.66,3216099,46938228.00
2011/06/28,14.54,14.54,14.11,14.24,2937882,42299456.00
2011/06/29,14.14,14.30,13.71,13.72,1797352,25481574.00
2011/06/30,13.69,14.14,13.65,14.03,1412517,19871158.00
2011/07/01,14.14,14.19,13.99,14.12,1144193,16283565.00
2011/07/04,14.14,14.50,14.14,14.25,1959666,28374086.00
2011/07/05,14.25,14.64,14.16,14.50,1677360,24523032.00
2011/07/06,14.45,14.86,14.35,14.86,2294024,34029956.00
2011/07/07,14.83,15.09,14.54,14.59,1829809,27291036.00
2011/07/08,14.54,14.83,14.45,14.75,1461947,21685466.00
2011/07/11,14.74,14.86,14.68,14.76,897225,13402192.00
2011/07/12,14.75,14.76,14.22,14.27,949750,13868345.00
2011/07/13,14.24,14.51,14.24,14.34,762524,11107008.00
2011/07/14,14.44,14.68,14.40,14.62,775863,11421332.00
2011/07/15,14.73,14.84,14.55,14.80,1172552,17457886.00
2011/07/18,14.82,15.39,14.74,15.31,3364580,51677632.00
2011/07/19,15.23,15.29,14.89,14.93,1561497,23723184.00
2011/07/20,15.05,15.25,14.93,15.06,1148861,17444752.00
2011/07/21,15.06,15.27,14.75,14.77,2000129,30283190.00
2011/07/22,14.74,14.94,14.53,14.72,727351,10780184.00
2011/07/25,14.75,14.92,14.19,14.35,1944879,28640460.00
2011/07/26,14.34,14.51,14.18,14.44,632671,9142341.00
2011/07/27,14.43,14.83,14.24,14.74,1372923,20266008.00
2011/07/28,14.72,14.73,14.39,14.54,1049382,15445730.00
2011/07/29,14.59,15.02,14.45,14.99,2906398,43420912.00
2011/08/01,14.99,15.04,14.69,14.99,1447266,21760864.00
2011/08/02,14.85,15.01,14.54,14.70,709129,10485424.00
2011/08/03,14.51,14.89,14.38,14.71,847671,12651514.00
2011/08/04,14.85,14.88,14.69,14.78,517880,7744561.50
2011/08/05,14.24,14.74,14.14,14.74,1286975,18682482.00
2011/08/08,14.39,14.39,13.49,14.00,1051548,14919629.00
2011/08/09,13.76,14.13,12.89,13.87,1873690,25759314.00
2011/08/10,14.14,14.40,13.79,14.29,1525003,21768180.00
2011/08/11,13.99,14.32,13.86,14.22,798607,11426277.00
2011/08/12,14.68,14.68,14.24,14.38,633520,9257222.00
2011/08/15,14.43,14.66,14.27,14.65,1038711,15255127.00
2011/08/16,14.65,14.82,14.46,14.49,524700,7789245.00
2011/08/17,14.54,14.65,14.34,14.34,461680,6729812.00
2011/08/18,14.42,14.49,13.86,13.98,606135,8630432.00
2011/08/19,13.84,14.14,13.42,13.94,477220,6658859.50
2011/08/22,13.76,14.03,13.65,13.70,461400,6452082.00
2011/08/23,13.93,14.04,13.64,14.03,287190,4028635.00
2011/08/24,14.16,14.36,13.92,14.08,256865,3648942.25
2011/08/25,14.15,14.23,13.96,14.23,625090,8902846.00
2011/08/26,14.05,14.19,13.99,14.01,442783,6302113.00
2011/08/29,13.99,14.84,13.78,14.83,2801634,41020344.00
2011/08/30,14.72,15.12,14.59,14.97,4105296,61848900.00
2011/08/31,14.96,14.96,14.50,14.61,1027892,15244558.00
2011/09/01,14.70,15.03,14.56,14.62,714014,10654742.00
2011/09/02,14.62,14.72,14.19,14.36,661600,9598511.00
2011/09/05,14.16,14.34,13.88,14.10,513044,7322600.00
2011/09/06,13.87,14.12,13.87,14.01,240610,3411664.50
2011/09/07,14.09,14.19,13.89,14.14,599364,8519253.00
2011/09/08,14.28,14.64,14.02,14.64,1322144,19253872.00
2011/09/09,14.44,14.51,13.49,13.51,4642492,65347252.00
2011/09/13,12.92,13.78,12.69,13.68,2240836,29746314.00
2011/09/14,13.62,13.62,13.05,13.24,875443,11724731.00
2011/09/15,13.23,13.35,12.99,13.04,594010,7919764.50
2011/09/19,12.89,13.20,12.82,13.01,347015,4556465.00
2011/09/20,12.84,13.69,12.69,13.18,381254,5075752.00
2011/09/21,13.09,13.46,13.02,13.41,480115,6484477.00
2011/09/22,13.37,13.37,12.86,12.92,374006,4946545.00
2011/09/23,12.77,12.97,12.72,12.80,472217,6110627.00
2011/09/26,12.82,12.89,12.66,12.72,473437,6094688.50
2011/09/27,12.72,12.89,12.56,12.69,331352,4269442.00
2011/09/28,12.74,12.80,12.24,12.34,292380,3731456.00
2011/09/29,12.29,12.34,11.84,11.87,406210,4944425.50
2011/09/30,11.93,12.13,11.54,11.78,610215,7240791.00
2011/10/10,11.84,12.29,11.68,12.24,524702,6368003.00
2011/10/11,12.44,12.49,11.80,11.85,669930,8145041.50
2011/10/12,11.65,12.14,11.65,12.08,923656,11201918.00
2011/10/13,12.04,12.18,11.94,12.11,487409,5967620.00
2011/10/14,12.19,12.19,11.84,11.94,438588,5319728.00
2011/10/17,11.81,12.17,11.80,12.04,392830,4796456.50
2011/10/18,12.15,12.15,11.64,11.65,627788,7479089.50
2011/10/19,11.65,11.65,11.40,11.64,460255,5378508.50
2011/10/20,11.54,11.64,11.33,11.59,687600,8011874.00
2011/10/21,11.61,11.61,11.09,11.14,725735,8352781.50
2011/10/24,11.14,11.34,10.88,11.34,738763,8315220.00
2011/10/25,11.24,11.92,11.04,11.84,1408721,16508121.00
2011/10/26,11.74,11.98,11.61,11.77,1485276,17796008.00
2011/10/27,11.72,11.84,11.29,11.69,1380200,16132409.00
2011/10/28,11.71,11.84,11.54,11.83,1931973,22881034.00
2011/10/31,11.85,11.85,11.67,11.78,700431,8357774.00
2011/11/01,11.68,11.84,11.53,11.66,969261,11472903.00
2011/11/02,11.52,11.73,11.33,11.73,760202,8866226.00
2011/11/03,11.83,12.17,11.76,11.96,2185502,26534334.00
2011/11/04,12.00,12.14,11.94,12.02,1058999,12911808.00
2011/11/07,12.02,12.02,11.82,11.89,1450266,17486420.00
2011/11/09,11.81,11.89,11.50,11.83,2417502,28688212.00
2011/11/10,11.83,12.32,11.76,12.07,3804048,46361692.00
2011/11/11,12.08,12.08,11.64,11.72,2243476,26807280.00
2011/11/14,11.76,11.94,11.72,11.91,2722512,32756000.00
2011/11/15,11.96,12.04,11.84,11.92,2485911,30050822.00
2011/11/16,11.95,12.11,11.50,11.58,2591069,31107106.00
2011/11/17,11.44,11.54,11.05,11.26,3104461,35445544.00
2011/11/18,11.15,11.19,10.53,10.56,2956872,32442610.00
2011/11/21,10.60,10.79,10.39,10.79,1231406,13287270.00
2011/11/22,10.68,10.78,10.33,10.44,2043743,21745194.00
2011/11/23,10.48,10.57,10.32,10.44,1017126,10778974.00
2011/11/24,10.34,10.49,9.94,10.44,3162279,32572848.00
2011/11/25,10.27,10.65,10.04,10.36,3924225,41304268.00
2011/11/28,10.30,10.40,10.12,10.13,1593426,16521188.00
2011/11/29,10.20,10.49,10.11,10.43,3924062,41081072.00
2011/11/30,10.40,10.54,9.85,9.95,2904152,30217614.00
2011/12/01,10.30,10.37,10.12,10.13,2291161,23820322.00
2011/12/02,10.17,10.17,9.88,9.97,1204892,12200169.00
2011/12/05,9.97,10.34,9.84,9.84,2875169,29538914.00
2011/12/06,9.75,9.77,9.26,9.46,2035767,19584398.00
2011/12/07,9.47,9.56,9.34,9.41,945178,9069036.00
2011/12/08,9.41,9.48,9.04,9.32,895433,8469606.00
2011/12/09,9.17,9.29,8.97,9.13,1460011,13533639.00
2011/12/12,9.04,9.16,8.80,8.89,1454480,13202905.00
2011/12/13,8.79,8.88,8.43,8.48,2054068,17821682.00
2011/12/14,8.49,8.61,8.36,8.38,930824,8059148.50
2011/12/15,8.31,8.41,8.00,8.08,1749090,14514241.00
2011/12/16,8.04,8.33,8.01,8.30,1047694,8721472.00
2011/12/19,8.30,8.32,8.04,8.27,1221251,10196630.00
2011/12/20,8.16,8.38,8.16,8.26,1345904,11377966.00
2011/12/22,7.87,8.02,7.42,7.86,3424757,27048990.00
2011/12/23,7.81,8.03,7.70,7.99,1155567,9347983.00
2011/12/26,7.94,8.05,7.83,7.89,712945,5781117.50
2011/12/27,7.95,7.95,7.54,7.57,630105,4958878.00
2011/12/28,7.52,7.72,7.49,7.63,681399,5274111.00
2011/12/29,7.63,8.22,7.55,7.94,1422512,11548502.00
2011/12/30,7.97,8.11,7.90,8.02,722271,5910040.50
2012/01/04,8.22,8.22,7.98,7.98,900696,7385457.50
2012/01/05,7.85,7.93,7.36,7.67,1566486,12147132.00
2012/01/06,7.67,7.69,7.19,7.66,942311,7181203.50
2012/01/09,7.56,7.95,7.46,7.94,1199082,9545325.00
2012/01/10,8.00,8.32,7.92,8.27,2003363,16640999.00
2012/01/11,8.24,8.63,8.17,8.56,3880445,33549794.00
2012/01/12,8.44,8.62,8.34,8.46,1338068,11536889.00
2012/01/13,8.46,8.59,8.09,8.09,1323280,11111196.00
2012/01/16,7.95,8.04,7.74,7.76,589890,4758841.50
2012/01/17,7.79,8.38,7.71,8.36,1371914,11289512.00
2012/01/18,8.36,8.56,8.14,8.23,1462425,12469366.00
2012/01/19,8.23,8.51,8.12,8.38,967089,8253069.00
2012/01/20,8.40,8.71,8.35,8.59,1193818,10402120.00
2012/01/30,8.61,8.79,8.34,8.65,2263599,20062238.00
2012/01/31,8.64,8.67,8.44,8.60,1108344,9634808.00
2012/02/01,8.60,8.79,8.54,8.76,1612452,14340831.00
2012/02/02,8.80,8.81,8.59,8.79,972361,8627211.00
2012/02/03,8.72,8.97,8.71,8.89,1652781,14855292.00
2012/02/06,8.90,9.09,8.84,9.00,3021804,27657442.00
2012/02/07,8.96,8.96,8.70,8.77,1260302,11251487.00
2012/02/08,8.75,9.02,8.75,8.94,1896530,17096868.00
2012/02/09,8.89,9.16,8.86,9.02,1488990,13693031.00
2012/02/10,8.94,9.25,8.82,9.24,1812930,16881256.00
2012/02/13,9.19,9.39,9.07,9.36,1164219,10974143.00
2012/02/14,9.32,9.66,9.19,9.51,2846252,27313770.00
2012/02/15,9.52,9.98,9.44,9.91,2528899,25110896.00
2012/02/16,9.91,10.11,9.78,9.89,1974623,19919998.00
2012/02/17,9.89,9.95,9.63,9.84,1161136,11510508.00
2012/02/20,9.95,9.99,9.75,9.94,1969144,19743314.00
2012/02/21,9.85,10.12,9.42,10.03,7732341,77465992.00
2012/02/22,10.02,11.04,9.72,10.78,11500270,120425248.00
2012/02/23,10.86,11.04,10.56,10.89,6999493,76616608.00
2012/02/24,10.91,11.01,10.70,10.95,6864699,75519256.00
2012/02/27,10.99,11.02,10.49,10.49,14600978,158050400.00
2012/02/28,10.29,10.36,9.79,9.94,7238544,73736392.00
2012/02/29,9.88,9.99,9.81,9.91,2030142,20415726.00
2012/03/01,9.92,9.97,9.86,9.94,1604573,16172946.00
2012/03/02,9.94,10.03,9.88,10.00,2700226,27330878.00
2012/03/05,10.00,10.04,9.75,9.76,4548621,45632752.00
2012/03/06,9.76,9.76,9.34,9.44,4102496,39663652.00
2012/03/07,9.33,9.52,9.25,9.51,3209853,30827122.00
2012/03/08,9.51,9.66,9.48,9.62,2658286,25879378.00
2012/03/09,9.66,9.80,9.63,9.75,2138917,21126826.00
2012/03/12,9.79,9.80,9.62,9.69,2398817,23639666.00
2012/03/13,9.70,9.82,9.69,9.81,2727494,27078408.00
2012/03/14,9.90,9.93,9.19,9.24,4337631,42618636.00
2012/03/15,9.15,9.28,8.95,9.22,3362848,31144250.00
2012/03/19,9.35,9.42,9.22,9.35,2213771,20981812.00
2012/03/20,9.35,9.40,8.99,9.05,1707631,15988909.00
2012/03/21,9.11,9.18,8.97,9.11,1617462,14940058.00
2012/03/22,9.11,9.16,8.99,9.06,1656427,15275200.00
2012/03/23,9.04,9.04,8.83,8.84,1889131,17181018.00
2012/03/26,8.80,8.94,8.76,8.85,831809,7505283.00
2012/03/27,8.90,8.94,8.71,8.76,1372252,12340968.00
2012/03/28,8.65,8.72,8.20,8.23,1859911,15888804.00
2012/03/29,8.15,8.22,7.96,8.00,1035408,8532082.00
2012/03/30,8.02,8.06,7.75,7.83,1368049,10975902.00
2012/04/05,7.84,8.19,7.84,8.19,2084887,17067618.00
2012/04/06,8.19,8.28,8.12,8.17,1539549,12848006.00
2012/04/09,8.17,8.51,8.09,8.29,5149350,43729928.00
2012/04/11,8.35,8.69,8.26,8.64,5300048,46065996.00
2012/04/12,8.63,8.72,8.54,8.72,3670687,32320752.00
2012/04/13,8.71,8.99,8.67,8.87,4711050,42543460.00
2012/04/16,8.82,8.83,8.67,8.76,1770183,15763339.00
2012/04/17,8.76,8.81,8.60,8.69,1769317,15682773.00
2012/04/18,8.68,8.90,8.67,8.89,2060484,18532884.00
2012/04/19,8.93,8.93,8.59,8.75,2410494,21460068.00
2012/04/20,8.68,8.79,8.64,8.70,2854800,25303062.00
2012/04/23,8.52,8.78,8.47,8.76,4437612,38962340.00
2012/04/24,8.72,9.14,8.64,8.91,6699340,60352052.00
2012/04/25,8.84,8.96,8.54,8.94,3939779,35156844.00
2012/04/26,8.94,9.44,8.85,9.27,12738507,118724488.00
2012/04/27,9.24,9.41,8.50,8.70,10553063,97667488.00
2012/05/02,8.63,8.63,8.24,8.46,5965476,51278288.00
2012/05/03,8.43,8.55,8.36,8.54,1680436,14545137.00
2012/05/04,8.55,8.65,8.45,8.53,2675078,23241244.00
2012/05/07,8.51,8.65,8.41,8.64,1824450,15852615.00
2012/05/08,8.59,8.79,8.58,8.78,3140254,27776620.00
2012/05/09,8.76,8.76,8.54,8.54,2031508,17868044.00
2012/05/10,8.56,8.93,8.54,8.74,4780533,42604212.00
2012/05/11,8.78,8.79,8.65,8.71,1446446,12833513.00
2012/05/21,8.83,8.84,8.21,8.36,4628060,40202656.00
2012/05/22,8.35,8.40,8.26,8.32,2645726,22429088.00
2012/05/23,8.33,8.39,7.90,8.23,3039764,25309144.00
2012/05/25,8.14,8.37,8.12,8.25,1986173,16759157.00
2012/05/28,8.22,8.34,7.98,8.30,1561704,12973133.00
2012/05/29,8.30,8.43,8.18,8.37,2847798,24172634.00
2012/05/30,8.35,8.50,8.33,8.48,5038323,43346888.00
2012/05/31,8.36,8.65,8.33,8.62,2979661,25838038.00
2012/06/01,8.62,8.66,8.47,8.54,5183473,45371344.00
2012/06/04,8.43,8.51,8.19,8.24,1677628,14321276.00
2012/06/05,8.29,8.37,8.15,8.30,660231,5488299.00
2012/06/06,8.28,8.33,8.10,8.17,878810,7248462.00
2012/06/07,8.27,8.29,7.99,8.04,1202657,9845953.00
2012/06/08,8.17,8.17,7.85,7.85,2165200,17325892.00
2012/06/11,7.91,8.00,7.75,7.90,1926582,15313591.00
2012/06/12,7.92,7.98,7.83,7.93,1071614,8552469.00
2012/06/13,8.01,8.06,7.92,8.05,1058940,8534839.00
2012/06/14,7.99,8.09,7.93,7.94,1094502,8818009.00
2012/06/15,8.00,8.24,7.88,8.19,1772791,14357681.00
2012/06/18,8.17,8.28,8.05,8.18,1355029,11153272.00
2012/06/19,8.17,8.17,8.07,8.09,681498,5559752.50
2012/06/20,8.06,8.23,8.06,8.15,1122098,9200701.00
2012/06/21,8.15,8.16,7.95,8.01,851938,6903109.50
2012/06/25,7.92,8.04,7.82,7.90,1322945,10596502.00
2012/06/26,7.89,8.24,7.75,8.18,2160663,17604584.00
2012/06/27,8.11,8.35,8.11,8.31,2594042,21613958.00
2012/06/28,8.29,8.50,8.25,8.39,2898156,24504684.00
2012/06/29,8.39,8.44,8.29,8.35,1121694,9444974.00
2012/07/02,8.42,8.43,8.22,8.39,1055361,8840232.00
2012/07/03,8.33,8.42,8.18,8.22,1263294,10552386.00
2012/07/04,8.21,8.21,7.87,8.03,2813861,22642120.00
2012/07/05,7.96,8.04,7.54,7.72,1397583,10908802.00
2012/07/06,7.78,7.78,7.44,7.72,1243222,9554623.00
2012/07/09,7.62,7.74,7.61,7.64,754421,5835935.50
2012/07/10,7.60,7.71,7.52,7.58,929397,7128411.50
2012/07/11,7.58,7.65,7.54,7.62,759091,5814330.00
2012/07/12,7.62,7.72,7.59,7.68,840068,6491249.00
2012/07/13,7.67,7.70,7.59,7.63,360058,2776841.75
2012/07/16,7.63,7.71,7.15,7.15,1215297,8936259.00
2012/07/17,7.14,7.15,6.85,6.98,1150822,8065187.00
2012/07/18,6.94,6.98,6.70,6.88,1298183,8946440.00
2012/07/19,6.81,7.03,6.81,6.95,1482321,10383629.00
2012/07/20,6.89,6.99,6.88,6.94,945942,6626875.00
2012/07/23,6.91,6.91,6.77,6.84,368850,2541716.75
2012/07/24,6.77,6.92,6.75,6.90,284801,1976345.88
2012/07/25,6.87,6.98,6.86,6.88,579940,4052024.00
2012/07/26,6.88,6.96,6.85,6.90,324555,2255862.50
2012/07/27,6.90,7.06,6.84,6.93,702905,4939228.50
2012/07/30,6.93,6.97,6.55,6.63,913359,6207921.00
2012/07/31,6.63,6.64,6.16,6.19,1504331,9718042.00
2012/08/01,6.15,6.42,6.14,6.40,1082640,6953086.50
2012/08/02,6.37,6.48,6.33,6.35,515800,3329587.00
2012/08/03,6.43,6.47,6.30,6.44,629335,4060783.75
2012/08/06,6.44,6.59,6.41,6.59,731496,4799293.00
2012/08/07,6.59,6.72,6.54,6.72,989424,6643360.00
2012/08/08,6.72,7.15,6.69,6.92,1996727,14049721.00
2012/08/09,6.89,6.99,6.73,6.91,1405971,9690650.00
2012/08/10,6.91,6.91,6.78,6.82,611447,4214601.50
2012/08/13,6.82,6.82,6.65,6.67,412900,2810917.75
2012/08/14,6.68,6.80,6.60,6.79,684699,4642703.50
2012/08/15,6.76,6.77,6.50,6.71,344545,2336088.00
2012/08/16,6.72,6.72,6.60,6.69,423911,2845600.50
2012/08/17,6.73,6.73,6.62,6.67,248200,1666249.00
2012/08/20,6.64,6.69,6.56,6.69,280415,1876918.00
2012/08/21,6.69,6.83,6.69,6.76,859369,5878375.00
2012/08/22,6.78,7.14,6.78,6.98,1888143,13237145.00
2012/08/23,6.97,7.32,6.85,7.25,3350855,24203742.00
2012/08/24,7.15,7.25,7.04,7.05,2029601,14563874.00
2012/08/27,6.99,7.16,6.99,7.09,997250,7109124.00
2012/08/28,7.10,7.19,7.01,7.15,871859,6237973.00
2012/08/29,7.15,7.19,7.06,7.14,710879,5117968.50
2012/08/30,7.09,7.14,6.82,6.86,1457300,10216391.00
2012/08/31,6.96,6.96,6.83,6.85,451400,3135484.00
2012/09/03,6.82,6.96,6.82,6.93,406089,2834526.50
2012/09/04,7.01,7.02,6.85,6.97,511313,3567054.75
2012/09/05,6.89,7.04,6.85,7.01,638642,4491959.50
2012/09/06,7.07,7.18,6.99,7.12,1040955,7461351.00
2012/09/07,7.18,7.46,7.12,7.34,2681617,19794430.00
2012/09/10,7.34,7.41,7.22,7.31,1646593,12083359.00
2012/09/11,7.29,7.35,7.21,7.35,836953,6153242.50
2012/09/12,7.40,7.52,7.35,7.49,1717477,12886521.00
2012/09/13,7.49,7.55,7.36,7.36,1186942,8928745.00
2012/09/14,7.42,7.44,7.14,7.29,1437347,10530090.00
2012/09/17,7.28,7.28,7.13,7.14,635503,4603552.50
2012/09/18,7.13,7.22,7.04,7.04,660556,4744831.50
2012/09/19,7.07,7.18,7.04,7.14,406200,2916833.00
2012/09/20,7.12,7.19,6.87,6.88,484139,3428016.50
2012/09/21,6.85,6.92,6.64,6.74,499202,3430410.75
2012/09/24,6.65,6.69,6.54,6.64,509200,3394110.00
2012/09/25,6.60,6.73,6.60,6.66,174978,1177815.63
2012/09/26,6.63,6.63,6.51,6.56,282169,1866315.50
2012/09/27,6.53,6.71,6.51,6.63,398681,2672177.50
2012/09/28,6.61,6.73,6.56,6.71,258601,1747613.75
2012/10/08,6.76,6.89,6.72,6.86,357111,2441672.25
2012/10/09,6.82,6.96,6.82,6.95,476492,3328231.00
2012/10/10,6.94,6.99,6.88,6.96,498342,3485262.50
2012/10/11,6.92,6.98,6.81,6.82,340352,2367060.50
2012/10/12,6.83,6.94,6.78,6.83,357754,2476370.50
2012/10/15,6.79,6.85,6.74,6.82,215206,1474658.13
2012/10/16,6.87,7.13,6.82,7.10,1570695,11159426.00
2012/10/17,7.09,7.10,6.96,7.08,844048,5999243.00
2012/10/18,7.09,7.29,7.09,7.22,2197030,15952601.00
2012/10/19,7.19,7.25,7.06,7.14,1021440,7351696.50
2012/10/22,7.04,7.17,6.99,7.15,622390,4471442.00
2012/10/23,7.20,7.22,7.11,7.12,621199,4476452.00
2012/10/24,7.05,7.18,7.05,7.14,428020,3078745.50
2012/10/25,7.08,7.17,6.95,7.10,981707,6993587.00
2012/10/26,7.02,7.08,6.55,6.85,617387,4271957.00
2012/10/29,6.85,6.90,6.75,6.81,357220,2458667.50
2012/10/30,6.79,6.92,6.69,6.69,550400,3764880.50
2012/10/31,6.65,6.77,6.65,6.72,362979,2455720.00
2012/11/01,6.81,6.89,6.70,6.87,578111,3998180.00
2012/11/02,6.82,6.90,6.80,6.89,334100,2307719.00
2012/11/05,6.84,6.89,6.84,6.85,423362,2927879.50
2012/11/06,6.89,6.89,6.66,6.66,1321725,8992000.00
2012/11/07,6.73,6.73,6.61,6.69,559383,3759705.00
2012/11/08,6.62,6.66,6.54,6.55,298838,1988664.13
2012/11/09,6.50,6.60,6.50,6.54,296758,1961204.75
2012/11/12,6.62,6.62,6.55,6.61,238901,1586427.63
2012/11/13,6.60,6.61,6.47,6.47,200700,1324424.00
2012/11/14,6.46,6.56,6.24,6.49,298150,1941485.00
2012/11/15,6.49,6.54,6.38,6.39,218699,1428916.50
2012/11/16,6.43,6.79,6.24,6.58,1048308,6872683.00
2012/11/19,6.58,6.61,6.46,6.58,342965,2252495.25
2012/11/20,6.54,6.60,6.53,6.54,233700,1545434.00
2012/11/21,6.58,6.60,6.46,6.59,391544,2588906.50
2012/11/22,6.54,6.54,6.35,6.49,602848,3933092.75
2012/11/23,6.44,6.64,6.41,6.64,446621,2934418.75
2012/11/26,6.56,6.61,6.52,6.54,194805,1289966.63
2012/11/27,6.60,6.60,6.34,6.37,279699,1809784.00
2012/11/28,6.35,6.35,6.09,6.10,325700,2024368.00
2012/11/29,6.10,6.44,6.06,6.06,1191566,7564432.00
2012/11/30,6.08,6.12,6.04,6.06,492719,3018725.75
2012/12/03,6.05,6.10,5.85,5.94,416499,2520164.00
2012/12/04,5.87,5.94,5.76,5.91,364759,2151024.50
2012/12/05,5.96,6.51,5.90,6.29,1396849,8852514.00
2012/12/06,6.26,6.29,6.19,6.24,284932,1794529.00
2012/12/07,6.24,6.38,6.19,6.31,447970,2855134.50
2012/12/10,6.33,6.39,6.30,6.38,924396,5918595.00
2012/12/11,6.32,6.40,6.26,6.34,839637,5382005.00
2012/12/12,6.38,6.38,6.20,6.26,1019684,6446455.00
2012/12/13,6.17,6.24,6.00,6.03,980383,6079306.00
2012/12/14,6.07,6.31,6.00,6.24,1911257,11961077.00
2012/12/17,6.26,6.35,6.25,6.34,1581914,10077871.00
2012/12/18,6.41,6.44,6.29,6.38,2155468,13885009.00
2012/12/19,6.34,6.42,6.32,6.37,747771,4816003.50
2012/12/20,6.41,6.48,6.37,6.44,1577447,10228121.00
2012/12/21,6.44,6.46,6.33,6.44,2116540,13616363.00
2012/12/24,6.32,6.45,6.29,6.42,1232597,7976572.50
2012/12/25,6.40,6.69,6.40,6.62,2600391,17246558.00
2012/12/26,6.67,6.79,6.57,6.77,2260453,15287388.00
2012/12/27,6.77,6.82,6.61,6.65,1140500,7725389.00
2012/12/28,6.57,6.72,6.57,6.65,1085643,7293239.00
2012/12/31,6.66,6.74,6.53,6.54,2622593,17467040.00
2013/01/04,6.55,6.63,6.49,6.59,1850333,12234272.00
2013/01/07,6.54,6.71,6.50,6.70,2667511,17786590.00
2013/01/08,6.69,6.78,6.62,6.77,2080313,14088930.00
2013/01/09,6.77,6.82,6.70,6.73,2633479,17959130.00
2013/01/10,6.73,6.83,6.69,6.74,2636200,17944134.00
2013/01/11,6.78,6.81,6.51,6.56,3822644,25756022.00
2013/01/14,6.49,6.82,6.49,6.78,4367106,29428410.00
2013/01/15,6.76,7.20,6.75,7.04,7246592,51125040.00
2013/01/16,7.05,7.13,6.89,7.04,5930999,41912480.00
2013/01/17,6.99,7.04,6.90,7.02,1914496,13482590.00
2013/01/18,7.02,7.07,6.94,7.07,1810658,12815021.00
2013/01/21,7.09,7.19,7.02,7.14,2177646,15584787.00
2013/01/22,7.14,7.14,6.83,6.88,3123573,21905050.00
2013/01/23,6.84,6.96,6.79,6.94,2535008,17568432.00
2013/01/24,6.99,6.99,6.71,6.76,2522111,17400004.00
2013/01/25,6.76,6.92,6.71,6.86,1848076,12727444.00
2013/01/28,6.90,7.55,6.90,7.46,9417592,68553968.00
2013/01/29,7.42,7.94,7.29,7.77,10348662,79242672.00
2013/01/30,7.69,7.84,7.59,7.74,8230819,64038888.00
2013/01/31,7.79,7.90,7.58,7.71,5797319,45291380.00
2013/02/01,7.69,8.10,7.64,8.04,12430268,99717976.00
2013/02/04,8.06,8.07,7.78,7.89,6694204,53369452.00
2013/02/05,7.82,7.89,7.65,7.84,3302877,25860560.00
2013/02/06,7.79,7.96,7.75,7.88,5678337,45161272.00
2013/02/07,7.86,7.93,7.78,7.87,899980,7103390.00
2013/02/08,7.84,8.33,7.84,8.24,7052532,57994120.00
2013/02/18,8.16,8.31,8.09,8.23,5333754,44120352.00
2013/02/19,8.28,8.34,8.01,8.02,4011676,32682812.00
2013/02/20,8.03,8.22,7.97,8.15,3503519,28629848.00
2013/02/21,8.15,8.15,7.89,7.95,3409836,27469864.00
2013/02/22,7.89,8.04,7.86,8.00,2131526,17067482.00
2013/02/25,7.95,8.18,7.95,8.13,2452537,19997860.00
2013/02/26,8.08,8.24,8.03,8.16,6789605,55812212.00
2013/02/27,8.16,8.36,8.03,8.09,4224806,34802520.00
2013/02/28,8.09,8.34,8.00,8.18,4991646,40984092.00
2013/03/01,8.24,8.42,8.10,8.36,9272248,77515304.00
2013/03/04,8.34,8.34,8.12,8.17,3018690,24912266.00
2013/03/05,8.19,8.43,8.08,8.29,7388801,61503300.00
2013/03/06,8.26,8.54,8.25,8.52,7604874,64426140.00
2013/03/07,8.47,8.73,8.38,8.44,9651895,83332128.00
2013/03/08,8.41,8.89,8.38,8.84,21584442,189746480.00
2013/03/11,8.76,8.76,8.42,8.44,9551888,82111368.00
2013/03/12,8.30,8.52,8.04,8.28,7377369,61149872.00
2013/03/13,8.20,8.34,8.09,8.29,2647992,21976624.00
2013/03/14,8.26,8.64,8.05,8.46,9306604,78561984.00
2013/03/15,8.40,8.69,8.38,8.45,12008421,102709784.00
2013/03/18,8.32,8.54,8.10,8.12,6468746,54409864.00
2013/03/19,8.05,8.23,7.84,7.99,4145354,33414742.00
2013/03/20,7.95,8.13,7.92,8.03,3639592,29456676.00
2013/03/21,8.04,8.15,8.00,8.04,3752764,30506020.00
2013/03/22,8.08,8.12,7.96,8.09,2790204,22594654.00
2013/03/25,8.15,8.39,8.03,8.36,13372614,111089624.00
2013/03/26,8.28,8.56,8.26,8.33,9659207,81619560.00
2013/03/27,8.31,8.54,8.27,8.34,12140555,103033200.00
2013/03/28,8.30,8.38,8.08,8.14,5726295,47517640.00
2013/03/29,8.14,8.39,8.14,8.32,8602323,71832936.00
2013/04/01,8.35,8.40,8.13,8.19,2767463,22881970.00
2013/04/02,8.19,8.24,7.99,8.12,3736877,30366460.00
2013/04/03,8.08,8.22,8.04,8.09,1540414,12558408.00
2013/04/08,7.98,8.11,7.90,8.05,1745593,13980948.00
2013/04/09,8.02,8.35,8.01,8.22,7069316,57824212.00
2013/04/10,8.27,8.30,8.15,8.18,2215461,18277786.00
2013/04/11,8.17,8.19,8.07,8.09,1222066,9939210.00
2013/04/12,8.06,8.47,8.06,8.25,6972385,57586064.00
2013/04/15,8.20,8.41,8.17,8.22,7103055,58872924.00
2013/04/16,8.17,8.50,8.14,8.43,11393125,95393840.00
2013/04/17,8.40,8.61,8.35,8.51,9027301,76741704.00
2013/04/18,8.40,8.62,8.36,8.39,8289102,70099936.00
2013/04/19,8.40,8.44,8.23,8.32,8030773,66946888.00
2013/04/22,8.25,8.40,8.09,8.27,5421275,44803868.00
2013/04/23,8.22,8.27,8.01,8.09,2886917,23476642.00
2013/04/24,8.12,8.65,8.03,8.46,15564353,130550920.00
2013/04/25,8.39,8.54,8.24,8.24,6346405,53250912.00
2013/04/26,8.21,8.42,7.90,7.91,7558747,62311012.00
2013/05/02,7.79,8.01,7.66,7.95,2773811,21704536.00
2013/05/03,7.92,8.41,7.92,8.28,5421652,44770832.00
2013/05/06,8.32,8.44,8.20,8.23,10614124,88012712.00
2013/05/07,8.22,8.35,8.05,8.09,9596548,79127336.00
2013/05/08,8.04,8.18,7.91,7.97,4511609,36202152.00
2013/05/09,7.99,8.00,7.72,7.97,3450867,27185672.00
2013/05/10,7.89,8.09,7.85,8.01,2959066,23679450.00
2013/05/13,8.01,8.14,7.98,8.10,8488813,68754280.00
2013/05/14,8.08,8.19,7.99,8.10,3192867,25886990.00
2013/05/15,8.11,8.56,8.08,8.26,12558412,105424208.00
2013/05/16,8.26,8.39,8.21,8.33,6157373,51345948.00
2013/05/17,8.35,8.50,8.15,8.32,10370487,86179520.00
2013/05/20,8.28,8.41,8.24,8.27,10258630,85534896.00
2013/05/21,8.27,8.33,8.16,8.27,9454228,78179216.00
2013/05/22,8.27,8.31,7.93,7.95,11545261,93957696.00
2013/05/23,7.87,7.96,7.62,7.74,12299071,96034312.00
2013/05/24,7.75,7.83,7.70,7.79,4031792,31460770.00
2013/05/27,7.81,7.82,7.65,7.70,5810395,44949840.00
2013/05/28,7.69,7.84,7.65,7.82,5236556,40868260.00
2013/05/29,7.82,7.84,7.76,7.82,3272161,25590518.00
2013/05/30,7.82,7.92,7.80,7.89,5265836,41645428.00
2013/05/31,7.91,7.91,7.69,7.69,3881969,30439102.00
2013/06/03,7.69,7.73,7.65,7.72,1777206,13713273.00
2013/06/04,7.71,7.77,7.35,7.37,4758536,36059076.00
2013/06/05,7.40,7.41,7.32,7.40,1601120,11862021.00
2013/06/06,7.40,7.40,7.05,7.05,3160997,22895898.00
2013/06/07,7.10,7.18,6.98,7.05,2659019,18866986.00
2013/06/13,7.03,7.03,6.60,6.71,2083189,14112415.00
2013/06/14,6.72,6.84,6.71,6.81,1520151,10338736.00
2013/06/17,6.89,6.89,6.77,6.79,1340384,9173830.00
2013/06/18,6.80,6.85,6.74,6.77,1482559,10111368.00
2013/06/19,6.73,6.97,6.69,6.90,3160495,21840306.00
2013/06/20,6.88,6.89,6.57,6.58,1927334,13064315.00
2013/06/21,6.48,6.61,6.47,6.56,1553677,10224868.00
2013/06/24,6.62,6.63,5.90,5.96,3815559,23316044.00
2013/06/25,5.87,5.98,5.37,5.77,3918928,22190082.00
2013/06/26,5.77,5.87,5.62,5.82,2281260,13276531.00
2013/06/27,5.88,5.92,5.68,5.70,2194441,12843025.00
2013/06/28,5.70,5.77,5.53,5.70,2442498,13922451.00
2013/07/01,5.68,5.77,5.62,5.76,1208508,6940099.50
2013/07/02,5.81,5.86,5.72,5.85,1640505,9569841.00
2013/07/03,5.84,5.84,5.68,5.79,1622621,9390247.00
2013/07/04,5.77,5.89,5.65,5.85,2233182,12995502.00
2013/07/05,5.86,5.97,5.85,5.85,1628414,9677287.00
2013/07/08,5.81,5.81,5.65,5.65,1683255,9690720.00
2013/07/09,5.54,5.70,5.53,5.67,928134,5262277.50
2013/07/10,5.63,5.80,5.61,5.80,1830579,10529712.00
2013/07/11,5.80,6.03,5.78,5.97,2908886,17354666.00
2013/07/12,5.97,6.05,5.87,5.92,2607137,15671981.00
2013/07/15,5.92,6.04,5.87,6.02,2051877,12346985.00
2013/07/16,6.00,6.07,5.91,6.04,1963670,11823813.00
2013/07/17,6.02,6.06,5.95,5.99,1662825,10032843.00
2013/07/18,6.04,6.04,5.89,5.91,1355931,8093301.00
2013/07/19,5.92,5.99,5.74,5.74,2091424,12356248.00
2013/07/22,5.74,5.80,5.64,5.76,1476532,8520212.00
2013/07/23,5.77,6.13,5.75,6.09,3983466,24037832.00
2013/07/24,6.02,6.20,6.01,6.08,2903216,17771844.00
2013/07/25,6.08,6.10,5.96,5.98,1637570,9924399.00
2013/07/26,5.98,6.03,5.90,5.97,1367234,8197231.50
2013/07/29,5.97,5.97,5.79,5.79,1692058,9906172.00
2013/07/30,5.83,5.86,5.76,5.82,1212767,7077724.50
2013/07/31,5.81,5.92,5.81,5.90,1323953,7844724.50
2013/08/01,5.84,6.05,5.84,6.04,2089052,12620055.00
2013/08/02,6.07,6.08,5.97,6.04,2632618,15989950.00
2013/08/05,6.07,6.15,6.01,6.12,2098251,12859877.00
2013/08/06,6.14,6.18,6.07,6.17,2171771,13397850.00
2013/08/07,6.12,6.26,6.11,6.15,3125320,19426768.00
2013/08/08,6.17,6.17,6.07,6.11,1834007,11267449.00
2013/08/09,6.14,6.16,6.04,6.15,1732172,10636018.00
2013/08/12,6.16,6.26,6.11,6.24,2544812,15873737.00
2013/08/13,6.23,6.36,6.21,6.36,2905506,18382776.00
2013/08/14,6.34,6.39,6.23,6.26,2424777,15344426.00
2013/08/15,6.24,6.30,6.17,6.19,1447709,9079695.00
2013/08/16,6.15,6.32,6.04,6.06,2695324,16672260.00
2013/08/19,6.03,6.16,6.00,6.13,1236130,7590617.00
2013/08/20,6.15,6.20,6.10,6.13,1115298,6889867.50
2013/08/21,6.14,6.21,6.08,6.19,1125637,6952754.50
2013/08/22,6.16,6.28,6.14,6.26,1938880,12155822.00
2013/08/23,6.27,6.30,6.03,6.16,2218945,13730540.00
2013/08/26,6.16,6.55,6.14,6.42,5339038,34172540.00
2013/08/27,6.42,6.45,6.33,6.40,2667708,17119970.00
2013/08/28,6.36,6.50,6.34,6.39,3449239,22203856.00
2013/08/29,6.39,6.47,6.27,6.28,2752650,17523066.00
2013/08/30,6.27,6.39,6.26,6.32,2056154,13083445.00
2013/09/02,6.31,6.56,6.16,6.54,5719597,36551668.00
2013/09/03,6.51,7.02,6.46,7.02,15845285,108353448.00
2013/09/04,6.87,7.17,6.70,6.74,16204147,112374328.00
2013/09/05,6.70,6.75,6.58,6.60,5332639,35617492.00
2013/09/06,6.62,6.68,6.58,6.66,3403918,22707394.00
2013/09/09,6.68,6.70,6.62,6.67,2850172,19047792.00
2013/09/10,6.67,6.71,6.62,6.65,3216894,21514988.00
2013/09/11,6.65,6.68,6.49,6.52,3986459,26282484.00
2013/09/12,6.50,6.64,6.50,6.59,2335200,15480795.00
2013/09/13,6.59,6.69,6.58,6.65,2141642,14259892.00
2013/09/16,6.65,6.68,6.59,6.61,1542101,10261301.00
2013/09/17,6.64,6.64,6.40,6.42,2059587,13496674.00
2013/09/18,6.42,6.52,6.39,6.47,1139343,7385865.00
2013/09/23,6.45,6.59,6.45,6.56,1297467,8528494.00
2013/09/24,6.58,6.60,6.48,6.53,1473724,9667032.00
2013/09/25,6.56,6.61,6.51,6.52,1560563,10271859.00
2013/09/26,6.49,6.52,6.22,6.27,2796072,17896908.00
2013/09/27,6.29,6.32,6.21,6.23,1236003,7772526.50
2013/09/30,6.23,6.37,6.23,6.35,1087088,6876492.50
2013/10/08,6.35,6.40,6.28,6.39,1964241,12527635.00
2013/10/09,6.38,6.51,6.22,6.51,2455043,15910071.00
2013/10/10,6.53,6.54,6.46,6.48,1966263,12832295.00
2013/10/11,6.46,6.59,6.46,6.58,2356268,15447576.00
2013/10/14,6.59,6.75,6.58,6.66,3681759,24693712.00
2013/10/15,6.67,6.71,6.57,6.63,2213778,14730963.00
2013/10/16,6.61,6.65,6.40,6.46,1681284,10947228.00
2013/10/17,6.50,6.56,6.43,6.51,2470062,16100952.00
2013/10/18,6.61,6.61,6.49,6.53,1497192,9842207.00
2013/10/21,6.60,6.63,6.47,6.62,2828229,18686028.00
2013/10/22,6.72,6.82,6.66,6.68,5310535,35859048.00
2013/10/23,6.63,6.69,6.42,6.46,3585458,23535906.00
2013/10/24,6.48,6.50,6.37,6.44,2066193,13310458.00
2013/10/25,6.46,6.46,6.21,6.26,1667660,10581294.00
2013/10/28,6.26,6.30,6.19,6.24,970455,6080536.00
2013/10/29,6.26,6.31,5.81,5.96,2401612,14508589.00
2013/10/30,5.98,6.07,5.89,6.06,1290624,7799524.00
2013/10/31,6.06,6.33,6.02,6.18,2394220,14799809.00
2013/11/01,6.16,6.18,6.04,6.14,1151556,7065252.00
2013/11/04,6.13,6.18,6.11,6.15,658692,4061613.75
2013/11/05,6.11,6.21,6.05,6.20,1385282,8545085.00
2013/11/06,6.19,6.33,6.16,6.27,2718215,17099788.00
2013/11/07,6.25,6.37,6.22,6.30,2576680,16330430.00
2013/11/08,6.22,6.31,6.21,6.23,1163878,7315740.50
2013/11/11,6.15,6.35,6.15,6.31,1142082,7201485.50
2013/11/12,6.34,6.51,6.25,6.42,5018492,32145074.00
2013/11/13,6.43,6.54,6.34,6.36,4068850,26279340.00
2013/11/14,6.28,6.36,6.12,6.34,2181212,13746969.00
2013/11/15,6.28,6.58,6.28,6.44,3972478,25850080.00
2013/11/18,6.44,6.76,6.44,6.66,8590745,57315452.00
2013/11/19,6.66,6.98,6.58,6.82,11128518,76060848.00
2013/11/20,6.77,6.86,6.73,6.82,8201936,56144968.00
2013/11/21,6.77,6.84,6.69,6.80,8317699,56767296.00
2013/11/22,6.77,6.88,6.68,6.68,8459170,57450268.00
2013/11/25,6.63,6.81,6.53,6.66,7152476,48164232.00
2013/11/26,6.64,6.74,6.55,6.57,5719082,38133304.00
2013/11/27,6.58,6.62,6.53,6.60,2411371,15931043.00
2013/11/28,6.61,6.71,6.59,6.67,2553089,17061070.00
2013/11/29,6.65,6.72,6.61,6.68,2545840,17061494.00
2013/12/02,6.55,6.60,6.23,6.23,3575994,23065198.00
2013/12/03,6.19,6.45,6.19,6.39,1448146,9232232.00
2013/12/04,6.37,6.59,6.31,6.49,3357987,21919866.00
2013/12/05,6.52,6.61,6.45,6.55,2417978,15868294.00
2013/12/06,6.54,6.57,6.48,6.51,1493312,9790066.00
2013/12/09,6.51,6.59,6.50,6.59,1522017,10041326.00
2013/12/10,6.62,6.69,6.58,6.60,2936182,19603978.00
2013/12/11,6.57,6.68,6.52,6.60,2699281,17930288.00
2013/12/12,6.61,6.69,6.60,6.68,2353781,15732536.00
2013/12/13,6.68,6.72,6.60,6.62,2162930,14457541.00
2013/12/16,6.62,6.63,6.41,6.43,2521609,16436278.00
2013/12/17,6.46,6.46,6.36,6.39,1262576,8114133.00
2013/12/18,6.37,6.46,6.36,6.36,1081003,6962993.00
2013/12/19,6.41,6.43,6.31,6.33,1528649,9781654.00
2013/12/20,6.36,6.36,6.20,6.26,1241963,7837176.50
2013/12/23,6.29,6.30,6.19,6.27,830903,5219398.00
2013/12/24,6.27,6.38,6.26,6.30,860214,5463924.00
2013/12/25,6.27,6.37,6.27,6.36,594245,3780647.25
2013/12/26,6.35,6.35,6.19,6.20,961920,6052933.00
2013/12/27,6.19,6.38,6.18,6.36,1707175,10798012.00
2013/12/30,6.40,6.44,6.34,6.35,894767,5729264.00
2013/12/31,6.41,6.41,6.32,6.38,1484135,9478998.00
2014/01/02,6.41,6.48,6.34,6.47,2059617,13285343.00
2014/01/03,6.49,6.49,6.34,6.39,1173878,7535050.50
2014/01/06,6.35,6.39,6.17,6.23,1334858,8363294.00
2014/01/07,6.26,6.32,6.22,6.25,1034497,6506161.50
2014/01/08,6.29,6.58,6.24,6.55,4272523,27738780.00
2014/01/09,6.53,6.57,6.38,6.38,2083970,13560363.00
2014/01/10,6.39,6.57,6.38,6.45,2050653,13362579.00
2014/01/13,6.52,6.62,6.44,6.59,2902444,18995158.00
2014/01/14,6.56,6.65,6.44,6.60,2383740,15658897.00
2014/01/15,6.55,6.59,6.46,6.54,1725820,11293858.00
2014/01/16,6.57,6.72,6.56,6.62,3378942,22568322.00
2014/01/17,6.59,6.61,6.46,6.49,1897888,12409273.00
2014/01/20,6.49,6.49,6.22,6.25,2162898,13786908.00
2014/01/21,6.26,6.37,6.26,6.32,1317614,8361376.50
2014/01/22,6.33,6.49,6.29,6.48,2111951,13622413.00
2014/01/23,6.47,6.54,6.45,6.53,1635393,10675193.00
2014/01/24,6.55,6.60,6.51,6.58,2736303,18053028.00
2014/01/27,6.52,6.61,6.49,6.50,2087450,13735911.00
2014/01/28,6.49,6.62,6.49,6.58,1965596,12961933.00
2014/01/29,6.53,6.54,6.37,6.43,2982739,19261444.00
2014/01/30,6.44,6.44,6.32,6.35,1155209,7383023.50
2014/02/07,6.32,6.45,6.25,6.43,1225858,7850237.00
2014/02/10,6.43,6.85,6.43,6.76,6202660,41463560.00
2014/02/11,6.71,6.79,6.63,6.66,4979467,33488484.00
2014/02/12,6.69,6.84,6.65,6.83,4751599,32253204.00
2014/02/13,6.84,6.92,6.76,6.78,5684222,39026136.00
2014/02/14,6.78,6.89,6.74,6.86,3650561,25040010.00
2014/02/17,6.92,7.15,6.84,7.14,7220251,50441684.00
2014/02/18,7.30,7.30,7.05,7.07,8702175,62441424.00
2014/02/19,7.15,7.15,6.98,7.03,5309954,37533264.00
2014/02/20,7.03,7.07,6.82,6.84,5070686,35256372.00
2014/02/21,6.84,6.93,6.71,6.76,2267048,15501842.00
2014/02/24,6.73,6.90,6.68,6.90,2793760,19082766.00
2014/02/25,6.91,6.95,6.61,6.63,2960418,20176336.00
2014/02/26,6.60,6.74,6.53,6.73,1815746,12122578.00
2014/02/27,6.73,6.82,6.62,6.66,1886742,12705331.00
2014/02/28,6.64,6.70,6.54,6.68,1797621,11943575.00
2014/03/03,6.66,6.77,6.66,6.76,1830380,12344638.00
2014/03/04,6.72,6.86,6.70,6.82,1989145,13560309.00
2014/03/05,6.80,6.86,6.77,6.77,1288790,8811247.00
2014/03/06,6.77,6.81,6.63,6.73,1669998,11297686.00
2014/03/07,6.73,6.80,6.68,6.73,1407891,9509618.00
2014/03/10,6.67,6.69,6.48,6.52,1628352,10759089.00
2014/03/11,6.49,6.59,6.45,6.52,1047520,6844643.00
2014/03/12,6.53,6.57,6.45,6.52,1085759,7114743.00
2014/03/13,6.54,6.72,6.52,6.70,2034259,13607534.00
2014/03/14,6.72,6.74,6.60,6.65,1244560,8336391.00
2014/03/17,6.65,6.88,6.65,6.88,4837738,33058034.00
2014/03/18,6.86,7.12,6.86,7.12,7731342,54532036.00
2014/03/19,7.14,7.14,6.98,7.05,5993766,42406572.00
2014/03/20,6.82,6.89,6.69,6.69,6484300,44474336.00
2014/03/21,6.64,6.88,6.60,6.86,4065738,27698232.00
2014/03/24,6.92,7.17,6.91,7.12,8575866,60887328.00
2014/03/25,7.02,7.84,7.01,7.84,28884064,221408480.00
2014/03/26,7.77,7.93,7.63,7.67,16542021,128789168.00
2014/03/27,7.66,8.43,7.53,8.03,23398784,188326864.00
2014/03/28,7.98,8.41,7.82,7.85,19699563,160343744.00
2014/03/31,7.77,7.81,7.42,7.67,9843494,75252256.00
2014/04/01,7.57,7.72,7.47,7.67,6281619,48050776.00
2014/04/02,7.66,8.13,7.65,7.84,10455343,83026368.00
2014/04/03,7.65,7.84,7.47,7.62,6973183,53264324.00
2014/04/04,7.54,7.62,7.45,7.60,4831534,36522288.00
2014/04/08,7.55,7.62,7.49,7.61,3859760,29299446.00
2014/04/09,7.63,7.84,7.55,7.76,5909105,45745184.00
2014/04/10,7.76,7.94,7.48,7.60,8403340,65374552.00
2014/04/11,7.52,7.55,7.29,7.33,6383946,47294360.00
2014/04/14,7.30,7.40,7.28,7.39,3616303,26632664.00
2014/04/15,7.39,7.43,7.29,7.34,3155576,23324460.00
2014/04/16,7.30,7.39,7.29,7.36,2446764,18054418.00
2014/04/17,7.36,7.42,7.33,7.41,2220417,16473005.00
2014/04/18,7.43,7.88,7.42,7.72,9123537,70329080.00
2014/04/21,7.65,7.79,7.54,7.59,4460832,34392636.00
2014/04/22,7.58,7.58,6.99,7.23,6591098,47922396.00
2014/04/23,7.12,7.27,6.97,7.00,4533394,32214122.00
2014/04/24,6.97,7.15,6.88,7.06,4050342,28593960.00
2014/04/25,7.06,7.16,6.90,6.92,2044199,14466264.00
2014/04/28,6.77,7.05,6.77,6.87,2373285,16512476.00
2014/04/29,6.83,6.95,6.80,6.87,1603599,11081874.00
2014/04/30,6.87,6.93,6.82,6.89,1600320,11069427.00
2014/05/05,6.92,7.04,6.84,7.04,1560377,10885673.00
2014/05/06,7.02,7.10,6.93,6.96,2152328,15177720.00
2014/05/07,6.95,6.95,6.81,6.87,2185865,15051281.00
2014/05/08,6.86,7.00,6.77,6.90,1521435,10548971.00
2014/05/09,6.89,6.89,6.61,6.69,1834685,12413892.00
2014/05/12,6.69,6.87,6.69,6.86,1823570,12431394.00
2014/05/13,6.86,6.99,6.85,6.86,1823136,12657040.00
2014/05/14,6.86,6.95,6.79,6.80,958634,6602124.00
2014/05/15,6.79,6.86,6.64,6.65,1027338,6958123.50
2014/05/16,6.63,6.72,6.62,6.67,894151,5989231.50
2014/05/19,6.68,6.71,6.63,6.67,837910,5606414.50
2014/05/20,6.70,6.78,6.67,6.70,919883,6204543.00
2014/05/21,6.70,6.76,6.60,6.74,1136979,7657943.00
2014/05/22,6.70,6.84,6.70,6.78,1729679,11781783.00
2014/05/23,6.79,6.85,6.73,6.82,1121237,7658223.50
2014/05/26,6.90,6.91,6.79,6.84,1234596,8473048.00
2014/05/27,6.84,6.92,6.83,6.89,1443546,9956516.00
2014/05/28,6.85,6.91,6.83,6.88,1659841,11445311.00
2014/05/29,6.86,6.91,6.71,6.76,1735119,11893921.00
2014/05/30,6.70,6.83,6.70,6.75,975057,6631429.50
2014/06/03,6.73,6.85,6.67,6.68,975979,6606151.50
2014/06/04,6.72,6.72,6.37,6.43,2673275,17386048.00
2014/06/05,6.38,6.48,6.38,6.45,1124095,7264213.50
2014/06/06,6.48,6.48,6.39,6.42,1122286,7204872.50
2014/06/09,6.41,6.52,6.40,6.51,1649409,10674809.00
2014/06/10,6.51,6.65,6.45,6.64,1933493,12662209.00
2014/06/11,6.81,6.95,6.75,6.77,5207764,35660568.00
2014/06/12,6.71,6.79,6.60,6.62,1992514,13310065.00
2014/06/13,6.60,6.65,6.50,6.61,3005728,19775408.00
2014/06/16,6.61,6.72,6.58,6.67,1742042,11606593.00
2014/06/17,6.63,6.63,6.52,6.54,1492290,9794976.00
2014/06/18,6.53,6.55,6.43,6.43,1234445,7992347.00
2014/06/19,6.43,6.47,6.18,6.18,1491200,9464878.00
2014/06/20,6.18,6.25,6.10,6.17,1858772,11455489.00
2014/06/23,6.18,6.26,6.16,6.21,1182129,7328011.00
2014/06/24,6.22,6.25,6.16,6.22,1472931,9137012.00
2014/06/25,6.23,6.23,6.15,6.19,765285,4732185.50
2014/06/26,6.22,6.31,6.20,6.28,1690651,10569885.00
2014/06/27,6.28,6.45,6.24,6.41,2038802,12996428.00
2014/06/30,6.41,6.51,6.33,6.48,2400750,15445536.00
2014/07/01,6.49,6.68,6.46,6.47,2524923,16471412.00
2014/07/02,6.48,6.55,6.43,6.48,1900381,12320422.00
2014/07/03,6.48,6.57,6.44,6.56,2788340,18232650.00
2014/07/04,6.57,6.62,6.52,6.57,1723448,11334029.00
2014/07/07,6.55,6.62,6.47,6.52,1044199,6819305.50
2014/07/08,6.53,6.60,6.48,6.59,1736940,11382469.00
2014/07/09,6.59,6.66,6.43,6.47,2680609,17645846.00
2014/07/10,6.47,6.56,6.44,6.51,1879667,12206198.00
2014/07/11,6.54,6.65,6.50,6.63,2780251,18357514.00
2014/07/14,6.58,6.65,6.50,6.62,4356175,28618198.00
2014/07/15,6.63,6.64,6.57,6.63,2854767,18871888.00
2014/07/16,6.67,6.76,6.60,6.75,4520542,30224234.00
2014/07/17,6.74,6.76,6.63,6.73,3910129,26153886.00
2014/07/18,6.67,6.77,6.63,6.73,3628197,24281466.00
2014/07/21,6.75,6.77,6.66,6.72,2063156,13853108.00
2014/07/22,6.71,7.39,6.67,7.14,16328293,115385624.00
2014/07/23,7.00,7.06,6.81,6.86,8502099,58978704.00
2014/07/24,6.79,6.87,6.65,6.71,6929235,46598716.00
2014/07/25,6.70,6.76,6.69,6.74,3475374,23364610.00
2014/07/28,6.73,6.84,6.73,6.81,4455665,30309534.00
2014/07/29,6.81,7.05,6.81,6.85,6593637,45546064.00
2014/07/30,6.85,6.97,6.82,6.90,5086942,35105512.00
2014/07/31,6.87,6.95,6.87,6.91,4942347,34146512.00
2014/08/01,6.91,7.06,6.89,6.91,6850036,47814412.00
2014/08/04,6.93,7.04,6.91,7.02,6246406,43754396.00
2014/08/05,7.01,7.06,6.97,7.02,5916659,41437292.00
2014/08/06,7.03,7.07,7.00,7.04,5412667,38081032.00
2014/08/07,7.05,7.05,6.91,6.92,4329275,30189398.00
2014/08/08,6.93,6.98,6.91,6.96,2326695,16159164.00
2014/08/11,6.96,7.08,6.96,7.08,4821144,33909460.00
2014/08/12,7.10,7.13,7.02,7.07,3003553,21186202.00
2014/08/13,7.07,7.09,6.99,7.08,4064365,28603178.00
2014/08/14,7.08,7.17,7.04,7.08,5088891,36161844.00
2014/08/15,7.07,7.15,7.05,7.14,3160068,22479218.00
2014/08/18,7.19,7.37,7.13,7.36,10114852,73718432.00
2014/08/19,7.36,7.37,7.24,7.30,5120264,37360460.00
2014/08/20,7.30,7.58,7.28,7.37,7785279,57961620.00
2014/08/21,7.37,7.46,7.24,7.36,4167818,30604170.00
2014/08/22,7.35,7.50,7.30,7.46,4244116,31428632.00
2014/08/25,7.46,7.46,7.28,7.33,3804439,27964400.00
2014/08/26,7.29,7.34,7.04,7.07,4934637,35495732.00
2014/08/27,7.07,7.53,7.05,7.50,9094800,66502564.00
2014/08/28,7.41,7.75,7.16,7.19,15160989,112162184.00
2014/08/29,7.18,7.29,7.11,7.21,5486745,39352496.00
2014/09/01,7.21,7.43,7.18,7.36,4333202,31663294.00
2014/09/02,7.37,7.63,7.35,7.49,8975127,67222128.00
2014/09/03,7.54,7.73,7.47,7.59,10744385,81618824.00
2014/09/04,7.60,7.69,7.51,7.56,7611659,57546976.00
2014/09/05,7.56,7.80,7.50,7.70,8374529,64071808.00
2014/09/09,7.74,8.00,7.70,7.90,9379829,73932184.00
2014/09/10,7.84,8.23,7.77,8.17,11778859,94639888.00
2014/09/11,8.13,8.23,7.93,8.00,9137152,73741752.00
2014/09/12,8.01,8.30,7.92,8.23,8338459,67736952.00
2014/09/15,8.35,8.44,8.14,8.27,11100322,91889584.00
2014/09/16,8.30,8.30,7.81,7.85,9749483,78366616.00
2014/09/17,7.84,7.90,7.69,7.84,7980444,61987592.00
2014/09/18,7.82,7.93,7.77,7.90,4120340,32366496.00
2014/09/19,7.86,7.96,7.78,7.92,4564322,35984432.00
2014/09/22,7.93,7.99,7.78,7.82,3696707,29113400.00
2014/09/23,7.81,7.97,7.78,7.90,4729886,37231364.00
2014/09/24,7.90,8.04,7.87,8.04,5125525,40979204.00
2014/09/25,8.05,8.09,7.88,7.93,5880332,47156368.00
2014/09/26,7.95,8.04,7.90,7.97,4079862,32489236.00
2014/09/29,8.00,8.19,8.00,8.18,8551745,69211152.00
2014/09/30,8.19,8.27,8.17,8.26,7640729,62831740.00
2014/10/08,8.27,8.57,8.27,8.52,10202565,86032304.00
2014/10/09,8.46,8.52,8.32,8.44,5670781,47775128.00
2014/10/10,8.40,8.63,8.25,8.57,11948286,101316584.00
2014/10/13,8.51,9.25,8.50,8.94,12144784,107138968.00
2014/10/14,8.97,9.22,8.88,8.95,7270354,65635708.00
2014/10/15,8.90,9.09,8.73,9.03,5710808,50701792.00
2014/10/16,9.01,9.42,8.80,8.80,8879971,81388832.00
2014/10/17,8.79,8.90,8.31,8.63,7692167,65711460.00
2014/10/20,8.63,8.78,8.53,8.77,2815943,24399118.00
2014/10/21,8.74,9.01,8.68,8.79,3253667,28847718.00
2014/10/22,8.75,8.86,8.18,8.46,3550266,30701460.00
2014/10/23,8.47,8.69,7.98,8.01,5460789,44977424.00
2014/10/24,8.03,8.17,7.98,8.01,3186224,25707804.00
2014/10/27,8.01,8.15,7.82,8.04,3837630,30845936.00
2014/10/28,8.07,8.35,8.04,8.34,4317076,35521500.00
2014/10/29,8.36,8.63,8.31,8.61,5834450,49413820.00
2014/10/30,8.56,8.72,8.48,8.54,3261122,27996776.00
2014/10/31,8.70,9.17,8.60,8.74,7557287,66613048.00
2014/11/03,8.68,8.90,8.63,8.70,4346288,37942500.00
2014/11/04,8.70,9.15,8.70,8.96,6795106,60825448.00
2014/11/05,8.99,9.04,8.76,8.87,2534789,22461614.00
2014/11/06,8.87,8.93,8.65,8.77,4322192,37787756.00
2014/11/07,8.77,9.12,8.77,8.83,6742052,60601288.00
2014/11/10,8.78,8.97,8.72,8.97,3266551,28827032.00
2014/11/11,8.95,9.02,8.07,8.20,8146025,68131816.00
2014/11/12,8.15,8.44,8.10,8.32,6443220,53298176.00
2014/11/13,8.28,8.28,7.84,7.93,7972465,63526212.00
2014/11/14,7.93,8.02,7.85,8.02,3402720,26997604.00
2014/11/17,8.03,8.16,7.97,8.05,3183796,25704144.00
2014/11/18,8.02,8.11,7.98,8.07,2012751,16164662.00
2014/11/19,8.07,8.26,7.99,8.14,3799843,30949024.00
2014/11/20,8.11,8.19,7.98,8.01,5044578,40571412.00
2014/11/21,8.01,8.13,7.97,8.10,4501327,36269768.00
2014/11/24,8.16,8.22,8.10,8.16,5109490,41623724.00
2014/11/25,8.20,8.29,8.16,8.29,5010981,41156716.00
2014/11/26,8.27,8.49,8.25,8.43,7523213,62858464.00
2014/11/27,8.45,8.60,8.41,8.54,6351438,54126756.00
2014/11/28,8.54,8.84,8.44,8.76,8820338,75769360.00
2014/12/01,8.74,9.15,8.41,8.96,19697914,171956848.00
2014/12/02,8.84,9.09,8.79,8.96,13674949,122425192.00
2014/12/03,8.96,9.55,8.83,9.30,21977097,199238208.00
2014/12/04,9.38,9.42,9.12,9.28,8651594,80502536.00
2014/12/05,9.27,9.33,8.80,9.27,18601461,168548864.00
2014/12/08,9.16,9.60,9.03,9.32,23030355,214013648.00
2014/12/09,9.15,9.26,8.85,8.90,16149847,146504592.00
2014/12/10,8.92,9.24,8.77,9.18,22938502,207689024.00
2014/12/11,9.14,9.27,9.08,9.22,6913563,63588764.00
2014/12/12,9.22,9.54,9.13,9.48,24507654,228739920.00
2014/12/15,9.40,9.73,9.40,9.61,10076162,96553328.00
2014/12/16,9.55,9.55,9.29,9.42,6606066,62299316.00
2014/12/17,9.34,9.90,9.30,9.76,22708424,218107408.00
2014/12/18,9.88,10.66,9.77,10.63,28226437,287551136.00
2014/12/19,10.20,10.60,9.57,9.78,31041801,313550752.00
2014/12/22,9.90,9.90,8.80,8.80,22706826,202433440.00
2014/12/23,8.68,8.82,8.32,8.35,7345862,62659308.00
2014/12/24,8.36,8.65,8.18,8.40,7840310,65424924.00
2014/12/25,8.40,8.50,8.29,8.50,4377901,36821932.00
2014/12/26,8.60,8.63,8.44,8.47,4198118,35754184.00
2014/12/29,8.59,8.59,8.08,8.14,6517972,53739360.00
2014/12/30,8.10,8.20,7.95,8.09,3415947,27596254.00
2014/12/31,8.05,8.24,8.05,8.17,1979512,16120653.00
2015/01/05,8.17,8.28,8.09,8.17,8953751,72797064.00
2015/01/06,8.06,8.24,7.95,8.17,6035141,48886984.00
2015/01/07,8.17,8.34,8.16,8.28,4774317,39394040.00
2015/01/08,8.30,8.30,8.12,8.18,3246438,26599932.00
2015/01/09,8.17,8.23,8.00,8.00,3533895,28836254.00
2015/01/12,8.01,8.02,7.60,7.60,4211399,32697128.00
2015/01/13,7.59,7.73,7.59,7.72,3349162,25678774.00
2015/01/14,7.72,7.76,7.61,7.64,2077433,15970639.00
2015/01/15,7.64,7.76,7.64,7.70,2328417,17916842.00
2015/01/16,7.70,7.90,7.67,7.85,3306539,25791062.00
2015/01/19,7.79,7.89,7.51,7.58,3012280,23143912.00
2015/01/20,7.65,7.90,7.60,7.88,3404385,26449842.00
2015/01/21,7.88,8.25,7.88,8.20,5381540,43892864.00
2015/01/22,8.20,8.30,8.16,8.27,3956771,32579390.00
2015/01/23,8.23,8.27,8.10,8.12,2964576,24217344.00
2015/01/26,8.07,8.23,8.06,8.22,2806475,22937840.00
2015/01/27,8.22,8.30,8.13,8.25,4032029,33246246.00
2015/01/28,8.25,8.38,8.21,8.28,3149522,26161764.00
2015/01/29,8.25,8.31,8.08,8.17,3193216,26196898.00
2015/01/30,8.22,8.24,8.06,8.06,2577600,20995028.00
2015/02/02,8.05,8.05,7.91,8.00,2258912,18018388.00
2015/02/03,8.00,8.11,7.98,8.08,2443094,19696094.00
2015/02/04,8.09,8.31,8.07,8.27,5325800,43970244.00
2015/02/05,8.29,8.33,8.15,8.15,2764347,22834644.00
2015/02/06,8.14,8.20,8.06,8.10,2131520,17353428.00
2015/02/09,8.10,8.15,7.91,7.98,2228147,17950852.00
2015/02/10,7.97,8.06,7.93,8.02,2080615,16662745.00
2015/02/11,8.02,8.12,8.00,8.10,1515077,12223490.00
2015/02/12,8.10,8.21,8.10,8.14,2098900,17127580.00
2015/02/13,8.21,8.30,8.15,8.19,4082116,33555576.00
2015/02/16,8.22,8.43,8.22,8.41,5101263,42509740.00
2015/02/17,8.38,8.48,8.34,8.38,3204096,26880828.00
2015/02/25,8.38,8.60,8.33,8.60,5505626,46715592.00
2015/02/26,8.59,8.76,8.55,8.69,4381123,38034408.00
2015/02/27,8.64,8.73,8.55,8.71,4120943,35526040.00
2015/03/02,8.70,8.77,8.60,8.77,5136186,44769136.00
2015/03/03,8.75,8.95,8.64,8.83,5617903,49320260.00
2015/03/04,8.81,9.24,8.76,9.20,8191867,74244112.00
2015/03/05,9.20,9.30,9.03,9.29,6717990,61643424.00
2015/03/06,9.34,9.50,9.15,9.15,7623482,70750456.00
2015/03/09,9.13,9.31,8.96,9.23,6462939,59189488.00
2015/03/10,9.23,9.59,9.18,9.36,5448116,51346136.00
2015/03/11,9.43,9.44,9.25,9.31,3653334,33994564.00
2015/03/12,9.31,9.37,9.11,9.13,3492801,32228776.00
2015/03/13,9.13,9.33,9.12,9.31,4194049,38742060.00
2015/03/16,9.31,9.50,9.31,9.46,5670607,53459260.00
2015/03/17,9.48,9.64,9.44,9.58,6471852,61849808.00
2015/03/18,9.60,9.65,9.48,9.60,6713002,64100860.00
2015/03/19,9.60,9.74,9.50,9.63,5611521,54052268.00
2015/03/20,9.53,9.65,9.45,9.55,7330144,69786408.00
2015/03/23,9.55,9.83,9.51,9.81,11264232,108570408.00
2015/03/24,9.90,9.90,9.46,9.65,13547724,131237376.00
2015/03/25,9.65,9.65,9.45,9.59,10925449,104144928.00
2015/03/26,9.55,9.69,9.46,9.68,9311394,89131528.00
2015/03/27,9.69,10.16,9.64,10.01,13432074,133415720.00
2015/03/30,9.99,10.36,9.91,10.20,11591291,118167984.00
2015/03/31,10.25,10.25,9.95,9.98,9909894,99850640.00
2015/04/01,9.98,10.17,9.93,10.10,6587341,66341020.00
2015/04/02,10.13,10.44,10.11,10.33,8775761,90002064.00
2015/04/03,10.30,10.78,10.20,10.68,13100233,138481200.00
2015/04/07,10.70,10.96,10.65,10.77,9469517,102147552.00
2015/04/08,10.72,10.81,10.30,10.73,10508768,111026512.00
2015/04/09,10.77,10.77,10.00,10.39,7290419,75498288.00
2015/04/10,10.37,10.70,10.27,10.64,8368533,88628768.00
2015/04/13,10.74,11.15,10.65,11.04,9939385,108617008.00
2015/04/14,10.99,11.05,10.68,10.83,7805500,84815912.00
2015/04/15,10.75,10.77,10.19,10.27,7166232,75153544.00
2015/04/16,10.23,10.50,9.88,10.35,5964880,61147724.00
2015/04/17,10.48,10.79,10.35,10.52,8582364,90427200.00
2015/04/20,10.44,10.51,10.00,10.21,7686218,79503536.00
2015/04/21,10.11,10.55,10.06,10.54,7926694,82409776.00
2015/04/22,10.56,10.90,10.56,10.83,9702278,104652568.00
2015/04/23,10.78,11.91,10.78,11.91,19045002,222768416.00
2015/04/24,11.94,12.29,11.30,11.76,16965916,199989136.00
2015/04/27,11.92,12.25,11.65,12.02,12587805,150941008.00
2015/04/28,11.93,12.11,11.46,11.57,7505995,88127328.00
2015/04/29,11.48,11.75,11.20,11.60,7421458,85438168.00
2015/04/30,11.62,11.90,11.41,11.73,8179666,95489472.00
2015/05/04,11.65,11.88,11.51,11.71,6332328,74119352.00
2015/05/05,11.67,12.28,11.62,11.76,9679817,115098088.00
2015/05/06,11.81,12.19,11.50,11.65,9598662,113680168.00
2015/05/07,11.40,11.60,10.70,10.75,6848771,75892664.00
2015/05/08,10.93,11.13,10.68,11.08,4935866,53837412.00
2015/05/11,11.12,11.58,10.95,11.40,7501551,84646648.00
2015/05/12,11.49,11.79,11.38,11.68,6884809,79885552.00
2015/05/13,11.55,12.24,11.42,12.09,13536903,161429568.00
2015/05/14,12.10,12.69,12.10,12.41,12030105,149397536.00
2015/05/15,12.41,12.43,11.79,11.98,8821593,106245448.00
2015/05/18,11.90,12.55,11.70,12.55,9492283,116272936.00
2015/05/19,12.53,12.66,12.30,12.50,8588301,107201512.00
2015/05/20,12.52,13.25,12.41,12.82,12476407,159883824.00
2015/05/21,12.80,13.04,12.67,12.98,8424911,108576904.00
2015/05/22,13.03,13.95,13.00,13.39,11631801,156880176.00
2015/05/25,13.48,14.73,13.26,14.73,14544485,205172432.00
2015/05/26,15.18,15.88,14.75,15.36,16587448,253426656.00
2015/05/27,16.00,16.70,15.60,16.22,15323623,247601120.00
2015/05/28,16.05,16.20,14.60,14.80,19194767,294665248.00
2015/05/29,14.60,15.14,13.46,14.50,15006667,216435760.00
2015/06/01,14.41,15.60,14.41,15.48,11195079,170146208.00
2015/06/02,15.50,16.94,15.50,16.91,14585072,239651408.00
2015/06/03,17.00,18.50,16.93,18.50,15374327,272719488.00
2015/06/04,18.10,18.53,16.65,17.90,12547715,221848208.00
2015/06/05,18.04,18.54,17.23,17.93,12559683,224242640.00
2015/06/08,18.00,18.38,17.30,17.33,12184396,215606224.00
2015/06/09,17.26,17.55,16.71,16.98,11429499,194359888.00
2015/06/10,16.98,18.00,16.51,17.54,12118686,211057920.00
2015/06/11,17.30,18.50,17.30,18.49,12761499,227287920.00
2015/06/12,18.75,20.13,18.60,19.45,11787477,229111632.00
2015/06/15,19.45,21.40,18.61,21.40,18334279,373124960.00
2015/06/16,21.20,21.64,19.26,19.58,15627737,320317856.00
2015/06/17,19.75,20.55,18.60,20.42,11784949,234016816.00
2015/06/18,20.20,20.98,18.38,18.95,13487787,268347856.00
2015/06/19,18.95,18.97,17.06,17.06,10431209,182099568.00
2015/06/23,17.10,17.15,15.35,16.34,9512296,153627360.00
2015/06/24,16.74,17.45,16.05,17.20,9195732,155731840.00
2015/06/25,17.20,17.95,16.15,16.38,9040601,156303664.00
2015/06/26,15.50,15.51,14.74,14.74,7457128,111843032.00
2015/06/29,15.19,15.32,13.27,13.27,13937406,190891488.00
2015/06/30,12.68,13.88,11.94,13.80,15202567,194400096.00
2015/07/01,13.50,14.10,12.42,12.42,10580182,142398880.00
2015/07/02,11.95,12.13,11.18,11.18,8500947,97484120.00
2015/07/03,10.48,10.95,10.06,10.06,8353126,85535576.00
2015/07/06,10.95,10.95,9.05,9.05,14555415,138290768.00
2015/07/07,8.35,8.35,8.15,8.15,4601846,37594112.00
2015/07/08,7.34,8.25,7.34,7.44,27939000,208914432.00
2015/07/09,7.31,8.18,7.28,8.18,12739748,100642272.00
2015/07/10,8.67,9.00,8.60,9.00,4639654,40858652.00
2015/07/13,9.90,9.90,9.35,9.90,16061419,156564928.00
2015/07/14,10.24,10.89,9.80,10.41,18563368,193751264.00
2015/07/15,9.95,10.20,9.37,9.37,10576000,101341536.00
2015/07/16,8.55,9.75,8.43,9.27,11748528,107188752.00
2015/07/17,9.22,10.18,9.20,9.95,10135048,98585408.00
2015/07/20,10.00,10.60,9.76,10.08,12379867,125151376.00
2015/07/21,9.95,11.09,9.73,11.09,16272317,173043600.00
2015/07/22,11.20,11.95,11.00,11.95,19687687,225225536.00
2015/07/23,11.85,12.47,11.50,12.14,13846810,166030336.00
2015/07/24,12.14,12.88,11.50,11.82,12414018,153749760.00
2015/07/27,11.62,12.39,10.64,10.75,17900609,208647296.00
2015/07/28,10.00,11.16,9.68,10.08,15629328,158967552.00
2015/07/29,10.43,11.00,9.72,10.99,11693001,120473096.00
2015/07/30,11.10,11.55,10.50,10.79,13492990,151054384.00
2015/07/31,10.69,11.19,10.00,10.60,8247291,88586112.00
2015/08/03,10.35,10.59,9.54,9.60,8495146,84267744.00
2015/08/04,9.75,10.55,9.57,10.54,7431190,75191120.00
2015/08/05,10.68,10.99,10.20,10.44,9640771,102638792.00
2015/08/06,10.17,10.70,9.98,10.32,4807480,49620052.00
2015/08/07,10.49,11.22,10.48,11.12,8815984,95460088.00
2015/08/10,11.20,11.99,11.20,11.89,14429765,169184560.00
2015/08/11,11.90,12.70,11.72,12.29,13325170,164226416.00
2015/08/12,12.04,13.46,12.04,13.13,20842256,267171664.00
2015/08/13,13.12,14.44,12.74,14.44,18886080,263568144.00
2015/08/14,15.40,15.88,15.00,15.88,6862459,107712040.00
2015/08/17,17.30,17.30,15.50,15.89,33535468,543716864.00
2015/08/18,15.57,15.85,14.30,14.30,20089910,300147744.00
2015/08/19,13.00,14.63,12.87,13.88,28467992,377258656.00
2015/08/20,13.47,13.70,12.55,12.56,14778135,193785888.00
2015/08/21,12.27,12.45,11.40,11.41,13104258,157507424.00
2015/08/24,10.80,10.94,10.27,10.27,5694300,59150672.00
2015/08/25,9.25,9.86,9.24,9.24,10754751,100524664.00
2015/08/26,9.25,9.78,8.42,8.98,14328089,132320352.00
2015/08/27,9.36,9.50,8.45,9.45,11218068,102710408.00
2015/08/28,9.56,10.40,9.50,10.40,16171169,160459184.00
2015/08/31,10.68,10.90,10.30,10.40,17530393,185200544.00
2015/09/01,9.93,10.05,9.36,9.36,10322661,97852976.00
2015/09/02,8.42,9.55,8.42,8.42,13309154,115654664.00
2015/09/07,8.63,9.06,7.75,7.97,17759115,148588000.00
2015/09/08,7.94,8.65,7.75,8.63,9656835,78974752.00
2015/09/09,8.76,9.23,8.60,8.99,18328893,162663856.00
2015/09/10,8.76,8.91,8.53,8.56,10061562,88123216.00
2015/09/11,8.60,8.93,8.60,8.89,10022931,87876360.00
2015/09/14,9.13,9.50,8.08,8.26,20976169,189598848.00
2015/09/15,7.83,8.16,7.43,7.43,12945806,100269872.00
2015/09/16,7.41,8.17,7.41,8.17,11522537,89385168.00
2015/09/17,8.10,8.77,7.90,8.23,16040577,134602480.00
2015/09/18,8.34,8.56,8.06,8.51,8640911,72032472.00
2015/09/21,8.30,8.90,8.22,8.83,10116348,87243456.00
2015/09/22,8.97,8.97,8.65,8.86,10834000,95347384.00
2015/09/23,8.70,8.84,8.45,8.58,9471941,81871432.00
2015/09/24,8.68,8.87,8.61,8.79,6930399,60685468.00
2015/09/25,8.77,9.38,8.47,8.61,11469949,102204792.00
2015/09/28,8.61,8.80,8.40,8.80,5110001,44117496.00
2015/09/29,8.70,8.74,8.45,8.52,4001700,34375680.00
2015/09/30,8.61,8.65,8.48,8.51,2954659,25283450.00
2015/10/08,8.80,9.16,8.71,8.98,7339600,65570264.00
2015/10/09,8.92,9.25,8.90,9.17,6588261,59842896.00
2015/10/12,9.30,10.09,9.24,9.96,11647078,111861696.00
2015/10/13,9.82,10.24,9.73,10.08,9913499,98966608.00
2015/10/14,10.01,10.09,9.78,9.89,8541983,84495048.00
2015/10/15,9.76,10.20,9.69,10.20,7866353,78770064.00
2015/10/16,10.32,10.75,10.10,10.42,10836622,112870112.00
2015/10/19,10.43,11.05,10.29,10.62,11930228,127134000.00
2015/10/20,10.58,10.82,10.28,10.81,10236199,107675112.00
2015/10/21,10.69,10.98,9.73,9.73,11407098,117302152.00
2015/10/22,9.60,10.25,9.60,10.15,9175701,91577800.00
2015/10/23,10.36,11.10,10.26,10.93,14568067,155379824.00
2015/10/26,11.00,11.48,10.70,10.91,11659551,129243624.00
2015/10/27,10.75,10.99,10.29,10.91,11454595,121528064.00
2015/10/28,11.30,11.67,10.86,10.97,14208409,160951376.00
2015/10/29,11.13,12.07,11.00,12.07,17118508,200083840.00
2015/10/30,12.08,12.57,11.74,11.82,18280616,221279328.00
2015/11/02,11.05,11.60,10.66,10.80,13257995,147860512.00
2015/11/03,10.96,11.10,10.60,10.98,6998718,76234728.00
2015/11/04,10.94,11.93,10.94,11.81,11092837,129075544.00
2015/11/05,11.78,12.40,11.64,12.11,13622239,164161632.00
2015/11/06,12.11,12.85,12.01,12.33,13690124,171483568.00
2015/11/09,12.18,12.28,11.81,12.16,11767756,141924128.00
2015/11/10,12.00,12.80,11.88,12.44,13425747,166657472.00
2015/11/11,12.37,13.26,12.25,13.07,12643341,162092512.00
2015/11/12,12.97,13.42,12.70,12.89,10658546,138685024.00
2015/11/13,12.68,12.79,12.16,12.31,11656174,145014160.00
2015/11/16,12.24,12.99,12.00,12.99,10285024,128711344.00
2015/11/17,13.01,13.66,12.83,13.15,11058170,145937984.00
2015/11/18,13.12,13.46,12.52,12.66,8094903,105726016.00
2015/11/19,12.73,13.90,12.73,13.80,15326236,203599728.00
2015/11/20,13.66,13.95,13.41,13.75,11087934,151549248.00
2015/11/23,13.68,14.30,13.54,13.98,13214599,184021744.00
2015/11/24,13.85,14.50,13.75,14.16,12479105,176874576.00
2015/11/25,14.06,14.88,13.90,14.74,12680227,181827760.00
2015/11/26,14.89,14.89,14.14,14.33,12195862,176010784.00
2015/11/27,14.28,14.49,13.00,13.24,12740614,175864480.00
2015/11/30,13.35,13.44,12.31,13.03,10818555,139981024.00
2015/12/01,13.03,13.53,12.70,13.20,8967813,118285984.00
2015/12/02,13.16,13.25,12.10,12.67,8598717,109313360.00
2015/12/03,12.68,13.21,12.68,13.16,5615423,72963688.00
2015/12/04,13.17,13.44,13.02,13.16,7642579,101107744.00
2015/12/07,13.21,13.77,13.20,13.44,8198098,110887744.00
2015/12/08,13.18,14.49,13.18,14.05,15644798,216117440.00
2015/12/09,13.83,13.96,13.32,13.53,8469506,115278176.00
2015/12/10,13.47,13.58,13.00,13.01,6503729,86111720.00
2015/12/11,13.08,13.25,12.71,13.15,4475461,58315812.00
2015/12/14,13.00,13.48,12.55,13.48,5428420,70523776.00
2015/12/15,13.42,13.68,13.29,13.46,5124095,68965760.00
2015/12/16,13.48,13.96,13.43,13.60,6480014,88667472.00
2015/12/17,13.58,14.11,13.51,13.87,8817145,122478048.00
2015/12/18,13.85,14.47,13.60,13.91,6878038,95103312.00
2015/12/21,13.81,14.16,13.81,13.99,7443871,104509512.00
2015/12/22,14.00,14.80,13.65,14.77,11093854,157877856.00
2015/12/23,14.85,16.00,14.68,14.90,18362188,282372096.00
2015/12/24,15.39,16.39,15.18,16.39,13918044,221736464.00
2015/12/25,18.03,18.03,18.03,18.03,4874297,87883576.00
2015/12/28,19.03,19.83,18.29,19.78,63609507,1233210880.00
2015/12/29,18.32,19.14,17.80,17.84,41085210,751445312.00
2015/12/30,17.70,19.13,17.08,18.26,31234651,570558400.00
2015/12/31,17.88,18.08,16.89,16.98,22050759,383327744.00
2016/01/04,16.75,16.75,15.28,15.28,15124942,239132464.00
2016/01/05,13.99,14.73,13.75,14.35,22164661,314132544.00
2016/01/06,14.35,15.44,13.90,15.18,19016154,279323104.00
2016/01/07,14.50,14.70,13.66,13.66,5286600,74049136.00
2016/01/08,14.00,14.20,12.33,13.26,15173199,205036144.00
2016/01/11,12.62,12.75,11.93,11.93,13327913,163148704.00
2016/01/12,11.64,11.97,10.98,11.46,12390988,142506640.00
2016/01/13,11.57,11.84,10.62,10.76,11258891,128172320.00
2016/01/14,10.22,11.37,10.00,11.30,12264002,132016872.00
2016/01/15,11.32,11.33,10.17,10.25,12266941,131836408.00
2016/01/18,10.00,10.89,9.88,10.60,10892969,114002960.00
2016/01/19,10.59,11.57,10.38,11.41,14671951,163906704.00
2016/01/20,11.23,11.73,11.05,11.39,12257907,139793504.00
2016/01/21,11.11,11.55,10.36,10.50,10161249,112113208.00
2016/01/22,10.68,10.88,10.32,10.85,8546766,91309696.00
2016/01/25,11.00,11.94,10.91,11.94,13160952,148048432.00
2016/01/26,11.87,13.13,11.56,12.28,32815780,413109568.00
2016/01/27,12.03,13.16,11.06,13.03,24432790,297152608.00
2016/01/28,12.64,13.45,12.01,12.19,20593168,263941696.00
2016/01/29,11.90,12.87,11.40,12.40,14649829,178974480.00
2016/02/01,12.12,12.87,11.88,12.40,11619698,144943712.00
2016/02/02,12.28,13.49,12.14,13.12,16553173,210346192.00
2016/02/03,12.80,13.94,12.60,13.70,18745050,252387616.00
2016/02/04,13.60,14.33,13.38,13.75,16559834,228878784.00
2016/02/05,13.68,14.06,13.35,13.40,8970190,122448824.00
2016/02/15,12.63,13.85,12.18,13.43,11805814,153430288.00
2016/02/16,13.50,14.16,13.43,13.69,18695052,257588304.00
2016/02/17,13.53,14.79,13.52,14.45,17939183,253682768.00
2016/02/18,14.35,14.90,14.02,14.56,16229262,235148144.00
2016/02/19,14.33,14.99,14.17,14.34,12798114,186042032.00
2016/02/22,14.54,14.60,14.15,14.36,11664278,167457328.00
2016/02/23,14.29,14.38,13.72,14.03,11669384,163975568.00
2016/02/24,14.05,14.38,13.63,14.20,11202301,157362064.00
2016/02/25,14.19,14.67,12.78,12.98,17002488,235580272.00
2016/02/26,13.10,13.24,12.21,12.55,10343360,131620152.00
2016/02/29,12.56,12.59,11.30,11.30,9287545,106992080.00
2016/03/01,11.26,11.55,10.51,11.40,9517895,106349464.00
2016/03/02,11.40,12.17,11.29,12.00,11313889,132225656.00
2016/03/03,11.97,12.49,11.79,11.86,9099214,110711088.00
2016/03/04,11.85,12.08,10.95,11.20,9559175,109640976.00
2016/03/07,11.23,11.74,11.21,11.61,7144327,82363248.00
2016/03/08,12.05,12.40,11.32,12.24,14505576,174484848.00
2016/03/09,11.77,12.30,11.58,11.72,9026948,107104568.00
数据来源:通达信
