000553 沙隆达Ａ 日线 前复权
      日期	    开盘	    最高	    最低	    收盘	    成交量	    成交额
2011/01/04,8.31,8.52,8.25,8.46,2303363,19809962.00
2011/01/05,8.43,8.70,8.36,8.55,2381016,20862786.00
2011/01/06,8.55,8.62,8.47,8.53,1341632,11721396.00
2011/01/07,8.46,8.51,8.28,8.30,2414300,20710022.00
2011/01/10,8.35,8.39,8.21,8.32,1382892,11758579.00
2011/01/11,8.25,8.61,8.14,8.49,2095581,18024184.00
2011/01/12,8.49,8.56,8.40,8.45,1120249,9725861.00
2011/01/13,8.42,8.48,8.25,8.25,1333813,11391384.00
2011/01/14,8.25,8.32,8.22,8.23,1115211,9451161.00
2011/01/17,8.21,8.22,7.84,7.98,2996751,24421422.00
2011/01/18,7.95,8.06,7.87,8.04,1997669,16346754.00
2011/01/19,8.05,8.10,7.97,8.10,1241997,10252416.00
2011/01/20,8.08,8.12,7.86,7.86,1140249,9332734.00
2011/01/21,7.90,8.04,7.80,7.96,1222800,9912727.00
2011/01/24,7.96,7.99,7.68,7.74,1178432,9473535.00
2011/01/25,7.74,7.83,7.61,7.63,1046090,8258760.00
2011/01/26,7.71,7.81,7.67,7.76,593841,4735783.00
2011/01/27,7.80,8.56,7.80,8.39,4919394,42100144.00
2011/01/28,8.20,8.59,8.20,8.37,3549359,30575366.00
2011/01/31,8.31,8.61,8.21,8.46,2607131,22658154.00
2011/02/01,8.45,8.63,8.40,8.59,1861870,16325568.00
2011/02/09,8.45,8.92,8.42,8.68,3582991,31910272.00
2011/02/10,8.72,9.18,8.72,9.06,6282644,57317628.00
2011/02/11,9.08,9.08,8.80,8.99,4624895,42156852.00
2011/02/14,9.00,9.00,8.80,8.98,4233032,38607328.00
2011/02/15,8.99,9.03,8.87,8.96,3887934,35556932.00
2011/02/16,8.95,9.04,8.88,8.97,3873364,35559412.00
2011/02/17,9.12,9.40,9.04,9.11,7060015,66222784.00
2011/02/18,9.02,9.14,8.89,8.90,3470671,31959476.00
2011/02/21,8.88,9.33,8.80,9.24,6549475,60872152.00
2011/02/22,9.23,9.42,9.10,9.35,10153304,96010152.00
2011/02/23,9.29,9.68,9.22,9.46,9185669,88709928.00
2011/02/24,9.37,9.46,9.20,9.28,6850613,65007604.00
2011/02/25,9.29,9.32,9.11,9.20,3194570,29986086.00
2011/02/28,9.20,9.27,9.06,9.21,3932399,36797680.00
2011/03/01,9.22,9.23,9.09,9.18,3415966,31943040.00
2011/03/02,9.17,9.18,8.91,9.06,3841311,35397736.00
2011/03/03,9.06,9.22,8.90,9.05,4989325,46093124.00
2011/03/04,9.03,9.15,9.00,9.06,3515503,32592854.00
2011/03/08,9.17,9.43,9.11,9.26,7827620,74012824.00
2011/03/09,9.28,9.31,9.07,9.20,4140216,38793184.00
2011/03/10,9.21,9.21,8.99,9.02,3647300,33692912.00
2011/03/11,8.98,9.05,8.85,8.88,4872678,44484772.00
2011/03/14,8.82,8.99,8.79,8.99,3309961,30160720.00
2011/03/15,8.99,8.99,8.60,8.75,3803548,33965944.00
2011/03/16,8.80,8.99,8.80,8.91,2896254,26373354.00
2011/03/17,8.87,8.90,8.68,8.90,2965843,26646956.00
2011/03/18,8.92,9.15,8.87,8.91,3431037,31405138.00
2011/03/21,8.89,8.89,8.62,8.70,3929667,34941448.00
2011/03/22,8.65,8.78,8.48,8.73,2735299,24047710.00
2011/03/23,8.68,8.90,8.66,8.74,2840726,25386598.00
2011/03/24,8.72,8.87,8.68,8.81,3286623,29465924.00
2011/03/25,8.79,8.94,8.68,8.88,5025425,45431788.00
2011/03/28,8.88,8.93,8.68,8.80,4821841,43449872.00
2011/03/29,8.79,8.80,8.60,8.62,4844928,42917300.00
2011/03/30,8.66,8.66,8.41,8.46,4007501,34889132.00
2011/03/31,8.42,8.54,8.40,8.40,2415514,20903994.00
2011/04/01,8.39,8.52,8.39,8.51,2047853,17696332.00
2011/04/06,8.52,8.59,8.42,8.49,3003083,26142548.00
2011/04/07,8.49,8.70,8.49,8.62,3127005,27596112.00
2011/04/08,8.64,8.68,8.57,8.66,2520840,22275496.00
2011/04/11,8.67,8.83,8.57,8.69,3596860,32021130.00
2011/04/12,8.68,8.75,8.58,8.62,2775787,24586984.00
2011/04/13,8.62,9.50,8.62,9.50,20173031,190358800.00
2011/04/14,9.65,9.77,9.28,9.49,20421615,198060784.00
2011/04/15,9.35,9.49,9.21,9.39,7882925,75372840.00
2011/04/18,9.29,10.28,9.26,9.80,22050783,220471664.00
2011/04/19,9.68,10.00,9.61,9.79,14341524,143705952.00
2011/04/20,9.76,10.02,9.50,9.61,11661119,116990168.00
2011/04/21,9.61,9.80,9.54,9.57,8470580,83397288.00
2011/04/25,9.57,9.63,8.90,8.91,9269982,86746712.00
2011/04/26,8.85,8.95,8.70,8.90,4005962,36210964.00
2011/04/27,8.93,8.99,8.74,8.80,3252614,29375238.00
2011/04/28,8.80,9.01,8.46,8.48,5165808,46345624.00
2011/04/29,8.50,8.70,8.45,8.65,2359308,20720724.00
2011/05/03,8.65,9.18,8.65,9.10,4944784,45580904.00
2011/05/04,9.03,9.05,8.76,8.79,4458219,40512080.00
2011/05/05,8.73,8.85,8.68,8.82,2128556,19090946.00
2011/05/06,8.75,9.01,8.61,8.93,3580107,32508690.00
2011/05/09,8.95,9.17,8.95,9.07,3482095,32262450.00
2011/05/10,9.07,9.32,9.05,9.19,6637724,62447324.00
2011/05/11,9.20,9.28,9.02,9.19,4640766,43388796.00
2011/05/12,9.11,9.48,8.97,9.25,8775313,83318184.00
2011/05/13,9.26,9.49,9.21,9.42,7037698,67227584.00
2011/05/16,9.38,9.70,9.29,9.42,7905034,76659928.00
2011/05/17,9.32,9.47,8.81,9.03,6376782,59435032.00
2011/05/18,9.00,9.12,8.78,9.00,3201573,29424838.00
2011/05/19,9.02,9.78,9.00,9.41,10677039,103277848.00
2011/05/20,9.31,9.79,9.24,9.72,16982322,167237776.00
2011/05/23,9.70,9.95,9.20,9.43,13145067,128367896.00
2011/05/24,9.32,10.28,9.30,10.00,28282989,286725824.00
2011/05/25,9.88,10.34,9.76,9.94,25910821,265015856.00
2011/05/26,10.10,10.23,9.68,9.70,21226954,215318880.00
2011/05/27,9.60,9.67,8.71,8.71,20781788,189133696.00
2011/05/30,8.32,8.49,7.82,7.85,12794943,106351592.00
2011/05/31,7.88,8.18,7.86,8.15,5947596,48799592.00
2011/06/01,8.27,8.27,8.01,8.17,5626878,46960360.00
2011/06/02,8.00,8.05,7.70,7.93,5992031,48407684.00
2011/06/03,7.94,8.15,7.94,8.08,3978609,32825626.00
2011/06/07,8.09,8.24,8.01,8.21,3796926,31712260.00
2011/06/08,8.21,8.39,8.13,8.39,4933118,41671460.00
2011/06/09,8.37,8.46,8.11,8.13,4943625,41959772.00
2011/06/10,8.16,8.34,7.91,8.28,3992044,33173846.00
2011/06/13,8.21,8.30,8.11,8.22,2776466,23323082.00
2011/06/14,8.13,8.36,8.10,8.33,4276701,36246456.00
2011/06/15,8.36,8.58,8.22,8.22,5223964,44998224.00
2011/06/16,8.10,8.17,7.95,8.00,3170020,26182282.00
2011/06/17,8.05,8.27,7.97,8.01,3302539,27491966.00
2011/06/20,7.95,7.99,7.66,7.71,3845078,30757734.00
2011/06/21,7.78,7.85,7.68,7.80,3076685,24552284.00
2011/06/22,7.87,7.87,7.70,7.74,1934529,15472309.00
2011/06/23,7.75,8.00,7.61,7.92,2621178,21104800.00
2011/06/24,7.84,8.12,7.84,8.09,5753681,47391528.00
2011/06/27,8.09,8.25,8.00,8.20,4608947,38305944.00
2011/06/28,8.20,8.20,8.00,8.14,3724572,30865940.00
2011/06/29,8.10,8.27,8.07,8.14,4290955,35946976.00
2011/06/30,8.08,8.27,8.08,8.17,2833216,23800686.00
2011/07/01,8.23,8.28,8.14,8.16,3149769,26493056.00
2011/07/04,8.21,8.32,8.14,8.31,4516001,38210836.00
2011/07/05,8.34,8.36,8.21,8.28,7777481,65878192.00
2011/07/06,8.29,8.29,8.10,8.22,5242033,43893128.00
2011/07/07,8.24,8.26,8.10,8.20,6127618,51328900.00
2011/07/08,8.15,8.45,8.11,8.40,9963714,84713360.00
2011/07/11,8.36,8.54,8.32,8.38,10380010,89564168.00
2011/07/12,8.30,8.36,8.18,8.21,5574160,46996364.00
2011/07/13,8.20,8.32,8.19,8.27,4701829,39824976.00
2011/07/14,8.30,8.49,8.26,8.43,7504610,64556320.00
2011/07/15,8.43,8.46,8.33,8.42,5705629,48998892.00
2011/07/18,8.41,8.53,8.36,8.43,5320452,46000688.00
2011/07/19,8.38,8.40,8.22,8.25,4248058,36036192.00
2011/07/20,8.31,8.35,8.14,8.22,4750361,40079624.00
2011/07/21,8.22,8.26,8.12,8.13,3736405,31312912.00
2011/07/22,8.12,8.19,8.07,8.11,3932585,32756464.00
2011/07/25,8.09,8.09,7.63,7.65,6353668,51000860.00
2011/07/26,7.68,7.81,7.66,7.77,3276690,25987310.00
2011/07/27,7.81,8.13,7.81,8.03,6893659,56675756.00
2011/07/28,7.94,8.00,7.70,7.88,4816761,38835260.00
2011/07/29,7.90,7.91,7.70,7.76,3186438,25420588.00
2011/08/01,7.79,7.87,7.78,7.82,2529614,20283316.00
2011/08/02,7.80,7.80,7.46,7.54,8525883,66058452.00
2011/08/03,7.41,7.59,7.39,7.55,3920131,30255948.00
2011/08/04,7.56,7.70,7.51,7.67,4260037,33309532.00
2011/08/05,7.35,7.47,7.34,7.40,4065619,31001802.00
2011/08/08,7.35,7.39,6.64,6.81,5930435,42265528.00
2011/08/09,6.58,6.70,6.20,6.65,6868576,45893344.00
2011/08/10,6.80,6.86,6.70,6.75,4487516,31282836.00
2011/08/11,6.52,7.15,6.49,7.10,6402779,44976020.00
2011/08/12,7.06,7.62,7.05,7.61,15766826,120297096.00
2011/08/15,7.61,7.88,7.50,7.65,12323882,97571784.00
2011/08/16,7.61,8.03,7.60,7.93,10745946,86445416.00
2011/08/17,7.90,8.18,7.83,8.17,11671606,95696840.00
2011/08/18,8.16,8.39,7.95,7.99,11869045,98933000.00
2011/08/19,7.90,8.09,7.67,8.06,6530784,52682404.00
2011/08/22,8.04,8.31,7.93,8.01,7418123,62068352.00
2011/08/23,8.10,8.10,7.73,7.88,6113382,49369428.00
2011/08/24,7.88,7.97,7.60,7.75,6902403,54820380.00
2011/08/25,7.79,7.80,7.60,7.75,8225919,65140832.00
2011/08/26,7.78,8.38,7.67,8.19,14188172,117105688.00
2011/08/29,8.08,8.40,8.00,8.22,12552920,105444392.00
2011/08/30,8.27,8.45,8.09,8.11,9278734,78914264.00
2011/08/31,8.19,8.40,8.06,8.27,6950031,58692324.00
2011/09/01,8.26,8.33,7.92,7.95,6783869,56098000.00
2011/09/02,7.93,7.95,7.60,7.73,5169247,41035356.00
2011/09/05,7.70,7.70,7.41,7.57,3367080,25931720.00
2011/09/06,7.45,7.64,7.43,7.58,1994604,15473853.00
2011/09/07,7.60,7.72,7.51,7.69,4524852,35365940.00
2011/09/08,7.80,7.80,7.55,7.58,3260041,25597960.00
2011/09/09,7.59,7.65,7.49,7.52,1670190,12958421.00
2011/09/13,7.41,7.41,7.02,7.15,2993141,22118428.00
2011/09/14,7.21,7.29,7.08,7.26,1601320,11858549.00
2011/09/15,7.26,7.34,7.18,7.25,1813248,13502755.00
2011/09/16,7.29,7.37,7.18,7.30,1562320,11709203.00
2011/09/19,7.18,7.29,7.15,7.15,1256729,9314678.00
2011/09/20,7.19,7.22,6.87,6.96,4164802,30099376.00
2011/09/21,6.96,7.15,6.83,7.11,4105156,29545046.00
2011/09/22,7.04,7.22,6.98,6.99,2778893,20283590.00
2011/09/23,6.79,7.06,6.73,6.88,3005942,21362102.00
2011/09/26,6.94,7.08,6.80,6.83,2440617,17473004.00
2011/09/27,6.90,6.94,6.77,6.85,1876199,13234751.00
2011/09/28,6.91,6.93,6.65,6.65,1999641,13997734.00
2011/09/29,6.65,6.65,6.42,6.48,2083164,14028082.00
2011/09/30,6.60,6.65,6.46,6.61,1446665,9784671.00
2011/10/10,6.60,7.29,6.60,7.14,6157517,44781964.00
2011/10/11,7.21,7.35,6.98,7.13,5113073,37712548.00
2011/10/12,7.13,7.65,7.00,7.45,7080724,53702240.00
2011/10/13,7.45,7.50,7.28,7.37,3228726,24474174.00
2011/10/14,7.32,7.63,7.31,7.41,5204745,40001128.00
2011/10/17,7.33,7.44,7.22,7.27,3093406,23189326.00
2011/10/18,7.27,7.27,7.04,7.05,2355012,17249810.00
2011/10/19,7.10,7.15,6.95,7.05,2051058,14839307.00
2011/10/20,7.00,7.06,6.75,6.84,2177500,15435905.00
2011/10/21,6.85,6.85,6.65,6.72,1479998,10263274.00
2011/10/24,6.72,6.85,6.62,6.84,2828763,19645222.00
2011/10/25,6.89,6.95,6.70,6.91,5454243,38421580.00
2011/10/26,6.88,7.05,6.78,6.89,7561318,53553768.00
2011/10/27,6.89,6.91,6.79,6.82,4331955,30494264.00
2011/10/28,6.88,6.96,6.85,6.93,5397767,38375040.00
2011/10/31,6.93,7.03,6.92,7.03,4416981,31686934.00
2011/11/01,6.99,7.04,6.88,6.89,6221598,44541308.00
2011/11/02,6.77,6.89,6.59,6.87,6240368,43274104.00
2011/11/03,6.86,7.05,6.86,7.01,7434887,53413296.00
2011/11/04,6.99,7.11,6.96,7.06,5469346,39634672.00
2011/11/07,7.03,7.13,6.97,7.08,4881876,35415712.00
2011/11/08,7.08,7.10,6.83,6.89,5152319,36909572.00
2011/11/09,6.89,6.94,6.79,6.92,4396667,31023112.00
2011/11/10,6.81,6.86,6.75,6.78,2874227,20162434.00
2011/11/11,6.78,6.84,6.74,6.78,1971345,13774011.00
2011/11/14,6.82,7.02,6.80,7.00,5005408,35833604.00
2011/11/15,6.97,7.06,6.96,7.02,3018996,21752406.00
2011/11/16,7.02,7.05,6.80,6.82,3599804,25579700.00
2011/11/17,6.82,6.89,6.78,6.83,1793379,12631356.00
2011/11/18,6.80,6.90,6.71,6.73,3106221,21753164.00
2011/11/21,6.71,6.77,6.60,6.71,1656054,11393588.00
2011/11/22,6.65,6.70,6.60,6.67,1683639,11521032.00
2011/11/23,6.67,6.71,6.56,6.59,1465450,10027905.00
2011/11/24,6.52,6.59,6.45,6.50,1649095,11059988.00
2011/11/25,6.51,6.55,6.46,6.51,1086150,7282331.00
2011/11/28,6.55,6.62,6.52,6.60,1174999,7964600.00
2011/11/29,6.71,6.72,6.58,6.66,1269253,8674397.00
2011/11/30,6.61,6.66,6.32,6.35,2604110,17315016.00
2011/12/01,6.49,6.55,6.43,6.48,2671312,17883724.00
2011/12/02,6.48,6.48,6.25,6.31,1473269,9605086.00
2011/12/05,6.28,6.28,5.91,6.00,1719220,10751089.00
2011/12/06,5.97,6.04,5.94,6.01,1223995,7571686.50
2011/12/07,6.02,6.06,5.98,6.00,961999,5985017.00
2011/12/08,5.99,6.06,5.91,6.05,1161611,7200791.00
2011/12/09,6.03,6.04,5.98,6.03,653267,4056482.75
2011/12/12,6.00,6.04,5.93,6.03,652932,4044556.25
2011/12/13,5.97,6.00,5.65,5.81,2992541,17886124.00
2011/12/14,5.77,5.81,5.52,5.75,1722800,10140223.00
2011/12/15,5.70,5.92,5.44,5.56,3439396,19840406.00
2011/12/16,5.51,5.61,5.27,5.60,1940713,10971714.00
2011/12/19,5.56,5.56,5.30,5.49,2164208,12149138.00
2011/12/20,5.40,5.54,5.40,5.42,1237797,7036751.50
2011/12/21,5.48,5.51,5.20,5.25,1137091,6378653.00
2011/12/22,5.16,5.20,4.90,5.03,1565667,8225733.50
2011/12/23,4.98,5.14,4.98,5.07,1033967,5447227.50
2011/12/26,5.08,5.11,5.00,5.09,1060186,5591960.00
2011/12/27,5.05,5.07,4.82,4.90,1373900,7103701.00
2011/12/28,4.86,4.86,4.63,4.82,1516885,7513323.00
2011/12/29,4.82,4.86,4.71,4.76,1074220,5366675.00
2012/01/04,4.89,4.94,4.72,4.73,1904790,9586652.00
2012/01/05,4.66,4.67,4.48,4.49,1409501,6735326.50
2012/01/06,4.82,4.90,4.60,4.68,2230808,10954823.00
2012/01/09,4.69,5.09,4.68,5.06,3338809,16978868.00
2012/01/10,5.00,5.30,4.95,5.26,3648924,19501378.00
2012/01/11,5.24,5.24,5.10,5.14,2861417,15362869.00
2012/01/12,5.14,5.24,5.11,5.15,1763741,9495084.00
2012/01/13,5.18,5.18,4.90,4.94,2438074,12696630.00
2012/01/16,4.81,4.97,4.76,4.77,1145104,5807567.50
2012/01/17,4.80,5.09,4.77,5.09,2698856,14019675.00
2012/01/18,5.06,5.15,4.98,5.08,2634491,13893458.00
2012/01/19,5.07,5.15,5.00,5.11,1816398,9624942.00
2012/01/20,5.13,5.26,5.11,5.23,2573601,13906017.00
2012/01/30,5.20,5.28,5.14,5.16,1832939,9883418.00
2012/01/31,5.15,5.19,5.09,5.15,1242594,6630515.00
2012/02/01,5.17,5.25,5.12,5.12,1841967,9919325.00
2012/02/02,5.13,5.37,5.13,5.35,4581848,25035066.00
2012/02/03,5.35,5.45,5.27,5.36,4893311,27319804.00
2012/02/06,5.33,5.68,5.30,5.55,5100686,29265454.00
2012/02/07,5.44,5.49,5.39,5.41,3227565,18154338.00
2012/02/08,5.41,5.59,5.36,5.58,3591428,20524218.00
2012/02/09,5.53,5.63,5.53,5.56,3408817,19736262.00
2012/05/10,6.14,6.14,6.14,6.14,514959,3264840.00
2012/05/14,6.77,6.77,6.77,6.77,931840,6494925.00
2012/05/15,7.47,7.47,6.56,6.71,27411759,201302192.00
2012/05/16,6.41,6.59,6.38,6.43,9972930,66460172.00
2012/05/17,6.40,6.47,6.20,6.29,8248599,53690064.00
2012/05/18,6.20,6.41,6.12,6.20,5609795,36256556.00
2012/05/21,6.21,6.32,6.01,6.09,4537627,28691816.00
2012/05/22,6.14,6.21,6.09,6.17,4063683,25810310.00
2012/05/23,6.17,6.25,5.98,6.05,4498954,28159672.00
2012/05/24,6.07,6.18,6.00,6.15,4195454,26358802.00
2012/05/25,6.12,6.28,6.03,6.16,6258612,39857576.00
2012/05/28,6.12,6.20,5.99,6.20,4998941,31474214.00
2012/05/29,6.20,6.33,6.16,6.24,5729309,37068284.00
2012/05/30,6.26,6.26,6.15,6.17,3101571,19816940.00
2012/05/31,6.10,6.15,6.03,6.04,3738985,23467144.00
2012/06/01,6.01,6.08,5.88,5.91,4507252,27767424.00
2012/06/04,5.80,5.81,5.64,5.66,3086545,18299630.00
2012/06/05,5.67,5.76,5.66,5.73,1942942,11496336.00
2012/06/06,5.76,5.76,5.40,5.56,2998969,17440282.00
2012/06/07,5.58,5.76,5.57,5.59,2594537,15175500.00
2012/06/08,5.63,5.68,5.50,5.55,1808774,10501804.00
2012/06/11,5.60,5.65,5.53,5.63,1861236,10775968.00
2012/06/12,5.65,5.73,5.60,5.65,2007190,11774889.00
2012/06/13,5.66,5.93,5.59,5.90,5304235,31868112.00
2012/06/14,5.85,5.89,5.71,5.73,3202802,19241666.00
2012/06/15,5.73,5.77,5.61,5.70,1774010,10459891.00
2012/06/18,5.70,5.79,5.67,5.68,2001440,11862747.00
2012/06/19,5.68,5.75,5.62,5.63,1968435,11601531.00
2012/06/20,5.64,5.78,5.61,5.75,2428144,14288923.00
2012/06/21,5.71,5.71,5.50,5.56,1990001,11558386.00
2012/06/26,5.33,5.39,5.20,5.28,2086008,11426576.00
2012/06/27,5.27,5.38,5.25,5.25,1080842,5962849.50
2012/06/28,5.31,5.32,5.06,5.08,1549881,8344252.00
2012/06/29,5.05,5.15,4.98,5.13,1597134,8426737.00
2012/07/02,5.20,5.21,5.12,5.15,1118989,5986785.00
2012/07/03,5.17,5.23,5.11,5.20,1379692,7439131.50
2012/07/04,5.20,5.27,5.18,5.21,1395455,7563381.50
2012/07/05,5.21,5.21,5.08,5.16,1534313,8190449.50
2012/07/06,5.20,5.32,5.12,5.20,2657751,14387281.00
2012/07/09,5.20,5.29,5.12,5.13,2448854,13205528.00
2012/07/10,5.15,5.66,5.14,5.66,7802024,45076920.00
2012/07/11,5.91,6.13,5.86,6.04,22276191,137748160.00
2012/07/12,5.93,6.13,5.83,6.12,16639952,103002552.00
2012/07/13,6.05,6.69,5.97,6.41,19638959,127671288.00
2012/07/16,6.30,6.55,6.21,6.29,15513604,102224928.00
2012/07/17,6.16,6.75,6.06,6.62,18767699,124877352.00
2012/07/18,6.52,6.80,6.36,6.60,18327382,124799976.00
2012/07/19,6.50,6.66,6.35,6.48,15164894,101237520.00
2012/07/20,6.35,6.43,6.18,6.24,9728719,63227360.00
2012/07/23,6.13,6.17,5.96,6.12,7001618,44002316.00
2012/07/24,6.07,6.25,6.02,6.14,6881987,43810260.00
2012/07/25,6.05,6.46,6.01,6.30,12923801,83741672.00
2012/07/26,6.25,6.35,5.95,6.00,7061937,44964776.00
2012/07/27,6.21,6.22,5.91,6.03,5700987,35619536.00
2012/07/30,5.97,6.04,5.41,5.41,8543043,49370452.00
2012/07/31,5.40,5.74,5.28,5.51,7669121,44260340.00
2012/08/01,5.42,5.63,5.35,5.52,4405627,25176060.00
2012/08/02,5.53,5.77,5.48,5.69,7018821,41113080.00
2012/08/03,5.65,5.74,5.63,5.73,3797656,22333222.00
2012/08/06,5.73,5.85,5.62,5.81,5291014,31587280.00
2012/08/07,5.81,6.13,5.80,5.99,8028181,49717732.00
2012/08/08,6.02,6.02,5.86,5.94,4085520,24994584.00
2012/08/09,5.90,5.92,5.61,5.92,8067361,48357004.00
2012/08/10,5.85,5.99,5.81,5.86,4016290,24371520.00
2012/08/13,6.00,6.47,6.00,6.13,15222520,97680776.00
2012/08/14,6.30,6.70,6.15,6.48,17682586,117190552.00
2012/08/15,6.49,6.49,6.13,6.19,10266937,66058708.00
2012/08/16,6.20,6.46,5.95,5.96,9145371,58658368.00
2012/08/17,5.92,5.96,5.74,5.90,6471054,39053048.00
2012/08/20,5.90,6.09,5.78,6.07,5655946,34765680.00
2012/08/21,5.95,6.10,5.92,6.03,6037340,37561272.00
2012/08/22,6.03,6.03,5.80,5.85,5329714,32457810.00
2012/08/23,5.74,5.94,5.74,5.89,3759488,22779714.00
2012/08/24,5.95,6.09,5.85,5.88,6970082,42997304.00
2012/08/27,5.85,5.85,5.52,5.65,4477758,26282412.00
2012/08/28,5.66,5.73,5.57,5.70,2470654,14475564.00
2012/08/29,5.70,5.70,5.55,5.55,3104898,17997202.00
2012/08/30,5.49,5.65,5.39,5.47,2875641,16442648.00
2012/08/31,5.47,5.58,5.40,5.55,1848001,10556758.00
2012/09/03,5.54,5.73,5.48,5.70,3951762,23129270.00
2012/09/04,5.72,5.72,5.49,5.50,3707201,21481764.00
2012/09/05,5.49,5.55,5.42,5.52,2782154,15832339.00
2012/09/06,5.55,5.58,5.44,5.49,2869553,16314120.00
2012/09/07,5.56,5.77,5.50,5.69,5783402,33932288.00
2012/09/10,5.69,5.88,5.66,5.86,6170653,37105776.00
2012/09/11,5.84,5.86,5.71,5.86,3652909,21851064.00
2012/09/12,5.90,5.93,5.82,5.86,3930014,23842410.00
2012/09/13,5.88,5.90,5.71,5.71,2957667,17805100.00
2012/09/14,5.72,5.80,5.63,5.69,2792995,16490332.00
2012/09/17,5.62,5.69,5.44,5.44,2734759,15720210.00
2012/09/18,5.44,5.56,5.41,5.45,1748883,9932194.00
2012/09/19,5.48,5.58,5.48,5.54,1306841,7485999.00
2012/09/20,5.54,5.54,5.18,5.25,2683344,14859092.00
2012/09/21,5.24,5.27,5.10,5.23,1612603,8708786.00
2012/09/24,5.25,5.31,5.18,5.28,1343010,7340127.00
2012/09/25,5.28,5.29,5.14,5.18,1247570,6757381.00
2012/09/26,5.16,5.24,4.93,4.98,1431045,7528501.00
2012/09/27,4.97,5.13,4.94,5.06,1763023,9279980.00
2012/09/28,5.00,5.16,5.00,5.14,2006394,10612739.00
2012/10/08,5.16,5.36,5.15,5.26,3435758,18897262.00
2012/10/09,5.26,5.35,5.25,5.35,2209764,12187114.00
2012/10/10,5.34,5.38,5.28,5.37,1898232,10539406.00
2012/10/11,5.35,5.37,5.21,5.26,1873838,10315861.00
2012/10/12,5.26,5.29,5.16,5.26,1619960,8811500.00
2012/10/15,5.28,5.28,5.13,5.16,1355799,7280243.00
2012/10/16,5.19,5.23,5.13,5.23,1427428,7711128.50
2012/10/17,5.24,5.30,5.20,5.28,1262048,6901246.50
2012/10/18,5.25,5.36,5.25,5.34,1938503,10716095.00
2012/10/19,5.30,5.36,5.30,5.35,1629063,9013752.00
2012/10/22,5.30,5.34,5.26,5.34,1523985,8396867.00
2012/10/23,5.32,5.35,5.27,5.27,1517978,8364717.50
2012/10/24,5.28,5.44,5.28,5.42,4318489,24147084.00
2012/10/25,5.40,5.42,5.26,5.31,2332800,12935266.00
2012/10/26,5.30,5.32,5.10,5.12,1968179,10570681.00
2012/10/29,5.10,5.15,5.04,5.08,1184547,6253799.00
2012/10/30,5.08,5.17,5.07,5.15,861803,4588509.00
2012/10/31,5.17,5.17,5.04,5.09,1023519,5407486.00
2012/11/01,5.10,5.22,5.08,5.21,1483984,7962948.00
2012/11/02,5.21,5.24,5.16,5.24,1308161,7073081.00
2012/11/05,5.25,5.33,5.20,5.30,2027746,11118383.00
2012/11/06,5.30,5.30,5.17,5.25,1314405,7139730.50
2012/11/07,5.16,5.17,4.96,5.07,4737230,24837488.00
2012/11/08,5.00,5.04,4.94,4.95,2036601,10567178.00
2012/11/09,4.93,5.02,4.92,5.00,1307604,6757081.00
2012/11/12,5.00,5.18,4.87,5.16,4254705,22151888.00
2012/11/13,5.50,5.70,5.33,5.33,15434146,88320960.00
2012/11/14,5.19,5.23,4.95,5.01,8091713,42871408.00
2012/11/15,5.00,5.12,4.95,4.98,3814789,19947090.00
2012/11/16,4.96,4.98,4.80,4.89,3265990,16524752.00
2012/11/19,4.89,4.94,4.81,4.90,2257164,11403216.00
2012/11/20,4.90,4.94,4.83,4.83,1571279,7984034.50
2012/11/21,4.80,4.86,4.68,4.85,3050816,15147326.00
2012/11/22,4.80,4.82,4.72,4.75,1788547,8869217.00
2012/11/23,4.76,4.82,4.74,4.76,1372151,6832960.50
2012/11/26,4.78,4.79,4.68,4.68,1137756,5597684.50
2012/11/27,4.66,4.75,4.50,4.54,1689649,8158868.00
2012/11/28,4.54,4.54,4.32,4.39,1284289,5941912.00
2012/11/29,4.39,4.44,4.28,4.29,969922,4423860.00
2012/11/30,4.25,4.36,4.25,4.32,1235100,5569608.50
2012/12/03,4.32,4.35,4.11,4.12,1379623,6147945.00
2012/12/04,4.12,4.21,4.03,4.18,1667153,7171230.50
2012/12/05,4.16,4.38,4.16,4.38,2422869,10954693.00
2012/12/06,4.38,4.42,4.30,4.34,1407798,6396521.50
2012/12/07,4.31,4.50,4.31,4.48,2462421,11472038.00
2012/12/10,4.48,4.68,4.48,4.63,3202908,15354105.00
2012/12/11,4.63,4.71,4.54,4.54,3257935,15748287.00
2012/12/12,4.54,4.58,4.45,4.53,2110366,9952871.00
2012/12/13,4.50,4.60,4.45,4.52,2028066,9630472.00
2012/12/14,4.48,4.73,4.48,4.69,4415891,21475120.00
2012/12/17,4.67,4.89,4.67,4.74,5758027,28685946.00
2012/12/18,4.71,4.83,4.70,4.72,3205939,15937582.00
2012/12/19,4.75,4.77,4.69,4.74,1970912,9721340.00
2012/12/20,4.71,4.77,4.66,4.76,2776664,13648103.00
2012/12/21,4.80,4.82,4.73,4.74,2582680,12835924.00
2012/12/24,4.70,4.79,4.70,4.75,1395443,6916473.00
2012/12/25,4.71,4.84,4.71,4.83,3671653,18358908.00
2012/12/26,4.83,4.88,4.79,4.87,3383588,17015576.00
2012/12/27,4.85,4.90,4.82,4.83,3100081,15631201.00
2012/12/28,4.82,4.85,4.80,4.84,3738248,18785418.00
2012/12/31,4.85,5.01,4.82,4.98,5492425,28178540.00
2013/01/04,4.98,5.05,4.84,4.96,4505342,23113802.00
2013/01/07,4.94,5.04,4.90,5.03,3740693,19357138.00
2013/01/08,5.03,5.05,4.96,5.03,3428131,17831330.00
2013/01/09,5.55,5.55,5.42,5.55,15137964,86851376.00
2013/01/10,5.69,5.69,5.39,5.48,19259634,109951720.00
2013/01/11,5.51,5.99,5.40,5.63,17767632,104686280.00
2013/01/14,5.50,5.94,5.49,5.88,17128605,103055384.00
2013/01/15,5.85,5.91,5.75,5.88,11690986,70449808.00
2013/01/16,5.86,5.86,5.61,5.74,9519043,56312520.00
2013/01/17,5.74,5.74,5.56,5.62,5490334,31996616.00
2013/01/18,5.64,5.71,5.60,5.67,4441257,26049472.00
2013/01/21,5.70,5.75,5.63,5.75,4949409,29187012.00
2013/01/22,5.72,5.76,5.60,5.69,5524068,32470218.00
2013/01/23,5.69,5.72,5.47,5.56,5285930,30515522.00
2013/01/24,5.63,5.79,5.50,5.61,8746975,51253216.00
2013/01/25,5.51,5.58,5.47,5.49,2938357,16774085.00
2013/01/28,5.52,5.72,5.52,5.72,5615520,32894768.00
2013/01/29,5.72,5.83,5.67,5.77,7778448,46530040.00
2013/01/30,5.77,5.97,5.77,5.85,7974663,48414056.00
2013/01/31,6.25,6.46,6.05,6.13,20167094,129655856.00
2013/02/01,6.13,6.65,6.06,6.28,15610902,102880336.00
2013/02/04,6.13,6.13,5.88,5.93,11360102,70013160.00
2013/02/05,5.83,5.96,5.82,5.94,4903472,29867632.00
2013/02/06,5.97,6.03,5.92,5.97,3826076,23581090.00
2013/02/07,5.94,6.02,5.93,5.98,3255472,20093372.00
2013/02/08,6.00,6.06,5.98,5.99,4681355,29087642.00
2013/02/18,6.08,6.11,6.00,6.06,4845549,30340608.00
2013/02/19,6.05,6.12,5.90,5.93,4727252,29183232.00
2013/02/20,5.97,6.10,5.93,6.10,5596862,34757520.00
2013/02/21,6.06,6.29,6.00,6.24,12809449,81299392.00
2013/02/22,6.21,6.31,6.07,6.09,7584128,48492400.00
2013/02/25,6.08,6.13,5.96,6.11,5220263,32598266.00
2013/02/26,6.12,6.22,6.02,6.04,6156654,38917012.00
2013/02/27,6.01,6.12,5.99,6.04,4068847,25377816.00
2013/02/28,6.07,6.21,6.02,6.17,7447814,47241996.00
2013/03/01,6.16,6.41,6.06,6.41,14957895,96688696.00
2013/03/04,6.32,6.58,6.24,6.35,13564858,89516888.00
2013/03/05,6.30,6.60,6.30,6.52,11519010,76836992.00
2013/03/06,6.72,7.19,6.60,7.19,26849847,189968432.00
2013/03/07,7.58,7.93,7.47,7.83,40965845,322816768.00
2013/03/08,7.75,8.02,7.53,7.59,28627918,228489488.00
2013/03/11,7.67,7.67,6.98,7.33,18937636,141743744.00
2013/03/12,7.25,7.42,6.97,7.28,15535111,115027416.00
2013/03/13,7.21,7.34,7.03,7.22,10559835,78049992.00
2013/03/14,7.15,7.43,7.14,7.25,11297736,84727264.00
2013/03/15,7.29,7.51,7.11,7.34,14645334,110597144.00
2013/03/18,7.20,7.20,6.70,6.81,13872665,98271352.00
2013/03/19,6.78,6.95,6.57,6.71,10347213,71593536.00
2013/03/20,6.74,7.06,6.65,7.00,11781630,83496264.00
2013/03/21,6.95,7.32,6.95,7.29,12763050,94041384.00
2013/03/22,7.22,7.47,7.08,7.37,13966066,104551368.00
2013/03/25,7.55,7.79,7.41,7.43,15983236,124691712.00
2013/03/26,7.43,8.19,7.40,8.18,26428311,211724464.00
2013/03/27,8.05,8.34,7.89,8.06,24350716,202126576.00
2013/03/28,7.97,8.57,7.69,8.30,34068657,286435744.00
2013/03/29,8.17,8.40,8.04,8.04,14159268,118628944.00
2013/04/01,8.11,8.54,8.08,8.30,17816093,152612272.00
2013/04/02,8.49,8.50,7.61,7.80,18838794,156627616.00
2013/04/03,7.79,8.00,7.60,7.72,11452403,91542184.00
2013/04/08,7.53,8.35,7.36,8.27,13963396,113644160.00
2013/04/09,8.34,8.77,8.26,8.64,18834227,165475248.00
2013/04/10,8.59,8.67,8.43,8.57,10376445,90857848.00
2013/04/11,8.57,8.65,8.36,8.41,8377727,72409424.00
2013/04/12,8.52,8.88,8.52,8.69,19480370,173966848.00
2013/04/15,8.71,8.78,8.42,8.43,10265764,89914552.00
2013/04/16,8.28,8.73,7.99,8.64,13336577,114974256.00
2013/04/17,8.59,8.84,8.43,8.74,11676056,103827328.00
2013/04/18,8.66,9.08,8.60,8.88,11847024,107250600.00
2013/04/19,8.90,9.79,8.78,9.59,33011634,318405920.00
2013/04/22,9.49,9.79,9.43,9.77,18980122,186528320.00
2013/04/23,9.77,9.92,9.13,9.17,18768426,181944112.00
2013/04/24,9.25,9.92,9.16,9.90,20599519,202049760.00
2013/04/25,9.88,9.91,9.10,9.16,22604861,220151424.00
2013/04/26,9.15,9.25,8.73,8.84,14183003,129758112.00
2013/05/02,8.90,9.20,8.68,9.20,11672493,107242312.00
2013/05/03,9.20,9.42,8.81,8.95,16610308,154205616.00
2013/05/06,9.05,9.05,8.62,8.92,22872034,205592864.00
2013/05/07,8.83,8.89,8.67,8.76,12953961,116012728.00
2013/05/08,8.76,9.17,8.71,9.14,20121097,184082864.00
2013/05/09,9.15,9.32,9.00,9.27,17229936,161523616.00
2013/05/10,9.26,9.39,9.08,9.21,9833393,92628672.00
2013/05/13,9.20,9.28,8.89,8.98,10461834,96467824.00
2013/05/14,8.95,8.95,8.40,8.44,14693507,129545992.00
2013/05/15,8.35,8.64,8.33,8.51,9714899,84389024.00
2013/05/16,8.46,8.61,8.24,8.51,10936283,94292296.00
2013/05/17,8.49,8.73,8.40,8.65,9233397,81112760.00
2013/05/20,8.63,9.02,8.57,8.94,13585476,122834888.00
2013/05/21,9.00,9.24,8.90,9.15,14455283,134094408.00
2013/05/22,9.10,9.25,8.88,8.93,13492332,124133472.00
2013/05/23,8.93,9.07,8.71,8.81,8306768,75495792.00
2013/05/24,8.81,8.90,8.65,8.80,6241852,55811608.00
2013/05/27,8.80,9.60,8.80,9.44,27298992,259620240.00
2013/05/28,9.45,9.65,9.29,9.35,17877342,172277200.00
2013/05/29,9.35,9.70,9.07,9.66,25570314,245618560.00
2013/05/30,9.45,9.70,9.38,9.42,15777237,153211952.00
2013/05/31,9.40,9.47,9.20,9.21,11339961,107879152.00
2013/06/03,9.20,9.26,9.03,9.10,7539294,70431624.00
2013/06/04,9.10,9.15,8.50,8.69,11928719,106601280.00
2013/06/05,8.72,8.90,8.59,8.85,8053643,72196672.00
2013/06/06,8.76,8.78,8.51,8.53,5473653,48313500.00
2013/06/07,8.53,8.67,8.00,8.25,7677522,64944644.00
2013/06/13,8.15,8.16,7.41,7.91,9823457,77817184.00
2013/06/14,7.93,8.03,7.80,7.95,6543454,52930748.00
2013/06/17,8.00,8.50,7.91,8.26,8440726,71039488.00
2013/06/18,8.15,8.28,8.11,8.19,4680137,38998716.00
2013/06/19,8.32,8.42,8.26,8.36,7520986,63880200.00
2013/06/20,8.29,8.31,7.78,7.80,7294099,59611004.00
2013/06/21,7.62,7.73,7.35,7.64,5062116,39183756.00
2013/06/24,7.66,7.79,7.03,7.34,8324343,63700020.00
2013/06/25,7.15,7.38,6.59,7.29,12340641,87562944.00
2013/06/26,7.29,7.47,7.09,7.45,8119360,61007676.00
2013/06/27,7.53,7.90,7.47,7.51,9572071,75022008.00
2013/06/28,7.49,7.66,7.16,7.48,5152776,39403384.00
2013/07/01,7.63,7.77,7.56,7.76,6540775,51346776.00
2013/07/02,7.75,8.18,7.70,8.18,10348007,84030256.00
2013/07/03,8.20,8.43,8.15,8.32,11996128,101048968.00
2013/07/04,9.05,9.17,8.85,9.01,36412648,334434656.00
2013/07/05,8.91,9.01,8.73,8.73,15456897,138704240.00
2013/07/08,8.53,8.82,8.15,8.50,12177565,105261280.00
2013/07/09,8.45,8.59,8.27,8.55,7388366,63600140.00
2013/07/10,8.45,8.90,8.38,8.90,14313944,127876000.00
2013/07/11,8.85,9.10,8.77,8.97,13877544,126522424.00
2013/07/12,8.93,9.24,8.76,8.80,9572038,87484200.00
2013/07/15,8.80,9.08,8.80,9.07,11323120,103489472.00
2013/07/16,9.08,9.33,9.03,9.29,11171925,104705512.00
2013/07/17,9.35,9.59,9.03,9.04,12147740,115219528.00
2013/07/18,8.93,9.35,8.86,9.05,8468213,78691344.00
2013/07/19,9.04,9.43,8.98,9.05,12520993,117974136.00
2013/07/22,9.00,9.42,8.97,9.35,7109150,67264432.00
2013/07/23,9.50,9.71,9.50,9.68,12118156,118439152.00
2013/07/24,9.85,10.00,9.63,9.85,14700860,146794400.00
2013/07/25,9.84,10.32,9.83,10.08,16329673,167890336.00
2013/07/26,9.89,10.25,9.80,9.90,10557032,107110544.00
2013/07/29,9.85,10.11,9.65,9.67,9438839,94507856.00
2013/09/10,10.65,10.65,10.30,10.65,28952508,312197568.00
2013/09/11,10.85,11.02,10.11,10.33,27050605,290436128.00
2013/09/12,10.10,11.37,9.53,11.19,29773058,318066240.00
2013/09/13,11.15,11.90,11.05,11.60,22507728,263840848.00
2013/09/16,11.44,11.83,11.16,11.60,16599414,192589344.00
2013/09/17,11.52,11.74,10.80,10.95,11125535,126429080.00
2013/09/18,10.90,11.45,10.90,11.00,7843183,88450640.00
2013/09/23,11.05,11.16,10.67,11.07,9644445,106646064.00
2013/09/24,10.94,10.94,10.58,10.65,9452655,102725720.00
2013/09/25,10.53,11.18,10.53,10.85,8219264,91156016.00
2013/09/26,10.77,11.17,10.56,10.79,6340034,70113800.00
2013/09/27,10.75,10.94,10.53,10.77,6692648,72846592.00
2013/09/30,10.79,11.15,10.73,10.93,7147306,78946152.00
2013/10/08,10.96,11.11,10.60,11.04,16931975,185622224.00
2013/10/09,11.05,11.54,11.05,11.53,16266482,186795008.00
2013/10/10,11.46,11.76,11.35,11.46,14375635,168668112.00
2013/10/11,11.48,11.70,11.19,11.27,10703121,123078288.00
2013/10/14,11.29,11.30,10.96,11.05,10035359,112444376.00
2013/10/15,11.04,11.59,10.98,11.44,15004569,171961104.00
2013/10/16,11.31,11.64,11.01,11.41,10258549,117698968.00
2013/10/17,11.57,12.01,11.42,11.76,19072918,227151504.00
2013/10/18,11.60,11.80,11.41,11.52,7497379,87995120.00
2013/10/21,11.43,11.76,11.25,11.75,8149127,94794480.00
2013/10/22,11.65,12.11,11.33,11.39,9496140,111721792.00
2013/10/23,11.30,11.45,10.72,10.92,9740400,108589144.00
2013/10/24,10.97,11.15,10.75,10.76,3252073,35909816.00
2013/10/25,10.78,11.04,10.65,10.74,5366909,59065460.00
2013/10/28,10.73,10.96,10.40,10.50,5687643,61308640.00
2013/10/29,10.45,10.70,9.85,9.99,9420062,96896736.00
2013/10/30,10.09,10.34,9.70,10.31,6678543,67432232.00
2013/10/31,9.89,10.23,9.89,10.01,3372603,34332632.00
2013/11/01,10.05,10.30,9.75,10.13,2506338,25590948.00
2013/11/04,10.16,10.29,10.11,10.27,2181088,22591620.00
2013/11/05,10.27,10.33,10.05,10.26,2190384,22705448.00
2013/11/06,10.20,10.32,10.17,10.19,2372583,24615550.00
2013/11/07,10.18,10.18,9.84,9.88,3208638,32390334.00
2013/11/08,9.83,9.93,9.60,9.90,3471021,34356656.00
2013/11/11,9.85,9.97,9.70,9.93,1597233,15963581.00
2013/11/19,10.43,10.94,10.43,10.55,9454762,102370920.00
2013/11/20,10.45,10.88,10.38,10.78,6743944,72949256.00
2013/11/21,10.83,11.08,10.67,10.90,7188552,79702864.00
2013/11/22,10.93,11.24,10.78,11.08,7805334,87946232.00
2013/11/25,10.96,11.16,10.70,10.76,5453576,60238240.00
2013/11/26,10.75,11.04,10.61,11.00,4687974,51633144.00
2013/11/27,11.05,11.05,10.77,10.91,3149419,34722744.00
2013/11/28,10.97,11.04,10.74,10.95,5061431,56123388.00
2013/11/29,10.85,11.22,10.85,11.03,6469102,72759296.00
2013/12/02,10.85,10.95,10.25,10.29,6588820,70363056.00
2013/12/03,10.15,10.52,10.06,10.46,4897797,51434756.00
2013/12/04,10.59,11.19,9.40,10.96,8062284,89157616.00
2013/12/05,11.23,11.65,11.05,11.06,10728847,123089544.00
2013/12/06,11.15,11.37,10.97,11.13,6789932,76923352.00
2013/12/09,11.12,11.29,11.02,11.21,5953136,67414760.00
2013/12/10,11.18,11.46,11.12,11.36,9094275,104396264.00
2013/12/11,11.26,11.48,11.21,11.36,6490200,74563488.00
2013/12/12,11.25,11.35,11.00,11.21,4364738,49611040.00
2013/12/13,11.11,11.40,11.11,11.29,3825077,43734796.00
2013/12/16,11.30,11.45,11.02,11.03,3656768,41205128.00
2013/12/17,10.99,11.15,10.73,10.85,2908123,32145710.00
2013/12/18,10.81,10.94,10.54,10.61,3635896,39461928.00
2013/12/19,10.65,10.71,10.40,10.40,2460848,26313328.00
2013/12/20,10.40,10.85,10.32,10.55,2920783,31331486.00
2013/12/23,10.55,10.68,10.41,10.52,1594171,17070934.00
2013/12/24,10.51,10.89,10.46,10.64,4349130,47386828.00
2013/12/25,10.64,10.82,10.58,10.76,2907553,31608212.00
2013/12/26,10.85,11.14,10.75,10.76,3769589,41712876.00
2013/12/27,10.70,11.10,10.68,11.02,5930926,65953732.00
2013/12/30,11.05,11.26,10.97,11.19,4024710,45323256.00
2013/12/31,11.15,11.35,11.08,11.30,4653207,53063824.00
2014/01/02,11.24,11.40,11.05,11.37,4766796,54556444.00
2014/01/03,11.35,11.49,11.25,11.35,6803767,78499768.00
2014/01/06,11.35,11.35,10.73,10.87,6710660,74279776.00
2014/01/07,10.88,11.04,10.68,10.80,3022592,33349082.00
2014/01/08,11.34,11.44,10.72,10.77,11624575,130130344.00
2014/01/09,10.72,10.88,10.35,10.77,5610385,60604156.00
2014/01/10,10.70,10.84,10.41,10.76,4571310,49304524.00
2014/01/13,10.70,10.78,10.60,10.72,3006587,32567554.00
2014/01/14,10.72,10.89,10.59,10.83,3209214,35069332.00
2014/01/15,10.83,11.13,10.79,11.07,5346821,59694708.00
2014/01/16,11.04,11.14,10.91,11.02,2983325,33300594.00
2014/01/17,10.95,10.96,10.68,10.70,2235478,24477666.00
2014/01/20,10.70,10.97,10.54,10.81,2645090,28894596.00
2014/01/21,10.71,10.96,10.71,10.85,1445243,15920154.00
2014/01/22,10.97,11.21,10.80,11.05,8995804,100811400.00
2014/01/23,11.07,11.20,11.02,11.06,5050421,56747448.00
2014/01/24,11.06,11.22,11.00,11.21,5077901,57236312.00
2014/01/27,11.13,11.66,11.07,11.55,9736148,112753576.00
2014/01/28,11.60,11.80,11.40,11.66,7391434,87171160.00
2014/01/29,11.70,12.04,11.60,11.97,9065942,109357208.00
2014/01/30,12.08,12.08,11.67,11.86,4786668,57411512.00
2014/02/07,11.64,11.88,11.57,11.77,4368340,51875276.00
2014/02/10,11.74,12.52,11.74,12.49,8982183,112272960.00
2014/02/11,12.55,12.95,12.41,12.61,8954483,115141928.00
2014/02/12,12.70,12.85,12.27,12.73,6589442,83847808.00
2014/02/13,12.73,12.82,12.12,12.12,5922960,75236824.00
2014/02/14,12.22,12.68,12.13,12.48,7822231,97981464.00
2014/02/17,12.64,12.64,12.25,12.36,10437378,131288056.00
2014/02/18,12.37,12.45,11.90,12.07,11285373,138380528.00
2014/02/19,11.97,12.14,11.81,11.93,8398400,101375936.00
2014/02/20,11.93,12.02,11.55,11.60,6746633,79957488.00
2014/02/21,11.61,11.79,11.55,11.74,5438139,64290580.00
2014/02/24,11.74,11.74,11.10,11.25,8783597,100576048.00
2014/02/25,11.27,11.47,10.59,10.65,7766540,87169336.00
2014/02/26,10.66,11.00,10.51,10.99,5153519,56450368.00
2014/02/27,11.03,11.08,10.56,10.63,4946609,54472896.00
2014/02/28,10.63,10.82,10.43,10.79,3163851,34099160.00
2014/03/03,10.79,11.61,10.79,11.55,7578329,87220480.00
2014/03/04,11.75,12.08,11.57,11.76,10881468,130524112.00
2014/03/05,11.77,11.91,11.47,11.55,6363094,74627448.00
2014/03/06,11.78,11.93,11.55,11.83,9252656,110152952.00
2014/03/07,11.88,11.90,11.45,11.73,4996490,59095264.00
2014/03/10,11.48,11.80,11.26,11.35,5278823,61842660.00
2014/03/11,11.35,11.91,11.33,11.90,12393999,147010160.00
2014/03/12,11.95,12.33,11.71,12.10,16125745,197108848.00
2014/03/13,12.18,12.27,11.86,12.02,7317708,89063560.00
2014/03/14,11.97,12.14,11.80,12.10,7014877,85413544.00
2014/03/17,12.06,12.22,11.98,12.14,6909546,84563776.00
2014/03/18,12.14,12.19,11.60,11.67,12225127,146918624.00
2014/03/19,11.67,11.68,11.45,11.60,4563519,53376600.00
2014/03/20,11.60,11.69,11.15,11.19,5534952,64287348.00
2014/03/21,11.17,11.48,10.90,11.36,9539038,108536712.00
2014/03/24,11.34,11.40,11.05,11.14,8111871,92003112.00
2014/03/25,11.14,11.25,11.05,11.21,3807210,43043216.00
2014/03/26,11.24,11.30,11.12,11.25,4803855,54570676.00
2014/03/27,11.31,11.66,11.30,11.51,11646088,136216608.00
2014/03/28,11.45,11.60,11.13,11.15,5700315,65220200.00
2014/03/31,11.15,11.37,11.15,11.31,3234815,37040212.00
2014/04/01,11.30,11.99,11.26,11.92,12791779,152091696.00
2014/04/02,12.04,12.13,11.77,12.03,10600949,128286568.00
2014/04/03,12.40,12.55,12.06,12.32,23130655,289009056.00
2014/04/04,12.25,13.53,12.15,13.30,28377405,373861376.00
2014/04/08,13.30,14.50,13.18,13.93,35020146,492771840.00
2014/04/09,13.70,14.35,13.66,14.30,23469106,333607296.00
2014/04/10,14.18,14.28,13.82,13.99,17792441,251448192.00
2014/04/11,13.91,14.08,13.58,13.92,14819831,207329376.00
2014/04/14,13.85,14.26,13.66,14.15,15123790,214277424.00
2014/04/15,14.15,14.16,13.36,13.56,19287662,265219600.00
2014/04/16,13.47,13.89,13.18,13.60,12706288,173553344.00
2014/04/17,13.60,13.85,13.36,13.52,8410572,115974336.00
2014/04/18,13.45,13.70,13.38,13.60,5935351,81299160.00
2014/04/21,13.44,13.94,13.33,13.75,10434834,145209440.00
2014/04/22,13.60,13.70,12.85,13.12,14877324,197519744.00
2014/04/23,13.02,13.30,12.90,12.93,5716148,75160024.00
2014/04/24,12.83,13.34,12.77,12.99,5395218,71308992.00
2014/04/25,12.99,13.18,12.95,12.97,4455815,58597720.00
2014/04/28,12.87,12.87,11.95,12.01,8223383,102051576.00
2014/04/29,12.06,12.40,12.06,12.37,4515143,55870712.00
2014/04/30,12.30,12.44,11.83,12.10,6634214,80359880.00
2014/05/05,11.95,12.34,11.86,12.34,6102813,75050880.00
2014/05/06,12.38,12.65,12.35,12.40,5027276,63478916.00
2014/05/07,12.30,12.30,12.00,12.03,3204366,39151440.00
2014/05/08,12.07,12.56,11.91,12.37,5381469,66771476.00
2014/05/09,12.21,12.43,11.91,12.11,3294115,40201680.00
2014/05/12,12.26,12.52,12.06,12.43,7040215,87385616.00
2014/05/13,12.44,12.66,12.32,12.58,5978210,75455416.00
2014/05/14,12.47,12.60,12.40,12.53,2850391,35911824.00
2014/05/15,12.50,12.50,11.96,11.98,4877910,59594420.00
2014/05/16,11.90,12.10,11.85,11.95,6016826,72510624.00
2014/05/19,11.94,11.95,11.72,11.74,3238231,38424772.00
2014/05/20,11.85,12.00,11.70,11.74,2489393,29742356.00
2014/05/21,11.74,11.79,11.50,11.76,3776294,44293920.00
2014/05/22,11.79,12.14,11.73,12.01,5110694,61620260.00
2014/05/23,11.95,12.15,11.91,12.12,3016504,36678588.00
2014/05/26,12.12,12.26,12.07,12.20,2747279,33747408.00
2014/05/27,12.16,12.22,11.88,11.90,3368829,40793456.00
2014/05/28,11.85,11.90,11.51,11.76,9304387,109183320.00
2014/05/29,11.70,11.85,11.61,11.72,4473704,53046524.00
2014/05/30,11.64,11.74,11.52,11.61,3170343,37060868.00
2014/06/03,11.59,11.63,11.37,11.38,4101929,47499144.00
2014/06/04,11.39,11.42,10.98,11.16,3919232,44119236.00
2014/06/05,11.18,11.38,11.10,11.36,2368320,26916774.00
2014/06/06,11.37,11.40,11.10,11.31,2271062,25667870.00
2014/06/09,11.23,11.26,11.06,11.11,2398184,26968306.00
2014/06/10,11.20,11.38,11.02,11.28,3259316,36897928.00
2014/06/11,11.28,11.35,11.20,11.34,2909572,33100052.00
2014/06/12,11.36,11.73,11.18,11.71,8142816,94636464.00
2014/06/13,11.60,11.74,11.42,11.66,5761737,67381984.00
2014/06/16,11.65,11.70,11.43,11.56,4454991,51873736.00
2014/06/17,11.63,11.69,11.51,11.53,4940587,57909004.00
2014/06/18,11.48,11.48,11.02,11.08,7221849,81426416.00
2014/06/19,11.14,11.14,10.83,10.87,3609328,39859412.00
2014/06/20,10.88,11.00,10.87,10.99,2063458,22769720.00
2014/06/23,10.99,10.99,10.86,10.93,2599639,28647008.00
2014/06/24,10.93,11.46,10.85,11.34,6536743,74134048.00
2014/06/25,11.24,11.24,11.06,11.11,3387633,38010340.00
2014/06/26,11.07,11.32,11.07,11.21,3197201,36253644.00
2014/06/27,11.26,11.64,11.25,11.40,6529504,75727104.00
2014/06/30,11.40,11.55,11.30,11.50,3854455,44389808.00
2014/07/01,11.50,11.55,11.35,11.44,5183185,59806716.00
2014/07/02,11.50,11.72,11.50,11.68,7403442,86718600.00
2014/07/03,11.67,11.92,11.59,11.79,8872112,105259568.00
2014/07/04,12.01,12.60,12.01,12.13,20147154,248404576.00
2014/07/07,12.17,12.27,11.99,12.19,7276392,89018624.00
2014/07/08,12.19,12.50,12.09,12.50,8006935,99308632.00
2014/07/09,12.41,12.53,12.13,12.16,6920185,85850064.00
2014/07/10,12.10,12.28,11.93,11.98,4299975,52435080.00
2014/07/11,11.98,12.24,11.94,12.20,4563522,55915872.00
2014/07/14,12.19,12.37,12.04,12.30,4795747,59229276.00
2014/07/15,12.29,12.49,12.18,12.43,6796164,84792584.00
2014/07/16,12.39,12.52,12.21,12.23,3344506,41538216.00
2014/07/17,12.29,12.73,12.24,12.54,9442321,119028440.00
2014/07/18,12.42,12.54,12.34,12.40,3698572,46331436.00
2014/07/21,12.39,12.39,12.00,12.04,3789290,46259044.00
2014/07/22,11.97,12.11,11.88,12.10,5422527,65717632.00
2014/07/23,12.14,12.14,11.82,11.89,4910558,59209084.00
2014/07/24,11.90,12.17,11.86,12.13,5119205,62072364.00
2014/07/25,12.19,12.28,11.91,12.09,5872881,71287888.00
2014/07/28,12.23,12.41,12.23,12.40,12116121,150592272.00
2014/07/29,12.42,12.55,12.32,12.42,8580204,107435848.00
2014/07/30,12.42,12.42,12.24,12.33,7272730,90259624.00
2014/07/31,12.32,12.37,12.26,12.37,6595217,81883104.00
2014/08/01,12.35,12.39,12.20,12.25,8881195,109763768.00
2014/08/04,12.22,12.30,12.13,12.30,7195641,88698952.00
2014/08/05,12.30,12.45,12.23,12.44,9204473,114523360.00
2014/08/06,12.44,12.44,12.29,12.36,5330513,66376108.00
2014/08/07,12.36,12.50,12.22,12.23,8079300,100845336.00
2014/08/08,12.22,12.31,12.20,12.27,3697885,45672100.00
2014/08/11,12.27,12.46,12.22,12.43,8297618,103401232.00
2014/08/12,12.44,12.69,12.34,12.68,11969454,150842480.00
2014/08/13,12.77,12.77,12.37,12.49,9217056,116244992.00
2014/08/14,12.49,12.87,12.47,12.63,11988634,152982400.00
2014/08/15,12.70,13.32,12.70,13.15,20279120,267165568.00
2014/08/18,13.30,13.42,13.05,13.19,15638626,207113040.00
2014/08/19,13.20,13.20,12.93,13.10,11440756,150078944.00
2014/08/20,13.10,13.15,12.97,13.01,7251373,95408248.00
2014/08/21,12.99,13.04,12.65,12.77,8905770,114908064.00
2014/08/22,12.77,12.88,12.68,12.84,5528959,71350216.00
2014/08/25,12.84,12.84,12.62,12.68,5401764,69145112.00
2014/08/26,12.64,12.73,12.30,12.32,6543178,82385368.00
2014/08/27,12.30,12.37,12.19,12.25,5386455,66628060.00
2014/08/28,12.18,12.30,12.04,12.07,6365095,77950216.00
2014/08/29,12.08,12.29,12.07,12.26,5109382,63017928.00
2014/09/01,12.28,12.42,12.24,12.42,4489170,55941824.00
2014/09/02,12.44,12.54,12.36,12.52,6658222,83766112.00
2014/09/03,12.56,12.67,12.46,12.54,7097759,89798416.00
2014/09/04,12.55,12.57,12.37,12.51,11381733,142644400.00
2014/09/05,12.51,12.53,12.37,12.47,9010274,112858480.00
2014/09/09,12.48,12.51,12.36,12.40,10033718,125457792.00
2014/09/10,12.37,12.50,12.31,12.49,8121067,101828624.00
2014/09/11,12.49,12.63,12.38,12.45,11606294,146363504.00
2014/09/12,12.43,12.59,12.39,12.58,7738242,97654464.00
2014/09/15,12.58,12.82,12.57,12.81,13962343,178458496.00
2014/09/16,12.81,12.83,12.26,12.26,12906909,163500208.00
2014/09/17,12.27,12.36,12.07,12.21,6482354,79682696.00
2014/09/18,12.20,12.26,12.13,12.24,4234259,52075244.00
2014/09/19,12.24,12.31,12.16,12.29,4962903,61257908.00
2014/09/22,12.39,12.40,12.05,12.08,5703744,69878272.00
2014/09/23,12.06,12.15,12.03,12.12,4901164,59743232.00
2014/09/24,12.15,12.74,12.15,12.62,19265599,243521632.00
2014/09/25,12.64,13.18,12.53,13.00,26490113,343973088.00
2014/09/26,12.98,13.00,12.71,12.84,11879840,153498224.00
2014/09/29,13.10,14.09,13.10,13.67,27537778,379443808.00
2014/09/30,13.68,13.84,13.55,13.70,11042979,152179504.00
2014/10/08,14.10,14.52,13.86,14.29,26116255,375396512.00
2014/10/09,14.70,14.90,13.96,14.39,20669207,299843072.00
2014/10/10,14.46,14.46,14.04,14.14,12928293,184727216.00
2014/10/13,14.08,14.09,13.50,13.95,12941674,179204608.00
2014/10/14,13.87,14.07,13.71,13.80,8879597,124292792.00
2014/10/15,13.89,14.00,13.79,13.91,8065153,112971256.00
2014/10/16,13.75,13.84,13.37,13.39,11274556,154665168.00
2014/10/17,13.42,13.53,13.13,13.53,9341141,125567024.00
2014/10/20,13.58,13.73,13.46,13.73,8003768,109549368.00
2014/10/21,13.70,13.74,13.29,13.32,10868904,148005168.00
2014/10/22,13.38,13.82,13.35,13.52,12291095,168811616.00
2014/10/23,13.52,13.57,13.11,13.22,6668827,89453952.00
2014/10/24,13.21,13.40,13.08,13.24,5421005,72406544.00
2014/10/27,13.23,13.40,13.20,13.40,7563634,101224576.00
2014/10/28,13.40,13.77,13.35,13.74,9614834,131890232.00
2014/10/29,13.79,13.90,13.63,13.80,11210309,155417424.00
2014/10/30,13.80,13.97,13.72,13.89,10980367,153319952.00
2014/10/31,13.87,13.93,13.50,13.60,11665511,160223280.00
2014/11/03,13.64,13.80,13.58,13.66,7668579,105843424.00
2014/11/04,13.61,14.07,13.55,14.02,12947618,180154096.00
2014/11/05,14.00,14.02,13.75,13.75,6168582,86001592.00
2014/11/06,13.76,13.78,13.49,13.62,5680250,77825176.00
2014/11/07,13.68,13.73,13.31,13.39,6666385,91074784.00
2014/11/10,13.48,13.51,13.25,13.49,6282970,84636880.00
2014/11/11,13.50,13.53,12.75,12.93,10855220,143457264.00
2014/11/12,12.89,13.05,12.82,13.01,5222711,68175648.00
2014/11/13,13.05,13.12,12.86,13.08,4452618,58225200.00
2014/11/14,13.08,13.08,12.85,12.94,3950826,51418216.00
2014/11/17,12.90,13.03,12.86,12.96,4019388,52462752.00
2014/11/18,12.92,12.98,12.85,12.88,3774628,49088576.00
2014/11/19,12.88,13.10,12.88,13.10,5955823,78002424.00
2014/11/20,13.05,13.05,12.89,12.93,4444823,57998740.00
2014/11/21,12.91,13.05,12.91,13.03,4108759,53803848.00
2014/11/24,13.11,13.28,13.01,13.11,8792123,116177144.00
2014/11/25,13.12,13.28,13.08,13.25,6895143,91908472.00
2014/11/26,13.27,13.35,13.18,13.28,7205716,96389240.00
2014/11/27,13.36,13.65,13.28,13.62,11065151,150660384.00
2014/11/28,13.72,13.78,13.28,13.36,13439677,182035408.00
2014/12/01,13.36,13.50,13.20,13.25,9896227,132792392.00
2014/12/02,13.25,13.50,13.19,13.37,8390948,113096600.00
2014/12/03,13.43,13.45,13.27,13.40,13490840,181300208.00
2014/12/04,13.42,13.60,13.39,13.56,13081895,178455264.00
2014/12/05,13.59,13.63,12.95,13.10,14103777,188004608.00
2014/12/08,13.08,13.48,12.91,13.32,13907388,183990016.00
2014/12/09,13.23,13.69,13.06,13.31,18460779,249280784.00
2014/12/10,13.25,13.91,13.08,13.90,20765127,285818464.00
2014/12/11,13.81,14.03,13.58,13.88,20285657,282098752.00
2014/12/12,13.90,14.03,13.71,13.95,18632280,260576640.00
2014/12/15,13.96,14.38,13.82,14.35,19305525,275417600.00
2014/12/16,14.35,14.67,14.07,14.39,27199656,393432064.00
2014/12/17,14.36,14.43,13.80,14.21,25833931,366360928.00
2014/12/18,14.16,14.16,13.90,13.92,12490169,176262416.00
2014/12/19,13.86,13.97,13.44,13.68,15260485,210142032.00
2014/12/22,13.60,13.60,12.83,12.99,15431395,203816112.00
2014/12/23,12.97,13.30,12.97,13.12,7236052,95910592.00
2014/12/24,13.16,13.57,13.16,13.44,9320535,125622080.00
2014/12/25,13.52,13.52,13.21,13.36,7035395,94363360.00
2014/12/26,13.42,13.68,13.32,13.62,9352384,127114424.00
2014/12/29,13.63,13.70,13.20,13.25,8525023,114658184.00
2014/12/30,13.33,13.61,13.11,13.47,15760659,212302976.00
2014/12/31,13.40,13.65,13.29,13.55,12343273,167634208.00
2015/01/05,13.54,14.05,13.49,13.85,18373939,255120480.00
2015/01/06,13.78,14.08,13.66,13.94,12492574,174525952.00
2015/01/07,13.88,14.05,13.72,13.93,9182175,127938224.00
2015/01/08,14.10,14.33,13.80,13.81,20329074,286788512.00
2015/01/09,13.68,13.92,13.50,13.55,14197798,196224048.00
2015/01/12,13.41,13.44,13.02,13.20,11204878,148832368.00
2015/01/13,13.10,13.38,13.10,13.28,7562184,101368232.00
2015/01/14,13.30,13.36,13.10,13.17,5321146,70875008.00
2015/01/15,13.18,13.47,13.16,13.36,5328786,71652616.00
2015/01/16,13.36,13.58,13.29,13.58,7598173,102924744.00
2015/01/19,13.27,13.71,12.93,13.12,11851688,159433792.00
2015/01/20,13.17,13.45,13.17,13.44,8664907,116474312.00
2015/01/21,13.49,13.94,13.42,13.85,14952725,207119808.00
2015/01/22,13.88,13.97,13.67,13.88,12245360,170272704.00
2015/01/23,13.85,13.93,13.70,13.78,9510321,132079128.00
2015/01/26,13.78,14.27,13.78,14.20,16998010,240892640.00
2015/01/27,14.18,14.35,13.80,13.96,13814562,194942928.00
2015/01/28,13.95,14.22,13.78,13.99,11394853,160781712.00
2015/01/29,13.98,13.98,13.62,13.71,7996777,111093000.00
2015/01/30,13.80,14.20,13.70,14.09,15049524,212088640.00
2015/02/02,13.99,14.59,13.90,14.38,24151074,348205024.00
2015/02/03,14.34,14.49,14.16,14.40,13644653,196404288.00
2015/02/04,14.43,14.55,13.89,13.90,14529838,207315184.00
2015/02/05,14.05,14.10,13.58,13.60,13101822,181781632.00
2015/02/06,13.50,13.69,13.20,13.26,11518857,155791488.00
2015/02/09,13.28,13.40,13.16,13.36,6736750,90324144.00
2015/02/10,13.38,13.69,13.30,13.58,7510736,102616416.00
2015/02/11,13.60,13.76,13.51,13.54,4879952,66826068.00
2015/02/12,13.55,13.72,13.53,13.64,4959474,68092192.00
2015/02/13,13.72,13.95,13.65,13.75,8420801,117082576.00
2015/02/16,13.74,14.05,13.73,13.93,10575452,148188016.00
2015/02/17,14.00,14.04,13.91,14.04,7994195,112540000.00
2015/02/25,14.03,14.10,13.80,13.83,8624354,121538424.00
2015/02/26,13.82,14.36,13.80,14.24,14812669,211463408.00
2015/02/27,14.22,14.24,14.03,14.10,10966948,155691536.00
2015/03/02,14.18,14.60,14.02,14.45,19578456,282762944.00
2015/03/03,14.40,14.85,14.20,14.53,21233481,311468832.00
2015/03/04,14.52,15.28,14.37,15.19,25274821,379979456.00
2015/03/05,15.17,15.30,14.81,14.94,18402555,278431776.00
2015/03/06,14.95,15.08,14.43,14.45,16876237,249485456.00
2015/03/09,14.38,15.06,14.31,15.01,13504515,200941536.00
2015/03/10,15.02,15.27,14.80,14.83,15739815,237952880.00
2015/03/11,14.85,14.95,14.70,14.79,9911680,148258880.00
2015/03/12,14.76,14.76,14.22,14.39,20599709,298624928.00
2015/03/13,14.40,14.68,14.34,14.60,10780849,156880240.00
2015/03/16,14.66,14.99,14.49,14.90,17287854,257039744.00
2015/03/17,14.97,15.12,14.79,14.98,16887766,254240464.00
2015/03/18,15.00,15.10,14.80,15.08,19428862,292368032.00
2015/03/19,15.09,15.65,14.91,15.45,25151151,386239616.00
2015/03/20,15.49,15.54,15.14,15.34,15595928,239992144.00
2015/03/23,15.42,15.64,15.30,15.45,20189074,313740864.00
2015/03/24,15.40,15.52,14.74,15.11,23932282,363395424.00
2015/03/25,15.05,15.16,14.87,15.11,15377085,232315984.00
2015/03/26,15.10,15.64,14.93,15.60,27140090,420268096.00
2015/03/27,15.67,16.70,15.67,16.06,29509651,483560768.00
2015/03/30,16.28,16.41,15.95,16.10,18651706,303913088.00
2015/03/31,16.12,16.59,15.92,16.24,18170315,297961440.00
2015/04/01,16.23,16.57,16.19,16.49,17915897,295538240.00
2015/04/02,16.50,16.60,16.20,16.38,17403971,286370304.00
2015/04/03,15.90,15.90,15.56,15.84,35018091,555084416.00
2015/04/07,15.79,16.15,15.67,16.07,24387168,390976256.00
2015/04/08,16.07,16.13,15.50,15.66,21237196,336355904.00
2015/04/09,15.60,15.67,14.92,15.30,17021195,261281376.00
2015/04/10,15.20,15.66,15.15,15.63,13655694,213336464.00
2015/04/13,15.70,15.89,15.66,15.83,17153650,272748736.00
2015/04/14,15.85,15.85,15.50,15.62,13795803,217237968.00
2015/04/15,15.58,15.58,14.96,15.03,12003377,183814192.00
2015/04/16,14.97,15.34,14.80,15.18,10452733,158761600.00
2015/04/17,15.20,15.70,15.20,15.68,14682724,228438976.00
2015/04/20,15.65,15.65,15.08,15.30,15708018,243904928.00
2015/04/21,15.35,15.77,15.18,15.76,14353954,224543104.00
2015/04/22,15.81,16.08,15.79,15.97,22981055,368394304.00
2015/04/23,16.03,16.07,15.70,15.98,18736219,299626560.00
2015/04/24,15.70,16.28,15.62,16.07,22496861,362207648.00
2015/04/27,16.07,16.33,15.82,15.96,19431818,311812544.00
2015/04/28,15.90,16.19,15.38,15.60,18259620,290230240.00
2015/04/29,15.40,15.70,15.30,15.61,10165269,157884432.00
2015/04/30,15.61,15.75,15.35,15.42,10413978,161717600.00
2015/05/04,15.32,15.58,15.32,15.45,8415565,130028376.00
2015/05/05,15.48,15.49,14.64,14.74,12780081,192950592.00
2015/05/06,14.71,14.93,14.20,14.35,9373631,137748800.00
2015/05/07,14.31,14.49,14.21,14.28,7783582,111540392.00
2015/05/08,14.39,14.65,14.39,14.64,8059273,116976944.00
2015/05/11,14.80,14.97,14.68,14.97,11132560,164971632.00
2015/05/12,14.97,15.00,14.76,14.84,12013723,178430288.00
2015/05/13,14.82,15.10,14.66,14.90,12562840,186488336.00
2015/05/14,14.93,14.93,14.64,14.74,10655444,157145632.00
2015/05/15,14.76,14.80,14.48,14.69,10147503,148676864.00
2015/05/18,14.51,14.90,14.51,14.84,9208830,136295456.00
2015/05/19,14.78,15.07,14.78,15.07,13159874,196612304.00
2015/05/20,15.11,15.36,14.97,15.06,19088672,289025312.00
2015/05/21,15.09,16.57,15.00,16.57,32198640,518592000.00
2015/05/22,17.50,18.23,17.02,18.23,47895039,854777536.00
2015/05/25,19.00,19.50,18.26,18.59,48138944,900122496.00
2015/05/26,18.79,19.40,18.23,19.24,43603829,822207232.00
2015/05/27,19.12,19.27,18.50,18.91,29592926,557274944.00
2015/05/28,18.75,19.09,17.12,17.16,32452613,591502336.00
2015/05/29,17.17,17.67,16.16,17.01,27618369,474559456.00
2015/06/01,17.21,18.01,17.00,17.90,28370134,500805664.00
2015/06/02,17.99,18.57,17.71,18.55,25842692,470705056.00
2015/06/03,18.70,18.70,17.88,18.26,18551515,338492512.00
2015/06/04,18.20,18.20,16.80,17.86,16368549,289857664.00
2015/06/05,18.18,18.96,18.11,18.77,27155503,505552512.00
2015/06/08,19.60,20.65,19.60,20.65,42898936,878448960.00
2015/06/09,20.60,20.60,19.50,19.82,30962676,617150592.00
2015/06/10,19.82,21.28,19.51,20.42,31467549,648986048.00
2015/06/11,20.09,21.80,19.67,21.33,27210379,561198784.00
2015/06/12,21.33,21.68,20.91,21.22,21767230,464165696.00
2015/06/15,21.22,21.42,20.07,20.20,19337551,398393696.00
2015/06/16,19.88,20.73,19.31,20.07,18637686,373158272.00
2015/06/17,20.07,20.27,19.22,20.14,14524493,287605888.00
2015/06/18,20.05,21.49,19.85,20.50,21545995,445172896.00
2015/06/19,19.56,21.15,18.98,19.05,20914086,421351200.00
2015/06/23,18.90,19.45,17.16,18.58,16478131,299820896.00
2015/06/24,18.70,19.37,18.24,19.04,15605499,294588160.00
2015/06/25,19.07,19.20,17.53,17.79,13779229,254996704.00
2015/06/26,17.10,17.52,16.01,16.01,15546423,257532672.00
2015/06/29,16.40,16.55,14.41,14.73,18985673,292151616.00
2015/06/30,14.73,15.94,13.28,15.93,19204235,285526752.00
2015/07/01,15.76,17.00,14.77,15.00,17770151,286544032.00
2015/07/02,15.05,15.49,13.50,13.71,16414220,237062912.00
2015/07/03,13.16,14.35,12.34,12.36,18387647,237190736.00
2015/07/06,13.60,13.60,11.12,11.36,23172719,279454048.00
2015/07/07,10.22,10.80,10.22,10.22,8027900,82195248.00
2015/07/08,9.20,9.20,9.20,9.20,1338300,12312360.00
2015/07/09,8.28,10.12,8.28,10.12,32264770,296382368.00
2015/07/10,10.38,11.13,10.12,11.13,31328337,343601376.00
2015/07/13,11.59,12.24,11.13,12.24,32272918,380782816.00
2015/07/14,12.36,13.21,11.74,12.01,43635608,536495584.00
2015/07/15,11.60,11.78,10.81,10.81,18290533,203728704.00
2015/07/16,10.12,11.25,9.73,10.76,17376183,184086528.00
2015/07/17,10.80,11.72,10.66,11.52,17061026,191508624.00
2015/07/20,11.51,11.96,11.31,11.55,21156306,245811840.00
2015/07/21,11.98,12.35,11.61,12.25,25727482,310168864.00
2015/07/22,12.36,12.36,11.69,12.09,21216381,254525104.00
2015/07/23,12.13,13.24,12.02,12.98,31699399,404439008.00
2015/07/24,13.00,13.16,12.48,12.62,30365640,391957792.00
2015/07/27,12.25,12.65,11.36,11.36,19615477,235818096.00
2015/07/28,10.33,11.41,10.22,10.53,20518203,217135552.00
2015/07/29,10.79,11.10,9.98,11.08,20019930,210706624.00
2015/07/30,10.89,11.27,10.50,10.56,21031735,229636544.00
2015/07/31,10.54,10.58,10.11,10.30,12214520,126221552.00
2015/08/03,10.20,10.20,9.38,9.83,12919254,126606928.00
2015/08/04,9.82,10.72,9.76,10.70,15870318,162526192.00
2016/03/09,10.70,10.70,10.70,10.70,0,0.00
数据来源:通达信
