002290 禾盛新材 日线 前复权
      日期	    开盘	    最高	    最低	    收盘	    成交量	    成交额
2011/01/04,25.16,25.88,25.01,25.74,1534751,55756264.00
2011/01/05,25.70,26.01,25.02,25.86,2488611,90288008.00
2011/01/06,25.86,26.08,25.37,25.39,2194260,80523600.00
2011/01/07,25.43,25.59,24.16,24.37,1659436,58863072.00
2011/01/10,24.19,24.53,22.88,23.02,3016834,100816176.00
2011/01/11,22.95,23.53,22.89,23.38,1321235,43894200.00
2011/01/12,23.45,23.45,22.26,22.91,1792181,58155176.00
2011/01/13,22.91,23.20,22.61,23.01,825028,27111768.00
2011/01/14,22.88,23.08,21.91,21.91,1271200,40573292.00
2011/01/17,21.66,21.89,21.02,21.04,1500041,45691564.00
2011/01/18,21.04,21.24,20.81,20.96,930185,27937064.00
2011/01/19,21.02,21.56,20.96,21.45,764013,23357744.00
2011/01/20,21.48,22.02,20.87,20.94,819726,25116384.00
2011/01/21,20.87,21.12,20.56,20.81,1052957,31471040.00
2011/01/24,20.95,21.26,19.08,19.52,1500821,42954872.00
2011/01/25,19.68,19.68,19.21,19.56,775936,21660030.00
2011/01/26,19.58,19.88,19.58,19.79,668336,18881752.00
2011/01/27,19.79,20.45,19.58,20.41,1017326,29505706.00
2011/01/28,20.59,20.95,20.34,20.83,1001418,29718038.00
2011/01/31,20.77,20.94,20.00,20.62,2402548,69720216.00
2011/02/01,20.52,20.63,20.18,20.39,1299725,37946880.00
2011/02/09,20.19,20.48,20.09,20.25,1208475,35087232.00
2011/02/10,20.24,21.01,19.76,20.95,1995497,58146092.00
2011/02/11,20.95,22.24,20.69,21.84,2757560,84856104.00
2011/02/14,21.86,22.08,21.53,21.91,2263218,70605752.00
2011/02/15,21.92,22.21,21.56,21.63,2104961,66141536.00
2011/02/16,21.82,22.75,21.59,22.59,3376892,107438744.00
2011/02/17,22.59,23.45,22.59,22.79,3026121,99188712.00
2011/02/18,22.79,23.24,22.09,22.19,2442249,78803040.00
2011/02/21,22.08,22.71,21.81,22.56,2260823,72460032.00
2011/02/22,22.66,22.66,21.44,21.45,2229060,69905288.00
2011/02/23,21.04,21.66,21.04,21.56,1541719,47351416.00
2011/02/24,21.55,21.91,21.38,21.73,1102461,34196456.00
2011/02/25,21.79,21.81,21.36,21.56,1300466,39987516.00
2011/02/28,21.58,22.29,21.58,22.15,1297301,40871584.00
2011/03/01,22.19,22.29,21.88,22.07,1338958,42257392.00
2011/03/02,22.00,22.06,21.58,22.01,1086192,33967736.00
2011/03/03,22.02,22.32,21.45,21.49,1521756,47661536.00
2011/03/04,21.49,21.64,21.16,21.64,1044766,32001096.00
2011/03/07,21.66,22.16,21.57,21.90,1428290,44749340.00
2011/03/08,22.02,22.15,21.81,21.98,1060702,33339678.00
2011/03/09,21.98,22.29,21.89,22.28,1644040,51907320.00
2011/03/10,22.29,22.36,21.77,21.77,1445661,45415672.00
2011/03/11,21.66,21.86,21.52,21.60,911624,28312326.00
2011/03/14,21.18,21.45,20.24,20.86,2218857,66099616.00
2011/03/15,20.74,20.79,20.37,20.66,1823449,53551184.00
2011/03/16,20.45,20.95,20.31,20.80,2149440,63651424.00
2011/03/17,20.59,20.61,19.56,19.80,2813337,81206528.00
2011/03/18,19.95,20.23,19.88,20.14,1243116,35684656.00
2011/03/21,20.14,20.31,20.09,20.24,1043361,30211418.00
2011/03/22,20.37,20.41,19.81,19.95,1036207,29692836.00
2011/03/23,19.99,20.43,19.99,20.41,960885,27847236.00
2011/03/24,20.58,20.59,20.28,20.29,835945,24403296.00
2011/03/25,20.24,20.45,20.09,20.35,1160498,33701840.00
2011/03/28,20.35,20.43,19.72,19.82,2100546,60183564.00
2011/03/29,19.82,19.84,19.38,19.48,1290478,36236392.00
2011/03/30,19.52,19.59,19.16,19.16,1063775,29409354.00
2011/03/31,19.16,19.36,19.04,19.29,956682,26336600.00
2011/04/01,19.29,19.29,19.02,19.12,1085730,29769476.00
2011/04/07,19.14,20.16,19.14,19.74,1685477,47813548.00
2011/04/08,19.74,19.94,19.65,19.82,984530,27949056.00
2011/04/11,19.98,19.98,19.52,19.52,1034734,29189482.00
2011/04/12,19.52,19.66,19.44,19.52,644557,18086466.00
2011/04/13,19.58,19.66,19.38,19.66,757894,21283226.00
2011/04/14,19.79,19.79,19.46,19.50,895120,25085690.00
2011/04/15,19.43,19.52,19.16,19.29,947716,26180098.00
2011/04/18,19.29,19.29,19.01,19.08,789450,21622182.00
2011/04/19,19.07,19.07,18.56,18.74,1036796,27872840.00
2011/04/20,18.67,19.35,18.67,19.32,1073897,29352828.00
2011/04/21,19.38,19.41,19.14,19.21,751800,20767240.00
2011/04/22,19.23,19.31,18.94,18.94,639470,17498636.00
2011/04/25,18.66,18.66,17.88,17.94,1549643,40494948.00
2011/04/26,17.88,18.09,17.29,17.36,1084289,27244258.00
2011/04/27,17.56,17.76,16.33,16.44,1757537,42392036.00
2011/04/28,16.46,16.64,15.63,15.68,2143357,49065216.00
2011/04/29,15.34,16.15,15.33,16.12,761550,17342586.00
2011/05/03,16.19,16.19,15.42,15.91,1340691,30190674.00
2011/05/04,15.86,15.95,15.68,15.76,753352,17064916.00
2011/05/05,15.59,16.06,15.56,15.78,605431,13814437.00
2011/05/06,15.77,16.70,15.70,16.44,1466100,34379160.00
2011/05/09,16.41,16.66,16.34,16.42,778979,18335482.00
2011/05/10,16.56,16.56,16.20,16.34,499213,11660922.00
2011/05/12,16.31,16.31,15.74,15.74,816464,18661542.00
2011/05/13,15.70,15.99,15.41,15.91,751096,16800654.00
2011/05/16,15.84,16.02,15.81,15.91,600204,13706000.00
2011/05/17,15.91,15.91,15.56,15.70,956596,21517062.00
2011/05/18,15.71,15.95,15.63,15.95,500859,11295031.00
2011/05/19,16.00,16.06,15.84,15.84,554592,12678877.00
2011/05/20,15.84,16.16,15.84,15.99,553637,12698557.00
2011/05/23,16.06,16.06,15.35,15.35,900505,20131806.00
2011/05/24,15.38,15.63,15.28,15.63,699673,15465915.00
2011/05/25,15.64,15.98,15.54,15.54,576136,12995181.00
2011/05/26,15.58,15.76,15.35,15.43,406165,9037495.00
2011/05/27,15.45,15.47,15.10,15.10,498563,10900974.00
2011/05/30,15.10,15.10,14.63,14.76,703775,15002370.00
2011/05/31,14.77,15.09,14.49,15.07,678047,14404453.00
2011/06/01,15.03,15.17,14.86,15.12,556548,12019122.00
2011/06/02,14.86,14.96,14.59,14.79,514025,10872413.00
2011/06/03,14.79,15.20,14.79,15.20,720516,15580381.00
2011/06/07,15.20,15.20,15.06,15.13,551860,11958812.00
2011/06/08,15.02,15.02,14.64,14.89,741855,15742831.00
2011/06/09,14.91,14.91,14.47,14.48,645560,13565076.00
2011/06/10,14.44,14.56,14.21,14.49,545876,11252233.00
2011/06/13,14.52,14.54,14.22,14.50,409624,8435286.00
2011/06/14,14.35,14.61,14.35,14.59,667073,13927567.00
2011/06/15,14.49,14.59,14.29,14.29,560921,11662499.00
2011/06/16,14.19,14.19,13.84,13.88,576276,11619188.00
2011/06/17,13.91,13.91,13.45,13.48,559867,11006720.00
2011/06/20,13.34,13.40,13.07,13.11,710994,13473810.00
2011/06/21,13.11,13.41,13.08,13.25,481259,9147262.00
2011/06/22,13.32,13.32,13.08,13.18,391606,7447086.00
2011/06/23,13.24,14.54,13.10,14.54,2556212,52909052.00
2011/06/24,15.51,16.03,15.49,16.03,8578201,194709584.00
2011/06/27,16.44,17.39,16.42,16.99,11385406,274414048.00
2011/06/28,16.80,17.12,16.74,17.06,6680968,161902528.00
2011/06/29,17.09,17.29,16.84,17.13,4747791,115799232.00
2011/06/30,17.13,17.27,16.77,17.10,4255231,103660680.00
2011/07/01,17.11,17.80,16.69,16.70,7995801,196793584.00
2011/07/04,16.44,16.97,16.42,16.97,4434999,106358800.00
2011/07/05,16.98,17.26,16.74,17.24,3568884,87106896.00
2011/07/06,17.13,17.30,16.77,17.30,3531060,86216208.00
2011/07/07,17.27,17.63,16.85,16.86,3886236,95612520.00
2011/07/08,16.84,16.95,16.21,16.42,2949981,69517656.00
2011/07/11,16.41,17.23,16.34,17.17,2984208,72136728.00
2011/07/12,16.95,16.98,16.63,16.92,2230263,53666008.00
2011/07/13,16.91,17.66,16.80,17.40,4724655,117047376.00
2011/07/14,17.50,17.50,17.04,17.41,3296101,81334128.00
2011/07/15,17.43,18.06,17.14,17.27,5627777,141548128.00
2011/07/18,17.14,17.46,17.01,17.25,2527878,62188052.00
2011/07/19,17.02,17.04,16.41,16.43,2852698,67876824.00
2011/07/20,16.47,16.69,16.06,16.23,2306369,53545448.00
2011/07/21,16.19,16.77,16.06,16.21,1819840,42567284.00
2011/07/22,16.76,17.81,16.73,17.06,6933218,171425248.00
2011/07/25,16.77,16.81,16.09,16.49,3574119,84126152.00
2011/07/26,16.49,18.17,16.10,18.17,7854422,198374768.00
2011/07/27,18.20,18.89,18.11,18.47,13337543,351396192.00
2011/07/28,18.20,20.36,17.79,19.30,14829190,408291808.00
2011/07/29,19.06,19.42,18.59,18.71,9674554,261590688.00
2011/08/01,18.63,19.06,18.06,18.55,5312172,141042800.00
2011/08/02,18.61,18.81,17.76,18.57,5159994,134565424.00
2011/08/03,18.75,19.06,18.14,18.23,6049023,160974608.00
2011/08/04,17.91,18.33,17.68,17.85,3811511,97784864.00
2011/08/05,16.91,17.24,16.53,16.58,4536158,109461240.00
2011/08/08,16.36,16.36,14.89,14.89,5257077,116052984.00
2011/08/09,14.13,15.18,13.92,14.94,4294182,90334136.00
2011/08/10,15.34,15.94,15.24,15.34,4509375,100383824.00
2011/08/11,14.69,16.04,14.69,16.00,4405438,98787576.00
2011/08/12,16.07,17.24,16.07,16.95,6319030,151225152.00
2011/08/15,16.81,16.95,16.66,16.84,3947022,94847800.00
2011/08/16,16.93,17.40,16.26,16.27,3723271,88517136.00
2011/08/17,16.24,16.69,16.18,16.34,2450338,57774392.00
2011/08/18,16.27,16.49,15.66,15.66,2929687,67016864.00
2011/08/19,15.20,16.20,15.13,16.09,2581329,58015288.00
2011/08/22,15.85,16.34,15.59,15.70,1813475,41417404.00
2011/08/23,15.95,16.34,15.79,16.34,2017882,46359188.00
2011/08/24,16.99,17.63,16.50,16.68,5482190,133866104.00
2011/08/25,16.42,16.98,16.20,16.98,3539551,84865928.00
2011/08/26,16.96,16.97,16.64,16.92,1983337,47753200.00
2011/08/29,16.91,16.98,16.56,16.59,1874875,44986564.00
2011/08/30,16.69,16.87,16.06,16.14,2024649,47922720.00
2011/08/31,16.15,16.29,15.74,15.86,1866005,42756648.00
2011/09/01,16.07,16.19,15.85,16.13,1127102,25893832.00
2011/09/02,16.41,17.34,16.38,16.59,3654690,87431696.00
2011/09/05,16.19,16.20,15.83,15.94,1865513,42803312.00
2011/09/06,15.84,15.98,15.35,15.69,1493759,33561520.00
2011/09/07,15.84,16.27,15.78,16.26,1619211,37236856.00
2011/09/08,16.26,16.76,16.07,16.51,2670073,63054552.00
2011/09/09,16.90,16.90,16.05,16.06,1827779,42866696.00
2011/09/13,15.89,15.95,15.60,15.70,1113463,25059746.00
2011/09/14,15.90,16.04,15.63,15.99,1261575,28739034.00
2011/09/15,16.09,16.24,15.86,15.86,1099303,25205556.00
2011/09/16,15.96,16.06,15.56,15.77,1208203,27292898.00
2011/09/19,15.78,15.79,15.34,15.35,1043472,23076996.00
2011/09/20,15.31,15.47,14.81,15.26,1186377,25713516.00
2011/09/21,15.12,15.77,14.91,15.70,1400851,31082868.00
2011/09/22,15.56,15.60,14.93,14.95,1125482,24636168.00
2011/09/23,14.66,14.88,14.49,14.71,801906,16860278.00
2011/09/26,14.76,15.26,14.54,14.84,899156,19281692.00
2011/09/27,14.93,15.19,14.65,14.91,651151,13914705.00
2011/09/28,14.93,15.44,14.93,15.03,1201628,26187606.00
2011/09/29,14.95,14.95,14.24,14.26,1063908,22103042.00
2011/09/30,14.23,14.49,14.06,14.21,656257,13420932.00
2011/10/10,14.23,14.54,14.07,14.20,480653,9790338.00
2011/10/11,14.49,14.86,14.11,14.49,815813,16935028.00
2011/10/12,14.34,14.99,14.16,14.97,1118880,23685022.00
2011/10/13,14.97,15.41,14.97,15.19,1229340,26853828.00
2011/10/14,15.19,15.34,14.86,15.04,695703,15052399.00
2011/10/17,15.13,15.29,14.84,15.27,833304,17970392.00
2011/10/18,14.99,15.25,14.74,14.75,828930,17880594.00
2011/10/19,14.75,14.96,14.42,14.49,396126,8324974.50
2011/10/20,14.62,14.63,13.66,13.91,1068071,21387738.00
2011/10/21,13.81,14.04,13.71,13.71,368482,7341577.50
2011/10/24,13.70,14.00,13.31,13.86,756829,14844703.00
2011/10/25,13.87,14.25,13.72,14.24,925942,18729490.00
2011/10/26,14.21,14.46,13.99,14.26,1171357,24056450.00
2011/10/27,14.38,14.48,14.13,14.34,900953,18551204.00
2011/10/28,14.49,14.95,14.40,14.93,2006474,42392932.00
2011/10/31,14.89,15.06,14.78,15.05,1424189,30493828.00
2011/11/01,14.84,15.41,14.64,15.41,2090858,45029548.00
2011/11/02,14.98,15.46,14.88,15.45,1846639,40452704.00
2011/11/03,15.34,15.95,15.34,15.76,2890926,65010792.00
2011/11/04,16.19,16.56,15.74,15.91,2910177,66850164.00
2011/11/07,15.70,15.91,15.55,15.63,1563341,35130148.00
2011/11/08,15.64,15.77,15.25,15.25,1144960,25350142.00
2011/11/09,15.25,15.57,15.19,15.56,922762,20391500.00
2011/11/10,15.34,15.49,15.24,15.24,817295,17989480.00
2011/11/11,15.24,15.43,15.12,15.13,647414,14145569.00
2011/11/14,15.28,15.84,15.28,15.74,1300673,29169574.00
2011/11/15,15.74,15.84,15.60,15.80,1111316,25016610.00
2011/11/16,15.80,15.84,15.20,15.24,1123436,24827376.00
2011/11/17,15.24,15.43,14.86,15.19,1073947,23314150.00
2011/11/18,14.94,15.16,14.26,14.44,1103048,23200316.00
2011/11/21,14.54,14.54,14.19,14.49,604876,12528805.00
2011/11/22,14.37,14.37,14.04,14.21,649874,13251682.00
2011/11/23,14.34,14.51,14.20,14.28,660056,13608466.00
2011/11/24,14.07,14.26,13.82,14.13,660415,13301952.00
2011/11/25,14.06,14.38,13.99,14.16,489740,9969795.00
2011/11/28,14.17,14.27,14.01,14.16,297290,6035499.00
2011/11/29,14.44,14.44,14.24,14.42,552265,11387305.00
2011/11/30,14.76,14.76,13.77,13.86,951592,19443770.00
2011/12/01,14.41,14.41,14.00,14.08,888806,18172966.00
2011/12/02,13.99,14.04,13.68,13.71,443630,8803664.00
2011/12/05,13.90,13.90,13.21,13.23,402280,7776665.00
2011/12/06,13.31,13.39,13.14,13.34,390208,7450700.00
2011/12/07,13.37,13.59,13.37,13.49,329618,6402688.00
2011/12/08,13.49,13.61,13.20,13.32,441485,8519627.00
2011/12/09,13.21,13.44,13.20,13.25,303149,5790231.50
2011/12/12,13.27,13.39,13.21,13.31,202493,3866948.25
2011/12/13,13.31,13.31,12.61,12.74,521217,9621617.00
2011/12/14,12.76,12.76,11.62,11.83,856586,14959357.00
2011/12/15,11.76,11.76,11.20,11.41,1165364,19194130.00
2011/12/16,11.41,11.69,11.25,11.68,572281,9469681.00
2011/12/19,11.70,11.70,11.24,11.56,500455,8264900.00
2011/12/20,11.56,11.80,11.38,11.66,566875,9548358.00
2011/12/21,11.79,11.91,11.24,11.29,607039,10180850.00
2011/12/22,10.99,11.13,10.56,10.79,535766,8369706.50
2011/12/23,10.84,11.05,10.64,10.84,421489,6634887.50
2011/12/26,10.79,11.01,10.63,10.68,347020,5443446.00
2011/12/27,10.83,10.83,10.22,10.25,415400,6294937.50
2011/12/28,9.93,10.22,9.84,10.11,381411,5535592.00
2011/12/29,9.99,10.18,9.91,9.91,766561,11143068.00
2011/12/30,9.97,10.94,9.91,10.94,3379126,52347628.00
2012/01/04,10.84,11.11,10.65,10.69,2842739,44956352.00
2012/01/05,10.59,11.03,10.51,10.87,2404204,37665408.00
2012/01/06,10.71,10.99,9.84,10.99,2381347,36378700.00
2012/01/09,10.88,11.41,10.52,11.35,2845405,45476844.00
2012/01/10,11.35,11.70,11.09,11.56,2790101,46136320.00
2012/01/11,11.52,11.68,11.31,11.49,1995244,33073488.00
2012/01/12,11.49,11.69,11.41,11.44,1530728,25538124.00
2012/01/13,11.48,11.48,10.59,10.59,1627685,25851526.00
2012/01/16,10.49,10.66,10.06,10.11,1068224,16064506.00
2012/01/17,10.10,10.85,10.10,10.81,1183625,17979244.00
2012/01/18,10.84,11.05,10.21,10.35,1264142,19473342.00
2012/01/19,10.33,10.59,10.23,10.47,789952,11931391.00
2012/01/20,10.54,10.67,10.44,10.60,793785,12184406.00
2012/01/30,10.62,10.81,10.60,10.67,956042,14818393.00
2012/01/31,10.59,10.62,9.99,10.27,1029018,15308127.00
2012/02/01,10.26,10.31,10.11,10.18,502205,7439429.00
2012/02/02,10.30,10.40,10.17,10.39,574221,8558490.00
2012/02/03,10.45,10.91,10.40,10.86,1863894,28868580.00
2012/02/06,11.78,11.98,11.71,11.98,2294623,39627504.00
2012/02/07,12.13,12.30,11.35,11.56,4358739,74095832.00
2012/02/08,11.39,11.91,11.38,11.84,2926977,49176972.00
2012/02/09,11.69,11.96,11.67,11.74,2244296,38210660.00
2012/02/10,11.76,12.07,11.54,11.77,1703451,28915104.00
2012/02/13,11.77,12.79,11.54,12.51,3877717,68709904.00
2012/02/14,12.48,12.81,12.26,12.32,2618601,47180956.00
2012/02/15,12.34,12.53,12.21,12.51,1530064,27373838.00
2012/02/16,12.35,12.60,12.13,12.31,1663103,29578476.00
2012/02/17,12.27,12.41,12.01,12.19,1194679,20959800.00
2012/02/20,12.39,12.45,12.21,12.22,1258800,22315948.00
2012/02/21,12.06,12.30,11.91,12.26,1235550,21551818.00
2012/02/22,12.33,12.83,12.30,12.72,2845051,51944500.00
2012/02/23,12.72,12.86,12.56,12.63,2042571,37358500.00
2012/02/24,12.63,12.69,12.41,12.64,1506659,27242522.00
2012/02/27,12.64,12.77,12.53,12.56,2142689,39112268.00
2012/02/28,12.49,12.74,12.22,12.32,1488427,26702068.00
2012/02/29,12.23,12.32,12.09,12.11,925443,16273175.00
2012/03/01,12.11,12.31,12.06,12.16,828197,14573011.00
2012/03/02,12.16,12.39,12.14,12.34,1136040,20140574.00
2012/03/05,12.27,12.54,12.27,12.35,1121613,20092764.00
2012/03/06,12.45,12.45,11.90,11.91,1323905,22958456.00
2012/03/07,11.70,12.01,11.56,11.71,1342257,22820796.00
2012/03/08,11.70,11.98,11.70,11.90,968133,16618892.00
2012/03/09,11.95,12.19,11.88,12.14,1070863,18623366.00
2012/03/12,12.13,12.31,11.99,12.19,1062702,18657344.00
2012/03/13,12.22,12.38,12.16,12.38,1463763,25881512.00
2012/03/14,12.39,12.48,11.23,11.49,2655054,46294524.00
2012/03/15,11.40,11.59,11.06,11.19,1425391,23272214.00
2012/03/16,11.33,11.52,11.10,11.52,1004599,16463913.00
2012/03/19,11.54,12.32,11.41,11.98,2212622,37881196.00
2012/03/20,11.99,12.11,11.70,11.99,1873447,32248252.00
2012/03/21,11.99,12.17,11.71,12.17,1463085,25330158.00
2012/03/22,12.43,12.86,12.27,12.61,4554122,82847560.00
2012/03/23,12.61,12.79,12.41,12.66,3258938,59351516.00
2012/03/26,12.68,12.84,12.41,12.84,2800731,51132428.00
2012/03/27,12.91,13.34,12.65,12.83,4090671,76040424.00
2012/03/28,12.81,12.84,12.24,12.50,3340501,60224116.00
2012/03/29,12.45,12.53,11.29,11.74,3354376,57671908.00
2012/03/30,11.75,11.91,11.32,11.63,2757330,46398768.00
2012/04/05,11.62,11.84,11.34,11.80,2541692,42423124.00
2012/04/06,11.78,11.84,11.56,11.64,1645943,27756340.00
2012/04/09,11.68,11.68,11.02,11.02,1538399,25190460.00
2012/04/10,10.99,11.77,10.86,11.57,2308018,37328204.00
2012/04/11,11.38,11.91,11.13,11.35,1953460,32255386.00
2012/04/12,11.45,11.56,11.11,11.39,1854656,30429422.00
2012/04/13,11.38,11.72,11.38,11.60,2356761,39348996.00
2012/04/16,11.49,11.63,11.28,11.56,1490368,24713390.00
2012/04/17,11.50,11.88,11.42,11.51,1591419,26780922.00
2012/04/18,11.53,11.84,11.51,11.76,1956020,33059036.00
2012/04/20,11.61,11.75,11.41,11.66,1362789,22792914.00
2012/04/23,11.56,11.57,11.01,11.03,1950556,31615666.00
2012/04/24,11.03,11.15,10.56,10.97,1290775,20274136.00
2012/04/25,10.84,11.75,10.84,11.73,2089132,34423788.00
2012/04/26,11.73,12.45,11.64,12.10,4595631,80460144.00
2012/04/27,11.94,12.33,11.82,12.16,2114829,37174020.00
2012/05/02,12.27,12.31,11.95,12.09,1644356,28732636.00
2012/05/03,12.14,12.24,11.77,11.94,1073936,18537208.00
2012/05/04,11.88,12.43,11.81,12.29,3120132,38998824.00
2012/05/07,12.29,12.48,11.90,12.34,3896409,48563268.00
2012/05/08,12.31,12.31,12.00,12.10,2626908,32676156.00
2012/05/09,11.90,11.96,11.51,11.53,3122130,37392920.00
2012/05/10,11.53,11.66,11.44,11.50,1366078,16217006.00
2012/05/11,11.50,11.62,11.10,11.10,1751802,20435846.00
2012/05/14,11.30,11.43,11.23,11.23,1275526,14802003.00
2012/05/15,11.10,11.41,11.06,11.40,1052172,12094971.00
2012/05/16,11.40,11.60,11.31,11.31,920661,10804534.00
2012/05/17,11.35,11.49,11.35,11.40,758383,8893268.00
2012/05/18,11.25,11.67,11.24,11.63,2547637,30225976.00
2012/05/21,11.51,11.71,11.51,11.58,887416,10557586.00
2012/05/22,11.60,11.76,11.55,11.72,1237141,14813132.00
2012/05/23,11.73,11.88,11.61,11.87,1733592,20849962.00
2012/05/24,11.88,12.52,11.78,12.00,3285458,40891120.00
2012/05/25,12.05,12.28,11.75,12.21,2930735,36320976.00
2012/05/28,12.20,12.47,12.00,12.45,2800332,35087744.00
2012/05/29,12.50,12.59,12.32,12.37,3095821,39344192.00
2012/05/30,12.30,12.45,12.14,12.19,2684797,33775924.00
2012/05/31,12.16,13.00,12.15,12.62,8523776,110615288.00
2012/06/01,12.75,13.18,12.00,12.91,10896299,143785952.00
2012/06/04,12.57,13.27,12.48,12.81,9529661,126217592.00
2012/06/05,12.89,14.01,12.58,13.69,9095156,120840432.00
2012/06/06,13.62,13.69,12.91,12.99,9455655,128174344.00
2012/06/07,12.98,13.12,12.28,12.32,6543584,84325784.00
2012/06/08,12.40,12.43,11.72,11.79,3569022,44238632.00
2012/06/11,11.70,12.00,11.45,11.95,2668932,32153702.00
2012/06/12,11.85,11.99,11.51,11.52,2106845,25213656.00
2012/06/13,11.54,11.79,11.50,11.69,2180857,26027938.00
2012/06/14,11.68,11.95,11.60,11.70,2252859,27239936.00
2012/06/15,11.70,11.83,11.41,11.52,1962076,23375152.00
2012/06/18,11.52,11.82,11.52,11.64,1467365,17561024.00
2012/06/19,11.66,11.83,11.64,11.78,1681145,20237050.00
2012/06/20,11.82,11.91,11.76,11.85,1527127,18520636.00
2012/06/21,11.86,11.86,11.43,11.43,1497082,17704146.00
2012/06/25,11.39,11.39,10.68,10.71,1776861,20096708.00
2012/06/26,10.60,10.88,10.53,10.81,1031304,11350124.00
2012/06/27,10.80,10.99,10.74,10.78,1420507,15839663.00
2012/06/28,10.90,11.07,10.59,10.61,1086941,12067600.00
2012/06/29,10.51,10.70,10.31,10.65,970827,10524371.00
2012/07/02,10.62,10.86,10.62,10.78,754305,8329916.50
2012/07/03,10.87,10.87,10.56,10.60,916514,10091191.00
2012/07/04,10.60,10.71,10.06,10.17,1524179,16257593.00
2012/07/05,10.13,10.13,9.71,9.72,1679873,17065930.00
2012/07/06,9.88,9.90,9.48,9.83,1647712,16422503.00
2012/07/09,9.80,9.85,9.40,9.43,1366195,13514439.00
2012/07/10,9.45,9.54,9.30,9.34,799182,7743107.50
2012/07/11,9.34,9.56,9.34,9.55,764948,7477964.00
2012/07/12,9.54,9.70,9.44,9.66,799367,7899954.50
2012/07/13,9.67,9.69,9.45,9.49,841653,8284753.00
2012/07/16,9.53,9.59,8.70,8.70,1302601,12169873.00
2012/07/17,8.85,8.85,8.68,8.76,571762,5186361.50
2012/07/18,8.77,8.92,8.70,8.92,789614,7189108.00
2012/07/19,8.92,9.13,8.83,9.03,897174,8389001.00
2012/07/20,9.05,9.20,8.92,8.97,768393,7215707.50
2012/07/23,8.94,8.96,8.71,8.87,474805,4348732.00
2012/07/24,8.80,9.05,8.78,9.05,861992,7937209.00
2012/07/25,9.00,9.13,8.90,8.90,457710,4254559.50
2012/07/26,8.98,9.00,8.80,8.88,690437,6356680.50
2012/07/27,8.88,8.94,8.65,8.67,1080867,9738174.00
2012/07/30,8.68,8.68,8.14,8.14,1191207,10208071.00
2012/07/31,8.26,8.26,7.81,7.96,572842,4735234.00
2012/08/01,7.96,8.19,7.96,8.07,475187,3989378.50
2012/08/02,7.97,8.17,7.74,7.96,629485,5198994.50
2012/08/03,8.07,8.14,7.93,8.10,606443,5063512.00
2012/08/06,8.00,8.34,8.00,8.32,1002806,8529548.00
2012/08/07,8.28,9.18,8.28,9.18,2266522,21008378.00
2012/08/08,9.30,9.92,9.25,9.61,6187145,60897684.00
2012/08/09,9.43,9.62,9.25,9.56,3424490,33298644.00
2012/08/10,9.42,9.59,9.31,9.38,2012385,19576318.00
2012/08/13,9.54,9.54,8.87,8.90,2174968,20471116.00
2012/08/14,8.82,9.14,8.60,9.10,2264221,20776566.00
2012/08/15,9.00,9.26,8.90,9.07,1576941,14807265.00
2012/08/16,9.05,9.07,8.87,8.88,947830,8773704.00
2012/08/17,8.70,8.98,8.65,8.96,728482,6665315.50
2012/08/20,8.83,9.05,8.72,8.99,707719,6493127.00
2012/08/21,9.08,9.34,8.92,9.30,1872323,17704486.00
2012/08/22,9.29,9.40,8.98,9.03,1171715,11065546.00
2012/08/23,9.02,9.47,8.93,9.29,2153960,20552336.00
2012/08/24,9.20,9.29,8.87,8.87,1277195,11933180.00
2012/08/27,8.76,8.85,8.32,8.34,1285966,11317478.00
2012/08/28,8.34,8.55,8.23,8.45,928862,8071118.00
2012/08/29,8.45,8.54,8.28,8.34,1006802,8759007.00
2012/08/30,8.22,8.36,7.78,8.02,912315,7686560.50
2012/08/31,7.96,8.18,7.95,8.13,503636,4227969.50
2012/09/03,8.13,8.48,8.01,8.36,984312,8470597.00
2012/09/04,8.37,8.45,8.20,8.22,761715,6559977.00
2012/09/05,8.32,8.45,8.12,8.38,834606,7216260.00
2012/09/06,8.36,9.25,8.36,9.25,2423920,22927750.00
2012/09/07,9.68,9.88,9.38,9.74,8551990,84949728.00
2012/09/10,9.50,9.85,9.45,9.75,5970461,59606576.00
2012/09/11,9.68,9.68,9.50,9.62,2700209,26677758.00
2012/09/12,9.57,9.73,9.45,9.67,2678941,26488670.00
2012/09/13,9.70,9.89,9.42,9.71,4196252,42003492.00
2012/09/14,9.76,9.90,9.36,9.50,2973100,29377486.00
2012/09/17,9.42,9.50,8.98,9.05,2009225,19153366.00
2012/09/18,9.00,9.16,8.83,8.96,1011080,9416607.00
2012/09/19,8.96,9.15,8.96,9.14,1100458,10314990.00
2012/09/20,9.14,9.14,8.35,8.46,1901000,17161878.00
2012/09/21,8.45,8.58,8.36,8.43,1106752,9707481.00
2012/09/24,8.30,8.71,8.15,8.60,1192806,10407020.00
2012/09/25,8.47,8.79,8.47,8.57,1110279,9925424.00
2012/09/26,8.58,8.79,8.32,8.42,1002712,8868330.00
2012/09/27,8.52,8.91,8.26,8.86,1879979,16961960.00
2012/09/28,8.81,9.25,8.70,9.19,2213907,20692124.00
2012/10/08,9.20,9.23,8.92,9.03,1701960,15873225.00
2012/10/09,9.08,9.40,9.03,9.38,2126280,20303614.00
2012/10/10,9.30,9.50,9.14,9.39,2365819,22702858.00
2012/10/11,9.38,9.38,9.04,9.05,1670941,15849893.00
2012/10/12,9.01,9.17,8.81,8.90,1287030,11923826.00
2012/10/15,8.98,8.98,8.64,8.80,1132071,10251853.00
2012/10/16,8.80,8.92,8.72,8.77,663976,6058416.00
2012/10/17,8.85,9.68,8.78,9.68,2398768,23364360.00
2012/10/18,9.82,10.08,9.51,9.69,8319771,83846728.00
2012/10/19,9.59,9.86,9.52,9.76,4771587,47602672.00
2012/10/22,9.62,9.81,9.54,9.73,2673635,26750162.00
2012/10/23,9.68,9.69,9.44,9.44,2721042,26743448.00
2012/10/24,9.34,9.70,9.31,9.61,2571732,25229680.00
2012/10/25,9.60,9.70,9.20,9.23,2160196,21115664.00
2012/10/26,9.28,9.40,8.97,9.12,1642109,15596919.00
2012/10/29,9.24,9.35,9.00,9.34,1269902,12061778.00
2012/10/30,9.34,9.46,9.24,9.32,1422930,13716582.00
2012/10/31,9.32,9.41,9.12,9.41,1213095,11607646.00
2012/11/01,9.41,9.80,9.37,9.79,3987129,39733048.00
2012/11/02,9.71,9.85,9.63,9.77,2366462,23750570.00
2012/11/05,9.68,9.74,9.41,9.60,2321139,22833730.00
2012/11/06,9.57,9.60,9.19,9.42,1598557,15439935.00
2012/11/07,9.42,9.42,9.06,9.10,2326342,22034716.00
2012/11/08,9.05,9.05,8.23,8.35,3172612,27983880.00
2012/11/09,8.26,8.45,8.21,8.40,1246026,10812616.00
2012/11/12,8.44,8.70,8.44,8.59,1450792,12899080.00
2012/11/13,8.58,8.61,8.35,8.45,964797,8464857.00
2012/11/14,8.40,8.85,8.40,8.73,1382147,12338184.00
2012/11/15,8.71,8.71,8.27,8.40,1214328,10658048.00
2012/11/16,8.40,8.40,7.93,8.21,1141163,9597032.00
2012/11/19,8.20,8.34,8.11,8.33,786509,6698256.00
2012/11/20,8.37,8.95,8.30,8.53,1937985,17347992.00
2012/11/21,8.42,8.82,8.40,8.73,1717039,15344925.00
2012/11/22,8.63,8.65,8.47,8.60,918170,8137038.50
2012/11/23,8.68,8.74,8.54,8.60,754224,6726688.00
2012/11/26,8.60,8.70,8.10,8.21,1047902,9116511.00
2012/11/27,8.18,8.20,7.85,7.85,1084821,8958337.00
2012/11/28,7.86,8.05,7.79,7.87,807013,6633962.00
2012/11/29,7.90,8.10,7.85,7.86,744957,6154247.00
2012/11/30,7.80,7.90,7.50,7.80,1071455,8626571.00
2012/12/03,7.80,7.80,6.99,7.01,1305362,9992842.00
2012/12/04,6.84,7.18,6.82,7.13,1154671,8371672.00
2012/12/05,7.05,7.85,7.05,7.49,1592874,12371134.00
2012/12/06,7.50,7.55,7.42,7.42,666185,5169940.50
2012/12/07,7.42,7.75,7.34,7.57,1497112,11795924.00
2012/12/10,7.58,7.88,7.58,7.84,1881559,15142217.00
2012/12/11,7.82,7.93,7.75,7.83,1664102,13536502.00
2012/12/12,7.84,7.84,7.59,7.68,1225628,9785381.00
2012/12/13,7.63,7.73,7.46,7.47,763895,6014033.50
2012/12/14,7.46,8.19,7.46,8.08,2653823,21618634.00
2012/12/17,7.95,8.11,7.89,8.08,2495766,20732018.00
2012/12/18,8.08,8.70,7.95,8.20,2444646,20977792.00
2012/12/19,8.13,8.20,8.01,8.12,1379974,11588112.00
2012/12/20,8.10,8.17,7.95,8.10,1029600,8593521.00
2012/12/21,8.10,8.18,7.96,8.02,1485740,12417864.00
2012/12/24,7.92,8.06,7.92,8.04,777677,6459542.00
2012/12/25,8.05,8.37,8.00,8.30,1984303,16959806.00
2012/12/26,8.31,8.49,8.26,8.42,1386970,12020188.00
2012/12/27,8.39,8.48,8.18,8.21,2518631,21569264.00
2012/12/28,8.22,8.33,8.06,8.28,1977794,16772196.00
2012/12/31,8.35,8.43,8.20,8.42,2076996,17938240.00
2013/01/04,8.43,8.50,8.22,8.35,1611649,13903845.00
2013/01/07,8.33,8.50,8.28,8.50,1752919,15251600.00
2013/01/08,8.44,8.86,8.35,8.70,3728774,33260236.00
2013/01/09,8.66,9.27,8.59,9.07,5990384,55895880.00
2013/01/10,9.03,9.42,8.92,9.15,4551502,42993436.00
2013/01/11,9.10,9.12,8.58,8.62,3110916,28316226.00
2013/01/14,8.56,8.92,8.54,8.90,2723125,24760824.00
2013/01/15,8.90,9.13,8.85,9.04,3682607,34148320.00
2013/01/16,9.04,9.28,8.87,9.09,3412979,32043950.00
2013/01/17,9.09,9.09,8.89,8.93,1943727,17995956.00
2013/01/18,8.93,9.09,8.78,9.02,2276006,21087472.00
2013/01/21,9.10,9.46,8.96,9.18,2877345,27141924.00
2013/01/22,9.18,9.29,8.85,8.86,3037950,28384284.00
2013/01/23,8.83,8.90,8.62,8.80,1539161,13922526.00
2013/01/24,8.80,9.38,8.77,8.97,5125216,47963688.00
2013/01/25,8.84,9.45,8.84,9.35,6906640,65942824.00
2013/01/28,9.32,10.01,9.21,9.87,7845122,77958008.00
2013/01/29,9.70,10.38,9.63,9.82,9054858,92922184.00
2013/01/30,9.59,9.74,9.35,9.53,5767870,56655812.00
2013/01/31,9.45,9.49,9.31,9.47,2734747,26541488.00
2013/02/01,9.45,9.59,9.39,9.43,2603054,25448482.00
2013/02/04,9.42,9.48,8.95,8.95,4108621,38692912.00
2013/02/05,8.87,9.08,8.87,9.06,1643403,15309453.00
2013/02/06,9.07,9.15,9.00,9.12,1371712,12909722.00
2013/02/07,9.06,9.19,8.98,9.07,1140815,10685014.00
2013/02/08,9.05,9.26,9.05,9.25,1397424,13256083.00
2013/02/18,9.27,9.46,9.15,9.46,2534703,24459550.00
2013/02/19,9.45,9.45,9.19,9.21,1847740,17708376.00
2013/02/20,9.02,9.10,8.81,9.05,3752042,34702896.00
2013/02/21,8.98,8.98,8.83,8.91,1931425,17756244.00
2013/02/22,8.91,8.98,8.84,8.94,1663654,15347620.00
2013/02/25,9.04,9.04,8.86,8.95,921570,8508683.00
2013/02/26,8.94,8.95,8.67,8.67,1679584,15342190.00
2013/02/27,8.57,8.78,8.56,8.74,1242610,11176315.00
2013/02/28,8.74,8.89,8.65,8.87,1650664,15024113.00
2013/03/01,8.87,8.93,8.71,8.91,2518109,22925864.00
2013/03/04,9.06,9.18,8.60,8.68,3132213,28917278.00
2013/03/05,8.50,8.89,8.48,8.81,2173509,19545276.00
2013/03/06,8.76,8.93,8.75,8.91,2006963,18386840.00
2013/03/07,8.89,8.97,8.70,8.83,1983123,18189340.00
2013/03/08,8.83,9.30,8.83,9.06,3615144,33791552.00
2013/03/11,9.06,9.15,8.92,9.11,1803519,16807016.00
2013/03/12,9.11,9.65,8.82,9.03,4154062,39438404.00
2013/03/13,8.95,8.96,8.22,8.71,2536950,22804552.00
2013/03/14,8.65,8.76,8.41,8.46,1291586,11468854.00
2013/03/15,8.54,9.04,8.12,8.63,2411360,21672560.00
2013/03/18,8.63,8.72,8.50,8.54,626060,5558300.50
2013/03/19,8.50,8.89,8.44,8.75,1410564,12687906.00
2013/03/20,8.72,9.15,8.71,9.01,3146227,29130778.00
2013/03/21,8.96,9.14,8.91,9.00,2568549,23876338.00
2013/03/22,9.00,9.04,8.92,8.96,1790392,16582348.00
2013/03/25,8.90,9.04,8.90,8.92,1424327,13198953.00
2013/03/26,8.87,8.88,8.54,8.61,1803063,16149339.00
2013/03/27,8.60,8.69,8.42,8.50,1308615,11573803.00
2013/03/28,8.50,8.50,8.11,8.13,1278602,10901445.00
2013/03/29,8.13,8.23,8.06,8.06,716681,6043534.50
2013/04/01,8.05,8.19,8.04,8.10,517928,4365759.50
2013/04/02,8.10,8.22,8.04,8.08,565669,4768626.50
2013/04/03,8.09,8.20,7.90,7.97,795009,6657997.00
2013/04/08,7.93,7.96,7.62,7.88,866466,6973302.00
2013/04/09,7.84,7.99,7.84,7.97,682030,5620949.50
2013/04/10,7.97,8.08,7.96,8.04,642616,5341000.00
2013/04/11,8.06,8.18,8.04,8.09,849410,7140373.50
2013/04/12,8.09,8.10,7.98,8.00,368522,3067092.50
2013/04/15,7.96,7.96,7.81,7.81,585967,4786125.50
2013/04/16,7.75,7.93,7.70,7.93,469226,3810415.25
2013/04/17,7.93,8.01,7.86,8.01,368348,3032201.00
2013/04/18,8.09,8.12,7.98,8.00,597729,4986160.50
2013/04/19,8.00,8.20,8.00,8.13,1133603,9547202.00
2013/04/22,8.10,8.12,8.02,8.08,640718,5362705.00
2013/04/23,8.03,8.14,7.81,7.87,812979,6689635.50
2013/04/24,7.85,8.00,7.80,7.98,819549,6728566.50
2013/04/25,7.97,7.97,7.68,7.68,1040212,8415435.00
2013/04/26,7.61,7.73,7.46,7.53,819458,6443002.50
2013/05/02,7.53,7.65,7.47,7.64,474043,3738102.25
2013/05/03,7.64,7.82,7.60,7.76,504441,4069068.75
2013/05/06,7.85,7.87,7.76,7.86,677674,5510607.50
2013/05/07,7.84,7.86,7.76,7.79,674377,5460886.00
2013/05/08,7.88,8.59,7.80,8.19,2497782,20929356.00
2013/05/09,8.15,8.45,8.10,8.41,2193466,18574874.00
2013/05/10,8.37,8.45,8.21,8.32,1424396,12142857.00
2013/05/13,8.31,8.32,8.16,8.27,739200,6245559.00
2013/05/14,8.27,8.30,8.20,8.29,889382,7512397.00
2013/05/15,8.32,8.49,8.21,8.41,1196217,10252275.00
2013/05/16,8.41,8.48,8.28,8.35,1144482,9843934.00
2013/05/17,8.32,8.44,8.31,8.42,1048654,9010854.00
2013/05/20,8.43,8.75,8.39,8.70,2381791,21111436.00
2013/05/21,8.71,8.78,8.57,8.69,1599328,14175697.00
2013/05/22,8.64,8.83,8.61,8.63,1244588,11116792.00
2013/05/23,8.60,8.69,8.45,8.47,1291526,11316721.00
2013/05/24,8.49,8.61,8.45,8.57,932395,8147859.00
2013/05/27,8.57,8.66,8.47,8.63,1008524,8846844.00
2013/05/28,8.64,8.67,8.50,8.62,922029,8103467.00
2013/05/29,8.61,8.74,8.60,8.66,1086569,9642199.00
2013/05/30,8.62,8.64,8.48,8.55,1331480,11622497.00
2013/05/31,8.50,8.97,8.50,8.79,3475049,31074160.00
2013/06/03,8.70,8.83,8.55,8.57,1841322,16288708.00
2013/06/04,8.57,8.63,8.08,8.11,1841432,15604495.00
2013/06/05,8.11,8.18,8.01,8.08,831942,6886725.00
2013/06/06,8.09,8.18,7.95,7.99,709442,5870123.00
2013/06/07,8.01,8.09,7.77,7.82,1001599,8104826.50
2013/06/13,7.72,7.73,7.41,7.50,809326,6243536.00
2013/06/14,7.58,7.62,7.50,7.55,859689,6672691.00
2013/06/17,7.60,7.75,7.49,7.65,672186,5271620.00
2013/06/18,7.65,7.67,7.51,7.58,594721,4628712.00
2013/06/19,7.57,7.57,7.38,7.55,626806,4813897.50
2013/06/20,7.52,7.54,7.34,7.34,540285,4137994.25
2013/06/21,7.30,7.32,7.04,7.22,429282,3164965.50
2013/06/24,7.24,7.24,6.80,6.83,1114038,8058258.00
2013/06/25,6.70,7.25,6.16,6.90,1288325,8949520.00
2013/06/26,6.85,7.48,6.77,7.35,2115097,15527409.00
2013/06/27,7.40,7.40,7.00,7.04,1860960,13734360.00
2013/06/28,7.01,7.10,6.88,6.90,896548,6416217.50
2013/07/01,6.90,6.99,6.83,6.99,379334,2698748.50
2013/07/02,6.97,7.08,6.96,7.03,496942,3590607.25
2013/07/03,6.99,6.99,6.73,6.87,1055314,7417894.00
2013/07/04,6.85,6.98,6.70,6.91,948835,6697644.00
2013/07/05,6.92,7.00,6.90,6.95,614394,4387974.00
2013/07/08,6.81,6.89,6.56,6.56,724166,4996655.00
2013/07/09,6.46,6.71,6.46,6.62,347695,2352930.50
2013/07/10,6.62,6.80,6.54,6.79,515330,3561881.25
2013/07/11,6.80,7.06,6.80,6.94,1239425,8868577.00
2013/07/12,6.90,7.06,6.85,6.90,716387,5135381.00
2013/07/15,6.92,7.48,6.91,7.18,1803365,13360050.00
2013/07/16,7.15,7.29,7.10,7.21,1238803,9127317.00
2013/07/17,7.15,7.22,7.00,7.01,898200,6556802.00
2013/07/18,6.98,7.09,6.93,7.01,658189,4745816.50
2013/07/19,6.98,7.10,6.89,6.89,751982,5414530.50
2013/07/22,6.83,6.91,6.78,6.86,850396,6005094.00
2013/07/23,6.86,7.31,6.86,7.28,2058281,15091734.00
2013/07/24,7.19,7.50,7.10,7.33,3025151,22785454.00
2013/07/25,7.33,7.34,7.00,7.03,1511223,11181962.00
2013/07/26,7.00,7.23,7.00,7.23,728496,5329254.00
2013/07/29,7.12,7.18,6.97,7.01,967544,7020399.00
2013/07/30,7.01,7.22,6.95,7.21,1531660,11165911.00
2013/07/31,7.22,7.25,7.10,7.12,1129540,8309506.50
2013/08/01,7.14,7.32,7.10,7.30,1415950,10533838.00
2013/08/02,7.33,7.42,7.23,7.27,1519001,11416478.00
2013/08/05,7.27,7.39,7.22,7.35,1003863,7556586.00
2013/08/06,7.35,7.50,7.28,7.42,1466582,11176278.00
2013/08/07,7.42,7.42,7.25,7.28,1513568,11396009.00
2013/08/08,7.25,7.34,7.21,7.27,668137,4994970.50
2013/08/09,7.27,7.85,7.27,7.75,5205177,40580440.00
2013/08/12,7.70,7.91,7.59,7.86,5427619,43288496.00
2013/08/13,7.80,7.82,7.65,7.76,2259873,17954534.00
2013/08/14,7.71,7.85,7.67,7.69,1619464,12882886.00
2013/08/15,7.69,7.79,7.50,7.55,1385272,10890918.00
2013/08/16,7.54,7.85,7.51,7.51,2480011,19669626.00
2013/08/19,7.47,7.65,7.40,7.63,1190838,9209987.00
2013/08/20,7.68,7.75,7.55,7.60,1102679,8634996.00
2013/08/21,7.60,7.71,7.49,7.67,1052066,8214827.50
2013/08/22,7.66,7.75,7.63,7.63,985300,7749330.50
2013/08/23,7.64,7.80,7.45,7.55,1220933,9553353.00
2013/08/26,7.55,7.86,7.50,7.73,1488362,11806448.00
2013/08/27,7.75,7.86,7.71,7.80,1176571,9400577.00
2013/08/28,7.77,8.04,7.57,7.92,1953086,15778134.00
2013/08/29,7.89,8.10,7.87,8.10,2778803,22830840.00
2013/08/30,8.10,8.28,7.85,7.95,2866015,23599022.00
2013/09/02,7.91,7.97,7.78,7.93,1101934,8903533.00
2013/09/03,7.95,8.08,7.95,8.00,1044456,8580361.00
2013/09/04,7.99,8.00,7.86,7.93,1223065,9930709.00
2013/09/05,7.98,7.98,7.85,7.89,770864,6240390.00
2013/09/06,7.90,8.05,7.85,7.98,1159658,9453139.00
2013/09/09,7.97,8.13,7.94,7.98,1347422,11059794.00
2013/09/10,7.98,8.23,7.93,8.12,2443880,20302616.00
2013/09/11,8.18,8.43,8.03,8.40,3499556,29517646.00
2013/09/12,8.47,8.97,8.38,8.77,6375094,57137872.00
2013/09/13,8.74,8.96,8.60,8.69,3091354,27582568.00
2013/09/16,8.83,8.85,8.60,8.64,1828486,16320064.00
2013/09/17,8.66,8.75,8.39,8.39,1932951,16859412.00
2013/09/18,8.39,8.79,8.30,8.78,1795457,15705926.00
2013/09/23,8.77,9.08,8.70,8.92,2571218,23507616.00
2013/09/24,8.91,8.98,8.67,8.95,1587621,14346451.00
2013/09/25,8.91,9.17,8.90,8.94,2596289,24091474.00
2013/09/26,8.86,8.91,8.51,8.65,2033768,18076034.00
2013/09/27,8.65,8.77,8.47,8.65,1300809,11466270.00
2013/09/30,8.67,8.76,8.49,8.68,994263,8715907.00
2013/10/08,8.65,8.85,8.51,8.79,1084104,9649736.00
2013/10/09,8.79,9.35,8.68,9.30,3494173,32436662.00
2013/10/10,9.30,9.50,9.11,9.43,4398373,41727064.00
2013/10/11,9.43,9.55,9.27,9.45,3586540,34425328.00
2013/10/14,9.52,9.52,9.04,9.15,3714013,34964700.00
2013/10/15,9.10,9.18,8.98,9.02,1766240,16375974.00
2013/10/16,9.01,9.17,8.92,8.98,1905799,17666428.00
2013/10/17,8.98,9.22,8.85,9.02,933175,8611808.00
2013/10/18,9.10,9.12,8.70,8.79,1808446,16401530.00
2013/10/21,8.83,9.00,8.66,8.87,1701747,15348194.00
2013/10/22,8.90,9.00,8.68,8.76,1268828,11468397.00
2013/10/23,8.76,8.88,8.34,8.34,1985561,17266286.00
2013/10/24,8.34,8.41,8.19,8.25,988920,8406337.00
2013/10/25,8.25,8.34,8.12,8.14,940395,7918285.50
2013/10/28,8.14,8.30,8.14,8.29,553258,4672745.50
2013/10/29,8.28,8.50,8.00,8.16,1785789,15246010.00
2013/10/30,8.17,8.48,8.17,8.33,1000334,8543389.00
2013/10/31,8.36,8.38,8.18,8.35,667538,5675615.00
2013/11/01,8.35,8.56,8.33,8.44,966544,8412477.00
2013/11/04,8.47,8.66,8.47,8.50,811917,7098574.50
2013/11/05,8.45,8.51,8.31,8.47,608941,5234333.00
2013/11/06,8.48,8.55,8.25,8.34,559986,4830281.50
2013/11/07,8.27,8.38,8.12,8.25,558426,4704361.00
2013/11/08,8.25,8.34,8.13,8.18,316591,2658354.75
2013/11/11,8.19,8.52,8.16,8.42,666697,5702187.00
2013/11/12,8.45,9.12,8.34,8.94,4692619,42708200.00
2013/11/13,8.96,9.13,8.61,8.87,3501875,31808970.00
2013/11/14,8.75,9.30,8.75,9.29,6475791,60501232.00
2013/11/15,9.28,9.45,9.10,9.45,5960474,56471632.00
2013/11/18,9.43,9.49,9.21,9.26,4973656,47563948.00
2013/11/19,9.23,9.49,8.94,9.49,5324651,50544680.00
2013/11/20,9.40,9.59,9.25,9.52,3519492,34010904.00
2013/11/21,9.53,10.00,9.47,9.95,6979425,70012952.00
2013/11/22,9.96,10.93,9.85,10.41,7808216,83519096.00
2013/11/25,10.41,11.47,10.41,11.36,14834151,169718880.00
2013/11/26,11.15,11.16,10.75,11.12,10558323,117646456.00
2013/11/27,10.92,11.28,10.81,11.02,5403103,60824868.00
2013/11/28,10.90,11.00,10.65,10.85,5726951,62908596.00
2013/11/29,10.80,11.12,10.76,10.95,4671068,52028168.00
2013/12/02,10.65,10.80,9.92,10.09,5204763,55227708.00
2013/12/03,10.07,11.12,10.05,11.02,4717412,51699256.00
2013/12/04,10.90,11.69,10.80,11.26,4086471,46765016.00
2013/12/05,11.12,11.42,11.00,11.01,2024815,23015170.00
2013/12/06,10.91,11.05,10.61,10.74,2102923,23021406.00
2013/12/09,10.74,10.93,10.66,10.80,794332,8730058.00
2013/12/10,10.94,11.09,10.81,10.84,1126010,12569278.00
2013/12/11,10.90,11.07,10.71,10.84,910691,10076364.00
2013/12/12,10.86,10.91,10.72,10.75,957208,10517510.00
2013/12/13,10.70,10.70,10.35,10.44,1840404,19628642.00
2013/12/16,10.48,10.51,10.10,10.16,1435810,15061189.00
2013/12/17,10.16,10.59,10.12,10.26,1763748,18510078.00
2013/12/18,10.22,10.50,10.15,10.30,997858,10541077.00
2014/04/18,11.35,11.35,11.35,11.35,162318,1874772.88
2014/04/21,12.51,12.51,12.51,12.51,495075,6292403.00
2014/04/22,13.78,13.78,13.02,13.47,16925483,231111568.00
2014/04/23,13.21,14.76,13.05,14.60,14124935,201130448.00
2014/04/24,14.22,15.29,13.81,14.00,11610503,170309072.00
2014/04/25,13.60,13.90,13.11,13.11,8097241,110620760.00
2014/04/28,12.82,13.00,12.54,12.57,5028658,65020192.00
2014/04/29,12.51,12.95,12.47,12.74,4272991,55009452.00
2014/04/30,12.65,13.00,12.22,12.29,5048819,64839048.00
2014/05/05,12.17,13.20,12.07,13.19,6218736,80181496.00
2014/05/06,13.03,13.38,12.90,13.30,4833813,64418560.00
2014/05/07,13.14,13.26,12.70,12.88,3290229,43240232.00
2014/05/08,12.80,12.90,12.38,12.64,3234511,41608368.00
2014/05/09,12.56,12.68,11.95,11.96,3339758,41403936.00
2014/05/12,12.19,12.21,11.82,12.11,2362947,28959176.00
2014/05/13,12.03,12.56,11.91,12.46,3234636,40484012.00
2014/05/14,12.39,12.39,12.01,12.15,2403834,29724624.00
2014/05/15,12.08,12.77,11.95,12.22,3327940,41809724.00
2014/05/16,12.22,12.38,11.00,11.68,3414506,41108872.00
2014/05/19,11.65,11.65,11.20,11.30,2339383,27013666.00
2014/05/20,11.43,11.82,11.43,11.52,1987461,23482436.00
2014/05/21,11.37,11.87,11.28,11.80,2120787,25119460.00
2014/05/22,11.70,11.94,11.61,11.63,2130221,25430162.00
2014/05/23,11.55,11.73,11.47,11.60,1855709,21829258.00
2014/05/26,11.58,12.18,11.55,12.08,3657322,44331348.00
2014/05/27,12.01,12.22,11.93,12.05,2222698,27238676.00
2014/05/28,12.13,12.13,11.90,12.05,2376105,28870090.00
2014/05/29,12.08,12.13,11.53,11.54,3242952,38682032.00
2014/05/30,11.43,11.83,11.41,11.70,2358220,27699788.00
2014/06/03,11.72,12.14,11.71,11.80,2631824,31891032.00
2014/06/04,11.70,11.80,11.48,11.58,2043174,23913342.00
2014/06/05,11.62,11.79,11.45,11.74,1690423,19945872.00
2014/06/06,11.72,11.78,11.50,11.55,3301528,38829600.00
2014/06/10,11.43,11.65,11.16,11.63,5111735,58851400.00
2014/06/11,11.60,12.65,11.55,12.33,7662209,94610088.00
2014/06/17,11.96,12.05,11.50,11.56,5668885,67606520.00
2014/06/18,11.56,11.56,10.73,10.95,6509985,72738448.00
2014/06/19,11.00,11.16,10.35,10.41,3392462,37212828.00
2014/06/20,10.38,10.64,10.36,10.59,2001546,21368966.00
2014/06/23,10.70,11.37,10.59,11.18,3426118,38475048.00
2014/06/24,11.18,11.67,11.10,11.56,2895034,33695592.00
2014/06/25,11.50,11.80,11.24,11.41,2454938,28368042.00
2014/06/26,11.40,11.94,11.40,11.83,3341083,39872328.00
2014/06/27,12.11,12.64,11.87,12.35,6158118,76391296.00
2014/06/30,12.25,13.35,12.18,13.06,6163981,79937576.00
2014/07/01,12.95,13.54,12.88,13.02,4043846,53833844.00
2014/07/02,13.09,13.25,12.49,12.79,5091882,65935812.00
2014/07/03,12.83,13.23,12.62,13.12,3922651,51708612.00
2014/07/04,13.02,13.58,12.85,13.24,3235183,43132820.00
2014/07/07,13.25,13.42,12.90,13.38,2513084,33509978.00
2014/07/08,13.47,13.72,13.32,13.39,4292167,58810660.00
2014/07/09,13.45,13.57,13.05,13.35,3479223,46925100.00
2014/07/10,13.24,13.58,13.12,13.58,2977799,40170788.00
2014/07/11,13.81,13.90,13.50,13.58,2567360,35497460.00
2014/07/14,13.47,13.85,13.45,13.58,2507612,34603140.00
2014/07/15,13.67,13.74,12.91,13.26,3366265,45240300.00
2014/07/16,13.23,13.35,12.88,12.88,1682726,22242220.00
2014/07/17,12.89,13.16,12.64,13.12,1810363,23532982.00
2014/07/18,13.17,13.17,12.93,13.05,901525,11885181.00
2014/07/21,13.03,13.10,12.76,12.91,914675,11953362.00
2014/07/22,12.91,13.35,12.79,13.10,1400087,18580304.00
2014/07/23,13.09,13.15,12.74,12.76,1278970,16765815.00
2014/07/24,12.75,12.83,12.46,12.67,1125605,14327392.00
2014/07/25,12.65,12.72,12.09,12.39,3416930,42761348.00
2014/07/28,12.38,12.67,12.20,12.62,2629814,32915244.00
2014/07/29,12.53,12.80,12.40,12.68,1713690,21926772.00
2014/07/30,12.77,12.77,12.35,12.52,2113624,26801110.00
2014/07/31,12.40,12.83,12.37,12.83,1702092,21739230.00
2014/08/01,12.73,12.82,12.45,12.51,1649856,21128008.00
2014/08/04,12.47,12.77,12.45,12.74,1242649,15866185.00
2014/08/05,12.65,13.30,12.65,13.14,3154257,41606088.00
2014/08/06,13.15,13.15,12.72,13.01,2572002,33618320.00
2014/08/07,12.93,13.16,12.86,12.90,1478729,19449006.00
2014/08/08,12.92,13.29,12.82,13.24,2064616,27376530.00
2014/08/11,13.21,13.40,13.11,13.28,2294684,30829226.00
2014/08/12,13.25,13.42,13.20,13.28,1654475,22215480.00
2014/08/13,13.25,13.33,13.10,13.31,2255810,30145678.00
2014/08/14,13.31,13.63,13.24,13.46,3103947,42207480.00
2014/08/15,13.47,13.70,13.41,13.70,3120036,42985228.00
2014/08/18,13.86,14.09,13.45,13.90,4413723,61553260.00
2014/08/19,13.85,14.03,13.65,13.78,3255116,45651448.00
2014/08/21,13.95,13.95,13.14,13.25,7320211,98581800.00
2014/08/22,13.18,13.40,12.95,13.28,2429666,32492210.00
2014/08/25,13.27,13.45,13.15,13.38,2432733,32839222.00
2014/08/26,13.36,13.36,12.93,12.94,2277210,30234832.00
2014/08/27,12.85,13.36,12.85,13.33,1645830,21967696.00
2014/08/28,13.30,13.40,13.11,13.12,919725,12299660.00
2014/08/29,13.06,13.35,13.06,13.27,1105492,14776202.00
2014/09/01,13.27,13.35,12.97,13.33,2282746,30414996.00
2014/09/02,13.33,13.64,13.28,13.57,3005803,41092292.00
2014/09/03,13.50,13.85,13.29,13.38,5952178,80575856.00
2014/09/04,13.39,13.62,13.32,13.61,3698215,50526304.00
2014/09/05,13.64,14.99,13.52,14.99,7420210,106847496.00
2014/09/09,14.85,14.99,14.46,14.70,7705116,114277648.00
2014/09/10,14.51,14.89,14.51,14.66,3862303,57402852.00
2014/09/11,14.64,14.88,14.10,14.35,4106104,60417460.00
2014/09/12,14.25,14.79,14.25,14.75,3457204,51073440.00
2014/09/15,14.70,14.91,14.55,14.75,3555873,52996224.00
2014/09/16,14.67,14.79,14.05,14.06,3632476,53032944.00
2014/09/17,14.05,14.22,13.71,14.02,2523874,35631740.00
2014/09/18,13.92,14.14,13.83,14.05,1687844,23888376.00
2014/09/19,14.06,14.57,13.96,14.53,2021364,29305188.00
2014/09/22,14.47,14.47,13.95,14.10,2742386,39260436.00
2014/09/23,14.10,14.32,14.04,14.25,2033442,29082438.00
2014/09/24,14.28,14.74,14.26,14.66,3579034,52734308.00
2014/09/25,14.68,14.77,14.46,14.51,2570367,37841972.00
2014/09/26,14.44,14.50,14.09,14.30,5351522,76897248.00
2014/09/29,14.32,15.30,14.32,15.03,7266610,109398112.00
2014/09/30,14.87,15.37,14.85,14.96,5444717,83061560.00
2014/10/08,15.00,15.00,14.55,14.87,4962900,73750872.00
2014/10/09,14.86,15.71,14.65,15.50,8841860,135399472.00
2014/10/10,13.94,14.61,13.94,14.04,23812334,340783296.00
2014/10/13,13.84,13.92,13.34,13.52,12041392,165756448.00
2014/10/14,13.55,13.72,13.46,13.51,6196430,85201760.00
2014/10/15,13.56,13.61,13.31,13.48,4090328,55613832.00
2014/10/16,13.42,13.57,13.31,13.32,4980365,67686472.00
2014/10/17,13.28,13.45,12.87,13.02,5227753,69419472.00
2014/10/20,13.05,13.57,13.04,13.53,5596874,75786032.00
2014/10/21,13.50,13.70,13.34,13.36,3881022,52925888.00
2014/10/22,13.40,13.43,13.07,13.12,2420948,32428666.00
2014/10/23,13.16,13.26,12.53,12.56,2898329,37771756.00
2014/10/24,12.55,12.80,12.55,12.59,1486241,19001322.00
2014/10/27,12.60,13.05,12.45,13.02,3442832,44852980.00
2014/10/28,12.92,13.44,12.92,13.35,3439780,46303840.00
2014/10/29,13.30,13.96,13.30,13.94,11669363,162333776.00
2014/10/30,13.93,14.45,13.88,14.06,7976971,114134912.00
2014/10/31,14.25,14.31,13.67,13.88,5099382,71646392.00
2014/11/03,13.88,14.15,13.79,13.92,3763341,52976304.00
2014/11/04,13.94,14.02,13.41,13.44,4350053,60078696.00
2014/11/05,13.51,13.69,13.16,13.41,3892469,52603380.00
2014/11/06,13.35,13.45,13.20,13.43,2688785,36226992.00
2014/11/07,13.43,13.71,13.26,13.34,2843921,38954968.00
2014/11/10,13.26,13.45,13.23,13.45,2229266,30034764.00
2014/11/11,13.45,13.60,13.15,13.19,3159645,42600780.00
2014/11/12,13.25,13.34,13.05,13.21,1575367,20943384.00
2014/11/13,13.22,13.29,12.71,12.78,2610466,34160388.00
2014/11/14,12.78,12.87,12.53,12.85,1955872,25072958.00
2014/11/17,12.74,13.50,12.74,13.44,3277202,44074204.00
2014/11/18,13.44,13.58,13.25,13.53,1898216,25891978.00
2014/11/19,13.41,13.72,13.41,13.53,1682046,23169650.00
2014/11/20,13.56,13.57,13.20,13.25,1736326,23371504.00
2014/11/21,13.33,13.82,13.26,13.69,3635579,50256532.00
2014/11/24,13.77,13.81,13.62,13.75,2388310,33100618.00
2014/11/25,13.76,14.00,13.50,13.99,4386666,60815992.00
2014/11/26,13.95,14.07,13.81,14.04,3831833,54095728.00
2014/11/27,14.06,14.14,13.84,13.92,4508427,63355720.00
2014/11/28,13.92,14.00,13.45,13.62,4071351,56298660.00
2014/12/01,13.62,13.67,13.47,13.62,1728158,23706936.00
2014/12/02,13.61,13.95,13.46,13.66,2730614,38153348.00
2014/12/03,13.65,13.70,13.16,13.46,4509221,60857424.00
2014/12/04,13.46,13.47,13.31,13.42,3425007,46464848.00
2014/12/05,13.42,13.42,12.59,12.76,5163484,67365432.00
2014/12/08,12.77,12.98,12.70,12.76,3350939,43471460.00
2014/12/09,12.71,12.74,11.87,12.45,4884924,60799688.00
2014/12/10,12.34,12.95,12.21,12.70,1660585,21143562.00
2014/12/11,12.70,12.70,12.15,12.42,4906781,61150212.00
2014/12/12,12.35,12.50,12.20,12.45,3360988,41980492.00
2014/12/15,12.43,12.85,12.15,12.77,5762573,73095880.00
2014/12/16,12.68,12.77,12.58,12.63,3176415,40732000.00
2014/12/17,12.65,12.66,12.22,12.35,3017935,37751652.00
2014/12/18,12.33,12.38,12.20,12.29,1659750,20628576.00
2014/12/19,12.29,12.29,11.93,11.99,1951676,23739156.00
2014/12/22,11.98,11.98,10.99,11.16,2920603,33875332.00
2014/12/23,11.16,11.42,11.16,11.26,977544,11147485.00
2014/12/24,11.30,11.70,11.30,11.49,1249457,14533300.00
2014/12/25,11.58,11.59,11.42,11.48,780318,9070385.00
2014/12/26,11.50,11.54,11.37,11.49,1329432,15408308.00
2014/12/29,11.49,11.49,10.89,11.00,2364946,26508054.00
2014/12/30,10.98,11.14,10.92,11.13,1694048,18907410.00
2014/12/31,11.12,11.15,10.95,11.13,867672,9711434.00
2015/01/05,11.15,11.21,10.92,11.10,1202294,13474960.00
2015/01/06,11.09,11.48,11.00,11.47,2183863,24920150.00
2015/01/07,11.47,11.56,11.38,11.52,1593968,18516108.00
2015/01/08,11.45,11.54,11.32,11.40,943573,10911845.00
2015/01/09,11.41,11.53,11.27,11.27,808100,9350831.00
2015/01/12,11.18,11.23,10.85,10.95,1455993,16224854.00
2015/01/13,11.00,11.25,10.87,11.06,1737857,19515930.00
2015/01/14,11.12,11.25,11.06,11.14,1009119,11418145.00
2015/01/15,11.15,11.36,11.12,11.20,1163076,13227653.00
2015/01/16,11.20,11.34,11.12,11.32,1592117,18137332.00
2015/01/19,11.17,11.71,11.05,11.14,2759016,31860068.00
2015/01/20,11.17,11.55,11.17,11.50,1886895,21791562.00
2015/01/21,11.52,11.88,11.46,11.87,3122835,37078404.00
2015/01/22,11.90,12.09,11.80,12.04,2453716,29647200.00
2015/01/23,11.97,12.08,11.83,11.91,2206078,26599514.00
2015/01/26,11.95,12.03,11.79,11.98,2185300,26385372.00
2015/01/27,11.99,12.25,11.95,12.03,3508973,42804952.00
2015/01/28,12.03,12.13,11.94,12.05,1662529,20311486.00
2015/01/29,11.65,11.79,11.30,11.73,3756663,44182528.00
2015/01/30,11.61,11.93,11.53,11.90,2734359,32621396.00
2015/02/02,11.77,11.91,11.63,11.80,2095510,25116868.00
2015/02/03,11.80,12.01,11.73,11.98,2344810,28295874.00
2015/02/04,11.94,11.97,11.53,11.72,3158065,37585312.00
2015/02/05,11.76,11.77,11.55,11.61,3450660,40671920.00
2015/02/06,11.53,11.72,11.33,11.36,1638390,19183402.00
2015/02/09,11.31,11.52,11.28,11.37,854088,9841759.00
2015/02/10,11.37,11.42,11.16,11.31,1040006,11894614.00
2015/02/11,11.35,11.46,11.30,11.43,1025068,11842957.00
2015/02/12,11.48,11.62,11.39,11.62,906357,10579445.00
2015/02/13,11.62,11.76,11.62,11.72,1485520,17625596.00
2015/02/16,11.73,11.96,11.68,11.95,2234035,26771138.00
2015/02/17,11.95,12.19,11.85,12.05,2419702,29362224.00
2015/02/25,12.10,12.10,11.89,12.05,1875480,22829574.00
2015/02/26,12.23,12.24,12.06,12.22,3225916,39688440.00
2015/02/27,12.00,12.43,11.97,12.25,4407444,54235764.00
2015/03/02,12.25,12.44,12.20,12.42,5972772,74364712.00
2015/03/03,12.41,12.56,12.23,12.30,3636399,45574920.00
2015/03/04,12.30,12.44,12.21,12.39,2745873,34229144.00
2015/03/05,12.41,12.59,12.32,12.54,3982043,50311220.00
2015/03/06,12.65,12.66,12.27,12.28,2672999,33624392.00
2015/03/09,12.26,12.50,12.06,12.44,3150450,39215360.00
2015/03/10,12.48,12.65,12.43,12.56,4575840,57986584.00
2015/03/11,12.59,12.67,12.41,12.55,3667459,46408332.00
2015/03/12,12.55,12.60,12.38,12.44,2735200,34545960.00
2015/03/13,12.50,13.30,12.40,13.30,11556614,151336464.00
2015/03/16,13.32,14.15,13.31,13.93,12038175,168535008.00
2015/03/17,13.85,14.37,13.75,14.11,8117497,115545504.00
2015/03/18,14.05,14.25,13.74,14.15,5914947,83646768.00
2015/03/19,14.07,14.55,13.96,14.19,6211832,89221760.00
2015/03/20,14.15,15.01,14.05,14.95,9880507,146140768.00
2015/05/18,16.46,16.46,16.46,16.46,172384,2863298.25
2015/05/19,18.12,18.12,18.12,18.12,47519,868172.13
2015/05/20,19.95,19.95,19.95,19.95,236733,4758333.50
2015/05/21,21.96,21.96,21.96,21.96,81560,1803291.63
2015/05/22,24.17,24.17,24.17,24.17,122859,2987931.00
2015/05/25,26.60,26.60,26.60,26.60,133276,3565133.00
2015/05/26,29.28,29.28,29.28,29.28,140337,4130118.00
2015/05/27,32.22,32.22,32.22,32.22,134849,4365062.00
2015/05/28,35.46,35.46,35.46,35.46,3534888,125877360.00
2015/05/29,38.40,38.40,32.35,37.01,40899539,1488938624.00
2015/06/01,36.35,40.73,35.88,40.73,15766116,605719104.00
2015/06/02,43.55,44.82,38.36,43.11,30390218,1311714304.00
2015/06/03,42.37,47.44,42.35,47.44,23899476,1113299200.00
2015/06/04,49.85,52.20,49.85,52.20,16934650,880759552.00
2015/06/05,57.44,57.44,55.35,57.44,4952865,285106624.00
2015/06/08,61.69,61.69,51.68,51.68,20019369,1076745216.00
2015/06/09,48.86,52.19,47.55,49.13,13623473,675792704.00
2015/06/10,49.18,54.06,48.47,52.85,16257295,845299456.00
2015/06/11,51.85,58.15,51.05,58.15,11619386,648253440.00
2015/06/12,61.43,63.98,61.43,63.98,3114947,198267568.00
2015/06/15,64.85,69.80,60.86,64.87,19166596,1257067264.00
2015/06/16,61.85,63.10,58.37,58.37,11329914,676888384.00
2015/06/17,57.20,59.05,52.65,56.52,9818298,544962048.00
2015/06/18,55.96,58.73,50.85,50.85,10917876,588613952.00
2015/06/19,47.85,48.53,45.75,45.75,10138157,474083520.00
2015/06/23,46.16,47.85,43.85,45.96,9484317,439583968.00
2015/06/24,47.35,48.15,43.35,45.53,9008596,415099424.00
2015/06/25,45.55,46.14,40.96,40.96,8266866,362097376.00
2015/06/26,39.15,39.15,36.85,36.85,7466991,280376000.00
2015/06/29,36.85,37.35,33.15,33.15,6425793,221956560.00
2015/06/30,30.86,36.48,29.82,35.74,11063783,359358080.00
2015/07/01,34.35,37.53,32.15,32.15,10530835,371618944.00
2015/07/02,31.07,32.18,28.92,28.92,8031230,241246400.00
2015/07/03,26.85,29.85,26.01,26.01,10455011,281157888.00
2015/07/06,28.63,28.63,23.39,23.39,12426560,322532672.00
2015/07/15,25.73,25.73,25.73,25.73,565448,14548977.00
2015/07/16,23.16,28.00,23.16,26.09,16573078,420377472.00
2015/07/17,26.01,28.70,25.77,28.70,12591249,351148512.00
2015/07/20,29.99,31.57,28.75,31.57,20320915,620065024.00
2015/07/21,30.06,34.73,28.50,34.73,19484126,639584576.00
2015/07/22,35.50,36.26,32.50,34.59,17324874,599669376.00
2015/07/23,33.99,37.89,33.02,36.08,14285993,506736832.00
2015/07/24,35.19,39.48,35.18,37.71,13574178,508382368.00
2015/07/27,36.50,38.97,33.94,33.94,11745977,426423360.00
2015/07/28,30.55,32.70,30.55,30.55,11043534,341354112.00
2015/07/29,30.99,31.68,27.50,31.20,14511010,420147104.00
2015/07/30,30.60,31.20,28.08,28.08,10466589,313665920.00
2015/07/31,25.90,27.50,25.27,25.27,9473959,249158304.00
2015/08/03,24.00,24.88,22.74,22.74,8713041,202406784.00
2015/08/04,23.33,25.01,23.00,25.01,10590815,254313280.00
2015/08/05,26.00,27.28,25.12,26.00,14281484,375750560.00
2015/08/06,25.09,26.10,24.21,25.33,7849405,199021392.00
2015/08/07,26.09,27.86,25.58,27.86,6468387,174548320.00
2015/08/10,29.35,30.65,28.98,30.64,14196998,423072224.00
2015/08/11,30.58,33.00,30.00,32.05,14982364,475507456.00
2015/08/12,31.11,31.87,29.61,29.92,9540414,294354048.00
2015/08/13,29.00,31.57,29.00,31.41,9324666,285117344.00
2015/08/14,32.30,34.50,31.13,33.59,13607058,438574432.00
2015/08/17,32.88,33.11,31.50,32.20,8427471,273477056.00
2015/08/18,32.30,32.99,28.98,28.98,8384740,258416496.00
2015/08/19,27.20,29.88,26.08,29.05,9318120,256301600.00
2015/08/20,28.50,29.40,27.00,27.01,6231393,175904512.00
2015/08/21,26.00,26.64,24.80,24.90,8652245,220848128.00
2015/08/24,22.55,24.00,22.41,22.41,5665307,128215968.00
2015/08/25,20.17,20.76,20.17,20.17,5402009,109300752.00
2015/08/26,20.15,20.88,18.15,18.15,12013278,232084400.00
2015/08/27,18.88,19.60,17.27,19.07,11086169,206252240.00
2015/08/28,19.49,20.98,18.95,20.98,11506504,227599024.00
2015/08/31,20.65,20.65,18.88,18.88,9877665,194831328.00
2015/09/01,18.25,18.49,16.99,16.99,8372327,145464320.00
2015/09/02,15.65,17.97,15.59,15.75,8462065,139456144.00
2015/09/07,16.38,17.33,16.20,17.00,9602342,162350000.00
2015/09/08,16.21,18.70,16.21,18.70,9996139,174899776.00
2015/09/09,19.10,20.57,18.88,20.15,14898214,295497760.00
2015/09/10,19.69,19.90,18.99,19.30,8480778,165329696.00
2015/09/11,19.25,20.70,19.25,20.70,9683746,192842432.00
2015/09/14,20.90,20.90,18.63,18.63,7253939,141963104.00
2015/09/15,17.21,17.48,16.77,16.77,6983883,118033984.00
2015/09/16,16.50,18.45,16.50,18.45,13891326,240856464.00
2015/09/17,18.20,19.64,17.80,17.80,11984265,222603056.00
2015/09/18,18.00,18.29,17.22,17.98,6932287,123055648.00
2015/09/21,17.45,19.78,17.21,19.78,12491648,232926800.00
2015/09/22,19.95,20.47,19.44,19.75,12005117,240481488.00
2015/09/23,19.10,20.07,19.00,19.98,9616086,187289760.00
2015/09/24,19.91,21.40,19.89,21.30,13461843,277157792.00
2015/09/25,21.00,21.00,19.17,19.21,13220118,264450080.00
2015/09/28,19.27,20.25,19.05,20.11,7547629,149588960.00
2015/09/29,19.60,20.17,19.34,19.85,7055814,138930800.00
2015/09/30,20.00,20.60,19.40,20.14,6610951,132354240.00
2015/10/08,21.02,21.68,20.40,20.92,9977762,210729744.00
2015/10/09,20.90,21.75,20.50,21.54,11276684,237591872.00
2015/10/12,21.59,23.69,21.32,23.69,11803178,266685872.00
2015/10/13,23.29,23.78,22.80,23.65,11195547,261360400.00
2015/10/14,23.38,23.79,22.60,22.99,10181076,234611760.00
2015/10/15,23.01,24.35,22.80,24.00,12300536,292418432.00
2015/10/16,23.96,25.25,23.96,24.91,13911436,343306720.00
2015/10/19,24.80,25.29,23.71,24.01,10856281,266606160.00
2015/10/20,23.86,25.33,23.51,25.15,11497608,281849344.00
2015/10/21,24.99,25.50,22.64,22.64,12887016,312150432.00
2015/10/22,22.35,23.50,22.06,23.30,9382072,214587712.00
2015/10/23,23.50,24.65,23.32,24.32,10313690,247965440.00
2015/10/26,24.66,26.65,24.00,26.00,14938130,377783904.00
2015/10/27,25.88,28.60,25.40,28.60,18234060,495056800.00
2015/10/28,29.45,31.20,27.02,27.97,21108330,621472448.00
2015/10/29,28.42,28.90,26.85,28.20,10591096,295147232.00
2015/10/30,27.45,29.50,26.80,28.30,9101429,257185136.00
2015/11/02,27.02,27.91,25.47,25.77,10239338,273699712.00
2015/11/03,25.73,27.36,25.10,26.90,7844005,206096368.00
2015/11/04,27.10,29.59,27.00,29.28,13025645,376102464.00
2015/11/05,29.20,30.69,28.81,30.10,16482310,492033184.00
2015/11/06,29.95,31.88,29.59,31.44,10582353,324620512.00
2015/11/09,31.01,32.00,30.12,31.10,7084030,220130896.00
2015/11/10,30.86,31.00,29.62,29.97,9741011,293949152.00
2015/11/11,29.90,30.98,29.76,30.47,6430405,196079312.00
2015/11/12,30.31,33.51,30.31,32.41,10527926,340410496.00
2015/11/13,31.92,31.94,30.00,31.40,7739433,241289776.00
2015/11/16,30.50,32.45,30.10,32.43,5263348,165357472.00
2015/11/17,33.10,35.55,33.06,33.80,9719393,334665824.00
2015/11/18,33.38,34.15,32.34,32.50,5563406,184371072.00
2015/11/19,32.30,35.00,32.30,34.85,4740921,158116592.00
2015/11/20,35.60,37.70,35.21,36.70,8544848,312259840.00
2015/11/23,36.10,40.25,36.10,39.14,12283089,476788192.00
2015/11/24,39.53,41.50,38.00,38.43,10648410,426704192.00
2015/11/25,38.60,42.27,38.43,42.27,9009106,361531680.00
2015/11/26,43.87,46.50,42.55,46.50,13119785,598927680.00
2015/11/27,46.81,46.95,41.85,41.85,13512848,584373184.00
2015/11/30,40.60,43.00,38.00,42.30,12533801,506392992.00
2015/12/01,41.80,43.08,38.07,38.07,10126244,412840448.00
2015/12/02,38.00,38.68,34.26,36.72,7925902,286154368.00
2015/12/03,36.50,37.69,35.42,37.40,8346400,307860544.00
2015/12/04,37.40,38.88,36.85,37.79,8342511,315118016.00
2015/12/07,37.55,39.52,37.27,39.40,7041916,272874560.00
2015/12/08,39.33,39.33,37.27,37.80,5605635,213116736.00
2015/12/09,37.32,37.89,35.70,35.90,5235136,191324416.00
2015/12/10,35.00,35.90,33.50,33.90,8593115,298386784.00
2015/12/11,33.20,33.90,32.68,33.35,7153344,237794848.00
2015/12/14,32.90,34.35,32.30,34.20,7606721,250581968.00
2015/12/15,34.15,34.86,34.10,34.48,6468265,222169568.00
2015/12/16,34.90,35.95,34.07,35.38,7583290,266614864.00
2015/12/17,35.23,36.75,35.23,36.47,6340419,228756416.00
2015/12/18,36.78,36.78,34.75,35.25,5410021,192997520.00
2015/12/21,34.75,35.22,33.59,34.35,6287301,215254384.00
2015/12/22,34.63,37.79,34.02,37.32,10916875,397355520.00
2015/12/23,36.80,37.08,35.61,35.66,7539415,273634848.00
2015/12/24,35.40,35.40,34.00,34.60,4070327,140503728.00
2015/12/25,34.73,35.35,34.41,34.83,2700522,94329432.00
2015/12/28,34.80,36.00,33.70,33.75,4239477,147749296.00
2015/12/29,33.75,34.19,32.85,33.44,3806320,126726952.00
2015/12/30,33.55,34.69,32.90,33.00,6827909,230276880.00
2015/12/31,33.30,33.30,32.25,32.31,4520864,147860448.00
2016/01/04,32.45,32.48,29.08,29.08,3865129,116597408.00
2016/01/05,26.17,28.39,26.17,27.06,7853765,212910896.00
2016/01/06,27.40,27.79,26.69,27.71,8525861,232023120.00
2016/01/07,27.17,27.18,24.94,24.94,1789700,45615264.00
2016/01/08,24.80,25.20,22.45,24.35,11869818,284359296.00
2016/01/11,23.01,23.94,21.92,21.92,7114439,162272832.00
2016/01/12,21.58,23.15,21.26,22.50,7602104,169921568.00
2016/01/13,22.90,23.19,21.78,21.78,6410083,144574368.00
2016/01/14,20.50,23.33,20.50,23.10,6660256,148379008.00
2016/01/15,22.81,23.78,22.32,22.95,8809540,202512512.00
2016/01/18,22.30,24.00,21.93,23.40,7895846,184354624.00
2016/01/19,23.40,24.55,22.94,24.11,8546359,202850112.00
2016/01/20,23.75,24.44,23.00,23.36,7501972,177899376.00
2016/01/21,22.81,23.99,22.00,22.07,6934418,159469856.00
2016/01/22,22.20,22.78,21.40,22.37,5145288,113993608.00
2016/01/25,22.60,23.16,22.46,23.00,4224600,96319440.00
2016/01/26,22.89,23.56,20.70,20.70,7060164,156675680.00
2016/01/27,20.79,21.30,18.82,20.30,7207381,145341696.00
2016/01/28,20.23,20.54,18.92,19.00,4577050,90315136.00
2016/01/29,19.07,20.50,18.82,20.01,4333328,85960408.00
2016/02/01,20.00,20.60,19.69,20.49,5091612,102991544.00
2016/02/02,20.50,22.11,20.38,21.60,8934626,191832304.00
2016/02/03,21.25,22.00,20.84,21.65,6024795,129224048.00
2016/02/04,21.70,22.20,21.50,21.93,5515813,120647592.00
2016/02/05,21.80,22.28,21.35,21.48,4022970,87932576.00
2016/02/15,20.97,22.68,20.27,21.94,5017039,109449760.00
2016/02/16,21.98,23.11,21.98,22.91,5969130,135736848.00
2016/02/17,22.80,23.39,22.60,23.18,5634549,129355248.00
2016/02/18,23.50,24.00,22.87,22.91,6376043,148829856.00
2016/02/19,22.82,23.06,22.22,22.98,4154504,94617320.00
2016/02/22,23.32,23.41,22.75,23.31,6192307,143094320.00
2016/02/23,23.25,23.69,22.60,23.38,5229901,121088368.00
2016/02/24,23.36,23.57,22.75,23.33,4668462,107848840.00
2016/02/25,23.59,23.88,21.00,21.00,12220842,272353376.00
2016/02/26,21.50,21.58,19.68,20.04,8355589,170821568.00
2016/02/29,19.85,20.00,18.04,18.04,7389768,135011952.00
2016/03/01,18.08,18.45,17.14,18.15,5848922,104803632.00
2016/03/02,18.22,19.95,18.11,19.64,7218457,136504768.00
2016/03/03,19.62,20.20,19.00,19.38,6053816,119402056.00
2016/03/04,19.10,19.48,17.71,17.95,5943162,110154736.00
2016/03/07,18.70,19.75,18.70,19.75,13979143,275297024.00
2016/03/08,19.75,20.42,18.17,20.40,17662483,343708544.00
2016/03/09,19.63,20.76,19.01,19.81,11518162,228388400.00
数据来源:通达信
