000732 泰禾集团 日线 前复权
      日期	    开盘	    最高	    最低	    收盘	    成交量	    成交额
2011/01/04,6.18,6.34,6.13,6.30,3938066,25430722.00
2011/01/05,6.39,6.41,6.23,6.30,3716325,24166768.00
2011/01/06,6.36,6.63,6.24,6.63,8340973,55875428.00
2011/01/07,6.63,6.72,6.47,6.49,7715360,52493456.00
2011/01/10,6.45,6.48,6.16,6.16,4843482,31431846.00
2011/01/11,6.03,6.22,6.00,6.20,2972085,18756546.00
2011/01/12,6.23,6.39,6.08,6.26,3486286,22475730.00
2011/01/13,6.27,6.37,6.21,6.24,2709585,17623758.00
2011/01/14,6.24,6.24,6.01,6.06,2972703,18712292.00
2011/01/17,6.02,6.06,5.75,5.75,3602914,21854132.00
2011/01/18,6.00,6.05,5.91,6.05,2565642,15977187.00
2011/01/19,6.20,6.36,6.13,6.36,14238219,92924792.00
2011/01/20,6.21,6.33,6.03,6.03,8535213,54483740.00
2011/01/21,5.95,6.18,5.92,6.14,4669893,29215634.00
2011/01/24,6.10,6.18,5.96,5.98,2528522,15786432.00
2011/01/25,5.96,6.00,5.88,5.94,2088860,12808108.00
2011/01/26,5.96,6.13,5.90,6.10,2575207,16127861.00
2011/01/27,6.02,6.15,5.96,6.07,3419506,21427146.00
2011/01/28,6.07,6.16,6.04,6.15,2823922,17823170.00
2011/01/31,6.12,6.47,6.12,6.34,5248276,34418920.00
2011/02/01,6.30,6.37,6.23,6.31,2697249,17522094.00
2011/02/09,6.25,6.57,6.24,6.39,4351173,28774390.00
2011/02/10,6.36,6.53,6.35,6.52,4927939,32877878.00
2011/02/11,6.48,6.58,6.43,6.50,4349185,29120512.00
2011/02/14,6.50,6.65,6.46,6.57,5772355,39060368.00
2011/02/15,6.57,6.59,6.50,6.55,4822065,32496136.00
2011/02/16,6.51,6.53,6.43,6.53,5180078,34606508.00
2011/02/17,6.54,6.87,6.47,6.87,11020497,76883408.00
2011/02/18,7.00,7.22,6.96,7.22,22737080,167326368.00
2011/02/21,7.20,7.56,7.06,7.28,15309762,115476232.00
2011/02/22,7.25,7.26,6.91,6.91,11852719,85890504.00
2011/02/23,6.85,7.10,6.85,7.06,5984475,43173368.00
2011/02/24,7.07,7.13,7.00,7.08,4151025,30111394.00
2011/02/25,7.07,7.13,6.94,7.00,3313888,23857362.00
2011/02/28,7.01,7.27,7.01,7.17,4991648,36820196.00
2011/03/01,7.20,7.50,7.12,7.49,10095262,76762608.00
2011/03/02,7.50,7.68,7.40,7.59,12279484,95729400.00
2011/03/03,7.60,7.75,7.27,7.38,9515923,73506800.00
2011/03/04,7.39,7.54,7.30,7.43,5430779,41332672.00
2011/03/07,7.50,7.53,7.35,7.45,6426371,48947412.00
2011/03/08,7.30,7.31,7.07,7.21,10387578,76434448.00
2011/03/09,7.17,7.41,7.12,7.29,5905262,44254052.00
2011/03/10,7.32,7.32,7.12,7.14,4362866,32166250.00
2011/03/11,7.12,7.39,7.07,7.22,4816154,35832960.00
2011/03/14,7.13,7.23,7.11,7.21,3037825,22362482.00
2011/03/15,7.18,7.23,6.89,7.02,4731824,34110120.00
2011/03/16,7.02,7.17,6.96,7.09,3388520,24583380.00
2011/03/17,7.06,7.07,6.90,6.93,3272761,23496982.00
2011/03/18,6.97,7.04,6.97,6.99,1951638,14041646.00
2011/03/21,6.93,7.02,6.88,6.90,3028131,21621212.00
2011/03/22,6.90,6.95,6.82,6.91,2331675,16510891.00
2011/03/23,6.90,6.99,6.87,6.99,2559967,18287998.00
2011/03/24,7.00,7.15,6.97,7.06,4617926,33525400.00
2011/03/25,7.06,7.12,6.99,7.05,3788235,27485592.00
2011/03/28,7.05,7.25,7.03,7.16,4607883,33884792.00
2011/03/29,7.13,7.27,7.09,7.20,5478609,40458368.00
2011/03/30,7.21,7.27,6.94,6.96,4273948,31133742.00
2011/03/31,6.93,6.98,6.67,6.71,5374019,37611784.00
2011/04/01,6.72,6.91,6.69,6.86,2359408,16494368.00
2011/04/06,6.84,6.91,6.78,6.87,2647537,18639102.00
2011/04/07,6.86,7.22,6.82,7.22,7612979,55655840.00
2011/04/08,7.30,7.57,7.19,7.46,16561025,126218792.00
2011/04/11,7.48,7.63,7.35,7.47,10993092,84613104.00
2011/04/12,7.44,7.66,7.42,7.57,9063591,70230448.00
2011/04/13,7.56,7.64,7.42,7.53,4853237,37465808.00
2011/04/14,7.57,7.57,7.35,7.40,5827742,44418264.00
2011/04/15,7.32,7.56,7.17,7.55,8366073,63191564.00
2011/04/18,7.47,7.56,7.37,7.43,7943259,60843444.00
2011/04/19,7.39,7.53,7.22,7.45,7045700,53569028.00
2011/04/20,7.45,7.83,7.44,7.64,12439973,98255936.00
2011/04/21,7.60,7.82,7.40,7.44,8653015,67297928.00
2011/04/22,7.49,7.54,7.32,7.50,5382087,41165848.00
2011/04/25,7.51,7.60,7.33,7.53,6928167,53041496.00
2011/04/26,7.47,7.70,7.44,7.70,10035355,78121408.00
2011/04/27,7.73,8.10,7.65,8.10,28583978,235818816.00
2011/04/28,8.12,8.26,7.69,7.69,15479912,125846928.00
2011/04/29,7.30,7.47,7.30,7.30,3109000,23337010.00
2011/05/03,6.93,7.30,6.93,7.18,11556069,83579120.00
2011/05/04,7.05,7.28,7.03,7.20,7810325,57570920.00
2011/05/05,7.15,7.33,7.11,7.21,4344210,32366322.00
2011/05/06,7.17,7.17,6.94,7.10,5549963,40355564.00
2011/05/09,7.09,7.46,7.09,7.39,6596343,49468308.00
2011/05/10,7.43,7.77,7.38,7.77,13240794,104288984.00
2011/05/11,7.93,8.17,7.61,8.10,17794801,144636512.00
2011/05/12,8.12,8.52,7.92,8.35,28287123,243914512.00
2011/05/13,8.50,8.78,8.36,8.44,26437103,233159936.00
2011/05/16,8.48,8.87,8.46,8.87,22763542,204505456.00
2011/05/17,9.05,9.15,8.42,8.42,24326333,215885360.00
2011/05/18,8.10,8.67,8.00,8.60,13325344,114723328.00
2011/05/19,8.60,9.04,8.55,9.04,21969337,201292816.00
2011/05/20,9.03,9.34,8.83,8.99,18420693,171332256.00
2011/05/23,8.85,9.11,8.53,8.53,15733705,140420560.00
2011/05/25,8.33,8.68,8.14,8.21,9595220,81926080.00
2011/05/26,8.21,8.63,8.20,8.63,11429047,98951528.00
2011/05/30,8.78,9.51,8.66,8.95,40571409,379485408.00
2011/05/31,8.35,8.76,8.04,8.73,25635810,218147120.00
2011/06/01,8.51,9.62,8.42,9.62,41276184,394939264.00
2011/06/02,9.69,10.47,9.48,10.11,53618255,548183552.00
2011/06/03,9.90,10.29,9.81,10.03,30174417,309177696.00
2011/06/07,9.82,10.25,9.70,10.04,25600644,260882384.00
2011/06/08,10.09,10.67,10.09,10.16,30725250,323836320.00
2011/06/09,9.90,11.05,9.68,10.49,38729681,406476896.00
2011/06/10,10.30,10.45,9.75,10.02,28413878,291823616.00
2011/06/13,9.85,9.94,9.33,9.90,18672336,183432720.00
2011/06/14,9.81,10.26,9.75,9.90,16469802,168050224.00
2011/06/15,9.78,9.87,9.36,9.45,18956557,185433424.00
2011/06/16,9.35,9.38,8.49,8.53,21447026,193824192.00
2011/06/17,8.68,8.75,8.34,8.38,12406566,108944784.00
2011/06/20,8.20,8.47,8.05,8.45,10408245,87928168.00
2011/06/21,8.45,8.60,8.33,8.55,9454186,82114656.00
2011/06/22,8.64,9.37,8.58,8.95,24187116,223630304.00
2011/06/23,8.80,8.97,8.49,8.88,13361183,119675000.00
2011/06/24,8.85,9.10,8.80,8.94,15376508,140737712.00
2011/06/27,8.87,9.30,8.81,9.23,16338437,152161504.00
2011/06/28,9.22,9.22,8.95,9.03,9972739,92116680.00
2011/06/29,8.95,9.09,8.64,8.65,10548824,95476064.00
2011/06/30,8.56,8.78,8.50,8.66,9054866,80396904.00
2011/07/01,8.64,8.83,8.55,8.61,8560782,76119776.00
2011/07/04,8.67,9.15,8.65,9.04,16728382,153688576.00
2011/07/05,9.00,9.96,8.95,9.79,31050465,303475168.00
2011/07/06,9.60,9.67,9.44,9.62,15288530,149229824.00
2011/07/07,9.53,9.78,9.45,9.49,13080045,128608008.00
2011/07/08,9.48,10.12,9.48,10.02,21558914,217696176.00
2011/07/11,9.96,10.26,9.80,10.01,16516815,169311104.00
2011/07/12,9.89,9.95,9.46,9.51,14266714,140643024.00
2011/07/13,9.45,9.67,9.30,9.59,11859304,115379384.00
2011/07/14,9.59,10.27,9.51,10.09,17730185,179363600.00
2011/07/15,10.04,10.10,9.80,9.87,12563113,127000104.00
2011/07/18,9.90,10.05,9.49,9.56,13690132,135010800.00
2011/07/20,9.57,9.69,9.32,9.63,9636985,93562032.00
2011/07/21,9.55,9.63,9.39,9.40,5790623,56027168.00
2011/07/22,9.45,9.70,9.38,9.53,6377360,62302300.00
2011/07/25,9.53,9.53,8.56,8.70,10818726,98856632.00
2011/07/26,8.61,8.79,8.42,8.63,6233836,54650536.00
2011/07/27,8.68,8.90,8.48,8.81,6118801,54366720.00
2011/07/28,8.60,8.85,8.52,8.63,4873912,43097484.00
2011/07/29,8.65,8.79,8.40,8.40,4576828,40157812.00
2011/08/01,8.30,8.59,8.10,8.42,7068407,60224940.00
2011/08/02,8.44,8.45,8.20,8.34,4346322,36985780.00
2011/08/03,8.25,8.38,8.10,8.28,3948769,33341210.00
2011/08/04,8.27,8.52,8.25,8.46,5287895,45377704.00
2011/08/05,8.13,8.18,7.80,8.01,4937406,40726596.00
2011/08/08,7.80,7.82,7.19,7.19,9533259,72144864.00
2011/08/09,6.80,7.48,6.50,7.18,9471096,67100792.00
2011/08/10,7.24,7.40,7.18,7.19,6145014,45869676.00
2011/08/11,6.92,7.26,6.83,7.21,5195739,37969824.00
2011/08/12,7.27,7.44,7.22,7.26,4783632,35866708.00
2011/08/15,7.32,7.44,7.26,7.41,5379475,40623744.00
2011/08/16,7.51,7.54,7.27,7.30,4242041,32075316.00
2011/08/17,7.26,7.29,7.08,7.16,3905471,28834846.00
2011/08/18,7.20,7.90,7.20,7.90,12654017,101130864.00
2011/08/19,8.10,8.45,7.85,8.01,24839113,206823008.00
2011/08/22,7.99,8.38,7.99,8.19,14885329,125005992.00
2011/08/23,8.20,8.67,7.90,8.55,17336735,147208752.00
2011/08/24,8.50,9.21,8.42,9.01,18965853,172631952.00
2011/08/25,9.05,9.22,8.61,8.88,17336729,157057152.00
2011/08/26,8.78,8.85,8.50,8.64,14242306,126033424.00
2011/08/29,8.63,8.63,8.25,8.32,9830190,84551816.00
2011/08/30,8.35,8.49,8.05,8.08,10788496,91680656.00
2011/08/31,8.16,8.18,7.92,8.15,6844606,56442436.00
2011/09/01,8.15,8.19,7.89,7.97,5015909,41357492.00
2011/09/02,7.97,8.02,7.62,7.65,5051459,40349248.00
2011/09/05,7.50,7.55,7.33,7.44,4078055,31050000.00
2011/09/06,7.33,8.04,7.31,7.69,8145232,64639556.00
2011/09/07,7.63,7.85,7.63,7.82,4930707,39207792.00
2011/09/08,7.83,7.88,7.51,7.53,4255511,33524006.00
2011/09/09,7.53,7.61,7.27,7.27,3604039,27433492.00
2011/09/13,7.15,7.16,6.96,7.15,3357904,24332232.00
2011/09/14,7.20,7.33,7.13,7.33,2452880,18224704.00
2011/09/15,7.38,7.50,7.29,7.30,2970001,22555720.00
2011/09/16,7.39,7.41,7.22,7.25,2543567,18995494.00
2011/09/19,7.18,7.54,7.11,7.50,3860912,29128770.00
2011/09/20,7.40,7.60,7.34,7.56,4091818,31487646.00
2011/09/22,7.85,8.28,7.53,7.58,11970181,96581328.00
2011/09/23,7.20,7.38,6.91,7.11,7891647,58032264.00
2011/09/26,7.00,7.19,6.91,6.98,2545621,18422508.00
2011/09/27,7.07,7.09,6.85,6.90,2667165,19084178.00
2011/09/28,6.92,6.96,6.53,6.55,4426904,30445958.00
2011/09/29,6.40,6.50,6.00,6.10,3778339,24358894.00
2011/09/30,6.18,6.27,6.06,6.19,1994758,12719127.00
2011/10/10,6.25,6.30,6.14,6.17,1453349,9303358.00
2011/10/11,6.32,6.36,6.03,6.10,1394258,8915636.00
2011/10/12,6.08,6.35,5.94,6.30,4050954,26098298.00
2011/10/13,6.33,6.44,6.24,6.35,2403899,15765238.00
2011/10/14,6.30,6.35,6.24,6.32,1457966,9469418.00
2011/10/17,6.40,6.90,6.40,6.58,6377093,43633856.00
2011/10/18,6.48,6.52,6.08,6.11,3651375,23765546.00
2011/10/19,6.03,6.19,6.00,6.07,2244292,14121420.00
2011/10/20,6.01,6.06,5.67,5.82,2980371,18026600.00
2011/10/21,5.86,5.86,5.66,5.70,1708506,10149798.00
2011/10/24,5.73,5.83,5.48,5.76,1967740,11570105.00
2011/10/25,5.82,5.94,5.64,5.90,2899883,17469982.00
2011/10/26,5.81,6.03,5.75,5.91,2828592,17381392.00
2011/10/27,5.90,6.00,5.86,5.88,2090910,12803073.00
2011/10/28,5.96,6.15,5.94,6.01,3501768,21767898.00
2011/10/31,6.01,6.04,5.89,6.03,3157640,19471214.00
2011/11/01,6.00,6.05,5.88,6.00,1991765,12310676.00
2011/11/02,5.94,6.00,5.77,6.00,4589263,27888260.00
2011/11/03,6.01,6.25,6.01,6.06,5657698,35782280.00
2011/11/04,6.07,6.25,6.03,6.23,4963913,31463842.00
2011/11/07,6.23,6.24,6.10,6.13,3291047,20936954.00
2011/11/08,6.15,6.16,5.93,5.95,2881957,17992970.00
2011/11/09,5.95,6.07,5.91,6.07,2163962,13411040.00
2011/11/10,6.02,6.19,5.95,6.09,4765216,30044958.00
2011/11/11,6.08,6.10,5.99,6.01,2414649,15040789.00
2011/11/14,6.08,6.16,6.03,6.16,4043688,25533216.00
2011/11/15,6.20,6.80,6.20,6.80,9556181,65734864.00
2011/11/16,7.05,7.05,6.66,6.77,20587179,145324912.00
2011/11/17,6.71,6.77,6.50,6.58,9408767,63861668.00
2011/11/18,6.44,6.57,6.34,6.51,7021427,46708924.00
2011/11/21,6.54,6.81,6.41,6.76,9162958,62795364.00
2011/11/22,6.65,6.88,6.52,6.85,7516799,51838924.00
2011/11/23,7.55,7.55,6.50,6.53,13256480,93434176.00
2011/11/24,6.35,6.42,6.21,6.33,6058210,39338992.00
2011/11/25,6.23,6.31,5.88,5.95,5630851,35551036.00
2011/11/28,5.94,5.99,5.60,5.74,5904558,35399964.00
2011/11/29,5.78,5.83,5.74,5.81,4275309,25628752.00
2011/12/01,5.80,6.03,5.71,5.85,6963417,42526560.00
2011/12/02,5.75,5.80,5.54,5.62,3815384,22348710.00
2011/12/05,5.59,5.73,5.47,5.47,2356801,13678325.00
2011/12/06,5.45,5.59,5.35,5.48,2472153,14050185.00
2011/12/07,5.48,5.59,5.42,5.56,1563974,8949732.00
2011/12/08,5.56,5.61,5.38,5.53,1820214,10408935.00
2011/12/09,5.50,5.55,5.38,5.41,1221154,6894687.00
2011/12/12,5.42,5.54,5.37,5.40,1388877,7851498.50
2011/12/13,5.36,5.38,4.90,4.97,2436762,12978393.00
2011/12/14,4.90,4.98,4.83,4.85,1564508,8013907.00
2011/12/15,4.82,4.92,4.76,4.77,1962744,9863881.00
2011/12/16,4.73,5.00,4.73,5.00,1923293,9746552.00
2011/12/19,4.93,4.98,4.82,4.95,1699576,8671729.00
2011/12/20,4.92,5.02,4.91,4.95,1434864,7421809.50
2011/12/21,5.00,5.04,4.79,4.79,1377339,7069266.50
2011/12/22,4.77,4.77,4.29,4.45,2888095,13452505.00
2011/12/23,4.40,4.67,4.35,4.66,2172276,10331151.00
2011/12/26,4.66,5.01,4.65,4.86,4083393,20589724.00
2011/12/27,4.82,4.87,4.67,4.84,2702322,13454391.00
2011/12/28,4.83,4.94,4.73,4.91,2337120,11715516.00
2011/12/29,4.84,4.95,4.84,4.89,1599493,8151864.50
2011/12/30,4.89,4.95,4.86,4.94,1882171,9612004.00
2012/01/04,4.95,5.10,4.91,4.96,3193667,16651410.00
2012/01/05,4.95,4.95,4.73,4.83,2009649,10122267.00
2012/01/06,4.81,4.93,4.66,4.88,1515983,7542418.50
2012/01/09,4.94,5.10,4.84,5.10,1852076,9663223.00
2012/01/10,5.10,5.28,5.05,5.23,3458473,18655986.00
2012/01/11,5.23,5.24,5.10,5.18,2865414,15359036.00
2012/01/12,5.15,5.63,5.10,5.22,3274088,18097064.00
2012/01/13,5.28,5.32,4.90,5.01,2671639,14022860.00
2012/01/16,4.92,5.04,4.85,4.87,1004240,5145938.50
2012/01/17,4.87,5.17,4.82,5.16,1936457,10140950.00
2012/01/18,5.11,5.25,4.97,5.01,1635566,8636362.00
2012/01/19,5.01,5.08,4.96,5.05,1486416,7774093.00
2012/01/20,5.08,5.11,5.03,5.08,932500,4919148.50
2012/01/30,5.08,5.18,4.98,5.06,988851,5229482.00
2012/01/31,5.06,5.10,4.95,5.04,1086976,5649558.00
2012/02/01,5.04,5.06,4.85,4.97,1307889,6761043.00
2012/02/02,4.91,5.06,4.91,5.05,1030417,5359627.00
2012/02/06,5.12,5.26,5.12,5.20,3666473,19748488.00
2012/02/07,5.13,5.18,5.02,5.05,1525951,8062449.50
2012/02/08,5.05,5.17,4.96,5.14,1551101,8222420.50
2012/02/09,5.15,5.25,5.15,5.20,2863924,15482899.00
2012/02/10,5.15,5.35,5.15,5.31,4544965,24932782.00
2012/02/13,5.27,5.30,5.17,5.28,3776278,20546610.00
2012/02/14,5.27,5.47,5.21,5.38,4946893,27493360.00
2012/02/15,5.32,5.48,5.25,5.45,4060883,22676238.00
2012/02/16,5.45,5.58,5.40,5.49,3638718,20680514.00
2012/02/17,5.49,5.55,5.33,5.40,3472656,19478330.00
2012/02/20,5.49,5.55,5.40,5.48,4400668,24887528.00
2012/02/21,5.47,5.56,5.34,5.48,4211192,23780426.00
2012/02/22,5.48,5.67,5.46,5.63,5198626,30176420.00
2012/02/23,5.79,6.13,5.68,5.70,7967488,47793824.00
2012/02/24,5.72,6.04,5.61,5.88,9491960,57374212.00
2012/02/27,5.86,5.95,5.79,5.80,5967749,36236356.00
2012/02/28,5.80,5.87,5.73,5.81,3395352,20381630.00
2012/02/29,5.81,5.81,5.58,5.60,3842690,22532532.00
2012/03/01,5.55,5.68,5.52,5.59,1987366,11565194.00
2012/03/02,5.56,5.79,5.56,5.76,3195739,18940484.00
2012/03/05,5.76,5.82,5.73,5.73,2292565,13682121.00
2012/03/06,5.70,5.73,5.55,5.58,3020208,17530244.00
2012/03/07,5.56,5.64,5.50,5.55,1878855,10833746.00
2012/03/08,5.56,5.66,5.56,5.63,2457755,14305545.00
2012/03/09,5.61,5.88,5.61,5.77,4733709,28249956.00
2012/03/12,5.73,6.05,5.73,5.98,7422495,45634692.00
2012/03/13,5.98,6.32,5.88,6.16,9322659,59233896.00
2012/03/14,6.18,6.24,5.71,5.87,7190093,44544400.00
2012/03/15,5.80,5.90,5.56,5.66,3323020,19665252.00
2012/03/16,5.75,6.03,5.73,5.98,5221312,31847956.00
2012/03/19,6.00,6.33,5.99,6.04,7533590,47910192.00
2012/03/20,5.98,6.13,5.85,6.07,5407211,33480626.00
2012/03/21,6.08,6.34,5.98,6.28,7252652,46213936.00
2012/03/22,6.25,6.31,6.08,6.08,5299095,33866624.00
2012/03/23,6.07,6.07,5.78,5.80,4382795,26632040.00
2012/03/26,5.77,5.84,5.73,5.81,1702533,10186095.00
2012/03/27,5.84,5.87,5.72,5.78,1617440,9705480.00
2012/03/28,5.68,5.77,5.46,5.47,2835650,16488054.00
2012/03/29,5.39,5.64,5.33,5.53,3105000,17775330.00
2012/03/30,5.53,5.60,5.50,5.56,1672495,9609336.00
2012/04/05,5.64,5.81,5.57,5.77,1706396,10083924.00
2012/04/06,5.77,5.88,5.74,5.83,2027921,12225038.00
2012/04/09,5.80,5.85,5.73,5.80,1318960,7911324.00
2012/04/10,5.73,5.90,5.66,5.90,2233520,13348235.00
2012/04/11,5.88,6.15,5.82,6.06,3655557,22751864.00
2012/04/12,6.09,6.13,5.96,6.07,3357824,21029010.00
2012/04/13,6.08,6.36,6.05,6.14,4622726,29579818.00
2012/04/16,6.14,6.22,6.00,6.08,2643839,16665351.00
2012/04/17,6.16,6.16,5.87,5.90,2816961,17475964.00
2012/04/18,5.90,6.10,5.85,6.04,3118781,19323742.00
2012/04/19,6.03,6.17,5.94,6.15,3439575,21561882.00
2012/04/20,6.15,6.55,6.10,6.38,7780535,51115228.00
2012/04/23,6.33,6.54,6.30,6.50,7251565,48105428.00
2012/04/24,6.47,6.58,6.25,6.42,4841294,31975842.00
2012/04/25,6.36,6.78,6.36,6.67,6097732,41423052.00
2012/04/26,6.68,6.70,6.37,6.45,4802306,32104906.00
2012/04/27,6.45,6.46,6.22,6.40,3058514,19923332.00
2012/05/02,6.49,6.55,6.28,6.46,3009032,19858784.00
2012/05/03,6.42,6.53,6.38,6.52,1910679,12736431.00
2012/05/04,6.52,6.53,6.30,6.36,2945203,19426560.00
2012/05/07,6.28,6.39,6.27,6.35,2080630,13564278.00
2012/05/08,6.36,6.44,6.33,6.40,1215022,8002534.50
2012/05/09,6.38,6.39,6.19,6.20,1825916,11875978.00
2012/05/10,6.19,6.30,6.18,6.24,1407289,9040654.00
2012/05/11,6.29,6.31,6.18,6.28,1361204,8761718.00
2012/05/14,6.39,6.47,6.26,6.41,3212808,21192740.00
2012/05/15,6.42,6.66,6.35,6.62,5285789,35771828.00
2012/05/16,6.60,7.08,6.58,6.85,9046366,63710948.00
2012/05/17,6.81,6.87,6.67,6.87,4020138,28086802.00
2012/05/18,6.79,6.86,6.50,6.64,3244521,22351368.00
2012/05/21,6.60,6.90,6.60,6.79,2834614,19738432.00
2012/05/22,6.82,6.95,6.75,6.76,2682759,18839972.00
2012/05/23,6.77,6.95,6.65,6.84,2948169,20704512.00
2012/05/24,6.77,6.93,6.60,6.69,2737485,19161994.00
2012/05/25,6.70,6.75,6.57,6.69,2131546,14560866.00
2012/05/28,6.65,6.88,6.57,6.88,2258247,15615690.00
2012/05/29,6.86,7.01,6.83,6.94,4678833,33426838.00
2012/05/30,6.95,7.01,6.82,6.88,2511169,17810252.00
2012/05/31,6.81,6.87,6.73,6.87,1804768,12668668.00
2012/06/01,6.87,7.01,6.83,6.92,2245953,15991328.00
2012/06/04,6.81,6.81,6.50,6.55,3748550,25634518.00
2012/06/05,6.59,6.62,6.42,6.50,1737673,11633482.00
2012/06/06,6.50,6.69,6.46,6.67,2216525,15076198.00
2012/06/07,6.76,6.77,6.57,6.65,1881810,12974685.00
2012/06/08,6.75,6.75,6.62,6.73,1656842,11443554.00
2012/06/11,6.78,6.97,6.73,6.92,2566983,18140478.00
2012/06/12,6.93,6.95,6.76,6.83,1926961,13552089.00
2012/06/13,6.85,6.91,6.70,6.85,2689905,18918720.00
2012/06/14,6.89,6.90,6.68,6.68,1713288,11961972.00
2012/06/15,6.67,6.74,6.50,6.59,2595691,17662078.00
2012/06/18,6.59,6.66,6.57,6.60,1150863,7843423.50
2012/06/20,6.63,6.66,6.58,6.66,1022948,6969388.50
2012/06/21,6.65,6.66,6.60,6.64,797289,5435182.50
2012/06/25,6.65,6.65,6.41,6.48,1501192,10058073.00
2012/06/26,6.40,6.45,6.22,6.35,1226544,7999838.50
2012/06/27,6.35,6.40,6.30,6.34,1026820,6705854.00
2012/06/28,6.30,6.37,6.16,6.23,1228416,7932475.00
2012/06/29,6.26,6.28,6.17,6.25,1198820,7707060.50
2012/07/02,6.29,6.43,6.29,6.40,785746,5169370.50
2012/07/03,6.45,6.55,6.38,6.49,721528,4800891.50
2012/07/04,6.55,6.56,6.43,6.53,835900,5598163.50
2012/07/06,6.65,6.76,6.46,6.72,1946933,13243150.00
2012/07/09,6.71,6.74,6.51,6.65,1675511,11430517.00
2012/07/10,6.65,6.69,6.50,6.65,1411369,9570867.00
2012/07/11,6.67,6.69,6.51,6.66,972886,6625129.00
2012/07/12,6.70,6.78,6.60,6.72,1993290,13763479.00
2012/07/13,6.76,6.76,6.58,6.73,2078393,14278162.00
2012/07/16,6.68,6.73,6.62,6.68,1341730,9210422.00
2012/07/17,6.70,7.05,6.64,7.02,3402106,24050244.00
2012/07/18,6.95,7.15,6.78,6.90,4445953,31768772.00
2012/07/19,6.98,7.03,6.83,6.92,2005770,14317526.00
2012/07/20,6.93,6.93,6.51,6.80,1489000,10386257.00
2012/07/23,6.73,6.93,6.68,6.82,1144651,8027550.50
2012/07/24,6.85,6.90,6.72,6.82,1454079,10205726.00
2012/07/25,6.82,6.90,6.68,6.75,1898453,13239276.00
2012/07/26,6.74,6.83,6.65,6.74,1603961,11148131.00
2012/07/27,6.78,6.78,6.52,6.58,1710548,11686192.00
2012/07/30,6.58,6.60,6.30,6.41,1005951,6682430.50
2012/07/31,6.48,6.48,6.33,6.44,1322386,8735567.00
2012/08/01,6.49,6.51,6.43,6.50,861434,5761424.00
2012/08/02,6.55,6.55,6.36,6.43,1418200,9371915.00
2012/08/03,6.49,6.50,6.29,6.35,1883624,12393932.00
2012/08/06,6.29,6.70,6.29,6.68,1927929,12915388.00
2012/08/07,6.71,7.07,6.63,7.04,4336773,30990324.00
2012/08/08,6.99,7.09,6.90,7.00,2156580,15496640.00
2012/08/09,6.94,7.07,6.89,7.00,2585126,18557814.00
2012/08/10,6.93,7.15,6.93,6.98,1823890,13190093.00
2012/08/13,7.09,7.09,6.79,6.90,3221710,22978154.00
2012/08/14,6.85,6.93,6.65,6.75,2638930,18346350.00
2012/08/15,6.75,6.78,6.65,6.70,1462357,10101492.00
2012/08/16,6.66,6.78,6.62,6.70,1730261,11921388.00
2012/08/17,6.70,6.76,6.66,6.76,480234,3316197.50
2012/08/20,6.69,6.76,6.63,6.76,343788,2372403.75
2012/08/21,6.79,6.88,6.74,6.80,1030407,7223175.00
2012/08/22,6.81,6.81,6.51,6.54,1784138,12146713.00
2012/08/23,6.53,6.65,6.52,6.57,1491515,10098455.00
2012/08/24,6.53,6.62,6.46,6.53,1227867,8261762.50
2012/08/27,6.48,6.57,6.37,6.44,1436830,9568668.00
2012/08/28,6.41,6.56,6.40,6.51,1444805,9670830.00
2012/08/29,6.50,6.57,6.35,6.49,1566858,10452713.00
2012/08/30,6.40,6.48,6.20,6.33,1387894,9053369.00
2012/08/31,6.37,6.46,6.21,6.37,1314860,8599212.00
2012/09/03,6.35,6.49,6.32,6.46,1297386,8606968.00
2012/09/04,6.46,6.50,6.34,6.37,686000,4530390.00
2012/09/05,6.41,6.41,6.30,6.38,350693,2300547.75
2012/09/06,6.35,6.40,6.26,6.39,1317200,8618375.00
2012/09/07,6.40,6.70,6.40,6.62,3615718,24444604.00
2012/09/10,6.62,6.75,6.58,6.64,1770577,12113890.00
2012/09/11,6.64,6.64,6.53,6.61,1031189,6993992.00
2012/09/12,6.61,6.64,6.49,6.57,1161546,7821766.50
2012/09/13,6.52,6.68,6.52,6.53,1360096,9244515.00
2012/09/14,6.53,6.55,6.40,6.48,807827,5386788.50
2012/09/17,6.48,6.48,6.32,6.37,635904,4180900.25
2012/09/18,6.33,6.41,6.30,6.39,629793,4128492.50
2012/09/19,6.43,6.43,6.31,6.38,424761,2786014.25
2012/09/20,6.36,6.36,6.13,6.24,610867,3930719.00
2012/09/21,6.38,6.53,6.23,6.29,1909342,12512770.00
2012/09/24,6.15,6.34,6.04,6.29,1029415,6568149.50
2012/09/25,6.17,6.32,6.15,6.15,453950,2909716.00
2012/09/26,6.12,6.22,5.88,5.95,1115574,6881708.50
2012/09/27,5.97,6.08,5.90,5.94,1137950,7009407.00
2012/09/28,5.97,6.20,5.91,6.14,1041476,6550917.50
2012/10/08,6.13,6.19,6.10,6.17,465584,2948852.00
2012/10/09,6.20,6.27,6.15,6.26,604000,3888631.25
2012/10/10,6.18,6.31,6.18,6.26,1105801,7154784.50
2012/10/11,6.46,6.46,6.26,6.27,1091486,7163256.50
2012/10/12,6.27,6.35,6.00,6.27,1926097,12314274.00
2012/10/15,6.26,6.33,6.14,6.33,672490,4328316.00
2012/10/16,6.35,6.35,6.23,6.28,472708,3061421.75
2012/10/17,6.27,6.43,6.25,6.30,1044001,6845887.00
2012/10/18,6.26,6.40,6.26,6.40,1245312,8149607.00
2012/10/19,6.38,6.40,6.34,6.39,416411,2734673.00
2012/10/22,6.39,6.39,6.29,6.34,1428907,9307393.00
2012/10/23,6.28,6.36,6.20,6.23,1747943,11292585.00
2012/10/24,6.16,6.26,6.16,6.20,1074584,6879327.00
2012/10/25,6.30,6.30,6.02,6.07,1122730,7132579.00
2012/10/26,6.06,6.12,6.00,6.10,674994,4220219.00
2012/10/29,6.11,6.21,6.11,6.19,1289340,8227696.00
2012/10/30,6.19,6.19,6.09,6.16,734558,4660450.50
2012/10/31,6.14,6.14,5.90,6.04,2139300,13298650.00
2012/11/01,6.12,6.27,6.01,6.17,1891676,12006292.00
2012/11/02,6.18,6.33,6.16,6.29,2256450,14552450.00
2012/11/05,6.30,6.30,6.13,6.21,1362104,8707801.00
2012/11/06,6.20,6.20,6.06,6.10,703804,4434891.50
2012/11/07,6.08,6.22,6.02,6.22,846022,5348960.50
2012/11/08,6.19,6.30,6.13,6.20,1749572,11226091.00
2012/11/09,6.15,6.24,6.14,6.20,1034231,6605015.00
2012/11/12,6.20,6.23,6.14,6.16,652752,4153797.00
2012/11/13,6.15,6.18,5.98,6.12,889144,5574709.50
2012/11/14,6.09,6.17,6.04,6.13,768452,4837133.00
2012/11/15,6.07,6.19,6.00,6.13,973433,6163547.50
2012/11/16,6.12,6.12,6.04,6.10,468189,2937324.00
2012/11/19,6.06,6.18,6.06,6.15,487110,3088563.00
2012/11/20,6.23,6.24,6.13,6.20,511801,3271458.25
2012/11/21,6.20,6.28,6.16,6.28,832162,5363179.50
2012/11/22,6.29,6.29,6.18,6.21,356636,2291513.25
2012/11/23,6.14,6.25,6.14,6.20,406514,2600511.00
2012/11/26,6.20,6.21,6.09,6.14,270027,1718613.88
2012/11/27,6.14,6.14,6.00,6.06,601947,3764021.50
2012/11/28,6.05,6.05,5.64,5.88,968670,5827465.50
2012/11/29,5.85,6.05,5.81,5.86,442531,2715329.50
2012/11/30,5.82,6.05,5.77,5.99,976300,5952590.00
2012/12/03,5.88,5.99,5.86,5.91,301424,1844245.88
2012/12/04,5.98,5.98,5.80,5.95,530506,3219123.50
2012/12/05,5.87,6.13,5.87,6.08,1764315,11041064.00
2012/12/06,6.06,6.11,5.90,5.98,629976,3911051.25
2012/12/07,5.92,6.04,5.91,6.04,914190,5672536.00
2012/12/10,6.12,6.12,6.03,6.09,989320,6204066.50
2012/12/11,6.09,6.13,5.91,6.00,1047834,6565694.50
2012/12/12,6.05,6.06,5.96,6.00,265784,1650220.88
2012/12/13,6.04,6.08,5.96,6.07,1224828,7626311.50
2012/12/14,6.16,6.53,6.16,6.30,5219898,33928608.00
2012/12/17,6.23,6.95,6.23,6.95,10785609,75005072.00
2012/12/18,6.90,7.05,6.75,6.84,7918459,56209240.00
2012/12/19,6.74,6.87,6.64,6.80,2829501,19727318.00
2012/12/20,6.73,6.92,6.68,6.90,3253616,22771596.00
2012/12/21,6.94,6.94,6.69,6.73,2428562,16958734.00
2012/12/24,6.66,6.86,6.64,6.82,2244987,15565329.00
2012/12/25,6.82,7.35,6.75,7.19,5453249,40265752.00
2012/12/26,7.19,7.35,7.12,7.30,4153518,30875340.00
2012/12/27,7.33,7.40,7.07,7.18,4792000,35529696.00
2012/12/28,7.16,7.53,7.16,7.45,4209749,31611162.00
2012/12/31,7.60,7.89,7.50,7.75,4367744,34513644.00
2013/01/04,7.82,7.99,7.63,7.90,5758903,46104004.00
2013/01/07,7.87,7.99,7.77,7.86,4150693,33439358.00
2013/01/08,7.84,8.26,7.80,8.14,6812511,55884404.00
2013/01/09,8.10,8.21,8.00,8.09,3836099,31994294.00
2013/01/10,8.06,8.26,7.90,8.08,3263770,27001842.00
2013/01/11,8.15,8.18,7.91,7.95,3394504,27810788.00
2013/01/14,7.95,8.26,7.92,8.24,3130593,25991816.00
2013/01/15,8.40,8.55,8.21,8.40,5296123,45310328.00
2013/01/16,8.50,8.50,8.12,8.24,2653438,22357944.00
2013/01/17,8.28,8.28,7.77,7.84,4572436,37142380.00
2013/01/18,7.83,7.99,7.66,7.90,3878567,31281054.00
2013/01/21,7.80,8.07,7.80,7.87,2415941,19615826.00
2013/01/22,7.82,7.94,7.52,7.78,5342843,42436412.00
2013/01/23,7.65,7.80,7.48,7.66,5804449,45304388.00
2013/01/24,7.63,7.74,7.49,7.65,5842894,45777340.00
2013/01/25,7.68,7.96,7.56,7.88,4956545,39698704.00
2013/01/28,7.84,7.98,7.80,7.97,3779273,30654770.00
2013/01/29,7.96,8.13,7.86,7.92,3923805,32138556.00
2013/01/30,7.90,8.19,7.86,8.10,6323277,52146468.00
2013/01/31,8.18,8.18,7.75,7.78,4075254,32906534.00
2013/02/01,7.78,7.97,7.66,7.96,2285287,18411154.00
2013/02/04,7.90,8.21,7.81,8.14,4232839,34772196.00
2013/02/05,8.09,8.37,8.01,8.25,3298309,27797344.00
2013/02/06,8.26,8.30,8.06,8.20,1663139,13942418.00
2013/02/07,8.20,8.24,8.02,8.10,1032258,8593627.00
2013/02/08,8.11,8.27,8.10,8.27,1795889,15108460.00
2013/02/18,8.28,8.48,8.22,8.25,1507056,12846155.00
2013/02/19,8.25,8.35,7.93,7.98,2223900,18336362.00
2013/02/20,7.97,8.28,7.81,8.03,3828357,31389056.00
2013/02/21,8.01,8.13,7.85,8.00,2283481,18616954.00
2013/02/22,7.86,8.20,7.86,8.08,2428972,20073804.00
2013/02/25,8.10,8.19,8.02,8.07,2019641,16755044.00
2013/02/26,8.07,8.11,7.92,7.96,1907300,15696052.00
2013/02/27,7.95,8.06,7.90,8.06,2064080,16894170.00
2013/02/28,8.08,8.27,8.02,8.25,2843107,23789938.00
2013/03/01,8.25,8.30,8.12,8.30,4529234,38085496.00
2013/03/04,8.12,8.25,7.50,7.62,5150094,41569956.00
2013/03/05,7.61,8.40,7.61,8.40,6975480,58617256.00
2013/03/06,8.38,8.54,8.28,8.41,5414073,46504080.00
2013/03/07,8.40,8.45,8.18,8.30,4537492,38606256.00
2013/03/08,8.32,9.02,8.32,8.73,11029203,97327376.00
2013/03/11,8.68,9.00,8.63,8.95,6294609,57201744.00
2013/03/12,8.95,9.23,8.71,8.98,7601894,70080392.00
2013/03/13,8.95,8.98,8.77,8.87,3884462,35251840.00
2013/03/14,8.83,9.07,8.79,8.93,4122602,37670728.00
2013/03/15,8.93,9.06,8.79,8.90,3739532,34180392.00
2013/03/18,8.83,9.09,8.80,8.96,2151451,19774654.00
2013/03/19,8.90,9.36,8.90,9.30,5154501,48311432.00
2013/03/20,9.25,9.56,9.19,9.54,5250292,50465424.00
2013/03/21,9.55,9.83,9.40,9.69,5522558,54399732.00
2013/03/22,9.71,10.00,9.62,9.69,6996855,70055952.00
2013/03/25,9.68,9.89,9.30,9.54,5543643,53998384.00
2013/03/26,9.43,9.76,9.30,9.61,4672919,45391316.00
2013/03/27,9.60,9.75,9.46,9.62,3116214,30602980.00
2013/03/28,9.60,9.64,9.33,9.50,4201115,40595712.00
2013/03/29,9.50,9.66,9.43,9.57,2740444,26721460.00
2013/04/01,9.53,10.40,9.48,10.25,5474351,56439000.00
2013/04/02,10.25,10.46,10.10,10.21,2566020,26800116.00
2013/04/03,10.22,10.38,10.17,10.27,2218329,23284042.00
2013/04/08,10.11,10.57,9.91,10.54,3545183,37298184.00
2013/04/09,10.54,11.12,10.45,10.92,6763304,75241176.00
2013/04/10,11.19,11.20,10.62,10.83,5703204,63134432.00
2013/04/11,10.71,10.93,10.51,10.80,4534727,49524472.00
2013/04/12,10.80,11.00,10.62,10.84,2912416,32088644.00
2013/04/15,10.85,10.90,10.59,10.76,2751198,30114890.00
2013/04/16,10.76,10.88,10.63,10.88,4038924,44182792.00
2013/04/17,10.91,11.30,10.85,11.08,6419857,72361488.00
2013/04/18,11.00,11.07,10.85,10.98,3592549,40027212.00
2013/04/19,10.98,11.09,10.86,11.05,3254256,36425748.00
2013/04/22,10.93,11.05,10.56,10.68,5063924,55404944.00
2013/04/23,10.68,10.70,10.32,10.43,4225437,44981448.00
2013/04/24,10.40,10.74,10.40,10.65,3192809,34416640.00
2013/04/25,10.62,10.62,10.25,10.31,3346117,35581196.00
2013/04/26,10.30,10.50,10.20,10.33,1444583,15231297.00
2013/05/02,10.37,10.66,10.25,10.60,1990250,21318234.00
2013/05/03,10.60,10.94,10.60,10.74,2197079,24101926.00
2013/05/06,10.72,11.05,10.55,10.75,2181653,23721824.00
2013/05/07,10.72,10.89,10.50,10.68,1915739,20843042.00
2013/05/08,10.65,11.65,10.65,10.85,1949669,21665056.00
2013/05/09,10.97,11.06,10.55,10.65,1580590,17184266.00
2013/05/10,10.55,10.70,10.32,10.49,1326951,14170725.00
2013/05/13,10.49,10.49,9.80,9.86,4179214,42637228.00
2013/05/14,9.92,9.98,9.35,9.58,5998109,58757244.00
2013/05/15,9.57,9.80,9.57,9.78,3656429,36234036.00
2013/05/16,9.78,9.97,9.74,9.89,4025622,40501724.00
2013/05/17,9.93,10.33,9.78,10.30,4109076,42247528.00
2013/05/20,10.37,10.41,10.13,10.15,4016112,41993528.00
2013/05/21,10.14,10.26,10.11,10.16,2029611,21059164.00
2013/05/22,10.15,10.22,10.00,10.05,2873741,29585332.00
2013/05/23,10.01,10.13,9.78,9.91,2390242,24264630.00
2013/05/24,9.92,10.04,9.79,10.01,2303724,23237298.00
2013/05/27,9.99,10.08,9.83,9.99,1879778,19130320.00
2013/05/28,10.00,10.42,9.84,10.41,4007171,41706300.00
2013/05/29,10.41,10.88,10.41,10.56,3944685,42814312.00
2013/05/30,10.48,10.75,10.44,10.44,2417081,26019434.00
2013/05/31,10.55,10.59,10.24,10.34,2556639,27067002.00
2013/06/03,10.32,10.43,10.13,10.23,1825649,19186064.00
2013/06/04,10.20,10.29,10.03,10.08,1647071,17020526.00
2013/06/05,10.08,10.15,9.70,9.70,3131020,31384758.00
2013/06/06,9.80,9.80,9.31,9.32,2928321,28327264.00
2013/06/07,10.00,10.00,9.49,9.58,2620149,25870178.00
2013/06/13,9.50,9.50,8.88,9.18,1495534,13835493.00
2013/06/14,9.18,9.40,8.95,9.39,1917209,18055048.00
2013/06/17,9.35,9.46,9.18,9.32,1665250,15780366.00
2013/06/18,9.33,9.35,9.22,9.34,1050591,9976651.00
2013/06/19,9.33,9.33,9.08,9.26,1117813,10513307.00
2013/06/20,9.26,9.64,9.18,9.46,1928418,18544834.00
2013/06/21,9.31,9.56,9.22,9.35,1476552,14065238.00
2013/06/24,9.39,9.39,8.50,8.94,2749617,25269462.00
2013/06/25,8.80,8.97,8.03,8.55,4288076,36563200.00
2013/06/26,8.53,8.77,8.17,8.60,1825334,16046161.00
2013/06/27,8.55,8.92,8.29,8.68,2899118,25602978.00
2013/06/28,8.61,9.10,8.42,8.83,2744956,24916456.00
2013/07/01,8.86,9.02,8.79,8.92,2263362,20581554.00
2013/07/02,9.00,9.10,8.85,8.96,2252450,20587224.00
2013/07/03,8.96,9.05,8.63,8.66,1826011,16421266.00
2013/07/04,8.53,9.05,8.53,8.95,2796609,25365424.00
2013/07/05,8.98,9.32,8.81,9.18,3227918,30159062.00
2013/07/08,9.10,9.20,8.91,9.08,2308456,21428346.00
2013/07/09,9.70,9.70,9.20,9.44,5610236,54449040.00
2013/07/10,9.39,9.57,9.16,9.55,5044607,48197280.00
2013/07/11,9.61,9.95,9.52,9.83,7032227,70059896.00
2013/07/12,9.83,9.85,9.63,9.80,3703835,36896400.00
2013/07/15,9.89,9.89,9.67,9.72,2988417,29704960.00
2013/07/16,9.79,9.83,9.40,9.60,3865503,37660908.00
2013/07/17,9.46,9.59,9.34,9.37,2221561,21454856.00
2013/07/18,9.34,9.40,9.18,9.23,1337994,12675148.00
2013/07/19,9.18,9.37,9.16,9.19,2725753,25818942.00
2013/07/22,9.06,9.30,8.52,9.04,4123256,37719172.00
2013/07/23,8.90,9.23,8.90,9.18,2574819,23988898.00
2013/07/24,9.18,9.18,8.95,9.08,2308517,21313456.00
2013/07/25,8.99,9.08,8.89,8.93,1428359,13086416.00
2013/07/26,8.90,9.14,8.90,9.04,1278221,11817347.00
2013/07/29,8.91,9.12,8.79,8.91,1574602,14315684.00
2013/07/30,8.82,9.05,8.82,8.92,1805284,16557794.00
2013/07/31,9.10,9.30,9.06,9.17,2610726,24491632.00
2013/08/01,9.05,9.46,9.05,9.43,2929316,27835690.00
2013/08/02,9.45,9.67,9.45,9.60,2768518,27151280.00
2013/08/05,9.60,10.36,9.50,10.30,5585965,57379156.00
2013/08/06,10.26,10.49,10.08,10.41,4681191,49204748.00
2013/08/07,10.60,11.47,10.59,11.10,10364597,118617896.00
2013/08/08,10.94,11.31,10.94,10.98,4341994,49252972.00
2013/08/09,10.98,11.15,10.75,11.06,5979163,66724144.00
2013/08/12,11.06,11.92,10.95,11.58,6774996,79930912.00
2013/08/13,11.45,11.78,11.33,11.61,3704484,43532844.00
2013/08/14,11.80,12.02,11.25,11.40,3597771,42054028.00
2013/08/15,11.26,11.43,11.26,11.38,4471795,51816596.00
2013/08/16,11.10,11.93,11.10,11.83,9363106,111745320.00
2013/08/19,11.86,12.09,11.70,12.07,4807115,58444112.00
2013/08/20,12.06,12.29,11.78,11.96,4280765,52567480.00
2013/08/21,11.86,12.85,11.86,12.80,5824336,73918272.00
2013/08/22,12.81,12.85,12.56,12.68,2946285,38121128.00
2013/08/23,12.75,12.99,12.50,12.88,6968708,90437976.00
2013/08/26,12.90,13.48,12.65,12.68,7198392,96095264.00
2013/08/27,12.58,12.68,12.29,12.55,5265915,66641556.00
2013/08/28,12.42,12.66,12.22,12.53,2265136,28624490.00
2013/08/29,12.40,12.56,11.90,12.12,3341197,41273956.00
2013/08/30,12.16,12.24,11.72,11.97,3198026,38887856.00
2013/09/02,11.97,12.00,11.50,11.50,2825171,33554218.00
2013/09/03,11.50,11.99,11.50,11.98,3682180,44311876.00
2013/09/04,12.00,12.19,11.74,12.05,2433581,29722528.00
2013/09/05,12.06,12.69,12.06,12.69,10587249,134201544.00
2013/09/06,12.63,13.28,12.62,13.12,4841429,64208520.00
2013/09/09,13.12,13.65,12.30,12.72,5583834,74480312.00
2013/09/10,12.85,13.42,12.80,13.41,5168851,68982704.00
2013/09/11,13.41,13.78,13.02,13.54,3786215,51643524.00
2013/09/12,13.18,13.66,13.15,13.51,3164882,43203336.00
2013/09/13,13.55,13.55,12.98,13.21,2215681,29636276.00
2013/09/16,13.11,13.81,13.01,13.60,2867098,39265976.00
2013/09/17,13.60,13.76,12.90,12.90,3108298,41654900.00
2013/09/18,12.85,13.07,12.60,12.87,2164370,28159276.00
2013/09/23,12.82,13.11,12.63,12.87,2723981,35391776.00
2013/09/24,12.80,12.85,12.10,12.31,6347446,80090400.00
2013/09/25,12.29,12.35,12.05,12.32,2453583,30328418.00
2013/09/26,12.16,12.32,11.60,11.82,5918623,71880616.00
2013/09/27,11.82,12.03,11.72,11.83,1538414,18619156.00
2013/09/30,11.86,12.19,11.57,11.65,1893743,22770186.00
2013/10/08,11.78,12.49,11.51,11.80,5625104,68707256.00
2013/10/09,11.86,12.33,11.80,11.94,8791895,107430552.00
2013/10/10,11.90,12.20,11.87,11.94,4279104,52195980.00
2013/10/11,11.97,12.74,11.90,12.12,10296203,128777000.00
2013/10/14,12.16,12.30,11.67,11.73,6114758,73723592.00
2013/10/15,11.90,11.97,11.40,11.85,4886659,58162632.00
2013/10/16,11.65,11.92,11.63,11.68,3056202,36392432.00
2013/10/17,11.70,11.83,11.59,11.80,3316538,39570364.00
2013/10/18,11.71,11.86,11.56,11.71,3546296,42100896.00
2013/10/21,11.70,11.75,11.26,11.51,5279790,61806316.00
2013/10/22,11.51,11.60,11.04,11.60,8994033,103571472.00
2013/10/23,11.42,11.59,11.10,11.59,6215851,71577200.00
2013/10/24,11.31,11.60,11.08,11.19,5496132,63190240.00
2013/10/25,11.33,11.33,10.48,10.78,4919074,53894160.00
2013/10/28,10.60,10.75,10.48,10.72,1522754,16436608.00
2013/10/29,10.70,11.05,10.27,10.35,2503753,27031140.00
2013/10/30,10.39,10.65,10.38,10.50,1761389,18882632.00
2013/10/31,10.56,11.23,10.51,11.17,5978206,67499720.00
2013/11/01,11.17,11.17,10.89,11.11,1800163,20332386.00
2013/11/04,11.05,11.11,10.85,10.93,1985428,22145048.00
2013/11/05,10.86,10.90,10.72,10.84,1317459,14503171.00
2013/11/06,10.84,10.92,10.59,10.69,1599368,17431518.00
2013/11/07,10.55,10.58,9.79,9.91,4008938,41329652.00
2013/11/08,9.92,10.01,9.68,9.89,2750779,27653546.00
2013/11/11,9.91,10.10,9.59,10.02,2039071,20511016.00
2013/11/12,9.93,10.02,9.75,9.96,1610248,16264128.00
2013/11/13,10.05,10.09,9.86,9.96,748781,7597545.50
2013/11/14,9.81,10.07,9.81,10.06,1290791,13166763.00
2013/11/15,10.16,10.60,10.13,10.29,2514295,26670976.00
2013/11/18,10.20,10.57,10.20,10.50,2143320,22910206.00
2013/11/19,10.51,10.58,10.35,10.50,1487401,15837669.00
2013/11/20,10.57,10.59,10.44,10.50,966850,10332318.00
2013/11/21,10.50,10.50,10.26,10.39,914299,9655786.00
2013/11/22,10.30,10.45,10.24,10.39,1169630,12304543.00
2013/11/25,10.14,10.28,9.91,10.00,3569268,36431536.00
2013/11/26,10.04,10.04,9.68,9.78,2796469,28067362.00
2013/11/27,9.78,9.87,9.58,9.72,4447666,44144640.00
2013/11/28,9.76,9.95,9.74,9.90,2766760,27808140.00
2013/11/29,9.90,9.96,9.81,9.85,1697099,17099506.00
2013/12/02,9.62,9.79,9.21,9.26,2329179,22651162.00
2013/12/03,9.25,9.59,9.21,9.49,1724090,16489176.00
2013/12/04,9.49,9.77,9.40,9.75,4146096,40513916.00
2013/12/05,9.66,9.76,9.53,9.65,4069294,39903004.00
2013/12/06,9.70,9.97,9.65,9.89,4324477,43578948.00
2013/12/09,9.81,10.10,9.77,9.89,2206655,22308288.00
2013/12/10,9.98,10.07,9.75,9.94,2124487,21489304.00
2013/12/11,9.98,10.04,9.70,9.90,3116839,31376410.00
2013/12/12,9.80,10.09,9.72,9.85,2008603,20193992.00
2013/12/13,9.81,9.98,9.76,9.85,1446912,14522405.00
2013/12/16,9.95,9.95,9.62,9.75,1952144,19396392.00
2013/12/17,9.85,9.94,9.50,9.60,2394362,23747958.00
2013/12/18,9.68,9.79,9.49,9.59,1646904,16140109.00
2013/12/19,9.65,9.69,8.80,9.28,3631808,34515204.00
2013/12/20,9.32,9.40,9.05,9.34,2495189,23530776.00
2013/12/23,9.31,9.31,8.80,9.15,1922144,17868988.00
2013/12/24,9.10,9.25,9.06,9.19,962413,9027754.00
2013/12/25,9.28,9.30,8.85,9.04,2007824,18554100.00
2013/12/26,9.05,9.10,8.54,8.80,2823060,25345296.00
2013/12/27,8.78,8.90,8.63,8.85,2109550,19001148.00
2013/12/30,8.86,8.96,8.67,8.82,2067881,18581456.00
2013/12/31,8.85,9.10,8.75,9.04,3152041,28601850.00
2014/01/02,9.04,9.09,8.88,8.93,2388444,21868444.00
2014/01/03,8.98,8.98,8.81,8.91,1068641,9685850.00
2014/01/06,8.93,9.05,8.70,8.79,1809636,16392301.00
2014/01/07,8.80,8.90,8.65,8.74,1322401,11834628.00
2014/01/08,8.74,8.78,8.21,8.35,3318791,28636748.00
2014/01/09,8.35,8.55,8.18,8.48,2205055,18955912.00
2014/01/10,8.47,8.47,8.22,8.29,973794,8260151.00
2014/01/13,8.29,8.38,8.16,8.33,1627208,13784561.00
2014/01/14,8.33,8.39,8.22,8.37,1135462,9673917.00
2014/01/15,8.39,8.47,8.17,8.35,3428106,28969222.00
2014/01/16,8.33,8.36,8.23,8.34,2122937,18022164.00
2014/01/17,8.28,8.39,8.17,8.30,1547691,13112197.00
2014/01/20,8.29,8.68,8.21,8.68,4077098,35487244.00
2014/01/21,8.72,8.93,8.61,8.90,2724510,24499418.00
2014/01/22,8.95,9.46,8.81,9.38,4396614,41569196.00
2014/01/23,9.48,9.55,9.18,9.38,2021746,19296060.00
2014/01/24,9.39,9.79,9.30,9.70,2640510,25945882.00
2014/01/27,9.70,9.77,9.30,9.59,3346092,32704358.00
2014/01/28,9.60,9.64,9.20,9.35,2594323,24723228.00
2014/01/29,9.34,9.34,9.18,9.29,1350148,12749955.00
2014/01/30,9.29,9.60,9.23,9.55,1435449,13870164.00
2014/02/07,9.55,9.55,9.25,9.49,1064150,10238820.00
2014/02/10,9.49,9.72,9.40,9.72,2660174,26110016.00
2014/02/11,9.70,9.99,9.62,9.70,1871855,18619018.00
2014/02/12,9.66,9.79,9.60,9.70,1458482,14383477.00
2014/02/13,9.70,9.74,9.35,9.35,1573775,15379136.00
2014/02/14,9.45,9.50,9.21,9.40,1928012,18333186.00
2014/02/17,9.50,9.60,9.26,9.41,3071200,29484182.00
2014/02/18,9.43,9.68,9.43,9.67,4018810,39361556.00
2014/02/19,9.63,10.02,9.57,10.01,5211532,52328136.00
2014/02/20,10.06,10.08,9.67,9.86,3995597,39915580.00
2014/02/21,9.85,10.00,9.61,9.80,2182770,21727560.00
2014/02/24,9.70,9.89,8.80,8.82,5508368,51020612.00
2014/02/25,8.80,8.82,8.34,8.47,5363401,46350352.00
2014/02/26,8.41,8.52,8.26,8.50,2607145,22410384.00
2014/02/27,8.51,8.69,8.35,8.53,2293326,20022644.00
2014/02/28,8.53,8.62,8.40,8.54,1501571,13098300.00
2014/03/03,8.56,8.60,8.45,8.48,1817169,15836360.00
2014/03/04,8.59,8.59,8.41,8.52,1702251,14797718.00
2014/03/05,8.50,8.69,8.42,8.50,1657550,14522043.00
2014/03/06,8.52,9.01,8.30,8.81,3630833,32058494.00
2014/03/07,8.78,8.98,8.63,8.63,1555536,14014452.00
2014/03/10,8.58,8.58,8.20,8.39,1707132,14655228.00
2014/03/11,8.38,8.62,8.32,8.58,1949555,16912590.00
2014/03/12,8.56,8.77,8.45,8.73,2029376,17952162.00
2014/03/13,8.60,8.79,8.57,8.67,1450713,12855504.00
2014/03/14,8.69,8.81,8.62,8.79,1710971,15258582.00
2014/03/17,8.82,8.99,8.67,8.86,1506174,13639682.00
2014/03/18,8.89,8.97,8.68,8.71,1136726,10217561.00
2014/03/19,8.63,8.67,8.01,8.11,6689014,56194584.00
2014/03/20,8.12,8.38,8.05,8.25,3691823,31202676.00
2014/03/21,8.12,9.09,7.82,8.95,10412302,93102320.00
2014/03/24,9.18,9.87,9.18,9.87,14388256,142869360.00
2014/03/25,10.10,10.71,9.88,10.10,14537876,151735184.00
2014/03/26,10.32,10.32,9.69,9.75,6651353,66901852.00
2014/03/27,9.70,9.93,9.60,9.60,7911318,79057080.00
2014/03/28,9.50,9.52,9.13,9.38,9499019,90122480.00
2014/03/31,9.45,9.85,9.30,9.75,7853966,77437824.00
2014/04/01,9.75,10.04,9.60,9.75,3584592,35727900.00
2014/04/02,9.84,10.38,9.74,10.17,7260392,75593632.00
2014/04/03,10.17,10.20,9.90,10.00,2800496,28674144.00
2014/04/04,9.90,10.71,9.81,10.47,4783349,50766988.00
2014/04/08,10.44,10.80,10.15,10.43,4479920,47808108.00
2014/04/09,10.40,10.45,10.05,10.21,3214928,33459402.00
2014/04/10,10.24,10.24,9.75,9.86,4769635,48370864.00
2014/04/11,9.88,10.01,9.61,9.88,3041127,30610440.00
2014/04/14,9.98,10.08,9.72,9.88,2514735,25302106.00
2014/04/15,9.77,9.92,9.55,9.86,4324532,42806824.00
2014/04/16,9.80,10.08,9.51,9.75,2953066,29625510.00
2014/04/17,9.76,9.82,9.41,9.48,3239876,31554354.00
2014/04/18,9.50,9.60,9.30,9.50,2077340,20110242.00
2014/04/21,9.50,9.73,9.33,9.47,1520990,14732237.00
2014/04/22,9.42,9.50,8.93,9.22,3983977,37102132.00
2014/04/23,9.30,9.44,9.23,9.26,1932235,18420772.00
2014/04/24,9.16,9.36,8.94,9.23,2242194,20909268.00
2014/04/25,9.23,9.41,8.89,8.90,1971005,18309344.00
2014/04/28,8.80,8.80,8.27,8.27,3382698,29131596.00
2014/04/29,8.37,8.47,8.03,8.45,3341526,28031578.00
2014/04/30,8.38,8.52,8.27,8.45,2058042,17695092.00
2014/05/05,8.45,8.53,8.33,8.47,977471,8458597.00
2014/05/06,8.46,8.57,8.41,8.54,1584465,13792724.00
2014/05/07,8.55,8.67,8.51,8.57,2154083,18898960.00
2014/05/08,8.60,8.68,8.37,8.45,2266334,19773808.00
2014/05/09,8.45,8.45,8.04,8.28,2365892,19872768.00
2014/05/12,8.34,8.69,8.30,8.55,3562341,30982104.00
2014/05/13,8.53,8.75,8.40,8.51,2657654,23158536.00
2014/05/14,8.60,8.77,8.50,8.60,3895882,34364712.00
2014/05/15,8.61,8.65,8.30,8.50,3064299,26480044.00
2014/05/16,8.50,8.55,8.20,8.38,2357896,20278366.00
2014/05/19,8.28,8.37,8.19,8.34,1320787,11159850.00
2014/05/20,8.35,8.37,8.22,8.28,1068024,9046962.00
2014/05/21,8.32,8.37,8.21,8.35,1016698,8656402.00
2014/05/22,8.25,8.43,8.21,8.35,1133712,9692064.00
2014/05/23,8.37,8.73,8.24,8.69,2598021,22750392.00
2014/05/26,8.70,8.88,8.57,8.80,3333390,29886854.00
2014/05/27,8.88,8.89,8.68,8.74,1736151,15597245.00
2014/05/28,8.74,8.85,8.65,8.80,1446448,13006512.00
2014/05/29,8.77,8.97,8.68,8.79,1952273,17688868.00
2014/05/30,8.80,8.88,8.58,8.73,1654830,14686714.00
2014/06/03,8.77,8.77,8.42,8.65,1864320,16451346.00
2014/06/04,8.65,8.72,8.20,8.37,3752638,32117628.00
2014/06/05,8.34,8.37,8.24,8.36,1273497,10841228.00
2014/06/06,8.36,8.43,8.19,8.33,1495882,12751010.00
2014/06/09,8.25,8.59,8.22,8.54,2926103,25311620.00
2014/06/10,8.49,8.59,8.30,8.53,2121087,18358334.00
2014/06/11,8.49,8.59,8.39,8.53,1294012,11255547.00
2014/06/12,8.53,8.53,8.28,8.40,1225021,10513019.00
2014/06/13,8.39,8.46,8.32,8.46,995852,8562750.00
2014/06/16,8.48,8.54,8.38,8.52,1365705,11805310.00
2014/06/17,8.52,8.59,8.44,8.44,1056602,9213772.00
2014/06/18,8.44,8.58,8.31,8.44,1207223,10423380.00
2014/06/19,8.44,8.45,8.13,8.40,1543231,13139341.00
2014/06/20,8.35,8.39,8.22,8.30,1411445,11961693.00
2014/06/23,8.29,8.34,8.21,8.31,487150,4135163.50
2014/06/24,8.31,8.38,8.25,8.35,1316341,11218688.00
2014/06/25,8.36,8.38,8.26,8.30,968051,8231389.00
2014/06/26,8.31,8.68,8.26,8.46,3482696,30023394.00
2014/06/27,8.47,8.47,8.29,8.34,2773952,23677372.00
2014/06/30,8.32,8.34,8.22,8.34,1821199,15440875.00
2014/07/01,8.32,8.32,8.26,8.32,1049342,8911030.00
2014/07/02,8.30,8.37,8.26,8.32,1312469,11168207.00
2014/07/03,8.28,8.36,8.27,8.36,2667805,22754136.00
2014/07/04,8.38,8.51,8.33,8.49,2813617,24255528.00
2014/07/07,8.50,8.73,8.49,8.70,4383556,38555220.00
2014/07/08,8.70,8.75,8.57,8.70,1853296,16411181.00
2014/07/09,8.70,8.70,8.44,8.53,1753080,15317925.00
2014/07/10,8.53,8.54,8.40,8.45,1322135,11467090.00
2014/07/11,8.45,8.68,8.43,8.57,1815676,15891500.00
2014/07/14,8.55,8.61,8.48,8.56,3252903,28435578.00
2014/07/15,8.56,8.59,8.41,8.48,3331394,28966376.00
2014/07/16,8.50,8.66,8.44,8.66,4495099,39513068.00
2014/07/17,8.60,8.67,8.47,8.58,2343230,20528524.00
2014/07/18,8.52,8.78,8.49,8.68,4368952,38859624.00
2014/07/21,8.65,8.83,8.64,8.79,3319740,29716488.00
2014/07/22,8.78,9.69,8.78,9.41,8765792,83767200.00
2014/07/23,9.50,9.95,9.47,9.59,10359244,102430752.00
2014/07/24,9.60,10.57,9.21,10.50,14243873,146829568.00
2014/07/25,10.48,10.55,10.18,10.27,6259893,65767200.00
2014/07/28,10.14,10.50,10.12,10.18,3021128,31476112.00
2014/07/29,10.18,10.35,10.18,10.21,2652293,27651372.00
2014/07/30,10.28,10.28,9.78,9.87,5561261,56096780.00
2014/07/31,9.90,9.90,9.66,9.88,4530771,45134036.00
2014/08/01,9.84,9.90,9.57,9.61,3005089,29819492.00
2014/08/04,9.55,9.80,9.47,9.73,5558971,54855352.00
2014/08/05,9.78,9.80,9.49,9.61,4969650,48820632.00
2014/08/06,9.60,9.69,9.48,9.57,4312609,42123028.00
2014/08/07,9.52,9.64,9.49,9.52,2905204,28353080.00
2014/08/08,9.53,9.64,9.50,9.63,2273108,22227646.00
2014/08/11,9.68,9.72,9.61,9.67,2285035,22560440.00
2014/08/12,9.71,9.71,9.61,9.64,2140166,21104696.00
2014/08/13,9.65,9.70,9.39,9.54,2334962,22765362.00
2014/08/14,9.50,9.50,9.23,9.30,4688675,44562452.00
2014/08/15,9.26,9.37,9.22,9.31,2555970,24268920.00
2014/08/18,9.31,9.46,9.27,9.44,4007150,38240308.00
2014/08/19,9.43,9.44,9.29,9.38,2743573,26223950.00
2014/08/20,9.38,9.72,9.33,9.70,7495654,73426096.00
2014/08/21,9.70,9.94,9.65,9.90,8713974,87206432.00
2014/08/22,9.94,10.28,9.83,10.18,14050816,143906592.00
2014/08/25,9.98,10.21,9.86,10.04,10486312,107185992.00
2014/08/26,10.04,10.04,9.67,9.70,3856915,38658260.00
2014/08/27,9.70,10.01,9.70,9.91,3670687,36853812.00
2014/08/28,9.92,10.03,9.72,9.99,3799058,38204036.00
2014/08/29,9.95,10.15,9.95,10.11,8467240,87105584.00
2014/09/01,10.09,10.17,9.96,10.10,7392676,75938688.00
2014/09/02,10.10,10.10,9.78,9.98,8768479,88712496.00
2014/09/03,9.94,9.96,9.81,9.95,4753650,48046820.00
2014/09/04,10.02,10.17,9.98,10.03,7712674,79173160.00
2014/09/05,10.03,10.03,9.84,9.92,5150459,52001388.00
2014/09/09,9.98,10.24,9.86,10.17,7676148,78729064.00
2014/09/10,10.15,10.25,10.04,10.15,6539067,67626872.00
2014/09/11,10.17,10.40,10.10,10.33,8219010,85940184.00
2014/09/12,10.29,10.36,10.15,10.28,7340613,76777840.00
2014/09/15,10.28,10.60,10.22,10.54,9186424,97677752.00
2014/09/16,10.54,10.58,10.15,10.19,8181742,86327544.00
2014/09/17,10.18,10.50,10.12,10.44,6643586,69972920.00
2014/09/18,10.44,10.45,10.20,10.31,4297186,45255548.00
2014/09/19,10.21,10.38,10.11,10.15,4618963,48157876.00
2014/09/22,10.24,10.51,10.17,10.22,7666647,80815728.00
2014/09/23,10.33,10.60,10.17,10.46,7206097,75978712.00
2014/09/24,10.46,10.53,10.33,10.43,4903854,52072656.00
2014/09/25,10.44,10.55,10.16,10.21,5911342,62102808.00
2014/09/26,10.26,10.38,10.10,10.35,4439277,46259380.00
2014/09/29,10.34,10.46,10.10,10.30,9781304,102454408.00
2014/09/30,10.20,10.39,10.18,10.22,4932568,51451336.00
2014/10/08,10.56,10.72,10.32,10.49,10274073,109708600.00
2014/10/09,10.48,10.68,10.32,10.65,6811435,72740512.00
2014/10/10,10.59,11.74,10.50,11.70,20136841,232961904.00
2014/10/13,11.50,11.99,11.35,11.86,12836833,152346000.00
2014/10/14,11.86,12.13,11.52,11.64,6664503,80289000.00
2014/10/15,11.64,11.76,11.50,11.69,4483837,53019456.00
2014/10/16,11.60,11.82,11.10,11.10,5551624,64814008.00
2014/10/17,11.13,11.30,10.66,11.07,6801483,76047048.00
2014/10/20,11.18,11.64,11.00,11.50,5086358,58905568.00
2014/10/21,11.49,11.63,11.24,11.34,3108510,36031672.00
2014/10/22,11.35,11.45,11.08,11.29,3159807,36151320.00
2014/10/23,11.23,11.38,10.75,10.85,4073302,45512536.00
2014/10/24,10.77,11.12,10.73,10.93,5332369,59308316.00
2014/10/27,10.90,11.08,10.80,11.01,1847971,20589096.00
2014/10/28,11.02,11.50,10.96,11.45,4596972,52970648.00
2014/10/29,11.51,11.62,11.22,11.48,7513083,87587392.00
2014/10/30,11.48,11.75,11.34,11.43,4871260,57325228.00
2014/10/31,11.47,11.71,11.25,11.60,3907452,45659768.00
2014/11/03,11.80,12.10,11.50,11.63,5725400,68584808.00
2014/11/04,11.60,11.60,11.00,11.09,6898590,78685528.00
2014/11/05,11.00,11.15,10.74,11.01,5322712,59081968.00
2014/11/06,11.01,11.26,10.96,11.13,2872282,32560066.00
2014/11/07,11.14,11.25,10.91,11.07,5312965,60139700.00
2014/11/10,11.07,11.20,10.85,11.06,3166330,35690984.00
2014/11/11,11.10,11.16,10.67,10.85,3136966,34896260.00
2014/11/12,10.90,10.97,10.70,10.76,2460832,27065152.00
2014/11/13,10.77,11.10,10.76,10.88,3712422,41306136.00
2014/11/14,10.85,10.94,10.61,10.86,2228579,24395812.00
2014/11/17,10.86,10.95,10.70,10.72,1956127,21423412.00
2014/11/18,10.73,10.86,10.39,10.43,4048447,43620220.00
2014/11/19,10.44,10.60,10.34,10.44,3511988,37300984.00
2014/11/20,10.45,10.45,10.08,10.25,5722512,59541768.00
2014/11/21,10.21,10.50,10.09,10.47,4917394,51894360.00
2014/11/24,11.54,11.54,11.54,11.54,5306931,62303368.00
2014/11/25,12.08,12.25,11.89,11.91,22887079,280192416.00
2014/11/26,11.85,12.24,11.61,11.98,11704218,142226880.00
2014/11/27,11.86,12.80,11.72,12.26,13470482,169644208.00
2014/11/28,12.42,13.11,11.83,12.81,26980932,341488224.00
2014/12/01,12.55,13.07,12.15,12.70,24497167,316573824.00
2014/12/02,12.50,12.89,12.34,12.75,19822239,253633552.00
2014/12/03,12.90,14.05,12.89,13.32,40779872,573359744.00
2014/12/04,13.00,14.32,12.92,13.93,29421267,406030336.00
2014/12/05,13.98,14.57,13.48,14.28,26241563,375711040.00
2014/12/08,14.25,15.73,13.89,15.55,28224134,425440960.00
2014/12/09,15.22,16.50,14.03,14.30,28440767,432686656.00
2014/12/10,14.28,15.30,13.65,15.06,18478827,268219456.00
2014/12/11,14.85,16.10,14.65,15.48,13897111,216960096.00
2014/12/12,15.39,15.80,14.97,15.34,6827095,105666760.00
2014/12/15,15.34,15.34,14.35,14.70,13292482,197358400.00
2014/12/16,14.66,14.90,14.50,14.69,6807494,100968008.00
2014/12/17,14.79,15.10,14.41,14.60,11075037,165322032.00
2014/12/18,15.80,16.00,15.31,15.33,20449234,322651744.00
2014/12/19,15.10,15.15,14.41,14.54,14374566,214593760.00
2014/12/22,14.79,14.81,14.08,14.30,12056983,176280720.00
2014/12/23,14.25,14.58,13.80,13.98,7496140,107888728.00
2014/12/24,14.08,14.18,12.56,13.25,15327414,203085632.00
2014/12/25,13.01,13.74,12.99,13.54,10493247,144240848.00
2014/12/26,13.58,14.29,13.41,14.25,7379504,104537984.00
2014/12/29,14.58,15.17,14.30,14.68,19431917,289712608.00
2014/12/30,14.71,15.77,14.63,15.08,21117648,325146496.00
2014/12/31,14.82,16.58,14.75,16.25,13363650,210813664.00
2015/01/05,16.78,17.65,16.58,17.22,22251555,387432192.00
2015/01/06,16.85,17.45,16.33,16.78,10621663,179994720.00
2015/01/07,16.76,17.09,16.37,16.89,5295830,89966528.00
2015/01/08,16.80,16.97,15.80,16.04,8399299,137395792.00
2015/01/09,15.91,16.44,15.50,15.68,6832918,110456536.00
2015/01/22,17.27,17.27,17.19,17.27,12683287,221546320.00
2015/01/23,17.80,18.98,17.80,18.52,26807536,499209344.00
2015/01/26,18.80,20.39,18.00,20.02,25683409,494352096.00
2015/01/27,20.00,21.06,19.30,19.42,23864434,483720640.00
2015/01/28,19.59,20.30,19.03,19.68,13926401,276691936.00
2015/01/29,19.32,19.67,19.10,19.21,14211898,277358880.00
2015/01/30,19.29,21.15,19.14,21.15,28244595,584595008.00
2015/02/02,20.60,23.29,20.38,22.49,29054200,637543360.00
2015/02/03,22.68,23.29,21.60,22.28,22396657,503478592.00
2015/02/04,22.20,22.80,21.51,22.25,16509012,369470880.00
2015/02/05,23.00,24.27,22.40,23.40,19127151,451165152.00
2015/02/06,22.96,23.59,21.04,22.72,19321709,427604704.00
2015/02/09,21.80,22.30,20.45,21.00,12192752,263261904.00
2015/02/10,20.63,22.30,20.46,21.28,11702204,255870400.00
2015/02/11,21.28,22.05,20.81,21.69,7893015,172601536.00
2015/02/12,21.50,21.79,21.03,21.42,5353661,115993632.00
2015/02/13,21.66,23.58,21.65,23.56,16728873,388035904.00
2015/02/16,23.20,25.80,23.19,24.86,13449808,331725216.00
2015/02/17,24.86,25.15,24.15,24.38,6704184,166011264.00
2015/02/25,24.38,24.55,22.60,22.81,10392900,243176800.00
2015/02/26,22.99,23.46,21.70,22.70,14433779,327343680.00
2015/02/27,22.70,23.10,22.20,22.67,10469442,240925648.00
2015/03/02,23.27,23.39,22.61,22.99,13942501,324311424.00
2015/03/03,22.79,22.79,21.66,21.82,11970968,266852688.00
2015/03/04,21.83,22.15,21.40,21.93,7309909,160014736.00
2015/03/05,21.92,21.92,20.96,21.13,11124989,237952192.00
2015/03/06,21.24,21.43,20.94,21.19,7725306,164812048.00
2015/03/09,21.13,21.63,19.63,21.24,11995135,249667888.00
2015/03/10,20.95,21.28,20.91,21.02,7372472,156748736.00
2015/03/11,21.10,22.24,21.10,22.23,14638828,321241376.00
2015/03/12,22.09,22.50,21.70,22.30,9806325,218369296.00
2015/03/13,22.27,22.29,21.30,21.42,10866873,237205680.00
2015/03/16,21.60,21.62,21.24,21.55,8636323,187068320.00
2015/03/17,21.57,22.12,21.46,21.79,10660378,233636432.00
2015/03/18,21.90,23.45,21.88,22.98,18563802,428429216.00
2015/03/19,23.30,24.60,23.30,23.78,18223078,438643872.00
2015/03/20,24.10,24.38,23.38,23.80,13646924,328949856.00
2015/03/23,24.40,24.80,23.73,23.80,19003572,463884096.00
2015/03/24,23.86,24.00,22.09,22.80,18386413,424751296.00
2015/03/25,23.05,23.77,22.78,22.99,12018565,282055360.00
2015/03/26,23.00,23.14,22.31,22.47,11137386,253323904.00
2015/03/27,22.65,24.70,22.65,24.35,14785070,350742976.00
2015/03/30,24.80,26.30,24.80,25.92,23431972,608567552.00
2015/03/31,27.26,27.79,25.20,25.65,20892885,555580416.00
2015/04/01,25.60,26.00,24.60,25.55,15407439,389324288.00
2015/04/02,25.70,25.70,24.35,25.02,26297814,656730240.00
2015/04/03,24.71,26.66,24.53,26.51,26586940,694325952.00
2015/04/07,26.91,28.58,25.91,28.29,30096280,828956928.00
2015/04/08,27.95,30.79,27.25,30.41,32781212,956058944.00
2015/04/09,30.42,30.79,28.00,30.01,21240245,630756096.00
2015/04/10,29.95,33.03,29.36,33.03,28211171,888388864.00
2015/04/13,33.58,36.30,33.18,34.80,24284503,849360576.00
2015/04/14,34.80,35.60,33.38,34.95,14210906,491725152.00
2015/04/15,34.08,34.75,32.15,32.15,11276563,377850400.00
2015/04/16,32.09,33.08,30.10,31.89,11048487,352000896.00
2015/04/17,31.72,32.77,30.20,31.22,14980408,473241792.00
2015/04/20,31.34,32.74,30.38,30.64,17368060,549129792.00
2015/04/21,31.00,33.72,30.69,33.72,16272000,531692384.00
2015/04/22,34.29,37.11,33.87,35.85,19391011,691934080.00
2015/04/23,36.75,36.75,33.98,34.47,22908545,802243712.00
2015/04/24,33.60,34.47,31.80,32.75,12955365,429838336.00
2015/04/27,32.70,33.14,30.60,32.71,20735945,663213056.00
2015/04/28,32.18,33.30,30.95,31.29,11905744,383372064.00
2015/04/29,31.40,31.90,30.22,31.10,12851566,400230976.00
2015/04/30,31.47,33.98,31.47,33.76,22614150,751177216.00
2015/05/04,34.35,34.40,31.64,32.05,12981757,423515936.00
2015/05/05,32.30,32.48,30.85,31.39,13154150,417624480.00
2015/05/06,31.29,31.98,30.15,30.49,8735145,275086816.00
2015/05/07,30.52,30.96,27.61,28.36,11961473,346394464.00
2015/05/08,28.63,29.10,27.31,28.69,10272173,291909280.00
2015/05/11,29.75,30.80,28.62,29.31,17160484,505375040.00
2015/05/12,29.31,29.60,28.73,29.39,12048305,353113536.00
2015/05/13,29.39,30.68,29.11,30.40,12630865,379629664.00
2015/05/14,30.40,31.59,29.95,30.35,13034332,405524448.00
2015/05/15,30.20,30.28,28.70,29.59,11244983,331947520.00
2015/05/18,29.58,31.10,29.56,30.28,14840835,452182368.00
2015/05/19,30.29,33.33,30.29,33.33,22520395,726299072.00
2015/05/20,33.80,35.80,32.60,32.76,19143438,655798912.00
2015/05/21,32.78,34.59,32.70,34.20,14403892,490214272.00
2015/05/22,34.76,36.70,33.61,36.09,23695568,837361216.00
2015/05/25,35.73,36.09,34.77,35.80,21876101,781334016.00
2015/05/26,36.00,36.40,34.95,36.04,19771680,707698368.00
2015/05/27,36.18,36.20,34.40,34.60,16446032,577230336.00
2015/05/28,34.60,35.30,31.12,31.12,21172871,700086784.00
2015/05/29,30.93,31.69,28.78,30.05,18388223,554611328.00
2015/06/01,30.36,32.15,30.21,31.90,12866710,406839712.00
2015/06/02,32.20,33.13,32.03,33.10,13579649,445141600.00
2015/06/03,33.04,33.13,30.41,31.70,15436764,496236672.00
2015/06/04,31.60,31.69,29.48,31.00,13799238,423589120.00
2015/06/05,31.38,33.10,30.47,31.99,21170738,685290752.00
2015/06/08,32.40,34.38,31.80,33.75,23747999,797868672.00
2015/06/09,33.90,34.24,32.78,34.10,17459127,593656192.00
2015/06/10,33.73,37.53,33.30,37.53,31594018,1162109696.00
2015/06/11,37.58,38.38,36.44,36.70,23417904,873991360.00
2015/06/12,36.70,36.83,35.70,35.88,14564207,529311360.00
2015/06/15,36.40,37.60,34.80,35.41,17948665,658981120.00
2015/06/16,34.96,36.40,32.30,33.09,15185235,527230464.00
2015/06/17,33.38,34.79,32.10,34.52,13748490,461553216.00
2015/06/18,34.51,35.56,32.30,33.05,10612404,364632704.00
2015/06/19,32.70,33.80,31.30,31.55,9185208,298057728.00
2015/06/23,31.26,31.97,28.69,31.82,12440984,380842272.00
2015/06/24,32.00,34.00,32.00,34.00,17262728,573559232.00
2015/07/02,30.58,30.58,30.58,30.58,668700,20582586.00
2015/07/03,27.50,27.50,27.50,27.50,1725300,47790808.00
2015/07/06,24.78,28.88,24.75,24.75,32567946,831909696.00
2015/07/07,22.28,22.28,22.28,22.28,2911100,64859308.00
2015/07/08,20.05,23.48,20.05,20.83,69419009,1415867136.00
2015/07/23,22.91,22.91,22.91,22.91,96520,2211273.25
2015/07/24,25.20,25.20,25.20,25.20,337802,8512610.00
2015/07/27,27.71,27.71,24.03,24.26,22294896,596425728.00
2015/07/28,23.77,26.69,23.77,26.69,18022639,459892576.00
2015/07/29,27.70,28.47,26.41,27.99,12941689,351068256.00
2015/07/30,28.00,28.00,25.30,25.51,9552812,258795248.00
2015/07/31,25.53,28.00,25.53,27.91,10547904,284177632.00
2015/08/03,26.99,27.60,25.12,25.12,7149368,186491568.00
2015/08/04,25.10,26.35,25.00,26.16,4519234,116555224.00
2015/08/05,26.41,26.41,25.12,25.25,4097708,105055608.00
2015/08/06,24.00,25.35,23.78,24.40,3871624,95536552.00
2015/08/07,24.88,25.81,24.88,25.68,6163948,156308624.00
2015/08/10,25.55,28.18,25.55,27.51,8381481,225278800.00
2015/08/11,27.53,29.59,27.53,29.29,9879171,281753344.00
2015/08/12,29.54,29.80,28.00,28.50,6187367,177495472.00
2015/08/13,28.03,28.98,27.88,28.57,4413337,124830832.00
2015/08/14,28.60,31.43,28.60,31.43,9503313,290419104.00
2015/08/17,31.00,32.35,30.60,31.97,6324415,198927840.00
2015/08/18,32.00,32.30,28.77,30.00,8053660,246712832.00
2015/08/19,29.10,31.62,27.70,30.89,7175684,209457600.00
2015/08/20,30.00,31.66,29.01,29.88,3537437,107300976.00
2015/08/21,29.51,30.42,27.80,29.99,5932413,174243296.00
2015/08/24,29.10,29.50,26.99,28.00,7958193,219787840.00
2015/08/25,26.00,27.10,25.20,27.03,8645533,222308304.00
2015/08/26,27.48,28.15,25.76,26.50,6331197,171132048.00
2015/08/27,26.10,27.60,25.72,26.89,2533234,67665216.00
2015/08/28,27.14,29.00,26.75,28.89,4378860,121171120.00
2015/08/31,28.71,28.71,27.00,27.01,2663357,74135208.00
2015/09/01,27.59,27.59,24.31,25.20,3461221,87822256.00
2015/09/02,24.00,25.25,23.00,23.96,3114028,74646912.00
2015/09/07,23.98,25.19,21.56,21.56,11504964,257128240.00
2015/09/08,20.61,21.80,19.40,21.80,7560473,152520464.00
2015/09/09,22.00,22.98,21.00,22.70,11130205,249462816.00
2015/09/10,23.00,23.95,22.00,23.68,8972740,206945536.00
2015/09/11,23.07,23.79,22.70,23.05,4345451,100754144.00
2015/09/14,22.99,23.25,20.75,21.10,4617997,98900120.00
2015/09/15,21.05,21.05,18.99,19.50,3241468,63285444.00
2015/09/16,19.57,21.43,19.08,21.00,5313657,106696192.00
2015/09/17,20.60,20.79,19.89,20.40,3691499,74890576.00
2015/09/18,20.16,20.48,19.62,20.00,2532768,50436528.00
2015/09/21,19.50,20.49,19.50,20.30,1822005,36601336.00
2015/09/22,20.40,20.65,20.15,20.40,2005782,40904884.00
2015/09/23,20.28,20.28,19.60,19.90,1783686,35563396.00
2015/09/24,20.17,20.19,19.76,19.95,1441348,28770924.00
2015/09/25,19.95,20.38,19.66,19.94,2277673,45744808.00
2015/09/28,19.79,20.90,19.68,20.80,2718807,55810440.00
2015/09/29,20.49,20.60,19.72,19.96,1870642,37618972.00
2015/09/30,20.10,20.18,19.82,20.05,1433759,28646774.00
2015/10/08,20.55,20.96,20.40,20.70,1833097,37920656.00
2015/10/09,20.50,21.50,20.41,21.42,2386671,50229828.00
2015/10/12,21.39,22.80,21.15,22.43,2891595,64552824.00
2015/10/13,22.18,22.80,22.01,22.50,2206604,49549180.00
2015/10/14,22.30,22.68,21.54,21.59,2260281,49952684.00
2015/10/15,21.55,22.36,21.50,22.13,2372109,52122964.00
2015/10/16,22.05,24.34,22.05,24.34,6179786,142997168.00
2015/10/19,23.99,24.34,23.01,23.35,6334618,149644544.00
2015/10/20,23.22,24.34,23.22,24.05,4684808,112018848.00
2015/10/21,24.10,25.28,22.20,22.70,4903528,117025136.00
2015/10/22,22.92,23.89,22.65,23.82,3322985,78022872.00
2015/10/23,23.95,25.34,23.48,24.78,8376261,205782464.00
2015/10/26,25.62,25.64,23.44,24.07,9685502,233378592.00
2015/10/27,23.80,24.12,22.65,23.88,4911642,114089192.00
2015/10/28,23.50,23.85,22.72,22.91,3147342,72817080.00
2015/10/29,23.17,23.44,23.00,23.23,2224748,51721228.00
2015/10/30,23.24,23.98,22.81,23.36,2198015,51579292.00
2015/11/02,22.89,23.59,22.82,22.94,2236340,52043472.00
2015/11/03,22.80,23.17,22.80,23.00,2120759,48728708.00
2015/11/04,23.16,24.85,23.00,24.70,6065558,146810576.00
2015/11/05,24.81,25.21,23.81,24.32,8186256,200161136.00
2015/11/06,24.48,25.26,24.05,24.87,6302863,155393312.00
2015/11/09,24.83,25.56,24.36,24.67,9034730,225289856.00
2015/11/10,24.79,24.94,24.01,24.08,7329294,178872736.00
2015/11/11,24.21,24.61,24.18,24.33,3912968,95257672.00
2015/11/12,24.68,24.68,23.86,24.20,5201479,125328704.00
2015/11/13,24.00,24.00,23.12,23.43,2910338,68582656.00
2015/11/16,22.97,23.61,22.91,23.49,2274379,53054644.00
2015/11/17,23.66,24.15,23.30,23.40,4651029,110612264.00
2015/11/18,23.45,25.19,23.31,24.10,9590044,234744672.00
2015/11/19,24.05,24.53,23.88,24.26,4140323,100390536.00
2015/11/20,24.27,25.00,24.02,24.70,6104328,150794016.00
2015/11/23,24.70,24.87,23.90,24.08,3737281,91217648.00
2015/11/24,23.94,24.26,23.23,23.82,2489305,58823904.00
2015/11/25,23.53,23.87,23.35,23.67,3412293,80314912.00
2015/11/26,24.24,24.76,23.88,24.17,5049049,123001304.00
2015/11/27,24.01,24.47,23.10,23.80,5926612,140606880.00
2015/11/30,23.81,25.65,23.52,25.65,9141312,225198864.00
2015/12/01,25.60,27.00,24.80,26.73,12859574,333028000.00
2015/12/02,26.14,27.13,24.81,26.00,8085479,210627264.00
2015/12/03,25.95,26.25,25.41,26.19,4805876,124280304.00
2015/12/04,25.91,26.19,24.98,25.00,4250994,108087112.00
2015/12/07,25.00,25.28,24.53,24.90,2571440,63720480.00
2015/12/08,24.81,24.81,23.72,23.88,3435680,82876976.00
2015/12/09,23.91,24.56,23.62,24.15,4091946,98686120.00
2015/12/10,24.10,24.30,23.72,23.79,2183956,52495408.00
2015/12/11,23.79,24.12,23.59,23.87,1891667,45129416.00
2015/12/14,23.76,24.55,23.60,24.55,2510327,60673480.00
2015/12/15,24.65,24.87,24.15,24.65,3947635,96545944.00
2015/12/16,24.58,24.94,24.38,24.40,2454784,60493636.00
2015/12/17,24.59,25.68,24.58,25.35,5903329,149386784.00
2015/12/18,25.20,25.77,25.06,25.48,3965723,101129680.00
2015/12/21,25.50,25.75,25.35,25.50,3460273,88371504.00
2015/12/22,25.36,25.97,25.36,25.63,2513937,64457040.00
2015/12/23,25.55,26.31,25.10,25.24,6446684,165871696.00
2015/12/24,25.23,25.60,24.71,25.60,4896466,123376648.00
2015/12/25,25.62,26.05,25.20,25.75,4837976,124465696.00
2015/12/28,25.99,26.37,24.47,25.00,8702055,218237088.00
2015/12/29,24.90,24.90,24.35,24.67,2419188,59533512.00
2015/12/30,24.89,25.62,24.56,25.30,4944638,123619824.00
2015/12/31,25.33,25.50,24.37,24.50,6176753,153608272.00
2016/01/04,24.45,24.60,22.15,22.17,2634919,61936720.00
2016/01/05,21.50,22.15,20.82,21.60,4085990,88118032.00
2016/01/06,21.83,22.28,21.00,21.77,3216081,70214912.00
2016/01/07,21.60,21.60,19.59,19.59,824600,16689214.00
2016/01/08,20.17,21.55,19.00,21.55,7411181,154306832.00
2016/01/11,21.60,22.32,20.00,21.60,6269172,135795264.00
2016/01/12,21.62,23.20,21.40,23.20,4327472,97532928.00
2016/01/13,23.35,23.89,22.75,23.38,4208000,98392432.00
2016/01/14,22.62,23.89,21.06,23.85,6214112,142255008.00
2016/01/15,23.90,23.95,22.55,23.00,4687228,109556136.00
2016/01/18,22.10,22.80,21.90,21.92,3817933,84979800.00
2016/01/19,22.00,23.00,21.50,22.68,2917390,65016012.00
2016/01/20,22.57,22.57,21.39,21.58,2511139,55187600.00
2016/01/21,21.28,22.45,21.00,21.79,3738398,81571072.00
2016/01/22,21.80,22.16,20.90,21.89,2703748,58256596.00
2016/01/25,21.72,22.22,21.66,21.93,1357918,29867150.00
2016/01/26,21.93,21.93,19.97,20.18,2663209,54986092.00
2016/01/27,20.18,20.60,19.02,19.91,2163533,42766936.00
2016/01/28,19.90,20.30,19.35,19.74,1156027,23023254.00
2016/01/29,19.77,20.28,19.55,20.11,1163134,23375674.00
2016/02/01,20.11,20.59,20.01,20.25,1203144,24351576.00
2016/02/02,20.04,21.30,20.04,21.01,1509471,31404706.00
2016/02/03,21.00,21.50,20.82,21.15,1288245,27329090.00
2016/02/04,21.15,21.90,21.02,21.21,1410435,30257220.00
2016/02/05,21.33,21.72,20.81,20.82,832234,17604900.00
2016/02/15,20.30,20.81,20.18,20.59,829469,16997198.00
2016/02/16,20.61,21.38,20.61,21.19,1914259,40448268.00
2016/02/17,21.45,21.45,20.62,21.08,1747005,36764476.00
2016/02/18,21.35,21.45,20.82,21.11,1852135,39087276.00
2016/02/19,21.11,21.27,20.85,21.14,1668271,35207016.00
2016/02/22,21.55,22.33,21.41,22.14,3191595,70001152.00
2016/02/23,21.90,22.16,21.00,21.33,3179356,68154152.00
2016/02/24,21.32,21.58,21.09,21.40,1487139,31669352.00
2016/02/25,21.34,21.34,19.42,19.71,2527871,51253008.00
2016/02/26,19.78,20.12,19.35,19.76,1346581,26728226.00
2016/02/29,19.99,21.74,19.77,21.74,9897123,210070800.00
2016/03/01,22.56,23.66,21.80,22.16,8460238,191333056.00
2016/03/02,22.18,24.38,21.90,24.38,14836097,351608768.00
2016/03/03,23.95,25.10,23.48,23.68,13071930,316964000.00
2016/03/04,23.40,24.99,21.32,23.45,9896725,236171328.00
2016/03/07,24.10,24.77,23.35,23.64,5729669,136655616.00
2016/03/08,23.75,23.89,21.73,22.81,5194407,116156080.00
2016/03/09,22.08,22.38,21.45,21.69,3833121,83877880.00
数据来源:通达信
