000009 中国宝安 日线 前复权
      日期	    开盘	    最高	    最低	    收盘	    成交量	    成交额
2011/01/04,12.08,12.39,11.92,12.19,17112464,290175488.00
2011/01/05,12.08,12.27,11.72,11.95,21475892,356378304.00
2011/01/06,11.88,12.01,11.55,11.59,22349516,363991392.00
2011/01/07,11.66,11.80,11.35,11.46,25510045,410478016.00
2011/01/10,11.48,11.51,10.93,10.99,21923396,339633088.00
2011/01/11,11.03,11.06,10.75,10.93,16081977,242686272.00
2011/01/12,10.97,11.17,10.79,10.99,14854958,227169728.00
2011/01/13,11.06,11.15,10.79,10.88,8104940,123105088.00
2011/01/14,10.86,10.92,10.51,10.54,14671334,217580080.00
2011/01/17,10.48,10.48,9.74,9.77,24002719,333775040.00
2011/01/18,9.77,10.09,9.56,9.85,15343047,211146560.00
2011/01/19,9.88,10.65,9.81,10.44,17728141,253932720.00
2011/01/20,11.46,11.49,10.93,11.27,78719771,1246291968.00
2011/01/21,11.22,11.99,10.93,11.65,67447741,1076126464.00
2011/01/24,11.73,12.16,11.56,11.65,47499659,784260224.00
2011/01/25,11.44,11.74,10.58,10.64,43221082,668168256.00
2011/01/26,10.62,11.40,10.53,11.37,31839223,482555232.00
2011/01/27,11.15,12.46,11.01,12.04,62327456,1029319616.00
2011/01/28,12.05,12.60,11.81,12.38,50526899,858391232.00
2011/01/31,12.27,13.07,12.17,12.79,47775440,837914944.00
2011/02/01,12.81,13.31,12.53,12.94,49976548,902332096.00
2011/02/09,12.87,13.46,12.86,13.09,53860116,980399232.00
2011/02/10,13.00,13.16,12.74,12.96,42759007,768934976.00
2011/02/11,13.00,14.27,12.90,14.27,119332867,2332581888.00
2011/02/14,14.41,15.34,14.34,14.77,107491455,2200732416.00
2011/02/15,14.61,15.49,14.54,15.03,82677592,1722776192.00
2011/02/17,15.50,16.54,15.32,16.54,86331930,1941414016.00
2011/02/18,17.25,17.78,15.64,15.71,162500282,3767464704.00
2011/02/21,16.08,17.29,15.80,17.29,112510453,2594262272.00
2011/02/22,17.96,18.36,16.44,17.64,179963028,4379223552.00
2011/02/23,17.09,17.46,16.51,17.06,99178372,2335091712.00
2011/02/24,16.75,17.01,16.22,16.70,82458427,1898648832.00
2011/02/25,16.72,17.53,16.50,17.26,92457583,2182513920.00
2011/02/28,16.95,17.00,15.53,15.77,139330582,3080246272.00
2011/03/01,15.67,16.14,15.52,15.80,78735952,1726770176.00
2011/03/02,15.32,16.11,15.00,15.75,97680082,2105704960.00
2011/03/03,15.51,15.85,15.14,15.26,66723107,1425042816.00
2011/03/04,15.39,15.53,14.79,15.08,66723738,1394584320.00
2011/03/07,15.12,15.82,15.11,15.67,79184429,1707289472.00
2011/03/08,15.57,15.91,15.29,15.47,54482794,1181787392.00
2011/03/15,14.81,15.98,14.56,15.64,73104769,1567959936.00
2011/03/16,15.43,15.50,14.61,14.94,58497294,1215715200.00
2011/03/17,14.63,14.75,13.92,13.93,54336093,1082403456.00
2011/03/18,14.01,14.38,13.95,14.20,33140826,651744064.00
2011/03/21,14.11,14.20,13.69,13.90,32829920,633078080.00
2011/03/22,13.80,14.48,13.80,14.34,35816183,706341568.00
2011/03/23,14.43,15.78,14.43,15.35,81858445,1735194496.00
2011/03/24,14.95,15.18,14.61,14.74,57448961,1185003904.00
2011/03/25,14.89,14.98,14.34,14.69,39343765,796483328.00
2011/03/28,15.14,15.32,14.38,14.46,37104896,758637696.00
2011/03/29,14.24,14.38,13.51,13.60,54319041,1049293824.00
2011/03/30,13.61,14.04,13.40,13.76,30928767,589642944.00
2011/03/31,13.83,13.90,12.97,13.10,36097759,666625536.00
2011/04/01,13.11,13.46,12.98,13.22,23661826,434044320.00
2011/04/06,13.08,13.94,13.05,13.76,36946212,695510272.00
2011/04/07,13.62,13.64,13.32,13.54,26862430,502541184.00
2011/04/08,13.51,13.89,13.33,13.67,24245268,459649184.00
2011/04/11,13.58,14.01,13.58,13.69,27941247,535970080.00
2011/04/12,13.56,13.90,13.24,13.28,28461579,535704192.00
2011/04/13,13.18,14.48,13.13,14.30,66695751,1304824704.00
2011/04/15,14.43,15.56,14.43,15.11,79959957,1679211904.00
2011/04/18,14.99,14.99,14.38,14.65,46371660,944676096.00
2011/04/19,14.44,15.30,14.44,14.94,50399863,1040377600.00
2011/04/20,14.88,15.10,14.48,14.69,27425525,560858688.00
2011/04/21,14.41,14.41,13.70,13.76,52093282,1006376960.00
2011/04/22,13.61,13.96,13.40,13.69,22421190,427345152.00
2011/04/25,13.76,13.82,13.11,13.24,22262127,413405088.00
2011/04/26,13.26,13.67,13.24,13.49,15214021,283840960.00
2011/04/27,13.44,13.64,12.98,13.06,19761314,362638048.00
2011/04/28,13.00,13.21,12.13,12.24,27267891,475979072.00
2011/04/29,12.20,12.59,12.20,12.58,16228154,280278560.00
2011/05/03,12.58,12.75,12.18,12.69,17138225,296300288.00
2011/05/04,12.43,12.73,12.21,12.27,18846293,326222208.00
2011/05/05,12.78,13.24,12.61,12.67,28571108,510086816.00
2011/05/06,12.37,13.32,12.26,13.24,30543393,546377600.00
2011/05/09,13.10,13.32,12.94,13.06,19288823,351120224.00
2011/05/10,12.97,13.06,12.61,12.85,19319118,342756032.00
2011/05/11,12.85,12.85,12.48,12.61,17608174,308524640.00
2011/05/12,12.53,13.06,12.27,12.69,28808588,508138560.00
2011/05/13,12.51,12.74,12.38,12.69,13142184,229915936.00
2011/05/17,12.69,12.79,12.09,12.40,22200411,380892544.00
2011/05/18,12.31,12.60,12.31,12.43,11773185,203699488.00
2011/05/19,12.48,13.03,12.30,12.73,31104418,551973568.00
2011/05/20,12.67,12.85,12.42,12.71,18219117,319821856.00
2011/05/23,12.60,13.02,12.37,12.46,25830577,457305600.00
2011/05/24,12.31,12.57,12.16,12.46,15756121,270731840.00
2011/05/25,12.58,13.21,12.46,12.77,32392404,582038272.00
2011/05/26,12.86,13.11,12.71,12.72,20854871,372717408.00
2011/05/27,12.64,13.08,12.60,12.82,24675441,441243904.00
2011/05/30,12.74,12.76,11.53,11.55,34887822,581193024.00
2011/05/31,11.65,11.69,11.15,11.67,23885627,379782464.00
2011/06/01,11.67,11.79,11.45,11.69,13801797,222620352.00
2011/06/02,11.44,12.16,11.37,11.74,21285753,349602784.00
2011/06/03,11.66,12.01,11.61,11.86,13408356,220379552.00
2011/06/07,11.80,12.08,11.74,11.88,14436004,239474784.00
2011/06/08,12.14,12.53,11.88,12.40,24322231,413192320.00
2011/06/09,12.28,12.46,12.06,12.06,16328023,277461568.00
2011/06/10,12.06,12.16,11.74,11.97,12622722,209614512.00
2011/06/13,11.83,12.11,11.65,12.04,10771043,177655216.00
2011/06/14,12.13,12.49,12.08,12.34,22199291,379744640.00
2011/06/15,12.66,12.77,12.21,12.22,17061236,295423360.00
2011/06/16,12.06,12.29,11.88,11.91,11928965,199750432.00
2011/06/17,11.81,11.99,11.59,11.59,10634512,174035952.00
2011/06/20,11.56,11.69,11.33,11.37,8829744,140891872.00
2011/06/21,11.42,11.55,11.20,11.48,12901664,203158800.00
2011/06/22,11.85,11.97,11.43,11.49,12493533,202473200.00
2011/06/23,11.38,11.75,11.23,11.69,12647747,203361376.00
2011/06/24,11.66,12.45,11.59,12.08,23003752,384137504.00
2011/06/27,12.10,12.48,12.03,12.35,21544322,365780768.00
2011/06/28,12.34,12.72,12.08,12.48,32413134,560875712.00
2011/06/30,12.24,12.51,12.24,12.40,21686773,373170304.00
2011/07/01,12.46,12.71,12.31,12.43,21123662,367114176.00
2011/07/04,12.45,13.27,12.45,13.10,42390630,764433280.00
2011/07/05,13.11,13.40,13.03,13.24,29520705,540947136.00
2011/07/06,13.15,13.51,13.09,13.30,23751377,440047392.00
2011/07/07,14.03,14.56,13.69,13.83,44772206,869945280.00
2011/07/08,13.83,14.45,13.71,14.39,42041955,831211456.00
2011/07/11,14.42,14.52,14.13,14.23,24894480,494091232.00
2011/07/12,14.09,14.35,14.00,14.17,22391108,441871904.00
2011/07/13,14.17,14.77,14.17,14.59,27947170,561716032.00
2011/07/14,14.63,15.28,14.63,15.01,29949203,623805440.00
2011/07/15,14.96,15.63,14.85,15.50,34412811,732460736.00
2011/07/18,15.50,15.61,15.05,15.06,24937655,526473376.00
2011/07/19,14.98,15.01,14.57,14.85,24921466,511539968.00
2011/07/20,14.99,15.12,14.49,14.67,19141791,391983008.00
2011/07/21,14.67,14.75,14.18,14.36,21027902,419345856.00
2011/07/22,14.41,14.66,14.34,14.38,17597232,354301472.00
2011/07/25,14.24,14.36,13.60,13.74,23575998,455506656.00
2011/07/26,13.69,13.95,13.53,13.79,17663000,336909920.00
2011/07/27,13.69,14.00,13.55,14.00,16839554,324186368.00
2011/07/28,13.80,14.03,13.72,13.94,12202949,235052752.00
2011/07/29,13.96,14.01,13.77,13.82,11282821,217467520.00
2011/08/01,13.70,14.25,13.69,14.22,13990608,271957632.00
2011/08/02,14.14,14.86,13.92,14.80,24097779,481927296.00
2011/08/03,14.61,14.79,14.52,14.53,16356213,331696864.00
2011/08/04,14.61,15.09,14.51,14.56,18183986,372184896.00
2011/08/05,13.72,14.37,13.70,14.09,18116073,355867552.00
2011/08/08,13.83,14.07,13.19,13.45,23077273,434920512.00
2011/08/09,13.05,13.69,12.77,13.40,20682636,380849440.00
2011/08/10,13.78,13.98,13.63,13.63,17696907,338504256.00
2011/08/11,13.31,14.31,13.27,14.14,19814237,382180096.00
2011/08/12,14.35,14.46,14.10,14.13,14525938,287687360.00
2011/08/15,14.24,14.53,14.07,14.33,16750903,332898432.00
2011/08/16,14.35,14.43,13.93,14.11,13310711,261758320.00
2011/08/17,14.05,14.16,13.86,13.90,7847664,152037664.00
2011/08/18,13.88,14.01,13.64,13.67,10192291,195606880.00
2011/08/19,13.40,13.72,13.38,13.71,11206796,209970272.00
2011/08/22,13.67,13.82,13.46,13.48,6767455,127926952.00
2011/08/23,13.53,13.87,13.38,13.82,9051904,171453312.00
2011/08/24,13.96,14.03,13.70,13.74,12416817,239627152.00
2011/08/25,13.90,14.09,13.67,14.03,15257499,293459776.00
2011/08/26,13.94,14.22,13.82,13.90,11413870,221363456.00
2011/08/29,13.74,14.34,13.70,14.10,19248757,374515520.00
2011/08/30,14.23,14.32,13.90,13.96,13350547,261109184.00
2011/08/31,13.92,14.01,13.56,13.64,14367131,273331584.00
2011/09/01,13.77,13.87,13.53,13.56,6331179,119905624.00
2011/09/02,13.47,13.70,13.40,13.46,7372017,138352240.00
2011/09/05,13.27,13.51,13.16,13.35,9415554,173599888.00
2011/09/06,13.30,13.51,13.21,13.41,7452441,138578752.00
2011/09/07,13.49,14.03,13.36,13.77,17624327,334368768.00
2011/09/08,13.74,14.09,13.54,13.68,16105167,307876640.00
2011/09/09,13.61,13.91,13.27,13.32,12514083,234646944.00
2011/09/13,13.05,13.08,12.41,12.46,20577401,361578976.00
2011/09/14,12.58,12.62,12.17,12.58,13362796,230297408.00
2011/09/15,12.54,12.83,12.51,12.64,11021489,194245056.00
2011/09/16,12.85,13.31,12.80,12.99,14725646,266483152.00
2011/09/19,12.80,12.98,12.56,12.64,10236580,181262928.00
2011/09/20,12.56,12.90,12.56,12.77,9032793,159745680.00
2011/09/21,12.80,13.23,12.53,13.20,13549149,243428848.00
2011/09/22,13.05,13.22,12.69,12.69,13014133,233405808.00
2011/09/23,12.40,12.67,12.22,12.39,11529713,198600144.00
2011/09/26,12.44,12.95,12.41,12.54,16807819,296599296.00
2011/09/27,12.65,12.88,12.54,12.56,12787207,226014368.00
2011/09/28,12.65,12.86,12.33,12.42,10314992,180415920.00
2011/09/29,12.26,12.32,11.78,11.81,10961628,182517632.00
2011/09/30,11.88,11.96,11.53,11.59,7291907,118514832.00
2011/10/10,11.74,11.78,11.40,11.48,6102159,97891288.00
2011/10/11,11.92,12.00,11.21,11.46,12757532,206422800.00
2011/10/12,11.24,11.83,11.01,11.79,13766811,221788544.00
2011/10/13,11.73,12.03,11.68,11.80,12023989,198112400.00
2011/10/14,11.78,11.93,11.72,11.84,9075785,149044960.00
2011/10/17,11.89,12.22,11.84,12.01,11494638,192130480.00
2011/10/18,11.82,11.91,11.31,11.37,11053544,177784576.00
2011/10/19,11.46,11.59,10.90,11.13,15011901,232599104.00
2011/10/20,11.23,11.23,10.06,10.38,19813549,287620640.00
2011/10/21,10.28,10.40,10.12,10.32,7223140,103201896.00
2011/10/24,10.36,10.52,10.19,10.43,9450581,136111728.00
2011/10/25,10.52,10.91,10.30,10.78,13698179,202004416.00
2011/10/26,10.71,11.07,10.65,10.88,11855518,179769920.00
2011/10/27,10.89,10.93,10.69,10.73,9085102,136127488.00
2011/10/28,10.91,11.19,10.91,11.09,11764399,180435824.00
2011/10/31,11.03,11.40,11.01,11.32,12644841,198155232.00
2011/11/01,11.17,12.11,11.17,11.90,24517981,402292768.00
2011/11/02,11.67,11.92,11.43,11.89,15484021,251055392.00
2011/11/03,11.92,12.32,11.82,11.94,18718498,314426592.00
2011/11/04,12.08,12.21,11.87,12.07,13372922,223857264.00
2011/11/07,12.06,12.34,12.02,12.07,10525861,177797616.00
2011/11/08,13.29,13.29,13.24,13.29,33159090,611107264.00
2011/11/09,13.70,14.21,13.56,14.05,76333156,1471798528.00
2011/11/10,13.82,13.96,13.36,13.42,44534423,842488512.00
2011/11/11,13.70,14.64,13.63,14.35,70261917,1381483904.00
2011/11/14,14.21,14.39,14.01,14.35,43830717,862846912.00
2011/11/15,14.32,14.56,13.84,13.92,41163645,803320128.00
2011/11/16,13.78,13.97,13.47,13.67,35743466,676625472.00
2011/11/17,13.66,13.74,13.42,13.43,34108484,641580096.00
2011/11/18,13.29,13.38,12.58,12.66,40838268,728714624.00
2011/11/21,12.69,12.90,12.64,12.81,22285391,395154144.00
2011/11/22,12.69,13.22,12.58,13.22,25889038,463537280.00
2011/11/23,13.23,13.27,12.80,12.80,19668173,356059424.00
2011/11/24,12.43,12.94,12.33,12.69,20467116,357436672.00
2011/11/25,12.54,12.80,12.46,12.59,11751788,205658704.00
2011/11/28,12.65,12.67,12.27,12.48,10805855,187101872.00
2011/11/29,12.58,12.76,12.43,12.76,13254540,231824800.00
2011/11/30,12.68,12.88,12.09,12.23,21126275,365821344.00
2011/12/01,12.75,12.85,12.32,12.32,28319318,496819200.00
2011/12/02,12.39,12.39,11.62,11.74,17563073,288969984.00
2011/12/05,11.88,11.92,11.21,11.27,13717933,217281296.00
2011/12/06,11.13,11.38,11.08,11.28,10287248,160394576.00
2011/12/07,11.24,11.35,11.13,11.22,7679744,119769160.00
2011/12/08,11.21,11.70,11.08,11.51,14116459,223572240.00
2011/12/09,11.39,11.56,11.30,11.40,8479975,134579216.00
2011/12/12,11.38,11.50,11.30,11.38,6223791,98204112.00
2011/12/13,11.20,11.30,10.72,10.73,11395332,173654304.00
2011/12/14,10.69,10.80,10.22,10.22,17224696,250841728.00
2011/12/15,10.15,10.46,10.09,10.13,13618478,194182624.00
2011/12/16,10.14,10.29,9.57,10.22,22446446,309647680.00
2011/12/19,10.01,10.27,9.66,10.22,15689184,216915872.00
2011/12/20,10.10,10.45,9.97,10.11,15573851,221474336.00
2011/12/21,10.29,10.30,9.10,9.10,34103400,455455424.00
2011/12/22,8.72,8.82,8.19,8.59,35755484,417159552.00
2011/12/23,8.41,8.68,8.36,8.58,23860434,283429376.00
2011/12/26,8.48,8.48,7.90,7.90,29863524,338227104.00
2011/12/27,7.84,8.28,7.70,8.09,36378682,407534336.00
2011/12/28,7.91,8.16,7.82,8.05,21227463,235260624.00
2011/12/29,8.01,8.11,7.67,7.67,23294716,255682144.00
2011/12/30,7.69,8.34,7.69,7.83,22700778,248977824.00
2012/01/04,7.93,7.98,7.25,7.25,25813103,274172032.00
2012/01/05,7.20,7.24,6.78,6.85,29632904,289372160.00
2012/01/06,7.19,7.50,7.12,7.26,42225358,427057856.00
2012/01/09,7.26,7.99,7.14,7.99,50884080,547734912.00
2012/01/10,8.09,8.59,7.97,8.33,65920022,750893184.00
2012/01/11,8.24,9.17,8.17,9.17,62531717,747837568.00
2012/01/12,9.06,9.53,8.88,9.08,58134504,739362560.00
2012/01/13,9.06,9.28,8.72,9.11,57611209,724387840.00
2012/01/16,9.10,9.20,8.30,8.38,45419517,554840384.00
2012/01/17,8.41,9.22,8.35,9.22,67605348,839673536.00
2012/01/18,9.22,9.68,9.14,9.32,62349778,816175168.00
2012/01/19,9.35,9.47,9.05,9.36,42778573,552263552.00
2012/01/20,9.42,9.47,9.17,9.22,27654195,356609728.00
2012/01/30,9.30,9.34,8.93,9.01,25272181,319381664.00
2012/01/31,9.09,9.57,8.99,9.28,41113427,531475744.00
2012/02/01,9.17,9.24,8.88,8.96,28257697,355693024.00
2012/02/02,8.97,9.51,8.90,9.49,44417376,570296832.00
2012/02/03,9.39,9.61,9.28,9.48,40525707,532813216.00
2012/02/06,9.50,9.74,9.38,9.53,38680845,513912224.00
2012/02/07,9.45,9.50,9.14,9.28,29937674,386030144.00
2012/02/08,9.28,9.72,9.15,9.64,41626125,549825472.00
2012/02/09,9.68,10.19,9.61,9.79,57272457,789238336.00
2012/02/10,9.78,9.93,9.65,9.79,30938166,420169440.00
2012/02/13,9.68,10.07,9.57,9.92,33998615,465222624.00
2012/02/14,9.86,10.17,9.86,9.98,37492540,521335168.00
2012/02/15,9.90,10.18,9.82,10.06,36366342,506103040.00
2012/02/16,10.08,10.36,9.94,10.24,38198781,537954752.00
2012/02/17,10.32,10.40,10.05,10.12,25840589,365496576.00
2012/02/20,10.26,10.41,10.09,10.09,52096377,742213056.00
2012/02/21,10.03,10.09,9.67,10.04,45261185,621776256.00
2012/02/22,10.01,10.20,9.98,10.16,39494202,553156096.00
2012/02/23,10.19,10.29,9.85,10.02,49370729,689334784.00
2012/02/24,9.90,10.21,9.77,10.11,63694587,885411392.00
2012/02/27,10.18,10.64,10.04,10.25,84185704,1204973952.00
2012/02/28,9.86,9.86,9.22,9.22,131609693,1731038976.00
2012/02/29,8.92,9.10,8.71,8.85,67896833,840473216.00
2012/03/01,8.80,9.10,8.80,9.01,39346181,491939104.00
2012/03/02,9.01,9.20,8.92,9.17,43325573,545326464.00
2012/03/05,9.14,9.23,8.99,9.03,37263708,472231232.00
2012/03/06,9.03,9.19,8.92,9.10,35571746,448736224.00
2012/03/07,8.93,9.11,8.85,8.88,32515021,406531136.00
2012/03/08,8.97,9.14,8.92,9.06,30640312,386062848.00
2012/03/09,9.13,9.16,8.96,9.11,32009458,403018880.00
2012/03/12,9.11,9.38,9.04,9.30,46505528,596506048.00
2012/03/13,9.24,9.27,8.99,9.13,44782259,567694336.00
2012/03/14,9.18,9.35,8.67,8.75,65818295,835029056.00
2012/03/15,8.74,8.88,8.14,8.21,50565553,587085056.00
2012/03/16,8.22,8.44,8.09,8.43,31885833,367116928.00
2012/03/19,8.41,8.47,8.23,8.44,24591886,286037216.00
2012/03/20,8.47,8.48,8.17,8.29,20929047,241661856.00
2012/03/21,8.30,8.58,8.20,8.41,29918844,349258944.00
2012/03/22,8.37,8.42,8.19,8.27,20010405,230792352.00
2012/03/23,8.27,8.31,7.96,8.01,22803306,257438496.00
2012/03/26,7.98,8.09,7.78,7.89,16357140,180934144.00
2012/03/27,7.98,8.02,7.85,7.90,18225066,201480800.00
2012/03/28,7.86,7.92,7.35,7.41,28806660,305037248.00
2012/03/29,7.37,7.54,7.30,7.38,22290124,230352496.00
2012/03/30,7.42,7.50,7.22,7.28,17878811,182688160.00
2012/04/05,7.31,7.60,7.26,7.56,24037488,249509664.00
2012/04/06,7.55,8.32,7.51,8.13,50395261,559745984.00
2012/04/09,8.02,8.08,7.85,7.88,27909546,309380960.00
2012/04/10,7.86,8.45,7.80,8.40,51900407,590263936.00
2012/04/11,8.24,8.52,8.19,8.33,35295988,409977696.00
2012/04/12,8.33,8.60,8.29,8.54,39962025,468983584.00
2012/04/13,8.70,8.99,8.59,8.90,65871228,803180608.00
2012/04/16,8.63,8.72,8.41,8.58,48296164,575597952.00
2012/04/17,8.51,8.65,8.27,8.28,31401252,367371552.00
2012/04/18,8.32,8.62,8.23,8.51,31146567,365331072.00
2012/04/19,8.51,8.59,8.32,8.36,21327969,250298192.00
2012/04/20,8.35,8.47,8.21,8.40,23743126,275856896.00
2012/04/23,8.38,8.38,7.88,7.91,30853854,348913856.00
2012/04/24,7.84,8.09,7.71,8.00,23343131,256782432.00
2012/04/25,7.96,8.26,7.91,8.17,23587220,266470352.00
2012/04/26,8.20,8.27,8.08,8.13,19027944,215698656.00
2012/04/27,8.13,8.16,7.98,7.99,13947719,155965696.00
2012/05/02,8.14,8.32,7.94,8.27,24557544,279158432.00
2012/05/03,8.24,8.63,8.21,8.43,32778147,384842112.00
2012/05/04,8.38,8.69,8.36,8.50,29720594,352908096.00
2012/05/07,8.45,8.56,8.35,8.51,24129094,284090976.00
2012/05/08,8.51,8.70,8.43,8.63,31288093,374055040.00
2012/05/09,8.52,8.56,8.34,8.34,23390649,274815936.00
2012/05/10,8.35,8.45,8.14,8.24,18635807,214503824.00
2012/05/11,8.19,8.35,8.16,8.21,13375018,153238080.00
2012/05/14,8.30,8.33,8.19,8.20,13402603,153977424.00
2012/05/15,8.12,8.14,7.85,8.04,14156302,157946608.00
2012/05/16,8.00,8.01,7.88,7.88,10413830,115060232.00
2012/05/17,7.91,8.14,7.88,8.10,12590931,140406912.00
2012/05/18,8.03,8.14,7.85,7.87,11738995,130588024.00
2012/05/21,7.85,7.96,7.81,7.85,10499006,115122424.00
2012/05/22,7.91,8.10,7.91,8.06,12884215,143529552.00
2012/05/23,8.03,8.20,7.96,8.04,14834508,166840096.00
2012/05/24,8.03,8.13,7.93,7.95,10777969,120415792.00
2012/05/25,7.95,8.00,7.69,7.72,15254799,165691984.00
2012/05/28,7.66,7.77,7.45,7.77,16412804,173287376.00
2012/05/29,7.71,7.96,7.71,7.90,14322786,156764176.00
2012/05/30,8.13,8.54,8.12,8.18,37424827,432569728.00
2012/05/31,8.12,8.32,8.09,8.22,19992325,229052032.00
2012/06/01,8.22,8.29,8.09,8.14,13895226,157824336.00
2012/06/04,7.91,7.98,7.73,7.74,16950310,185696448.00
2012/06/05,7.90,7.90,7.69,7.82,10131286,109712752.00
2012/06/06,7.81,7.85,7.61,7.69,10899892,117257400.00
2012/06/07,7.79,7.87,7.64,7.67,11435999,123365344.00
2012/06/08,7.79,7.81,7.64,7.67,9861795,105883032.00
2012/06/11,7.69,7.93,7.67,7.91,13535325,146915808.00
2012/06/12,7.82,7.86,7.74,7.77,9769192,105967648.00
2012/06/13,7.78,7.89,7.73,7.87,12286416,133931952.00
2012/06/14,7.85,8.11,7.81,7.92,22824380,253101424.00
2012/06/15,7.96,7.96,7.72,7.87,12396806,135726896.00
2012/06/18,7.91,8.01,7.88,7.90,12832410,141721200.00
2012/06/19,7.89,7.99,7.84,7.85,11329475,124810088.00
2012/06/21,7.88,8.12,7.84,7.99,27462670,305457856.00
2012/06/25,7.90,7.94,7.43,7.46,18605775,199427088.00
2012/06/26,7.43,7.43,7.17,7.30,13956820,141590176.00
2012/06/27,7.32,7.38,7.09,7.11,14067766,142012688.00
2012/06/28,7.18,7.20,7.03,7.03,11272674,111741144.00
2012/06/29,7.06,7.19,7.00,7.18,10783446,106842488.00
2012/07/02,7.26,7.31,7.17,7.19,11208934,112857840.00
2012/07/03,7.19,7.28,7.15,7.19,8748461,87856664.00
2012/07/04,7.20,7.27,7.17,7.20,9266210,92912184.00
2012/07/05,7.14,7.17,6.82,6.88,14368634,139432224.00
2012/07/06,6.97,7.17,6.85,7.12,12757145,124147480.00
2012/07/09,7.06,7.07,6.72,6.74,14670538,140866656.00
2012/07/10,6.78,6.84,6.71,6.77,8021906,75731976.00
2012/07/11,6.74,6.98,6.71,6.85,10567218,101111056.00
2012/07/12,6.82,7.02,6.75,6.98,14624551,140435360.00
2012/07/13,6.91,7.03,6.89,6.90,9516973,92169488.00
2012/07/16,6.74,6.75,6.21,6.21,36714352,323448288.00
2012/07/17,6.20,6.31,6.13,6.27,11275125,98331680.00
2012/07/18,6.29,6.64,6.29,6.53,20297911,183973504.00
2012/07/19,6.49,6.59,6.37,6.49,17231614,156171664.00
2012/07/20,6.43,6.82,6.39,6.67,26757300,249334320.00
2012/07/23,6.59,6.59,6.37,6.42,17910644,161010800.00
2012/07/24,6.33,6.46,6.29,6.38,12483656,111299336.00
2012/07/25,6.38,6.42,6.17,6.22,12728346,111691912.00
2012/07/26,6.22,6.30,6.17,6.19,8544432,74211048.00
2012/07/27,6.21,6.25,6.13,6.15,7161921,61701404.00
2012/07/30,6.14,6.21,5.89,5.93,10125819,85228784.00
2012/07/31,5.97,5.98,5.74,5.88,10997025,89712584.00
2012/08/01,5.86,6.47,5.86,6.47,30485678,264939408.00
2012/08/03,6.56,6.95,6.50,6.85,56459952,530531744.00
2012/08/06,6.78,7.06,6.75,6.91,40570980,389310496.00
2012/08/07,6.86,7.03,6.82,6.96,32301843,311525504.00
2012/08/08,6.91,6.95,6.74,6.81,22772020,216711520.00
2012/08/09,6.82,7.04,6.77,6.85,33885751,325912896.00
2012/08/10,6.78,7.10,6.67,7.01,40341857,388228224.00
2012/08/13,6.94,6.98,6.71,6.74,17770540,169764192.00
2012/08/14,6.72,6.85,6.59,6.80,20518396,192425952.00
2012/08/15,6.82,6.95,6.71,6.73,15650197,148784048.00
2012/08/16,6.85,7.03,6.76,6.77,20745809,198987488.00
2012/08/17,6.69,6.80,6.62,6.74,12487478,116565792.00
2012/08/20,6.63,6.66,6.45,6.56,14997044,136611312.00
2012/08/21,6.60,6.84,6.54,6.80,18282497,171459792.00
2012/08/22,7.03,7.10,6.80,6.82,26675832,258020736.00
2012/08/23,6.75,6.88,6.71,6.78,14685844,138895072.00
2012/08/24,6.78,7.09,6.70,6.82,30048783,289784384.00
2012/08/27,6.31,6.48,6.19,6.24,27209028,240639328.00
2012/08/28,6.24,6.30,5.95,6.11,17923694,152498992.00
2012/08/29,6.28,6.42,6.24,6.24,15624054,137468128.00
2012/08/30,6.17,6.53,6.17,6.33,18261933,162168416.00
2012/08/31,6.27,6.46,6.18,6.31,11711985,103222112.00
2012/09/03,6.32,6.49,6.26,6.38,12306672,109804752.00
2012/09/04,6.37,6.49,6.31,6.31,14262383,127104480.00
2012/09/05,6.29,6.49,6.22,6.45,16078017,142159104.00
2012/09/06,6.40,6.48,6.38,6.43,9266446,82948416.00
2012/09/07,6.48,6.83,6.47,6.73,28445182,263777376.00
2012/09/10,6.71,6.93,6.67,6.93,26772660,254492000.00
2012/09/11,6.89,6.96,6.80,6.89,19119847,183088816.00
2012/09/12,6.92,7.00,6.85,6.93,18788945,181109904.00
2012/09/13,6.95,6.95,6.64,6.64,20580886,194504928.00
2012/09/14,6.71,6.78,6.61,6.64,12715379,118582696.00
2012/09/17,6.64,6.69,6.32,6.36,13904656,125818904.00
2012/09/18,6.23,6.68,6.23,6.53,13742713,124055056.00
2012/09/19,6.53,6.59,6.42,6.53,9040155,81910280.00
2012/09/20,6.46,6.48,6.27,6.27,13260993,117429584.00
2012/09/21,6.24,6.48,6.23,6.31,10926234,96843832.00
2012/09/24,6.22,6.40,6.19,6.34,9366105,82383040.00
2012/09/25,6.31,6.33,6.15,6.17,8908610,77390768.00
2012/09/26,6.19,6.26,6.03,6.04,7273528,62296464.00
2012/09/27,6.04,6.33,6.03,6.24,12946175,112052576.00
2012/09/28,6.20,6.43,6.18,6.39,12907371,114066944.00
2012/10/08,6.40,6.48,6.32,6.45,10727927,95977072.00
2012/10/09,6.54,6.62,6.46,6.60,13883506,126904752.00
2012/10/10,6.57,6.74,6.50,6.64,11824612,109047248.00
2012/10/11,6.59,6.64,6.47,6.47,9698151,88594176.00
2012/10/12,6.53,6.63,6.46,6.56,12013021,109497968.00
2012/10/16,6.81,6.95,6.54,6.54,26156556,246354400.00
2012/10/17,6.48,6.56,6.35,6.41,15167037,136147184.00
2012/10/18,6.41,6.53,6.40,6.48,8555067,77332344.00
2012/10/19,6.48,6.54,6.43,6.45,7683270,69362208.00
2012/10/22,6.40,6.47,6.30,6.44,8979558,79786160.00
2012/10/23,6.44,6.53,6.36,6.39,9970004,89998712.00
2012/10/24,6.38,6.42,6.30,6.34,6178752,54733196.00
2012/10/25,6.32,6.41,6.27,6.28,7173357,63393980.00
2012/10/26,6.33,6.34,6.09,6.14,7386952,63737248.00
2012/10/29,6.11,6.27,6.11,6.22,7798992,67204832.00
2012/10/30,6.21,6.35,6.20,6.31,10085402,88350792.00
2012/10/31,6.31,6.36,6.24,6.28,7456293,65527276.00
2012/11/01,6.28,6.43,6.26,6.35,13776721,122160776.00
2012/11/02,6.37,6.58,6.32,6.52,18575039,167242096.00
2012/11/05,6.46,6.50,6.35,6.38,11267618,100585848.00
2012/11/06,6.38,6.49,6.19,6.49,17820030,157806112.00
2012/11/07,6.45,6.62,6.38,6.59,20914361,190442000.00
2012/11/08,6.50,6.58,6.37,6.37,12033678,108854112.00
2012/11/09,6.35,6.41,6.27,6.40,6863993,60744192.00
2012/11/12,6.38,6.46,6.31,6.43,5427286,48366024.00
2012/11/13,6.57,6.65,6.32,6.34,11067568,99797776.00
2012/11/14,6.32,6.40,6.22,6.24,7886350,69044736.00
2012/11/15,6.21,6.26,6.06,6.08,7665449,65901460.00
2012/11/16,6.07,6.11,6.00,6.06,6142998,51810112.00
2012/11/19,6.05,6.10,5.99,6.07,4783809,40399868.00
2012/11/20,6.08,6.15,5.97,5.99,5289282,44826916.00
2012/11/21,5.99,6.11,5.81,6.08,7626362,63679316.00
2012/11/22,6.03,6.07,5.88,6.00,5335581,44552060.00
2012/11/23,6.01,6.06,5.93,5.98,4977960,41740548.00
2012/11/26,5.97,5.99,5.90,5.91,4174225,34586208.00
2012/11/27,5.88,5.92,5.72,5.72,6593413,53263960.00
2012/11/28,5.70,5.73,5.58,5.61,7998940,62858008.00
2012/11/29,5.61,5.65,5.42,5.44,5951894,46259380.00
2012/11/30,5.44,5.56,5.43,5.51,6495461,49906448.00
2012/12/03,5.55,5.56,5.37,5.37,5306701,40595052.00
2012/12/04,5.35,5.38,5.22,5.35,7015671,51866164.00
2012/12/05,5.35,5.71,5.32,5.62,12677349,98693984.00
2012/12/06,5.61,5.64,5.55,5.59,6492083,50699848.00
2012/12/07,5.58,5.77,5.54,5.72,9771862,77508984.00
2012/12/10,5.85,5.88,5.77,5.85,11870361,96417568.00
2012/12/11,5.82,6.01,5.78,5.82,15516989,127723184.00
2012/12/12,5.82,5.88,5.72,5.81,9217116,74444704.00
2012/12/13,5.76,5.86,5.74,5.77,6861586,55442284.00
2012/12/14,5.77,6.04,5.77,6.03,19496601,162056080.00
2012/12/17,6.04,6.11,5.98,6.05,14881391,125531392.00
2012/12/18,6.02,6.17,5.98,6.03,12608793,106441080.00
2012/12/19,6.01,6.17,6.00,6.09,14814247,125522432.00
2012/12/20,6.06,6.06,5.88,5.99,14082379,117471880.00
2012/12/21,5.99,6.09,5.89,5.94,13015833,108680240.00
2012/12/24,5.94,5.98,5.89,5.93,6983072,57827440.00
2012/12/25,5.93,6.15,5.91,6.11,20478885,174106416.00
2012/12/26,6.10,6.27,6.07,6.17,17119493,147580048.00
2012/12/27,6.20,6.21,6.04,6.04,13110820,111660504.00
2012/12/28,6.04,6.21,6.04,6.19,14294368,122739488.00
2012/12/31,6.19,6.43,6.17,6.31,21356747,187738736.00
2013/01/04,6.36,6.40,6.24,6.27,15831190,139185904.00
2013/01/07,6.31,6.37,6.24,6.34,13018601,114848696.00
2013/01/08,6.32,6.36,6.19,6.31,19411329,169834240.00
2013/01/09,6.29,6.50,6.26,6.42,25005235,222772368.00
2013/01/10,6.40,6.49,6.33,6.42,18919271,168791728.00
2013/01/11,6.44,6.44,6.16,6.19,16519055,144859296.00
2013/01/14,6.16,6.37,6.14,6.37,14664762,128777912.00
2013/01/15,6.36,6.71,6.35,6.59,37007164,339685056.00
2013/01/16,6.57,6.71,6.47,6.59,21995123,202116608.00
2013/01/17,6.59,6.61,6.42,6.43,13293601,120288400.00
2013/01/18,6.48,6.66,6.36,6.64,21739374,198104160.00
2013/01/21,6.71,6.77,6.60,6.61,23027980,214263504.00
2013/01/22,6.62,6.62,6.32,6.42,20357872,183824176.00
2013/01/23,6.39,6.67,6.39,6.54,23656140,216384224.00
2013/01/24,6.54,6.65,6.32,6.58,29959839,271551296.00
2013/01/25,6.62,6.65,6.43,6.45,18270733,166706608.00
2013/01/28,6.44,6.69,6.42,6.69,28248478,258934128.00
2013/01/29,6.72,7.01,6.64,6.85,51132321,488628608.00
2013/01/30,6.93,7.30,6.90,7.18,70126991,696032768.00
2013/01/31,7.10,7.16,6.93,6.97,36929776,361147776.00
2013/02/01,6.97,7.13,6.90,6.92,24755454,240490192.00
2013/02/04,6.93,7.01,6.75,6.85,21626300,206531872.00
2013/02/05,6.81,6.99,6.74,6.95,16277616,156289808.00
2013/02/06,6.96,7.01,6.74,6.81,17765953,169088336.00
2013/02/07,6.82,6.84,6.71,6.83,12384736,116970128.00
2013/02/08,6.82,6.88,6.77,6.81,12473478,118588296.00
2013/02/18,6.82,6.94,6.80,6.85,12437737,119092072.00
2013/02/19,6.85,6.88,6.54,6.58,16610304,154553440.00
2013/02/20,6.58,6.73,6.57,6.67,12250682,113616016.00
2013/02/21,6.63,6.64,6.37,6.60,22998183,208410688.00
2013/02/22,6.64,6.80,6.51,6.53,23811493,221854640.00
2013/02/25,6.49,6.64,6.44,6.56,13625235,124240752.00
2013/02/26,6.49,6.53,6.31,6.33,16677336,149404768.00
2013/02/27,6.37,6.44,6.31,6.36,11224821,99603992.00
2013/02/28,6.38,6.56,6.38,6.53,16257385,147018688.00
2013/03/01,6.53,6.64,6.48,6.60,20773954,190191952.00
2013/03/04,6.51,6.51,6.24,6.24,23771567,210861456.00
2013/03/05,6.28,6.52,6.28,6.49,19935654,179295520.00
2013/03/06,6.51,6.63,6.46,6.56,19695493,179929952.00
2013/03/07,6.55,7.23,6.53,7.23,55154412,543654656.00
2013/03/08,7.30,7.32,6.98,7.03,68619919,684274304.00
2013/03/11,6.89,7.02,6.78,6.84,32390646,311262976.00
2013/03/12,6.93,7.43,6.93,7.19,67112746,671184896.00
2013/03/13,7.11,7.22,6.96,7.06,35836884,353827520.00
2013/03/14,7.00,7.05,6.87,6.99,22880459,221285504.00
2013/03/15,7.01,7.15,6.82,6.98,28499030,278093632.00
2013/03/18,6.88,6.98,6.53,6.61,24690268,232819104.00
2013/03/19,6.62,7.03,6.59,6.96,30903382,293337888.00
2013/03/20,6.89,7.12,6.84,7.06,29715124,288910144.00
2013/03/21,7.03,7.25,6.96,7.11,32994077,327758464.00
2013/03/22,7.10,7.82,7.09,7.82,98102921,1053517568.00
2013/03/26,7.69,7.90,7.55,7.75,82054566,884512512.00
2013/03/27,7.73,7.83,7.52,7.67,56014513,595077248.00
2013/03/28,7.54,7.55,7.11,7.13,44210048,446600512.00
2013/03/29,7.22,7.34,7.13,7.15,22834760,229913968.00
2013/04/01,7.18,7.36,7.09,7.13,21392117,214958112.00
2013/04/02,7.19,7.53,7.14,7.30,34918836,357112960.00
2013/04/03,7.40,7.46,7.03,7.07,23686283,236879728.00
2013/04/08,6.93,6.98,6.73,6.97,21509176,206107136.00
2013/04/09,6.97,7.19,6.97,7.06,17651483,174472128.00
2013/04/10,7.05,7.09,6.83,6.98,13619442,132094584.00
2013/04/11,7.07,7.22,6.99,7.07,20350155,201463168.00
2013/04/12,7.03,7.44,6.93,7.20,29365260,293581728.00
2013/04/15,7.21,7.30,7.11,7.13,20638776,207259040.00
2013/04/16,7.03,7.27,6.88,7.27,25753261,253608256.00
2013/04/17,7.32,7.51,7.27,7.46,36764107,378843584.00
2013/04/18,7.40,7.56,7.33,7.43,26813625,278200416.00
2013/04/19,7.46,7.62,7.42,7.48,26059216,272267744.00
2013/04/22,7.40,7.48,7.28,7.48,24943998,256805216.00
2013/04/23,7.56,7.72,7.27,7.30,28397445,295322656.00
2013/04/24,7.39,7.53,7.29,7.44,21508412,222479472.00
2013/04/25,7.46,7.65,7.40,7.46,26447777,277600736.00
2013/04/26,7.51,7.54,7.04,7.12,27326247,275311328.00
2013/05/03,7.83,7.84,7.54,7.84,74793250,811762944.00
2013/05/06,7.84,8.19,7.77,8.03,78613529,873950720.00
2013/05/07,7.97,8.19,7.83,8.12,56459330,626954944.00
2013/05/08,8.12,8.24,7.97,8.01,40305631,452865312.00
2013/05/09,8.04,8.14,7.87,8.01,41630799,461219680.00
2013/05/10,7.97,8.11,7.90,8.05,29953168,334094848.00
2013/05/13,8.03,8.11,7.85,7.98,24115422,266995552.00
2013/05/14,8.01,8.27,7.93,8.14,43681465,493049440.00
2013/05/15,8.21,8.24,7.96,8.09,24588613,275455680.00
2013/05/16,8.06,8.63,8.02,8.41,54077646,629725056.00
2013/05/17,8.33,8.61,8.27,8.48,37465545,441366880.00
2013/05/20,8.60,8.88,8.47,8.49,42742867,515592288.00
2013/05/21,8.44,8.88,8.40,8.85,42634772,518464032.00
2013/05/22,8.88,9.49,8.79,9.21,62941552,800139712.00
2013/05/23,9.19,9.41,9.09,9.09,39998510,511872512.00
2013/05/24,9.14,9.57,9.00,9.51,47780291,619742080.00
2013/05/27,9.54,9.83,9.29,9.51,45692085,607135424.00
2013/05/28,9.50,9.68,9.06,9.32,40724916,528292544.00
2013/05/29,9.22,9.68,9.22,9.56,40303524,531630720.00
2013/05/30,9.56,9.82,9.48,9.49,37521510,503458784.00
2013/05/31,9.46,9.59,9.32,9.33,29792051,389783648.00
2013/06/03,9.36,9.46,9.14,9.22,22045898,284712832.00
2013/06/04,9.22,9.35,9.11,9.34,27084480,347759808.00
2013/06/05,9.27,9.34,9.14,9.19,18289587,234255072.00
2013/06/06,9.14,9.21,8.96,8.96,21715390,273793664.00
2013/06/13,8.87,9.47,8.69,9.11,40504458,514989376.00
2013/06/14,9.06,9.50,9.03,9.46,33261256,429892960.00
2013/06/17,9.46,10.29,9.37,10.14,53793301,736894912.00
2013/06/18,9.98,10.11,9.80,9.95,33824809,467968864.00
2013/06/19,9.86,10.14,9.84,10.01,31038356,430370144.00
2013/06/20,10.02,10.14,9.06,9.15,47865776,638996864.00
2013/06/21,8.85,8.85,8.44,8.62,43303080,521552672.00
2013/06/24,8.72,8.98,7.98,8.23,38933991,461228768.00
2013/06/25,8.22,8.22,7.40,7.91,53275595,573288128.00
2013/06/26,7.90,8.19,7.72,8.19,34151860,381145696.00
2013/06/27,8.12,8.44,7.86,7.89,40183595,455971456.00
2013/06/28,7.78,8.09,7.52,7.90,30751538,334440416.00
2013/07/01,7.80,8.06,7.76,8.04,21135071,233985552.00
2013/07/02,8.14,8.36,8.09,8.19,27883135,318418816.00
2013/07/03,8.09,8.61,7.84,8.48,45699301,520613056.00
2013/07/04,8.31,8.83,8.29,8.59,42925355,512432256.00
2013/07/05,8.59,8.88,8.52,8.65,35972662,435703104.00
2013/07/08,8.53,8.54,7.97,7.98,30457869,349825824.00
2013/07/09,7.94,8.36,7.91,8.22,23405591,265877264.00
2013/07/10,8.19,8.53,8.08,8.49,24584286,285585216.00
2013/07/11,8.48,8.88,8.45,8.76,38247307,462976864.00
2013/07/12,8.93,9.06,8.71,8.71,36771500,452611968.00
2013/07/15,8.78,8.92,8.64,8.76,27449718,334217888.00
2013/07/16,8.81,9.04,8.71,9.01,38032489,470938304.00
2013/07/17,8.91,9.01,8.61,8.63,32917628,402960128.00
2013/07/18,8.59,8.81,8.56,8.70,20941246,253217536.00
2013/07/19,8.72,8.77,8.08,8.11,33408660,393429600.00
2013/07/22,8.12,8.28,8.09,8.23,16414596,186881696.00
2013/07/23,8.25,8.52,8.22,8.50,20634171,240931008.00
2013/07/24,8.48,8.52,8.14,8.40,23238722,268881984.00
2013/07/25,8.40,8.55,8.28,8.43,22428121,262980832.00
2013/07/26,8.43,8.60,8.35,8.38,17510079,178594720.00
2013/07/29,8.38,8.78,8.31,8.61,31831051,329438240.00
2013/07/30,8.64,8.69,8.13,8.48,22885915,232841312.00
2013/07/31,8.47,8.76,8.47,8.65,29789856,311746208.00
2013/08/01,8.75,8.83,8.66,8.78,33100856,349552128.00
2013/08/02,8.85,8.91,8.69,8.74,24357225,258014944.00
2013/08/05,8.69,8.75,8.58,8.74,17870883,186889424.00
2013/08/06,8.76,8.87,8.61,8.82,24709562,260832320.00
2013/08/07,8.91,9.19,8.75,8.80,43287287,468982432.00
2013/08/08,8.77,8.80,8.56,8.64,23202636,242693488.00
2013/08/09,8.65,8.76,8.47,8.59,19864196,206524592.00
2013/08/12,8.69,8.81,8.61,8.77,22339205,234805296.00
2013/08/13,8.76,8.94,8.74,8.81,23931908,254740224.00
2013/08/14,8.81,9.01,8.71,8.78,26354337,281938336.00
2013/08/15,8.72,8.76,8.52,8.53,22114845,229997360.00
2013/08/16,8.49,8.73,8.39,8.40,21954009,225671760.00
2013/08/19,8.37,8.53,8.31,8.48,11895366,121156312.00
2013/08/20,8.49,8.56,8.28,8.34,17477044,177422896.00
2013/08/21,8.41,8.52,8.37,8.48,15942375,162545184.00
2013/08/22,8.46,8.55,8.37,8.38,13504318,137520368.00
2013/08/23,8.44,8.46,8.18,8.36,19163607,192701728.00
2013/08/26,8.40,8.51,8.34,8.47,14415419,146827328.00
2013/08/27,8.51,8.68,8.46,8.61,22256948,230388592.00
2013/08/28,8.50,8.50,8.31,8.41,25316466,255949840.00
2013/08/29,8.38,8.54,8.35,8.39,17956015,182769200.00
2013/08/30,8.29,8.43,8.21,8.22,22432074,225025264.00
2013/09/02,8.26,8.27,7.90,8.01,21970085,212465104.00
2013/09/03,8.09,8.81,8.03,8.72,68671711,709154880.00
2013/09/04,8.78,8.78,8.51,8.56,36386618,377807008.00
2013/09/05,8.50,8.64,8.45,8.48,17976186,184567952.00
2013/09/06,8.51,8.70,8.44,8.54,22584205,233723232.00
2013/09/09,8.54,8.74,8.54,8.66,30195506,315371808.00
2013/09/10,8.66,8.75,8.58,8.71,24837225,259439088.00
2013/09/11,8.67,9.00,8.61,8.85,50463367,537285504.00
2013/09/12,8.77,8.82,8.60,8.61,27546761,289168768.00
2013/09/13,8.59,8.69,8.43,8.52,20465913,211137712.00
2013/09/16,8.46,8.57,8.46,8.49,14293826,146838000.00
2013/09/17,8.49,8.57,8.34,8.36,17570721,179282992.00
2013/09/18,8.33,8.45,8.33,8.42,10073401,101931112.00
2013/09/23,8.45,8.56,8.38,8.55,14983332,153322944.00
2013/09/24,8.63,8.74,8.51,8.56,21976964,228337648.00
2013/09/25,8.73,8.78,8.56,8.61,31258443,327191552.00
2013/09/26,8.66,8.69,8.29,8.30,20029419,203091360.00
2013/09/27,8.33,8.66,8.23,8.37,21491368,219510080.00
2013/09/30,8.45,8.72,8.41,8.54,19894239,206029120.00
2013/10/08,8.58,8.83,8.51,8.70,29622348,311003136.00
2013/10/09,8.71,9.01,8.66,8.95,46483058,497086944.00
2013/10/10,8.86,9.07,8.81,8.85,28755806,309215520.00
2013/10/11,8.89,8.99,8.77,8.88,29289441,313581760.00
2013/10/14,8.92,9.09,8.85,8.94,32894034,356669440.00
2013/10/15,9.08,9.08,8.80,8.85,32452902,350011744.00
2013/10/16,8.87,8.89,8.49,8.54,24797244,257532416.00
2013/10/17,8.57,8.70,8.51,8.55,15627494,161983456.00
2013/10/18,8.61,8.70,8.48,8.68,17605895,182332320.00
2013/10/21,8.69,8.95,8.63,8.86,29356466,310821728.00
2013/10/22,8.81,9.12,8.68,9.02,48411071,520663616.00
2013/10/23,8.96,9.11,8.67,8.74,32936739,353592128.00
2013/10/24,8.68,8.76,8.46,8.62,18916029,197041568.00
2013/10/25,8.61,8.69,8.23,8.35,25353541,257935616.00
2013/10/28,8.41,8.49,8.24,8.46,14178988,143083664.00
2013/10/29,8.46,8.51,7.87,8.02,27430606,270121120.00
2013/10/30,8.01,8.14,7.96,8.13,17308085,168302624.00
2013/10/31,8.13,8.35,8.08,8.17,15548037,154543872.00
2013/11/01,8.17,8.22,8.00,8.09,12984124,126605176.00
2013/11/04,8.11,8.16,8.05,8.09,7412524,72385664.00
2013/11/05,8.04,8.16,7.87,8.11,11768509,113766288.00
2013/11/06,8.10,8.16,7.96,7.99,14245275,138718960.00
2013/11/07,8.01,8.05,7.62,7.63,22269649,208860848.00
2013/11/08,7.61,7.61,7.40,7.42,13871402,125691048.00
2013/11/11,7.45,7.56,7.41,7.51,10333094,93333672.00
2013/11/12,7.51,7.56,7.45,7.53,10002192,90607912.00
2013/11/13,7.51,7.53,7.29,7.29,13211280,118593200.00
2013/11/14,7.25,7.49,7.22,7.46,13255084,118295216.00
2013/11/15,7.73,7.75,7.51,7.64,18382335,169352416.00
2013/11/18,7.66,7.82,7.64,7.80,20956623,195687936.00
2013/11/19,7.78,7.84,7.71,7.71,17417349,162910368.00
2013/11/20,7.79,7.79,7.66,7.75,10809524,100734704.00
2013/11/21,7.71,7.71,7.61,7.64,13880272,128005696.00
2013/11/22,7.64,8.02,7.64,7.96,35593765,339199296.00
2013/11/26,8.04,8.22,7.96,7.96,27591472,269334336.00
2013/11/27,8.00,8.04,7.86,8.01,16236177,156050288.00
2013/11/28,8.01,8.14,7.94,8.01,15001040,145908336.00
2013/11/29,8.04,8.16,7.98,8.11,13095695,127597144.00
2013/12/02,7.96,8.04,7.66,7.76,21360194,202623536.00
2013/12/03,7.71,7.86,7.67,7.81,10028796,94193776.00
2013/12/04,7.83,7.97,7.79,7.84,14762585,140726640.00
2013/12/05,7.90,7.98,7.86,7.91,12357103,118238808.00
2013/12/06,7.88,8.01,7.88,7.99,10792306,103738112.00
2013/12/09,7.97,8.03,7.91,7.98,10361221,99504832.00
2013/12/10,7.99,8.01,7.84,7.86,10668311,101822208.00
2013/12/11,7.83,7.85,7.49,7.58,17682498,162744208.00
2013/12/12,7.58,7.68,7.54,7.58,9803160,89972672.00
2013/12/13,7.53,7.61,7.50,7.55,8430726,76916024.00
2013/12/16,7.56,7.74,7.56,7.61,13116949,121155712.00
2013/12/17,7.60,7.64,7.38,7.54,9229784,83663264.00
2013/12/18,7.54,7.79,7.45,7.69,17201898,159327152.00
2013/12/19,7.78,7.86,7.66,7.68,13124027,122424904.00
2013/12/20,7.71,7.75,7.45,7.48,10901562,99593504.00
2013/12/23,7.51,7.54,7.34,7.50,7502848,67597784.00
2013/12/24,7.50,7.61,7.46,7.47,7712028,70095040.00
2013/12/25,7.46,7.58,7.41,7.56,8252297,74795264.00
2013/12/26,7.56,7.69,7.52,7.54,11110613,101902720.00
2013/12/27,7.51,7.66,7.49,7.63,9482508,87083568.00
2013/12/30,7.70,7.74,7.58,7.63,6401788,59052688.00
2013/12/31,7.71,8.01,7.67,7.83,24261872,230151952.00
2014/01/02,7.77,7.96,7.74,7.79,12408775,117521176.00
2014/01/03,7.81,7.81,7.52,7.58,13619989,125269168.00
2014/01/06,7.59,7.61,7.42,7.51,10914411,98641528.00
2014/01/07,7.46,7.56,7.46,7.50,5857129,53091856.00
2014/01/08,7.50,7.56,7.31,7.36,11224650,100559944.00
2014/01/09,7.36,7.42,7.14,7.20,10189214,90000560.00
2014/01/10,7.19,7.29,7.06,7.21,10336895,89893808.00
2014/01/13,7.17,7.28,7.12,7.26,8734407,75991688.00
2014/01/14,7.21,7.31,7.19,7.26,8056267,70546680.00
2014/01/15,7.29,7.48,7.25,7.42,10617174,94512872.00
2014/01/16,7.41,7.44,7.30,7.34,8654335,77068792.00
2014/01/17,7.34,7.36,7.14,7.18,8239439,71728504.00
2014/01/20,7.16,7.22,7.10,7.11,5170893,44642080.00
2014/01/21,7.11,7.24,7.11,7.16,4923304,42745724.00
2014/01/22,7.18,7.39,7.18,7.39,10470351,92607304.00
2014/01/23,7.36,7.55,7.32,7.42,13688616,123295296.00
2014/01/24,7.46,7.78,7.41,7.66,21653019,199468800.00
2014/01/27,7.61,7.73,7.54,7.69,13814970,127391776.00
2014/01/28,7.86,7.91,7.67,7.68,15970191,150281520.00
2014/01/29,7.73,7.88,7.66,7.83,18221847,171841536.00
2014/01/30,7.85,7.92,7.76,7.76,11327322,107146384.00
2014/02/07,7.71,7.94,7.66,7.93,16545334,156900560.00
2014/02/10,7.96,8.73,7.96,8.73,58180123,593280256.00
2014/02/11,8.89,9.02,8.53,8.79,61086810,645502144.00
2014/02/12,8.74,9.07,8.64,8.87,45519644,488216416.00
2014/02/13,8.79,9.51,8.74,9.01,66832493,739281856.00
2014/02/14,9.11,9.18,8.91,9.10,30422379,331881728.00
2014/02/17,9.21,9.33,9.02,9.10,43993487,485748544.00
2014/02/18,9.06,9.81,9.04,9.46,62863862,714776704.00
2014/02/19,9.39,9.62,9.22,9.31,37404126,423848896.00
2014/02/20,9.36,9.43,9.04,9.08,31933147,353275936.00
2014/02/21,9.06,9.31,8.91,9.10,25332890,278790528.00
2014/02/24,9.00,9.00,8.67,8.76,31641781,335619808.00
2014/02/25,8.80,8.93,8.31,8.41,37149299,388040480.00
2014/02/26,8.41,8.93,8.41,8.90,34762753,363666048.00
2014/02/27,8.86,9.33,8.75,8.77,47713220,522990848.00
2014/02/28,8.71,9.31,8.66,9.27,47689931,519476032.00
2014/03/03,9.49,9.75,9.17,9.28,54613439,621606400.00
2014/03/04,9.21,9.86,9.15,9.76,74037223,855911232.00
2014/03/05,9.70,9.76,9.32,9.38,47040084,537893248.00
2014/03/06,9.46,9.70,9.28,9.41,42921420,491938752.00
2014/03/07,9.42,9.56,9.25,9.31,35135668,398647552.00
2014/03/10,9.16,9.24,8.58,8.66,39801886,427159904.00
2014/03/11,8.66,8.83,8.57,8.75,29119260,305667712.00
2014/03/12,8.76,9.19,8.75,9.03,40540183,439224064.00
2014/03/13,8.96,9.01,8.81,8.94,21713299,233132720.00
2014/03/14,8.94,9.39,8.85,9.10,41784295,463501632.00
2014/03/17,9.10,9.44,8.98,9.34,33521816,374506560.00
2014/03/18,9.29,9.54,9.21,9.43,29008731,327801920.00
2014/03/19,9.36,9.57,9.25,9.32,31817281,360757760.00
2014/03/20,9.21,9.26,8.83,8.83,34163936,373780672.00
2014/03/21,8.78,9.16,8.72,9.09,22238366,240045952.00
2014/03/24,9.12,9.43,9.09,9.16,30268403,337351936.00
2014/03/25,9.08,9.28,8.96,9.09,22014083,241882608.00
2014/03/26,9.05,9.32,9.05,9.11,16467489,182434368.00
2014/03/27,9.08,9.14,8.88,8.94,17884036,193911616.00
2014/03/28,8.96,9.01,8.72,8.76,21649538,230327760.00
2014/03/31,8.86,8.91,8.66,8.74,10498739,111167112.00
2014/04/01,8.73,9.02,8.71,8.96,12550978,135325168.00
2014/04/02,9.11,9.21,8.83,8.86,15959867,173455312.00
2014/04/03,8.86,9.00,8.78,8.87,13048910,139955456.00
2014/04/04,8.89,8.91,8.82,8.88,9658347,103330088.00
2014/04/08,8.86,9.00,8.81,8.97,14468052,155902352.00
2014/04/09,9.01,9.17,8.97,9.17,23123286,253452944.00
2014/04/10,9.20,9.51,9.13,9.40,42428020,478500384.00
2014/04/11,9.32,9.41,9.21,9.29,20209282,226691552.00
2014/04/14,9.25,9.39,9.25,9.33,15207361,170757424.00
2014/04/15,9.32,9.51,9.22,9.25,24578971,277508544.00
2014/04/16,9.20,9.21,8.79,9.06,32371872,350953792.00
2014/04/17,8.96,9.16,8.96,8.99,14299804,156205840.00
2014/04/18,8.96,9.05,8.91,8.98,10696006,115757616.00
2014/04/21,8.98,9.49,8.96,9.29,46914121,525563840.00
2014/04/22,9.25,9.33,9.03,9.25,28189773,311316864.00
2014/04/23,9.26,9.52,9.21,9.29,46647077,529262816.00
2014/04/24,9.25,9.25,8.94,8.99,31405575,342736928.00
2014/04/25,9.01,9.04,8.47,8.56,35923267,375460384.00
2014/04/28,8.14,8.35,8.00,8.03,24524491,240518944.00
2014/04/29,8.06,8.25,8.06,8.20,12114646,119143992.00
2014/04/30,8.19,8.43,8.15,8.34,12291042,123651032.00
2014/05/05,8.35,8.46,8.30,8.41,10030725,101478424.00
2014/05/06,8.41,8.47,8.25,8.36,11778443,119082320.00
2014/05/07,8.37,8.53,8.35,8.37,11991422,121952272.00
2014/05/08,8.30,8.42,8.14,8.26,13440750,134581408.00
2014/05/09,8.30,8.36,8.20,8.26,7388854,73654024.00
2014/05/12,8.36,8.47,8.27,8.42,17246757,174786896.00
2014/05/13,8.41,8.46,8.28,8.36,13697935,138246624.00
2014/05/14,8.39,8.43,8.23,8.35,10108198,101586848.00
2014/05/15,8.43,8.45,8.09,8.10,12578232,125294744.00
2014/05/16,8.13,8.34,8.06,8.26,13991406,138793664.00
2014/05/19,8.21,8.33,8.16,8.25,8816819,87519552.00
2014/05/20,8.28,8.32,8.16,8.19,7346836,73055560.00
2014/05/21,8.13,8.27,8.12,8.23,5585380,55377372.00
2014/05/22,8.24,8.49,8.21,8.24,16493175,166161872.00
2014/05/23,8.25,8.39,8.18,8.32,10386287,103723008.00
2014/05/26,8.36,8.50,8.32,8.46,17226273,175212144.00
2014/05/27,8.46,8.53,8.37,8.46,13977022,142564528.00
2014/08/15,9.31,9.31,9.31,9.31,1262016,11774609.00
2014/08/18,10.24,10.24,10.24,10.24,2086507,21407562.00
2014/08/19,11.27,11.27,11.27,11.27,4765558,53803148.00
2014/08/20,12.28,12.40,12.01,12.40,77323009,953177280.00
2014/08/21,12.78,12.86,12.02,12.34,179940620,2231428864.00
2014/08/22,12.49,13.14,12.49,12.70,146901872,1885538304.00
2014/08/25,12.46,13.33,12.40,12.63,116219799,1495618048.00
2014/08/26,12.57,13.73,12.45,13.52,143714769,1877899648.00
2014/08/27,13.37,13.52,12.93,12.99,94510017,1249047936.00
2014/08/28,13.03,13.20,12.63,12.93,68659818,888409152.00
2014/08/29,12.83,13.27,12.76,13.05,58871210,769871040.00
2014/09/01,13.08,13.53,12.86,13.25,70469343,935813760.00
2014/09/02,13.35,13.35,12.93,13.15,74364998,973264384.00
2014/09/03,13.07,13.51,13.01,13.08,80730909,1070265664.00
2014/09/04,13.13,13.24,12.71,12.89,69168524,893113216.00
2014/09/05,12.83,13.78,12.80,13.44,117124129,1572339200.00
2014/09/09,13.49,14.79,13.46,14.79,166155989,2403432704.00
2014/09/10,14.79,14.94,14.41,14.55,107479653,1572048768.00
2014/09/11,14.83,15.17,14.14,14.34,100620540,1473860608.00
2014/09/12,14.28,14.77,14.19,14.47,51789679,751266496.00
2014/09/15,14.38,14.45,13.96,14.30,49947179,709676672.00
2014/09/16,14.30,14.32,13.21,13.26,106262690,1460444800.00
2014/09/17,13.32,13.49,12.93,13.24,49876097,661366592.00
2014/09/18,13.29,13.36,13.01,13.23,33037430,435872096.00
2014/09/19,13.23,13.48,13.18,13.38,31915831,426276512.00
2014/09/22,13.36,13.37,12.83,12.88,36673592,477259168.00
2014/09/23,12.90,13.14,12.88,13.05,27332466,356160672.00
2014/09/24,12.98,13.39,12.90,13.31,39416422,522208672.00
2014/09/25,13.40,13.48,13.19,13.21,38935952,520217984.00
2014/09/26,13.13,13.27,12.93,13.12,27267780,357343392.00
2014/09/29,13.13,13.46,13.11,13.30,31837332,423679680.00
2014/09/30,13.30,13.48,13.21,13.27,30119729,402275296.00
2014/10/08,13.35,13.92,13.29,13.89,56655227,774685888.00
2014/10/09,13.88,13.92,13.53,13.68,40538051,556481664.00
2014/10/10,13.76,13.87,13.43,13.48,36385440,496521952.00
2014/10/13,13.38,13.39,13.03,13.12,34511504,453644256.00
2014/10/14,13.08,13.40,13.01,13.20,32299011,428373600.00
2014/10/15,13.19,13.23,12.96,13.13,24222656,317687552.00
2014/10/16,13.03,13.26,12.97,12.98,26602697,349279552.00
2014/10/17,13.45,13.86,13.18,13.33,70296760,947110144.00
2014/10/20,13.43,13.45,13.10,13.30,29292509,387672064.00
2014/10/21,13.23,13.47,13.13,13.29,31225729,416398272.00
2014/10/22,13.23,13.35,12.93,13.06,27599370,362395008.00
2014/10/23,13.23,13.40,12.93,12.93,30472460,399927136.00
2014/10/24,12.78,12.92,12.49,12.50,32287604,410032000.00
2014/10/27,12.46,12.82,12.40,12.75,18761229,237293264.00
2014/10/28,12.75,13.04,12.66,13.04,30098324,387740704.00
2014/10/29,13.04,13.21,12.90,13.01,38201090,499004448.00
2014/10/30,13.01,13.19,12.92,12.94,30517624,398276864.00
2014/10/31,12.96,13.03,12.78,12.95,26335040,340783904.00
2014/11/03,12.95,13.11,12.83,13.00,24335268,316639104.00
2014/11/04,13.06,13.52,13.02,13.28,55319149,737443712.00
2014/11/05,13.28,13.55,13.18,13.24,36406133,487741824.00
2014/11/06,13.25,13.38,12.97,13.26,34682485,457705824.00
2014/11/07,13.25,13.26,12.91,12.98,30499410,400494240.00
2014/11/10,12.99,13.05,12.90,12.99,21213452,275429280.00
2014/11/11,12.98,13.22,12.39,12.42,44233463,567388672.00
2014/11/12,12.42,12.59,12.27,12.51,18423347,229930784.00
2014/11/13,12.51,12.56,12.08,12.14,29917648,365842976.00
2014/11/14,12.14,12.32,12.12,12.27,18002031,220478944.00
2014/11/17,12.31,12.34,12.09,12.16,18642852,228137200.00
2014/11/18,12.19,12.58,12.19,12.48,26292124,326500096.00
2014/11/19,12.43,12.65,12.38,12.45,20058832,251050400.00
2014/11/20,12.33,12.49,12.24,12.35,14567452,180448848.00
2014/11/21,12.45,12.47,12.27,12.35,19574909,242271520.00
2014/11/24,12.43,12.99,12.43,12.90,57966945,737793920.00
2014/11/25,13.05,13.13,12.88,13.00,39603830,515526624.00
2014/11/26,13.23,13.29,12.81,13.04,46343477,605020224.00
2014/11/27,13.08,13.23,12.91,13.09,42803431,559479360.00
2014/11/28,13.09,13.48,12.84,13.30,69590179,923649664.00
2014/12/01,13.30,13.30,12.90,12.98,38761079,507015904.00
2014/12/02,12.98,13.48,12.93,13.34,58472603,775771328.00
2014/12/03,13.38,13.96,13.28,13.92,104185864,1421052288.00
2014/12/04,13.83,14.18,13.66,13.93,83611516,1163803520.00
2014/12/05,14.13,14.28,13.21,13.33,69843156,955248128.00
2014/12/08,13.33,13.48,13.01,13.30,58041270,772086592.00
2014/12/09,13.36,13.98,12.96,13.00,85369742,1161770368.00
2014/12/10,13.08,13.77,13.08,13.64,55920041,757642752.00
2014/12/11,13.57,13.93,13.44,13.68,47626264,652727040.00
2014/12/12,13.74,14.22,13.58,14.13,72251313,1012270016.00
2014/12/15,14.49,15.11,14.31,14.63,109329024,1609499648.00
2014/12/16,14.53,14.56,14.23,14.30,56002806,804437312.00
2014/12/17,14.31,14.55,13.71,13.82,56430004,795706944.00
2014/12/18,13.82,14.13,13.78,13.82,33488491,467991520.00
2014/12/19,13.70,13.81,13.03,13.35,52955035,707769088.00
2014/12/22,13.27,13.27,12.24,12.58,48942120,619985216.00
2014/12/23,12.55,12.92,12.35,12.49,24067709,305643616.00
2014/12/24,12.56,12.80,12.53,12.76,22747048,288058336.00
2014/12/25,12.78,12.97,12.73,12.88,25230222,324067456.00
2014/12/26,12.87,12.94,12.61,12.93,28370059,364045024.00
2015/01/07,13.86,14.19,13.31,13.31,72803739,997404608.00
2015/01/08,13.31,13.64,13.29,13.33,40941321,550908992.00
2015/01/09,13.28,13.30,12.94,12.96,42551847,558643456.00
2015/01/12,12.86,12.92,12.61,12.78,23011898,293727456.00
2015/01/13,12.78,13.53,12.78,13.20,33986523,449479552.00
2015/01/14,13.20,13.34,13.03,13.14,23279867,307554368.00
2015/01/15,13.10,13.23,12.98,13.18,25357512,332026336.00
2015/01/16,13.22,13.36,13.11,13.24,26686558,353732256.00
2015/01/19,12.84,13.04,12.08,12.47,44337468,561132672.00
2015/01/20,12.59,13.05,12.48,13.00,44360680,566935104.00
2015/01/21,12.91,13.26,12.85,13.17,38018732,497160960.00
2015/01/22,13.15,13.64,13.09,13.40,49577911,665054464.00
2015/01/23,13.40,13.58,13.13,13.18,29144954,388170880.00
2015/01/26,13.23,13.46,13.11,13.39,32442060,432119968.00
2015/01/27,13.48,13.58,13.20,13.44,41646014,559565696.00
2015/01/28,13.47,13.73,13.34,13.46,44147923,598224512.00
2015/01/29,13.44,13.67,13.25,13.55,40875881,552345600.00
2015/01/30,13.56,13.66,13.03,13.05,44153358,587961408.00
2015/02/02,12.94,13.03,12.73,12.80,27408378,352726208.00
2015/02/03,12.96,13.16,12.91,13.08,26227096,342964320.00
2015/02/04,13.14,13.41,13.00,13.18,31330185,414438368.00
2015/02/05,13.47,13.48,12.85,12.90,29307285,386074368.00
2015/02/06,12.83,12.90,12.48,12.88,30766770,391465312.00
2015/02/09,12.83,12.93,12.63,12.65,15410832,197334976.00
2015/02/10,12.65,13.01,12.63,12.86,22285923,287333632.00
2015/02/11,12.93,13.06,12.78,12.78,14441850,186847120.00
2015/02/12,12.91,13.02,12.82,12.83,21351947,276251968.00
2015/02/13,12.88,13.26,12.88,13.13,37625836,493552448.00
2015/02/16,13.26,14.45,13.18,14.45,81801802,1146560000.00
2015/02/17,14.97,15.28,14.56,14.89,136214659,2031786368.00
2015/02/25,14.98,15.78,14.83,15.26,113452255,1743416832.00
2015/02/26,15.16,15.33,14.82,14.92,65393881,983742528.00
2015/02/27,14.87,15.31,14.86,15.14,60059974,909013696.00
2015/03/02,15.30,15.64,15.14,15.44,82659555,1270445696.00
2015/03/03,15.44,15.60,14.79,14.82,76010511,1152137600.00
2015/03/04,14.78,15.46,14.78,15.24,66071401,1001477440.00
2015/03/05,15.30,15.88,15.27,15.59,82168909,1281818112.00
2015/03/06,15.79,15.85,15.03,15.10,53117850,815583040.00
2015/03/09,15.03,15.33,14.78,15.13,43946442,664500672.00
2015/03/10,15.17,16.64,15.16,16.09,96467043,1548346880.00
2015/03/11,16.14,16.28,15.78,15.86,54393351,870176640.00
2015/03/12,15.95,16.08,15.46,15.61,39834315,626896064.00
2015/03/13,15.83,16.06,15.54,15.86,40205010,635284480.00
2015/03/16,15.91,16.36,15.82,16.18,57029084,918060096.00
2015/03/17,16.18,17.14,15.88,16.72,90776317,1485011456.00
2015/03/18,16.49,16.69,16.39,16.59,55244628,916457024.00
2015/03/19,16.59,16.93,16.40,16.59,54666148,911457280.00
2015/03/20,16.56,16.74,16.16,16.59,60351777,991283904.00
2015/03/23,16.64,16.81,16.38,16.59,78895908,1314814080.00
2015/03/24,16.66,16.83,15.98,16.56,82877243,1364801792.00
2015/03/25,16.46,16.46,16.07,16.19,53009189,862158848.00
2015/03/26,16.16,16.56,15.88,16.17,48874343,793741184.00
2015/03/27,16.24,16.52,16.00,16.47,42522154,694220160.00
2015/03/30,16.81,16.86,16.43,16.63,65458815,1091436160.00
2015/03/31,16.81,17.02,16.49,16.68,68189311,1145734016.00
2015/04/01,16.97,18.21,16.93,17.71,103332590,1820654592.00
2015/04/02,17.83,17.96,17.31,17.57,58385887,1029118464.00
2015/04/03,17.45,18.35,17.36,18.16,81372838,1455852800.00
2015/04/07,18.28,18.88,17.98,18.25,77852594,1429480704.00
2015/04/08,18.23,18.37,17.50,17.93,68237510,1228376704.00
2015/04/09,18.75,18.88,17.58,18.29,72662001,1332401536.00
2015/04/10,18.70,19.27,18.48,18.76,74504605,1407593984.00
2015/04/13,19.08,19.27,18.59,18.74,63291319,1198922624.00
2015/04/14,18.64,18.97,18.27,18.45,56590373,1049358848.00
2015/04/15,18.58,18.90,17.74,18.18,67199124,1237010816.00
2015/04/16,17.97,18.46,17.78,18.18,50047430,911338112.00
2015/04/17,18.19,18.77,18.10,18.59,81225432,1492754176.00
2015/04/20,18.47,18.56,17.78,17.87,86785528,1583480576.00
2015/04/21,17.89,18.32,17.89,18.27,51371878,933157824.00
2015/04/22,18.47,19.21,18.31,19.01,79109573,1496885504.00
2015/04/23,19.02,20.91,19.02,20.91,127921930,2598950912.00
2015/04/24,20.98,21.66,20.57,21.07,95932529,2020948736.00
2015/04/27,21.16,21.36,20.08,20.48,86323005,1784194048.00
2015/04/28,20.72,20.73,19.56,19.91,67213474,1348090752.00
2015/04/29,20.13,21.84,19.83,21.05,84151632,1750251648.00
2015/04/30,21.10,22.86,21.10,22.36,101607408,2224862208.00
2015/05/04,22.36,22.65,21.57,22.35,57245017,1260482432.00
2015/05/05,22.78,22.78,21.09,21.78,60387891,1332805248.00
2015/05/06,21.81,22.96,21.48,22.08,62035037,1386551808.00
2015/05/07,21.86,22.02,19.87,19.87,92372852,1887314304.00
2015/05/08,19.78,20.08,19.09,19.75,77755684,1517705344.00
2015/05/11,20.03,20.64,19.68,20.34,67727944,1373472896.00
2015/05/12,20.54,21.27,20.21,20.42,70980454,1469734144.00
2015/05/13,20.48,20.87,20.02,20.53,61468685,1261758464.00
2015/05/14,20.34,20.43,19.44,19.78,88150593,1744175360.00
2015/05/15,19.88,19.93,19.10,19.25,47156904,915467648.00
2015/05/18,19.18,19.76,18.98,19.53,55924114,1085272192.00
2015/05/19,19.66,20.33,19.38,20.22,57937549,1157910528.00
2015/05/20,20.38,20.85,19.89,20.04,62086271,1272444928.00
2015/05/21,20.04,20.57,19.95,20.28,53687858,1088024192.00
2015/05/22,20.34,21.08,20.34,20.84,80224397,1673869184.00
2015/05/25,20.85,21.76,20.85,21.47,94107049,2005978368.00
2015/05/26,21.59,22.07,21.00,21.83,101579823,2186972928.00
2015/05/27,22.07,23.88,21.27,23.46,130225358,2927019264.00
2015/05/28,22.98,23.66,21.11,21.11,108786259,2453053440.00
2015/05/29,20.88,21.30,19.56,20.20,81022733,1655432704.00
2015/06/01,19.99,21.09,19.97,20.98,78422111,1615670528.00
2015/06/02,20.99,22.07,20.83,21.88,78355792,1686522752.00
2015/06/03,21.93,22.87,21.50,22.07,82782766,1839866240.00
2015/06/04,22.23,22.83,20.11,22.21,84802757,1852118912.00
2015/06/05,22.86,22.96,21.69,22.48,101228633,2279459584.00
2015/06/08,22.41,22.41,21.31,22.06,90225584,1982305920.00
2015/06/09,22.23,22.75,21.89,22.66,102048238,2284396288.00
2015/06/10,22.47,22.65,22.01,22.34,77005674,1724402432.00
2015/06/11,22.28,23.17,22.08,22.78,97497788,2221844224.00
2015/06/12,22.93,24.30,22.61,23.88,131971820,3097776640.00
2015/06/15,24.09,24.92,23.48,23.48,117048126,2846725888.00
2015/06/16,23.28,23.28,21.92,22.32,82219345,1853423488.00
2015/06/17,22.34,22.76,21.50,22.54,56991446,1270781184.00
2015/06/18,22.29,22.71,21.64,21.66,56643156,1261008640.00
2015/06/19,21.68,21.68,19.49,19.49,58988301,1214626944.00
2015/06/23,19.73,20.19,18.09,19.73,56945907,1102595840.00
2015/06/24,19.90,20.13,19.19,19.91,59323156,1173516928.00
2015/06/25,19.98,19.98,18.48,18.68,55676158,1079999488.00
2015/06/26,18.08,18.09,16.81,16.81,61676376,1061702912.00
2015/06/29,16.99,17.18,15.13,15.13,78691223,1235994112.00
2015/06/30,14.48,16.48,13.62,16.29,100513783,1488940928.00
2015/07/01,15.78,16.31,14.66,14.66,77302123,1206912128.00
2015/07/02,14.44,14.64,13.19,13.19,79205859,1080258816.00
2015/07/03,12.49,13.19,11.87,11.87,86802082,1053404160.00
2015/07/06,12.97,12.97,10.68,10.68,102587228,1168468224.00
2015/08/18,11.75,11.75,11.75,11.75,4317991,50736396.00
2015/08/19,12.93,12.93,12.93,12.93,2998366,38768872.00
2015/08/20,14.22,14.22,14.22,14.22,6486826,92242664.00
2015/08/21,14.09,14.57,13.30,13.67,189333918,2636585472.00
2015/08/24,12.90,12.99,12.30,12.30,65084421,807674432.00
2015/08/25,11.07,11.30,11.07,11.07,60106928,666325056.00
2015/08/26,11.05,11.18,9.96,9.96,126535451,1330935424.00
2015/08/27,10.18,10.60,9.28,10.23,107224987,1080113280.00
2015/08/28,10.35,11.25,10.20,11.25,119183740,1273341440.00
2015/08/31,11.25,11.80,11.03,11.05,123277392,1406086144.00
2015/09/01,10.90,10.90,9.95,9.95,90309071,925323712.00
2015/09/02,9.20,10.20,9.03,9.80,96708232,934755712.00
2015/09/07,9.95,10.52,9.89,9.99,66307760,676990848.00
2015/09/08,9.99,10.69,9.80,10.43,65064386,664488832.00
2015/09/09,10.59,11.47,10.44,11.47,113102952,1243230592.00
2015/09/10,11.20,11.36,10.81,10.90,84855321,944083392.00
2015/09/11,10.92,11.23,10.78,11.09,66586101,734026816.00
2015/09/14,11.16,11.16,9.98,9.98,68343648,711284480.00
2015/09/15,9.49,9.77,8.98,9.01,73830796,686411776.00
2015/09/16,9.20,9.91,9.10,9.91,61560798,582818176.00
2015/09/17,9.91,10.54,9.80,9.91,81796088,834209344.00
2015/09/18,10.08,10.28,9.88,10.20,51712043,522447296.00
2015/09/21,9.96,10.58,9.90,10.53,58843877,605711424.00
2015/09/22,10.67,10.85,10.42,10.55,71914129,764496064.00
2015/09/23,10.35,11.05,10.24,10.53,83693222,894615680.00
2015/09/24,10.67,11.01,10.55,11.00,73310875,790791936.00
2015/09/25,11.15,11.48,10.68,10.88,110320099,1228604672.00
2015/09/28,10.99,11.16,10.70,11.07,65024695,715936768.00
2015/09/29,10.76,10.90,10.42,10.49,60202538,639650112.00
2015/09/30,10.70,10.76,10.43,10.59,33941969,359822112.00
2015/10/08,11.04,11.39,10.91,11.12,78045373,873163264.00
2015/10/09,11.17,11.47,11.08,11.28,67607063,763181184.00
2015/10/12,11.49,12.20,11.46,11.91,97315531,1149166080.00
2015/10/13,11.79,12.04,11.71,11.96,69235048,822769728.00
2015/10/14,12.06,12.57,11.80,12.20,119975357,1467147008.00
2015/10/15,12.20,13.42,12.18,13.33,158599215,2048946304.00
2015/10/16,13.33,13.45,12.92,13.36,139791688,1844690560.00
2015/10/19,13.78,14.48,13.60,13.90,157013543,2201008128.00
2015/10/20,13.99,14.31,13.71,14.06,98009707,1371556096.00
2015/10/21,14.20,14.69,12.69,12.90,158535211,2183574784.00
2015/10/22,13.15,14.19,13.12,14.19,204897186,2867102464.00
2015/10/23,14.35,15.61,14.17,15.61,223743662,3339240960.00
2015/10/26,16.30,17.09,15.61,15.94,253394729,4100916480.00
2015/10/27,15.54,17.53,15.04,17.52,234586491,3822457088.00
2015/10/28,17.00,17.18,15.88,16.00,183094281,3039707392.00
2015/10/29,16.40,16.67,15.53,16.06,138241795,2234659072.00
2015/10/30,16.28,16.75,15.90,16.00,137839896,2256971264.00
2015/11/02,15.14,16.47,14.69,15.67,134918390,2101865984.00
2015/11/03,15.71,15.87,14.88,15.05,99451622,1520736256.00
2015/11/04,15.19,16.20,15.13,16.03,119947495,1884623744.00
2015/11/05,16.09,17.27,15.72,16.49,188594090,3105576704.00
2015/11/06,16.52,17.10,16.31,16.63,134021525,2242475776.00
2015/11/09,16.47,16.96,15.92,16.50,137764092,2269860864.00
2015/11/10,16.55,18.08,16.30,17.09,196263400,3372260864.00
2015/11/11,17.25,18.66,17.20,18.23,191378988,3436731136.00
2015/11/12,18.18,18.53,17.60,18.00,143081356,2579225088.00
2015/11/13,17.98,18.96,17.14,18.32,188364801,3407214848.00
2015/11/16,17.71,19.30,17.70,18.86,119418352,2224503040.00
2015/11/17,19.10,19.30,18.08,18.13,138471176,2584853760.00
2015/11/18,18.06,18.27,17.20,17.25,102728541,1821160576.00
2015/11/19,17.31,18.14,17.20,17.96,78253043,1379443712.00
2015/11/20,17.94,17.96,17.51,17.71,72378238,1285692416.00
2015/11/23,17.70,18.85,17.39,18.14,108231241,1963025792.00
2015/11/24,18.31,18.34,17.59,18.13,60911426,1095335296.00
2015/11/25,18.26,18.79,18.23,18.41,84851406,1572881280.00
2015/11/26,18.90,20.20,18.90,19.12,152058728,2962371584.00
2015/11/27,18.60,19.63,17.96,18.18,163740711,3074720768.00
2015/11/30,18.41,20.00,18.19,20.00,223698345,4327275520.00
2015/12/01,20.00,20.49,19.01,19.31,182190817,3607604224.00
2015/12/02,18.99,19.03,17.69,18.25,118621715,2174686976.00
2015/12/03,18.20,18.87,18.11,18.68,74582774,1392319616.00
2015/12/04,18.55,18.92,18.10,18.37,74518003,1379924864.00
2015/12/07,18.63,18.70,18.03,18.45,69855073,1284720128.00
2015/12/08,18.30,18.30,17.20,17.27,101563741,1791145472.00
2015/12/09,17.07,17.60,16.85,17.35,67805176,1169382144.00
2015/12/10,17.36,17.40,16.95,17.00,52347821,897854848.00
2015/12/11,17.06,17.20,16.71,16.91,45141376,765760512.00
2015/12/14,17.00,17.50,16.95,17.46,51291257,888341696.00
2015/12/15,17.48,18.64,17.32,18.09,86980023,1569680640.00
2015/12/16,17.87,18.33,17.81,17.98,58241827,1053502272.00
2015/12/17,18.09,18.45,18.03,18.19,73094331,1333337216.00
2015/12/18,18.50,18.50,17.88,17.98,62119525,1125887232.00
2015/12/21,19.00,19.18,18.20,18.27,82942540,1541384704.00
2015/12/22,18.28,18.46,17.90,18.34,63410936,1151708928.00
2015/12/23,18.28,18.30,17.90,17.92,59103220,1069261312.00
2015/12/24,17.93,19.48,17.93,18.86,146696050,2747687424.00
2015/12/25,18.90,19.07,18.56,18.76,79701446,1497951872.00
2015/12/28,18.83,18.90,17.93,17.98,87275451,1608619008.00
2015/12/29,17.96,18.80,17.83,18.67,75085244,1376702464.00
2015/12/30,18.70,18.84,18.27,18.53,62816562,1165822464.00
2015/12/31,18.53,18.61,17.91,17.96,49326819,899558592.00
2016/01/04,17.96,17.96,16.16,16.16,67253195,1130234880.00
2016/01/05,14.90,16.03,14.81,15.40,71973931,1108860416.00
2016/01/06,15.69,16.09,15.50,15.96,52472588,829953856.00
2016/01/07,15.50,15.50,14.36,14.36,17475600,259899408.00
2016/01/08,14.77,14.99,13.34,14.50,63239160,914218240.00
2016/01/11,13.96,14.20,13.05,13.05,74318465,1001228416.00
2016/01/12,13.00,13.35,12.61,13.05,68544558,891195008.00
2016/01/13,13.09,13.35,12.63,12.65,53757694,704040576.00
2016/01/14,12.08,13.28,12.08,13.20,63525704,807018304.00
2016/01/15,13.01,13.22,12.08,12.28,55018806,701271424.00
2016/01/18,11.79,12.80,11.72,12.55,54689858,679569600.00
2016/01/19,12.51,13.28,12.49,13.22,66023319,856622272.00
2016/01/20,13.10,13.55,12.88,13.14,77372783,1021387264.00
2016/01/21,12.84,13.24,12.30,12.35,58857945,756134912.00
2016/01/22,12.59,12.78,12.20,12.71,46043505,577335808.00
2016/01/25,12.90,12.96,12.60,12.74,38534365,493412160.00
2016/01/26,12.50,12.55,11.47,11.47,59134070,707808000.00
2016/01/27,11.41,11.55,10.40,11.10,70797320,774408832.00
2016/01/28,11.19,11.68,10.80,10.87,68333825,769876096.00
2016/01/29,10.85,11.96,10.85,11.85,85749242,988202816.00
2016/02/01,11.79,12.04,11.42,11.80,69367990,817874176.00
2016/02/02,11.78,12.47,11.64,12.20,65911351,800571648.00
2016/02/03,11.95,12.30,11.71,12.25,56311699,674663232.00
2016/02/04,12.28,12.50,12.21,12.36,58771308,725956736.00
2016/02/05,12.42,12.42,11.95,11.98,43260572,525498400.00
2016/02/15,11.45,12.18,11.40,12.03,42705533,502000096.00
2016/02/16,12.10,12.85,12.09,12.71,71238375,894300224.00
2016/02/17,12.69,12.97,12.55,12.85,69175496,881764224.00
2016/02/18,12.99,13.60,12.78,12.96,88410934,1165425024.00
2016/02/19,12.85,13.11,12.79,12.94,52938469,685056128.00
2016/02/22,13.22,13.47,13.08,13.30,68096295,902126848.00
2016/02/23,13.25,13.39,12.89,13.16,54282639,714207296.00
2016/02/24,13.10,13.22,12.64,13.20,50510764,655963584.00
2016/02/25,13.27,13.40,11.88,11.93,88923542,1133761920.00
2016/02/26,12.06,12.40,11.90,12.18,58088162,704985344.00
2016/02/29,11.98,12.00,10.96,10.98,66447882,743555328.00
2016/03/01,11.10,11.50,10.84,11.38,49883937,559289536.00
2016/03/02,11.35,12.20,11.25,12.13,69854494,819709312.00
2016/03/03,12.00,12.99,11.90,12.25,92448681,1152344192.00
2016/03/04,12.10,12.39,11.71,11.98,63774930,768728960.00
2016/03/07,12.10,12.68,12.10,12.66,69166684,859038336.00
2016/03/08,12.50,12.58,11.90,12.56,60012848,738325696.00
2016/03/09,12.12,12.33,11.91,11.99,43569923,527500032.00
数据来源:通达信
