000100 TCL 集团 日线 前复权
      日期	    开盘	    最高	    最低	    收盘	    成交量	    成交额
2011/01/04,1.49,1.51,1.48,1.51,18333212,63286120.00
2011/01/05,1.51,1.51,1.48,1.49,16969986,58492428.00
2011/01/06,1.49,1.66,1.49,1.56,84879998,307522464.00
2011/01/07,1.54,1.60,1.52,1.57,47747192,171087184.00
2011/01/10,1.56,1.64,1.55,1.61,48175499,177179376.00
2011/01/11,1.60,1.64,1.58,1.62,35765325,131413464.00
2011/01/12,1.62,1.63,1.59,1.62,27694789,101937744.00
2011/01/13,1.62,1.62,1.59,1.61,25752126,94073400.00
2011/01/14,1.60,1.62,1.59,1.60,19363310,70834256.00
2011/01/17,1.59,1.61,1.56,1.56,24702446,89479536.00
2011/01/18,1.55,1.64,1.55,1.64,34435797,125459072.00
2011/01/19,1.63,1.69,1.62,1.67,51056318,193126672.00
2011/01/20,1.65,1.67,1.59,1.59,28025264,104111456.00
2011/01/21,1.59,1.67,1.58,1.66,39464216,146445632.00
2011/01/24,1.66,1.80,1.65,1.77,113497515,449257120.00
2011/01/31,1.72,1.78,1.70,1.76,46865809,184729824.00
2011/02/01,1.74,1.78,1.73,1.75,23477084,93161040.00
2011/02/09,1.74,1.79,1.72,1.77,33326878,133068384.00
2011/02/10,1.76,1.78,1.74,1.78,36387474,145432992.00
2011/02/11,1.78,1.78,1.73,1.74,40423122,160447968.00
2011/02/14,1.74,1.82,1.73,1.80,84050173,337588128.00
2011/02/15,1.81,1.85,1.80,1.80,72655116,298024768.00
2011/02/16,1.80,1.96,1.80,1.95,164192249,692381568.00
2011/02/17,1.91,1.94,1.87,1.89,105198287,445744160.00
2011/02/18,1.88,1.90,1.83,1.85,50879192,211719456.00
2011/02/21,1.85,1.99,1.83,1.98,110093371,477155616.00
2011/02/22,1.98,2.04,1.93,1.96,88459574,389599072.00
2011/02/23,1.95,2.02,1.94,2.01,60657396,266962784.00
2011/02/24,2.02,2.02,1.92,1.96,54244434,237818224.00
2011/02/28,2.05,2.18,2.01,2.18,264530120,1245861376.00
2011/03/01,2.19,2.21,2.11,2.14,185264224,882347648.00
2011/03/02,2.12,2.13,2.06,2.13,101863525,472655712.00
2011/03/03,2.12,2.13,2.03,2.05,76308214,352378912.00
2011/03/04,2.06,2.11,2.05,2.10,55424300,256039392.00
2011/03/07,2.11,2.13,2.07,2.09,67859582,315007296.00
2011/03/08,2.09,2.11,2.07,2.08,46352968,214954656.00
2011/03/09,2.08,2.13,2.08,2.11,68088163,317846368.00
2011/03/10,2.11,2.11,2.04,2.05,82705917,378744704.00
2011/03/11,2.03,2.17,2.02,2.10,107221834,498680864.00
2011/03/15,2.04,2.07,1.96,2.00,105902274,473203840.00
2011/03/16,1.98,2.16,1.98,2.09,127673992,592416192.00
2011/03/17,2.05,2.06,2.00,2.02,68654717,309336128.00
2011/03/18,2.04,2.06,2.02,2.05,36834157,166546480.00
2011/03/21,2.04,2.08,2.03,2.04,32226742,146853568.00
2011/03/22,2.05,2.05,2.00,2.02,31224030,140323024.00
2011/03/23,2.01,2.04,2.00,2.03,30506856,137010864.00
2011/03/24,2.03,2.03,2.00,2.01,30473496,136500128.00
2011/03/28,2.03,2.07,2.02,2.02,42935015,194522512.00
2011/03/29,2.02,2.08,2.01,2.06,64478897,294248960.00
2011/03/30,2.06,2.14,2.06,2.10,72967402,340928416.00
2011/03/31,2.09,2.09,1.93,1.97,159995364,709979520.00
2011/04/01,1.98,2.00,1.93,1.96,72507702,315896704.00
2011/04/06,1.98,1.99,1.93,1.95,58777177,255955648.00
2011/04/07,1.95,1.98,1.93,1.98,53549889,233949936.00
2011/04/08,1.97,2.00,1.96,1.98,39890029,176085504.00
2011/04/11,2.00,2.04,1.99,2.01,47967118,214915664.00
2011/04/12,2.01,2.15,2.01,2.10,125019424,579607424.00
2011/04/13,2.12,2.22,2.10,2.19,130855994,627455360.00
2011/04/14,2.20,2.42,2.19,2.34,212611008,1084283904.00
2011/04/18,2.39,2.44,2.34,2.39,155927916,815535680.00
2011/04/19,2.36,2.65,2.35,2.59,391835145,2186707200.00
2011/04/20,2.57,2.61,2.47,2.50,212780803,1168355328.00
2011/04/21,2.52,2.70,2.49,2.67,150980401,856525760.00
2011/04/25,2.72,2.96,2.67,2.87,465899398,2921061888.00
2011/04/26,2.76,2.79,2.56,2.56,286359331,1661057920.00
2011/04/27,2.55,2.76,2.55,2.67,220311604,1267698048.00
2011/04/28,2.67,2.75,2.54,2.63,153099421,881368064.00
2011/04/29,2.62,2.68,2.51,2.60,128192449,721112128.00
2011/05/06,2.71,2.89,2.65,2.89,346289877,2120053504.00
2011/05/09,2.93,2.97,2.84,2.91,262657303,1646702848.00
2011/05/10,2.88,2.93,2.81,2.93,178111196,1101822592.00
2011/05/11,2.91,3.12,2.86,3.02,270202832,1751926016.00
2011/05/12,2.98,3.04,2.86,2.88,179767578,1147130496.00
2011/05/16,3.02,3.11,2.95,3.01,220893466,1438735872.00
2011/05/17,2.97,3.20,2.94,3.13,234271947,1546893568.00
2011/05/18,3.11,3.12,2.97,3.00,190069123,1238425472.00
2011/05/19,3.02,3.17,2.99,3.04,460063037,1522260736.00
2011/05/20,3.03,3.03,2.90,2.97,293136971,931710720.00
2011/05/23,2.94,2.95,2.77,2.78,309139859,945476736.00
2011/05/24,2.67,2.68,2.49,2.65,361934746,1026827328.00
2011/05/25,2.60,2.77,2.54,2.67,278404227,808845056.00
2011/05/26,2.67,2.71,2.53,2.54,245024195,693097920.00
2011/05/27,2.50,2.51,2.37,2.38,267499625,708531968.00
2011/05/30,2.36,2.44,2.34,2.38,159802864,420520736.00
2011/05/31,2.39,2.49,2.34,2.48,226381304,601607872.00
2011/06/01,2.46,2.48,2.42,2.45,155473017,415800480.00
2011/06/02,2.41,2.47,2.36,2.43,172882802,456760544.00
2011/06/03,2.44,2.49,2.42,2.45,156118114,419398752.00
2011/06/07,2.43,2.50,2.40,2.49,201112404,538855424.00
2011/06/08,2.47,2.76,2.44,2.76,414126008,1182652416.00
2011/06/09,2.77,2.94,2.73,2.94,461705672,1405963776.00
2011/06/10,2.74,2.92,2.69,2.80,413821807,1253941760.00
2011/06/13,2.75,2.87,2.65,2.82,262679710,784646976.00
2011/06/14,2.78,2.95,2.77,2.85,308244641,955102976.00
2011/06/15,2.82,2.90,2.80,2.81,207051117,635305664.00
2011/06/16,2.78,2.83,2.70,2.73,174532084,521931328.00
2011/06/17,2.73,2.79,2.66,2.66,163149295,481108544.00
2011/06/21,2.65,2.70,2.55,2.67,177056882,506291552.00
2011/06/22,2.67,2.72,2.61,2.67,138013537,398914464.00
2011/06/23,2.65,2.72,2.60,2.69,160672173,465171296.00
2011/06/24,2.67,2.79,2.66,2.75,241693531,716509632.00
2011/06/27,2.81,2.84,2.74,2.78,194271841,584368704.00
2011/06/28,2.78,2.85,2.74,2.83,262724359,799726144.00
2011/06/29,2.81,2.82,2.73,2.74,195957563,587745856.00
2011/06/30,2.73,2.79,2.72,2.76,125359274,374909632.00
2011/07/01,2.76,2.77,2.73,2.74,123797824,368388448.00
2011/07/04,2.74,2.85,2.73,2.82,339438687,1024467328.00
2011/07/05,2.80,2.81,2.75,2.77,262393590,787154560.00
2011/07/06,2.76,2.83,2.73,2.79,255294991,768654208.00
2011/07/07,2.77,2.81,2.74,2.74,202301025,605263424.00
2011/07/08,2.77,2.80,2.75,2.77,166906901,502142432.00
2011/07/11,2.76,2.77,2.73,2.75,125376626,373216512.00
2011/07/12,2.74,2.74,2.67,2.68,159157686,466600800.00
2011/07/13,2.67,2.71,2.66,2.70,121829873,355215424.00
2011/07/15,2.73,2.76,2.70,2.71,138654292,409820736.00
2011/07/18,2.71,2.72,2.66,2.68,144726422,420762368.00
2011/07/19,2.66,2.67,2.59,2.61,137703264,392038400.00
2011/07/20,2.63,2.64,2.57,2.61,83183008,235363776.00
2011/07/21,2.61,2.61,2.56,2.56,70552923,197910192.00
2011/07/22,2.57,2.58,2.55,2.57,61405573,171679808.00
2011/07/25,2.56,2.56,2.44,2.44,120509578,326515296.00
2011/07/26,2.43,2.66,2.41,2.62,163221878,453054016.00
2011/07/27,2.59,2.60,2.54,2.57,111570950,312356928.00
2011/07/28,2.54,2.54,2.48,2.49,90364827,246488480.00
2011/07/29,2.49,2.51,2.45,2.47,71145670,192317696.00
2011/08/01,2.46,2.47,2.37,2.44,79982446,213244608.00
2011/08/02,2.44,2.55,2.40,2.47,108604222,292986688.00
2011/08/03,2.43,2.45,2.40,2.42,155144266,411617792.00
2011/08/04,2.42,2.42,2.36,2.38,229246320,598737920.00
2011/08/05,2.31,2.31,2.25,2.28,147748323,372113568.00
2011/08/08,2.25,2.30,2.04,2.14,176198901,427777600.00
2011/08/09,2.07,2.15,2.01,2.13,173601905,404768192.00
2011/08/10,2.18,2.21,2.11,2.12,183827699,438307456.00
2011/08/11,2.12,2.18,2.08,2.17,240389321,569165440.00
2011/08/12,2.18,2.35,2.18,2.24,420254260,1049505344.00
2011/08/15,2.26,2.29,2.20,2.27,353275621,872944064.00
2011/08/16,2.26,2.26,2.21,2.23,149423918,368054304.00
2011/08/17,2.22,2.26,2.18,2.23,157880617,386174432.00
2011/08/18,2.22,2.22,2.14,2.15,152744748,367760768.00
2011/08/19,2.10,2.13,2.08,2.12,112985310,264568864.00
2011/08/22,2.12,2.15,2.09,2.11,81935625,192612576.00
2011/08/23,2.12,2.14,2.10,2.14,110388829,259551584.00
2011/08/24,2.14,2.15,2.10,2.11,93785260,220936640.00
2011/08/25,2.12,2.22,2.11,2.20,209876481,502263488.00
2011/08/26,2.18,2.18,2.14,2.17,136072565,325916192.00
2011/08/29,2.16,2.19,2.14,2.17,111008580,265985536.00
2011/08/30,2.18,2.20,2.14,2.14,115825948,278399648.00
2011/08/31,2.14,2.14,2.09,2.12,98850764,231388032.00
2011/09/01,2.11,2.13,2.09,2.10,77423067,180775712.00
2011/09/02,2.09,2.10,2.06,2.08,96113950,221188864.00
2011/09/05,2.05,2.06,2.03,2.03,71326341,162120320.00
2011/09/06,2.01,2.03,2.00,2.03,59276929,133398136.00
2011/09/07,2.03,2.07,2.03,2.07,63736564,145572912.00
2011/09/08,2.07,2.08,2.03,2.03,59895537,136645856.00
2011/09/09,2.03,2.08,2.03,2.04,56553592,128970112.00
2011/09/13,2.01,2.02,2.00,2.01,55266079,123788496.00
2011/09/14,2.01,2.02,1.96,2.00,123748724,274721984.00
2011/09/15,2.00,2.02,1.98,1.99,133935094,298604544.00
2011/09/16,2.00,2.01,1.96,1.97,140423284,310718688.00
2011/09/19,1.96,1.96,1.88,1.89,163504094,349850976.00
2011/09/20,1.87,1.91,1.86,1.90,137377494,289777312.00
2011/09/21,1.88,1.99,1.86,1.96,193733066,417728768.00
2011/09/22,1.93,1.95,1.88,1.88,142576427,306156064.00
2011/09/23,1.85,1.88,1.82,1.87,105037567,219285296.00
2011/09/26,1.91,2.04,1.91,1.97,305145831,672403904.00
2011/09/27,1.99,2.01,1.92,1.96,160555508,351589152.00
2011/09/28,1.97,1.98,1.90,1.91,114744243,248822384.00
2011/09/29,1.90,1.91,1.85,1.86,140119836,294475456.00
2011/09/30,1.87,1.89,1.84,1.89,95047309,199068800.00
2011/10/10,1.90,1.92,1.88,1.89,101809618,216628704.00
2011/10/11,1.95,1.97,1.90,1.93,151856954,327620832.00
2011/10/12,1.91,2.00,1.88,1.99,267885222,585804544.00
2011/10/13,2.09,2.15,2.04,2.07,410757926,948667008.00
2011/10/14,2.03,2.07,1.99,2.06,218259487,493786016.00
2011/10/17,2.05,2.08,2.01,2.03,131911396,299321824.00
2011/10/18,2.00,2.01,1.96,1.96,125216385,277002560.00
2011/10/19,1.97,1.98,1.92,1.94,104691518,227812768.00
2011/10/20,1.93,1.94,1.89,1.90,112844115,240595584.00
2011/10/21,1.89,1.91,1.87,1.91,81696918,173409568.00
2011/10/24,1.90,1.96,1.88,1.94,129075361,276925312.00
2011/10/25,1.93,2.01,1.89,1.99,218780297,478997376.00
2011/10/26,1.96,2.06,1.95,2.01,309145219,691420352.00
2011/10/27,2.01,2.02,1.98,1.98,191170927,425264320.00
2011/10/28,2.00,2.04,1.98,2.02,224762701,502646432.00
2011/10/31,2.00,2.01,1.97,1.99,150188177,333303840.00
2011/11/01,1.96,2.03,1.96,2.00,175301223,391287808.00
2011/11/02,1.98,2.02,1.95,2.02,204748698,452671648.00
2011/11/03,2.03,2.05,2.00,2.01,293776371,663040960.00
2011/11/04,2.02,2.04,1.99,2.01,179215457,401752736.00
2011/11/07,2.00,2.01,1.97,1.98,151242733,335061312.00
2011/11/08,1.97,1.98,1.93,1.95,260862508,568288640.00
2011/11/09,1.94,1.96,1.90,1.94,270176441,583229824.00
2011/11/10,1.92,1.92,1.89,1.90,199568000,425875872.00
2011/11/11,1.90,1.93,1.90,1.91,114688169,245781952.00
2011/11/14,1.91,1.94,1.91,1.93,133452712,288000384.00
2011/11/15,1.93,1.93,1.91,1.92,111006595,238193424.00
2011/11/16,1.92,1.98,1.90,1.94,297873750,648066112.00
2011/11/17,1.92,1.93,1.90,1.91,124725500,267437968.00
2011/11/18,1.90,1.91,1.87,1.88,128045846,270787264.00
2011/11/21,1.88,1.89,1.86,1.88,59803118,125577816.00
2011/11/22,1.86,1.88,1.86,1.87,72367288,151841488.00
2011/11/23,1.87,1.88,1.85,1.85,63690723,133061424.00
2011/11/24,1.84,1.85,1.82,1.84,89231989,184206704.00
2011/11/25,1.84,1.85,1.82,1.83,61813571,127481104.00
2011/11/28,1.83,1.84,1.82,1.83,59468621,122350256.00
2011/11/29,1.84,1.85,1.83,1.84,51963228,107579528.00
2011/11/30,1.84,1.85,1.76,1.77,145608185,294692736.00
2011/12/01,1.81,1.83,1.79,1.80,116170132,237093728.00
2011/12/02,1.80,1.80,1.76,1.78,80716535,161853456.00
2011/12/05,1.77,1.78,1.74,1.74,78242997,154991088.00
2011/12/06,1.74,1.76,1.74,1.75,70053346,138551728.00
2011/12/07,1.75,1.77,1.75,1.76,52396070,104250208.00
2011/12/08,1.76,1.77,1.73,1.75,60762891,120186752.00
2011/12/09,1.74,1.75,1.73,1.73,49189161,96746032.00
2011/12/12,1.74,1.74,1.70,1.71,59153289,115198416.00
2011/12/13,1.69,1.70,1.62,1.63,116233857,217820224.00
2011/12/14,1.62,1.63,1.57,1.58,85206542,155711728.00
2011/12/15,1.57,1.57,1.50,1.51,123441322,216704416.00
2011/12/16,1.51,1.57,1.50,1.57,102572086,180767936.00
2011/12/19,1.55,1.58,1.53,1.58,109985744,195653408.00
2011/12/20,1.57,1.59,1.55,1.57,81155986,146718912.00
2011/12/21,1.59,1.60,1.54,1.55,70245517,126692424.00
2011/12/22,1.53,1.55,1.48,1.53,103821546,180913008.00
2011/12/23,1.52,1.56,1.51,1.55,71845234,127272944.00
2011/12/26,1.55,1.59,1.53,1.56,88028546,158183312.00
2011/12/27,1.56,1.57,1.54,1.54,57853052,103036792.00
2011/12/28,1.54,1.59,1.53,1.59,139584413,251106368.00
2011/12/29,1.59,1.62,1.58,1.60,96609907,176706768.00
2011/12/30,1.60,1.61,1.59,1.61,63751233,116736224.00
2012/01/04,1.62,1.63,1.58,1.58,79823597,146604480.00
2012/01/05,1.58,1.65,1.57,1.63,176357779,326661888.00
2012/01/06,1.63,1.65,1.59,1.64,98665407,182372736.00
2012/01/10,1.71,1.83,1.69,1.83,467853043,950852160.00
2012/01/11,1.87,1.92,1.81,1.83,474317927,992667712.00
2012/01/12,1.81,1.84,1.77,1.79,194048087,394534944.00
2012/01/13,1.79,1.82,1.75,1.77,137015716,275820864.00
2012/01/16,1.75,1.78,1.74,1.75,81037897,161262192.00
2012/01/17,1.75,1.87,1.74,1.85,172800225,353358272.00
2012/01/18,1.85,1.86,1.78,1.80,133544865,273379424.00
2012/01/19,1.80,1.83,1.79,1.82,90278132,184543584.00
2012/01/20,1.83,1.84,1.80,1.83,94080304,193190976.00
2012/01/30,1.84,1.84,1.80,1.81,72663466,148854048.00
2012/01/31,1.81,1.82,1.79,1.80,56773496,115271760.00
2012/02/01,1.80,1.82,1.79,1.81,64262231,130785848.00
2012/02/02,1.81,1.83,1.80,1.83,72518441,148285904.00
2012/02/03,1.82,1.84,1.81,1.83,98934534,203343216.00
2012/02/06,1.83,1.84,1.82,1.82,75232869,154861232.00
2012/02/07,1.82,1.83,1.78,1.80,92381374,187333152.00
2012/02/08,1.79,1.84,1.79,1.84,112614475,230579184.00
2012/02/09,1.83,1.90,1.82,1.87,202981108,423473952.00
2012/02/10,1.86,1.88,1.84,1.86,129590036,270221888.00
2012/02/13,1.84,1.88,1.83,1.86,127584445,266029760.00
2012/02/14,1.85,1.86,1.83,1.84,81220528,168118384.00
2012/02/15,1.84,1.90,1.83,1.89,206711306,434753504.00
2012/02/16,1.88,1.89,1.84,1.87,151180487,316906496.00
2012/02/17,1.87,1.88,1.83,1.85,94757358,197181136.00
2012/02/20,1.87,2.04,1.86,1.94,485165590,1053219968.00
2012/02/21,1.92,2.05,1.91,2.05,486543051,1082646144.00
2012/02/22,2.06,2.15,2.03,2.11,495683954,1155346816.00
2012/02/23,2.11,2.13,2.05,2.10,305501443,708493504.00
2012/02/24,2.09,2.12,2.07,2.11,217109348,503379424.00
2012/02/28,2.23,2.30,2.13,2.16,479687166,1165395968.00
2012/02/29,2.14,2.15,2.07,2.08,248730688,580120320.00
2012/03/01,2.07,2.10,2.05,2.09,166270441,382735296.00
2012/03/02,2.08,2.19,2.07,2.19,336850504,798912640.00
2012/03/05,2.19,2.30,2.19,2.24,486091232,1208991744.00
2012/03/06,2.22,2.23,2.15,2.20,261353180,632202432.00
2012/03/07,2.16,2.24,2.14,2.19,214431003,519701632.00
2012/03/08,2.21,2.23,2.16,2.19,206678870,499934304.00
2012/03/09,2.19,2.20,2.14,2.18,175968990,421864064.00
2012/03/12,2.19,2.22,2.15,2.17,213686125,516841152.00
2012/03/13,2.17,2.18,2.13,2.16,166027270,394739072.00
2012/03/14,2.16,2.17,2.00,2.04,330395000,771335872.00
2012/03/15,2.03,2.06,1.95,1.97,237944067,529251648.00
2012/03/16,1.97,2.01,1.95,2.01,164367032,364113984.00
2012/03/19,2.01,2.01,1.97,1.99,121915974,270024160.00
2012/03/20,1.99,1.99,1.95,1.96,122089329,268424480.00
2012/03/21,1.97,2.01,1.94,1.98,137861814,303672384.00
2012/03/22,1.97,2.07,1.95,2.03,200355255,449389504.00
2012/03/23,2.01,2.02,1.97,1.99,107255847,237953424.00
2012/03/26,1.97,1.99,1.95,1.97,68974655,151436960.00
2012/03/27,1.97,1.99,1.95,1.96,65205720,143467984.00
2012/03/28,1.96,1.96,1.84,1.85,161855294,344227392.00
2012/03/29,1.84,1.85,1.77,1.80,116199886,237236464.00
2012/03/30,1.80,1.82,1.78,1.81,65905082,134019424.00
2012/04/05,1.81,1.87,1.80,1.86,108874086,225986144.00
2012/04/06,1.86,1.89,1.84,1.88,91139429,191117824.00
2012/04/09,1.87,1.87,1.84,1.84,63613550,132632944.00
2012/04/10,1.88,2.05,1.88,2.00,333728865,739212800.00
2012/04/11,1.96,2.05,1.95,2.03,207832411,466252800.00
2012/04/12,2.02,2.03,1.97,2.02,168522093,376338592.00
2012/04/16,1.95,1.97,1.91,1.96,166152062,361661536.00
2012/04/17,1.95,1.96,1.92,1.92,90841715,196901776.00
2012/04/18,1.92,1.97,1.92,1.96,102896570,224553008.00
2012/04/19,1.96,1.96,1.93,1.94,67059422,145725408.00
2012/04/20,1.95,1.97,1.93,1.96,87400980,190388336.00
2012/04/23,1.96,1.96,1.91,1.94,121609309,263324384.00
2012/04/24,1.92,1.94,1.87,1.89,128360599,273363296.00
2012/04/25,1.89,1.92,1.86,1.91,160394047,339081248.00
2012/04/26,1.91,1.91,1.88,1.89,88991497,188583296.00
2012/04/27,1.87,1.88,1.86,1.87,74486831,156518096.00
2012/05/02,1.90,1.92,1.88,1.91,105593468,224963392.00
2012/05/03,1.90,1.90,1.88,1.89,65744689,139314672.00
2012/05/04,1.89,1.97,1.88,1.96,235932722,510895808.00
2012/05/07,1.93,1.98,1.93,1.97,141828653,310452544.00
2012/05/08,2.00,2.01,1.96,1.98,128435921,283686208.00
2012/05/09,1.96,1.97,1.92,1.93,114068725,247263120.00
2012/05/10,1.92,1.95,1.92,1.95,65006044,141159936.00
2012/05/11,1.97,2.00,1.94,1.96,118126544,253184080.00
2012/05/14,1.98,1.98,1.94,1.94,94366605,201727984.00
2012/05/15,1.93,2.02,1.92,2.01,236614432,510300032.00
2012/05/16,2.01,2.07,1.99,2.00,202695180,447244096.00
2012/05/17,2.03,2.06,2.00,2.02,164492511,363430112.00
2012/05/18,2.00,2.02,1.97,1.98,91954572,199911088.00
2012/05/21,1.97,2.02,1.97,2.00,99870241,217735168.00
2012/05/22,2.01,2.02,1.97,2.00,101303891,219693600.00
2012/05/23,2.00,2.00,1.96,1.98,76313971,164679216.00
2012/05/24,1.97,1.98,1.96,1.97,61411794,131921672.00
2012/05/25,1.97,1.98,1.94,1.95,57358125,122484240.00
2012/05/28,1.95,1.97,1.91,1.96,95058664,201253104.00
2012/05/29,1.97,2.02,1.96,2.00,152336197,331903744.00
2012/05/30,1.99,2.00,1.98,1.99,73314348,158872832.00
2012/05/31,1.98,2.01,1.96,2.00,91384678,198075168.00
2012/06/01,1.99,2.01,1.97,1.98,76013156,164631520.00
2012/06/04,1.95,1.96,1.92,1.92,102629690,217471408.00
2012/06/05,1.93,1.95,1.92,1.93,55224036,116586184.00
2012/06/06,1.93,1.95,1.92,1.93,43591564,92127008.00
2012/06/07,1.94,1.95,1.91,1.92,59211910,124844912.00
2012/06/08,1.94,1.94,1.92,1.93,54374645,114585896.00
2012/06/11,1.92,1.95,1.91,1.94,71386575,150652384.00
2012/06/12,1.92,1.93,1.90,1.91,71024850,148624960.00
2012/06/13,1.91,1.93,1.90,1.93,58554105,122681872.00
2012/06/14,1.92,1.93,1.90,1.91,50704201,106104352.00
2012/06/15,1.91,1.92,1.90,1.92,46372712,96912264.00
2012/06/18,1.92,1.94,1.91,1.93,58812194,123798808.00
2012/06/19,1.92,1.93,1.90,1.90,45185756,94610664.00
2012/06/20,1.91,1.92,1.90,1.91,33086104,69078816.00
2012/06/21,1.91,1.91,1.88,1.88,57813549,119803008.00
2012/06/25,1.88,1.89,1.85,1.85,59152023,121403320.00
2012/06/26,1.84,1.85,1.82,1.84,59338644,119725840.00
2012/06/27,1.84,1.86,1.84,1.85,55945728,113476824.00
2012/06/28,1.85,1.86,1.82,1.83,53639076,108371712.00
2012/06/29,1.83,1.85,1.81,1.85,67086297,134732784.00
2012/07/02,1.85,1.86,1.82,1.84,71658302,144387936.00
2012/07/03,1.83,1.85,1.82,1.84,61369299,123823360.00
2012/07/04,1.83,1.84,1.80,1.81,74126986,148275984.00
2012/07/05,1.81,1.81,1.77,1.78,60596510,119027240.00
2012/07/06,1.79,1.82,1.78,1.81,58923307,116524296.00
2012/07/09,1.80,1.81,1.74,1.75,63448955,124347864.00
2012/07/10,1.75,1.77,1.74,1.76,39922156,77293800.00
2012/07/11,1.76,1.77,1.75,1.77,37859762,73477992.00
2012/07/12,1.77,1.78,1.75,1.78,63273837,122985752.00
2012/07/13,1.77,1.78,1.76,1.76,36556566,71233512.00
2012/07/16,1.76,1.77,1.69,1.69,80922404,153917424.00
2012/07/17,1.69,1.71,1.68,1.71,55469465,104231488.00
2012/07/18,1.70,1.71,1.66,1.69,66285788,123430376.00
2012/07/19,1.69,1.73,1.67,1.71,99061938,186501936.00
2012/07/20,1.70,1.78,1.69,1.74,107487717,205607184.00
2012/07/23,1.72,1.72,1.70,1.71,53953543,101985000.00
2012/07/24,1.70,1.74,1.69,1.72,44587730,84537656.00
2012/07/25,1.71,1.72,1.69,1.69,34869857,65726312.00
2012/07/26,1.69,1.71,1.68,1.69,35976667,67492288.00
2012/07/27,1.70,1.71,1.69,1.70,27040299,50816012.00
2012/07/30,1.70,1.71,1.67,1.68,35006277,65346436.00
2012/07/31,1.68,1.68,1.65,1.67,41481472,76573672.00
2012/08/01,1.66,1.70,1.66,1.69,35153794,65473184.00
2012/08/02,1.68,1.70,1.67,1.67,33322404,62078748.00
2012/08/03,1.67,1.69,1.66,1.69,33626654,62390184.00
2012/08/06,1.68,1.72,1.67,1.71,68429921,128473488.00
2012/08/07,1.71,1.72,1.69,1.72,67288954,127040296.00
2012/08/08,1.72,1.78,1.71,1.74,106029578,204848096.00
2012/08/09,1.74,1.76,1.72,1.75,56766426,108991408.00
2012/08/10,1.74,1.75,1.71,1.72,60419517,115043736.00
2012/08/13,1.72,1.72,1.69,1.69,50126159,94505840.00
2012/08/14,1.69,1.72,1.68,1.71,60997170,114677512.00
2012/08/15,1.70,1.74,1.70,1.72,53633161,101770704.00
2012/08/16,1.72,1.73,1.70,1.71,48242281,91575656.00
2012/08/17,1.71,1.73,1.71,1.72,42700967,81134320.00
2012/08/20,1.71,1.72,1.69,1.70,32168263,60421560.00
2012/08/21,1.70,1.72,1.69,1.71,33752645,63731216.00
2012/08/22,1.71,1.72,1.70,1.70,31894760,60210508.00
2012/08/23,1.70,1.72,1.70,1.71,33520140,63373436.00
2012/08/24,1.71,1.71,1.68,1.69,34209353,64175508.00
2012/08/27,1.69,1.69,1.66,1.66,42885684,79189864.00
2012/08/28,1.66,1.68,1.65,1.67,31457243,58164064.00
2012/08/29,1.67,1.68,1.66,1.66,30414158,56257368.00
2012/08/30,1.66,1.69,1.65,1.67,52677596,97446792.00
2012/08/31,1.67,1.68,1.65,1.67,40428105,74548344.00
2012/09/03,1.66,1.67,1.64,1.66,67430217,123774576.00
2012/09/04,1.66,1.67,1.64,1.64,43173720,79004536.00
2012/09/05,1.64,1.65,1.62,1.63,57282306,103958848.00
2012/09/06,1.63,1.64,1.62,1.64,48633665,88167104.00
2012/09/07,1.65,1.73,1.65,1.69,157556779,294973728.00
2012/09/10,1.69,1.72,1.69,1.71,78028884,146713376.00
2012/09/11,1.70,1.71,1.67,1.70,55007911,102610680.00
2012/09/12,1.70,1.71,1.68,1.70,46953728,87961072.00
2012/09/13,1.69,1.72,1.68,1.70,80622102,152019360.00
2012/09/14,1.70,1.86,1.68,1.80,277697437,541787712.00
2012/09/17,1.78,1.79,1.72,1.72,160843276,309722432.00
2012/09/18,1.71,1.73,1.70,1.71,69117421,130927664.00
2012/09/19,1.70,1.78,1.70,1.75,109296366,210080992.00
2012/09/20,1.73,1.74,1.68,1.69,87706599,165484768.00
2012/09/21,1.68,1.70,1.67,1.68,51910209,96794896.00
2012/09/24,1.67,1.69,1.65,1.67,54565910,100918272.00
2012/09/25,1.67,1.69,1.66,1.68,35585141,66104680.00
2012/09/26,1.68,1.68,1.65,1.65,39663173,72973672.00
2012/09/27,1.65,1.71,1.64,1.69,77295688,144031136.00
2012/09/28,1.68,1.72,1.67,1.72,68783394,129409920.00
2012/10/08,1.72,1.73,1.68,1.69,52589792,99054976.00
2012/10/09,1.69,1.74,1.69,1.73,93325273,177824032.00
2012/10/10,1.72,1.80,1.72,1.77,177774621,345976224.00
2012/10/11,1.75,1.79,1.74,1.75,102151593,198400512.00
2012/10/12,1.75,1.77,1.73,1.75,57750680,111399952.00
2012/10/15,1.75,1.78,1.74,1.76,67747016,131297344.00
2012/10/16,1.75,1.76,1.74,1.74,51775855,99884680.00
2012/10/17,1.75,1.79,1.74,1.76,88530843,172504336.00
2012/10/18,1.77,1.81,1.76,1.79,147763784,291369376.00
2012/10/19,1.79,1.81,1.78,1.79,95509313,188545872.00
2012/10/22,1.78,1.80,1.76,1.79,73549073,144042896.00
2012/10/23,1.79,1.80,1.77,1.78,70602374,138722416.00
2012/10/24,1.77,1.90,1.76,1.84,234860400,475318784.00
2012/10/25,1.83,1.89,1.82,1.83,187333941,381394432.00
2012/10/26,1.83,1.84,1.76,1.78,109819412,216315936.00
2012/10/29,1.76,1.79,1.74,1.76,76127408,147747072.00
2012/10/30,1.76,1.77,1.74,1.75,51338212,99316144.00
2012/10/31,1.75,1.81,1.74,1.80,124101015,244657936.00
2012/11/01,1.79,1.82,1.78,1.81,97241632,193410576.00
2012/11/02,1.82,1.82,1.79,1.81,56330638,111692160.00
2012/11/05,1.80,1.86,1.80,1.85,115247989,232402944.00
2012/11/06,1.85,1.92,1.85,1.89,239511845,494798080.00
2012/11/07,1.89,1.92,1.87,1.89,118887850,245991248.00
2012/11/08,1.89,1.90,1.84,1.85,85108002,174077168.00
2012/11/09,1.84,1.89,1.83,1.88,82257532,168789024.00
2012/11/12,1.88,1.94,1.87,1.93,171914657,360125056.00
2012/11/13,1.93,1.93,1.87,1.87,85961497,177857456.00
2012/11/14,1.87,1.88,1.85,1.87,51873157,106015048.00
2012/11/15,1.88,1.92,1.87,1.87,109571880,227721280.00
2012/11/16,1.87,1.89,1.84,1.88,71731500,146524144.00
2012/11/19,1.88,1.88,1.85,1.87,39001353,79575040.00
2012/11/20,1.88,1.91,1.87,1.90,93414466,194029904.00
2012/11/21,1.91,1.97,1.91,1.95,171314370,364417056.00
2012/11/22,1.94,1.96,1.92,1.94,58574026,124294792.00
2012/11/23,1.94,1.95,1.92,1.94,42828622,90553104.00
2012/11/26,1.94,1.94,1.88,1.89,79696134,166452432.00
2012/11/27,1.89,1.90,1.86,1.86,70406483,144452912.00
2012/11/28,1.85,1.86,1.82,1.85,69017859,139362064.00
2012/11/29,1.86,1.88,1.85,1.87,47522493,97583048.00
2012/11/30,1.87,1.94,1.87,1.93,101662659,213452544.00
2012/12/03,1.93,1.96,1.91,1.92,112791101,239633712.00
2012/12/04,1.91,1.95,1.91,1.94,59711756,126100608.00
2012/12/05,1.94,2.02,1.93,1.99,183068977,396153664.00
2012/12/06,1.99,2.04,1.98,1.99,99502471,217683824.00
2012/12/07,2.00,2.03,1.98,2.01,122424021,268327568.00
2012/12/10,2.02,2.04,2.00,2.01,98797820,217258576.00
2012/12/11,2.01,2.01,1.97,1.97,83972985,181547504.00
2012/12/12,1.97,1.99,1.96,1.99,51453961,110927640.00
2012/12/13,1.98,1.99,1.94,1.94,70153181,149889968.00
2012/12/14,1.95,2.04,1.94,2.02,162157040,353764000.00
2012/12/17,2.02,2.04,1.97,1.99,133155527,289650496.00
2012/12/18,1.98,2.02,1.97,1.99,114911853,249966096.00
2012/12/19,1.99,1.99,1.96,1.97,80169581,172594480.00
2012/12/20,1.96,1.98,1.94,1.97,92141210,196809712.00
2012/12/21,2.00,2.02,1.99,2.01,149244646,326346464.00
2012/12/24,1.99,2.07,1.99,2.02,131344940,290367872.00
2012/12/25,2.01,2.06,1.99,2.04,145402521,322775424.00
2012/12/26,2.04,2.05,2.01,2.04,147449766,325067040.00
2012/12/27,2.03,2.05,2.00,2.01,95734482,210746464.00
2012/12/28,2.01,2.02,2.00,2.01,73834146,161681616.00
2012/12/31,2.02,2.03,2.00,2.01,91335082,200456704.00
2013/01/04,2.02,2.03,1.98,2.03,160358932,350309792.00
2013/01/07,2.03,2.08,2.02,2.07,244646565,548610304.00
2013/01/08,2.07,2.07,2.03,2.06,122385055,273030624.00
2013/01/09,2.05,2.06,2.02,2.04,117313158,260120912.00
2013/01/10,2.04,2.05,2.02,2.04,80595897,178699088.00
2013/01/11,2.04,2.08,2.03,2.06,208804603,468241600.00
2013/01/14,2.06,2.14,2.05,2.12,207591222,476093376.00
2013/01/15,2.12,2.17,2.10,2.14,122801969,284078208.00
2013/01/16,2.16,2.30,2.15,2.25,338650986,817815872.00
2013/01/17,2.25,2.25,2.20,2.21,144457335,346101952.00
2013/01/18,2.22,2.34,2.21,2.30,207137427,511759616.00
2013/01/21,2.32,2.33,2.27,2.30,108937059,269869056.00
2013/01/22,2.30,2.31,2.20,2.23,140824732,341419872.00
2013/01/23,2.21,2.30,2.21,2.26,106410828,259612224.00
2013/01/24,2.25,2.28,2.20,2.22,121201373,292383712.00
2013/01/25,2.22,2.25,2.22,2.23,67713444,163554592.00
2013/01/28,2.23,2.29,2.22,2.27,89794672,219256432.00
2013/01/29,2.28,2.29,2.23,2.25,101823528,247180464.00
2013/01/30,2.25,2.26,2.20,2.21,116000924,277973664.00
2013/01/31,2.21,2.23,2.19,2.21,102036692,243249280.00
2013/02/01,2.20,2.23,2.18,2.21,107080349,255123936.00
2013/02/04,2.21,2.22,2.14,2.15,141786409,333478784.00
2013/02/05,2.15,2.20,2.13,2.20,128927298,302569792.00
2013/02/06,2.20,2.22,2.15,2.17,78466259,185239728.00
2013/02/07,2.18,2.23,2.17,2.22,122947234,293278272.00
2013/02/08,2.22,2.30,2.22,2.27,147190003,360637792.00
2013/02/18,2.28,2.29,2.23,2.25,67185981,163541040.00
2013/02/19,2.24,2.26,2.18,2.21,113930646,272510624.00
2013/02/20,2.20,2.25,2.19,2.24,67371524,161906432.00
2013/02/21,2.22,2.23,2.16,2.17,112928497,267928112.00
2013/02/22,2.16,2.18,2.15,2.15,54077657,126728672.00
2013/02/25,2.15,2.19,2.15,2.19,62753366,147518400.00
2013/02/26,2.17,2.27,2.17,2.21,138544200,334311104.00
2013/02/27,2.20,2.27,2.20,2.26,184287729,445246784.00
2013/02/28,2.29,2.29,2.24,2.27,158189126,387298720.00
2013/03/01,2.26,2.27,2.21,2.24,129710624,312299008.00
2013/03/04,2.22,2.26,2.17,2.23,146903696,351993056.00
2013/03/05,2.22,2.25,2.19,2.24,95901062,230205840.00
2013/03/06,2.26,2.48,2.25,2.40,391684745,1004207616.00
2013/03/07,2.39,2.56,2.38,2.46,343900392,913980032.00
2013/03/08,2.45,2.49,2.40,2.41,107281844,280221600.00
2013/03/11,2.40,2.52,2.39,2.48,147985263,393071488.00
2013/03/12,2.48,2.50,2.38,2.41,148304211,387229760.00
2013/03/13,2.39,2.42,2.30,2.34,103801162,261705488.00
2013/03/14,2.33,2.39,2.31,2.35,76940768,194897120.00
2013/03/15,2.33,2.39,2.31,2.34,84569590,214246272.00
2013/03/18,2.33,2.37,2.28,2.28,98892050,247460608.00
2013/03/19,2.28,2.32,2.26,2.31,84393654,209033232.00
2013/03/20,2.30,2.42,2.30,2.41,163170972,416779744.00
2013/03/21,2.42,2.52,2.41,2.47,138863995,367527232.00
2013/03/22,2.47,2.50,2.43,2.48,120112025,319068288.00
2013/03/25,2.48,2.51,2.43,2.46,73006014,192761312.00
2013/03/26,2.45,2.46,2.41,2.43,61436415,160390496.00
2013/03/27,2.42,2.54,2.42,2.50,125492513,335751104.00
2013/03/28,2.50,2.50,2.42,2.44,114576664,300892064.00
2013/03/29,2.46,2.48,2.42,2.44,68828522,180625824.00
2013/04/01,2.44,2.56,2.44,2.53,187290394,503216608.00
2013/04/02,2.53,2.57,2.45,2.47,144127509,387482848.00
2013/04/03,2.48,2.51,2.43,2.48,72814294,193182944.00
2013/04/08,2.44,2.48,2.42,2.47,69861366,184102608.00
2013/04/09,2.55,2.66,2.54,2.54,182893977,504728768.00
2013/04/10,2.53,2.57,2.51,2.57,87045319,236794240.00
2013/04/11,2.58,2.61,2.54,2.55,77592755,213720496.00
2013/04/12,2.56,2.60,2.55,2.57,69361263,188262128.00
2013/04/15,2.57,2.59,2.53,2.55,70643460,190078192.00
2013/04/16,2.54,2.58,2.50,2.57,83274825,222445456.00
2013/04/17,2.56,2.59,2.52,2.57,85916775,231574288.00
2013/04/18,2.55,2.58,2.54,2.56,58937392,159196336.00
2013/04/19,2.58,2.66,2.56,2.64,150882994,416699648.00
2013/04/22,2.62,2.78,2.61,2.77,221492850,628436160.00
2013/04/23,2.76,2.77,2.70,2.72,148826528,426324736.00
2013/04/24,2.72,2.84,2.72,2.84,225496370,663541440.00
2013/04/25,2.88,2.91,2.79,2.79,207759456,619177088.00
2013/04/26,2.81,2.83,2.69,2.72,184317886,527895328.00
2013/05/02,2.72,2.81,2.72,2.76,91124863,264952384.00
2013/05/03,2.81,2.85,2.77,2.78,119245431,351194752.00
2013/05/06,2.78,2.79,2.73,2.78,120632794,350022496.00
2013/05/07,2.76,2.78,2.71,2.75,120848948,348600800.00
2013/05/08,2.77,2.79,2.65,2.72,266713635,758569792.00
2013/05/09,2.71,2.71,2.68,2.70,100229024,284152480.00
2013/05/10,2.69,2.73,2.66,2.71,114672170,325223584.00
2013/05/13,2.70,2.79,2.66,2.78,170805796,487314944.00
2013/05/14,2.81,2.85,2.76,2.80,179701669,529432896.00
2013/05/15,2.80,2.80,2.75,2.77,73554309,214183760.00
2013/05/16,2.77,2.84,2.76,2.84,158006367,467682656.00
2013/05/17,2.83,2.84,2.79,2.83,109203623,322726432.00
2013/05/20,2.83,2.83,2.78,2.80,140274588,412812992.00
2013/05/21,2.79,2.82,2.77,2.81,99280754,291419072.00
2013/05/22,2.80,2.81,2.74,2.75,122764764,357294400.00
2013/05/23,2.74,2.89,2.72,2.83,269733179,800304640.00
2013/05/24,2.81,2.85,2.78,2.80,154572864,455595008.00
2013/05/27,2.81,2.83,2.77,2.81,131647904,386671168.00
2013/05/28,2.81,2.84,2.78,2.83,118276887,348736672.00
2013/05/29,2.83,2.86,2.81,2.82,116209488,345410208.00
2013/05/30,2.82,2.82,2.78,2.79,108887342,319871424.00
2013/05/31,2.79,2.81,2.76,2.76,89549900,260733088.00
2013/06/03,2.76,2.79,2.66,2.67,181204686,516551456.00
2013/06/04,2.66,2.66,2.39,2.44,423972373,1109154944.00
2013/06/05,2.42,2.46,2.39,2.45,124138914,318114560.00
2013/06/06,2.46,2.53,2.45,2.47,175602641,460701248.00
2013/06/07,2.48,2.50,2.39,2.42,148700715,381345600.00
2013/06/13,2.39,2.39,2.27,2.33,153522986,375400352.00
2013/06/14,2.33,2.41,2.31,2.39,145962252,366069728.00
2013/06/18,2.51,2.53,2.44,2.49,184209552,483016480.00
2013/06/19,2.46,2.46,2.40,2.44,119932363,307485664.00
2013/06/20,2.42,2.42,2.25,2.26,191247647,470377184.00
2013/06/21,2.20,2.23,2.12,2.22,183081761,423730464.00
2013/06/24,2.18,2.19,1.98,2.00,248441595,549782656.00
2013/06/25,1.96,2.06,1.84,2.04,251356833,523811232.00
2013/06/26,2.05,2.14,2.02,2.12,239973661,537167488.00
2013/06/27,2.10,2.16,2.05,2.08,169336048,379974432.00
2013/06/28,2.07,2.18,2.01,2.13,174792002,394055584.00
2013/07/01,2.10,2.15,2.07,2.13,135571905,305080448.00
2013/07/02,2.13,2.13,2.06,2.09,145964503,324682240.00
2013/07/03,2.09,2.18,2.07,2.14,201359234,458894816.00
2013/07/04,2.13,2.18,2.10,2.14,133346993,303944736.00
2013/07/05,2.15,2.17,2.12,2.13,89341982,203350768.00
2013/07/08,2.11,2.11,2.02,2.03,145557366,319880704.00
2013/07/09,2.01,2.06,2.01,2.04,72994573,158471888.00
2013/07/10,2.10,2.11,2.02,2.08,207578603,456555328.00
2013/07/11,2.08,2.24,2.05,2.19,377139309,859459584.00
2013/07/12,2.17,2.18,2.10,2.11,223055983,508280608.00
2013/07/15,2.12,2.16,2.11,2.13,134116775,305010528.00
2013/07/16,2.13,2.21,2.11,2.20,243902205,563103104.00
2013/07/17,2.18,2.20,2.14,2.15,153518048,354964992.00
2013/07/18,2.13,2.14,2.11,2.12,116823751,264465872.00
2013/07/19,2.13,2.14,2.05,2.05,163487604,364839776.00
2013/07/22,2.03,2.07,2.01,2.07,98898029,215455968.00
2013/07/23,2.07,2.15,2.05,2.14,211250678,474438528.00
2013/07/24,2.12,2.13,2.07,2.10,147618831,330173824.00
2013/07/25,2.08,2.12,2.07,2.08,139911218,311549504.00
2013/07/26,2.06,2.07,2.01,2.05,133451195,291566912.00
2013/07/29,2.03,2.04,2.01,2.02,82522084,178619968.00
2013/07/30,2.02,2.05,2.00,2.02,85793155,185779328.00
2013/07/31,2.03,2.05,2.01,2.02,72287770,156762992.00
2013/08/01,2.03,2.05,2.02,2.05,101003749,219953632.00
2013/08/02,2.05,2.06,2.02,2.03,97706362,212664832.00
2013/08/05,2.03,2.05,2.02,2.04,102134073,221661056.00
2013/08/06,2.04,2.14,2.02,2.11,280225815,625478656.00
2013/08/07,2.09,2.12,2.06,2.07,125339089,279049376.00
2013/08/08,2.07,2.11,2.07,2.08,90228407,200854432.00
2013/08/09,2.09,2.10,2.05,2.08,89427977,198356592.00
2013/08/12,2.09,2.12,2.07,2.12,217645087,486738016.00
2013/08/13,2.11,2.14,2.09,2.13,176841074,399219776.00
2013/08/14,2.13,2.21,2.12,2.16,289696826,669542400.00
2013/08/16,2.13,2.22,2.11,2.11,231224215,529924800.00
2013/08/19,2.10,2.19,2.08,2.17,224527760,512593536.00
2013/08/20,2.16,2.17,2.11,2.12,180604170,410469952.00
2013/08/21,2.12,2.14,2.10,2.12,94410883,212932528.00
2013/08/22,2.11,2.16,2.10,2.13,123436588,280440288.00
2013/08/23,2.13,2.13,2.07,2.09,156016736,349766720.00
2013/08/26,2.09,2.12,2.08,2.11,111598708,250139232.00
2013/08/27,2.11,2.11,2.08,2.10,124236368,277468352.00
2013/08/28,2.09,2.09,2.06,2.08,135811362,300840288.00
2013/08/29,2.07,2.08,2.05,2.06,115099671,253564048.00
2013/08/30,2.06,2.08,2.05,2.06,138402059,305225504.00
2013/09/02,2.06,2.09,2.06,2.09,107701275,238401200.00
2013/09/03,2.08,2.15,2.08,2.13,227804915,515054272.00
2013/09/04,2.20,2.24,2.15,2.17,371200218,864351296.00
2013/09/05,2.17,2.17,2.11,2.12,133505368,303578912.00
2013/09/06,2.11,2.13,2.08,2.10,193472078,432162752.00
2013/09/09,2.12,2.15,2.08,2.14,375391008,843433344.00
2013/09/10,2.13,2.19,2.11,2.17,305346315,699286208.00
2013/09/11,2.17,2.29,2.16,2.27,600648835,1425693440.00
2013/09/12,2.28,2.28,2.20,2.24,286759529,681280448.00
2013/09/13,2.23,2.27,2.22,2.23,183829146,437523488.00
2013/09/16,2.24,2.25,2.19,2.20,168540106,395984672.00
2013/09/17,2.21,2.22,2.15,2.16,146447264,339929024.00
2013/09/18,2.16,2.18,2.14,2.18,102794087,236249664.00
2013/09/23,2.18,2.23,2.16,2.22,195151192,456139104.00
2013/09/24,2.21,2.22,2.15,2.17,169229918,391908288.00
2013/09/25,2.16,2.17,2.12,2.13,171660897,392106208.00
2013/09/26,2.12,2.14,2.10,2.10,114745051,259294928.00
2013/09/27,2.10,2.11,2.08,2.09,109653890,244943520.00
2013/09/30,2.10,2.15,2.10,2.14,94996946,215665680.00
2013/10/08,2.12,2.18,2.12,2.16,142741175,327309312.00
2013/10/09,2.16,2.16,2.13,2.15,111977866,255659040.00
2013/10/10,2.15,2.21,2.13,2.20,289882844,672443968.00
2013/10/11,2.21,2.22,2.15,2.19,232300797,539146688.00
2013/10/14,2.19,2.21,2.16,2.18,170121310,394986784.00
2013/10/15,2.18,2.19,2.15,2.16,125115186,287805248.00
2013/10/16,2.16,2.23,2.12,2.17,254380740,588302336.00
2013/10/17,2.16,2.19,2.14,2.16,152579377,351598720.00
2013/10/18,2.15,2.17,2.14,2.15,89359546,204741712.00
2013/10/21,2.16,2.25,2.13,2.22,363347383,849863872.00
2013/10/22,2.21,2.39,2.19,2.33,563241917,1362045184.00
2013/10/23,2.29,2.33,2.22,2.23,336332013,810086720.00
2013/10/24,2.23,2.29,2.21,2.24,192300713,459680896.00
2013/10/25,2.28,2.35,2.24,2.30,378477651,921439552.00
2013/10/28,2.30,2.38,2.27,2.38,462506516,1148405632.00
2013/10/29,2.36,2.37,2.19,2.26,403776344,978268864.00
2013/10/30,2.26,2.38,2.23,2.36,401886180,989913280.00
2013/10/31,2.32,2.44,2.31,2.34,361646542,907766592.00
2013/11/01,2.31,2.34,2.25,2.29,228419844,554584128.00
2013/11/04,2.28,2.31,2.25,2.27,146451568,354066464.00
2013/11/05,2.26,2.27,2.22,2.27,151818847,362522976.00
2013/11/06,2.26,2.31,2.25,2.25,168814843,408205568.00
2013/11/07,2.23,2.25,2.19,2.20,158999353,375480896.00
2013/11/08,2.20,2.21,2.16,2.17,158773389,368204288.00
2013/11/11,2.16,2.20,2.14,2.18,109177107,252147136.00
2013/11/12,2.18,2.25,2.15,2.22,205676841,482005312.00
2013/11/13,2.20,2.20,2.13,2.14,141943813,327972640.00
2013/11/14,2.14,2.21,2.13,2.18,178596082,414159008.00
2013/11/15,2.17,2.23,2.16,2.19,207369700,484364000.00
2013/11/18,2.20,2.23,2.19,2.23,205388000,482230112.00
2013/11/19,2.22,2.22,2.19,2.20,124752249,292376000.00
2013/11/20,2.21,2.27,2.20,2.26,316479479,753518400.00
2013/11/21,2.25,2.30,2.22,2.25,274261155,657970240.00
2013/11/22,2.25,2.27,2.22,2.23,206914091,492353408.00
2013/11/25,2.23,2.24,2.19,2.21,134289893,315760896.00
2013/11/26,2.20,2.23,2.20,2.21,113093121,265987600.00
2013/11/27,2.20,2.22,2.19,2.21,113344721,265836912.00
2013/11/28,2.21,2.27,2.20,2.24,250730424,598747264.00
2013/11/29,2.23,2.24,2.21,2.22,145004503,342799232.00
2013/12/02,2.20,2.21,2.13,2.16,266899156,617351808.00
2013/12/03,2.15,2.19,2.14,2.19,124033781,286670688.00
2013/12/04,2.19,2.22,2.17,2.21,171653134,402574560.00
2013/12/05,2.21,2.29,2.20,2.28,370433971,883216000.00
2013/12/06,2.27,2.28,2.24,2.25,201827301,483908832.00
2013/12/09,2.25,2.28,2.24,2.26,164844592,395498112.00
2013/12/10,2.27,2.35,2.24,2.31,399971877,976126336.00
2013/12/11,2.29,2.29,2.23,2.26,215486902,518019584.00
2013/12/12,2.25,2.27,2.23,2.24,141344348,337500064.00
2013/12/13,2.22,2.26,2.22,2.26,123320833,293701408.00
2013/12/16,2.25,2.26,2.20,2.20,140839607,333356832.00
2013/12/17,2.20,2.22,2.17,2.19,96495331,224714448.00
2013/12/18,2.19,2.20,2.17,2.18,74051536,172248400.00
2013/12/19,2.19,2.20,2.16,2.17,92195987,213610480.00
2013/12/20,2.17,2.18,2.12,2.14,125940852,288076032.00
2013/12/23,2.14,2.15,2.11,2.13,83687009,189743472.00
2013/12/24,2.14,2.16,2.12,2.14,83089868,189249632.00
2013/12/25,2.14,2.22,2.13,2.19,137633208,319516544.00
2013/12/26,2.17,2.18,2.14,2.14,97333503,223119984.00
2013/12/27,2.16,2.20,2.15,2.19,148260342,345041440.00
2013/12/30,2.19,2.20,2.17,2.18,106991803,248595744.00
2013/12/31,2.18,2.20,2.17,2.19,81644657,190255888.00
2014/01/02,2.19,2.20,2.17,2.18,76023597,176290192.00
2014/01/03,2.17,2.19,2.14,2.15,108146140,248592592.00
2014/01/06,2.15,2.15,2.12,2.13,121853648,276123904.00
2014/01/07,2.12,2.14,2.11,2.13,73886968,167416480.00
2014/01/08,2.13,2.14,2.12,2.14,93095308,211389312.00
2014/01/09,2.13,2.19,2.13,2.16,181679031,418515680.00
2014/01/10,2.16,2.19,2.14,2.18,161481661,372954112.00
2014/01/13,2.17,2.18,2.13,2.14,97808758,223547472.00
2014/01/14,2.15,2.24,2.15,2.21,324920269,756046656.00
2014/01/15,2.20,2.23,2.19,2.20,191943303,450299136.00
2014/01/16,2.20,2.21,2.17,2.18,150965905,351239200.00
2014/01/17,2.17,2.17,2.14,2.15,109065554,249670992.00
2014/01/20,2.14,2.16,2.12,2.14,94682323,215757968.00
2014/01/21,2.14,2.16,2.13,2.14,76756787,175318144.00
2014/01/22,2.14,2.20,2.14,2.18,173592068,401249280.00
2014/01/23,2.18,2.20,2.16,2.18,119350488,276454304.00
2014/01/24,2.17,2.20,2.16,2.19,133130883,309628608.00
2014/01/27,2.23,2.42,2.22,2.42,955541154,2397169920.00
2014/01/28,2.46,2.52,2.39,2.44,708600830,1840090880.00
2014/01/29,2.44,2.49,2.40,2.46,407047019,1051989568.00
2014/01/30,2.45,2.46,2.35,2.36,307509431,779051968.00
2014/02/07,2.35,2.50,2.35,2.47,403161655,1036457664.00
2014/02/10,2.48,2.54,2.46,2.48,427049608,1122915968.00
2014/02/11,2.47,2.56,2.45,2.53,431942869,1147669120.00
2014/02/12,2.52,2.52,2.47,2.50,253324402,667745856.00
2014/02/13,2.52,2.59,2.48,2.50,322029997,861861696.00
2014/02/14,2.50,2.52,2.47,2.51,195164526,515349664.00
2014/02/17,2.52,2.58,2.48,2.54,313515043,839022400.00
2014/02/18,2.54,2.55,2.47,2.48,269167256,709251008.00
2014/02/19,2.47,2.52,2.43,2.44,362907396,949176256.00
2014/02/20,2.43,2.50,2.39,2.42,314307052,811408640.00
2014/02/21,2.41,2.46,2.40,2.46,167539360,431004640.00
2014/02/24,2.46,2.54,2.44,2.51,379607280,996047168.00
2014/02/25,2.52,2.62,2.47,2.51,558772990,1492242304.00
2014/02/26,2.52,2.75,2.51,2.61,706358938,1950058240.00
2014/02/27,2.63,2.69,2.56,2.59,314326386,864770560.00
2014/02/28,2.59,2.66,2.56,2.64,265085858,727552512.00
2014/03/03,2.65,2.66,2.60,2.63,204012336,564396224.00
2014/03/04,2.60,2.61,2.51,2.55,234541762,631947648.00
2014/03/05,2.56,2.56,2.49,2.50,143071272,381784512.00
2014/03/06,2.49,2.52,2.46,2.49,126526085,332722528.00
2014/03/07,2.52,2.54,2.47,2.49,138871479,367750272.00
2014/03/10,2.46,2.46,2.34,2.35,208075055,527879104.00
2014/03/11,2.33,2.39,2.32,2.36,131827159,329054112.00
2014/03/12,2.35,2.37,2.31,2.34,115309571,285896416.00
2014/03/13,2.34,2.37,2.34,2.36,90935473,226884464.00
2014/03/14,2.34,2.42,2.33,2.39,172294179,433625216.00
2014/03/17,2.37,2.41,2.37,2.40,95359104,241293824.00
2014/03/19,2.45,2.53,2.43,2.46,206218637,538167168.00
2014/03/20,2.45,2.47,2.36,2.36,107156409,274517056.00
2014/03/21,2.34,2.43,2.34,2.42,105641265,267426672.00
2014/03/24,2.44,2.50,2.42,2.48,152450495,396221312.00
2014/03/25,2.48,2.57,2.47,2.56,267198394,711483584.00
2014/03/26,2.56,2.57,2.51,2.53,144899404,386958528.00
2014/03/27,2.54,2.54,2.47,2.47,154073056,397657312.00
2014/03/28,2.45,2.48,2.42,2.43,135460567,341594816.00
2014/03/31,2.43,2.47,2.42,2.45,83421881,211004624.00
2014/04/01,2.45,2.48,2.44,2.46,81309465,206667728.00
2014/04/02,2.46,2.48,2.45,2.46,75468028,192138896.00
2014/04/03,2.46,2.49,2.45,2.49,140620766,358785984.00
2014/04/04,2.47,2.50,2.47,2.50,92916135,238239296.00
2014/04/08,2.49,2.56,2.49,2.56,168145404,439167552.00
2014/04/09,2.56,2.57,2.53,2.55,115684506,304021216.00
2014/04/10,2.56,2.60,2.55,2.56,195583210,518797184.00
2014/04/11,2.55,2.56,2.51,2.53,153513869,401071424.00
2014/04/14,2.52,2.55,2.52,2.53,103973505,271522880.00
2014/04/15,2.55,2.57,2.51,2.52,127391165,334201536.00
2014/04/16,2.51,2.54,2.51,2.53,84459792,219828272.00
2014/04/17,2.53,2.54,2.50,2.51,73244258,189876848.00
2014/04/18,2.50,2.51,2.48,2.50,79029238,203462272.00
2014/04/21,2.48,2.49,2.43,2.43,118431582,301321184.00
2014/04/22,2.42,2.45,2.40,2.44,84499742,211868304.00
2014/04/23,2.43,2.44,2.41,2.43,57208437,143364704.00
2014/04/24,2.42,2.43,2.40,2.42,59685902,148975088.00
2014/04/25,2.42,2.42,2.31,2.32,169514793,413174976.00
2014/04/28,2.31,2.31,2.25,2.26,111364957,262334016.00
2014/04/29,2.27,2.29,2.26,2.29,71123535,167738608.00
2014/04/30,2.29,2.30,2.27,2.30,52742646,124914976.00
2014/05/05,2.29,2.30,2.26,2.29,60517705,142700064.00
2014/05/06,2.28,2.33,2.28,2.32,82651429,197727760.00
2014/05/07,2.31,2.33,2.30,2.31,64728103,154796640.00
2014/05/08,2.30,2.33,2.28,2.30,49011280,117066520.00
2014/05/09,2.30,2.31,2.25,2.27,83300563,196096048.00
2014/05/12,2.28,2.33,2.27,2.32,91393971,217683488.00
2014/05/13,2.31,2.32,2.28,2.30,91087563,216805232.00
2014/05/14,2.31,2.33,2.30,2.31,90293129,215878752.00
2014/05/15,2.31,2.31,2.27,2.28,62916397,149064768.00
2014/05/16,2.27,2.29,2.26,2.28,54566687,128569664.00
2014/05/19,2.28,2.28,2.25,2.25,53863048,125921784.00
2014/05/20,2.26,2.28,2.25,2.26,48839699,114489344.00
2014/05/21,2.26,2.27,2.23,2.27,54199946,126561448.00
2014/05/22,2.27,2.29,2.25,2.26,64560546,151777376.00
2014/05/23,2.26,2.27,2.24,2.27,79908905,186811792.00
2014/05/26,2.27,2.28,2.25,2.27,74162301,173848112.00
2014/05/27,2.27,2.27,2.25,2.26,38700205,90556032.00
2014/05/28,2.26,2.29,2.23,2.28,143929914,337720608.00
2014/05/29,2.27,2.28,2.26,2.26,64007914,150278368.00
2014/05/30,2.26,2.29,2.25,2.27,77514948,182609744.00
2014/06/03,2.27,2.29,2.26,2.27,48879223,115104384.00
2014/06/04,2.27,2.27,2.24,2.25,64520136,150397120.00
2014/06/05,2.25,2.27,2.24,2.27,50142098,117151472.00
2014/06/06,2.26,2.27,2.23,2.25,75353761,175177072.00
2014/06/09,2.24,2.25,2.20,2.21,105014423,242315680.00
2014/06/10,2.21,2.23,2.19,2.22,88118979,201761728.00
2014/06/11,2.22,2.22,2.19,2.21,92025137,210258480.00
2014/06/12,2.20,2.22,2.19,2.20,105589716,240916176.00
2014/06/13,2.20,2.23,2.19,2.22,114181141,261597360.00
2014/06/16,2.22,2.24,2.21,2.23,119372494,275017056.00
2014/06/17,2.22,2.23,2.20,2.20,65323560,149653056.00
2014/06/18,2.20,2.21,2.18,2.19,96048509,218304880.00
2014/06/19,2.19,2.20,2.15,2.16,119551346,270093664.00
2014/06/20,2.16,2.17,2.15,2.17,65781722,147482944.00
2014/06/23,2.17,2.18,2.16,2.18,59049831,132875072.00
2014/06/24,2.17,2.20,2.16,2.19,73303702,165736144.00
2014/06/25,2.18,2.19,2.16,2.18,83859275,188852048.00
2014/06/26,2.18,2.20,2.17,2.19,71697179,162550608.00
2014/06/27,2.18,2.21,2.17,2.20,77510715,176167520.00
2014/06/30,2.20,2.22,2.19,2.20,89088470,203380688.00
2014/07/01,2.20,2.21,2.19,2.21,68025175,155240944.00
2014/07/02,2.21,2.26,2.20,2.25,189082586,437935776.00
2014/07/03,2.24,2.26,2.23,2.24,90889524,211131552.00
2014/07/04,2.24,2.24,2.22,2.23,62852148,145011056.00
2014/07/07,2.22,2.24,2.21,2.21,57475417,132201208.00
2014/07/08,2.23,2.29,2.22,2.27,196481834,460040832.00
2014/07/09,2.27,2.28,2.24,2.24,119806404,280542400.00
2014/07/10,2.24,2.36,2.24,2.31,317046763,758462144.00
2014/07/11,2.30,2.37,2.28,2.35,209313645,504434592.00
2014/08/15,2.42,2.59,2.39,2.59,304981627,798257792.00
2014/08/18,2.77,2.77,2.60,2.64,829607535,2276411648.00
2014/08/19,2.63,2.68,2.60,2.63,332078891,899358848.00
2014/08/20,2.61,2.63,2.58,2.60,208193636,558739776.00
2014/08/21,2.59,2.60,2.50,2.53,275256267,721393600.00
2014/08/22,2.52,2.57,2.51,2.55,164955690,433359904.00
2014/08/25,2.53,2.55,2.49,2.50,178432693,461852512.00
2014/08/26,2.50,2.51,2.42,2.44,173542979,440845088.00
2014/08/27,2.44,2.47,2.43,2.45,110975759,280680608.00
2014/08/28,2.44,2.45,2.39,2.40,146757391,365903936.00
2014/08/29,2.40,2.42,2.38,2.42,114195770,283127104.00
2014/09/01,2.41,2.56,2.40,2.52,257971225,663871680.00
2014/09/02,2.50,2.52,2.48,2.52,212912486,549218496.00
2014/09/03,2.52,2.57,2.51,2.54,243678001,638653504.00
2014/09/04,2.54,2.56,2.52,2.55,161471262,423064064.00
2014/09/05,2.55,2.56,2.50,2.55,255216062,665975424.00
2014/09/09,2.55,2.65,2.54,2.63,416342362,1116860160.00
2014/09/10,2.61,2.62,2.58,2.59,180143356,482597184.00
2014/09/11,2.60,2.64,2.58,2.59,260773473,700227968.00
2014/09/12,2.59,2.62,2.57,2.62,185139822,496203840.00
2014/09/15,2.64,2.64,2.59,2.62,218449179,588192576.00
2014/09/16,2.63,2.74,2.62,2.63,559147422,1540770304.00
2014/09/17,2.65,2.70,2.63,2.67,361228077,989826752.00
2014/09/18,2.66,2.72,2.64,2.66,247143956,681661632.00
2014/09/19,2.66,2.69,2.63,2.66,175760760,480959008.00
2014/09/22,2.65,2.65,2.56,2.57,222542780,595483584.00
2014/09/23,2.56,2.60,2.56,2.59,132704239,353638688.00
2014/09/24,2.58,2.64,2.57,2.64,183055274,493243616.00
2014/09/25,2.64,2.66,2.60,2.61,193560550,524472320.00
2014/09/26,2.60,2.66,2.59,2.64,179222289,485998016.00
2014/09/29,2.64,2.65,2.61,2.63,164254052,444702912.00
2014/09/30,2.63,2.64,2.61,2.62,136515068,368385088.00
2014/10/08,2.63,2.64,2.60,2.64,180356908,487649472.00
2014/10/09,2.64,2.71,2.63,2.68,308884758,850195968.00
2014/10/10,2.78,2.96,2.77,2.96,784020721,2327879168.00
2014/10/13,3.01,3.04,2.88,2.93,902845084,2738150912.00
2014/10/14,2.93,3.13,2.87,3.07,834112148,2550548736.00
2014/10/15,3.02,3.07,3.01,3.02,463720872,1444413312.00
2014/10/16,2.99,3.00,2.89,2.90,413226094,1252889856.00
2014/10/17,2.89,2.97,2.86,2.92,284135769,851377408.00
2014/10/20,2.92,2.98,2.90,2.96,251444073,760006592.00
2014/10/21,2.96,2.96,2.90,2.90,184300957,554614464.00
2014/10/22,2.91,2.92,2.83,2.84,185823214,550633984.00
2014/10/23,2.85,2.97,2.84,2.92,316890135,950329216.00
2014/10/24,2.95,2.97,2.86,2.88,170834792,509958688.00
2014/10/27,2.87,2.93,2.85,2.90,130901875,389680192.00
2014/10/28,2.91,2.96,2.89,2.96,230701113,695957184.00
2014/10/29,2.97,3.01,2.93,3.00,376739753,1150726272.00
2014/10/30,2.99,3.10,2.98,3.08,467034632,1463905152.00
2014/10/31,3.08,3.15,3.03,3.10,420932583,1331113856.00
2014/11/03,3.15,3.38,3.13,3.25,595481942,1971841664.00
2014/11/04,3.24,3.29,3.18,3.20,341598533,1128129536.00
2014/11/05,3.19,3.27,3.14,3.15,303011425,992997184.00
2014/11/06,3.14,3.16,3.08,3.13,246484593,786306176.00
2014/11/07,3.12,3.18,3.08,3.11,253804737,816483392.00
2014/11/10,3.14,3.21,3.11,3.21,272263548,880726976.00
2014/11/11,3.22,3.24,3.05,3.08,348340506,1118513536.00
2014/11/12,3.09,3.13,3.08,3.12,162307345,516465824.00
2014/11/13,3.11,3.12,3.04,3.09,211457978,667881152.00
2014/11/14,3.10,3.19,3.09,3.17,285193281,921432192.00
2014/11/17,3.20,3.22,3.14,3.15,160690172,521691776.00
2014/11/18,3.15,3.16,3.09,3.11,136361658,435751616.00
2014/11/19,3.11,3.15,3.10,3.14,139839997,448438784.00
2014/11/20,3.12,3.13,3.10,3.11,112434256,358891584.00
2014/11/21,3.11,3.13,3.06,3.12,182864034,579564992.00
2014/11/24,3.16,3.20,3.12,3.17,305773141,991569216.00
2014/11/25,3.17,3.21,3.15,3.20,232800916,759797312.00
2014/11/26,3.21,3.22,3.15,3.17,187556372,611821312.00
2014/11/27,3.19,3.20,3.14,3.16,227944996,739804736.00
2014/11/28,3.16,3.18,3.13,3.18,256587875,828713088.00
2014/12/01,3.19,3.34,3.16,3.30,542905587,1811175680.00
2014/12/02,3.27,3.35,3.24,3.32,372363723,1258017792.00
2014/12/03,3.33,3.47,3.32,3.38,491109019,1702113024.00
2014/12/04,3.37,3.44,3.35,3.43,404214185,1408455296.00
2014/12/05,3.45,3.63,3.32,3.42,565863884,2003896704.00
2014/12/08,3.40,3.66,3.36,3.62,653267101,2368495360.00
2014/12/09,3.54,3.91,3.50,3.51,866448051,3287789312.00
2014/12/10,3.54,3.77,3.53,3.76,471495366,1758740864.00
2014/12/11,3.76,3.85,3.62,3.74,437564494,1669373056.00
2014/12/12,3.73,3.83,3.68,3.75,307331803,1179331840.00
2014/12/15,3.76,3.81,3.69,3.76,304141664,1161555456.00
2014/12/16,3.77,3.77,3.67,3.74,362495218,1372993792.00
2014/12/17,3.72,3.72,3.60,3.66,361458170,1351755904.00
2014/12/18,3.63,3.76,3.60,3.73,391955454,1469929856.00
2014/12/19,3.71,3.75,3.63,3.71,310487026,1171259264.00
2014/12/22,3.73,3.90,3.72,3.84,496601701,1936010752.00
2014/12/23,3.90,4.07,3.88,3.89,618116665,2504438016.00
2014/12/24,3.97,4.01,3.70,3.74,446774741,1740245120.00
2014/12/25,3.73,3.80,3.69,3.79,275599114,1053435392.00
2014/12/26,3.79,3.86,3.77,3.84,286093953,1117704064.00
2014/12/29,3.88,3.89,3.72,3.76,349988098,1356461952.00
2014/12/30,3.75,3.75,3.63,3.65,252009613,948100096.00
2014/12/31,3.65,3.73,3.64,3.72,209002269,788614912.00
2015/01/05,3.75,3.97,3.75,3.95,518746867,2053131136.00
2015/01/06,4.02,4.19,3.95,4.07,519164194,2160396288.00
2015/01/07,4.10,4.17,4.02,4.09,324990852,1352161792.00
2015/01/08,4.09,4.10,3.92,3.96,275492308,1120700032.00
2015/01/09,3.96,4.06,3.91,3.92,331600090,1347664640.00
2015/01/12,3.90,3.98,3.84,3.89,254868380,1015928064.00
2015/01/13,3.89,3.96,3.87,3.93,173894047,695332032.00
2015/01/14,3.92,3.93,3.82,3.85,179625018,709886848.00
2015/01/15,3.85,3.90,3.77,3.89,222975500,872282432.00
2015/01/16,3.90,3.99,3.86,3.94,251128846,1002918720.00
2015/01/19,3.76,3.86,3.54,3.63,395626451,1504360576.00
2015/01/20,3.64,3.75,3.64,3.72,268659949,1016159552.00
2015/01/21,3.72,3.82,3.69,3.81,251200655,964642688.00
2015/01/22,3.80,3.84,3.77,3.82,192225879,746932224.00
2015/01/23,3.83,3.84,3.77,3.78,165826513,642941568.00
2015/01/26,3.79,3.83,3.76,3.83,211344506,818275584.00
2015/01/27,3.83,3.98,3.80,3.89,386988729,1530360448.00
2015/01/28,3.85,3.86,3.80,3.81,211873416,827882112.00
2015/01/29,3.77,3.79,3.71,3.74,175013404,669547968.00
2015/01/30,3.78,3.90,3.77,3.81,370275562,1455891584.00
2015/02/02,3.73,3.77,3.70,3.73,186393731,710836608.00
2015/02/03,3.76,3.78,3.71,3.77,163184648,624524608.00
2015/02/04,3.78,3.80,3.72,3.73,157155384,604379264.00
2015/02/05,3.78,3.79,3.66,3.67,170917142,650692928.00
2015/02/06,3.66,3.72,3.56,3.58,170836545,637307840.00
2015/02/09,3.58,3.62,3.53,3.57,136512375,498349152.00
2015/02/10,3.67,3.77,3.66,3.75,271893032,1035536704.00
2015/02/11,3.80,4.13,3.80,4.13,914504481,3778293760.00
2015/02/12,4.13,4.55,4.11,4.42,1043262218,4643156480.00
2015/02/13,4.47,4.52,4.30,4.42,525376919,2351825408.00
2015/02/16,4.43,4.82,4.40,4.80,626847219,2958878208.00
2015/02/17,4.88,4.88,4.65,4.73,403495223,1945442560.00
2015/02/25,4.70,4.71,4.53,4.56,372786571,1750389760.00
2015/02/26,4.56,4.65,4.52,4.61,249998149,1165177600.00
2015/02/27,4.60,5.06,4.54,4.94,491670345,2390715904.00
2015/03/02,4.95,5.24,4.87,5.13,564490080,2915100160.00
2015/03/03,5.15,5.27,4.98,5.00,436325821,2265819136.00
2015/03/04,5.02,5.42,5.02,5.38,547540317,2915011328.00
2015/03/05,5.38,5.41,5.15,5.29,421507437,2261660928.00
2015/03/06,5.29,5.31,4.97,5.02,489562482,2527143936.00
2015/03/09,4.98,5.11,4.82,5.09,323071028,1638512128.00
2015/03/10,5.08,5.30,5.02,5.21,355980548,1878612480.00
2015/03/11,5.17,5.37,5.01,5.09,374058020,1964178176.00
2015/03/12,5.12,5.13,4.91,4.98,350374547,1772927104.00
2015/03/13,4.97,5.09,4.92,5.03,255026532,1294052992.00
2015/03/16,5.07,5.23,5.04,5.13,358954134,1876239744.00
2015/03/17,5.15,5.27,5.08,5.18,442038369,2323283712.00
2015/03/18,5.20,5.71,5.20,5.71,857673567,4792818688.00
2015/03/19,5.80,5.97,5.63,5.75,853207497,5001612288.00
2015/03/20,5.74,5.95,5.61,5.81,626616611,3662228224.00
2015/03/23,5.85,6.03,5.76,5.89,556597768,3314870784.00
2015/03/24,5.93,5.93,5.64,5.82,533351345,3131266304.00
2015/03/25,5.78,6.00,5.67,5.91,604908181,3597025024.00
2015/03/26,5.90,5.90,5.74,5.75,390317548,2294817792.00
2015/03/27,5.77,5.85,5.69,5.78,280007816,1638085248.00
2015/03/30,5.78,5.87,5.76,5.83,351875473,2073903872.00
2015/03/31,5.88,5.92,5.72,5.82,344824489,2039533952.00
2015/04/01,5.86,6.32,5.80,6.24,730705703,4527976960.00
2015/04/02,6.22,6.22,6.03,6.11,522003582,3225498880.00
2015/04/03,6.08,6.12,6.02,6.10,305441294,1876997504.00
2015/04/07,6.31,6.56,6.27,6.36,538574583,3474679296.00
2015/04/08,6.38,6.43,6.13,6.36,409233786,2602527232.00
2015/04/09,6.48,6.51,6.06,6.16,548496586,3408136704.00
2015/04/10,6.18,6.27,6.06,6.20,431617303,2668270336.00
2015/04/13,6.20,6.28,6.12,6.24,469704743,2907640832.00
2015/04/14,6.25,6.26,6.15,6.20,453201405,2812890368.00
2015/04/15,6.22,6.22,5.95,6.00,450671108,2736943616.00
2015/04/16,5.95,6.12,5.83,6.03,338988698,2028198016.00
2015/04/17,6.06,6.19,6.03,6.15,499989087,3062981888.00
2015/04/20,6.12,6.35,5.97,6.18,713540497,4378264576.00
2015/04/21,6.22,6.75,6.14,6.66,930896543,5970331648.00
2015/04/22,6.60,6.76,6.55,6.64,707655596,4700450304.00
2015/04/23,6.65,6.68,6.43,6.53,555881927,3631936512.00
2015/04/24,6.42,6.73,6.35,6.54,636368527,4167651328.00
2015/04/27,6.58,6.61,6.41,6.49,506499163,3286328320.00
2015/04/28,6.49,6.49,6.11,6.15,536984706,3365637376.00
2015/04/29,6.13,6.38,6.06,6.25,381028627,2387335936.00
2015/04/30,6.30,6.36,6.21,6.22,307515138,1931392640.00
2015/05/04,6.20,6.29,6.13,6.24,290908427,1807183232.00
2015/05/05,6.20,6.22,5.75,5.85,519882521,3127170304.00
2015/05/06,5.85,5.95,5.55,5.59,384756139,2224837632.00
2015/05/07,5.58,5.77,5.52,5.63,327656484,1857827968.00
2015/05/08,5.81,6.13,5.80,6.00,532899866,3169415936.00
2015/05/11,6.10,6.10,5.95,6.09,549831721,3314999552.00
2015/05/12,6.10,6.17,6.01,6.06,427789374,2595545344.00
2015/05/13,6.08,6.14,5.91,5.97,449974954,2712480768.00
2015/05/14,6.15,6.57,6.11,6.57,1094777476,7023651328.00
2015/05/15,6.69,6.70,6.22,6.29,1126476833,7255144448.00
2015/05/18,6.18,6.35,6.05,6.13,574232314,3535997952.00
2015/05/19,6.10,6.27,6.09,6.20,426991074,2639634688.00
2015/05/20,6.24,6.30,6.14,6.19,577490111,3600733696.00
2015/05/21,6.18,6.30,6.15,6.26,484167347,3012239104.00
2015/05/22,6.32,6.45,6.24,6.40,703023320,4460504064.00
2015/05/25,6.38,6.67,6.34,6.58,755457376,4920585216.00
2015/05/26,6.62,7.20,6.51,7.03,1112711266,7585479680.00
2015/05/27,6.99,6.99,6.72,6.82,768104883,5260998656.00
2015/05/28,6.82,7.31,6.50,6.52,943215328,6564614144.00
2015/05/29,6.53,6.69,6.20,6.40,601881970,3877898752.00
2015/06/01,6.41,6.69,6.34,6.68,559883480,3679297280.00
2015/06/02,6.68,6.78,6.56,6.73,586884883,3915455232.00
2015/06/03,6.73,7.03,6.62,7.00,792205477,5415609856.00
2015/06/04,7.02,7.27,6.44,7.10,848461513,5941896192.00
2015/06/05,7.20,7.30,6.88,7.04,776990130,5502883840.00
2015/06/08,7.04,7.08,6.80,6.96,649040511,4494506496.00
2015/06/09,6.96,7.20,6.89,7.16,783924818,5535310848.00
2015/06/10,7.12,7.65,7.02,7.38,1052699017,7772602368.00
2015/06/11,7.28,7.46,7.22,7.29,590560346,4323089920.00
2015/06/12,7.29,7.43,7.24,7.33,555851993,4057654784.00
2015/06/15,7.38,7.68,7.31,7.48,832443625,6231711232.00
2015/06/16,7.35,7.42,6.98,7.04,701603234,5027594752.00
2015/06/17,7.00,7.10,6.67,7.06,551591354,3808325888.00
2015/06/18,7.05,7.40,6.98,7.07,595150816,4258072064.00
2015/06/19,6.89,7.23,6.52,6.60,522940210,3623934720.00
2015/06/23,6.70,6.75,5.95,6.60,550522838,3532449280.00
2015/06/24,6.67,6.87,6.60,6.85,562647737,3797372928.00
2015/06/25,6.88,6.90,6.30,6.45,549464623,3671683072.00
2015/06/26,6.20,6.34,5.81,5.81,582252950,3495055360.00
2015/06/29,5.98,6.01,5.23,5.23,733269431,4028255488.00
2015/06/30,5.18,5.70,4.71,5.65,788135709,4127332608.00
2015/07/01,5.59,5.74,5.11,5.24,580271463,3217061632.00
2015/07/02,5.75,5.75,5.27,5.48,932196762,5203512832.00
2015/07/03,5.29,5.75,4.97,5.28,714748694,3797682944.00
2015/07/06,5.80,5.81,5.09,5.50,735578827,4040550400.00
2015/07/07,5.33,5.43,4.95,4.99,807725490,4108880896.00
2015/07/08,4.49,4.69,4.49,4.49,592396019,2667361024.00
2015/07/09,4.49,4.94,4.11,4.94,750883109,3521351680.00
2015/07/10,5.10,5.43,5.00,5.43,735858156,3940648704.00
2015/07/13,5.56,5.90,5.38,5.90,1029513060,5862089728.00
2015/07/14,5.70,5.90,5.42,5.52,785491759,4459120640.00
2015/07/15,5.39,5.48,4.97,4.97,561308941,2896645376.00
2015/07/16,4.97,5.25,4.71,5.10,393791523,1992611712.00
2015/07/17,5.20,5.49,5.14,5.41,388392305,2076006400.00
2015/07/20,5.43,5.62,5.31,5.42,410237028,2238978304.00
2015/07/21,5.36,5.56,5.30,5.43,310133397,1681970304.00
2015/07/22,5.42,5.50,5.29,5.40,328556601,1775662848.00
2015/07/23,5.39,5.62,5.34,5.59,534170823,2940570624.00
2015/07/24,5.66,5.69,5.37,5.45,520734142,2891688192.00
2015/07/27,5.33,5.36,4.91,4.91,459234783,2378730240.00
2015/07/28,4.69,4.98,4.43,4.79,525542645,2456557824.00
2015/07/29,4.84,5.05,4.75,5.04,300432908,1463512960.00
2015/07/30,5.00,5.05,4.73,4.75,286246775,1416968960.00
2015/07/31,4.69,4.86,4.66,4.83,228299597,1091127296.00
2015/08/03,4.75,4.99,4.72,4.97,297520654,1431943808.00
2015/08/04,4.97,5.15,4.91,5.13,280690746,1414277248.00
2015/08/05,5.08,5.12,4.93,4.96,232612965,1169548544.00
2015/08/06,5.14,5.28,5.07,5.10,393827002,2036001152.00
2015/08/07,5.07,5.25,5.06,5.22,375847087,1938622464.00
2015/08/10,5.28,5.45,5.18,5.40,495672599,2636307456.00
2015/08/11,5.36,5.39,5.30,5.32,410948698,2198080256.00
2015/08/12,5.33,5.55,5.30,5.33,419855286,2272073728.00
2015/08/13,5.30,5.71,5.28,5.62,694594176,3834529024.00
2015/08/14,5.59,5.62,5.47,5.50,511318551,2827313408.00
2015/08/17,5.56,5.84,5.53,5.75,642213933,3648900096.00
2015/08/18,5.73,5.73,5.18,5.18,581781902,3177508608.00
2015/08/19,4.99,5.35,4.85,5.29,388909050,1994756224.00
2015/08/20,5.21,5.31,5.04,5.08,251805251,1305800960.00
2015/08/21,4.95,5.04,4.73,4.78,284909210,1398505984.00
2015/08/24,4.59,4.59,4.30,4.30,347573700,1513152256.00
2015/08/25,3.90,4.08,3.87,3.87,428699876,1680825216.00
2015/08/26,3.96,4.07,3.68,3.79,381623112,1493754240.00
2015/08/27,3.89,3.99,3.77,3.99,280187372,1093475840.00
2015/08/28,4.07,4.27,3.98,4.24,380810974,1559917568.00
2015/08/31,4.15,4.16,4.00,4.09,291566018,1187360896.00
2015/09/01,4.04,4.26,3.84,4.19,385774439,1568083968.00
2015/09/02,4.00,4.26,3.95,4.22,380565553,1584954112.00
2015/09/07,4.22,4.38,4.12,4.15,258377691,1099095808.00
2015/09/08,4.10,4.26,4.00,4.23,169544285,702256320.00
2015/09/09,4.25,4.36,4.21,4.35,291477189,1256896384.00
2015/09/10,4.28,4.31,4.20,4.22,151894255,647663552.00
2015/09/11,4.21,4.25,4.10,4.16,141131863,590419328.00
2015/09/14,4.18,4.22,3.92,3.98,231554679,933770560.00
2015/09/15,3.90,3.96,3.70,3.73,155237107,594673216.00
2015/09/16,3.74,4.09,3.74,4.03,183651175,715046400.00
2015/09/17,4.00,4.08,3.91,3.91,186912281,748181440.00
2015/09/18,3.96,3.99,3.86,3.91,106255791,415649696.00
2015/09/21,3.88,3.98,3.85,3.97,108647770,427893856.00
2015/09/22,3.98,4.03,3.94,3.99,145573582,579942016.00
2015/09/23,3.95,3.96,3.88,3.89,117892515,462018176.00
2015/09/24,3.92,3.96,3.90,3.93,85801847,337192704.00
2015/09/25,3.91,3.92,3.80,3.82,101797776,391994560.00
2015/09/28,3.84,3.85,3.78,3.83,60823999,232056112.00
2015/09/29,3.78,3.81,3.74,3.75,70012185,264287456.00
2015/09/30,3.78,3.79,3.75,3.77,57016786,214968992.00
2015/10/08,3.95,3.98,3.88,3.92,151033838,592963840.00
2015/10/09,3.92,3.96,3.88,3.92,147126509,576870720.00
2015/10/12,3.95,4.16,3.92,4.12,315735558,1281557888.00
2015/10/13,4.08,4.10,4.05,4.08,170125379,692960768.00
2015/10/14,4.07,4.12,4.03,4.03,155749209,635645696.00
2015/10/15,4.02,4.22,4.01,4.16,247439363,1016668928.00
2015/10/16,4.18,4.20,4.08,4.16,258663901,1072352576.00
2015/10/19,4.16,4.24,4.12,4.17,233706656,975935360.00
2015/10/20,4.15,4.22,4.14,4.21,206545296,863708864.00
2015/10/21,4.21,4.32,3.99,4.05,387075163,1613545088.00
2015/10/22,4.05,4.08,3.98,4.07,275768488,1111926144.00
2015/10/23,4.09,4.20,4.05,4.17,311832178,1287708928.00
2015/10/26,4.20,4.21,4.09,4.14,248817243,1034186432.00
2015/10/27,4.12,4.14,4.00,4.09,196211421,796492480.00
2015/10/28,4.07,4.11,4.01,4.02,142334128,578532224.00
2015/10/29,4.04,4.07,4.01,4.04,117561418,474559680.00
2015/10/30,4.03,4.04,3.98,3.99,116387727,466279328.00
2015/11/02,3.95,3.99,3.89,3.90,132511736,521268416.00
2015/11/03,3.90,3.94,3.88,3.89,82356333,321678400.00
2015/11/04,3.90,4.05,3.90,4.05,193374403,770718016.00
2015/11/05,4.05,4.29,4.03,4.17,464992347,1935193088.00
2015/11/06,4.16,4.25,4.13,4.23,325664761,1367135360.00
2015/11/09,4.21,4.32,4.19,4.27,361407887,1540414848.00
2015/11/10,4.24,4.28,4.19,4.25,246595835,1044739648.00
2015/11/11,4.24,4.29,4.20,4.26,234361435,996792832.00
2015/11/12,4.28,4.29,4.16,4.18,226378306,951961472.00
2015/11/13,4.14,4.16,4.07,4.07,201140567,825827584.00
2015/11/16,4.01,4.09,3.99,4.09,107811887,436312480.00
2015/11/17,4.11,4.18,4.08,4.12,207226939,856537536.00
2015/11/18,4.10,4.13,4.06,4.07,123323713,504225120.00
2015/11/19,4.08,4.15,4.07,4.14,155009544,637577664.00
2015/11/20,4.14,4.19,4.12,4.16,210417289,873962880.00
2015/11/23,4.16,4.18,4.09,4.11,153181139,633839872.00
2015/11/24,4.10,4.10,4.04,4.09,112913628,459337664.00
2015/11/25,4.08,4.12,4.05,4.12,125451465,512407104.00
2015/11/26,4.12,4.16,4.08,4.10,128795838,530708960.00
2015/11/27,4.07,4.09,3.81,3.87,201307580,801536576.00
2015/11/30,3.88,3.92,3.76,3.87,127351309,490290176.00
2015/12/01,3.88,3.92,3.83,3.89,110532850,427873984.00
2015/12/02,3.90,4.05,3.87,4.01,163253879,647599936.00
2015/12/03,4.04,4.04,3.98,4.01,120978196,484471968.00
2015/12/04,3.98,4.00,3.92,3.94,119714178,473909120.00
2015/12/07,3.94,4.04,3.92,4.04,175645183,702503040.00
2015/12/08,4.00,4.13,4.00,4.06,239978816,979830400.00
2015/12/09,4.04,4.05,3.97,4.00,125998906,504819648.00
2015/12/10,4.00,4.04,3.98,3.98,114738662,460132672.00
2015/12/11,4.01,4.08,3.97,4.06,169847317,686420288.00
2015/12/14,4.15,4.18,4.03,4.10,234878305,958648704.00
2015/12/15,4.06,4.12,4.04,4.08,148870305,606902208.00
2015/12/16,4.09,4.10,4.03,4.04,114628406,465366944.00
2015/12/17,4.05,4.13,4.05,4.13,231501613,949119936.00
2015/12/18,4.11,4.17,4.09,4.15,226143487,935662528.00
2015/12/21,4.12,4.57,4.11,4.57,425143423,1874945792.00
2015/12/22,4.72,4.83,4.60,4.63,772938894,3628606208.00
2015/12/23,4.60,4.76,4.48,4.50,433915384,2000172672.00
2015/12/24,4.48,4.52,4.33,4.38,281887284,1236879104.00
2015/12/25,4.40,4.43,4.36,4.42,188231089,827563264.00
2015/12/28,4.43,4.48,4.23,4.25,246222661,1074038400.00
2015/12/29,4.27,4.44,4.23,4.38,211746622,916213888.00
2015/12/30,4.36,4.39,4.28,4.33,131818965,570773376.00
2015/12/31,4.34,4.34,4.25,4.26,121273833,522083744.00
2016/01/04,4.25,4.29,3.86,3.88,185025428,757701888.00
2016/01/05,3.75,4.02,3.70,3.97,260264442,1018934208.00
2016/01/06,4.00,4.08,3.97,4.07,161416827,651006400.00
2016/01/07,4.02,4.03,3.73,3.76,51705427,201067280.00
2016/01/08,3.90,3.95,3.73,3.92,240348467,932839360.00
2016/01/11,3.87,3.91,3.71,3.75,198007246,757673664.00
2016/01/12,3.77,3.85,3.75,3.81,134713777,512497920.00
2016/01/13,3.80,3.86,3.75,3.75,115872906,441030848.00
2016/01/14,3.67,3.81,3.63,3.80,162720775,603991360.00
2016/01/15,3.78,3.78,3.58,3.60,152987479,561295808.00
2016/01/18,3.50,3.67,3.45,3.59,113351693,404591360.00
2016/01/19,3.58,3.73,3.54,3.70,138864516,507099232.00
2016/01/20,3.68,3.71,3.51,3.60,147468020,534353408.00
2016/01/21,3.52,3.62,3.52,3.52,99295468,353179296.00
2016/01/22,3.55,3.58,3.50,3.57,84228292,299129184.00
2016/01/25,3.58,3.65,3.57,3.64,82612325,299118336.00
2016/01/26,3.61,3.61,3.42,3.44,122382938,431801024.00
2016/01/27,3.47,3.53,3.33,3.52,134819833,464836320.00
2016/01/28,3.50,3.60,3.47,3.52,120409490,426629280.00
2016/01/29,3.50,3.65,3.49,3.62,95230583,342556320.00
2016/02/01,3.60,3.67,3.58,3.66,84117329,305850944.00
2016/02/02,3.65,3.74,3.64,3.72,93158884,344205568.00
2016/02/03,3.68,3.72,3.63,3.70,75196773,276335680.00
2016/02/04,3.70,3.74,3.70,3.72,72148673,268572800.00
2016/02/05,3.73,3.75,3.71,3.73,59832379,223101520.00
2016/02/15,3.61,3.73,3.61,3.69,48634816,179042144.00
2016/02/16,3.73,3.95,3.73,3.85,124456047,480174496.00
2016/02/17,3.82,4.03,3.80,4.03,191200748,749625088.00
2016/02/18,4.00,4.04,3.94,3.94,126415418,502801568.00
2016/02/19,3.94,4.01,3.92,3.98,99795089,396385312.00
2016/02/22,4.05,4.12,3.97,4.12,200326693,814060480.00
2016/02/23,4.10,4.10,3.95,3.99,165561097,664494016.00
2016/02/24,4.00,4.00,3.90,3.97,102047683,403062272.00
2016/02/25,3.95,3.96,3.63,3.68,178217051,677631360.00
2016/02/26,3.90,4.05,3.82,3.94,275420427,1094994688.00
2016/02/29,3.80,3.86,3.61,3.73,171860437,637770944.00
2016/03/01,3.73,3.84,3.68,3.80,106191099,399518848.00
2016/03/02,3.78,4.02,3.77,3.99,171024291,666979136.00
2016/03/03,3.96,4.03,3.93,3.94,132108496,524590144.00
2016/03/04,3.91,3.99,3.86,3.94,176498906,693334528.00
2016/03/07,3.96,4.00,3.93,3.95,80752040,320160992.00
2016/03/08,3.94,3.97,3.81,3.94,93839291,364946912.00
2016/03/09,3.89,3.89,3.82,3.84,66050495,254245424.00
数据来源:通达信
