002698 博实股份 日线 前复权
      日期	    开盘	    最高	    最低	    收盘	    成交量	    成交额
2012/09/11,10.97,11.25,10.04,10.39,35752743,652091136.00
2012/09/12,10.39,10.95,9.94,10.57,24805237,453448768.00
2012/09/13,10.44,10.69,9.71,9.71,19140176,336164128.00
2012/09/14,9.70,9.71,9.33,9.48,10272818,169010256.00
2012/09/17,9.48,9.66,9.37,9.55,7516915,124354848.00
2012/09/18,9.53,9.99,9.42,9.79,9882103,168184176.00
2012/09/19,9.77,9.82,9.09,9.29,9603543,156736640.00
2012/09/20,9.39,9.54,9.14,9.29,6179360,100225680.00
2012/09/21,9.15,9.24,8.51,8.62,7354366,112558976.00
2012/09/24,8.52,8.54,8.16,8.39,4990649,72493296.00
2012/09/25,8.36,8.48,7.97,8.18,4763365,68248224.00
2012/09/26,8.12,8.28,7.92,8.03,4535364,64109392.00
2012/09/27,8.05,8.26,7.95,8.18,4364102,61745748.00
2012/09/28,8.11,8.29,8.05,8.17,5165403,73304112.00
2012/10/08,8.22,8.39,8.19,8.26,4042204,58240280.00
2012/10/09,8.22,8.49,8.21,8.46,5377111,78285616.00
2012/10/10,8.40,8.49,8.30,8.47,4510194,65761600.00
2012/10/11,8.44,8.44,8.05,8.06,4206984,60652808.00
2012/10/12,8.08,8.26,8.04,8.16,2676316,37954724.00
2012/10/15,8.10,8.14,7.69,7.78,3480875,47657832.00
2012/10/16,7.76,7.85,7.70,7.78,2214332,30081178.00
2012/10/17,7.85,7.99,7.71,7.91,2590978,35440276.00
2012/10/18,7.96,8.06,7.95,7.96,2867016,39931208.00
2012/10/19,7.94,8.08,7.89,7.98,2478058,34486452.00
2012/10/22,7.90,8.06,7.86,8.03,2165234,30237228.00
2012/10/23,8.06,8.10,7.91,7.92,2125463,29517626.00
2012/10/24,7.86,8.06,7.86,8.06,1849952,25697106.00
2012/10/25,7.98,7.99,7.59,7.61,3832105,52226060.00
2012/10/26,7.62,7.65,7.27,7.36,2327799,30190766.00
2012/10/29,7.32,7.38,7.27,7.34,1329181,16998318.00
2012/10/30,7.37,7.42,7.28,7.33,1114111,14285057.00
2012/10/31,7.35,7.50,7.32,7.46,1421783,18405578.00
2012/11/01,7.48,7.62,7.42,7.55,2173740,28566982.00
2012/11/02,7.50,7.60,7.45,7.49,1459831,19105558.00
2012/11/05,7.48,7.48,7.30,7.34,1806278,23252272.00
2012/11/06,7.34,7.41,7.22,7.41,1758050,22388774.00
2012/11/07,7.39,7.44,7.33,7.43,1202891,15525153.00
2012/11/08,7.35,7.35,7.12,7.12,1393166,17651126.00
2012/11/09,7.06,7.14,7.03,7.06,1053519,13036815.00
2012/11/12,7.06,7.14,7.02,7.12,792805,9812120.00
2012/11/13,7.09,7.10,6.85,6.88,1197595,14562186.00
2012/11/14,6.75,7.04,6.73,7.02,2013226,24476392.00
2012/11/15,6.98,7.00,6.75,6.79,1184365,14258314.00
2012/11/16,6.80,7.20,6.75,7.19,3505829,43241080.00
2012/11/19,7.18,7.34,7.06,7.27,2990911,37642172.00
2012/11/20,7.26,7.28,7.04,7.04,2033804,25440928.00
2012/11/21,6.99,7.19,6.86,7.15,2144551,26389714.00
2012/11/22,7.11,7.11,6.95,6.96,1468390,18005786.00
2012/11/23,6.97,7.06,6.92,6.92,1167507,14247844.00
2012/11/26,6.86,6.92,6.74,6.81,1247973,14878360.00
2012/11/27,6.71,6.78,6.38,6.39,1761419,20212908.00
2012/11/28,6.32,6.36,6.10,6.12,1305564,14249904.00
2012/11/29,6.16,6.21,5.93,5.93,1034904,11049162.00
2012/11/30,5.88,6.01,5.88,5.96,751727,7864320.50
2012/12/03,6.04,6.04,5.60,5.61,951379,9713019.00
2012/12/04,5.61,5.72,5.46,5.69,1139083,11215824.00
2012/12/05,5.65,6.02,5.65,5.91,1732810,17914488.00
2012/12/06,5.93,6.06,5.88,5.96,1589166,16667378.00
2012/12/07,5.96,6.48,5.86,6.27,3392386,36611192.00
2012/12/10,6.26,6.38,6.12,6.35,2629592,29075816.00
2012/12/11,6.32,6.32,6.15,6.16,1766087,19301380.00
2012/12/12,6.15,6.28,6.08,6.26,1649233,17911788.00
2012/12/13,6.91,6.91,6.91,6.91,1575326,19029938.00
2012/12/14,7.15,7.55,6.98,7.42,12003096,152819024.00
2012/12/17,7.22,7.71,7.15,7.65,9178845,118037800.00
2012/12/18,7.48,7.64,7.32,7.38,6615151,86510640.00
2012/12/19,7.32,7.55,7.18,7.42,4767144,61304144.00
2012/12/20,7.28,7.96,7.19,7.62,8681161,115547120.00
2012/12/21,7.59,8.15,7.48,7.87,10298568,140009584.00
2012/12/24,7.85,7.93,7.65,7.91,5637238,76861408.00
2012/12/25,7.91,8.31,7.86,8.07,9965533,140325664.00
2012/12/26,8.06,8.74,7.98,8.65,10447713,153765936.00
2012/12/27,8.65,8.85,8.07,8.09,8732068,127560104.00
2012/12/28,7.97,8.31,7.75,8.21,8120160,113780040.00
2012/12/31,8.11,8.56,8.01,8.42,6792074,97402008.00
2013/01/04,8.42,8.48,8.11,8.40,4601129,66525552.00
2013/01/07,8.33,8.37,8.17,8.29,3288136,47221548.00
2013/01/08,8.24,8.56,8.23,8.44,5083147,74347656.00
2013/01/09,8.42,8.42,7.96,8.07,5065882,72056312.00
2013/01/10,8.08,8.14,7.77,8.00,2791956,38959480.00
2013/01/11,7.98,8.32,7.98,8.05,3935696,55932304.00
2013/01/14,8.03,8.39,7.87,8.32,4761185,68127064.00
2013/01/15,8.32,8.61,8.28,8.42,5216076,76674736.00
2013/01/16,8.38,8.81,8.30,8.72,9391366,141433248.00
2013/01/17,8.83,8.91,8.26,8.29,5177631,76730424.00
2013/01/18,8.16,8.38,8.16,8.36,2623867,37794416.00
2013/01/21,8.36,8.54,8.34,8.42,2586026,38029264.00
2013/01/22,8.44,8.44,7.92,7.95,3064501,43437380.00
2013/01/23,7.95,7.95,7.58,7.78,2623883,35465744.00
2013/01/24,7.77,7.94,7.47,7.56,2106423,28274024.00
2013/01/25,7.52,7.65,7.52,7.58,1042343,13797035.00
2013/01/28,7.55,7.74,7.55,7.74,1768569,23698608.00
2013/01/29,7.75,7.92,7.68,7.86,1960828,26787022.00
2013/01/30,7.87,7.90,7.69,7.75,1390566,18791110.00
2013/01/31,7.79,7.79,7.52,7.73,1594573,21172440.00
2013/02/01,7.65,7.76,7.62,7.66,1223306,16377638.00
2013/02/04,7.68,7.75,7.53,7.56,1254792,16657765.00
2013/02/05,7.52,7.71,7.48,7.70,1108956,14787839.00
2013/02/06,7.70,7.81,7.68,7.75,1153965,15611435.00
2013/02/07,7.74,7.93,7.71,7.88,2008213,27563748.00
2013/02/08,7.90,8.09,7.86,8.09,1706488,23837922.00
2013/02/18,8.08,8.21,8.01,8.08,1915757,27006152.00
2013/02/19,8.08,8.30,8.05,8.18,3103527,44225308.00
2013/02/20,8.16,8.31,8.12,8.25,2215973,31620938.00
2013/02/21,8.21,8.21,7.83,7.92,2189275,30553302.00
2013/02/22,7.92,8.17,7.58,8.13,4513568,62162056.00
2013/02/25,7.98,8.09,7.92,8.02,2211345,30907534.00
2013/02/26,7.96,8.54,7.86,8.29,5352570,77260752.00
2013/02/27,8.29,8.86,8.29,8.75,7941594,118680648.00
2013/02/28,8.62,9.20,8.46,9.09,9486150,146833888.00
2013/03/01,9.62,9.96,9.28,9.62,12334212,205201152.00
2013/03/04,9.34,9.75,9.34,9.48,6953424,114849488.00
2013/03/05,9.51,9.65,9.21,9.61,5972518,97832024.00
2013/03/06,9.52,10.06,9.39,10.01,7623703,127964552.00
2013/03/07,9.92,9.92,9.04,9.18,6451142,107208688.00
2013/03/08,9.18,9.42,8.93,8.94,3817665,61138928.00
2013/03/11,9.02,9.16,8.86,8.95,2199817,34396060.00
2013/03/12,8.95,9.11,8.62,8.74,3092629,47422108.00
2013/03/13,8.76,9.19,8.62,9.12,2721432,42194028.00
2013/03/14,9.12,9.18,8.89,8.93,1876930,29396102.00
2013/03/15,8.92,9.30,8.85,9.18,3049585,48554252.00
2013/03/18,9.15,9.64,9.09,9.39,4630016,75814768.00
2013/03/19,9.42,9.42,8.98,9.28,2656988,42541884.00
2013/03/20,9.31,9.53,9.22,9.47,3069572,50143732.00
2013/03/21,9.48,9.73,9.33,9.44,4034242,66557312.00
2013/03/22,9.33,9.52,9.19,9.25,2982067,48129728.00
2013/03/25,9.25,9.44,9.23,9.27,1798308,29088566.00
2013/03/26,9.31,9.34,8.86,8.95,2299633,35928980.00
2013/03/27,8.98,9.11,8.89,8.95,1617218,25272084.00
2013/03/28,8.93,8.93,8.46,8.46,2368142,35390692.00
2013/03/29,8.45,8.68,8.45,8.46,1278737,19014932.00
2013/04/01,8.46,8.60,8.46,8.58,862625,12825775.00
2013/04/02,8.57,8.70,8.25,8.27,1726054,25391508.00
2013/04/03,8.29,8.35,7.96,7.98,1808582,25521218.00
2013/04/08,7.92,7.92,7.67,7.89,1786132,24245608.00
2013/04/09,7.98,8.45,7.97,8.32,2070972,29795492.00
2013/04/10,8.24,8.72,8.21,8.66,1769388,25933788.00
2013/04/11,8.56,8.82,8.49,8.51,1668181,25039196.00
2013/04/12,8.51,8.57,8.28,8.32,1009460,14730558.00
2013/04/15,8.24,8.38,8.04,8.36,691469,9830497.00
2013/04/16,8.17,8.43,8.16,8.42,853152,12379651.00
2013/04/17,8.44,8.46,8.31,8.42,642113,9366518.00
2013/04/18,8.33,8.61,8.30,8.58,1199400,17692868.00
2013/04/19,8.61,8.78,8.51,8.78,1825312,27586436.00
2013/04/22,8.78,9.02,8.54,8.96,2776906,42551044.00
2013/04/23,8.98,9.00,8.60,8.66,2107926,32313526.00
2013/04/24,8.67,9.06,8.66,9.06,2832913,43952812.00
2013/04/25,9.02,9.45,8.96,8.98,3202640,51292876.00
2013/04/26,8.92,9.29,8.59,8.68,2151147,33236868.00
2013/05/02,8.65,8.88,8.37,8.80,1427355,21494680.00
2013/05/03,8.81,9.15,8.81,9.09,1768814,27797158.00
2013/05/06,9.09,9.58,9.06,9.55,4373809,71480616.00
2013/05/07,9.51,9.55,9.30,9.39,2436285,39811244.00
2013/05/08,9.42,9.70,9.34,9.50,3282297,54315180.00
2013/05/09,9.42,9.84,9.38,9.72,4721624,79309680.00
2013/05/10,9.69,9.84,9.46,9.61,2470045,41188996.00
2013/05/13,9.62,9.62,9.35,9.50,2193111,35937284.00
2013/05/14,9.83,10.47,9.83,10.08,9904398,175514656.00
2013/05/15,9.75,11.04,9.58,10.74,8974296,159887408.00
2013/05/16,10.64,11.26,10.45,10.55,9641382,181894816.00
2013/05/17,10.66,11.08,10.61,10.75,6849273,127965752.00
2013/05/20,10.75,11.54,10.59,11.32,7241970,137875520.00
2013/05/21,11.15,11.77,11.01,11.52,6971808,137622544.00
2013/05/22,11.50,11.66,10.81,10.91,5113910,99351112.00
2013/05/23,10.75,11.25,10.75,10.93,3543713,67495328.00
2013/05/24,10.92,11.25,10.86,11.20,3390840,65118216.00
2013/05/27,11.22,11.33,10.93,11.20,3058664,58800600.00
2013/05/28,11.18,11.22,10.55,10.64,4274754,79646344.00
2013/05/29,10.64,10.86,10.54,10.71,1983355,36775884.00
2013/05/30,10.72,11.04,10.58,11.02,2874801,54262224.00
2013/05/31,11.02,11.09,10.77,10.85,1988589,37457300.00
2013/06/03,10.79,10.83,10.51,10.56,1807940,33391224.00
2013/06/04,10.45,10.63,10.28,10.56,1859287,33570796.00
2013/06/05,10.56,10.67,10.36,10.42,1143651,20742710.00
2013/06/06,10.37,10.45,10.28,10.35,1337370,24029768.00
2013/06/07,10.35,10.47,9.85,10.17,2371140,41295668.00
2013/06/13,9.98,10.15,9.69,10.09,1375681,23579874.00
2013/06/14,10.15,10.66,10.04,10.52,2212312,39887068.00
2013/06/17,10.61,10.92,10.52,10.68,2484025,45926228.00
2013/06/18,10.47,10.95,10.47,10.90,1829057,34054548.00
2013/06/19,10.82,10.96,10.55,10.94,1480921,27552302.00
2013/06/20,10.80,11.09,10.34,10.40,1874642,34763004.00
2013/06/21,9.86,10.51,9.79,10.40,1370657,24047438.00
2013/06/24,10.40,10.65,9.57,9.80,1533344,26763680.00
2013/06/25,9.78,10.33,8.85,10.25,2334312,39454224.00
2013/06/26,10.26,10.71,10.05,10.68,2014429,36283144.00
2013/06/27,10.69,10.89,10.29,10.64,2911015,53115016.00
2013/06/28,10.45,10.76,10.21,10.30,1815127,32714134.00
2013/07/01,10.28,11.01,10.11,11.01,2797021,51791736.00
2013/07/02,11.21,12.12,11.20,11.86,8656857,173883152.00
2013/07/03,11.62,12.21,11.51,12.13,5570382,113400080.00
2013/07/04,11.71,11.98,11.63,11.66,2733776,55487988.00
2013/07/05,11.63,11.82,11.09,11.09,2329843,45952448.00
2013/07/08,10.89,11.36,10.25,11.26,2771078,52109744.00
2013/07/09,11.26,11.45,11.05,11.25,1271777,24622682.00
2013/07/10,11.12,11.71,11.12,11.68,2020683,40073288.00
2013/07/11,11.75,11.87,11.45,11.69,2323252,46649276.00
2013/07/12,11.65,12.29,11.63,11.98,3737057,77504544.00
2013/07/15,12.21,12.80,12.08,12.62,4415591,95612912.00
2013/07/16,12.46,12.77,12.34,12.48,2574383,55414808.00
2013/07/17,12.35,12.65,11.64,11.85,2668779,55819592.00
2013/07/18,11.88,12.73,11.73,12.63,3358086,71433440.00
2013/07/19,12.80,12.98,12.04,12.06,3797656,82652952.00
2013/07/22,11.73,12.56,11.64,12.48,3117515,65824068.00
2013/07/23,12.45,12.82,12.13,12.77,3090108,66249292.00
2013/07/24,12.63,14.06,12.63,14.06,6526051,151943168.00
2013/07/25,13.98,13.98,13.02,13.41,4239804,98647920.00
2013/07/26,13.27,13.76,13.03,13.63,3698018,85711064.00
2013/07/29,13.51,13.62,12.95,12.96,1912686,43368516.00
2013/07/30,12.94,13.15,12.09,12.35,2900627,62119424.00
2013/07/31,12.33,12.54,11.92,12.52,1884378,39755580.00
2013/08/01,12.45,13.26,12.38,13.12,1957400,43547684.00
2013/08/02,13.07,13.44,12.86,12.88,2103757,47602560.00
2013/08/05,12.89,13.45,12.68,13.39,2039809,45882872.00
2013/08/06,13.39,13.43,13.15,13.32,1660247,37974780.00
2013/08/07,13.38,13.38,12.56,12.65,2117588,46980164.00
2013/08/08,12.65,12.88,12.41,12.60,1297566,28240182.00
2013/08/09,12.75,12.77,12.32,12.56,1222174,26330146.00
2013/08/12,12.68,12.74,12.38,12.59,968813,20915082.00
2013/08/13,12.59,12.73,12.51,12.68,1035043,22502620.00
2013/08/14,12.63,12.93,12.51,12.88,1476567,32299206.00
2013/08/15,12.84,13.08,12.65,12.65,1030118,22781894.00
2013/08/16,12.66,12.68,11.92,11.95,1459349,30846316.00
2013/08/19,11.97,12.33,11.97,12.31,908752,18970628.00
2013/08/20,12.15,12.74,12.08,12.61,1406272,30146990.00
2013/08/21,12.56,13.06,12.56,12.89,1961921,43334232.00
2013/08/22,12.84,13.70,12.84,13.49,3638532,83721080.00
2013/08/23,13.45,13.83,13.39,13.71,2873856,67253936.00
2013/08/26,13.78,14.45,13.78,14.32,2569784,62447256.00
2013/08/27,14.21,14.33,14.04,14.21,1376242,33515308.00
2013/08/28,14.04,14.08,13.73,13.86,1683601,40152360.00
2013/08/29,13.83,14.42,13.75,14.22,1264033,30655466.00
2013/08/30,14.26,14.27,13.09,13.42,1862281,43488916.00
2013/09/02,13.38,13.62,13.15,13.55,848017,19515292.00
2013/09/03,13.55,13.67,13.33,13.66,749234,17330270.00
2013/09/04,13.66,14.08,13.45,14.07,1306720,30930062.00
2013/09/05,14.08,14.12,13.78,13.89,821741,19655768.00
2013/09/06,13.89,13.96,13.30,13.32,1341801,31059676.00
2013/09/09,13.33,13.45,12.80,13.45,1104359,24899440.00
2013/09/10,13.44,13.66,13.09,13.34,827609,19019152.00
2013/09/11,13.13,13.62,12.98,12.99,2011567,45879068.00
2013/09/12,12.95,13.12,12.79,12.91,966188,21404822.00
2013/09/13,12.91,13.27,12.61,13.24,1587072,35300644.00
2013/09/16,13.21,13.46,12.86,13.14,1557629,35183684.00
2013/09/17,13.06,13.09,12.79,12.83,531070,11752483.00
2013/09/18,12.96,13.21,12.85,13.21,1087872,24524996.00
2013/09/23,13.23,13.62,13.06,13.48,2091615,48275772.00
2013/09/24,13.51,13.59,13.27,13.42,1262778,29110830.00
2013/09/25,13.42,13.46,13.13,13.21,856747,19532698.00
2013/09/26,13.04,13.39,13.04,13.34,660987,15076070.00
2013/09/27,13.35,13.44,13.12,13.41,727565,16643109.00
2013/09/30,13.45,13.61,13.34,13.58,1302825,30269744.00
2013/10/08,13.61,13.91,13.47,13.78,1414987,33288026.00
2013/10/09,13.78,13.79,13.39,13.54,1061013,24660232.00
2013/10/10,13.45,13.54,13.21,13.40,829833,19044812.00
2013/10/11,13.46,13.52,13.39,13.45,613970,14181973.00
2013/10/14,13.56,13.88,13.28,13.85,1573897,36821356.00
2013/10/15,13.86,13.89,13.53,13.73,875855,20638766.00
2013/10/16,13.64,13.64,13.27,13.42,711942,16426068.00
2013/10/17,13.55,13.55,13.32,13.50,606645,14007704.00
2013/10/18,13.39,13.83,13.39,13.71,1084952,25545956.00
2013/10/21,13.71,14.08,13.46,13.94,1886554,44866608.00
2013/10/22,13.94,14.27,13.74,14.26,2807439,67920600.00
2013/10/23,14.21,14.39,13.31,14.12,2559099,60878640.00
2013/10/24,14.03,14.03,13.39,13.41,997725,23360296.00
2013/10/25,13.41,13.56,12.69,12.74,1840987,41127728.00
2013/10/28,12.74,13.24,12.45,12.89,1217977,27098486.00
2013/10/29,12.89,13.23,12.65,13.10,1781956,39955008.00
2013/10/30,13.10,13.26,12.91,13.21,550078,12402458.00
2013/10/31,13.21,13.21,11.89,12.52,1026676,22114986.00
2013/11/01,12.01,12.58,11.92,12.38,567337,12006844.00
2013/11/04,12.39,12.48,12.01,12.06,1053308,21930720.00
2013/11/05,12.06,12.39,12.04,12.38,426478,8967656.00
2013/11/06,12.16,12.44,12.14,12.14,338606,7149848.00
2013/11/07,11.98,12.19,11.84,11.84,803651,16454493.00
2013/11/08,11.76,11.88,11.50,11.64,679794,13654749.00
2013/11/11,11.54,12.32,11.54,12.21,426828,8805721.00
2013/11/12,11.94,12.44,11.94,12.12,731885,15414074.00
2013/11/13,12.21,12.33,11.98,12.10,1139753,23934410.00
2013/11/14,12.09,12.39,11.99,12.34,372104,7863583.50
2013/11/15,12.35,12.68,12.22,12.68,706488,15257517.00
2013/11/18,12.69,12.85,12.68,12.75,642510,14104445.00
2013/11/19,12.70,12.79,12.45,12.55,575443,12476262.00
2013/11/20,12.52,12.60,12.28,12.45,494685,10574511.00
2013/11/21,12.35,12.84,12.35,12.77,1082003,23661582.00
2013/11/22,12.68,13.15,12.65,12.94,1431456,31733188.00
2013/11/25,12.92,13.44,12.92,13.08,1295726,29267488.00
2013/11/26,13.08,13.39,12.92,13.19,860813,19353112.00
2013/11/27,12.97,13.56,12.97,13.38,943587,21752262.00
2013/11/28,13.45,13.79,13.27,13.64,929553,21756434.00
2013/11/29,13.78,14.01,13.59,14.01,1845224,44080568.00
2013/12/02,13.62,13.62,12.59,12.59,1701078,38332804.00
2013/12/03,12.56,13.87,12.44,13.87,2090204,49033572.00
2013/12/04,14.20,14.27,13.81,14.18,3425164,82832952.00
2013/12/05,14.15,14.42,13.51,13.80,2226618,53805280.00
2013/12/06,13.68,13.68,13.11,13.39,1438565,33009414.00
2013/12/09,13.34,14.75,13.26,14.48,8025408,200952256.00
2013/12/10,14.28,14.49,13.80,14.45,4437995,108059616.00
2013/12/11,14.32,14.44,14.02,14.19,1173898,28599622.00
2013/12/12,14.19,14.46,14.01,14.39,1535226,37562504.00
2013/12/13,14.33,15.04,14.21,14.68,4101018,104174968.00
2013/12/16,14.86,15.38,14.57,14.71,3345544,86457392.00
2013/12/17,14.74,14.74,14.11,14.50,1801956,44566724.00
2013/12/18,14.56,15.12,14.19,14.90,1951061,49098372.00
2013/12/19,14.78,15.31,14.74,14.80,2017325,51937564.00
2013/12/20,14.67,15.15,14.63,14.75,1633398,41771560.00
2013/12/23,14.82,14.82,13.61,14.25,1724578,41834412.00
2013/12/24,14.28,15.50,13.84,15.33,4092274,104738624.00
2013/12/25,15.15,15.68,14.95,15.54,3125363,82054328.00
2013/12/26,15.38,16.01,15.09,15.60,2943175,78694720.00
2013/12/27,15.51,16.50,15.33,16.44,4383708,120814928.00
2013/12/30,16.39,17.79,16.04,17.21,5627878,162830192.00
2013/12/31,16.86,17.26,16.09,17.24,4654030,134002432.00
2014/01/02,16.86,17.68,16.52,16.62,3913121,114588136.00
2014/01/03,16.53,17.63,16.19,17.43,3534120,102795880.00
2014/01/06,16.86,18.02,16.51,16.58,2925070,86062784.00
2014/01/07,16.58,16.76,16.04,16.56,1570607,44028292.00
2014/01/08,16.71,17.14,16.33,16.81,1633341,46989620.00
2014/01/09,16.79,16.83,15.92,16.02,1841965,51662184.00
2014/01/10,15.88,16.32,15.66,15.74,1649226,45119912.00
2014/01/13,15.77,16.80,15.75,16.78,2417573,68202544.00
2014/01/14,16.68,17.85,16.68,17.74,3141153,94036856.00
2014/01/15,18.04,18.17,17.36,17.55,2550163,77409120.00
2014/01/16,17.55,18.39,17.39,17.86,2732558,83836544.00
2014/01/17,17.58,17.77,17.26,17.50,2185293,65667288.00
2014/01/20,17.58,17.74,16.62,16.92,1860867,54511964.00
2014/01/21,16.69,18.09,16.69,18.06,2278990,68512704.00
2014/01/22,18.09,18.61,17.92,18.50,3419549,106666824.00
2014/01/23,18.45,18.86,18.10,18.71,1752974,55504496.00
2014/01/24,18.67,18.86,18.42,18.51,1544379,49262220.00
2014/01/27,18.35,18.60,17.98,18.59,2512550,78995608.00
2014/01/28,18.59,18.94,18.23,18.59,1813758,57676540.00
2014/01/29,18.66,18.74,18.18,18.38,1170210,36761564.00
2014/01/30,18.39,18.39,17.80,17.95,780411,24108624.00
2014/02/07,17.80,18.99,17.74,18.98,1903258,61035984.00
2014/02/10,19.27,19.42,18.80,19.21,2156407,70542576.00
2014/02/11,19.24,19.96,19.04,19.51,2785061,92862560.00
2014/02/12,19.68,19.68,19.15,19.50,1302599,43273616.00
2014/02/13,19.39,19.79,19.20,19.20,1783482,59393012.00
2014/02/14,19.02,19.86,18.86,19.68,2167584,71784152.00
2014/02/17,19.79,20.07,19.54,19.91,1826596,61952144.00
2014/02/18,19.92,20.15,19.62,19.89,1314402,44687172.00
2014/02/19,19.86,20.21,19.39,19.65,1238563,41665412.00
2014/02/20,19.52,19.74,19.01,19.16,944230,31158782.00
2014/02/21,19.05,19.38,18.33,18.45,1630550,52348624.00
2014/02/24,18.44,18.80,17.27,18.64,1720762,53077788.00
2014/02/25,18.45,19.27,17.86,18.86,2152417,69048064.00
2014/02/26,18.80,18.95,17.86,18.13,1082746,33797748.00
2014/02/27,18.09,18.45,17.51,17.51,1768570,54407376.00
2014/02/28,17.48,17.48,15.96,16.82,2628934,74912168.00
2014/03/03,16.62,17.11,16.62,16.91,1392880,40250772.00
2014/03/04,16.77,17.02,16.56,16.95,980641,28307860.00
2014/03/05,16.95,17.84,16.95,17.44,1398924,41973396.00
2014/03/06,17.51,17.51,16.73,17.15,1055088,30749790.00
2014/03/07,16.94,17.54,16.84,17.44,936743,27611510.00
2014/03/10,17.12,17.44,16.62,16.66,806513,23450300.00
2014/03/11,16.33,16.98,16.33,16.63,457738,13095192.00
2014/03/12,16.61,17.15,16.45,17.15,928245,26896194.00
2014/03/13,17.14,17.68,16.98,17.55,849615,25489484.00
2014/03/14,17.62,18.17,17.39,17.98,1067449,32828414.00
2014/03/17,18.14,18.68,17.68,18.45,1061428,32960912.00
2014/03/18,18.56,18.62,18.11,18.15,780259,24477304.00
2014/03/19,18.09,18.09,17.62,17.71,1067390,32507558.00
2014/03/20,17.71,17.93,16.97,16.97,1000395,30010198.00
2014/03/21,16.92,16.92,16.05,16.34,3674994,102845080.00
2014/03/24,16.38,16.51,15.74,15.84,2281628,62602052.00
2014/03/25,15.85,16.29,15.85,16.27,1174861,32481988.00
2014/03/26,16.28,16.68,16.28,16.44,917478,25870656.00
2014/03/27,16.45,16.62,15.81,15.81,1320034,36645432.00
2014/03/28,15.78,15.96,14.68,15.43,716769,18798328.00
2014/03/31,15.43,15.59,15.07,15.59,535294,14032030.00
2014/04/01,15.59,15.90,15.45,15.85,498108,13392546.00
2014/04/02,15.78,15.99,15.33,15.41,462610,12298112.00
2014/04/03,15.17,15.79,15.05,15.56,455269,12115378.00
2014/04/04,15.51,15.98,15.28,15.83,457098,12377417.00
2014/04/08,15.86,16.32,15.76,16.24,583289,16125842.00
2014/04/09,16.18,16.74,16.18,16.74,944513,26654866.00
2014/04/10,16.86,17.08,16.55,16.79,1112939,31962716.00
2014/04/11,16.69,16.79,16.28,16.29,610887,17279178.00
2014/04/14,16.16,16.39,16.06,16.24,524248,14552213.00
2014/04/15,16.28,16.39,15.77,15.84,682433,18699660.00
2014/04/16,15.86,15.90,15.45,15.74,590396,15843177.00
2014/04/17,15.61,15.81,15.52,15.64,663846,17749162.00
2014/04/18,15.51,15.84,15.51,15.73,343848,9246395.00
2014/04/21,15.70,15.86,15.39,15.60,406237,10975243.00
2014/04/22,15.32,15.68,14.95,15.41,701259,18390488.00
2014/04/23,15.37,15.40,15.12,15.33,357338,9331691.00
2014/04/24,15.36,15.39,14.86,14.92,632193,16465858.00
2014/04/25,14.95,14.95,14.11,14.51,752891,18697828.00
2014/04/28,14.39,14.45,13.60,14.04,995451,23781830.00
2014/04/29,14.00,14.15,13.81,14.11,701891,16841520.00
2014/04/30,14.27,14.27,13.87,14.23,561869,13598513.00
2014/05/05,14.21,14.33,13.99,14.27,328364,8011234.00
2014/05/06,14.32,14.49,14.24,14.34,824299,20311034.00
2014/05/07,14.30,14.44,13.48,13.66,820321,19441098.00
2014/05/08,13.51,13.95,13.39,13.56,754355,17729434.00
2014/05/09,13.56,13.56,12.92,13.32,617552,14035390.00
2014/05/12,13.32,13.44,13.12,13.44,1227466,28009966.00
2014/05/13,13.45,13.62,13.16,13.26,603583,13892152.00
2014/05/14,13.30,13.30,12.93,12.98,629551,14110703.00
2014/05/15,12.98,13.03,12.62,12.62,994252,21881480.00
2014/05/16,12.67,12.78,12.29,12.43,1627656,34839056.00
2014/05/19,12.45,12.61,12.04,12.21,1302621,27508578.00
2014/05/20,12.26,12.56,12.21,12.45,1336991,28474890.00
2014/05/21,12.45,12.51,12.24,12.49,1048150,22286426.00
2014/05/22,12.52,12.95,12.44,12.73,1514064,33193686.00
2014/05/23,12.72,13.33,12.62,13.25,1246593,27901472.00
2014/05/26,13.40,13.77,13.21,13.77,1565513,36291080.00
2014/05/27,13.71,13.84,13.41,13.45,855064,19946336.00
2014/05/28,13.36,14.01,13.34,13.94,1047967,24646810.00
2014/05/29,13.94,14.39,13.83,14.04,1151026,27831262.00
2014/05/30,13.92,14.12,13.83,14.02,758528,18168976.00
2014/06/03,14.02,14.40,14.01,14.21,703318,17220220.00
2014/06/04,14.08,14.16,13.66,13.74,512880,12230565.00
2014/06/05,13.68,14.00,13.55,13.91,574642,13604265.00
2014/06/06,13.92,14.78,13.92,14.51,1171980,29215998.00
2014/06/09,14.36,14.74,14.24,14.34,946702,23556032.00
2014/06/10,14.56,14.58,13.98,14.58,690008,16888048.00
2014/06/11,14.64,15.27,14.42,15.19,1323400,33623312.00
2014/06/12,15.32,15.73,15.05,15.11,1985850,52448448.00
2014/06/13,15.19,15.35,15.06,15.19,735566,19113516.00
2014/06/16,15.16,15.34,15.04,15.15,704553,18258664.00
2014/06/17,15.06,15.34,14.88,14.92,619029,16032037.00
2014/06/18,15.19,15.23,14.66,15.01,522514,13261398.00
2014/06/19,14.78,15.01,14.35,14.64,610777,15333710.00
2014/06/20,14.52,14.75,14.33,14.64,331416,8224307.50
2014/06/23,14.64,14.87,14.64,14.75,434311,10943360.00
2014/06/24,14.87,15.19,14.64,15.11,1174612,30101704.00
2014/06/25,15.10,15.10,14.19,14.62,1046611,26070822.00
2014/06/26,14.57,14.96,14.05,14.64,1366898,34312076.00
2014/06/27,14.52,14.74,14.04,14.49,2327602,56765816.00
2014/06/30,14.34,14.62,13.87,14.59,2253903,54652128.00
2014/07/01,14.63,15.26,14.43,15.22,3073775,79189944.00
2014/07/02,15.34,15.38,14.99,15.23,1400560,36316332.00
2014/07/03,15.24,15.30,15.05,15.10,1258671,32581224.00
2014/07/04,15.17,15.70,15.17,15.34,2524589,66457532.00
2014/07/07,15.42,15.51,14.82,15.03,1692297,43484352.00
2014/07/08,14.97,15.23,14.72,15.11,1257318,32217726.00
2014/07/09,14.99,15.21,14.43,14.46,1895387,47574744.00
2014/07/10,14.40,14.56,14.05,14.25,1084245,26481568.00
2014/07/11,14.22,14.48,14.05,14.32,612966,15001202.00
2014/07/14,14.22,14.51,14.14,14.51,973321,23856588.00
2014/07/15,14.53,14.53,14.12,14.39,1271802,30988346.00
2014/07/16,14.31,14.37,13.73,14.22,1932537,46175476.00
2014/07/17,14.19,14.20,13.31,13.52,1412083,33199248.00
2014/07/18,13.37,13.69,13.37,13.46,651132,15039397.00
2014/07/21,13.46,13.46,13.19,13.27,855739,19460602.00
2014/07/22,13.30,13.51,13.25,13.44,438938,10067198.00
2014/07/23,13.48,13.52,12.75,12.81,1641131,36406608.00
2014/07/24,12.81,12.97,12.39,12.61,977116,21054316.00
2014/07/25,12.79,12.86,12.64,12.84,802729,17540876.00
2014/07/28,12.84,13.31,12.84,13.17,898310,20190316.00
2014/07/29,13.17,13.64,13.17,13.58,1655424,37895960.00
2014/07/30,13.60,14.19,13.59,13.98,2542375,60800800.00
2014/07/31,14.06,14.14,13.64,13.99,1172740,27781314.00
2014/08/01,14.56,15.22,14.14,14.23,3389725,84789088.00
2014/08/04,14.30,14.30,13.87,14.04,2093130,50086500.00
2014/08/05,14.05,14.16,13.80,14.08,2129776,51014880.00
2014/08/06,14.02,14.02,13.78,13.82,2247967,53152836.00
2014/08/07,13.84,13.91,13.75,13.80,1431450,33829648.00
2014/08/08,13.80,13.87,13.58,13.85,1293614,30333074.00
2014/08/11,13.82,14.09,13.76,13.99,2220447,53065612.00
2014/08/12,13.93,14.16,13.90,13.93,1438060,34394180.00
2014/08/13,13.92,14.08,13.71,13.86,1282374,30340528.00
2014/08/14,13.88,14.16,13.75,14.13,2414741,57702304.00
2014/08/15,14.13,14.19,13.93,14.02,2075931,49821416.00
2014/08/18,14.02,14.16,13.92,14.16,2364390,56629012.00
2014/08/19,14.14,14.51,14.11,14.45,3799408,92970888.00
2014/08/20,14.46,14.69,14.28,14.36,3883897,96070072.00
2014/08/21,14.33,14.45,13.99,14.44,3217561,78107552.00
2014/08/22,14.59,15.81,14.58,15.53,9563884,247577392.00
2014/08/25,15.41,15.52,15.05,15.49,4520562,118360664.00
2014/08/26,15.34,15.40,14.79,15.11,2782861,72095616.00
2014/08/27,14.91,15.38,14.89,15.16,2333146,60516164.00
2014/08/28,15.18,15.31,14.91,15.25,1822477,47140680.00
2014/08/29,15.24,15.62,14.99,15.62,2872147,75614504.00
2014/09/01,15.62,16.11,15.42,16.08,3530892,95971440.00
2014/09/02,16.05,16.11,15.78,15.99,2732261,74390032.00
2014/09/03,16.08,16.15,15.76,15.99,2896512,78824624.00
2014/09/04,15.99,15.99,15.61,15.71,3542228,95089456.00
2014/09/05,15.72,15.78,15.25,15.46,3751820,99112128.00
2014/09/09,15.43,15.58,15.34,15.42,2616968,69043640.00
2014/09/10,15.45,15.79,15.41,15.78,4128305,109983176.00
2014/09/11,15.78,16.15,15.52,15.64,4660323,126041736.00
2014/09/12,15.69,15.98,15.43,15.90,3260174,87208816.00
2014/09/15,15.99,16.08,15.82,15.93,4256998,115939400.00
2014/09/16,15.93,16.14,15.05,15.11,4234516,112552512.00
2014/09/17,15.06,15.28,14.54,14.89,4105976,103427096.00
2014/09/18,14.84,14.86,14.66,14.78,2532370,63789852.00
2014/09/19,14.84,15.02,14.79,14.93,2723778,69408424.00
2014/09/22,14.90,14.93,14.55,14.60,2993359,74930576.00
2014/09/23,14.58,14.79,14.58,14.69,2239819,56167036.00
2014/09/24,14.64,15.02,14.59,15.00,3400717,86546232.00
2014/09/25,15.32,15.56,15.14,15.17,3800434,99738304.00
2014/09/26,15.14,15.79,15.05,15.68,4466705,118628352.00
2014/09/29,15.81,15.90,15.55,15.64,3052805,81703552.00
2014/09/30,15.61,15.79,15.54,15.75,2467868,66084820.00
2014/10/08,15.79,15.81,15.55,15.76,2052344,55036340.00
2014/10/09,15.75,16.01,15.40,15.65,2825128,75773944.00
2014/10/10,15.62,15.62,15.24,15.40,2411448,63324068.00
2014/10/13,15.34,15.34,14.96,15.22,2077803,53649028.00
2014/10/14,15.15,15.28,14.92,14.99,1876423,48433480.00
2014/10/15,15.05,15.16,14.93,15.07,1820549,46835464.00
2014/10/16,15.03,15.19,14.93,15.05,1618114,41680072.00
2014/10/17,15.03,15.13,14.70,14.79,1834189,46576084.00
2014/10/20,14.81,15.22,14.81,15.19,1798130,46070596.00
2014/10/21,15.16,15.28,15.02,15.06,1814606,46940436.00
2014/10/22,15.11,15.21,14.80,14.81,1043437,26646818.00
2014/10/23,14.71,15.68,14.22,15.66,4429763,113375488.00
2014/10/24,15.52,15.74,15.40,15.51,5641170,150240080.00
2014/10/27,15.22,15.74,14.93,15.68,3659198,96017576.00
2014/10/28,15.52,15.99,15.46,15.90,5346178,144494208.00
2014/10/29,15.96,16.11,15.82,15.98,4624863,125976624.00
2014/10/30,15.95,15.95,15.56,15.59,3633919,97596784.00
2014/10/31,15.59,16.69,15.52,16.44,7728104,214361632.00
2014/11/03,16.53,17.34,16.29,17.16,6945940,199311904.00
2014/11/04,17.15,17.74,16.61,16.76,7495019,218220496.00
2014/11/05,16.85,16.91,16.38,16.45,3061207,86233024.00
2014/11/06,16.40,16.84,16.40,16.75,3257304,92676168.00
2014/11/07,16.98,17.28,16.33,16.58,4588968,132281024.00
2014/11/10,16.53,16.54,16.11,16.43,2739381,76048776.00
2014/11/11,16.40,16.51,15.58,15.63,2892991,78666192.00
2014/11/12,15.58,15.91,15.58,15.91,1417449,38173896.00
2014/11/13,15.90,15.91,15.40,15.51,1871766,49636712.00
2014/11/14,15.52,15.96,15.46,15.90,1546679,41607712.00
2014/11/17,15.88,16.09,15.72,15.87,1577634,42993860.00
2014/11/18,15.82,15.98,15.69,15.94,1005124,27157910.00
2014/11/19,15.96,16.38,15.87,16.37,2142109,59113632.00
2014/11/20,16.37,16.56,16.21,16.45,2243590,62865016.00
2014/11/21,16.44,16.51,16.25,16.45,1507982,42166652.00
2014/11/24,16.52,16.57,16.22,16.41,1777557,49636152.00
2014/11/25,16.39,17.07,16.31,16.91,3630763,104315712.00
2014/11/26,16.88,17.14,16.62,16.84,2935034,84331144.00
2014/11/27,16.84,17.23,16.38,17.11,4476581,128314856.00
2014/11/28,17.05,17.27,16.75,16.78,3962938,114804752.00
2014/12/01,16.58,16.62,15.74,15.96,4283354,117859896.00
2014/12/02,15.96,16.14,15.82,15.94,3292742,89866576.00
2014/12/03,15.93,15.96,15.41,15.93,3557602,95210816.00
2014/12/04,15.93,16.13,15.84,16.02,3728965,101966320.00
2014/12/05,15.98,15.98,15.15,15.34,4499150,118481536.00
2014/12/08,15.22,15.42,14.89,15.22,3608378,93816024.00
2014/12/09,15.22,15.22,13.69,13.71,5897830,146682000.00
2014/12/10,13.78,14.28,13.78,14.22,2609370,62601132.00
2014/12/11,14.06,14.82,14.06,14.69,2293244,56883792.00
2014/12/12,14.69,14.86,14.51,14.84,1759862,44025700.00
2014/12/15,14.84,15.31,14.84,15.24,2883238,74357928.00
2014/12/16,15.25,15.36,15.05,15.14,1674132,43383012.00
2014/12/17,15.15,15.48,14.81,15.26,2602893,67209056.00
2014/12/18,15.26,15.39,15.11,15.16,1640701,42627196.00
2014/12/19,15.03,15.22,14.35,15.21,2493912,62683652.00
2014/12/22,15.15,15.19,14.08,14.09,1663582,41197668.00
2014/12/23,14.19,15.07,14.19,14.55,1876970,47045736.00
2014/12/24,14.68,14.94,14.46,14.84,1228032,30867528.00
2014/12/25,14.91,14.96,14.68,14.88,966348,24475078.00
2014/12/26,14.86,14.99,14.70,14.82,1040005,26276126.00
2014/12/29,14.92,14.92,14.40,14.64,1263485,31363808.00
2014/12/30,14.64,14.64,14.05,14.28,1212272,29614892.00
2014/12/31,14.05,14.52,14.02,14.34,1035381,25264340.00
2015/01/05,14.31,14.36,13.58,13.93,2748121,65200724.00
2015/01/06,13.81,14.19,13.48,14.16,2194244,51899804.00
2015/01/07,14.09,14.15,13.80,13.90,968680,23032406.00
2015/01/08,13.90,14.06,13.80,13.99,1327317,31748498.00
2015/01/09,13.98,14.20,13.90,14.05,1297520,31261322.00
2015/01/12,13.80,14.05,13.76,13.77,559998,13249356.00
2015/01/13,13.43,14.28,13.43,14.17,1615397,38561112.00
2015/01/14,14.11,14.27,13.87,13.96,737141,17692714.00
2015/01/15,13.93,14.02,13.66,13.89,1292261,30536838.00
2015/01/16,13.84,14.24,13.83,14.06,1107111,26650314.00
2015/01/19,13.98,14.49,13.69,13.86,1795737,43423872.00
2015/01/20,13.82,14.45,13.82,14.45,1945502,47372772.00
2015/01/21,14.72,14.72,14.46,14.55,1908765,47496060.00
2015/01/22,14.46,14.82,14.45,14.81,1941312,48473488.00
2015/01/23,14.81,14.86,14.52,14.61,1248556,31313586.00
2015/01/26,14.60,14.90,14.51,14.73,1450006,36427512.00
2015/01/27,14.72,14.89,14.34,14.81,2106883,53064944.00
2015/01/28,14.69,14.96,14.65,14.81,1486837,37657904.00
2015/01/29,14.72,14.81,14.52,14.64,1187282,29767626.00
2015/01/30,14.64,15.05,14.64,14.97,2724082,69517544.00
2015/02/02,14.90,15.05,14.71,14.84,1650220,42015456.00
2015/02/03,14.78,14.98,14.76,14.87,1251553,31809480.00
2015/02/04,14.87,15.57,14.82,15.34,2872308,74653352.00
2015/02/05,15.34,15.88,15.34,15.69,4430386,118651496.00
2015/02/06,15.58,15.58,14.65,15.06,3544807,91445976.00
2015/02/09,14.93,14.99,14.53,14.84,1719343,43285252.00
2015/02/10,14.79,14.95,14.65,14.82,893897,22651124.00
2015/02/11,14.75,14.91,14.56,14.62,1507877,37768996.00
2015/02/12,14.67,14.90,14.67,14.84,888169,22462774.00
2015/02/13,14.87,15.15,14.81,14.92,1635612,41851420.00
2015/02/16,14.92,15.31,14.86,15.23,2189880,56514688.00
2015/02/17,15.21,15.22,14.99,15.12,1720017,44282656.00
2015/02/25,15.12,15.39,15.05,15.24,2219467,57691472.00
2015/02/26,15.19,15.36,15.11,15.34,1538525,40095712.00
2015/02/27,15.68,16.46,15.66,15.99,7320757,199830464.00
2015/03/02,15.90,16.16,15.71,16.11,4305574,117565504.00
2015/03/03,16.01,16.52,15.91,16.29,5418900,150329056.00
2015/03/04,16.45,16.95,16.15,16.93,6014757,170530512.00
2015/03/05,16.99,18.16,16.88,17.70,6781952,202020640.00
2015/03/06,17.75,17.75,16.91,17.11,3909263,114860288.00
2015/03/09,16.94,18.65,16.69,18.28,4994598,152330688.00
2015/03/10,18.14,18.47,17.93,18.09,3046419,94308160.00
2015/03/11,18.06,18.16,17.44,17.81,2686290,81126680.00
2015/03/12,17.71,18.14,16.99,17.73,2912515,87461032.00
2015/03/13,17.73,18.02,17.25,17.94,2222066,67240280.00
2015/03/16,18.16,18.62,17.93,18.35,3445577,107422800.00
2015/03/17,18.33,19.27,18.06,18.92,4112363,130459480.00
2015/03/18,18.99,18.99,18.46,18.84,2250676,72082584.00
2015/03/19,18.75,19.78,18.64,19.06,3626775,118471296.00
2015/03/20,18.79,18.98,18.51,18.63,3064886,97656496.00
2015/03/23,18.63,18.85,18.39,18.61,3168249,100592888.00
2015/03/24,18.78,20.48,18.78,20.48,9096723,307557344.00
2015/03/25,20.99,22.33,20.27,21.47,9129257,332985152.00
2015/03/26,21.64,22.61,20.05,21.40,7733418,281326976.00
2015/03/27,20.80,21.43,20.62,20.83,3874628,138333552.00
2015/03/30,21.09,21.30,20.09,20.34,5278833,184073232.00
2015/03/31,20.25,20.61,20.02,20.28,4580688,158757664.00
2015/04/01,20.14,20.72,20.11,20.55,3551614,124186160.00
2015/04/02,20.64,21.22,20.40,20.79,4458987,157866528.00
2015/04/03,20.64,20.81,20.35,20.66,5100781,178606528.00
2015/04/07,20.66,21.36,20.52,21.35,7248251,258190864.00
2015/04/08,21.37,21.43,19.81,20.51,5694700,201437952.00
2015/04/09,20.69,20.71,19.34,20.16,3984291,136218640.00
2015/04/10,19.93,20.45,19.77,20.39,3977879,137590704.00
2015/04/13,20.46,21.21,20.27,20.89,5302203,187964656.00
2015/04/14,20.85,20.85,20.24,20.44,3494522,122595896.00
2015/04/15,20.58,22.15,20.58,20.99,8932947,324667360.00
2015/04/16,20.46,20.89,18.88,20.22,5073591,173294976.00
2015/04/17,20.22,20.48,19.32,19.55,6649044,223655712.00
2015/04/20,19.43,19.44,18.37,18.58,5862756,188692608.00
2015/04/21,18.57,19.21,18.45,19.19,4678104,150816224.00
2015/04/22,19.34,19.78,19.16,19.62,4447832,147952224.00
2015/04/23,19.62,20.72,19.46,20.09,6694489,230579040.00
2015/05/12,22.11,22.11,22.11,22.11,260019,9805316.00
2015/05/13,24.33,24.33,24.33,24.33,322369,13371866.00
2015/05/14,26.77,26.77,26.77,26.77,207649,9475024.00
2015/05/15,29.45,29.45,29.45,29.45,794938,39897940.00
2015/05/18,32.41,32.41,32.41,32.41,1511299,83438816.00
2015/05/19,35.65,35.65,34.99,35.65,7476274,452982400.00
2015/05/20,39.22,39.22,39.22,39.22,377426,25212056.00
2015/05/21,43.15,43.15,43.15,43.15,623384,45806256.00
2015/05/22,46.92,46.92,40.85,42.85,25124888,1884559104.00
2015/05/25,39.93,42.15,39.05,41.05,10974992,763056000.00
2015/05/26,40.99,44.02,40.52,42.75,9722897,707793792.00
2015/05/27,42.87,47.04,40.53,46.78,13354783,992922752.00
2015/05/28,44.98,49.28,42.10,42.10,11042128,864046848.00
2015/05/29,40.82,43.16,37.98,41.33,8597036,600433856.00
2015/06/01,41.99,44.62,40.32,42.92,8255563,602399616.00
2015/06/02,43.32,47.22,42.94,47.22,12111040,944251456.00
2015/06/03,47.25,47.26,43.45,43.88,11041155,842167872.00
2015/06/04,43.46,43.46,39.48,42.84,7008559,497691168.00
2015/06/05,42.86,45.21,41.69,43.37,5422929,402608512.00
2015/06/08,43.44,45.78,42.41,44.62,7665354,578861760.00
2015/06/09,44.56,47.81,42.87,47.27,10341701,805263744.00
2015/06/10,46.52,52.01,46.05,50.72,13612252,1166719104.00
2015/06/11,49.93,50.52,48.34,49.34,7958130,668382592.00
2015/06/12,48.93,50.78,48.05,49.16,6015446,504320544.00
2015/06/15,49.18,50.40,44.93,45.81,6616862,543365376.00
2015/06/16,44.42,44.42,41.22,41.22,6769832,484909088.00
2015/06/17,41.32,41.99,38.76,41.64,4544813,314437408.00
2015/06/18,41.28,41.28,38.81,38.98,5008079,342531648.00
2015/06/19,38.16,38.68,35.07,35.12,4043195,256208560.00
2015/06/23,35.11,36.39,32.24,35.46,4192917,249377088.00
2015/06/24,35.89,36.24,33.76,35.02,4230236,254297920.00
2015/06/25,35.69,38.09,35.22,35.90,6528339,407617056.00
2015/06/26,34.05,34.66,32.31,32.31,4615949,259849904.00
2015/06/29,33.62,33.74,29.07,29.07,5012598,259417472.00
2015/06/30,28.75,31.22,26.16,30.99,6232475,304419680.00
2015/07/01,30.05,32.58,29.02,29.61,6259516,331516064.00
2015/07/02,29.34,30.28,26.64,26.64,4193404,198939360.00
2015/07/03,25.58,27.99,23.97,23.97,5076555,218623360.00
2015/07/06,26.38,26.38,21.56,22.05,7268140,285785632.00
2015/07/07,21.11,21.11,19.84,19.84,2661705,91178656.00
2015/07/14,21.82,21.82,21.82,21.82,80301,2988803.25
2015/07/15,24.01,24.01,22.88,24.01,10779969,440236416.00
2015/07/16,22.31,25.09,22.28,24.25,8146120,333593216.00
2015/07/17,24.67,26.69,24.18,26.69,7357953,322553056.00
2015/07/20,27.58,29.24,26.98,28.41,9249951,442427104.00
2015/07/21,28.08,31.11,27.46,29.91,7364581,368348544.00
2015/07/22,29.90,31.11,28.75,30.52,6790538,348146912.00
2015/07/23,30.92,31.10,29.87,30.87,6374318,331775456.00
2015/07/24,30.76,31.18,29.83,29.98,5955834,311612480.00
2015/07/27,28.81,30.22,26.97,26.97,5911133,286863200.00
2015/07/28,25.96,27.04,24.26,24.34,6090624,261134848.00
2015/07/29,24.98,26.75,24.16,26.75,5228298,224130848.00
2015/07/30,26.56,28.90,26.28,27.01,6692743,316489568.00
2015/07/31,26.69,28.23,26.46,26.87,7269292,340368896.00
2015/08/03,26.46,26.81,24.18,24.18,5173483,219895568.00
2015/08/04,24.16,26.60,24.16,26.60,4910615,213185696.00
2015/08/05,26.69,27.81,26.02,26.40,5772815,265918576.00
2015/08/06,25.55,26.40,25.24,25.44,3067049,135196416.00
2015/08/07,25.84,27.32,25.81,26.98,5407117,246381104.00
2015/08/10,27.87,29.61,27.87,29.36,5966172,291130208.00
2015/08/11,29.28,29.51,28.65,28.81,5511119,273152384.00
2015/08/12,28.47,29.82,28.05,28.80,5293484,262831712.00
2015/08/13,28.52,29.22,27.45,29.04,5052565,245058096.00
2015/08/14,29.11,29.63,28.48,28.65,4227711,208945136.00
2015/08/17,28.29,29.22,28.15,28.72,2740538,133777400.00
2015/08/18,28.65,30.74,25.92,27.28,8222221,405393504.00
2015/08/19,26.28,29.49,24.64,29.49,6193934,286134592.00
2015/08/20,29.27,29.27,27.41,27.41,5423034,263101280.00
2015/08/21,26.41,27.25,25.22,25.23,3727144,166457776.00
2015/08/24,23.93,23.93,22.70,22.70,2581700,101409608.00
2015/08/25,20.42,21.40,20.42,20.42,3431953,119883848.00
2015/08/26,19.92,20.96,18.38,18.38,6586809,218185936.00
2015/08/27,18.76,19.34,17.08,18.81,5245654,164695568.00
2015/08/28,19.16,20.51,18.54,20.49,5724674,189405104.00
2015/08/31,20.45,20.45,19.14,19.26,4469268,149920400.00
2015/09/01,18.76,19.07,17.33,17.33,3849924,117276352.00
2015/09/02,15.69,17.91,15.69,17.48,6199923,179375200.00
2015/09/07,17.52,18.58,17.08,17.40,2746886,84244224.00
2015/09/08,17.22,18.26,16.58,18.19,3142616,94198336.00
2015/09/09,18.64,19.41,18.44,19.29,5080693,164354496.00
2015/09/10,18.74,19.10,18.56,18.64,2536394,81514608.00
2015/09/11,18.48,19.27,18.46,18.87,3040317,98040032.00
2015/09/14,18.99,19.21,16.98,16.98,2987521,90685200.00
2015/09/15,16.40,16.69,15.27,15.28,3785457,101883592.00
2015/09/16,15.28,16.81,15.28,16.81,3867417,106125216.00
2015/09/17,16.77,17.99,16.16,16.76,5146371,149062112.00
2015/09/18,16.96,17.34,16.45,17.14,2841147,82587480.00
2015/09/21,16.96,18.16,16.67,17.98,3885135,117487000.00
2015/09/22,18.20,18.75,17.74,18.57,4938847,154143888.00
2015/09/23,18.15,18.74,18.05,18.31,4096307,128472432.00
2015/09/24,18.60,19.60,18.05,19.18,10321290,194991232.00
2015/09/25,18.88,18.90,17.45,17.53,7300615,132618640.00
2015/09/28,18.00,18.50,17.46,18.20,5195394,93783744.00
2015/09/29,17.60,17.95,16.98,17.21,6030529,104980488.00
2015/09/30,17.48,17.65,17.00,17.34,3834286,66315608.00
2015/10/08,18.33,18.80,17.80,18.68,9304134,170688768.00
2015/10/09,18.61,20.55,18.61,20.55,13082392,262396576.00
2015/10/12,21.53,22.61,21.38,22.61,6307204,139211376.00
2015/10/13,23.91,24.65,23.45,23.95,26332837,629331392.00
2015/10/14,24.00,25.58,23.50,23.77,22811792,556047744.00
2015/10/15,23.15,24.76,23.15,24.60,18924065,457374560.00
2015/10/16,24.60,26.08,24.38,25.50,19302389,487655168.00
2015/10/19,25.20,25.20,24.10,24.63,14505970,357826496.00
2015/10/20,25.41,27.09,25.41,27.09,8427955,225149504.00
2015/10/21,28.00,28.49,24.38,24.38,29434764,782173120.00
2015/10/22,24.98,26.78,24.51,26.78,20455230,523475552.00
2015/10/23,26.55,29.46,26.55,29.46,30216273,869578304.00
2015/10/26,30.60,32.30,29.50,31.60,31149940,964313472.00
2015/10/27,30.47,31.65,28.88,30.85,21716229,658854848.00
2015/10/28,30.15,32.35,30.04,30.55,19611906,608682432.00
2015/10/29,31.13,31.49,28.72,29.63,16508094,489793728.00
2015/10/30,29.00,29.00,27.92,28.30,13583319,386896032.00
2015/11/02,27.00,29.40,26.68,27.60,12340326,349056160.00
2015/11/03,27.25,28.30,26.51,26.98,10025209,273153824.00
2015/11/04,27.47,29.68,27.30,29.68,16356648,466912480.00
2015/11/05,30.45,30.48,28.38,29.25,17523697,512646976.00
2015/11/06,30.00,32.10,29.70,30.63,20561125,633903488.00
2015/11/09,29.70,31.95,29.21,31.08,19817094,607430720.00
2015/11/10,30.40,31.20,30.03,30.43,15265270,466198048.00
2015/11/11,30.30,31.36,29.98,31.08,15882708,487086624.00
2015/11/12,31.44,31.65,30.01,30.26,13621766,414997888.00
2015/11/13,29.70,30.00,28.96,29.30,11520185,339510784.00
2015/11/16,28.19,32.23,28.19,32.23,21617076,671821312.00
2015/11/17,34.80,34.80,31.80,31.87,33830194,1126760960.00
2015/11/18,32.45,33.80,31.50,32.16,20622297,672778112.00
2015/11/19,32.85,35.38,32.57,35.38,30045778,1030162944.00
2015/11/20,35.60,36.47,34.00,36.07,31652269,1116915072.00
2015/11/23,35.47,37.10,34.12,34.38,22265233,791426496.00
2015/11/24,35.28,35.95,34.00,34.58,16223474,565738304.00
2015/11/25,34.00,34.97,33.60,34.59,16982364,580891264.00
2015/11/26,34.55,34.58,33.42,33.47,12842043,434530496.00
2015/11/27,33.00,33.20,30.12,30.13,18508854,584065472.00
2015/11/30,30.00,30.53,27.33,29.63,13035656,381680480.00
2015/12/01,29.82,30.21,29.00,29.65,9409371,278554368.00
2015/12/02,29.48,29.97,27.70,29.03,8616255,248505088.00
2015/12/03,29.13,30.49,29.13,30.36,9716229,290796736.00
2015/12/04,30.48,30.98,29.70,29.97,10115173,307081792.00
2015/12/07,30.01,30.27,29.48,29.99,6913357,206569824.00
2015/12/08,29.90,30.68,28.80,29.58,10363012,308048928.00
2015/12/09,29.28,29.49,28.51,28.73,7981634,231041616.00
2015/12/10,28.72,29.21,28.40,28.81,7909472,228087712.00
2015/12/11,28.86,29.78,28.70,29.03,8243036,241324960.00
2015/12/14,28.43,29.70,28.00,29.50,7970811,228339408.00
2015/12/15,29.68,30.33,29.50,29.65,6981992,208314608.00
2015/12/16,29.76,30.39,29.41,29.79,7651111,228828336.00
2015/12/17,29.81,30.81,29.81,30.76,11876472,362674176.00
2015/12/18,31.00,31.70,30.10,30.36,11267092,347710688.00
2015/12/21,29.96,30.76,29.70,30.45,7726199,232211888.00
2015/12/22,30.40,30.80,30.00,30.47,6607901,200711360.00
2015/12/23,30.55,30.69,29.20,29.31,7378102,221564720.00
2015/12/24,29.15,29.60,28.56,29.48,5441443,158206768.00
2015/12/25,29.60,29.68,29.15,29.33,4089884,120386432.00
2016/01/05,26.40,28.20,26.40,26.67,11198412,303418272.00
2016/01/06,27.12,27.65,26.50,27.15,5283754,143159120.00
2016/01/07,26.60,26.87,24.44,24.44,1586200,39841336.00
2016/01/08,24.66,25.70,22.24,24.26,6841123,166136736.00
2016/01/11,23.88,23.88,21.83,21.83,5334424,120795728.00
2016/01/12,21.35,22.08,20.51,21.34,5426047,116751960.00
2016/01/13,21.90,22.08,20.01,20.09,5983754,127381088.00
2016/01/14,19.72,21.49,18.80,21.48,7196354,147076992.00
2016/01/15,21.30,21.48,19.89,20.22,5810341,121008080.00
2016/01/18,19.37,22.23,19.05,21.80,10327078,220696448.00
2016/01/19,21.79,22.50,21.05,22.50,10844117,235774224.00
2016/01/20,22.40,22.85,21.81,22.16,7807969,173932320.00
2016/01/21,21.76,22.47,20.71,20.78,6591614,142995600.00
2016/01/22,21.50,21.50,20.25,21.00,4252929,89027128.00
2016/01/25,21.46,21.66,21.01,21.25,3480855,74397944.00
2016/01/26,20.84,21.00,19.13,19.13,5632570,112850720.00
2016/01/27,19.25,20.35,17.61,19.87,6281738,117070680.00
2016/01/28,19.70,19.70,18.30,18.50,4388568,83963648.00
2016/01/29,18.33,19.87,18.33,19.44,4881657,93632816.00
2016/02/01,19.39,19.42,18.50,18.89,3498754,66582540.00
2016/02/02,18.90,19.87,18.90,19.74,4947685,97158080.00
2016/02/03,19.38,19.82,19.10,19.63,3600667,70251456.00
2016/02/04,19.99,20.20,19.74,20.00,4723379,94510120.00
2016/02/05,20.00,20.23,19.63,19.72,3109365,61846340.00
2016/02/15,18.83,19.71,18.30,19.40,3689936,70704720.00
2016/02/16,19.60,20.70,19.60,20.64,6331321,128762072.00
2016/02/17,20.43,21.28,20.40,21.11,7696416,160566240.00
2016/02/18,21.49,21.50,20.63,20.92,8370002,176081328.00
2016/02/19,20.63,21.15,20.60,20.95,5859938,122280392.00
2016/02/22,21.39,21.77,21.00,21.46,6488874,138647296.00
2016/02/23,21.65,22.20,21.10,21.70,8827609,191595488.00
2016/02/24,21.75,21.98,20.76,21.51,7119295,151999440.00
2016/02/25,21.34,21.45,19.36,19.36,7142356,144817536.00
2016/02/26,19.50,19.69,18.45,18.95,5111735,97645616.00
2016/02/29,18.92,19.00,17.06,17.16,6009761,105262688.00
2016/03/01,17.16,17.78,16.80,17.53,5309090,91689592.00
2016/03/02,17.58,18.58,17.40,18.58,6258851,112666416.00
2016/03/03,18.79,19.22,18.40,18.47,6018259,112974280.00
2016/03/04,18.45,18.49,17.10,17.38,5496716,97865120.00
2016/03/07,17.55,18.35,17.55,17.76,4604957,82438168.00
2016/03/08,17.82,18.78,16.86,18.38,7664369,136141552.00
2016/03/09,17.89,18.20,17.50,17.88,5042093,90108984.00
数据来源:通达信
