000540 中天城投 日线 前复权
      日期	    开盘	    最高	    最低	    收盘	    成交量	    成交额
2011/01/04,3.75,3.95,3.67,3.81,23646914,342616800.00
2011/01/05,3.77,3.91,3.74,3.81,16015222,232614592.00
2011/01/06,3.79,4.01,3.75,3.93,29395131,436669216.00
2011/01/07,3.91,4.14,3.89,3.99,40709374,618826816.00
2011/01/10,3.97,4.12,3.79,3.81,25917139,388307904.00
2011/01/11,3.82,3.94,3.80,3.94,20270216,296441280.00
2011/01/12,3.97,4.04,3.87,3.93,19160649,286173920.00
2011/01/13,3.90,3.97,3.81,3.84,10912059,159096144.00
2011/01/14,3.84,3.84,3.67,3.69,14358784,203198672.00
2011/01/17,3.73,3.73,3.37,3.41,22285702,294503008.00
2011/01/18,3.37,3.47,3.29,3.35,10971901,141653808.00
2011/01/19,3.36,3.45,3.32,3.44,9816896,127477160.00
2011/01/20,3.43,3.43,3.22,3.23,15038578,189967504.00
2011/01/21,3.21,3.39,3.18,3.25,9514776,119420064.00
2011/01/24,3.28,3.29,3.17,3.25,6444069,79589480.00
2011/01/25,3.21,3.27,3.09,3.11,6835191,82889768.00
2011/01/26,3.11,3.19,3.11,3.16,4001548,48522168.00
2011/01/27,3.06,3.06,2.88,2.98,21548278,247477536.00
2011/01/28,2.95,3.07,2.94,2.98,13769718,158977776.00
2011/01/31,3.07,3.31,3.07,3.31,19783488,243456032.00
2011/02/01,3.35,3.66,3.35,3.57,26957951,360273760.00
2011/02/09,3.53,3.57,3.39,3.47,15844218,210249840.00
2011/02/10,3.43,3.66,3.43,3.60,18190856,247977472.00
2011/02/11,3.56,3.72,3.55,3.67,18607563,258298624.00
2011/02/14,3.72,3.85,3.67,3.68,21602389,306803904.00
2011/02/15,3.67,3.85,3.64,3.73,19013789,270543840.00
2011/02/16,3.75,3.77,3.66,3.73,14934256,210212016.00
2011/02/17,3.72,3.74,3.59,3.62,17778445,245330448.00
2011/02/18,3.60,3.71,3.58,3.66,13013981,181058736.00
2011/02/21,3.60,3.67,3.55,3.67,12837007,176484112.00
2011/02/22,3.69,3.74,3.46,3.48,17638518,239272144.00
2011/02/23,3.45,3.52,3.45,3.47,10833892,143561856.00
2011/02/24,3.49,3.59,3.46,3.55,14637871,197042656.00
2011/02/25,3.56,3.56,3.48,3.50,10857534,144696672.00
2011/02/28,3.49,3.58,3.49,3.53,13915468,187161728.00
2011/03/01,3.53,3.68,3.51,3.63,19735398,270123488.00
2011/03/02,3.61,3.63,3.50,3.57,12250676,166006176.00
2011/03/03,3.55,3.61,3.45,3.46,11808990,158922016.00
2011/03/04,3.47,3.54,3.40,3.52,12320739,162878896.00
2011/03/07,3.53,3.79,3.53,3.75,34061842,476996704.00
2011/03/08,3.74,3.83,3.70,3.77,20006279,285309376.00
2011/03/10,3.92,4.17,3.89,3.93,56385340,852063488.00
2011/03/11,3.95,4.04,3.86,3.86,27529960,410151360.00
2011/03/14,3.84,4.02,3.71,4.00,27502285,401978880.00
2011/03/15,3.98,4.06,3.92,4.04,29458297,443547232.00
2011/03/16,4.05,4.17,4.01,4.03,23673885,363000256.00
2011/03/17,3.97,4.03,3.88,3.92,16532083,246432928.00
2011/03/18,3.96,4.13,3.93,4.11,23207705,354282272.00
2011/03/21,4.09,4.31,4.05,4.23,38901372,619382720.00
2011/03/22,4.23,4.37,4.14,4.17,31126125,499752128.00
2011/03/23,4.17,4.62,4.13,4.54,74566438,1263060224.00
2011/03/24,4.57,4.63,4.49,4.59,44502733,758597248.00
2011/03/25,4.58,4.75,4.55,4.71,48835454,847457344.00
2011/03/28,4.68,4.81,4.46,4.52,54762434,946421184.00
2011/03/29,4.51,4.63,4.43,4.52,30437206,515907008.00
2011/03/30,4.52,4.64,4.40,4.58,25045018,425381952.00
2011/03/31,4.54,4.65,4.42,4.43,20389387,343188992.00
2011/04/01,4.41,4.54,4.31,4.51,16530553,274807104.00
2011/04/06,4.45,4.58,4.31,4.46,24785538,413088832.00
2011/04/07,4.46,4.62,4.39,4.60,23448934,395638560.00
2011/04/08,4.55,4.61,4.49,4.53,20367309,346112800.00
2011/04/11,4.49,4.69,4.41,4.55,23786390,404707392.00
2011/04/12,4.52,4.79,4.49,4.63,31912028,556424320.00
2011/04/13,4.66,4.71,4.44,4.58,19710850,334941184.00
2011/04/14,4.54,4.60,4.44,4.45,15856136,266413344.00
2011/04/15,4.42,4.92,4.38,4.85,40298725,703825280.00
2011/04/18,4.89,5.03,4.82,5.01,40189748,738870656.00
2011/04/19,4.91,4.96,4.73,4.73,28592776,512872128.00
2011/04/21,4.75,5.03,4.61,4.72,27601074,496108288.00
2011/04/22,4.98,5.11,4.74,4.87,27119098,495256064.00
2011/04/25,4.85,4.93,4.67,4.83,19452647,347291808.00
2011/04/26,4.79,4.94,4.74,4.85,20114553,363379584.00
2011/04/27,4.86,4.88,4.33,4.33,38637937,654659264.00
2011/04/28,4.30,4.41,4.01,4.11,32275125,506087808.00
2011/04/29,4.08,4.33,4.07,4.33,20674031,328669568.00
2011/05/03,4.35,4.48,4.25,4.33,24587317,400254208.00
2011/05/04,4.32,4.32,4.18,4.18,15684320,249092032.00
2011/05/05,4.12,4.29,4.10,4.26,13136148,208563984.00
2011/05/06,4.19,4.33,4.15,4.30,14388004,230526368.00
2011/05/09,4.30,4.34,4.24,4.25,11892948,191275856.00
2011/05/10,4.25,4.36,4.20,4.35,12022874,193567904.00
2011/05/11,4.34,4.34,4.23,4.24,12361999,198453872.00
2011/05/12,4.21,4.21,4.03,4.03,19239455,296422144.00
2011/05/16,4.12,4.21,4.06,4.09,16938604,262914512.00
2011/05/17,4.04,4.21,4.01,4.13,13435557,208030080.00
2011/05/18,4.12,4.19,4.07,4.17,11948459,185533056.00
2011/05/19,4.18,4.21,4.08,4.09,8596122,133596808.00
2011/05/20,4.07,4.11,3.89,3.92,17741237,265453360.00
2011/05/23,3.89,3.89,3.59,3.60,17280053,243677568.00
2011/05/24,3.59,3.72,3.55,3.70,11404016,158188448.00
2011/05/25,3.67,3.72,3.64,3.65,8805615,123143616.00
2011/05/26,3.68,3.71,3.61,3.61,5903936,82011376.00
2011/05/27,3.62,3.64,3.53,3.53,6897457,93720496.00
2011/05/30,3.52,3.54,3.41,3.44,7620488,100869104.00
2011/05/31,3.46,3.57,3.42,3.57,10352594,137902000.00
2011/06/01,3.57,3.67,3.55,3.59,10917659,150227296.00
2011/06/02,3.52,3.66,3.49,3.66,10431795,141989792.00
2011/06/03,3.66,3.90,3.63,3.83,17117812,245852192.00
2011/06/07,3.81,3.97,3.78,3.88,12173318,179537728.00
2011/06/08,3.86,3.97,3.79,3.93,11045307,162151680.00
2011/06/09,3.92,3.97,3.82,3.83,9196989,135209792.00
2011/06/10,3.86,3.96,3.74,3.89,10090869,147263440.00
2011/06/13,3.86,3.94,3.79,3.91,6897678,101030640.00
2011/06/14,3.89,4.14,3.88,4.08,19832900,303595104.00
2011/06/15,4.07,4.14,4.00,4.01,11134612,170916832.00
2011/06/16,3.95,4.08,3.91,3.97,13770398,207731632.00
2011/06/17,3.95,4.09,3.94,4.02,11291914,171929744.00
2011/06/20,4.05,4.21,4.01,4.03,16804170,259628208.00
2011/06/21,4.08,4.23,4.08,4.18,22201846,348217216.00
2011/06/22,4.20,4.21,4.11,4.18,9704420,151920864.00
2011/06/23,4.18,4.25,4.13,4.24,11428456,180215632.00
2011/06/24,4.23,4.45,4.21,4.36,22014741,359044416.00
2011/06/27,4.36,4.59,4.33,4.43,18466246,307773568.00
2011/06/28,4.43,4.56,4.38,4.51,15078708,252850640.00
2011/06/29,4.49,4.54,4.36,4.38,12774602,213789392.00
2011/06/30,4.39,4.53,4.39,4.45,9208612,153776560.00
2011/07/01,4.46,4.53,4.46,4.47,10514877,177025888.00
2011/07/04,4.49,4.53,4.41,4.43,20225173,336506656.00
2011/07/05,4.46,4.52,4.42,4.45,15371307,257422064.00
2011/07/06,4.42,4.44,4.23,4.31,24804137,399916416.00
2011/07/07,4.29,4.37,4.26,4.32,16762108,271974368.00
2011/07/08,4.33,4.39,4.27,4.39,10017616,163029728.00
2011/07/11,4.24,4.24,4.01,4.23,28586337,449018688.00
2011/07/12,4.23,4.36,4.16,4.18,26835798,304667872.00
2011/07/13,4.26,4.30,4.20,4.23,19173865,216858064.00
2011/07/14,4.21,4.26,4.20,4.26,16403407,185219632.00
2011/07/15,4.22,4.22,4.06,4.14,31254580,344518368.00
2011/07/18,4.13,4.25,4.02,4.22,30897146,340240352.00
2011/07/19,4.18,4.26,4.12,4.19,17021279,189850112.00
2011/07/20,4.20,4.23,4.16,4.16,11014898,122827640.00
2011/07/21,4.19,4.25,4.16,4.16,15904207,178159056.00
2011/07/22,4.18,4.20,4.08,4.10,12805843,140920720.00
2011/07/25,4.04,4.07,3.71,3.72,37140011,380395680.00
2011/07/26,3.71,3.78,3.58,3.61,22983237,227170192.00
2011/07/27,3.66,3.72,3.61,3.69,19645229,193999232.00
2011/07/28,3.68,3.72,3.62,3.69,12248120,121135656.00
2011/07/29,3.66,3.75,3.66,3.72,11187947,111909416.00
2011/08/01,3.72,3.93,3.68,3.86,17932143,184783936.00
2011/08/02,3.84,3.87,3.74,3.87,10524154,107596864.00
2011/08/03,3.79,3.90,3.78,3.82,8910777,91953640.00
2011/08/04,3.83,3.94,3.83,3.88,11108175,115958464.00
2011/08/05,3.72,3.82,3.69,3.77,11930588,120848224.00
2011/08/08,3.70,3.75,3.43,3.66,18569442,180856016.00
2011/08/09,3.56,3.74,3.41,3.71,18217586,178060864.00
2011/08/10,3.80,3.88,3.76,3.78,16311294,167417808.00
2011/08/11,3.68,3.91,3.65,3.87,19951998,204517968.00
2011/08/12,3.88,3.90,3.81,3.82,15819156,163319392.00
2011/08/15,3.84,3.88,3.81,3.87,13698601,141214624.00
2011/08/16,3.87,3.94,3.85,3.92,16316196,170751024.00
2011/08/17,3.88,3.93,3.83,3.87,10596876,109956096.00
2011/08/18,3.85,3.86,3.70,3.70,16262827,163835104.00
2011/08/19,3.59,3.71,3.56,3.64,8874900,86708128.00
2011/08/22,3.64,3.70,3.60,3.63,6699741,65935584.00
2011/08/23,3.65,3.68,3.62,3.67,5249697,51633928.00
2011/08/24,3.68,3.69,3.62,3.64,9456354,92889808.00
2011/08/25,3.64,3.78,3.62,3.76,13813629,137817584.00
2011/08/26,3.73,3.89,3.70,3.86,17186261,176304640.00
2011/08/29,3.80,3.85,3.78,3.82,9470976,97080768.00
2011/08/30,3.84,3.89,3.75,3.77,8606415,88578656.00
2011/08/31,3.81,3.87,3.76,3.78,6531689,66652984.00
2011/09/01,3.78,3.84,3.74,3.80,7033746,71523384.00
2011/09/02,3.79,3.81,3.71,3.74,7276525,73168296.00
2011/09/05,3.69,3.71,3.64,3.67,5917957,58263016.00
2011/09/06,3.61,3.66,3.46,3.48,9161462,87858520.00
2011/09/07,3.52,3.54,3.44,3.51,14571475,137279104.00
2011/09/08,3.53,3.58,3.44,3.46,9110774,86577216.00
2011/09/09,3.45,3.49,3.33,3.37,10180373,93893320.00
2011/09/13,3.30,3.30,3.19,3.23,10799665,95139960.00
2011/09/14,3.27,3.28,3.13,3.24,7244865,63206452.00
2011/09/15,3.26,3.30,3.23,3.25,5925044,52485792.00
2011/09/16,3.26,3.42,3.26,3.36,11888650,108332304.00
2011/09/19,3.34,3.39,3.31,3.34,7009269,63749268.00
2011/09/20,3.37,3.38,3.20,3.25,10197353,90252520.00
2011/09/22,3.31,3.34,3.10,3.12,16157059,142494656.00
2011/09/23,3.01,3.08,2.97,3.03,13351086,110283264.00
2011/09/26,2.98,3.06,2.90,2.91,8813281,71578200.00
2011/09/27,2.94,2.97,2.85,2.90,10722401,85464608.00
2011/09/28,2.92,2.94,2.80,2.82,7610587,60092564.00
2011/09/29,2.82,2.82,2.68,2.69,11079665,83390008.00
2011/09/30,2.69,2.72,2.62,2.66,5860641,43184956.00
2011/10/10,2.69,2.71,2.54,2.57,7054802,51283428.00
2011/10/11,2.64,2.67,2.50,2.52,13505389,95924168.00
2011/10/12,2.50,2.63,2.48,2.61,14396761,103221464.00
2011/10/13,2.62,2.68,2.59,2.65,11685852,85351376.00
2011/10/14,2.64,2.67,2.58,2.62,6731226,48808748.00
2011/10/17,2.61,2.63,2.59,2.62,8582961,61983864.00
2011/10/18,2.60,2.60,2.46,2.46,12358355,86464112.00
2011/10/19,2.45,2.47,2.36,2.38,12840281,86273240.00
2011/10/20,2.35,2.40,2.24,2.26,9873565,63633428.00
2011/10/21,2.29,2.52,2.29,2.52,37056382,257192416.00
2011/10/24,2.47,2.80,2.44,2.71,47525309,342033856.00
2011/10/25,2.66,2.80,2.64,2.75,47028995,351650560.00
2011/10/26,2.69,2.91,2.68,2.82,45467997,352929248.00
2011/10/27,2.80,2.91,2.77,2.84,31161583,242389888.00
2011/10/28,2.88,3.11,2.86,2.96,39541028,322420512.00
2011/10/31,2.91,2.98,2.85,2.94,22248770,178010848.00
2011/11/01,2.89,3.00,2.87,2.93,23291063,187949984.00
2011/11/02,2.87,3.18,2.84,3.12,42485845,353035136.00
2011/11/03,3.08,3.20,3.06,3.13,38660648,329199328.00
2011/11/04,3.14,3.29,3.12,3.18,35249471,307755648.00
2011/11/07,3.16,3.24,3.05,3.11,29175166,249750992.00
2011/11/08,3.12,3.12,2.94,2.97,26863946,222248288.00
2011/11/09,2.99,3.09,2.90,3.08,28598993,235034304.00
2011/11/10,3.03,3.05,2.97,2.98,16352550,134186408.00
2011/11/11,2.98,3.06,2.97,2.98,13647426,112248512.00
2011/11/14,3.02,3.09,2.99,3.08,17143794,142719056.00
2011/11/15,3.07,3.07,3.01,3.04,13033663,108087008.00
2011/11/16,3.05,3.05,2.90,2.91,18235437,147264080.00
2011/11/17,2.89,2.94,2.84,2.85,10573847,83871552.00
2011/11/18,2.83,2.83,2.65,2.66,16537047,124388496.00
2011/11/21,2.66,2.70,2.62,2.68,10728897,78868680.00
2011/11/22,2.66,2.68,2.63,2.67,7563884,55551328.00
2011/11/23,2.69,2.70,2.61,2.62,6775433,49509692.00
2011/11/24,2.60,2.71,2.54,2.67,14782726,108119792.00
2011/11/25,2.65,2.76,2.60,2.62,16264570,121012144.00
2011/11/28,2.63,2.67,2.58,2.61,7942756,57482792.00
2011/11/29,2.64,2.68,2.60,2.67,8468512,61937760.00
2011/11/30,2.67,2.67,2.48,2.50,13183444,93565576.00
2011/12/01,2.64,2.74,2.60,2.65,23097836,170641328.00
2011/12/02,2.62,2.65,2.53,2.58,12656825,90667496.00
2011/12/05,2.57,2.63,2.52,2.56,8481784,60348168.00
2011/12/06,2.53,2.62,2.53,2.57,8119185,58068524.00
2011/12/07,2.56,2.59,2.52,2.56,5768992,40986996.00
2011/12/08,2.56,2.62,2.48,2.56,7743645,54840264.00
2011/12/09,2.52,2.68,2.51,2.65,21705306,158831248.00
2011/12/12,2.62,2.66,2.56,2.56,10068231,72422096.00
2011/12/13,2.54,2.56,2.40,2.42,12414927,84824976.00
2011/12/14,2.40,2.45,2.28,2.29,8694160,57414440.00
2011/12/15,2.29,2.36,2.26,2.27,9852255,63866052.00
2011/12/16,2.28,2.36,2.28,2.34,15256246,98937608.00
2011/12/19,2.32,2.43,2.29,2.42,14942733,99185472.00
2011/12/20,2.42,2.46,2.38,2.39,10443281,70644168.00
2011/12/21,2.41,2.42,2.29,2.29,6800886,45023568.00
2011/12/22,2.28,2.28,2.15,2.22,11492013,71185864.00
2011/12/23,2.20,2.31,2.18,2.26,10084864,64204932.00
2011/12/26,2.24,2.40,2.21,2.36,14418116,94405576.00
2011/12/27,2.36,2.36,2.25,2.25,8332087,53619652.00
2011/12/28,2.22,2.24,2.16,2.24,8058415,50009492.00
2011/12/29,2.22,2.26,2.19,2.19,7271843,45380076.00
2011/12/30,2.20,2.27,2.19,2.27,8019818,50601292.00
2012/01/04,2.29,2.33,2.16,2.18,9271509,58691772.00
2012/01/05,2.18,2.24,2.14,2.15,6534675,40316564.00
2012/01/06,2.16,2.18,2.11,2.17,7161706,43349052.00
2012/01/09,2.18,2.27,2.16,2.27,9252216,58106808.00
2012/01/10,2.28,2.43,2.25,2.41,17151520,113114912.00
2012/01/11,2.38,2.45,2.34,2.44,13384660,89683088.00
2012/01/12,2.40,2.53,2.39,2.44,15776376,108307592.00
2012/01/13,2.44,2.46,2.30,2.35,10955791,72680752.00
2012/01/16,2.33,2.38,2.24,2.24,7256891,46892944.00
2012/01/17,2.31,2.46,2.25,2.45,15759284,104139936.00
2012/01/18,2.45,2.52,2.38,2.41,15103717,103694288.00
2012/01/19,2.40,2.48,2.39,2.44,9647049,65489468.00
2012/01/20,2.47,2.50,2.43,2.47,10396939,71540208.00
2012/01/30,2.52,2.53,2.40,2.41,9678476,66354756.00
2012/01/31,2.41,2.46,2.38,2.46,6121196,41445056.00
2012/02/01,2.46,2.49,2.41,2.41,5954631,40613816.00
2012/02/02,2.43,2.46,2.36,2.45,7383407,49643628.00
2012/02/03,2.44,2.49,2.40,2.48,11687250,80276856.00
2012/02/06,2.48,2.58,2.46,2.51,17079043,119413616.00
2012/02/07,2.49,2.53,2.45,2.46,11028838,76155360.00
2012/02/08,2.47,2.58,2.45,2.56,13820814,97129928.00
2012/02/09,2.57,2.79,2.54,2.68,34916195,257390544.00
2012/02/10,2.68,2.82,2.65,2.76,32146844,244416752.00
2012/02/13,2.65,2.70,2.60,2.67,21975440,160793680.00
2012/02/14,2.68,2.74,2.62,2.72,18313643,136027248.00
2012/02/15,2.70,2.76,2.66,2.72,15823609,118272632.00
2012/02/16,2.73,2.75,2.63,2.68,12418194,92189952.00
2012/02/20,2.84,2.88,2.74,2.74,27925645,215585744.00
2012/02/21,2.72,2.90,2.72,2.89,28338372,219754192.00
2012/02/22,2.94,3.06,2.91,2.98,35747492,291798400.00
2012/02/23,2.96,3.02,2.94,2.98,19885459,162280688.00
2012/02/24,2.98,3.24,2.94,3.20,44347235,374517408.00
2012/02/27,3.22,3.26,3.14,3.15,31993309,277908704.00
2012/02/28,3.12,3.17,2.99,3.10,29873435,251365456.00
2012/02/29,3.02,3.08,2.99,3.00,17192143,142199280.00
2012/03/01,2.96,3.09,2.96,3.07,13467492,112220352.00
2012/03/02,3.06,3.30,3.02,3.27,37488290,327391936.00
2012/03/05,3.27,3.36,3.22,3.33,28213282,253444752.00
2012/03/06,3.32,3.41,3.21,3.32,28681452,259740768.00
2012/03/07,3.24,3.40,3.24,3.30,19398719,174875280.00
2012/03/08,3.32,3.44,3.28,3.29,25154499,228140080.00
2012/03/09,3.31,3.33,3.22,3.32,18883740,167296496.00
2012/03/12,3.30,3.31,3.11,3.16,32305066,280061888.00
2012/03/13,3.15,3.23,3.13,3.20,16075213,139139504.00
2012/03/14,3.20,3.29,2.97,3.00,28842038,246929488.00
2012/03/15,2.96,3.00,2.76,2.78,38521791,299422624.00
2012/03/16,2.81,2.88,2.80,2.87,17316488,135064272.00
2012/03/19,2.84,2.91,2.81,2.89,12848896,100814520.00
2012/03/20,2.88,3.02,2.86,2.95,26707306,216952896.00
2012/03/21,2.95,3.01,2.91,2.95,16030476,129829792.00
2012/03/22,2.96,3.04,2.92,3.04,21513208,176230768.00
2012/03/23,3.02,3.06,2.87,2.96,15678168,127576152.00
2012/03/26,2.96,2.96,2.83,2.86,8089383,63925016.00
2012/03/27,2.90,2.93,2.84,2.86,7040022,55712664.00
2012/03/28,2.84,2.94,2.78,2.79,15924547,125115296.00
2012/03/29,2.81,2.91,2.77,2.88,18197417,142319296.00
2012/03/30,2.86,2.96,2.86,2.94,13176761,105461032.00
2012/04/05,2.92,3.14,2.91,3.14,19538833,162646864.00
2012/04/06,3.15,3.20,3.10,3.13,14403685,123464112.00
2012/04/09,3.15,3.16,2.99,3.00,11497126,96524336.00
2012/04/10,2.98,3.10,2.90,3.09,10977295,89978680.00
2012/04/11,3.04,3.22,3.02,3.11,20869377,178727024.00
2012/04/12,3.12,3.20,3.10,3.18,15234189,131078792.00
2012/04/13,3.18,3.20,3.12,3.15,11675645,100326984.00
2012/04/16,3.11,3.23,3.09,3.20,13901411,120288416.00
2012/04/17,3.21,3.25,3.08,3.09,12886244,110572736.00
2012/04/18,3.10,3.22,3.07,3.18,12010648,103284176.00
2012/04/19,3.17,3.21,3.09,3.12,10412097,88852960.00
2012/04/20,3.11,3.20,3.06,3.16,18349482,156446112.00
2012/04/23,3.14,3.18,3.07,3.09,10519517,88935720.00
2012/04/24,3.06,3.14,2.91,3.07,14424041,119064560.00
2012/04/25,3.06,3.22,3.00,3.20,29440132,253045088.00
2012/04/26,3.20,3.32,3.16,3.16,31763327,280302752.00
2012/04/27,3.14,3.20,3.12,3.15,14208063,122145488.00
2012/05/02,3.22,3.30,3.15,3.23,19560236,170995488.00
2012/05/03,3.22,3.25,3.16,3.24,13213774,115271232.00
2012/05/04,3.21,3.26,3.16,3.21,11123004,96844664.00
2012/05/07,3.18,3.19,3.05,3.10,24629902,208187184.00
2012/05/08,3.10,3.13,3.04,3.08,10778509,90608640.00
2012/05/09,3.06,3.06,2.95,2.96,17264147,140854624.00
2012/05/10,2.95,3.00,2.94,2.98,8029811,65253684.00
2012/05/11,2.98,2.99,2.94,2.95,7039417,57084432.00
2012/05/14,3.00,3.04,2.97,2.98,10852376,89235344.00
2012/05/15,2.95,3.03,2.91,3.02,8950880,72738032.00
2012/05/16,3.01,3.01,2.94,2.96,9954030,80850928.00
2012/05/18,2.98,3.01,2.94,2.96,8773238,71423232.00
2012/05/21,2.96,3.02,2.93,3.00,9515494,77817576.00
2012/05/22,3.02,3.12,3.02,3.10,15676540,131358968.00
2012/05/23,3.10,3.12,3.02,3.08,11261433,94385176.00
2012/05/24,3.07,3.20,3.06,3.11,25089539,215329488.00
2012/05/25,3.13,3.15,3.07,3.10,9005515,76075504.00
2012/05/28,3.09,3.22,2.94,3.19,21158233,177697120.00
2012/05/29,3.17,3.30,3.15,3.25,31186407,274664736.00
2012/05/30,3.27,3.34,3.20,3.22,21663108,192907216.00
2012/05/31,3.18,3.23,3.14,3.17,12124623,105050552.00
2012/06/01,3.15,3.21,3.14,3.17,5709652,49351500.00
2012/06/04,3.09,3.15,3.03,3.04,9974019,83962248.00
2012/06/05,3.06,3.08,2.98,3.00,7934880,65459200.00
2012/06/06,3.03,3.03,2.98,2.98,4854064,39779248.00
2012/06/07,3.02,3.10,2.98,2.98,9304095,77106792.00
2012/06/08,3.06,3.07,2.98,3.00,11871242,98166480.00
2012/06/11,3.02,3.10,2.99,3.09,14971221,124570768.00
2012/06/12,3.07,3.15,3.02,3.10,14864196,125638656.00
2012/06/13,3.14,3.16,3.09,3.12,12082941,102798008.00
2012/06/14,3.12,3.12,3.00,3.01,11605425,97229168.00
2012/06/15,3.02,3.03,2.88,2.95,22759040,183278080.00
2012/06/18,2.97,2.98,2.92,2.94,8238480,66549860.00
2012/06/19,2.93,2.94,2.88,2.88,9469485,75244896.00
2012/06/20,2.88,2.93,2.87,2.88,6474379,51367628.00
2012/06/21,2.90,2.90,2.83,2.84,7574725,59421876.00
2012/06/25,2.82,2.83,2.62,2.70,12693254,95255904.00
2012/06/26,2.67,2.78,2.66,2.76,8323995,62318536.00
2012/06/27,2.74,2.78,2.72,2.72,6470615,49099376.00
2012/06/28,2.74,2.76,2.65,2.66,4387268,32663468.00
2012/06/29,2.66,2.70,2.63,2.67,5436331,40050068.00
2012/07/02,2.70,2.74,2.69,2.70,5527197,41313136.00
2012/07/03,2.70,2.82,2.69,2.75,8576280,65422156.00
2012/07/04,2.75,2.78,2.74,2.75,5190386,39461656.00
2012/07/05,2.72,2.77,2.69,2.71,5097451,38389484.00
2012/07/06,2.78,2.81,2.72,2.78,11202355,85483904.00
2012/07/09,2.74,2.78,2.66,2.67,9210313,68967896.00
2012/07/10,2.66,2.70,2.50,2.50,13903942,98379464.00
2012/07/11,2.51,2.53,2.47,2.52,5949887,41308128.00
2012/07/12,2.54,2.59,2.52,2.57,7704750,54470176.00
2012/07/13,2.54,2.59,2.51,2.52,7518063,52951668.00
2012/07/16,2.54,2.54,2.34,2.36,12509025,82679608.00
2012/07/17,2.36,2.41,2.32,2.40,5530683,36254768.00
2012/07/18,2.39,2.42,2.32,2.37,9475037,61611464.00
2012/07/19,2.37,2.42,2.34,2.40,6365392,41941844.00
2012/07/20,2.40,2.40,2.34,2.35,5802435,37675540.00
2012/07/23,2.35,2.36,2.33,2.35,4009488,25974048.00
2012/07/24,2.34,2.40,2.33,2.38,4284114,28017442.00
2012/07/25,2.40,2.55,2.38,2.52,18238774,124178704.00
2012/07/26,2.64,2.79,2.56,2.60,39377934,283882592.00
2012/07/27,2.59,2.65,2.50,2.54,15603787,108950808.00
2012/07/30,2.54,2.56,2.40,2.43,11816790,79664048.00
2012/07/31,2.44,2.46,2.36,2.40,8366544,55531236.00
2012/08/01,2.37,2.45,2.37,2.40,11829131,78540008.00
2012/08/02,2.40,2.40,2.21,2.22,16749285,105930496.00
2012/08/03,2.25,2.27,2.22,2.27,6256127,38947836.00
2012/08/06,2.26,2.38,2.26,2.36,8460757,54173212.00
2012/08/07,2.35,2.44,2.34,2.43,11775623,77315488.00
2012/08/08,2.42,2.48,2.39,2.44,12099046,81196144.00
2012/08/09,2.43,2.49,2.41,2.46,9239297,62292256.00
2012/08/10,2.44,2.46,2.36,2.38,11815868,77688488.00
2012/08/13,2.36,2.36,2.29,2.32,9852825,62915380.00
2012/08/14,2.32,2.58,2.30,2.48,22014186,148267504.00
2012/08/15,2.43,2.50,2.41,2.43,11527281,77675264.00
2012/08/16,2.42,2.43,2.36,2.37,5949515,39210564.00
2012/08/17,2.37,2.42,2.36,2.41,5758635,37839876.00
2012/08/20,2.39,2.40,2.33,2.38,4256503,27692404.00
2012/08/21,2.40,2.47,2.39,2.42,8518060,56951376.00
2012/08/22,2.50,2.56,2.41,2.43,11988218,81187552.00
2012/08/23,2.42,2.46,2.37,2.44,6842072,45293952.00
2012/08/24,2.45,2.45,2.34,2.36,7148130,46956560.00
2012/08/27,2.33,2.34,2.28,2.30,6159879,39185348.00
2012/08/28,2.28,2.33,2.28,2.30,4261575,27105144.00
2012/08/29,2.32,2.39,2.31,2.34,7026650,45523192.00
2012/08/30,2.32,2.38,2.23,2.27,6890980,43723324.00
2012/08/31,2.26,2.31,2.26,2.29,2624459,16623666.00
2012/09/03,2.28,2.38,2.27,2.35,6903397,44710244.00
2012/09/04,2.36,2.36,2.30,2.31,4758573,30521898.00
2012/09/05,2.33,2.34,2.30,2.31,4564132,29233894.00
2012/09/06,2.32,2.34,2.27,2.31,6237860,39622232.00
2012/09/07,2.33,2.46,2.33,2.42,18470702,121873504.00
2012/09/10,2.42,2.47,2.40,2.44,14186873,94742336.00
2012/09/11,2.42,2.42,2.38,2.40,9105821,59846720.00
2012/09/12,2.42,2.45,2.39,2.45,10252695,68184888.00
2012/09/13,2.45,2.46,2.38,2.38,8549793,56772296.00
2012/09/14,2.40,2.42,2.34,2.38,8650351,56694448.00
2012/09/17,2.38,2.39,2.24,2.26,12739399,81006760.00
2012/09/18,2.29,2.35,2.27,2.28,9592585,61253320.00
2012/09/19,2.27,2.30,2.25,2.29,6804066,42741660.00
2012/09/20,2.29,2.29,2.21,2.21,7037284,43572764.00
2012/09/21,2.21,2.24,2.17,2.19,5580857,34115924.00
2012/09/24,2.19,2.22,2.14,2.20,6319707,38270508.00
2012/09/25,2.44,2.44,2.29,2.31,33723619,219974128.00
2012/09/26,2.23,2.28,2.17,2.20,16585232,102263224.00
2012/09/27,2.18,2.31,2.18,2.28,15671855,97891856.00
2012/09/28,2.26,2.32,2.25,2.32,13061880,82707672.00
2012/10/08,2.38,2.42,2.33,2.34,15053870,97781400.00
2012/10/09,2.32,2.41,2.32,2.40,15681973,102493600.00
2012/10/10,2.39,2.40,2.36,2.40,11637857,76120416.00
2012/10/11,2.39,2.39,2.33,2.33,9458495,61379896.00
2012/10/12,2.35,2.37,2.30,2.32,5697341,36583340.00
2012/10/15,2.32,2.34,2.28,2.30,5295488,33692188.00
2012/10/16,2.30,2.33,2.28,2.30,6603776,42078856.00
2012/10/17,2.31,2.33,2.27,2.30,4617680,29299680.00
2012/10/18,2.32,2.43,2.31,2.39,20743823,136357040.00
2012/10/19,2.42,2.53,2.40,2.43,31200715,210925776.00
2012/10/22,2.40,2.56,2.40,2.54,24243683,165913392.00
2012/10/23,2.55,2.60,2.48,2.49,24468817,169605664.00
2012/10/24,2.47,2.50,2.43,2.48,11190591,75751832.00
2012/10/25,2.49,2.49,2.38,2.40,13216488,88023936.00
2012/10/26,2.40,2.45,2.36,2.41,10245580,67572512.00
2012/10/29,2.39,2.41,2.35,2.39,5791153,37959292.00
2012/10/30,2.38,2.48,2.38,2.44,9584811,64092016.00
2012/10/31,2.44,2.44,2.37,2.40,8354150,55044832.00
2012/11/01,2.40,2.54,2.40,2.50,18301288,124784512.00
2012/11/02,2.52,2.58,2.48,2.54,21894036,151724784.00
2012/11/05,2.53,2.53,2.45,2.47,12812487,87385672.00
2012/11/06,2.49,2.56,2.46,2.52,23275433,160029504.00
2012/11/07,2.51,2.54,2.46,2.50,11687216,79915272.00
2012/11/08,2.46,2.57,2.43,2.47,20079542,138029024.00
2012/11/09,2.45,2.50,2.41,2.44,9645080,64812692.00
2012/11/12,2.45,2.50,2.42,2.49,13137449,88818224.00
2012/11/13,2.49,2.49,2.33,2.33,12855163,85106304.00
2012/11/14,2.32,2.33,2.23,2.24,20523922,128116464.00
2012/11/15,2.22,2.27,2.21,2.21,10900427,67531264.00
2012/11/16,2.22,2.25,2.18,2.21,10963159,67409984.00
2012/11/19,2.22,2.24,2.20,2.22,9563919,58781412.00
2012/11/20,2.26,2.30,2.23,2.24,15231374,94852784.00
2012/11/21,2.28,2.34,2.25,2.32,23729761,150482336.00
2012/11/22,2.29,2.29,2.22,2.24,10014798,62393044.00
2012/11/23,2.25,2.27,2.23,2.24,7476662,46492900.00
2012/11/26,2.24,2.24,2.18,2.20,7975373,48657632.00
2012/11/27,2.19,2.19,2.08,2.09,11621071,68349112.00
2012/11/28,2.08,2.08,1.98,2.00,9621573,54218204.00
2012/11/29,2.00,2.04,1.96,1.98,5788028,32467542.00
2012/11/30,1.99,2.13,1.99,2.09,16752528,96622144.00
2012/12/03,2.12,2.18,2.05,2.06,18961340,112147136.00
2012/12/04,2.05,2.12,2.04,2.12,10352608,60421544.00
2012/12/05,2.09,2.29,2.09,2.23,25899451,157939776.00
2012/12/06,2.22,2.26,2.21,2.23,13503717,83587632.00
2012/12/07,2.26,2.28,2.21,2.25,23522597,145737584.00
2012/12/10,2.25,2.29,2.22,2.25,21106184,131545896.00
2012/12/11,2.24,2.28,2.21,2.24,17496378,109141664.00
2012/12/12,2.24,2.26,2.19,2.23,12142399,74808760.00
2012/12/13,2.23,2.34,2.21,2.26,25636290,162530704.00
2012/12/14,2.30,2.49,2.30,2.43,48065312,313614912.00
2012/12/17,2.44,2.49,2.42,2.42,32442646,217864192.00
2012/12/18,2.42,2.48,2.36,2.40,25618708,169947184.00
2012/12/19,2.40,2.41,2.34,2.39,16646352,108865152.00
2012/12/20,2.37,2.44,2.34,2.40,17545755,115466240.00
2012/12/24,2.45,2.48,2.37,2.39,19619530,130545560.00
2012/12/25,2.38,2.49,2.34,2.46,38230021,257426688.00
2012/12/26,2.45,2.49,2.42,2.48,27784442,187451424.00
2012/12/27,2.49,2.53,2.42,2.42,25061087,169281200.00
2012/12/28,2.42,2.47,2.40,2.46,22559394,151733632.00
2012/12/31,2.51,2.59,2.46,2.54,39245185,271608864.00
2013/01/04,2.57,2.60,2.47,2.52,29358334,203601584.00
2013/01/07,2.52,2.52,2.46,2.50,17705243,120675128.00
2013/01/08,2.49,2.51,2.43,2.50,18272532,124176480.00
2013/01/09,2.50,2.52,2.43,2.45,19148930,129773272.00
2013/01/10,2.45,2.52,2.44,2.48,16508535,112185936.00
2013/01/11,2.47,2.48,2.36,2.36,21100561,139506128.00
2013/01/14,2.36,2.46,2.35,2.44,20795848,138272128.00
2013/01/15,2.44,2.48,2.42,2.47,24475358,164892816.00
2013/01/16,2.46,2.47,2.37,2.41,19344587,128665872.00
2013/01/17,2.40,2.44,2.39,2.41,13173182,87293344.00
2013/01/18,2.41,2.49,2.40,2.48,22981949,154267136.00
2013/01/21,2.48,2.51,2.45,2.48,21559079,146789696.00
2013/01/22,2.49,2.50,2.41,2.43,14582612,98518032.00
2013/01/23,2.42,2.46,2.38,2.42,12711259,84387632.00
2013/01/24,2.40,2.44,2.32,2.32,19593339,128343816.00
2013/01/25,2.32,2.33,2.24,2.27,12123096,76152624.00
2013/01/28,2.28,2.34,2.27,2.32,14247950,90594032.00
2013/01/29,2.33,2.36,2.31,2.34,12592240,81255168.00
2013/01/30,2.34,2.36,2.30,2.35,13276620,85439896.00
2013/01/31,2.35,2.35,2.29,2.29,13684456,87083272.00
2013/02/01,2.29,2.33,2.29,2.31,11084367,70660936.00
2013/02/04,2.31,2.32,2.25,2.26,22543271,141685232.00
2013/02/05,2.28,2.36,2.28,2.34,19353985,123793504.00
2013/02/06,2.35,2.36,2.31,2.32,16085436,103302880.00
2013/02/07,2.32,2.33,2.29,2.32,10456460,66487452.00
2013/02/08,2.32,2.35,2.31,2.34,14504323,93244384.00
2013/02/18,2.36,2.41,2.34,2.40,21838009,142793120.00
2013/02/19,2.40,2.40,2.31,2.33,15152729,98101640.00
2013/02/20,2.33,2.35,2.31,2.35,9989913,64302608.00
2013/02/21,2.32,2.33,2.22,2.24,15806146,99320888.00
2013/02/22,2.24,2.26,2.22,2.23,9458966,58692156.00
2013/02/25,2.23,2.26,2.22,2.23,8249211,51093868.00
2013/02/26,2.24,2.24,2.18,2.18,12409355,76023456.00
2013/02/27,2.19,2.21,2.16,2.20,9144455,55654548.00
2013/02/28,2.21,2.26,2.20,2.25,13473470,83541696.00
2013/03/01,2.26,2.26,2.22,2.24,10583480,65589152.00
2013/03/04,2.16,2.16,2.00,2.01,25812520,148621248.00
2013/03/05,2.02,2.06,2.01,2.05,10821588,61529008.00
2013/03/06,2.06,2.07,2.04,2.06,10937586,62826596.00
2013/03/07,2.04,2.09,2.02,2.06,13686212,78596696.00
2013/03/08,2.06,2.09,2.04,2.04,10900494,62848776.00
2013/03/11,2.05,2.08,2.03,2.07,8394165,48319888.00
2013/03/12,2.07,2.10,2.04,2.09,12801452,74156208.00
2013/03/13,2.11,2.15,2.09,2.12,17942801,105955984.00
2013/03/14,2.10,2.14,2.10,2.11,7207435,42347288.00
2013/03/15,2.11,2.12,2.04,2.06,11241806,65186008.00
2013/03/18,2.08,2.10,2.06,2.06,7206053,41711748.00
2013/03/19,2.06,2.09,2.04,2.08,7589586,43857996.00
2013/03/20,2.09,2.12,2.08,2.12,10660983,62626432.00
2013/03/21,2.12,2.12,2.08,2.11,9836464,57663088.00
2013/03/22,2.10,2.11,2.07,2.09,8158045,47563908.00
2013/03/25,2.10,2.11,2.06,2.08,5630281,32644982.00
2013/03/26,2.08,2.10,2.05,2.06,6693440,38559344.00
2013/03/27,2.05,2.08,2.04,2.05,5902689,33867580.00
2013/03/28,2.05,2.05,1.97,1.97,9708881,54052196.00
2013/03/29,1.98,1.99,1.97,1.98,4942501,27465306.00
2013/04/01,2.05,2.11,2.05,2.05,11342319,65644936.00
2013/04/02,2.05,2.10,2.04,2.05,7059499,40644792.00
2013/04/03,2.05,2.07,2.02,2.04,5852653,33498064.00
2013/04/08,2.00,2.06,1.98,2.05,7032180,39605712.00
2013/04/09,2.05,2.08,2.04,2.06,5317790,30563084.00
2013/04/10,2.14,2.17,2.10,2.11,14925245,88202800.00
2013/04/11,2.12,2.14,2.08,2.09,9782878,57481624.00
2013/04/12,2.08,2.11,2.07,2.10,6508251,37903672.00
2013/04/15,2.08,2.10,2.04,2.06,5242168,30203798.00
2013/04/16,2.05,2.12,2.04,2.10,9205757,53694932.00
2013/04/17,2.11,2.14,2.10,2.12,9145398,53960276.00
2013/04/18,2.11,2.15,2.10,2.11,7224308,42683444.00
2013/04/19,2.11,2.15,2.11,2.12,12040733,71326384.00
2013/04/22,2.12,2.12,2.09,2.10,8334298,48906900.00
2013/04/23,2.11,2.12,2.02,2.05,9265050,53298400.00
2013/04/24,2.05,2.08,2.03,2.07,6168467,35555056.00
2013/04/25,2.07,2.08,2.03,2.04,6718289,38477052.00
2013/04/26,2.04,2.06,2.02,2.02,6010909,34269588.00
2013/05/02,2.04,2.13,2.04,2.12,18899992,110957728.00
2013/05/03,2.14,2.21,2.12,2.20,23413812,140898784.00
2013/05/06,2.21,2.23,2.17,2.20,12091530,73615808.00
2013/05/07,2.19,2.21,2.17,2.17,9152461,55491904.00
2013/05/08,2.18,2.22,2.18,2.18,8933732,54379068.00
2013/05/09,2.19,2.21,2.14,2.16,11962943,72328000.00
2013/05/10,2.15,2.19,2.15,2.18,9417731,56706140.00
2013/05/13,2.18,2.19,2.15,2.16,7334836,44083508.00
2013/05/14,2.14,2.17,2.12,2.12,6329333,37629248.00
2013/05/15,2.12,2.15,2.12,2.15,4260037,25325280.00
2013/05/16,2.15,2.20,2.13,2.20,13269902,80297256.00
2013/05/17,2.22,2.40,2.22,2.34,42126621,270732384.00
2013/05/20,2.59,2.59,2.55,2.59,45321630,320418976.00
2013/05/21,2.77,2.84,2.70,2.77,98332983,736489280.00
2013/05/22,2.76,3.03,2.74,2.92,80400789,634096832.00
2013/05/23,2.91,3.03,2.88,2.92,47583847,379967552.00
2013/05/24,2.91,3.00,2.88,2.93,26579157,210614480.00
2013/05/27,2.91,2.98,2.87,2.96,37437255,295829056.00
2013/05/28,2.93,3.28,2.93,3.28,58037018,492574784.00
2013/05/29,3.28,3.31,3.17,3.18,42974121,373309856.00
2013/05/30,3.18,3.24,3.12,3.19,23226899,198157776.00
2013/05/31,3.16,3.19,3.04,3.08,25778631,215756496.00
2013/06/03,3.07,3.20,3.01,3.06,28926404,242708304.00
2013/06/04,3.05,3.14,2.90,2.99,30667917,247918704.00
2013/06/05,2.97,3.04,2.94,3.02,17874477,144006560.00
2013/06/06,3.02,3.08,2.94,2.95,18213969,147598496.00
2013/06/07,2.94,2.98,2.72,2.77,25182796,193367632.00
2013/06/13,2.75,2.75,2.49,2.61,34185592,241255248.00
2013/06/14,2.62,2.69,2.58,2.68,26764864,192594992.00
2013/06/17,2.66,2.66,2.54,2.56,34111781,241558240.00
2013/06/18,2.58,2.66,2.58,2.63,23399056,167565840.00
2013/06/19,2.64,2.75,2.60,2.74,39600105,288655072.00
2013/06/20,2.70,2.72,2.60,2.62,21051377,152715264.00
2013/06/21,2.56,2.58,2.44,2.52,23331054,161208688.00
2013/06/24,2.50,2.52,2.30,2.33,26302423,173329280.00
2013/06/25,2.28,2.31,2.07,2.27,39748504,242546320.00
2013/06/26,2.24,2.39,2.21,2.38,34192665,217511984.00
2013/06/27,2.44,2.55,2.41,2.42,50835334,346053504.00
2013/06/28,2.46,2.63,2.40,2.56,58370115,407345184.00
2013/07/01,2.50,2.54,2.42,2.52,30683881,208998112.00
2013/07/02,2.51,2.51,2.40,2.48,26259473,176364640.00
2013/07/03,2.44,2.45,2.30,2.36,33511416,218130208.00
2013/07/04,2.32,2.56,2.29,2.48,41810936,281076928.00
2013/07/05,2.52,2.68,2.52,2.60,54303726,388730048.00
2013/07/08,2.55,2.62,2.47,2.49,27739930,192816656.00
2013/07/09,2.48,2.59,2.47,2.54,21639135,150774976.00
2013/07/10,2.56,2.68,2.52,2.67,27062317,193381792.00
2013/07/11,2.67,2.82,2.63,2.76,37971938,284482208.00
2013/07/12,2.77,2.77,2.67,2.71,28868076,209895888.00
2013/07/18,2.80,3.00,2.72,2.88,51923142,403562176.00
2013/07/19,2.88,2.92,2.70,2.71,34308344,258884992.00
2013/07/22,2.70,2.78,2.58,2.66,23060659,166367264.00
2013/07/23,2.68,2.79,2.64,2.77,19879403,146462192.00
2013/07/24,2.78,2.82,2.68,2.72,18713358,137545616.00
2013/07/25,2.74,2.77,2.70,2.70,12888458,94517736.00
2013/07/26,2.68,2.76,2.68,2.69,9162413,66624724.00
2013/07/29,2.64,2.64,2.46,2.50,22243100,151863840.00
2013/07/30,2.50,2.57,2.44,2.50,14164548,96049440.00
2013/07/31,2.64,2.74,2.58,2.60,24044458,171859152.00
2013/08/01,2.64,2.72,2.62,2.71,25505261,184014688.00
2013/08/02,2.81,2.91,2.76,2.77,36014364,274186368.00
2013/08/05,2.73,2.80,2.71,2.78,14348214,106373864.00
2013/08/06,2.78,2.81,2.72,2.77,13289100,98362400.00
2013/08/07,2.80,2.89,2.77,2.78,20591667,156388592.00
2013/08/08,2.77,2.81,2.74,2.74,11507540,85372656.00
2013/08/09,2.78,2.79,2.70,2.76,7786893,57380112.00
2013/08/12,2.76,2.84,2.75,2.84,16094927,121144128.00
2013/08/13,2.83,2.94,2.82,2.87,20566835,158876384.00
2013/08/14,2.89,2.93,2.82,2.82,14385688,109981824.00
2013/08/15,2.83,2.83,2.75,2.76,8785659,65667316.00
2013/08/16,2.75,2.88,2.73,2.74,13977921,104299952.00
2013/08/19,2.72,2.78,2.70,2.77,11164014,81907984.00
2013/08/20,2.77,2.78,2.73,2.76,7745572,57239420.00
2013/08/21,2.76,2.79,2.72,2.75,7369129,54201756.00
2013/08/22,2.75,2.76,2.70,2.70,9362877,68697808.00
2013/08/23,2.72,2.73,2.59,2.64,14761043,104934560.00
2013/08/26,2.66,2.70,2.65,2.69,8904794,64015952.00
2013/08/27,2.69,2.73,2.69,2.73,7366459,53677344.00
2013/08/28,2.70,2.72,2.65,2.66,10264813,73842712.00
2013/08/29,2.62,2.70,2.61,2.64,7801412,55737720.00
2013/08/30,2.64,2.70,2.62,2.69,11457690,82142168.00
2013/09/02,2.69,2.69,2.59,2.63,10501584,74042728.00
2013/09/03,2.62,2.72,2.62,2.72,15662097,113177472.00
2013/09/04,2.75,2.83,2.74,2.75,22565545,167692752.00
2013/09/05,2.73,2.78,2.68,2.70,12172886,89083504.00
2013/09/06,2.69,2.73,2.63,2.68,12697427,90888832.00
2013/09/09,2.66,2.78,2.66,2.76,21718429,158943456.00
2013/09/10,2.74,2.82,2.72,2.76,19633851,145699744.00
2013/09/11,2.76,2.92,2.73,2.90,42387104,320207360.00
2013/09/12,2.85,2.88,2.80,2.83,19179650,145459264.00
2013/09/13,2.82,2.89,2.80,2.84,22816933,173888304.00
2013/09/16,2.82,2.84,2.70,2.75,20088097,148256464.00
2013/09/17,2.75,2.76,2.61,2.64,14431287,103941976.00
2013/09/18,2.64,2.70,2.63,2.67,9403854,67337408.00
2013/09/23,2.68,2.69,2.62,2.66,18444193,131202448.00
2013/09/24,2.65,2.66,2.60,2.63,13392253,94647952.00
2013/09/25,2.63,2.66,2.60,2.62,11150741,78661488.00
2013/09/26,2.90,2.90,2.66,2.68,43855468,324398208.00
2013/09/30,2.58,2.66,2.46,2.55,31579575,216565440.00
2013/10/08,2.54,2.63,2.51,2.62,18951135,131342536.00
2013/10/09,2.60,2.61,2.57,2.60,14913660,103917712.00
2013/10/10,2.60,2.62,2.57,2.59,10108169,70618928.00
2013/10/11,2.60,2.63,2.58,2.62,12358599,86635568.00
2013/10/14,2.62,2.62,2.57,2.58,15246990,106065152.00
2013/10/15,2.62,2.70,2.60,2.69,28034003,199649472.00
2013/10/16,2.68,2.69,2.61,2.62,14822137,105362664.00
2013/10/17,2.63,2.66,2.59,2.59,9740122,68793256.00
2013/10/18,2.59,2.64,2.59,2.59,6401590,44959376.00
2013/10/21,2.60,2.62,2.52,2.56,15451597,106420416.00
2013/10/22,2.56,2.56,2.53,2.54,13345634,91509280.00
2013/10/23,2.55,2.56,2.50,2.51,9826925,66866880.00
2013/10/24,2.50,2.52,2.48,2.50,6546111,44184336.00
2013/10/25,2.50,2.51,2.45,2.47,7839990,52412492.00
2013/10/28,2.47,2.49,2.45,2.45,5028144,33429146.00
2013/10/29,2.46,2.50,2.36,2.40,8968912,58737404.00
2013/10/30,2.42,2.48,2.40,2.42,11908878,78309672.00
2013/10/31,2.54,2.64,2.47,2.48,28573931,196839184.00
2013/11/01,2.46,2.50,2.42,2.46,11556975,76595152.00
2013/11/04,2.46,2.50,2.44,2.48,8015313,53510880.00
2013/11/05,2.47,2.48,2.42,2.47,7916370,52465792.00
2013/11/06,2.45,2.52,2.44,2.45,9439014,63166532.00
2013/11/07,2.43,2.45,2.37,2.38,9019782,58886520.00
2013/11/08,2.36,2.39,2.36,2.36,5920056,38102984.00
2013/11/11,2.36,2.37,2.30,2.33,6120934,38736708.00
2013/11/12,2.33,2.37,2.32,2.35,4298319,27360874.00
2013/11/13,2.38,2.38,2.28,2.28,7155120,45143540.00
2013/11/14,2.29,2.30,2.24,2.28,6636020,41088312.00
2013/11/15,2.28,2.36,2.28,2.32,10302153,65086232.00
2013/11/18,2.32,2.43,2.32,2.42,13202465,84893464.00
2013/11/19,2.42,2.44,2.40,2.41,8685057,56806168.00
2013/11/20,2.42,2.43,2.37,2.39,7082676,45863360.00
2013/11/21,2.38,2.38,2.31,2.32,10324879,65493544.00
2013/11/22,2.34,2.35,2.31,2.32,6450050,40673468.00
2013/11/25,2.32,2.32,2.29,2.30,6010755,37612156.00
2013/11/26,2.30,2.31,2.29,2.31,5286865,33003876.00
2013/11/27,2.31,2.34,2.30,2.31,7723326,48763568.00
2013/11/28,2.32,2.38,2.31,2.36,13106025,83480896.00
2013/11/29,2.36,2.36,2.33,2.34,8106090,51453176.00
2013/12/02,2.30,2.31,2.20,2.21,11822680,72610872.00
2013/12/03,2.23,2.28,2.22,2.28,6604472,40692092.00
2013/12/04,2.28,2.36,2.28,2.32,11462023,72188512.00
2013/12/05,2.33,2.34,2.31,2.34,6820372,43182852.00
2013/12/06,2.33,2.34,2.31,2.32,5242927,33022986.00
2013/12/09,2.32,2.36,2.31,2.34,7631425,48430260.00
2013/12/10,2.36,2.36,2.31,2.33,6280309,39668660.00
2013/12/11,2.33,2.33,2.26,2.28,7665173,47720644.00
2013/12/12,2.29,2.30,2.27,2.29,3587787,22316954.00
2013/12/13,2.29,2.31,2.27,2.30,4149174,25941298.00
2013/12/16,2.34,2.36,2.29,2.30,7912293,49886356.00
2013/12/17,2.30,2.31,2.26,2.27,3828551,23698390.00
2013/12/18,2.27,2.29,2.24,2.25,4297664,26494194.00
2013/12/19,2.26,2.28,2.21,2.21,5481329,33425328.00
2013/12/20,2.22,2.22,2.17,2.18,5142878,30826300.00
2013/12/23,2.19,2.20,2.10,2.10,7137263,41741504.00
2013/12/24,2.11,2.15,2.11,2.14,6161094,35934856.00
2013/12/25,2.14,2.16,2.13,2.15,4739306,27847700.00
2013/12/26,2.15,2.17,2.08,2.10,5662446,32894250.00
2013/12/27,2.12,2.14,2.10,2.11,7842917,45451136.00
2013/12/30,2.12,2.14,2.08,2.10,5961148,34382020.00
2013/12/31,2.10,2.12,2.07,2.12,5312304,30615954.00
2014/01/02,2.12,2.13,2.10,2.12,4168179,24104296.00
2014/01/03,2.12,2.12,2.06,2.06,7513698,42787944.00
2014/01/06,2.06,2.06,1.96,1.96,10752244,58833528.00
2014/01/07,1.96,1.98,1.94,1.96,3564264,19284194.00
2014/01/08,1.96,1.98,1.89,1.91,9303844,49474600.00
2014/01/09,1.90,1.93,1.84,1.84,12593546,65735588.00
2014/01/10,1.84,1.88,1.75,1.75,18287190,91642680.00
2014/01/13,1.77,1.79,1.73,1.75,14159039,69133672.00
2014/01/14,1.74,1.79,1.73,1.78,8380455,41018532.00
2014/01/15,1.78,1.78,1.74,1.75,9562157,46739500.00
2014/01/16,1.75,1.81,1.74,1.78,10365572,51308704.00
2014/01/17,1.79,1.79,1.74,1.74,6059514,29630510.00
2014/01/20,1.74,1.76,1.73,1.74,6277411,30476488.00
2014/01/21,1.75,1.80,1.74,1.78,6741822,33304740.00
2014/01/22,1.78,1.91,1.78,1.90,25146500,129328224.00
2014/01/23,1.94,2.00,1.92,1.94,25942221,139523264.00
2014/01/24,1.92,2.04,1.92,1.98,25808602,141646176.00
2014/01/27,1.97,2.00,1.94,1.97,12580079,68066768.00
2014/01/28,1.97,1.99,1.92,1.95,8409556,45246424.00
2014/01/29,1.95,1.96,1.93,1.96,8106721,43501048.00
2014/01/30,1.95,1.96,1.90,1.91,7810103,41430068.00
2014/02/07,1.90,1.90,1.85,1.89,7594939,39463328.00
2014/02/10,1.90,1.98,1.89,1.97,13507067,72581624.00
2014/02/11,1.97,2.04,1.96,2.01,15906573,87844536.00
2014/02/12,2.00,2.03,1.99,2.00,11230184,61875520.00
2014/02/13,2.01,2.02,1.96,1.96,9703646,53197852.00
2014/02/14,1.97,2.01,1.95,2.00,9291978,50551760.00
2014/02/17,2.04,2.04,2.00,2.01,10925496,60451124.00
2014/02/18,2.00,2.01,1.96,1.98,10999618,59884384.00
2014/02/19,1.97,2.02,1.96,2.01,12322092,67761320.00
2014/02/20,2.01,2.03,1.96,1.96,12082313,66096268.00
2014/02/21,1.95,1.97,1.90,1.92,11011597,58569876.00
2014/02/24,1.88,1.88,1.76,1.79,16597730,83081592.00
2014/02/25,1.79,1.81,1.75,1.75,10359551,51187404.00
2014/02/26,1.75,1.79,1.74,1.77,7720184,37946016.00
2014/02/27,1.78,1.78,1.74,1.74,7717634,37889212.00
2014/02/28,1.76,1.78,1.73,1.77,6911735,33736768.00
2014/03/03,1.76,1.79,1.75,1.78,6872014,33884992.00
2014/03/04,1.78,1.83,1.77,1.82,10595837,53098876.00
2014/03/05,1.83,1.86,1.79,1.80,7556748,37875452.00
2014/03/06,1.79,1.88,1.76,1.86,16320784,82867064.00
2014/03/07,1.86,1.87,1.76,1.79,15862872,79962016.00
2014/03/10,1.77,1.78,1.72,1.72,11401943,55401544.00
2014/03/11,1.72,1.77,1.72,1.74,11554108,56001660.00
2014/03/12,1.73,1.82,1.72,1.80,16092353,79843848.00
2014/03/13,1.79,1.82,1.78,1.80,9108085,45508888.00
2014/03/14,1.79,1.80,1.76,1.78,7881546,39080376.00
2014/03/17,1.80,1.82,1.80,1.82,9715810,48904020.00
2014/03/18,1.82,1.82,1.79,1.81,8807034,44160496.00
2014/03/19,1.80,1.80,1.76,1.78,8378650,41383420.00
2014/03/20,1.82,1.89,1.81,1.81,21759308,111539600.00
2014/03/21,1.80,1.91,1.76,1.90,29901312,153824624.00
2014/03/24,1.91,1.99,1.89,1.97,32149975,171871600.00
2014/03/25,1.96,1.98,1.91,1.93,20824023,111654408.00
2014/03/26,1.94,1.95,1.90,1.90,13660367,72297376.00
2014/03/27,1.90,1.97,1.88,1.93,21273256,113670360.00
2014/03/28,1.94,2.11,1.92,2.02,43020221,236901568.00
2014/03/31,2.02,2.06,1.93,1.94,21318338,115611440.00
2014/04/01,1.95,2.09,1.94,2.05,31499711,175271760.00
2014/04/02,2.04,2.16,2.02,2.11,48712870,280795328.00
2014/04/03,2.16,2.17,2.05,2.10,26095863,149163776.00
2014/04/04,2.08,2.11,2.06,2.08,15953164,91211992.00
2014/04/08,2.09,2.15,2.08,2.10,20674867,119236808.00
2014/04/09,2.10,2.12,2.04,2.06,20641863,117269968.00
2014/04/10,2.06,2.07,1.99,2.02,23526983,130325640.00
2014/04/11,2.00,2.02,1.99,2.02,9194762,50663348.00
2014/04/14,2.01,2.03,2.01,2.02,8488305,47124756.00
2014/04/15,2.02,2.06,1.96,1.98,18146802,99719440.00
2014/04/16,1.97,2.00,1.95,1.99,9973804,54239412.00
2014/04/17,1.99,1.99,1.95,1.95,9740841,52657524.00
2014/04/18,1.94,1.98,1.93,1.98,7469432,40417460.00
2014/04/21,1.96,2.01,1.95,1.95,11199781,61133172.00
2014/04/22,1.98,2.01,1.94,2.01,15097750,82004704.00
2014/04/23,2.00,2.02,1.98,2.00,8953244,49162560.00
2014/04/24,2.00,2.04,1.99,2.01,14884378,82830048.00
2014/04/25,2.02,2.03,1.91,1.91,15470299,83797008.00
2014/04/28,1.89,1.91,1.81,1.81,13599792,69403464.00
2014/04/29,1.81,1.86,1.81,1.86,6582231,33563140.00
2014/04/30,1.84,1.87,1.84,1.86,5505422,28365712.00
2014/05/05,1.86,1.86,1.83,1.84,7424411,37848504.00
2014/05/06,1.84,1.86,1.83,1.83,7659205,39162920.00
2014/05/07,1.83,1.84,1.82,1.82,5761116,29284106.00
2014/05/08,1.83,1.87,1.82,1.84,7112318,36425348.00
2014/05/09,1.83,1.84,1.80,1.81,7640003,38573176.00
2014/05/12,1.82,1.87,1.82,1.87,8680103,44470008.00
2014/05/13,1.87,1.89,1.86,1.87,6380856,33057014.00
2014/05/14,1.89,1.90,1.86,1.88,9088277,47283168.00
2014/05/15,1.87,1.87,1.82,1.83,6303216,32184376.00
2014/05/16,1.83,1.84,1.82,1.84,4925088,24988120.00
2014/05/19,1.83,1.84,1.81,1.82,3951932,19988824.00
2014/05/20,1.82,1.84,1.82,1.83,4161828,21111932.00
2014/05/21,1.82,1.86,1.81,1.85,6018484,30709386.00
2014/05/22,1.84,1.89,1.84,1.86,10649015,55212752.00
2014/05/23,1.87,1.94,1.87,1.93,16983581,89919720.00
2014/05/26,1.94,1.94,1.90,1.92,9575690,50753560.00
2014/05/27,1.92,1.92,1.90,1.91,6412368,33823116.00
2014/05/28,1.91,1.93,1.90,1.92,6703094,35432236.00
2014/05/29,1.92,1.94,1.87,1.88,8987201,47310524.00
2014/05/30,1.88,1.90,1.88,1.89,4900251,25587146.00
2014/06/03,1.89,1.90,1.87,1.87,6065758,31561696.00
2014/06/04,1.87,1.87,1.82,1.84,6174104,31500358.00
2014/06/05,1.83,1.86,1.83,1.86,4159616,21260356.00
2014/06/06,1.86,1.89,1.85,1.86,6401396,33079418.00
2014/06/09,1.86,1.89,1.85,1.86,6309622,32692122.00
2014/06/10,1.86,1.89,1.86,1.87,7726585,39952936.00
2014/06/11,1.87,1.88,1.86,1.87,6383457,33037420.00
2014/06/12,1.87,1.87,1.84,1.84,6309247,32339542.00
2014/06/13,1.84,1.86,1.83,1.86,5047828,25842088.00
2014/06/16,1.86,1.88,1.85,1.88,8079037,41711300.00
2014/06/17,1.88,1.88,1.83,1.84,9027712,46230768.00
2014/06/18,1.84,1.84,1.82,1.82,7159462,36272260.00
2014/06/19,1.82,1.83,1.73,1.75,13452786,66388184.00
2014/06/20,1.76,1.78,1.75,1.76,5646228,27647308.00
2014/06/23,1.76,1.78,1.76,1.77,5950400,29272484.00
2014/06/24,1.77,1.78,1.76,1.77,5582642,27486286.00
2014/06/25,1.77,1.77,1.75,1.77,5442453,26682620.00
2014/06/26,1.76,1.80,1.76,1.79,9381241,46620656.00
2014/06/27,1.80,1.84,1.79,1.84,12505800,63169600.00
2014/06/30,1.84,1.85,1.82,1.84,9118823,46384992.00
2014/07/01,1.85,1.85,1.83,1.84,7617737,38795104.00
2014/07/02,1.84,1.84,1.82,1.84,7091017,35982376.00
2014/07/03,1.87,1.90,1.86,1.90,17615606,91740712.00
2014/07/04,1.90,1.90,1.88,1.89,11079872,57943384.00
2014/07/07,1.88,1.93,1.88,1.92,11966892,63237464.00
2014/07/08,1.92,1.93,1.91,1.93,16163003,85869840.00
2014/07/09,1.94,1.94,1.88,1.88,14413872,71819336.00
2014/07/10,1.90,1.96,1.90,1.94,14620498,73720328.00
2014/07/11,1.96,2.15,1.95,2.08,39127062,211797280.00
2014/07/14,2.12,2.30,2.12,2.30,52395585,305288416.00
2014/07/15,2.39,2.40,2.24,2.28,52006485,309784544.00
2014/07/16,2.28,2.30,2.20,2.22,33401516,193234784.00
2014/07/17,2.22,2.30,2.20,2.23,21570163,125078120.00
2014/07/18,2.22,2.34,2.21,2.29,36973462,219900080.00
2014/07/21,2.28,2.30,2.24,2.26,15470972,90882800.00
2014/07/22,2.26,2.30,2.24,2.28,20426591,120100944.00
2014/07/23,2.28,2.38,2.28,2.29,30241255,181990192.00
2014/07/24,2.30,2.38,2.29,2.34,35193878,212726432.00
2014/07/25,2.34,2.39,2.31,2.36,27874796,169033872.00
2014/07/28,2.38,2.40,2.34,2.36,30414700,185708720.00
2014/07/29,2.36,2.37,2.32,2.35,28569929,173431968.00
2014/07/30,2.35,2.36,2.32,2.35,29021215,176222160.00
2014/07/31,2.36,2.38,2.34,2.36,15735126,96057264.00
2014/08/01,2.36,2.37,2.30,2.30,30013414,181353808.00
2014/08/04,2.30,2.37,2.30,2.37,26203377,159138240.00
2014/08/05,2.36,2.38,2.34,2.36,20669088,125851272.00
2014/08/06,2.37,2.51,2.35,2.47,46403507,292864896.00
2014/08/07,2.47,2.49,2.40,2.40,26476941,166602224.00
2014/08/08,2.40,2.42,2.36,2.41,17627586,108687216.00
2014/08/11,2.41,2.46,2.41,2.44,20498843,129258440.00
2014/08/12,2.44,2.49,2.43,2.47,16951427,107717856.00
2014/08/13,2.47,2.51,2.46,2.49,19125287,122368232.00
2014/08/14,2.48,2.53,2.48,2.51,20150185,130351696.00
2014/08/15,2.68,2.72,2.55,2.56,56138771,377701632.00
2014/08/18,2.63,2.82,2.60,2.82,55350209,390019712.00
2014/08/19,2.92,2.99,2.84,2.86,103497307,773295680.00
2014/08/20,2.86,2.90,2.76,2.78,47968975,346514624.00
2014/08/21,2.78,2.83,2.76,2.82,30571947,220096528.00
2014/08/22,2.83,2.87,2.78,2.79,28577765,207009696.00
2014/08/25,2.79,2.80,2.73,2.73,29747659,211199760.00
2014/08/26,2.73,2.79,2.72,2.75,23899558,169218848.00
2014/08/27,2.76,2.83,2.74,2.79,19541234,140022240.00
2014/08/28,2.81,2.81,2.68,2.69,26589009,187276336.00
2014/08/29,2.68,2.71,2.65,2.70,17688432,122054560.00
2014/09/01,2.71,2.78,2.69,2.77,20275539,143256112.00
2014/09/02,2.77,2.82,2.76,2.80,20778526,149245056.00
2014/09/03,2.82,2.82,2.77,2.79,19111463,137442512.00
2014/09/04,2.80,2.83,2.79,2.82,20933522,151149520.00
2014/09/05,2.82,2.82,2.76,2.80,27854494,199279792.00
2014/09/09,2.81,2.83,2.76,2.80,20439004,146852384.00
2014/09/10,2.79,2.82,2.76,2.80,17134542,123022744.00
2014/09/11,2.80,2.86,2.79,2.82,29766862,215269504.00
2014/09/12,2.82,2.85,2.80,2.84,22901330,166227120.00
2014/09/15,2.85,2.86,2.80,2.84,22587573,164417520.00
2014/09/16,2.83,2.85,2.70,2.71,34981332,251324080.00
2014/09/17,2.71,2.79,2.70,2.77,25790545,182036928.00
2014/09/18,2.77,2.83,2.75,2.83,24788936,179055520.00
2014/09/19,2.84,2.95,2.82,2.90,43015811,320651840.00
2014/09/22,2.90,2.96,2.88,2.91,28566487,213854608.00
2014/09/23,3.04,3.11,2.97,2.99,48425349,376724640.00
2014/09/24,2.96,3.02,2.95,3.00,35057424,268625120.00
2014/09/25,3.00,3.05,2.95,2.97,27143943,209120912.00
2014/09/26,2.95,3.01,2.91,3.00,21462006,163002592.00
2014/09/29,3.00,3.03,2.99,3.00,19862416,153202480.00
2014/09/30,2.99,3.02,2.96,2.99,21546710,165364960.00
2014/10/08,3.08,3.11,3.05,3.09,41512796,327886912.00
2014/10/09,3.09,3.09,3.02,3.04,29713604,232659520.00
2014/10/10,3.04,3.11,3.03,3.08,28209769,222765344.00
2014/10/13,3.07,3.19,3.05,3.18,41246781,330878720.00
2014/10/14,3.18,3.20,3.10,3.14,30557565,246586240.00
2014/10/15,3.12,3.15,3.06,3.12,23057460,182944368.00
2014/10/16,3.10,3.12,3.04,3.04,26367316,208226736.00
2014/10/17,3.05,3.07,2.97,3.05,20851985,161650576.00
2014/10/20,3.06,3.10,3.06,3.08,16549999,130690704.00
2014/10/21,3.09,3.11,3.03,3.09,19094211,150609040.00
2014/10/22,3.10,3.10,3.01,3.03,20074295,157441152.00
2014/10/23,3.03,3.03,2.93,2.94,17629614,134370544.00
2014/10/24,2.94,2.98,2.89,2.92,13456391,101470472.00
2014/10/27,2.92,2.95,2.87,2.92,14812557,111022728.00
2014/10/28,2.95,3.07,2.94,3.06,18690578,144254736.00
2014/10/29,3.06,3.07,3.01,3.07,36358239,284132320.00
2014/10/30,3.08,3.12,3.05,3.06,29983507,236928640.00
2014/10/31,3.06,3.09,3.04,3.08,27803652,218979536.00
2014/11/03,3.11,3.17,3.08,3.14,40875063,328307776.00
2014/11/04,3.15,3.15,3.05,3.06,31842224,251980944.00
2014/11/05,3.06,3.06,3.02,3.03,16988522,132516120.00
2014/11/06,3.03,3.07,3.01,3.04,13426220,104612184.00
2014/11/07,3.04,3.06,2.99,3.00,23997442,186265328.00
2014/11/10,3.00,3.08,3.00,3.06,23721301,185465232.00
2014/11/11,3.07,3.08,2.95,2.95,26548255,205621776.00
2014/11/12,2.96,3.00,2.95,2.99,15521095,118634552.00
2014/11/13,3.00,3.02,2.90,2.95,21580812,163647504.00
2014/11/14,2.92,2.97,2.92,2.94,11704722,88709688.00
2014/11/17,2.95,2.98,2.92,2.96,13074729,98980552.00
2014/11/18,2.96,3.01,2.94,3.00,16875059,129396672.00
2014/11/19,2.99,3.00,2.94,2.97,9928558,75761704.00
2014/11/20,2.96,3.04,2.95,3.01,21619052,167138576.00
2014/11/21,3.02,3.03,3.00,3.03,12490661,96642128.00
2014/11/24,3.14,3.31,3.13,3.22,82302580,674919488.00
2014/11/25,3.22,3.25,3.15,3.19,41590821,339331552.00
2014/11/26,3.18,3.20,3.14,3.19,33798969,274333024.00
2014/11/27,3.22,3.24,3.16,3.18,32946725,269731488.00
2014/11/28,3.18,3.27,3.13,3.25,59699409,489616448.00
2014/12/01,3.36,3.54,3.35,3.38,80105467,701108672.00
2014/12/02,3.38,3.47,3.36,3.46,65816102,576904128.00
2014/12/03,3.49,3.79,3.49,3.59,74058369,688282304.00
2014/12/04,3.59,3.80,3.57,3.80,67627512,640736640.00
2014/12/05,3.92,3.92,3.49,3.60,78962870,741789120.00
2014/12/08,3.57,3.78,3.47,3.68,67074734,626876160.00
2014/12/09,3.64,3.90,3.50,3.52,93556078,885849984.00
2014/12/10,3.53,3.74,3.49,3.74,51794808,479368512.00
2014/12/11,3.72,3.87,3.67,3.84,53597741,517009792.00
2014/12/12,3.85,3.91,3.78,3.91,40642286,398799616.00
2014/12/15,3.88,3.95,3.80,3.94,41574375,411096960.00
2014/12/16,3.94,4.18,3.85,4.14,55501646,565820288.00
2014/12/17,4.13,4.52,4.09,4.51,79348476,880837824.00
2014/12/18,4.53,4.64,4.37,4.43,57660691,658600640.00
2014/12/19,4.40,4.56,4.28,4.46,45671801,512118592.00
2014/12/22,4.40,4.51,4.08,4.16,49771033,544496768.00
2014/12/23,4.12,4.28,3.84,4.05,40625823,419970688.00
2014/12/24,4.05,4.10,3.92,4.08,26642332,272114464.00
2014/12/25,4.08,4.38,4.02,4.35,40138579,431644160.00
2014/12/26,4.46,4.62,4.38,4.54,56844608,652725824.00
2014/12/29,4.58,4.82,4.37,4.45,81492412,952290048.00
2014/12/30,4.46,4.48,4.28,4.35,43508901,486205024.00
2014/12/31,4.38,4.74,4.29,4.63,57408948,657624960.00
2015/01/05,4.74,4.96,4.68,4.72,93584743,1141126144.00
2015/01/06,4.62,4.80,4.54,4.62,46852569,553150336.00
2015/01/07,4.60,4.69,4.52,4.67,32247651,378663264.00
2015/01/08,4.67,4.68,4.48,4.48,27960760,323265536.00
2015/01/09,4.48,4.59,4.44,4.44,32440343,372970784.00
2015/01/12,4.37,4.43,4.11,4.17,38102215,411618496.00
2015/01/13,4.17,4.30,4.12,4.24,17442379,187838896.00
2015/01/14,4.25,4.58,4.24,4.43,32764160,369975488.00
2015/01/15,4.46,4.72,4.44,4.72,46537949,547753728.00
2015/01/16,4.75,4.78,4.62,4.64,30226697,359894784.00
2015/01/19,4.40,4.54,4.28,4.36,40841106,459675520.00
2015/01/20,4.52,4.80,4.46,4.80,66613266,797107264.00
2015/01/21,4.92,5.26,4.86,5.04,82938024,1065912640.00
2015/01/22,5.00,5.46,4.97,5.41,72556280,962216576.00
2015/01/23,5.40,5.67,5.36,5.41,80858123,1124110848.00
2015/01/26,5.66,5.96,5.58,5.96,89783816,1331198336.00
2015/01/27,6.08,6.21,5.80,6.04,98011186,1496849792.00
2015/01/28,6.04,6.05,5.77,5.83,50626381,757252416.00
2015/01/29,5.74,5.96,5.70,5.82,32238073,477904352.00
2015/01/30,5.83,5.90,5.51,5.60,50711673,728465920.00
2015/02/02,5.51,5.88,5.44,5.72,44767546,648433344.00
2015/02/03,5.76,6.10,5.75,6.07,50688126,760589120.00
2015/02/04,6.04,6.31,5.96,6.10,55392069,857523264.00
2015/02/05,6.28,6.28,5.76,5.79,58702610,900427328.00
2015/02/06,5.70,5.93,5.46,5.50,48534225,697073600.00
2015/02/09,5.50,5.58,5.32,5.44,23908671,330509792.00
2015/02/10,5.44,5.96,5.41,5.96,37430853,541840448.00
2015/02/11,6.04,6.07,5.84,5.92,31824037,480050016.00
2015/02/12,5.93,6.22,5.92,6.17,36818966,571529984.00
2015/02/13,6.22,6.41,6.15,6.39,46385307,739665088.00
2015/02/17,7.02,7.04,6.84,7.04,29020438,514242048.00
2015/02/25,7.15,7.69,7.12,7.28,79121899,1470364544.00
2015/02/26,7.27,7.36,6.98,7.04,61646132,1110023168.00
2015/02/27,7.08,7.25,6.96,7.16,45509357,818484928.00
2015/03/02,7.25,7.47,7.18,7.32,44206946,816765888.00
2015/03/03,7.24,7.50,7.15,7.24,45025188,835835392.00
2015/03/04,7.24,7.31,7.08,7.18,31127224,564330880.00
2015/03/05,7.16,7.16,6.95,6.96,29557173,524546368.00
2015/03/06,7.01,7.54,6.95,7.36,58266986,1071852224.00
2015/03/09,7.35,7.55,7.24,7.44,43058699,806052160.00
2015/03/10,7.46,7.74,7.36,7.63,45326750,864701120.00
2015/03/11,7.63,7.66,7.12,7.12,52526555,975016832.00
2015/03/12,7.16,7.21,6.92,7.14,35691150,637397632.00
2015/03/13,7.09,7.17,7.00,7.07,28076821,501218112.00
2015/03/16,7.13,7.50,7.12,7.38,43481489,802178560.00
2015/03/17,7.42,8.12,7.29,7.92,68406921,1309218688.00
2015/03/18,7.84,8.27,7.80,8.10,57939553,1177750016.00
2015/03/19,8.08,8.27,7.88,8.18,48563625,984012736.00
2015/03/20,8.16,8.56,8.04,8.50,55641731,1165562240.00
2015/03/23,8.66,9.36,8.46,9.24,86349993,1975539328.00
2015/03/24,9.12,9.51,8.66,9.42,88433722,2036936704.00
2015/03/25,10.27,10.37,10.14,10.37,46775303,1218517120.00
2015/03/26,11.32,11.42,10.62,11.12,170162648,4824586752.00
2015/03/27,11.22,12.24,10.54,12.24,121324431,3478714880.00
2015/03/30,12.72,13.47,12.72,13.47,140680470,4707256320.00
2015/03/31,13.61,14.53,13.04,14.23,143665765,5017179136.00
2015/04/01,14.60,14.87,13.35,14.13,402163978,5580289536.00
2015/04/02,13.80,14.28,13.71,13.79,267511289,3716914176.00
2015/04/03,13.50,13.80,13.00,13.59,318407687,4240317184.00
2015/04/10,14.80,14.80,13.62,13.85,314505763,4463635456.00
2015/04/13,13.58,13.88,13.30,13.62,194025093,2630511872.00
2015/04/14,13.55,13.55,13.10,13.14,177866483,2357603328.00
2015/04/15,13.27,13.55,13.00,13.10,135039670,1792897024.00
2015/04/16,12.84,12.84,12.01,12.49,126196041,1580463744.00
2015/04/17,12.51,12.75,12.32,12.62,125638264,1579187968.00
2015/04/20,12.65,13.62,12.38,13.41,220298498,2893022976.00
2015/04/21,13.28,13.56,13.09,13.42,129054520,1719118720.00
2015/04/22,13.43,13.65,13.30,13.47,150066209,2022690432.00
2015/04/23,13.48,13.55,13.17,13.23,134772490,1791375616.00
2015/04/24,12.96,13.19,12.66,12.79,109683804,1414292224.00
2015/04/27,12.75,13.26,12.70,13.08,118945144,1535107456.00
2015/04/28,13.04,13.06,12.45,12.52,87630877,1113105664.00
2015/04/29,12.49,12.71,12.21,12.46,63934935,796720832.00
2015/04/30,12.61,13.50,12.61,13.07,156747112,2058834432.00
2015/05/04,12.97,13.57,12.86,13.19,119699913,1589165056.00
2015/05/05,13.19,13.33,12.46,12.55,91817374,1182508544.00
2015/05/06,12.55,12.81,12.00,12.16,75584451,938095296.00
2015/05/07,12.05,12.08,11.00,11.02,96456506,1105488128.00
2015/05/08,11.02,11.39,11.02,11.35,68820209,771477248.00
2015/05/18,12.49,12.49,12.49,12.49,6861383,85698672.00
2015/05/19,13.74,13.74,13.74,13.74,10494446,144193696.00
2015/05/20,15.11,15.11,13.50,13.52,299112536,4208409344.00
2015/05/21,13.52,14.00,13.00,13.79,179567598,2395518208.00
2015/05/22,13.95,14.00,13.51,13.81,187282417,2584093184.00
2015/05/25,13.66,14.00,13.52,13.82,168156954,2323521792.00
2015/05/26,13.85,14.10,13.55,13.98,226574080,3143060480.00
2015/05/27,14.06,14.15,13.65,13.66,154740360,2134463104.00
2015/05/28,13.67,13.99,12.60,12.63,173622503,2339639296.00
2015/05/29,12.63,12.84,11.41,12.25,125427816,1535319680.00
2015/06/01,12.23,12.79,12.10,12.74,92871173,1168138112.00
2015/06/02,12.80,13.18,12.57,13.17,112124085,1435290240.00
2015/06/03,13.17,14.49,13.01,14.49,268506587,3722947584.00
2015/06/04,14.85,15.94,14.20,15.94,428438265,6544852480.00
2015/06/05,16.55,17.24,16.00,16.63,389385958,6486177280.00
2015/06/08,16.36,16.92,16.00,16.11,223674117,3637210368.00
2015/06/09,16.00,16.00,14.93,15.10,200780170,3086353664.00
2015/06/10,15.10,16.61,14.68,16.61,172355812,2773417984.00
2015/06/11,17.30,17.96,16.88,17.14,318732557,5555397120.00
2015/06/12,17.08,17.67,16.82,17.30,209950131,3636046336.00
2015/06/15,17.30,17.60,16.28,16.42,197730524,3339222784.00
2015/06/16,15.95,17.48,15.58,16.84,211472737,3559849472.00
2015/06/17,16.90,17.28,15.60,17.13,175121875,2874040320.00
2015/06/18,17.00,17.49,16.00,16.25,153789638,2607317248.00
2015/06/19,16.20,16.22,14.63,14.63,135904421,2076198912.00
2015/06/23,14.54,15.01,13.17,14.25,126739789,1785741056.00
2015/06/24,14.55,14.90,14.07,14.59,117750578,1712076928.00
2015/06/25,14.66,15.00,13.98,14.14,140696325,2042592256.00
2015/06/26,13.50,13.86,12.73,12.73,103364482,1350535424.00
2015/06/29,13.16,13.40,11.46,11.47,167732555,2053141120.00
2015/06/30,11.44,12.62,10.32,12.60,166219926,1875593856.00
2015/07/01,12.50,12.80,11.34,11.34,150065262,1837146112.00
2015/07/02,11.42,11.65,10.21,10.21,133544355,1423844992.00
2015/07/03,9.51,10.30,9.19,9.19,124078876,1171789568.00
2015/07/06,10.09,10.09,8.27,9.53,208977637,1914537984.00
2015/07/07,9.39,10.01,8.87,9.63,223346859,2139483392.00
2015/07/08,8.75,9.94,8.67,9.50,149007297,1391876736.00
2015/07/16,10.45,10.45,9.89,10.45,122642456,1274629376.00
2015/07/17,10.91,11.45,10.68,11.33,149444279,1667299840.00
2015/07/20,11.48,12.18,11.10,11.79,139710215,1642762240.00
2015/07/21,11.60,12.04,11.36,11.67,95122407,1118851968.00
2015/07/22,11.55,11.80,11.19,11.47,86962437,1000356480.00
2015/07/23,11.47,12.23,11.39,12.11,107457337,1267536896.00
2015/07/24,12.10,12.21,11.50,11.63,113496720,1354300160.00
2015/07/27,11.32,11.76,10.47,10.47,87243622,974437568.00
2015/07/28,10.20,10.50,9.50,10.16,104574853,1045396416.00
2015/07/29,10.48,10.77,10.04,10.74,57884807,598224768.00
2015/07/30,10.60,11.16,10.30,10.39,74661896,804114048.00
2015/07/31,10.18,10.77,10.18,10.68,64532127,678389504.00
2015/08/03,10.43,10.59,9.76,10.32,73903867,751052544.00
2015/08/04,10.32,10.88,10.29,10.80,56659455,600902016.00
2015/08/05,10.75,10.85,10.40,10.44,49924578,531297568.00
2015/08/06,10.17,10.41,10.04,10.14,33644628,343375616.00
2015/08/07,10.30,10.49,10.21,10.33,35392496,366235040.00
2015/08/10,10.39,11.07,10.39,10.91,69544416,748885184.00
2015/08/11,10.90,11.45,10.79,11.15,91112992,1019087168.00
2015/08/12,11.01,11.17,10.70,10.74,57097927,624920768.00
2015/08/13,10.60,11.03,10.60,10.99,49231804,535536000.00
2015/08/14,11.00,11.74,11.00,11.41,96289922,1098530816.00
2015/08/17,11.30,11.42,11.10,11.34,64972451,731489216.00
2015/08/18,11.38,11.92,10.21,10.30,113078648,1276442880.00
2015/08/19,10.30,11.20,10.00,11.01,81360678,862472320.00
2015/08/20,11.02,11.02,10.38,10.43,56847394,609226112.00
2015/08/21,10.26,10.46,9.80,9.92,46517861,471059808.00
2015/08/24,9.57,9.57,8.93,8.93,45126572,407482016.00
2015/08/25,8.04,8.30,8.04,8.04,35610786,286868384.00
2015/08/26,8.04,8.29,7.24,7.24,82980533,639931968.00
2015/08/27,7.30,7.61,6.53,7.34,73360435,525291520.00
2015/10/19,8.07,8.07,8.07,8.07,739712,5969476.00
2015/10/20,8.88,8.88,8.88,8.88,1127097,10008621.00
2015/10/21,9.77,9.77,9.77,9.77,10803026,105545568.00
2015/10/22,10.00,10.75,9.77,10.75,178541306,1859936768.00
2015/10/23,11.50,11.64,11.00,11.08,177936829,2011668480.00
2015/10/26,11.09,11.11,10.44,10.66,113226877,1213500800.00
2015/10/27,10.34,10.62,10.03,10.53,76290896,789456064.00
2015/10/28,10.35,11.18,10.28,10.55,76061974,820060992.00
2015/10/29,10.76,10.90,10.34,10.49,48641060,512849472.00
2015/10/30,10.51,10.79,10.20,10.43,49765344,522834880.00
2015/11/02,10.18,10.65,10.14,10.27,37984803,396105344.00
2015/11/03,10.27,10.43,10.00,10.07,36168993,367274496.00
2015/11/04,10.13,10.55,10.10,10.49,46850462,484917216.00
2015/11/05,10.50,10.62,10.36,10.49,66386852,696885824.00
2015/11/06,10.50,10.99,10.40,10.91,99939635,1065338880.00
2015/11/09,10.80,10.90,10.59,10.76,70028129,754258432.00
2015/11/10,10.81,11.13,10.65,10.81,66092598,719624576.00
2015/11/11,10.85,10.85,10.62,10.71,49524686,530396704.00
2015/11/12,10.80,10.81,10.42,10.48,49975611,527693856.00
2015/11/13,10.36,10.78,10.27,10.64,49019846,514458464.00
2015/11/16,10.48,10.94,10.39,10.88,57130599,615592000.00
2015/11/17,10.98,11.08,10.79,10.91,76509107,835433408.00
2015/11/18,11.02,12.00,10.91,12.00,240726464,2842165760.00
2015/11/19,12.00,12.08,11.68,12.01,159903648,1902934400.00
2015/11/20,12.11,12.59,11.85,11.94,174054871,2122592000.00
2015/11/23,11.63,11.84,11.36,11.45,101997892,1180103552.00
2015/11/24,11.46,11.85,11.40,11.73,63981027,743372928.00
2015/11/25,11.63,11.82,11.54,11.65,50494697,587336128.00
2015/11/26,11.80,11.90,11.41,11.44,55082570,640738368.00
2015/11/27,11.45,11.52,10.30,10.31,80564653,874073536.00
2015/11/30,10.20,10.40,9.50,10.13,68300320,684374144.00
2015/12/01,10.14,11.10,9.98,10.64,66346162,699153984.00
2015/12/02,10.60,10.95,10.30,10.73,56666989,602835008.00
2015/12/03,10.65,11.02,10.50,10.80,55837128,602884864.00
2015/12/04,10.70,10.72,10.40,10.49,44080166,465792480.00
2015/12/07,10.47,10.53,10.29,10.38,29841229,309258624.00
2015/12/08,10.25,10.34,9.96,9.97,43705422,440674656.00
2015/12/09,9.87,10.14,9.83,9.99,27069536,271437056.00
2015/12/10,10.05,10.48,9.99,10.06,36898749,377404928.00
2015/12/11,10.08,11.07,9.98,11.07,141358142,1529958528.00
2015/12/14,10.75,10.92,10.38,10.75,99664627,1058332928.00
2015/12/15,10.75,11.05,10.66,10.77,64433038,697528768.00
2015/12/16,10.72,10.76,10.45,10.48,55511133,587388160.00
2015/12/17,10.58,10.96,10.49,10.76,69608350,749417536.00
2015/12/18,10.73,10.79,10.56,10.62,51062038,544580352.00
2015/12/21,10.62,11.08,10.62,10.96,70836424,774010048.00
2015/12/22,10.98,11.05,10.72,10.90,52414119,569620096.00
2015/12/23,10.78,11.09,10.65,10.75,68956447,749572992.00
2015/12/24,10.69,10.84,10.32,10.41,46261316,484123904.00
2015/12/25,10.38,10.39,9.37,9.67,463234048,4443235840.00
2015/12/28,9.45,9.61,9.37,9.40,145671030,1377915008.00
2015/12/29,9.40,9.47,9.02,9.43,97728438,904755968.00
2015/12/30,9.42,9.47,9.25,9.32,84012663,783810688.00
2015/12/31,9.34,9.38,9.12,9.12,85105937,784344768.00
2016/01/04,9.11,9.17,8.21,8.22,72789724,632210880.00
2016/01/05,7.79,8.29,7.62,8.08,94264269,752703680.00
2016/01/06,8.17,8.48,8.16,8.34,66461418,551718080.00
2016/01/07,8.14,8.14,7.60,7.62,19758405,156070416.00
2016/01/08,7.91,7.99,7.26,7.79,76787518,594933568.00
2016/01/11,7.86,8.14,7.60,7.66,85777422,675467392.00
2016/01/12,7.71,7.83,7.42,7.69,48437524,370859904.00
2016/01/13,7.79,7.83,7.28,7.33,52393162,399351008.00
2016/01/14,7.13,7.50,6.98,7.46,56987319,413898176.00
2016/01/15,7.43,7.48,7.06,7.11,47570947,345123648.00
2016/01/18,7.00,7.22,6.88,7.12,39089962,278057920.00
2016/01/19,7.16,7.45,7.08,7.39,52690337,383600960.00
2016/01/20,7.33,7.42,7.22,7.28,42464989,310584768.00
2016/01/21,7.18,7.30,6.98,6.99,42384551,302572256.00
2016/01/22,7.03,7.15,6.93,7.11,31852584,224561584.00
2016/01/25,7.18,7.20,7.04,7.11,31024052,220908208.00
2016/01/26,7.04,7.05,6.40,6.43,49118062,331846176.00
2016/01/27,6.47,6.66,5.88,6.65,61834817,387995488.00
2016/01/28,6.47,6.69,6.27,6.51,47966187,312033792.00
2016/01/29,6.49,6.77,6.45,6.69,42774862,284012352.00
2016/02/01,6.66,6.76,6.57,6.70,40472613,270566272.00
2016/02/02,6.70,7.29,6.70,7.09,56252070,395933856.00
2016/02/03,7.13,7.41,7.10,7.23,61591935,446168384.00
2016/02/04,7.25,7.35,7.16,7.25,41111869,298364032.00
2016/02/05,7.26,7.32,7.16,7.19,29977220,217438384.00
2016/02/15,6.88,7.06,6.80,6.95,31127406,216339072.00
2016/02/16,6.96,7.24,6.96,7.20,36066346,257933696.00
2016/02/17,7.23,7.30,7.18,7.26,37398534,270594912.00
2016/02/18,7.30,7.56,7.28,7.32,52808066,391352064.00
2016/02/19,7.30,7.36,7.24,7.27,29347395,214145920.00
2016/02/22,7.46,7.54,7.39,7.43,45594367,340081184.00
2016/02/23,7.43,7.44,7.20,7.27,35250290,257453808.00
2016/02/24,7.27,7.33,7.14,7.31,33417870,242050928.00
2016/02/25,7.28,7.31,6.58,6.58,52680912,363998912.00
2016/02/26,6.70,6.75,6.53,6.63,35836422,238216320.00
2016/02/29,6.70,6.84,6.10,6.30,52027442,333359264.00
2016/03/01,6.40,6.67,6.33,6.49,45329008,294195328.00
2016/03/02,6.50,7.14,6.44,7.14,80830478,563090496.00
2016/03/03,7.45,7.80,7.18,7.24,165334283,1232370688.00
2016/03/04,7.10,7.43,7.08,7.29,106502826,775673280.00
2016/03/07,7.35,7.44,7.18,7.27,54741525,399363616.00
2016/03/08,7.20,7.23,6.71,7.08,62990255,437048896.00
2016/03/09,6.90,6.96,6.80,6.81,32868291,225738112.00
数据来源:通达信
