000703 恒逸石化 日线 前复权
      日期	    开盘	    最高	    最低	    收盘	    成交量	    成交额
2011/01/04,22.01,22.39,21.40,21.88,1908074,85988400.00
2011/01/05,21.80,22.80,21.59,22.50,1642757,75697040.00
2011/01/06,22.79,22.79,21.70,22.02,1735242,79594584.00
2011/01/07,21.81,22.05,21.45,21.53,1258926,56346220.00
2011/01/10,21.45,22.40,21.45,21.91,861821,39074188.00
2011/01/11,22.05,22.20,20.78,20.84,1266936,55718152.00
2011/01/12,20.80,21.55,20.70,21.25,818770,35473596.00
2011/01/13,21.07,21.25,20.71,20.76,899309,38804848.00
2011/01/14,20.78,20.90,19.80,20.06,1129646,47349472.00
2011/01/17,20.06,20.20,19.32,19.64,1289459,52617828.00
2011/01/18,19.65,20.65,19.50,20.23,1105798,46549100.00
2011/01/19,20.23,20.80,20.23,20.52,972100,41292712.00
2011/01/20,20.52,20.65,19.46,19.46,1606880,65509544.00
2011/01/21,19.26,19.49,18.58,19.30,1352902,53754640.00
2011/01/24,18.95,18.95,18.30,18.68,2125766,82276904.00
2011/01/25,18.55,18.55,17.71,17.71,2331040,86765840.00
2011/01/26,17.70,17.70,16.79,16.79,1622243,57055208.00
2011/01/27,16.00,16.00,15.92,15.92,715200,23786534.00
2011/01/28,15.92,16.75,15.65,16.75,687552,23321964.00
2011/01/31,17.62,17.62,17.62,17.62,57580,2109155.50
2011/02/01,18.53,18.53,18.53,18.53,23330,897271.81
2011/02/09,19.49,19.49,19.49,19.49,69352,2800433.75
2011/02/10,20.50,20.50,19.55,20.10,4668117,195223488.00
2011/02/11,19.83,21.14,19.75,21.14,2184346,93393368.00
2011/02/14,21.20,22.05,21.13,21.31,2142603,95604280.00
2011/02/15,21.20,21.85,21.10,21.38,1182133,52505640.00
2011/02/16,21.38,22.45,21.38,22.45,2010161,91392792.00
2011/02/17,22.60,23.09,21.83,22.48,1939695,89476888.00
2011/02/18,22.53,22.55,21.32,21.32,3009038,134775072.00
2011/02/21,21.30,22.13,20.25,21.67,2334511,103131272.00
2011/02/22,21.61,21.65,20.55,20.64,2083050,89974456.00
2011/02/23,20.64,21.50,20.64,21.25,1424805,61922820.00
2011/02/24,21.25,21.30,20.70,20.89,704093,30562490.00
2011/02/25,20.90,21.80,20.77,21.55,821807,35980268.00
2011/02/28,21.95,21.95,21.40,21.78,1021582,45668456.00
2011/03/01,21.95,22.75,21.80,22.51,1650171,76426152.00
2011/03/02,22.70,22.75,22.31,22.49,1181636,54856576.00
2011/03/03,22.60,23.55,22.48,22.55,1608970,76407088.00
2011/03/04,22.56,22.80,21.95,22.48,1151629,53087616.00
2011/03/07,22.50,23.20,22.50,22.95,1284182,60678616.00
2011/03/08,22.83,23.19,22.81,23.00,598615,28315134.00
2011/03/09,23.04,23.28,22.73,22.80,974346,46029120.00
2011/03/10,22.76,23.13,22.70,22.85,1008096,47473736.00
2011/03/14,23.24,23.80,22.86,23.36,1524446,73352480.00
2011/03/15,23.30,23.48,22.56,22.81,1276724,60447528.00
2011/03/16,22.80,23.19,22.56,22.90,657368,30868462.00
2011/03/17,22.79,22.80,21.80,22.10,1137123,52328452.00
2011/03/18,22.64,22.77,22.31,22.75,556817,25874118.00
2011/03/21,22.78,23.55,22.64,23.13,973141,46466096.00
2011/03/22,23.39,23.40,22.92,23.11,513463,24447528.00
2011/03/23,23.15,23.20,22.74,23.13,649518,30747644.00
2011/03/24,23.13,23.39,22.85,22.90,674225,32019386.00
2011/03/25,22.90,23.20,22.64,22.77,895763,42195876.00
2011/03/28,22.63,22.93,21.65,22.00,1215522,55567556.00
2011/03/29,21.85,22.29,21.30,21.53,1448435,64946564.00
2011/03/30,21.55,22.15,20.90,20.99,1134335,50050204.00
2011/03/31,21.05,21.55,20.24,21.22,1528501,65367992.00
2011/04/01,21.22,21.75,21.22,21.45,780384,34585020.00
2011/04/06,21.45,21.80,21.18,21.36,610666,26974458.00
2011/04/07,21.30,21.52,20.95,21.20,701658,30841850.00
2011/04/08,21.09,21.81,21.06,21.80,763749,34010012.00
2011/04/11,22.05,22.60,21.87,22.03,1154926,53096124.00
2011/04/12,22.03,22.25,21.91,22.20,661486,30167462.00
2011/04/13,22.20,23.10,21.84,22.95,2908180,136570608.00
2011/04/14,22.98,24.14,22.70,24.14,1974630,97111568.00
2011/04/15,24.79,25.38,24.75,25.38,2050636,106768912.00
2011/04/19,26.55,26.55,24.24,25.30,3936944,205635632.00
2011/04/20,24.75,25.65,24.70,24.95,1419927,72993896.00
2011/04/21,24.96,25.20,24.65,24.65,974398,49748348.00
2011/04/22,24.80,24.90,24.18,24.40,904920,45415584.00
2011/04/25,24.40,24.40,23.85,23.85,804021,39717360.00
2011/04/26,23.85,24.00,23.40,23.88,893168,43639908.00
2011/04/27,24.08,25.11,23.85,24.74,1508092,77168328.00
2011/04/28,24.74,25.44,24.05,24.22,1222617,62568800.00
2011/04/29,24.30,24.63,23.93,24.41,872341,43582844.00
2011/05/03,24.60,24.94,24.11,24.50,680443,34499064.00
2011/05/04,24.40,24.58,24.19,24.55,722154,36325724.00
2011/05/05,24.80,24.81,24.15,24.26,758883,37955824.00
2011/05/06,24.20,24.27,23.65,23.87,698646,34403932.00
2011/05/09,23.91,24.55,23.91,24.55,608138,30477076.00
2011/05/10,24.45,25.22,24.45,25.04,703217,36182684.00
2011/05/11,25.35,25.53,24.55,24.65,846446,43276576.00
2011/05/12,24.32,24.80,24.05,24.28,646685,32313102.00
2011/05/13,24.28,25.29,24.28,24.54,1272581,65016200.00
2011/05/17,24.80,25.25,23.28,23.68,1540786,76204832.00
2011/05/18,23.59,23.90,22.60,23.16,1058823,50258428.00
2011/05/19,22.81,23.30,22.45,22.63,1003805,47018036.00
2011/05/20,22.74,23.23,21.80,22.90,640328,30088086.00
2011/05/23,22.90,23.05,22.34,22.38,648480,30306908.00
2011/05/24,22.55,22.55,21.85,21.90,594156,27016800.00
2011/05/25,21.90,22.93,21.90,22.55,480160,22373622.00
2011/05/26,22.78,22.78,22.31,22.37,265646,12295558.00
2011/05/27,22.59,22.59,21.81,21.90,399310,18107922.00
2011/05/30,22.18,22.29,20.77,20.85,899648,39949252.00
2011/05/31,20.85,21.05,19.80,20.75,666686,28020016.00
2011/06/01,20.94,21.83,20.70,21.83,613976,27459146.00
2011/06/02,22.05,22.74,21.70,22.21,754874,34582356.00
2011/06/03,22.25,22.99,22.21,22.85,711498,33476908.00
2011/06/09,24.30,24.30,22.45,22.56,2386488,113907800.00
2011/06/13,22.90,23.90,22.47,23.43,1905692,91711744.00
2011/06/14,23.22,23.49,22.72,22.87,1181417,56056040.00
2011/06/15,22.64,22.87,22.28,22.35,785706,36426864.00
2011/06/16,22.33,22.33,21.23,21.23,581888,26035758.00
2011/06/17,21.15,23.25,20.83,21.57,634226,28940192.00
2011/06/20,21.50,21.73,20.55,20.92,588033,25503460.00
2011/06/27,22.83,22.83,22.10,22.39,1288496,59743328.00
2011/06/28,22.80,23.13,22.50,22.65,986081,46344348.00
2011/06/29,22.94,23.05,22.30,22.33,618311,28792150.00
2011/06/30,22.33,22.69,22.33,22.44,431147,19952636.00
2011/07/01,22.55,22.55,22.02,22.06,627922,28876846.00
2011/07/04,22.50,22.50,22.06,22.21,871385,39960968.00
2011/07/05,22.22,22.42,21.65,21.80,1074461,48604248.00
2011/07/06,21.70,21.70,20.96,21.37,1331962,58455236.00
2011/07/07,21.23,22.00,20.81,21.80,1081348,48251376.00
2011/07/08,21.81,21.90,21.10,21.13,1462425,64196272.00
2011/07/11,21.07,21.78,20.92,21.48,730608,32450806.00
2011/07/12,21.28,21.39,20.95,21.11,514057,22449756.00
2011/07/13,21.11,21.38,21.11,21.29,449142,19724718.00
2011/07/14,21.44,22.40,21.31,22.00,1129285,51272584.00
2011/07/15,21.90,22.22,21.71,22.04,531034,24094348.00
2011/07/18,22.00,22.23,21.58,21.66,788140,35391568.00
2011/07/19,21.82,21.85,21.29,21.29,459460,20254170.00
2011/07/20,21.40,21.68,20.90,21.09,842288,36726280.00
2011/07/21,21.20,21.33,20.90,21.05,345389,15074667.00
2011/07/22,21.05,21.30,21.05,21.11,295318,12914731.00
2011/07/25,21.06,21.20,20.56,20.57,580038,24818560.00
2011/07/26,20.70,21.29,20.43,21.05,509242,21911988.00
2011/07/27,21.06,21.40,21.02,21.19,444637,19496324.00
2011/07/28,20.85,21.12,20.80,20.95,523213,22619036.00
2011/07/29,21.09,21.19,20.80,20.96,349043,15173969.00
2011/08/01,20.95,21.46,20.95,21.04,375209,16428399.00
2011/08/02,21.04,21.19,20.62,20.96,425028,18311706.00
2011/08/03,20.73,21.04,20.73,20.82,380430,16405507.00
2011/08/04,20.85,21.70,20.75,21.55,912600,40082604.00
2011/08/05,21.04,21.44,20.80,21.25,699715,30715196.00
2011/08/08,21.21,21.21,19.86,20.24,802905,33838560.00
2011/08/09,19.69,20.35,18.51,20.30,935973,38143172.00
2011/08/10,20.40,21.30,20.40,21.10,1040749,45289664.00
2011/08/11,20.76,21.87,20.44,21.75,1396314,61796028.00
2011/08/12,21.75,23.80,21.75,23.80,4730106,225732592.00
2011/08/15,23.54,24.04,22.81,22.88,3271074,156292096.00
2011/08/16,22.80,23.25,22.19,22.70,2439905,113931960.00
2011/08/17,22.70,23.04,22.30,22.78,1321395,61861580.00
2011/08/18,22.87,22.87,21.81,21.94,1329294,60974064.00
2011/08/19,21.48,21.81,21.05,21.63,952523,42266996.00
2011/08/22,21.36,21.80,21.24,21.25,657309,29230178.00
2011/08/23,21.54,21.90,21.35,21.63,862541,38592320.00
2011/08/24,21.85,22.04,21.60,21.68,822789,37042808.00
2011/08/25,21.73,21.94,21.36,21.93,740198,33118872.00
2011/08/26,21.93,22.54,21.81,22.49,1400409,64545528.00
2011/08/29,22.49,22.99,22.10,22.31,1366230,63626604.00
2011/08/31,22.15,22.15,21.86,21.95,676448,30672908.00
2011/09/01,22.12,22.30,21.68,21.77,534437,24089176.00
2011/09/02,21.58,21.87,21.42,21.50,332531,14772858.00
2011/09/05,21.55,21.55,20.64,20.69,797602,34359628.00
2011/09/06,20.30,20.70,20.20,20.38,400901,16903294.00
2011/09/07,20.44,21.04,20.36,20.80,342668,14647706.00
2011/09/08,20.81,21.00,20.40,20.41,540746,23320924.00
2011/09/09,20.44,21.04,20.43,20.61,370011,15893541.00
2011/09/13,20.44,21.05,20.06,20.84,613618,26347366.00
2011/09/14,21.00,21.30,20.83,21.22,540655,23602360.00
2011/09/15,21.33,21.35,21.07,21.09,527038,23085930.00
2011/09/16,21.38,22.24,21.38,21.55,1013113,45598188.00
2011/09/19,21.41,21.73,21.30,21.40,649120,28824892.00
2011/09/20,21.50,21.52,21.05,21.15,552551,24219090.00
2011/09/21,21.15,21.71,20.96,21.64,693690,30640210.00
2011/09/22,21.45,21.45,20.77,20.78,561500,24415822.00
2011/09/23,20.31,20.78,19.90,20.45,582937,24501126.00
2011/09/26,20.28,20.58,19.84,19.94,456115,19038748.00
2011/09/27,20.01,20.49,19.97,20.11,328029,13665196.00
2011/09/28,20.27,20.69,19.85,19.94,393758,16420713.00
2011/09/29,19.73,19.73,18.91,18.93,786576,31287478.00
2011/09/30,19.00,19.52,19.00,19.45,459958,18372622.00
2011/10/10,19.75,20.80,19.75,20.23,993585,41751940.00
2011/10/11,20.73,20.85,19.96,20.14,764856,32222248.00
2011/10/12,20.03,20.63,19.52,20.53,900337,37619216.00
2011/10/13,20.53,21.02,20.53,20.83,1197816,51540880.00
2011/10/14,20.84,20.88,20.30,20.44,869993,36823372.00
2011/10/17,20.52,20.75,20.35,20.52,483209,20496582.00
2011/10/18,20.52,20.52,19.98,19.99,506780,21200384.00
2011/10/19,19.99,20.29,19.85,19.86,306620,12700436.00
2011/10/20,19.66,19.94,18.89,19.01,888305,35215968.00
2011/10/21,19.10,19.80,19.05,19.25,753550,30288362.00
2011/10/24,19.74,20.60,19.61,19.93,1615642,66844228.00
2011/10/26,20.35,20.68,20.16,20.25,1411380,59401064.00
2011/10/27,20.11,20.54,20.11,20.37,1419788,59430048.00
2011/10/28,20.67,20.74,20.31,20.49,864847,36628836.00
2011/10/31,20.49,20.78,20.31,20.33,974686,41239064.00
2011/11/01,20.20,20.29,19.91,19.92,922768,38261776.00
2011/11/02,19.38,20.15,19.31,20.15,929342,37644444.00
2011/11/03,20.45,20.54,20.17,20.23,1521259,63928992.00
2011/11/04,20.33,20.45,20.20,20.32,877903,36915400.00
2011/11/07,20.28,20.46,19.95,19.97,710452,29705882.00
2011/11/08,20.18,21.04,20.17,20.74,3295311,141412304.00
2011/11/09,20.76,21.30,20.58,20.93,2151395,92996584.00
2011/11/10,20.65,20.89,20.40,20.78,1652468,70429736.00
2011/11/11,20.78,20.90,20.58,20.67,1014455,43372768.00
2011/11/14,20.85,21.10,20.80,20.95,1895761,82060832.00
2011/11/15,21.18,21.24,20.86,21.05,1834453,79852952.00
2011/11/16,21.09,21.09,20.23,20.25,1575655,67097944.00
2011/11/17,20.38,20.51,20.08,20.20,1111660,46668384.00
2011/11/18,20.20,20.30,19.86,20.30,1011295,41945468.00
2011/11/21,20.34,20.55,20.05,20.43,944241,39811660.00
2011/11/22,20.24,20.29,19.85,20.03,736327,30595228.00
2011/11/23,20.03,20.34,19.85,19.89,563934,23286582.00
2011/11/24,19.70,19.84,19.36,19.50,851131,34407228.00
2011/11/25,19.65,19.65,19.14,19.20,822365,33065758.00
2011/11/28,19.40,19.42,18.55,18.74,1703008,66423152.00
2011/11/29,18.85,18.95,18.55,18.83,1352033,52581260.00
2011/12/01,18.80,19.55,18.61,18.85,2950414,116209408.00
2011/12/02,18.80,18.80,17.49,17.75,1917378,71989504.00
2011/12/05,17.80,17.80,16.65,16.71,1701948,60269144.00
2011/12/06,16.80,16.89,16.50,16.70,767155,26670678.00
2011/12/07,16.73,16.90,16.60,16.88,714721,24949960.00
2011/12/08,16.75,16.88,16.20,16.60,947857,32756256.00
2011/12/09,16.40,16.64,16.00,16.10,953967,32304528.00
2011/12/12,16.15,16.25,15.69,15.69,901959,30223970.00
2011/12/13,15.55,15.60,14.10,14.55,2059286,63481964.00
2011/12/14,14.53,14.53,13.88,13.92,2490391,73930352.00
2011/12/15,13.92,13.95,13.50,13.65,1885375,54163884.00
2011/12/16,13.61,14.39,13.61,14.38,1616973,47529580.00
2011/12/19,14.17,15.38,13.66,15.30,2639062,80178464.00
2011/12/20,15.10,15.69,14.96,15.30,2112494,67657144.00
2011/12/21,15.47,15.59,14.60,14.64,1352494,42960252.00
2011/12/22,14.65,14.80,13.74,14.55,1713785,51570552.00
2011/12/23,14.65,14.90,14.36,14.47,1476973,45237192.00
2011/12/26,14.47,14.63,14.13,14.21,662103,19947436.00
2011/12/27,14.16,14.28,13.64,13.77,965187,28202154.00
2011/12/28,13.73,14.03,13.61,14.03,1088006,31727030.00
2011/12/29,13.93,14.19,13.87,13.97,836643,24681290.00
2011/12/30,14.08,14.42,14.08,14.40,1308303,39238208.00
2012/01/04,14.65,15.05,14.58,14.60,2108705,65597400.00
2012/01/05,14.60,16.05,14.41,15.36,3918339,127179544.00
2012/01/09,15.83,16.96,15.83,16.96,4991634,172269152.00
2012/01/10,17.02,17.73,16.84,17.45,4074327,147060720.00
2012/01/11,17.30,17.95,17.22,17.61,3245387,119175192.00
2012/01/12,17.55,17.85,17.21,17.45,2606594,94803776.00
2012/01/13,17.58,17.58,16.78,16.80,2565055,90867376.00
2012/01/16,16.63,17.54,16.37,16.85,2478111,88094992.00
2012/01/17,16.85,17.76,16.47,17.74,3172099,113943008.00
2012/01/18,17.70,18.05,17.12,17.36,2350644,85723856.00
2012/01/19,17.39,17.63,17.16,17.33,1543800,55739816.00
2012/01/20,15.81,17.04,15.81,16.73,4952859,170279536.00
2012/01/30,16.90,17.35,16.60,17.10,2484825,87895744.00
2012/01/31,16.90,17.29,16.80,16.95,1434502,50647596.00
2012/02/01,16.95,17.10,16.75,16.75,1109011,39025268.00
2012/02/02,16.80,16.99,16.60,16.95,1247324,43559648.00
2012/02/03,16.90,17.28,16.81,17.08,1705310,60752992.00
2012/02/06,17.16,18.55,17.00,18.35,4424396,164443552.00
2012/02/07,18.35,18.35,17.67,17.84,2627415,97820744.00
2012/02/08,17.85,18.53,17.85,18.37,2828251,107761976.00
2012/02/09,18.19,18.53,18.04,18.19,2153538,81670760.00
2012/02/10,18.54,18.54,18.20,18.44,1720073,65601200.00
2012/02/13,18.23,19.05,18.09,18.78,2200243,85699376.00
2012/02/14,18.75,19.10,18.68,18.96,1813403,71222032.00
2012/02/15,18.96,19.05,18.68,18.96,1522294,59561836.00
2012/02/16,18.83,19.24,18.69,19.10,1976381,77650256.00
2012/02/17,19.30,19.30,18.97,19.20,1509392,59926212.00
2012/02/20,20.47,20.47,19.57,20.05,3344383,138183264.00
2012/02/21,20.24,21.05,19.80,20.18,5091603,215617376.00
2012/02/22,20.55,20.55,19.70,20.22,4340270,180006928.00
2012/02/23,20.20,20.30,19.58,19.88,3294570,136113984.00
2012/02/24,19.88,20.29,19.74,20.09,2270121,94405496.00
2012/02/27,20.08,20.48,19.96,20.14,3732745,156250848.00
2012/02/28,19.96,20.44,19.94,20.18,2978778,124619288.00
2012/02/29,20.05,20.40,20.04,20.12,1962773,82125200.00
2012/03/01,20.12,20.24,19.81,20.03,1967598,81568864.00
2012/03/02,20.13,20.44,19.85,20.36,2248813,94459784.00
2012/03/05,20.48,21.65,20.34,21.21,5978344,261647360.00
2012/03/07,21.05,23.20,20.81,21.80,5613138,255654144.00
2012/03/08,22.00,22.50,21.47,22.50,4322754,196218928.00
2012/03/09,22.49,23.14,22.19,22.62,4169380,195029968.00
2012/03/12,22.60,22.60,22.10,22.21,3007181,137999472.00
2012/03/14,22.75,22.90,20.66,20.86,5336969,240336128.00
2012/03/15,20.66,21.30,20.02,20.87,3075813,131515512.00
2012/03/16,20.88,21.20,20.40,20.92,2454811,105501784.00
2012/03/19,20.94,21.74,20.60,21.74,3301312,144700640.00
2012/03/20,22.45,23.53,22.08,22.93,9720985,456463168.00
2012/03/21,23.11,23.24,21.75,22.55,5651856,260435184.00
2012/03/22,22.45,23.03,22.05,22.55,3116311,145265680.00
2012/03/23,22.69,23.00,21.47,22.05,4691283,214418912.00
2012/03/26,22.16,22.28,21.05,21.53,3421224,151823904.00
2012/03/27,21.01,21.48,20.02,20.21,9050317,188949088.00
2012/03/28,20.01,21.57,19.41,20.67,12186917,254460336.00
2012/03/29,20.75,21.29,19.88,20.78,9530024,200265024.00
2012/03/30,20.78,21.13,20.08,20.71,6607228,137974288.00
2012/04/05,20.51,21.08,20.28,20.99,6027983,126783992.00
2012/04/06,20.99,20.99,19.98,20.14,7401098,152030784.00
2012/04/09,19.80,19.80,18.85,18.90,7044006,136844864.00
2012/04/11,19.20,20.81,19.00,20.81,8142230,168447536.00
2012/04/12,21.80,21.80,20.81,21.01,12251035,262559968.00
2012/04/13,20.74,21.62,20.40,21.40,10608527,224043360.00
2012/04/16,21.25,21.59,20.86,21.19,6288984,135374064.00
2012/04/17,21.13,21.45,20.62,20.82,5200943,110225288.00
2012/04/18,20.80,21.09,20.64,20.92,4409994,92872256.00
2012/04/19,20.81,20.99,20.33,20.56,3768694,78826760.00
2012/04/20,20.30,20.98,20.16,20.60,3761197,78792240.00
2012/04/23,20.93,21.30,20.28,20.31,4630377,97119320.00
2012/04/24,20.04,20.70,19.50,19.90,4199117,84888224.00
2012/04/25,19.90,20.07,19.30,19.54,4333873,85702152.00
2012/04/27,19.70,21.35,19.61,20.35,5779874,120077400.00
2012/05/02,20.80,21.00,20.08,20.54,5292916,109364984.00
2012/05/03,20.35,20.53,20.31,20.34,3162158,65086744.00
2012/05/04,20.36,20.50,20.14,20.45,3212093,65956724.00
2012/05/07,20.32,20.33,19.50,19.92,7497895,150240384.00
2012/05/08,19.90,19.90,19.50,19.69,4040291,80226592.00
2012/05/09,19.50,19.94,19.37,19.44,3695027,73257568.00
2012/05/10,19.43,19.59,19.34,19.44,3280005,64478720.00
2012/05/11,19.37,19.91,19.35,19.66,4372820,86715888.00
2012/05/14,19.83,19.85,19.36,19.38,3451373,67939792.00
2012/05/15,19.00,19.10,18.61,18.88,3894509,74171168.00
2012/05/16,18.80,18.98,18.61,18.61,2066422,39116308.00
2012/05/17,18.75,18.84,18.38,18.62,2477626,46580248.00
2012/05/18,18.50,18.50,17.70,17.73,3729959,68163576.00
2012/05/21,17.78,17.97,17.15,17.46,2491784,44286792.00
2012/05/22,17.31,17.85,17.30,17.85,3321361,59264308.00
2012/05/23,17.85,17.85,17.51,17.60,1950132,34753216.00
2012/05/24,17.55,17.58,17.18,17.23,2612920,45825700.00
2012/05/25,17.22,17.45,17.10,17.25,2385560,41694148.00
2012/05/28,17.25,17.29,16.75,17.29,2227810,38492024.00
2012/05/29,17.62,18.87,17.61,18.39,5964548,110580000.00
2012/05/30,18.36,18.36,17.92,18.06,2818357,51638708.00
2012/05/31,17.88,18.21,17.77,18.01,2347745,42666920.00
2012/06/01,18.01,18.85,17.90,18.51,5460491,101982736.00
2012/06/04,17.93,18.35,17.84,17.86,2933413,53704412.00
2012/06/05,17.80,18.19,17.43,17.45,2841549,50869592.00
2012/06/06,17.80,17.80,17.02,17.09,2146398,37585524.00
2012/06/07,17.30,17.50,16.91,17.02,1753974,30415858.00
2012/06/08,17.28,17.28,16.60,16.73,1875125,32101060.00
2012/06/11,16.75,17.13,16.72,17.10,1923328,32975448.00
2012/06/12,17.00,17.24,16.92,17.12,1510768,26106730.00
2012/06/13,17.20,17.78,17.12,17.76,2986914,52784584.00
2012/06/14,17.70,18.12,17.54,17.76,3306518,59930344.00
2012/06/15,17.90,18.10,17.70,17.79,2466088,44580748.00
2012/06/18,17.80,18.09,17.78,17.90,1834884,33278040.00
2012/06/19,17.91,17.98,17.55,17.58,1623002,29151108.00
2012/06/20,17.54,17.89,17.54,17.63,1132184,20288206.00
2012/06/21,17.80,17.95,17.50,17.60,2079068,37225636.00
2012/06/26,17.13,17.14,16.15,16.48,3219413,54095800.00
2012/06/27,16.49,17.11,16.49,16.70,1866698,31779852.00
2012/06/28,16.80,16.91,16.62,16.77,2152452,36575452.00
2012/06/29,16.69,16.91,16.43,16.43,3831522,64454300.00
2012/07/02,16.52,16.90,16.51,16.71,2524517,42590876.00
2012/07/03,16.65,16.82,16.51,16.67,1693036,28574780.00
2012/07/04,16.65,17.45,16.61,17.17,2941393,51117132.00
2012/07/05,16.92,17.08,16.53,16.71,1728203,29316102.00
2012/07/06,17.10,17.10,16.49,16.93,1481692,25198568.00
2012/07/09,16.62,16.89,16.35,16.35,1583996,26563928.00
2012/07/10,16.37,16.64,16.08,16.11,1350051,22235176.00
2012/07/11,16.09,16.10,15.58,15.71,2371508,37737684.00
2012/07/12,15.68,16.06,15.53,15.98,2295061,36768736.00
2012/07/13,15.00,15.10,14.36,14.36,6479171,94959776.00
2012/07/16,13.83,13.83,12.90,13.51,5299773,71509352.00
2012/07/17,13.20,13.50,13.10,13.39,1906529,25805366.00
2012/07/18,13.35,13.35,12.85,13.12,3009284,39805544.00
2012/07/19,13.13,13.52,13.12,13.23,2730500,36925948.00
2012/07/20,13.23,13.55,13.23,13.39,2118814,28842114.00
2012/07/23,13.52,13.53,13.12,13.42,2292059,31128652.00
2012/07/24,13.25,13.50,12.91,13.28,1804348,24144278.00
2012/07/25,13.28,13.28,12.98,13.01,1175280,15650539.00
2012/07/26,13.02,13.17,12.90,13.00,1387084,18366520.00
2012/07/27,13.13,13.40,13.01,13.30,2094199,28234904.00
2012/07/30,13.32,13.74,13.20,13.68,2782045,38335476.00
2012/07/31,13.68,14.26,13.60,13.86,2671389,37869352.00
2012/08/01,13.58,13.90,13.50,13.80,1870109,26010926.00
2012/08/02,13.78,13.98,13.65,13.81,1733211,24278688.00
2012/08/03,13.81,14.22,13.41,13.87,2308196,32275560.00
2012/08/06,13.90,14.05,13.62,14.04,2715713,38231396.00
2012/08/07,13.90,15.17,13.90,14.89,4612178,69183312.00
2012/08/08,14.87,14.88,14.53,14.83,3279387,48998264.00
2012/08/09,15.04,15.04,14.64,14.84,1839648,27619550.00
2012/08/10,14.90,15.98,14.90,15.38,4403485,69174008.00
2012/08/13,15.27,15.27,14.66,14.66,2750412,41536164.00
2012/08/14,14.70,14.79,13.85,14.55,2260098,33060966.00
2012/08/15,14.44,14.88,14.11,14.38,1636531,24229250.00
2012/08/16,14.13,14.60,14.11,14.14,1349482,19501446.00
2012/08/17,14.15,14.24,13.87,14.00,1562547,22143358.00
2012/08/20,13.80,14.02,13.80,13.98,886885,12496813.00
2012/08/21,14.15,14.35,13.90,14.15,1123889,16172338.00
2012/08/22,14.12,14.28,14.06,14.08,1037182,14888909.00
2012/08/23,14.22,14.22,13.90,14.05,1283375,18258000.00
2012/08/24,13.86,14.05,13.61,13.65,1008827,14114800.00
2012/08/27,13.65,13.66,12.90,13.02,1557021,20790232.00
2012/08/28,13.16,13.25,12.91,13.01,1865870,24719598.00
2012/08/29,13.23,13.46,13.05,13.17,1755693,23710468.00
2012/08/30,12.96,13.19,12.81,12.87,1363996,17985438.00
2012/08/31,12.92,12.95,12.79,12.85,1276897,16661215.00
2012/09/03,12.80,13.02,12.62,12.92,1814396,23706278.00
2012/09/04,12.83,12.91,12.42,12.44,2298203,29566826.00
2012/09/05,12.44,12.60,12.14,12.37,2079302,26087944.00
2012/09/06,12.30,12.48,12.28,12.42,1247610,15670064.00
2012/09/07,12.50,13.21,12.50,13.10,4449088,58699712.00
2012/09/10,13.03,13.52,12.95,13.42,2752867,37367232.00
2012/09/11,13.38,13.38,12.70,13.09,2792858,36782324.00
2012/09/12,13.15,13.29,12.92,13.10,2089525,27735836.00
2012/09/13,13.10,13.25,13.01,13.01,1805129,23997918.00
2012/09/14,13.15,13.24,12.96,13.07,2391148,31816654.00
2012/09/17,13.06,13.45,12.63,12.63,2315684,30605312.00
2012/09/18,12.50,12.50,11.80,11.98,2340793,29018990.00
2012/09/19,12.01,12.20,11.92,12.11,1321508,16198182.00
2012/09/20,11.99,12.08,11.54,11.54,1730674,20715570.00
2012/09/21,11.51,11.66,11.40,11.50,1209201,14181263.00
2012/09/24,11.25,11.58,11.11,11.45,1044031,12013520.00
2012/09/25,11.50,11.54,11.21,11.27,970580,11248874.00
2012/09/26,11.25,11.35,10.80,10.85,1233505,13794971.00
2012/09/27,11.00,11.33,10.81,11.12,1654632,18713464.00
2012/09/28,10.98,11.36,10.98,11.33,1590174,18094228.00
2012/10/08,11.33,12.12,11.31,11.58,2777502,33272258.00
2012/10/09,11.80,12.00,11.59,11.95,2496176,30145958.00
2012/10/10,11.87,11.96,11.63,11.96,2046528,24578238.00
2012/10/11,11.88,12.46,11.61,11.83,3083263,37944548.00
2012/10/12,11.83,12.29,11.80,12.15,2848841,34865600.00
2012/10/15,12.08,12.10,11.60,11.66,2121511,25388310.00
2012/10/16,11.66,11.82,11.52,11.57,1361959,16100723.00
2012/10/17,11.60,11.75,11.48,11.66,1556885,18446516.00
2012/10/18,11.76,12.03,11.66,11.91,1639861,19804442.00
2012/10/19,11.89,11.99,11.72,11.83,1154509,13918199.00
2012/10/22,11.75,11.88,11.61,11.81,764475,9115428.00
2012/10/23,11.80,11.93,11.72,11.74,1119850,13450048.00
2012/10/24,11.69,12.44,11.62,11.98,2859554,35140092.00
2012/10/25,11.84,11.94,11.66,11.76,1631137,19553864.00
2012/10/26,11.76,11.80,11.20,11.25,1688799,19636220.00
2012/10/29,11.20,11.38,10.96,11.01,1063939,12080989.00
2012/10/30,11.10,11.10,10.89,10.96,984948,11007710.00
2012/10/31,10.96,11.08,10.88,10.93,868293,9661528.00
2012/11/01,10.94,11.18,10.94,11.12,2183312,24619714.00
2012/11/02,11.12,11.28,11.05,11.11,1472162,16672674.00
2012/11/05,11.13,11.18,10.98,11.06,990254,11155347.00
2012/11/06,11.05,11.13,10.83,10.97,1454279,16227688.00
2012/11/07,10.95,11.06,10.90,10.97,920318,10288056.00
2012/11/08,10.92,10.92,10.52,10.52,1516980,16491343.00
2012/11/09,10.40,10.57,10.36,10.43,782185,8322805.00
2012/11/12,10.45,10.51,10.19,10.38,1271818,13421408.00
2012/11/13,10.36,10.42,9.89,9.89,1441569,14825911.00
2012/11/14,9.97,10.05,9.73,10.05,1225656,12340368.00
2012/11/15,9.94,9.94,9.70,9.72,1257230,12570571.00
2012/11/16,9.62,9.77,9.45,9.64,962420,9389894.00
2012/11/19,9.51,9.70,8.90,9.14,4038063,37768808.00
2012/11/20,9.10,9.13,9.01,9.03,1813065,16765526.00
2012/11/21,9.06,9.22,8.91,9.20,1948174,18088760.00
2012/11/22,9.12,9.59,9.00,9.46,6433568,61528976.00
2012/11/23,9.29,9.39,9.13,9.14,2353491,22234828.00
2012/11/26,9.14,9.17,8.89,8.94,2095059,19225582.00
2012/11/27,8.89,9.18,8.71,9.04,3093443,28485364.00
2012/11/28,8.98,9.80,8.70,9.54,9000838,86291360.00
2012/11/29,9.46,9.50,9.24,9.32,5930770,56760496.00
2012/11/30,9.24,9.32,8.83,9.13,3473061,32172430.00
2012/12/03,9.06,9.35,8.90,9.09,3539862,33133518.00
2012/12/04,8.98,9.34,8.90,9.27,4150784,38643588.00
2012/12/05,9.18,9.87,9.18,9.68,8374489,81977440.00
2012/12/06,9.55,9.85,9.53,9.80,7187196,71225496.00
2012/12/07,9.80,10.05,9.69,9.95,7763274,78317560.00
2012/12/10,10.25,10.45,10.01,10.12,7224775,74893512.00
2012/12/11,10.15,10.36,9.86,10.12,6295534,64721564.00
2012/12/12,10.03,10.13,9.88,9.98,3340873,34017540.00
2012/12/13,9.95,10.21,9.87,9.96,2868949,29347990.00
2012/12/14,9.98,10.36,9.93,10.30,5724854,59625652.00
2012/12/17,10.30,10.84,10.30,10.53,9573361,102939032.00
2012/12/18,10.53,10.58,10.22,10.30,4992243,52670936.00
2012/12/19,10.31,10.48,10.27,10.33,3630786,38401020.00
2012/12/20,10.33,10.43,10.16,10.26,3347333,35074256.00
2012/12/21,10.30,10.55,9.89,9.93,6324736,65906144.00
2012/12/24,9.90,10.02,9.81,9.98,3043693,30890842.00
2012/12/25,9.98,10.47,9.93,10.31,7267980,75910880.00
2012/12/26,10.31,11.05,10.28,10.99,10561149,114944240.00
2012/12/27,11.05,11.34,10.63,10.69,8393992,93512608.00
2012/12/28,10.69,10.85,10.58,10.73,3989264,43506396.00
2012/12/31,10.72,11.06,10.71,10.94,4399446,48861428.00
2013/01/04,11.05,11.10,10.68,10.73,3982964,43929016.00
2013/01/07,10.70,11.13,10.50,11.04,5167591,57512668.00
2013/01/08,11.05,11.60,11.05,11.36,9004758,103713416.00
2013/01/09,11.36,11.48,11.10,11.25,5830626,66805804.00
2013/01/10,11.21,11.36,11.10,11.25,3167755,36140100.00
2013/01/11,11.28,11.38,10.73,10.89,5261383,58884972.00
2013/01/14,10.80,11.27,10.66,11.22,6005411,67636728.00
2013/01/15,11.24,11.56,11.21,11.55,7134777,83049824.00
2013/01/16,11.58,11.63,11.06,11.39,6019483,69490920.00
2013/01/17,11.37,11.52,11.15,11.28,3393019,39069972.00
2013/01/18,11.42,11.48,11.17,11.43,4281173,49443544.00
2013/01/21,11.45,11.64,11.42,11.48,4583093,53665480.00
2013/01/22,11.48,11.58,11.01,11.10,5041884,57432264.00
2013/01/23,11.10,11.19,11.01,11.17,2725867,30788468.00
2013/01/24,11.16,11.45,10.62,10.79,5438087,61298552.00
2013/01/25,10.99,10.99,10.58,10.58,3497201,38025508.00
2013/01/28,10.71,11.09,10.53,10.95,3972657,43830944.00
2013/01/29,10.90,11.00,10.73,10.86,4272489,47195608.00
2013/01/30,10.91,10.95,10.58,10.68,4349975,47493644.00
2013/01/31,10.68,10.88,10.67,10.80,3481715,38260576.00
2013/02/01,10.70,10.87,10.59,10.73,2974808,32515860.00
2013/02/04,10.82,11.04,10.59,10.97,6243968,68718464.00
2013/02/05,10.97,10.97,10.78,10.90,4801326,53140404.00
2013/02/06,10.92,11.30,10.85,11.12,5858400,65992764.00
2013/02/07,11.07,11.23,10.87,11.12,4276797,48234196.00
2013/02/08,11.09,11.50,11.09,11.38,4765152,55111892.00
2013/02/18,11.45,11.77,11.45,11.61,7073794,83792472.00
2013/02/19,11.60,11.77,11.35,11.37,5276635,61819252.00
2013/02/20,11.38,11.55,11.30,11.52,3381112,39345468.00
2013/02/21,11.35,11.37,10.94,11.03,5410088,61491192.00
2013/02/22,11.10,11.34,11.06,11.24,3929203,44890072.00
2013/02/25,11.38,12.02,11.37,11.97,10412605,124218008.00
2013/02/26,12.81,12.96,11.75,11.89,19935582,250116976.00
2013/02/27,11.68,12.00,11.31,11.50,8361566,98612712.00
2013/02/28,11.53,11.69,11.35,11.63,5091276,59776184.00
2013/03/01,11.64,11.69,11.40,11.54,5053070,59127412.00
2013/03/04,11.37,11.52,10.88,10.96,6482349,73896504.00
2013/03/05,10.95,11.08,10.73,11.05,4582224,50798660.00
2013/03/06,11.15,11.30,11.04,11.15,5908470,67116472.00
2013/03/07,11.02,11.14,10.89,10.99,6393257,71585872.00
2013/03/08,10.93,11.04,10.76,10.87,5848250,64931916.00
2013/03/11,10.80,10.81,10.30,10.40,6627967,70958328.00
2013/03/12,10.45,10.49,9.75,9.92,8063441,82660448.00
2013/03/13,10.08,10.93,10.07,10.93,25116528,276466912.00
2013/03/14,10.66,10.98,10.56,10.76,14100903,154722112.00
2013/03/15,10.60,10.78,10.30,10.54,8302749,89201568.00
2013/03/18,10.40,10.40,9.95,9.98,8175006,84386104.00
2013/03/19,9.97,10.46,9.92,10.31,7395656,76703736.00
2013/03/20,10.20,10.44,10.13,10.39,7046585,73994592.00
2013/03/21,10.31,10.59,10.31,10.44,5981269,63587448.00
2013/03/22,10.35,10.63,10.34,10.41,5239926,55964768.00
2013/03/25,10.50,10.50,10.15,10.22,4619378,48679408.00
2013/03/26,10.18,10.18,9.93,9.98,4573900,46716768.00
2013/03/27,10.00,10.13,9.85,9.96,4085868,41667560.00
2013/03/28,9.83,9.83,9.54,9.57,5036391,49565424.00
2013/03/29,9.60,9.69,9.55,9.59,2538385,24871426.00
2013/04/01,9.47,9.68,9.42,9.59,2507388,24561124.00
2013/04/02,9.63,9.74,9.35,9.40,2884315,28016518.00
2013/04/03,9.39,9.49,8.83,9.01,6764074,62516692.00
2013/04/08,8.92,9.00,8.75,8.88,4392522,39742416.00
2013/04/09,9.06,9.33,9.05,9.16,4386824,41338124.00
2013/04/10,9.10,9.19,9.06,9.11,2344541,21857880.00
2013/04/11,9.14,9.24,9.11,9.13,3015924,28255776.00
2013/04/12,8.83,8.98,8.60,8.75,6632442,59773920.00
2013/04/15,8.63,8.68,8.35,8.42,4567202,39479260.00
2013/04/16,8.30,8.64,8.25,8.61,4027416,34965144.00
2013/04/17,8.62,8.66,8.47,8.58,2981063,26112236.00
2013/04/18,8.51,8.65,8.45,8.60,3180138,27918034.00
2013/04/19,8.55,8.77,8.54,8.74,3923457,35015728.00
2013/04/22,8.74,8.98,8.66,8.75,3417947,30852608.00
2013/04/23,8.76,8.84,8.40,8.46,3131110,27413716.00
2013/04/24,8.42,8.59,8.42,8.51,2244846,19543588.00
2013/04/25,8.54,8.56,8.34,8.46,4009345,34691928.00
2013/04/26,8.51,8.52,8.18,8.20,2516684,21488618.00
2013/05/02,8.20,8.28,7.85,7.95,3305342,26969192.00
2013/05/03,7.98,8.15,7.93,8.03,2426316,20093240.00
2013/05/06,8.05,8.26,8.03,8.19,2872459,24064136.00
2013/05/07,8.19,8.35,8.13,8.25,2161379,18292202.00
2013/05/08,8.33,8.35,8.23,8.28,2172460,18426668.00
2013/05/09,8.25,8.35,8.23,8.31,2666269,22632526.00
2013/05/10,8.30,8.44,8.20,8.39,2325173,19811876.00
2013/05/13,8.42,8.45,8.29,8.33,2154569,18411240.00
2013/05/14,8.35,8.35,7.99,8.03,4309762,35793532.00
2013/05/15,8.05,8.12,8.00,8.09,1730571,14287819.00
2013/05/16,8.05,8.18,7.92,8.16,3463469,28677814.00
2013/05/17,8.14,8.42,8.12,8.31,4707651,39889424.00
2013/05/20,8.30,8.59,8.30,8.52,6639121,57635364.00
2013/05/21,8.52,8.65,8.41,8.54,4713804,41218428.00
2013/05/22,8.54,8.78,8.52,8.57,4984404,44016860.00
2013/05/23,8.53,8.62,8.41,8.45,4663293,40526132.00
2013/05/24,8.43,8.64,8.43,8.56,4356486,38187860.00
2013/05/27,8.57,8.72,8.50,8.57,4528967,39848272.00
2013/05/28,8.57,8.86,8.50,8.79,9248919,82537648.00
2013/05/29,8.88,9.10,8.80,8.85,8448553,77151168.00
2013/05/30,8.80,8.91,8.73,8.87,5560866,50294404.00
2013/05/31,8.93,9.09,8.85,8.98,5333563,48811020.00
2013/06/03,8.90,9.07,8.83,8.86,4862297,44448200.00
2013/06/04,8.86,8.89,8.40,8.40,5449157,47821600.00
2013/06/05,8.43,8.50,8.26,8.27,3949705,33772056.00
2013/06/06,8.24,8.61,8.21,8.27,4200282,36087216.00
2013/06/07,8.30,8.31,8.08,8.09,3953708,32827468.00
2013/06/13,8.10,8.11,7.45,7.52,5388515,41501684.00
2013/06/14,7.42,7.64,7.42,7.56,3085699,23685274.00
2013/06/17,7.57,7.60,7.30,7.51,3777870,28689090.00
2013/06/18,7.52,7.68,7.49,7.56,2261813,17313576.00
2013/06/19,7.56,7.57,7.15,7.28,3950392,29199350.00
2013/06/20,7.28,7.43,7.20,7.24,2965083,21956890.00
2013/06/21,7.42,7.90,7.42,7.69,8487154,66043980.00
2013/06/24,7.51,8.24,7.47,7.98,12915871,103874176.00
2013/06/25,8.00,8.79,7.78,8.77,19438468,162956528.00
2013/06/26,8.66,9.20,8.35,9.01,18068255,162934560.00
2013/06/27,8.90,9.08,8.55,8.68,12866015,114492520.00
2013/06/28,8.55,8.68,8.26,8.51,9229608,79343288.00
2013/07/01,8.46,8.86,8.37,8.81,9253698,80808864.00
2013/07/02,8.80,8.99,8.54,8.74,8858943,78407944.00
2013/07/03,8.70,8.95,8.55,8.95,10861849,96719000.00
2013/07/04,8.90,9.18,8.78,8.79,12536917,114695744.00
2013/07/05,8.70,8.80,8.35,8.38,11070680,95659048.00
2013/07/08,8.19,8.19,7.53,7.53,9714281,75891056.00
2013/07/09,7.25,7.57,7.21,7.53,4335106,32711312.00
2013/07/10,7.48,7.71,7.40,7.69,4092868,31476632.00
2013/07/11,7.63,7.95,7.61,7.81,7065882,55927528.00
2013/07/12,7.78,7.82,7.57,7.58,5624535,43954416.00
2013/07/15,7.55,7.68,7.46,7.61,4094643,31391310.00
2013/07/16,7.55,7.92,7.53,7.87,6119814,48257220.00
2013/07/17,7.82,7.97,7.76,7.78,5367848,42712772.00
2013/07/18,7.79,7.84,7.61,7.75,4053195,31775868.00
2013/07/19,7.74,7.84,7.21,7.35,5100202,39184096.00
2013/07/22,7.28,7.43,7.01,7.35,5164131,37994352.00
2013/07/23,7.31,7.54,7.26,7.49,3104148,23435610.00
2013/07/24,7.46,7.59,7.32,7.43,3624184,27288932.00
2013/07/25,7.47,7.54,7.27,7.50,4433274,33428832.00
2013/07/26,7.50,7.54,7.35,7.35,2429002,18323514.00
2013/07/29,7.30,7.30,7.03,7.03,3964911,28634598.00
2013/07/30,6.99,7.18,6.95,7.14,2533405,18209126.00
2013/07/31,7.19,7.21,7.05,7.08,2403486,17315928.00
2013/08/01,7.07,7.19,7.06,7.13,3372293,24429508.00
2013/08/02,7.17,7.25,7.13,7.16,2291482,16694312.00
2013/08/05,7.15,7.26,7.11,7.24,3227998,23596588.00
2013/08/06,7.20,7.42,7.20,7.31,5039650,37483592.00
2013/08/07,7.31,7.38,7.26,7.33,3409734,25337924.00
2013/08/08,7.32,7.43,7.28,7.33,3150307,23505914.00
2013/08/09,7.36,7.41,7.25,7.34,5171041,38541784.00
2013/08/12,7.46,7.74,7.44,7.62,10657668,81927192.00
2013/08/13,7.65,7.85,7.65,7.69,7645801,59930376.00
2013/08/14,7.62,7.74,7.57,7.61,5837131,45366528.00
2013/08/15,7.56,7.64,7.48,7.49,4618581,35349528.00
2013/08/16,7.45,7.79,7.36,7.37,5525232,42404760.00
2013/08/19,7.37,7.57,7.36,7.48,4586945,34929008.00
2013/08/20,7.48,7.59,7.41,7.46,4410863,33537856.00
2013/08/21,7.49,7.64,7.40,7.56,4374263,33487314.00
2013/08/22,7.55,8.14,7.50,7.88,9243141,73202088.00
2013/08/23,7.84,8.38,7.77,8.06,13777929,112300992.00
2013/08/26,7.94,8.34,7.93,8.12,8850550,73111984.00
2013/08/27,8.10,8.21,8.01,8.12,4981422,40965672.00
2013/08/28,8.05,8.06,7.70,7.93,6015720,48482128.00
2013/08/29,7.91,8.16,7.83,7.99,5321268,43199888.00
2013/08/30,7.94,8.12,7.94,8.06,5777434,47041920.00
2013/09/02,8.05,8.25,8.00,8.21,4619190,38155852.00
2013/09/03,8.20,8.33,8.11,8.25,5120110,42654972.00
2013/09/04,8.20,8.36,8.15,8.31,4978474,41751864.00
2013/09/05,8.30,8.56,8.11,8.40,11610390,98942088.00
2013/09/06,8.37,8.56,8.22,8.51,6262103,53615292.00
2013/09/09,8.54,8.88,8.45,8.78,7974497,70241000.00
2013/09/10,8.73,9.17,8.71,9.12,8995212,82185120.00
2013/09/11,9.12,9.18,8.64,8.67,8174616,73144792.00
2013/09/12,8.67,8.98,8.55,8.88,6136334,54756584.00
2013/09/13,8.88,8.93,8.60,8.63,3562452,31498706.00
2013/09/16,8.63,8.77,8.37,8.43,4502726,38909564.00
2013/09/17,8.42,8.57,8.35,8.46,2770283,23709370.00
2013/09/18,8.45,8.59,8.28,8.59,2907686,24813372.00
2013/09/23,8.56,8.65,8.44,8.62,4516333,38980628.00
2013/09/24,8.57,8.62,8.43,8.50,2269139,19519974.00
2013/09/25,8.46,8.53,8.13,8.28,4630009,38777140.00
2013/09/26,8.22,8.70,8.06,8.32,4547370,38659068.00
2013/09/27,8.21,8.32,8.16,8.24,2257010,18785778.00
2013/09/30,8.23,8.29,8.06,8.20,2157980,17774726.00
2013/10/08,8.20,8.40,8.12,8.28,2450581,20533020.00
2013/10/09,8.27,8.39,8.20,8.27,2275166,19031146.00
2013/10/10,8.20,8.27,8.06,8.21,2909687,24009224.00
2013/10/11,8.20,8.49,8.08,8.47,5449585,45911044.00
2013/10/14,8.57,8.60,8.37,8.47,4930225,42351152.00
2013/10/15,8.44,8.48,8.30,8.43,3579958,30354718.00
2013/10/16,8.38,8.50,8.09,8.30,3082007,25703520.00
2013/10/17,8.30,8.36,8.18,8.25,1771809,14811887.00
2013/10/18,8.21,8.26,8.13,8.21,1263273,10492639.00
2013/10/21,8.19,8.29,8.14,8.28,2054436,17120466.00
2013/10/22,8.27,8.58,8.23,8.51,6612742,56567988.00
2013/10/23,8.56,8.57,8.15,8.29,4387857,36980000.00
2013/10/24,8.27,8.27,8.07,8.20,1953405,16100497.00
2013/10/25,8.21,8.49,8.17,8.28,5280310,44728188.00
2013/10/28,8.90,9.12,8.49,8.75,13327770,117791776.00
2013/10/29,8.72,9.64,8.68,9.50,46892963,452376672.00
2013/10/30,9.20,9.74,9.11,9.55,28759077,274280928.00
2013/10/31,9.49,9.70,8.87,8.97,21588555,200781920.00
2013/11/01,8.87,8.93,8.26,8.42,15584161,133797960.00
2013/11/04,8.35,8.52,8.30,8.44,5956201,50782924.00
2013/11/05,8.35,8.90,7.97,8.66,15029753,128633824.00
2013/11/06,8.57,9.10,8.47,8.76,18311788,164213440.00
2013/11/07,8.56,8.61,8.27,8.38,9590893,81841952.00
2013/11/08,8.31,8.51,8.14,8.28,7614917,63847544.00
2013/11/11,8.21,8.44,8.02,8.20,5200340,43433200.00
2013/11/12,8.20,8.24,8.07,8.17,5743570,47369112.00
2013/11/13,8.13,8.13,7.60,7.66,9273482,73087080.00
2013/11/14,7.63,7.71,7.50,7.65,6805060,52441320.00
2013/11/15,7.66,7.87,7.55,7.73,5092622,39882308.00
2013/11/18,7.73,7.95,7.67,7.91,6738057,53454948.00
2013/11/19,7.88,8.03,7.81,7.93,5672600,45459372.00
2013/11/20,7.97,7.99,7.78,7.84,5109261,40573692.00
2013/11/21,7.82,7.92,7.75,7.91,4342963,34442280.00
2013/11/22,7.90,8.14,7.85,7.99,6276433,50783816.00
2013/11/25,7.99,8.03,7.84,7.86,4269210,34324328.00
2013/11/26,7.85,7.93,7.82,7.85,2719633,21671442.00
2013/11/27,7.85,7.91,7.75,7.90,3948349,31373908.00
2013/11/28,7.93,8.01,7.80,7.94,6028723,48418764.00
2013/11/29,7.91,7.99,7.91,7.95,4345730,34992320.00
2013/12/02,7.89,7.94,7.57,7.67,4887043,38372416.00
2013/12/03,7.66,7.78,7.56,7.76,3731661,29073854.00
2013/12/04,7.72,7.87,7.71,7.80,3753182,29699298.00
2013/12/05,7.79,7.94,7.78,7.88,3680791,29353084.00
2013/12/06,7.83,7.92,7.81,7.87,2945975,23465122.00
2013/12/09,7.89,7.93,7.83,7.89,3151419,25150262.00
2013/12/10,7.90,8.06,7.88,8.00,4689361,37910192.00
2013/12/11,7.95,7.96,7.73,7.80,4085620,32331434.00
2013/12/12,7.78,7.85,7.75,7.82,2666769,21096098.00
2013/12/13,7.68,7.97,7.68,7.88,4169799,33293282.00
2013/12/16,7.88,7.93,7.69,7.69,2992151,23629984.00
2013/12/17,7.67,7.75,7.65,7.66,1887553,14714509.00
2013/12/18,7.65,7.76,7.58,7.64,2482275,19245534.00
2013/12/19,7.69,7.70,7.54,7.54,1685837,13053886.00
2013/12/20,7.60,7.60,7.22,7.27,3035267,22714770.00
2013/12/23,7.24,7.30,7.11,7.29,2892875,21119988.00
2013/12/24,7.29,7.38,7.22,7.31,3815504,28296026.00
2013/12/25,7.33,7.37,7.25,7.32,1466553,10867723.00
2013/12/26,7.27,7.34,7.10,7.15,2351554,17177424.00
2013/12/27,7.11,7.30,7.10,7.28,1786714,13113766.00
2013/12/30,7.28,7.35,7.24,7.29,1464857,10840976.00
2013/12/31,7.25,7.40,7.21,7.38,1627629,12110172.00
2014/01/02,7.39,7.58,7.32,7.57,2157440,16348865.00
2014/01/03,7.50,7.58,7.32,7.36,3196335,23955812.00
2014/01/06,7.32,7.38,7.04,7.13,2535101,18360254.00
2014/01/07,7.13,7.16,7.05,7.08,1572075,11313207.00
2014/01/08,7.13,7.14,6.92,6.95,2061885,14667478.00
2014/01/09,6.93,7.05,6.85,6.96,2010809,14156966.00
2014/01/10,6.93,6.96,6.61,6.63,3297958,22557226.00
2014/01/13,6.63,6.70,6.46,6.47,2154786,14432237.00
2014/01/14,6.43,6.61,6.43,6.57,1881581,12453013.00
2014/01/15,6.58,6.67,6.55,6.63,1375178,9245710.00
2014/01/16,6.59,6.70,6.59,6.61,1402917,9473233.00
2014/01/17,6.58,6.63,6.49,6.51,1886394,12537432.00
2014/01/20,6.45,6.51,6.20,6.51,3569728,22968290.00
2014/01/21,6.47,6.79,6.38,6.72,7048145,47128992.00
2014/01/22,6.68,7.13,6.68,7.11,7451135,52615540.00
2014/01/23,7.10,7.34,7.02,7.22,4892698,35512588.00
2014/01/24,7.19,7.34,7.14,7.17,10559974,77856360.00
2014/01/27,7.15,7.25,7.06,7.23,3299069,23925136.00
2014/01/28,7.24,7.39,7.16,7.36,10839623,80186224.00
2014/01/29,7.20,7.39,7.09,7.12,6985972,50857256.00
2014/01/30,7.05,7.14,6.84,6.97,3888749,27573488.00
2014/02/07,6.85,6.96,6.80,6.93,2714399,18983008.00
2014/02/10,7.05,7.09,6.96,7.08,3710394,26488294.00
2014/02/11,7.05,7.17,7.03,7.11,3861579,27819976.00
2014/02/12,7.11,7.19,7.08,7.17,3501946,25359052.00
2014/02/13,7.17,7.20,6.80,6.91,5486349,39066496.00
2014/02/14,6.90,7.05,6.90,7.00,2571711,18231620.00
2014/02/17,7.06,7.14,7.01,7.02,5383014,38542100.00
2014/02/18,7.03,7.21,7.02,7.14,8871881,64233524.00
2014/02/19,7.15,7.55,7.00,7.52,16746183,125375768.00
2014/02/20,7.80,8.28,7.80,8.28,36181620,300090432.00
2014/02/21,8.33,8.33,7.61,7.66,29389248,231923600.00
2014/02/24,7.45,7.66,7.37,7.40,11456702,86798728.00
2014/02/25,7.36,8.00,7.36,7.57,16526422,128058232.00
2014/02/26,7.57,8.14,7.50,8.13,23731277,190414080.00
2014/02/27,8.03,8.65,7.82,8.12,29988622,250167152.00
2014/02/28,7.96,8.06,7.71,7.88,16020549,127979784.00
2014/03/03,7.84,8.49,7.72,8.30,21426111,177930096.00
2014/03/04,8.22,8.38,7.90,8.18,14171080,116920168.00
2014/03/05,8.29,8.45,7.91,7.91,11834325,97176472.00
2014/03/06,7.80,8.06,7.61,7.88,10823255,85429096.00
2014/03/07,7.82,8.13,7.75,8.04,12115611,97724136.00
2014/03/10,7.92,7.92,7.44,7.44,9402355,73140720.00
2014/03/11,7.37,7.64,7.29,7.49,6918968,52381688.00
2014/03/12,7.30,7.31,6.91,6.95,12139687,86369872.00
2014/03/13,6.91,7.00,6.87,6.96,6687680,47058940.00
2014/03/14,6.91,6.99,6.80,6.86,6489334,45259688.00
2014/03/17,6.88,7.01,6.88,7.01,5691627,40164936.00
2014/03/18,7.00,7.09,6.94,6.95,6137229,43708156.00
2014/03/19,6.96,7.15,6.86,7.14,6975667,49825840.00
2014/03/20,7.07,7.25,6.99,7.00,8420779,60640084.00
2014/03/21,6.82,7.18,6.72,7.08,7837788,55591852.00
2014/03/24,7.02,7.13,6.98,7.09,5584866,39949712.00
2014/03/25,7.05,7.16,7.01,7.12,4718837,33959416.00
2014/03/26,7.11,7.40,7.05,7.24,7835898,57341944.00
2014/03/27,7.23,7.28,7.04,7.05,4674561,33936868.00
2014/03/28,7.01,7.17,6.90,6.92,3627040,25819830.00
2014/03/31,6.97,7.00,6.81,6.81,2977122,20720752.00
2014/04/01,6.82,6.98,6.78,6.96,2700483,18942248.00
2014/04/02,6.96,7.05,6.92,6.96,1964724,13906872.00
2014/04/03,6.98,7.03,6.85,6.93,4622105,32439046.00
2014/04/04,6.90,6.91,6.82,6.90,2835265,19732240.00
2014/04/08,6.88,6.97,6.82,6.95,4835030,33896536.00
2014/04/09,6.95,7.09,6.90,7.08,6649408,47342136.00
2014/04/10,7.06,7.08,7.00,7.05,3863055,27582286.00
2014/04/11,7.06,7.14,7.01,7.06,3433992,24582260.00
2014/04/14,7.07,7.13,7.02,7.10,3708061,26585842.00
2014/04/15,7.09,7.09,6.91,6.91,4029222,28557344.00
2014/04/16,6.93,6.97,6.90,6.92,2339680,16446446.00
2014/04/17,6.93,7.02,6.91,6.96,3074939,21725390.00
2014/04/18,6.91,6.98,6.87,6.95,2195372,15424618.00
2014/04/21,6.92,6.92,6.78,6.79,2970146,20617320.00
2014/04/22,6.80,6.83,6.59,6.66,3508687,23779744.00
2014/04/23,6.62,6.72,6.58,6.60,2027340,13667537.00
2014/04/24,6.61,6.70,6.60,6.60,1779622,12000471.00
2014/04/25,6.60,6.64,6.41,6.42,3161368,20747874.00
2014/04/28,6.42,6.46,6.14,6.14,2472227,15763785.00
2014/04/29,6.13,6.23,6.13,6.23,1498356,9410588.00
2014/04/30,6.23,6.28,6.17,6.22,1671729,10563901.00
2014/05/05,6.20,6.24,6.14,6.19,1844657,11610137.00
2014/05/06,6.18,6.37,6.17,6.26,2119956,13548919.00
2014/05/07,6.21,6.30,6.20,6.22,1229226,7800561.00
2014/05/08,6.22,6.32,6.19,6.21,2035639,12911154.00
2014/05/09,6.24,6.26,6.14,6.15,1650840,10386947.00
2014/05/12,6.21,6.37,6.18,6.35,2537050,16259014.00
2014/05/13,6.35,6.68,6.31,6.49,4287155,28502714.00
2014/05/14,6.41,6.50,6.34,6.34,2061843,13420274.00
2014/05/15,6.43,6.50,6.37,6.40,2290623,14910804.00
2014/05/16,6.41,6.48,6.37,6.47,1824895,11934019.00
2014/05/19,6.23,6.28,5.91,6.09,2473758,15297713.00
2014/05/20,6.04,6.19,6.03,6.06,1832827,11338697.00
2014/05/21,6.04,6.28,6.02,6.23,2502609,15605176.00
2014/05/22,6.20,6.28,6.12,6.13,1879590,11864966.00
2014/05/23,6.13,6.19,6.11,6.12,1551648,9687276.00
2014/05/26,6.16,6.22,6.10,6.20,2570900,16104857.00
2014/05/27,6.20,6.20,6.08,6.09,2406442,15008917.00
2014/05/28,6.14,6.19,6.08,6.13,2390535,14635976.00
2014/05/29,6.13,6.21,6.10,6.19,3641265,22439700.00
2014/05/30,6.19,6.21,6.08,6.15,3134434,19235734.00
2014/06/03,6.16,6.77,6.16,6.77,21523128,144430432.00
2014/06/04,6.99,7.45,6.83,7.45,43997477,312764032.00
2014/06/05,7.33,7.51,7.01,7.36,37703312,273245952.00
2014/06/06,7.20,7.26,6.94,6.94,22882971,162713776.00
2014/06/09,6.85,7.07,6.81,7.04,17825803,123834272.00
2014/06/10,6.96,7.07,6.84,7.04,13398001,93369912.00
2014/06/11,6.98,7.05,6.87,6.98,12900102,89862104.00
2014/06/12,6.95,7.14,6.91,6.97,17517908,123124728.00
2014/06/13,6.97,7.36,6.83,7.22,24729948,175617136.00
2014/06/16,7.22,7.35,7.11,7.19,18035946,130062336.00
2014/06/17,7.12,7.19,6.83,6.86,14758713,102516728.00
2014/06/18,6.88,7.04,6.79,7.02,10806953,74831976.00
2014/06/19,6.94,6.95,6.35,6.39,14870683,98408144.00
2014/06/20,6.35,6.43,6.21,6.36,7595961,48004656.00
2014/06/23,6.38,6.49,6.32,6.34,8027319,51267320.00
2014/06/24,6.34,6.41,6.29,6.38,6494298,41271500.00
2014/06/25,6.36,6.50,6.32,6.41,6870691,44160112.00
2014/06/26,6.39,6.68,6.36,6.63,11103122,72632240.00
2014/06/27,6.63,6.67,6.53,6.57,8642400,56909460.00
2014/06/30,6.53,6.66,6.51,6.59,6370167,41908216.00
2014/07/01,6.63,6.65,6.46,6.53,8139355,53078424.00
2014/07/02,6.49,6.78,6.42,6.65,11617632,76339216.00
2014/07/03,6.60,6.64,6.53,6.60,6906090,45469468.00
2014/07/04,6.61,6.65,6.55,6.55,4283956,28217448.00
2014/07/07,6.52,6.56,6.38,6.44,6421110,41428844.00
2014/07/08,6.43,6.44,6.29,6.42,4735339,30171274.00
2014/07/09,6.42,6.52,6.37,6.39,6362350,40975768.00
2014/07/10,6.40,6.46,6.37,6.41,3512208,22540878.00
2014/07/11,6.40,6.48,6.40,6.44,3211984,20702464.00
2014/07/14,6.47,6.53,6.41,6.50,4624595,29912188.00
2014/07/15,6.49,6.64,6.46,6.61,8253647,54065788.00
2014/07/16,6.60,6.80,6.56,6.60,10535379,70320120.00
2014/07/17,6.60,6.87,6.55,6.81,11501333,77169704.00
2014/07/18,6.79,6.80,6.64,6.68,7494253,50404424.00
2014/07/21,6.64,6.75,6.61,6.67,4342169,28950048.00
2014/07/22,6.68,6.85,6.67,6.76,6554565,44329372.00
2014/07/23,6.78,7.10,6.75,6.85,12625106,87197352.00
2014/07/24,6.78,6.83,6.66,6.70,7753920,52092316.00
2014/07/25,6.67,6.81,6.66,6.76,5023436,33966224.00
2014/07/28,6.77,6.88,6.74,6.86,9829432,66960984.00
2014/07/29,6.84,6.96,6.81,6.86,9293410,63947852.00
2014/07/30,6.87,7.27,6.85,7.04,17482159,123703176.00
2014/07/31,7.03,7.05,6.93,6.99,9356100,65177900.00
2014/08/01,6.95,7.03,6.80,6.81,8489671,58809788.00
2014/08/04,6.82,6.95,6.80,6.95,6201685,42774020.00
2014/08/05,6.95,7.16,6.92,7.13,10905924,76957776.00
2014/08/06,7.08,7.19,7.05,7.10,9506780,67733120.00
2014/08/07,7.13,7.26,7.05,7.07,8949486,63997468.00
2014/08/08,7.06,7.21,7.06,7.16,6792975,48544640.00
2014/08/11,7.20,7.30,7.14,7.26,10284086,74562752.00
2014/08/12,7.32,7.34,7.16,7.22,6404533,46243948.00
2014/08/13,7.27,7.27,7.09,7.17,6489448,46372060.00
2014/08/14,7.18,7.20,7.07,7.11,6207127,44312304.00
2014/08/15,7.15,7.22,7.12,7.19,5233414,37545652.00
2014/08/18,7.22,7.45,7.17,7.34,9569731,70038768.00
2014/08/19,7.31,7.88,7.15,7.51,17792367,132616656.00
2014/08/20,7.44,7.60,7.40,7.46,9416722,70354400.00
2014/08/21,7.47,7.52,7.38,7.49,6706104,49871284.00
2014/08/22,7.47,7.68,7.45,7.59,8209275,62194000.00
2014/08/25,7.61,7.83,7.45,7.45,10047138,76770216.00
2014/08/26,7.44,7.86,7.30,7.80,21175730,161522256.00
2014/08/27,7.73,8.55,7.63,8.37,25016855,204100880.00
2014/08/28,8.21,8.92,8.21,8.49,19737868,167007344.00
2014/08/29,8.35,8.68,8.14,8.45,13587526,114076928.00
2014/09/01,8.35,8.62,8.31,8.46,8369193,70508672.00
2014/09/02,8.41,8.66,8.09,8.21,39692795,328499296.00
2014/09/03,8.17,8.21,8.01,8.15,15149615,123128760.00
2014/09/04,8.14,8.21,8.11,8.18,10035168,81982544.00
2014/09/05,8.21,8.24,8.04,8.14,10612463,86208160.00
2014/09/10,8.27,8.56,8.20,8.30,23630360,198145168.00
2014/09/11,8.29,8.36,8.09,8.17,14544387,119532952.00
2014/09/12,8.11,8.25,8.08,8.20,8326030,68025288.00
2014/09/15,8.29,8.42,8.21,8.28,9566476,79176160.00
2014/09/16,8.25,8.28,7.81,7.84,11294780,91289304.00
2014/09/17,7.90,7.94,7.80,7.88,5816863,45769052.00
2014/09/18,7.91,8.06,7.89,7.98,6978942,55658208.00
2014/09/19,7.96,8.06,7.90,8.04,5017603,40198220.00
2014/09/22,8.05,8.38,7.88,8.13,11491782,93819448.00
2014/09/23,8.16,8.45,8.08,8.33,11866135,98082824.00
2014/09/24,8.30,8.36,8.19,8.28,10982308,90785200.00
2014/09/25,8.23,8.30,8.12,8.16,11030533,90666584.00
2014/09/26,8.13,8.14,8.03,8.07,5919082,47867036.00
2014/09/29,8.04,8.11,7.85,7.90,15231397,120973408.00
2014/09/30,7.89,7.99,7.89,7.95,7354240,58504088.00
2014/10/08,7.96,8.07,7.95,8.03,7274269,58302604.00
2014/10/09,8.02,8.07,7.93,8.00,9611510,76751752.00
2014/10/10,7.98,8.20,7.94,8.19,14197219,114867064.00
2014/10/13,8.15,8.28,8.11,8.28,12558302,103076344.00
2014/10/14,8.31,8.35,7.99,8.02,13584779,110593480.00
2014/10/15,8.00,8.80,7.86,8.57,20664219,170525264.00
2014/10/16,8.41,8.67,7.93,7.96,46176286,380672000.00
2014/10/17,7.88,7.91,7.41,7.54,18447888,141164544.00
2014/10/20,7.54,7.65,7.51,7.61,8157614,61875160.00
2014/10/21,7.60,7.62,7.46,7.47,8587061,64650656.00
2014/10/22,7.47,7.73,7.32,7.35,22566639,168296768.00
2014/10/23,7.34,7.43,6.97,6.98,25273132,180664592.00
2014/10/24,6.98,7.07,6.95,6.98,7306978,51273204.00
2014/10/27,6.99,7.01,6.85,6.93,7943449,55004856.00
2014/10/28,6.96,7.14,6.93,7.13,10627505,75157504.00
2014/10/29,7.15,7.26,7.13,7.22,10947528,78748224.00
2014/10/30,7.24,7.32,7.18,7.23,10567114,76713536.00
2014/10/31,7.25,7.30,7.16,7.29,10977389,79359544.00
2014/11/03,7.32,7.50,7.28,7.38,15618504,115408832.00
2014/11/04,7.38,7.49,7.32,7.38,10089766,74573528.00
2014/11/05,7.36,7.46,7.30,7.41,9387743,69443888.00
2014/11/06,7.41,7.55,7.38,7.51,10828934,80858904.00
2014/11/07,7.53,7.72,7.43,7.57,19207489,145187984.00
2014/11/10,7.51,7.87,7.36,7.48,43126137,324880640.00
2014/11/11,7.46,7.56,7.08,7.13,23257042,169515376.00
2014/11/12,7.04,7.22,7.04,7.20,9379086,67041628.00
2014/11/13,7.21,7.23,7.06,7.12,9917689,70637568.00
2014/11/14,7.11,7.18,7.06,7.15,7507628,53457724.00
2014/11/17,7.15,7.22,7.11,7.19,7048539,50545484.00
2014/11/18,7.19,7.23,7.16,7.21,7946741,57192472.00
2014/11/19,7.20,7.24,7.13,7.20,8879676,63834216.00
2014/11/20,7.22,7.25,7.16,7.19,6662896,48012992.00
2014/11/21,7.19,7.23,7.16,7.21,7353319,52915804.00
2014/11/24,7.25,7.36,7.23,7.32,15488062,113142088.00
2014/11/25,7.33,7.43,7.28,7.40,12629787,93105248.00
2014/11/26,7.41,7.48,7.36,7.43,13882408,103026208.00
2014/11/27,7.45,7.52,7.38,7.41,15743791,117141136.00
2014/11/28,7.41,7.67,7.38,7.64,30511590,229410304.00
2014/12/01,7.67,7.68,7.38,7.45,24183411,181706912.00
2014/12/02,7.44,7.55,7.44,7.52,13887550,104238008.00
2014/12/03,7.56,7.74,7.49,7.74,26581973,202265344.00
2014/12/04,7.82,8.04,7.72,7.96,37126482,293365376.00
2014/12/05,7.90,7.98,7.40,7.64,32358728,249737872.00
2014/12/08,7.63,7.75,7.49,7.66,19282214,147391760.00
2014/12/09,7.64,7.67,7.19,7.24,25709180,193281680.00
2014/12/10,7.26,7.47,7.20,7.46,12514110,91941912.00
2014/12/11,7.40,7.68,7.39,7.68,17609066,132450584.00
2014/12/12,7.68,7.77,7.62,7.72,16296293,125660496.00
2014/12/15,7.76,8.02,7.65,7.96,26681278,210082544.00
2014/12/16,7.89,8.03,7.81,7.90,18175450,143815136.00
2014/12/17,7.94,7.95,7.61,7.72,18099297,140172640.00
2014/12/18,7.70,8.00,7.67,7.98,20889642,164346368.00
2014/12/19,7.99,8.25,7.81,8.10,26878978,216507184.00
2014/12/22,8.11,8.14,7.71,8.05,24501107,193842496.00
2014/12/23,8.00,8.50,7.85,8.26,39418215,325860800.00
2014/12/24,8.19,8.82,8.17,8.70,43549820,372387328.00
2014/12/25,8.60,8.98,8.50,8.73,37678015,329598752.00
2014/12/26,8.73,8.80,8.51,8.69,21627533,187367328.00
2014/12/29,8.70,9.50,8.70,9.40,38123406,351033824.00
2014/12/30,9.30,9.36,9.05,9.07,23339287,214292736.00
2014/12/31,9.10,9.18,8.83,9.03,14784971,132766792.00
2015/01/05,9.04,9.60,8.75,9.43,27740614,255848624.00
2015/01/06,9.35,9.64,9.10,9.14,20913498,194938752.00
2015/01/07,9.08,9.16,8.86,8.99,18018656,162194448.00
2015/01/08,8.99,9.00,8.65,8.67,19582926,171901344.00
2015/01/09,8.58,8.85,8.58,8.60,13171193,115104632.00
2015/01/12,8.63,8.85,8.38,8.42,15698478,134671840.00
2015/01/13,8.43,8.54,8.30,8.49,11323945,95458944.00
2015/01/14,8.50,8.57,8.34,8.40,9218360,77969328.00
2015/01/15,8.42,8.57,8.40,8.53,8915386,75861736.00
2015/01/16,8.53,9.31,8.53,8.97,23378842,209107648.00
2015/01/19,8.70,9.38,8.41,8.61,28467751,255000576.00
2015/01/20,8.63,8.97,8.63,8.91,15824321,139613168.00
2015/01/21,8.91,9.21,8.85,9.11,19312271,174842624.00
2015/01/22,9.11,9.25,8.97,9.12,15665627,142356400.00
2015/01/23,9.13,9.30,9.01,9.06,18700029,171355024.00
2015/01/26,9.05,9.15,8.80,9.14,15320182,137237632.00
2015/01/27,9.10,9.27,8.95,9.04,14464237,131656904.00
2015/01/28,9.04,9.09,8.74,8.79,13064290,116409216.00
2015/01/29,8.70,8.86,8.61,8.70,11041721,96159560.00
2015/01/30,8.72,8.85,8.63,8.78,10721126,93875600.00
2015/02/02,8.40,8.93,8.25,8.83,17865962,154756624.00
2015/02/03,8.82,9.66,8.82,9.37,36259521,340704128.00
2015/02/04,9.58,10.20,9.46,9.47,30152415,293349440.00
2015/02/05,9.47,9.90,9.28,9.30,21713222,207736624.00
2015/02/06,9.30,9.75,9.25,9.55,15981669,151160880.00
2015/02/09,9.44,10.19,9.37,9.89,20909688,205890576.00
2015/02/10,9.83,10.08,9.53,9.69,13182831,127811168.00
2015/02/11,9.69,9.71,9.30,9.64,11660487,110836520.00
2015/02/12,9.53,9.66,9.37,9.58,11381275,108021048.00
2015/02/13,9.68,9.75,9.52,9.52,10600518,101993176.00
2015/02/16,9.56,9.99,9.37,9.88,19841112,190481792.00
2015/02/17,9.89,10.30,9.81,10.22,18678984,189086784.00
2015/02/25,10.22,10.58,9.97,10.30,15460255,159632208.00
2015/02/26,10.30,10.60,10.23,10.45,13328395,138807120.00
2015/02/27,10.35,10.96,10.16,10.84,18984825,200917024.00
2015/03/02,11.24,11.36,10.64,10.84,19391060,212077936.00
2015/03/03,10.76,11.08,10.67,10.94,14380738,156514624.00
2015/03/04,10.89,11.28,10.78,11.09,12480813,136918784.00
2015/03/05,10.96,10.99,10.54,10.59,15300425,164002864.00
2015/03/06,10.57,10.76,10.20,10.26,14302990,149481936.00
2015/03/09,10.18,10.42,9.98,10.34,12765172,131171104.00
2015/03/10,10.34,10.51,10.22,10.31,9070612,93958960.00
2015/03/11,10.23,10.46,10.13,10.15,9218335,94765600.00
2015/03/12,10.13,10.39,10.02,10.36,9669847,98798792.00
2015/03/13,10.45,10.46,10.18,10.25,9148650,94120000.00
2015/03/16,10.21,10.41,10.07,10.38,18850318,193546928.00
2015/03/17,10.36,10.82,10.26,10.75,25415148,266980704.00
2015/03/18,10.69,10.85,10.66,10.76,17923665,192783408.00
2015/03/19,10.81,11.18,10.61,11.02,26226737,287246240.00
2015/03/20,10.98,11.06,10.70,10.83,17397869,188731584.00
2015/03/23,10.90,11.20,10.79,10.92,16101435,176007120.00
2015/03/24,10.90,10.92,10.27,10.49,28581821,300944448.00
2015/03/25,10.45,10.45,10.19,10.28,18129599,186408208.00
2015/03/26,10.20,10.55,10.19,10.42,13347941,138826864.00
2015/03/27,10.47,10.52,10.30,10.43,12711352,132281344.00
2015/03/30,10.44,10.80,10.43,10.70,18571588,197503296.00
2015/03/31,10.72,10.96,10.60,10.94,21786492,234770880.00
2015/04/01,10.95,11.06,10.82,11.00,29790404,326015488.00
2015/04/02,11.07,11.50,11.02,11.45,36053517,406288064.00
2015/04/03,11.40,12.10,11.25,12.02,34402260,406509152.00
2015/04/07,12.80,13.22,12.50,12.79,45507108,585122880.00
2015/04/08,12.90,13.80,12.20,13.39,44267292,572360896.00
2015/04/09,13.29,13.33,12.50,13.07,26095658,338174240.00
2015/04/10,13.10,13.54,12.90,13.31,29910114,397013024.00
2015/04/13,13.50,13.83,13.27,13.29,27907976,376641120.00
2015/04/14,13.28,13.28,12.78,12.89,23573923,305128064.00
2015/04/15,12.95,14.18,12.95,13.30,31105046,419968576.00
2015/04/16,13.30,14.10,12.96,13.85,27597219,377279808.00
2015/04/17,13.95,14.31,13.61,13.82,36518961,510821152.00
2015/04/20,13.75,13.78,13.08,13.20,23732486,319197248.00
2015/04/21,13.26,14.00,13.10,13.99,25086432,341893984.00
2015/04/22,14.20,14.60,13.92,14.26,28818166,411719520.00
2015/04/23,14.35,14.51,14.10,14.19,21132572,302228768.00
2015/04/24,14.15,14.74,13.91,14.63,26223439,377605568.00
2015/04/27,14.66,15.83,14.66,15.34,35147559,533147872.00
2015/04/28,15.00,15.56,14.25,14.70,27949958,416532672.00
2015/04/29,14.50,15.05,14.31,14.98,14772176,217740432.00
2015/04/30,14.90,15.01,14.61,14.71,14593217,216255632.00
2015/05/04,14.54,14.70,13.85,14.30,25829455,364092512.00
2015/05/05,15.48,15.48,13.73,13.81,19253689,276759488.00
2015/05/06,14.00,14.13,12.98,13.05,17988111,241859824.00
2015/05/07,12.97,13.90,12.35,13.38,22769728,295822144.00
2015/05/08,13.38,13.57,13.21,13.51,14354092,192664608.00
2015/05/11,13.51,13.83,13.40,13.74,15332182,208860784.00
2015/05/12,14.10,14.30,13.81,14.02,17031691,239896832.00
2015/05/13,14.10,14.41,13.72,14.25,19938133,280006656.00
2015/05/14,14.20,14.39,13.85,14.00,17725657,249174336.00
2015/05/15,13.89,13.89,13.19,13.21,16819695,225510016.00
2015/05/18,13.15,13.15,12.81,13.00,15989697,207283520.00
2015/05/19,12.96,13.35,12.95,13.31,13003882,171655952.00
2015/05/20,13.26,13.77,13.21,13.36,18937324,256143440.00
2015/05/21,13.36,13.95,13.36,13.85,20191985,276323200.00
2015/05/22,14.10,14.54,13.96,14.33,24762340,352599328.00
2015/05/25,14.45,15.19,14.30,15.04,26166906,388030464.00
2015/05/26,15.28,15.75,14.85,15.57,27610776,423391680.00
2015/05/27,15.50,15.75,14.88,15.67,29706118,454289376.00
2015/05/28,15.64,16.29,14.26,14.95,31445381,493588544.00
2015/05/29,14.78,15.19,13.89,15.00,28555748,416252864.00
2015/06/01,15.20,16.50,15.15,16.50,34258702,550077760.00
2015/06/02,16.85,17.85,16.60,17.60,35916853,624235712.00
2015/06/03,17.49,18.89,17.16,18.14,28496735,514455808.00
2015/06/04,18.18,19.22,17.20,18.90,29836585,550474176.00
2015/06/05,18.94,19.61,18.19,18.48,30349348,566797568.00
2015/06/08,18.40,18.40,17.31,17.73,25172184,448730912.00
2015/06/09,17.65,18.48,17.30,18.18,20037111,360756160.00
2015/06/10,17.90,18.49,17.55,18.10,14936813,270322752.00
2015/06/11,18.00,18.10,17.45,17.92,16836394,299467616.00
2015/06/12,18.05,18.79,18.05,18.51,22359685,413208800.00
2015/06/15,18.80,18.90,17.41,17.56,21977819,396567264.00
2015/06/16,17.18,17.86,16.75,16.91,16336161,282606976.00
2015/06/17,16.71,17.75,16.49,17.41,15295972,260813040.00
2015/06/18,17.29,17.76,16.80,16.85,11119723,193283792.00
2015/06/19,16.30,16.50,15.17,15.17,22393788,350208896.00
2015/06/23,15.17,15.45,13.65,15.06,18414953,266535904.00
2015/06/24,15.19,15.57,14.75,15.39,17215748,262624448.00
2015/06/25,15.40,15.43,14.00,14.35,18062388,270668512.00
2015/06/26,13.50,13.95,12.92,12.92,19563564,260229440.00
2015/06/29,13.41,13.41,11.63,11.63,25321217,310906688.00
2015/06/30,11.60,12.79,10.53,12.76,26745627,313657408.00
2015/07/01,12.76,13.48,11.85,12.02,22418285,289596352.00
2015/07/02,12.02,12.50,10.82,10.91,18802573,216366736.00
2015/07/03,10.50,11.60,9.82,10.08,26874375,279273856.00
2015/07/06,11.08,11.08,9.16,10.14,29814054,299394080.00
2015/07/07,9.61,9.98,9.13,9.13,14462847,134680832.00
2015/07/08,8.22,9.70,8.22,9.03,58219772,500752416.00
2015/07/09,9.10,9.93,9.03,9.93,16286001,156295776.00
2015/07/10,10.25,10.92,10.07,10.92,14393027,155399744.00
2015/07/13,11.55,12.01,11.17,12.01,28333481,330619200.00
2015/07/14,11.55,12.37,11.17,11.38,33654980,396595680.00
2015/07/15,10.90,11.20,10.24,10.24,17544763,186939136.00
2015/07/16,10.24,10.89,9.34,10.64,17748470,184149728.00
2015/07/17,10.68,11.55,10.64,11.29,13769762,152531312.00
2015/07/20,11.22,11.60,10.91,11.25,14634846,165213296.00
2015/07/21,11.08,12.00,10.85,12.00,20643402,241353728.00
2015/07/22,11.95,12.15,11.39,11.86,19605684,230305408.00
2015/07/23,11.71,12.45,11.65,12.38,22288580,268193312.00
2015/07/24,12.35,12.37,11.68,11.88,24796623,300394400.00
2015/07/27,11.44,11.88,10.69,10.69,17518489,197277920.00
2015/07/28,10.37,10.98,9.62,10.52,22997656,236837280.00
2015/07/29,10.66,11.05,10.30,11.03,12163975,128919256.00
2015/07/30,10.90,11.16,10.40,10.42,12554500,136535904.00
2015/07/31,10.27,10.64,10.27,10.50,7998502,83475016.00
2015/08/06,10.79,11.35,10.51,10.96,17501569,192164064.00
2015/08/07,10.97,11.29,10.82,11.29,15955043,177056032.00
2015/08/10,11.32,11.90,11.24,11.75,17132071,197547824.00
2015/08/11,11.62,12.32,11.46,11.82,23174000,273236416.00
2015/08/12,11.60,12.12,11.57,11.65,14541915,171377056.00
2015/08/13,11.88,12.16,11.60,11.92,15224948,180898544.00
2015/08/14,11.91,12.22,11.85,11.98,17120544,205978560.00
2015/08/17,11.80,11.91,11.51,11.91,13793873,161525936.00
2015/08/18,11.90,12.00,10.72,10.72,16012519,182238464.00
2015/08/19,10.26,10.90,9.80,10.81,13804822,142766528.00
2015/08/20,10.77,10.80,10.18,10.27,9241950,97395952.00
2015/08/21,9.98,10.25,9.30,9.31,9907051,97296952.00
2015/08/24,8.90,8.99,8.38,8.38,7507577,63543956.00
2015/08/25,7.54,7.87,7.54,7.55,18466500,139934912.00
2015/08/26,7.71,7.97,7.15,7.54,10436421,80055312.00
2015/08/27,7.70,7.90,7.44,7.90,9244813,71179536.00
2015/08/28,8.17,8.47,8.03,8.47,12768096,105005920.00
2015/08/31,8.49,8.84,8.20,8.45,10988332,93858768.00
2015/09/01,8.37,8.37,7.62,7.73,8942528,70646792.00
2015/09/02,7.50,7.91,7.21,7.32,7454367,56309328.00
2015/09/07,7.53,7.85,7.35,7.42,6038307,45759384.00
2015/09/08,7.39,7.97,7.33,7.90,6417976,49118356.00
2015/09/09,7.99,8.28,7.89,8.20,9684913,78549824.00
2015/09/10,8.08,8.22,7.91,7.97,6609261,53468684.00
2015/09/11,7.98,8.18,7.82,8.05,5543012,44351568.00
2015/09/14,8.06,8.15,7.25,7.26,8234740,62379144.00
2015/09/15,7.16,7.20,6.79,6.86,5877828,41242328.00
2015/09/16,6.85,7.55,6.85,7.45,7556337,53869584.00
2015/09/17,7.31,7.97,7.31,7.33,9400618,70950432.00
2015/09/18,7.44,7.55,7.20,7.45,5495447,40548168.00
2015/09/21,7.30,7.70,7.18,7.64,5957526,44762992.00
2015/09/22,7.60,7.92,7.57,7.79,7532854,58488500.00
2015/09/23,7.53,7.70,7.48,7.55,6184942,46864012.00
2015/09/24,7.55,7.72,7.54,7.70,5801571,44362440.00
2015/09/25,7.68,7.71,7.12,7.26,5919648,44278624.00
2015/09/28,7.21,7.48,7.16,7.42,3419373,25222502.00
2015/09/29,7.30,7.30,7.09,7.16,5183457,37156144.00
2015/09/30,7.18,7.31,7.15,7.23,3218488,23292550.00
2015/10/08,7.49,7.69,7.47,7.54,6229734,47002152.00
2015/10/09,7.52,7.89,7.51,7.80,10375487,80111984.00
2015/10/12,7.84,8.53,7.76,8.35,12712165,104057992.00
2015/10/13,8.25,8.81,8.16,8.73,15220924,130370448.00
2015/10/14,8.73,8.82,8.30,8.51,14281247,121128392.00
2015/10/15,8.33,8.65,8.25,8.63,17331090,146745600.00
2015/10/16,8.63,8.85,8.47,8.66,16659242,143132912.00
2015/10/19,8.61,8.68,8.31,8.43,11531225,98291168.00
2015/10/20,8.44,8.58,8.30,8.56,11337855,95811904.00
2015/10/21,8.53,8.64,7.71,7.79,14158927,117067200.00
2015/10/22,7.79,8.02,7.72,7.97,9507820,74872144.00
2015/10/23,7.99,8.39,7.95,8.31,13206801,108220456.00
2015/10/26,8.45,8.70,8.35,8.57,12164386,103347704.00
2015/10/27,8.50,8.69,8.12,8.63,11101999,93302120.00
2015/10/28,8.58,8.72,8.43,8.48,11832929,101812112.00
2015/10/29,8.56,8.85,8.53,8.69,12511320,109096616.00
2015/10/30,8.68,8.78,8.43,8.59,10258136,88641344.00
2015/11/02,8.48,9.28,8.31,9.01,19256540,169840864.00
2015/11/03,8.82,9.37,8.82,9.14,18876706,171804800.00
2015/11/04,9.46,9.87,9.41,9.64,19624893,189185072.00
2015/11/05,9.67,9.88,9.41,9.51,15502912,149440512.00
2015/11/11,10.46,10.46,9.91,10.46,34912751,357644608.00
2015/11/12,10.30,10.37,10.00,10.00,19878655,202045472.00
2015/11/13,10.02,10.35,9.90,10.01,13919788,140804592.00
2015/11/16,9.78,10.26,9.56,10.18,11755958,116073416.00
2015/11/17,10.19,10.74,10.01,10.32,19768795,204500688.00
2015/11/18,10.32,10.50,9.98,10.05,10666018,108809792.00
2015/11/19,10.01,10.10,9.87,10.08,8716301,86969136.00
2015/11/20,10.18,11.09,10.12,11.09,27366094,295037280.00
2015/11/23,11.33,12.20,11.28,11.65,29538077,347063968.00
2015/11/24,11.66,12.18,11.47,12.03,17782375,209542352.00
2015/11/25,12.03,12.56,11.90,12.08,19989543,244270304.00
2015/11/26,12.08,12.25,11.60,11.98,18346907,217939280.00
2015/11/27,11.60,11.60,10.78,10.78,24006588,267981568.00
2015/11/30,10.46,10.69,9.72,10.44,16622748,171917440.00
2015/12/01,10.35,10.67,10.13,10.41,10342634,106995712.00
2015/12/02,10.36,10.98,10.36,10.71,13901502,148862048.00
2015/12/03,10.60,10.91,10.60,10.83,6322893,68327848.00
2015/12/04,10.88,10.88,10.46,10.52,6367152,67367760.00
2015/12/07,10.74,11.46,10.62,10.98,15623203,173060288.00
2015/12/08,10.81,10.91,10.55,10.66,7471492,80405408.00
2015/12/09,10.60,10.87,10.54,10.60,5143099,54937080.00
2015/12/10,10.60,10.86,10.41,10.45,5337555,56941092.00
2015/12/11,10.36,10.37,9.98,10.04,7351489,74264288.00
2015/12/14,9.71,10.69,9.71,10.69,8743017,90427680.00
2015/12/15,10.71,11.10,10.62,10.64,7031495,76065464.00
2015/12/16,10.66,11.39,10.66,11.02,12603815,139518864.00
2015/12/17,10.96,11.29,10.91,11.06,13849063,152841936.00
2015/12/18,11.01,11.28,10.91,11.13,11084569,123648856.00
2015/12/21,11.08,11.20,10.81,11.20,13862205,152586960.00
2015/12/22,11.23,11.40,11.10,11.36,16494121,185336640.00
2015/12/23,11.34,11.41,11.00,11.06,8797323,98622872.00
2015/12/24,11.06,12.17,11.05,11.67,21415668,251749488.00
2015/12/25,11.78,12.05,11.50,11.85,14392437,169309472.00
2015/12/28,11.84,11.84,11.25,11.26,11992073,137482304.00
2015/12/29,11.13,11.40,10.78,11.25,9274088,102272344.00
2015/12/30,11.10,11.47,11.03,11.41,7205250,80686936.00
2015/12/31,11.35,11.40,11.08,11.11,7022459,78611400.00
2016/01/04,11.04,11.08,10.02,10.05,7059177,76462792.00
2016/01/05,9.75,10.50,9.65,10.25,6551355,66183840.00
2016/01/06,10.24,10.75,10.24,10.74,6841475,72402376.00
2016/01/07,10.53,10.55,9.76,9.81,1629036,16611028.00
2016/01/08,10.29,10.41,9.69,10.25,7625465,77219112.00
2016/01/11,10.25,10.48,9.86,10.00,5761280,58486760.00
2016/01/12,9.91,10.10,9.35,9.42,5730611,55785056.00
2016/01/13,9.48,9.54,8.48,8.48,8999855,81414336.00
2016/01/14,8.14,9.00,7.75,9.00,11268255,92740016.00
2016/01/15,8.84,9.18,8.47,8.95,7657045,67801496.00
2016/01/18,8.80,9.13,8.51,8.91,5236106,46910484.00
2016/01/19,8.98,9.35,8.71,9.29,7953470,72514704.00
2016/01/20,9.20,9.32,8.78,8.91,9672416,87067664.00
2016/01/21,8.73,8.97,8.61,8.61,5518734,48535160.00
2016/01/22,8.78,8.90,8.48,8.77,7976672,69765944.00
2016/01/25,8.95,9.65,8.90,9.48,13319599,125636640.00
2016/01/26,9.20,9.33,8.60,8.71,7142021,64636628.00
2016/01/27,8.74,8.89,8.03,8.82,5584310,47956020.00
2016/01/28,8.74,9.27,8.62,8.73,6666936,60185504.00
2016/01/29,8.88,9.40,8.77,9.22,10317741,95043272.00
2016/02/01,9.22,9.40,9.11,9.19,4489894,41624040.00
2016/02/02,9.10,9.60,9.03,9.51,6008014,56641884.00
2016/02/03,9.30,9.53,9.18,9.50,4068803,37914620.00
2016/02/04,9.78,10.45,9.78,10.04,15899531,162654480.00
2016/02/05,9.88,10.24,9.77,10.13,8636767,86614280.00
2016/02/15,9.80,10.46,9.79,10.38,7749354,78896360.00
2016/02/16,10.33,11.42,10.28,11.13,11205995,124285664.00
2016/02/17,11.03,11.22,10.67,11.05,8605543,93725928.00
2016/02/18,11.35,12.16,10.68,10.75,17065509,196116384.00
2016/02/19,10.65,11.13,10.46,10.97,9680044,105548800.00
2016/02/22,11.21,11.26,10.68,11.00,8382411,92358448.00
2016/02/23,11.10,12.10,11.10,11.88,24948254,297092704.00
2016/02/24,11.50,12.33,11.40,12.20,17946850,212850368.00
2016/02/25,12.38,12.38,10.98,10.98,13010822,151827088.00
2016/02/26,10.99,12.08,10.99,11.95,14438491,170462432.00
2016/02/29,11.75,13.03,11.00,12.43,20975276,257484704.00
2016/03/01,12.50,13.30,12.03,12.32,23811165,304114240.00
2016/03/02,12.13,13.33,12.13,13.22,22055200,286193920.00
2016/03/03,13.01,13.47,12.81,12.99,16745429,219827680.00
2016/03/04,13.25,13.39,12.21,12.37,14378021,184308304.00
2016/03/07,12.90,13.45,12.75,12.86,9518876,123986632.00
2016/03/08,13.07,13.50,12.98,13.25,16523416,218900544.00
2016/03/09,12.58,12.60,11.93,11.93,20464462,247042016.00
数据来源:通达信
