000526 银润投资 日线 前复权
      日期	    开盘	    最高	    最低	    收盘	    成交量	    成交额
2011/01/04,12.30,12.97,12.10,12.51,3684555,46165244.00
2011/01/05,12.31,12.56,12.25,12.25,2261169,27958556.00
2011/01/06,12.15,12.75,12.15,12.72,3743206,47109784.00
2011/01/07,12.69,12.91,12.50,12.65,3099023,39439884.00
2011/01/10,12.60,12.77,12.30,12.37,2098452,26208170.00
2011/01/11,12.27,12.55,12.08,12.15,1732200,21332528.00
2011/01/12,12.15,12.75,12.15,12.68,2462087,30824578.00
2011/01/13,12.64,12.78,12.50,12.58,2064614,26042590.00
2011/01/14,12.31,12.50,11.99,12.01,2405472,29274982.00
2011/01/17,11.91,11.91,11.17,11.26,2009403,23251532.00
2011/01/18,11.00,11.42,11.00,11.38,918263,10372826.00
2011/01/19,11.35,11.58,11.21,11.51,1148868,13102859.00
2011/01/20,11.22,11.45,11.06,11.18,1452338,16407481.00
2011/01/21,10.91,11.58,10.06,11.58,1417392,16093157.00
2011/01/24,11.40,11.58,11.26,11.28,920254,10486512.00
2011/01/25,11.33,11.33,10.51,10.70,1289224,13914353.00
2011/01/26,10.41,10.97,10.41,10.81,671931,7282457.50
2011/01/27,10.80,11.24,10.51,10.97,924932,10045802.00
2011/01/28,10.72,11.24,10.72,11.08,549149,6068373.50
2011/01/31,11.08,11.25,11.00,11.12,681668,7575367.50
2011/02/01,11.12,11.23,11.00,11.20,486638,5409604.00
2011/02/09,11.08,11.25,11.04,11.17,594803,6633957.50
2011/02/10,11.16,11.45,11.08,11.41,923044,10437205.00
2011/02/11,11.44,11.78,11.36,11.76,1626961,18896590.00
2011/02/14,11.82,12.02,11.71,11.97,1869066,22113626.00
2011/02/15,11.82,12.06,11.82,11.86,1715883,20401332.00
2011/02/16,11.93,12.08,11.81,12.03,1186760,14184582.00
2011/02/17,12.04,12.10,11.77,11.86,1488605,17683358.00
2011/02/18,11.81,11.96,11.77,11.89,1338375,15889788.00
2011/02/21,11.68,12.29,11.68,12.07,1110550,13379048.00
2011/02/22,11.89,12.19,11.78,12.05,1516616,18113020.00
2011/02/23,12.06,12.15,11.82,12.04,1043817,12491867.00
2011/02/24,12.00,12.42,11.91,12.30,1960011,23997176.00
2011/02/25,12.34,12.35,11.95,12.34,1303401,15850121.00
2011/02/28,12.30,12.47,12.20,12.43,1332977,16460314.00
2011/03/01,12.28,12.50,12.28,12.36,1418828,17596862.00
2011/03/02,12.37,12.45,12.21,12.39,1256046,15515630.00
2011/03/03,12.41,13.63,12.39,13.18,7271303,96270864.00
2011/03/04,13.10,13.37,12.78,13.17,2732990,35760816.00
2011/03/07,13.07,13.31,13.07,13.18,2587920,34050508.00
2011/03/08,13.12,13.21,12.98,13.10,1947452,25417266.00
2011/03/09,13.00,13.20,12.80,12.97,1503108,19396666.00
2011/03/10,12.84,13.00,12.76,12.83,1442110,18519418.00
2011/03/11,12.89,13.26,12.82,12.92,2031697,26624700.00
2011/03/14,12.90,13.47,12.80,13.21,2166870,28516990.00
2011/03/15,13.20,13.25,12.60,13.14,2064589,26647912.00
2011/03/16,13.03,13.33,13.02,13.15,1066073,14016943.00
2011/03/17,13.12,13.30,12.84,13.28,2238182,29522850.00
2011/03/18,13.21,13.44,13.14,13.26,1492617,19836924.00
2011/03/21,13.10,13.25,12.83,12.91,1838045,23829846.00
2011/03/22,12.93,12.95,12.61,12.74,972858,12420008.00
2011/03/23,12.63,13.09,12.63,12.87,938187,12062380.00
2011/03/24,12.80,12.99,12.69,12.77,1044687,13367586.00
2011/03/25,12.84,12.89,12.70,12.89,1799848,23049104.00
2011/03/28,12.94,13.66,12.92,13.37,3747027,50027100.00
2011/03/29,13.20,14.71,13.16,14.63,8939186,127232896.00
2011/03/30,14.21,14.48,13.80,14.02,3692397,52118472.00
2011/03/31,13.91,14.15,13.40,13.57,3123404,42589812.00
2011/04/01,13.43,13.77,13.35,13.59,1758558,23865380.00
2011/04/06,13.60,14.91,13.42,14.50,3703583,53256224.00
2011/04/07,14.50,14.68,13.85,14.09,3039594,42640492.00
2011/04/08,13.96,14.66,13.76,14.56,2417667,34574008.00
2011/04/11,14.56,14.70,14.14,14.20,1827378,26202070.00
2011/04/12,14.30,14.97,14.10,14.27,2283321,33300918.00
2011/04/13,13.96,14.08,13.68,13.91,1700736,23633444.00
2011/04/14,13.95,14.30,13.80,14.15,1486369,20934146.00
2011/04/15,14.03,14.16,13.31,13.41,2913343,39606728.00
2011/04/18,13.30,13.47,12.91,13.10,2124271,27882606.00
2011/04/19,13.20,13.40,13.01,13.39,1543154,20503778.00
2011/04/20,13.38,13.40,13.10,13.24,1143537,15108177.00
2011/04/21,13.32,13.32,13.00,13.13,887987,11669308.00
2011/04/22,13.14,13.63,13.08,13.63,2104781,28349464.00
2011/04/25,13.44,14.37,13.44,14.23,3798635,53241384.00
2011/04/26,14.10,14.60,13.95,14.35,3070526,43913324.00
2011/04/27,14.28,14.49,13.88,14.10,2021919,28652858.00
2011/04/28,14.17,14.99,13.97,14.55,4247428,61686352.00
2011/05/03,14.38,14.74,13.70,14.73,2454743,34976244.00
2011/05/04,14.73,14.84,14.22,14.33,1957171,28405612.00
2011/05/05,14.20,14.46,13.10,13.50,3148111,43563724.00
2011/05/06,13.38,13.46,13.11,13.35,1555807,20642960.00
2011/05/09,13.25,13.55,12.98,13.25,2536478,33420302.00
2011/05/10,13.20,13.48,13.03,13.43,2734199,36526460.00
2011/05/11,13.44,13.67,13.30,13.47,1521277,20587588.00
2011/05/12,13.54,13.69,13.32,13.45,1294383,17573308.00
2011/05/13,13.45,13.59,13.02,13.19,1580841,21002722.00
2011/05/16,13.29,13.33,13.03,13.20,876639,11547818.00
2011/05/17,13.24,13.35,13.02,13.28,946990,12509893.00
2011/05/18,13.17,13.46,13.16,13.40,640568,8559355.00
2011/05/19,13.56,13.56,13.13,13.20,941276,12529846.00
2011/05/20,13.13,13.48,13.03,13.04,930283,12277201.00
2011/05/23,12.89,13.03,12.05,12.21,2394095,29439426.00
2011/05/24,11.95,12.14,11.67,11.99,1031807,12236917.00
2011/05/25,12.13,12.13,11.82,11.93,490053,5880059.00
2011/05/27,11.80,12.09,11.05,11.69,1667391,19049614.00
2011/05/30,11.85,11.97,11.35,11.71,797308,9296486.00
2011/05/31,11.71,12.17,11.62,12.08,431558,5123526.00
2011/06/01,12.08,12.20,11.75,11.91,717076,8519242.00
2011/06/02,11.81,11.88,11.24,11.63,660782,7618610.50
2011/06/03,11.68,11.82,11.56,11.68,438399,5124717.00
2011/06/07,11.69,12.08,11.52,12.02,492212,5855553.50
2011/06/08,12.55,12.55,12.02,12.35,747990,9164825.00
2011/06/14,13.59,13.59,12.62,12.76,4667876,61546628.00
2011/06/15,12.87,13.35,12.70,12.76,3326867,43219720.00
2011/06/16,12.00,12.28,11.80,11.97,2283923,27495262.00
2011/06/17,12.00,12.00,11.66,11.74,1300026,15253235.00
2011/06/20,11.85,11.85,11.13,11.57,1145258,13031404.00
2011/06/21,11.75,12.32,11.58,12.25,1723075,20528744.00
2011/06/22,12.93,13.48,12.12,12.18,4134581,53471528.00
2011/06/23,11.59,11.85,11.32,11.67,2900567,33723048.00
2011/06/24,11.70,11.90,11.51,11.84,2608286,30604894.00
2011/06/27,11.75,12.05,11.70,12.04,1754503,20871526.00
2011/06/28,12.01,12.01,11.80,11.90,1053902,12538985.00
2011/06/29,11.92,11.99,11.76,11.76,1185591,14106490.00
2011/06/30,11.74,11.92,11.74,11.85,1275651,15118726.00
2011/07/01,11.83,11.98,11.83,11.94,1304838,15533333.00
2011/07/04,12.06,12.24,12.00,12.17,1825288,22089000.00
2011/07/05,12.15,12.39,12.14,12.24,1609823,19754688.00
2011/07/06,12.18,12.36,12.05,12.36,1507648,18410212.00
2011/07/07,12.30,12.88,12.26,12.39,2323585,29172548.00
2011/07/08,12.58,12.70,12.40,12.55,1549105,19455020.00
2011/07/11,12.73,12.89,12.41,12.72,1757880,22289154.00
2011/07/12,12.46,12.69,12.39,12.43,819837,10277439.00
2011/07/13,12.63,12.80,12.45,12.72,1340911,16885872.00
2011/07/14,12.61,13.12,12.61,12.90,1471348,18891886.00
2011/07/15,12.78,13.03,12.64,12.90,1581803,20362576.00
2011/07/19,13.07,13.10,12.82,12.93,1815011,23610842.00
2011/07/20,12.93,13.18,12.92,12.94,1463850,19103904.00
2011/07/21,13.09,13.09,12.51,12.70,1178519,14991769.00
2011/07/22,12.79,12.90,12.60,12.90,828039,10551560.00
2011/07/25,13.00,13.00,12.45,12.56,1488992,19012220.00
2011/07/26,12.51,12.90,12.42,12.90,504406,6397103.50
2011/07/27,12.91,13.35,12.77,13.26,1576684,20657762.00
2011/07/28,13.00,13.19,12.84,13.00,966855,12597699.00
2011/07/29,13.13,13.13,12.55,12.91,826209,10614839.00
2011/08/01,12.67,13.03,12.63,12.95,716332,9261295.00
2011/08/02,12.99,12.99,12.68,12.96,391007,5020369.00
2011/08/03,12.96,13.06,12.78,13.00,638757,8299148.50
2011/08/04,13.08,13.10,12.90,12.95,621221,8064348.00
2011/08/08,12.64,12.95,11.81,12.28,1959852,24361926.00
2011/08/09,12.01,12.25,11.05,12.00,2062455,23954258.00
2011/08/10,12.24,12.38,12.08,12.33,770229,9442445.00
2011/08/11,12.09,12.39,11.96,12.36,552407,6771407.00
2011/08/12,12.50,12.90,12.32,12.73,1688690,21463196.00
2011/08/15,12.70,12.87,12.57,12.77,392201,4983125.50
2011/08/16,12.82,12.83,12.60,12.77,542683,6888734.00
2011/08/17,12.83,12.89,12.63,12.82,494349,6312747.00
2011/08/18,12.83,12.85,12.62,12.62,287309,3647579.75
2011/08/19,12.53,13.15,12.04,12.81,1678840,21311128.00
2011/08/22,12.79,12.79,12.41,12.68,539927,6801662.50
2011/08/23,12.70,12.72,12.51,12.72,338202,4278833.00
2011/08/24,12.72,12.85,12.66,12.76,710330,9073489.00
2011/08/25,12.69,12.90,12.62,12.84,1055428,13525554.00
2011/08/26,12.80,13.03,12.78,12.86,1477938,19079750.00
2011/08/29,12.74,12.92,12.71,12.85,409263,5236498.00
2011/08/30,12.85,13.20,12.75,12.99,3148077,41019668.00
2011/08/31,12.97,13.15,12.88,13.00,1613001,20972828.00
2011/09/01,13.02,13.15,12.70,12.80,1379874,17897902.00
2011/09/02,12.94,12.94,12.31,12.55,1458360,18229114.00
2011/09/05,12.27,12.54,12.22,12.54,607098,7538303.50
2011/09/06,12.37,12.53,12.27,12.47,441659,5466554.00
2011/09/07,12.54,12.55,12.37,12.53,425201,5309105.50
2011/09/08,12.54,12.57,12.33,12.33,546917,6789539.00
2011/09/09,12.47,12.50,12.30,12.32,413090,5109984.50
2011/09/13,12.25,12.42,12.13,12.41,825363,10172077.00
2011/09/14,12.45,12.45,12.21,12.43,520605,6423379.50
2011/09/15,12.37,12.51,12.20,12.33,553080,6823968.50
2011/09/16,12.28,12.39,11.92,12.18,667980,8152220.50
2011/09/19,12.17,12.18,11.80,11.90,554079,6593245.00
2011/09/20,11.88,11.94,11.72,11.80,414001,4892030.50
2011/09/21,12.00,12.06,11.75,11.99,633794,7579281.50
2011/09/22,11.90,12.08,11.86,11.95,527465,6325631.50
2011/09/23,11.80,12.03,11.68,11.99,237152,2829679.50
2011/09/26,11.99,12.04,11.68,11.95,614514,7284715.00
2011/09/27,11.90,11.90,11.33,11.60,1364889,15788600.00
2011/09/28,11.58,11.67,10.44,10.44,3864161,41237232.00
2011/09/29,9.40,10.18,9.40,9.62,4203084,40204156.00
2011/09/30,9.48,9.48,9.03,9.21,2040628,18749888.00
2011/10/10,9.21,9.29,9.10,9.17,956549,8781276.00
2011/10/11,9.31,9.38,8.93,9.21,1539689,14064936.00
2011/10/12,9.24,9.70,9.10,9.67,1917011,18023526.00
2011/10/13,9.60,9.76,9.33,9.42,2294900,21737184.00
2011/10/14,9.46,9.47,9.19,9.35,1873458,17455346.00
2011/10/17,9.34,9.44,9.27,9.36,944514,8837751.00
2011/10/18,9.38,9.38,9.02,9.03,1304902,12012927.00
2011/10/19,9.06,9.10,8.74,8.77,1397403,12384594.00
2011/10/20,8.92,8.92,8.61,8.69,789088,6897801.50
2011/10/21,8.57,8.82,8.45,8.58,668353,5749865.50
2011/10/24,8.69,8.82,8.51,8.72,721746,6256047.50
2011/10/25,8.85,9.02,8.71,8.99,1225917,10916306.00
2011/10/26,8.90,9.16,8.90,9.03,974315,8819828.00
2011/10/27,9.05,9.14,8.83,8.87,1351977,12138744.00
2011/10/28,8.99,9.19,8.95,9.16,1690012,15361052.00
2011/10/31,9.15,9.24,9.10,9.16,919730,8420562.00
2011/11/01,9.10,9.48,9.10,9.36,1975126,18342422.00
2011/11/02,9.38,9.63,9.20,9.63,2368803,22396996.00
2011/11/03,9.60,9.69,9.48,9.62,2081981,19967128.00
2011/11/04,9.65,9.82,9.57,9.59,1611109,15594591.00
2011/11/07,9.75,9.75,9.45,9.48,1055139,10102275.00
2011/11/08,9.41,9.51,9.27,9.37,1062235,9969632.00
2011/11/09,9.37,9.50,9.32,9.50,857699,8071753.50
2011/11/10,9.47,9.55,9.30,9.41,1001845,9432100.00
2011/11/11,9.40,9.99,9.40,9.59,1413430,13651989.00
2011/11/14,9.66,9.90,9.57,9.80,1677204,16335207.00
2011/11/15,9.75,10.09,9.75,9.90,1619063,16068299.00
2011/11/16,9.84,9.95,9.53,9.60,1062337,10305404.00
2011/11/17,9.60,9.66,9.47,9.52,690407,6620950.50
2011/11/18,9.52,9.57,9.07,9.18,1038622,9619031.00
2011/11/21,9.18,9.47,9.15,9.31,404488,3742326.75
2011/11/22,9.33,9.41,9.13,9.39,549159,5108612.00
2011/11/23,9.29,9.47,9.15,9.18,509973,4732100.00
2011/11/24,9.16,9.33,9.04,9.21,378307,3459803.00
2011/11/25,9.22,9.65,9.11,9.53,2470253,23172554.00
2011/11/28,9.40,9.98,9.37,9.90,2836677,27351716.00
2011/11/29,9.93,9.93,9.51,9.66,3170723,30782884.00
2011/11/30,9.70,9.74,9.03,9.10,1738673,16333102.00
2011/12/01,9.34,9.47,9.00,9.11,1448123,13487523.00
2011/12/02,9.20,9.20,8.79,8.80,1022415,9199427.00
2011/12/05,8.97,8.97,8.60,8.63,491695,4280466.00
2011/12/06,8.59,8.66,8.33,8.50,1104192,9397767.00
2011/12/07,8.48,8.58,8.23,8.47,1494391,12566080.00
2011/12/08,8.41,8.41,8.15,8.34,1021571,8463667.00
2011/12/09,8.25,8.36,8.21,8.23,434081,3592933.75
2011/12/12,8.27,8.29,8.18,8.19,354338,2912261.50
2011/12/13,8.12,9.00,7.78,8.34,1898231,15706299.00
2011/12/14,8.18,8.34,7.52,8.05,1226759,9858243.00
2011/12/15,7.88,7.95,7.61,7.70,599420,4658888.00
2011/12/16,7.62,7.78,7.50,7.75,689890,5272368.50
2011/12/19,7.77,7.77,7.39,7.54,885258,6641514.00
2011/12/20,7.49,7.64,7.44,7.50,914928,6922006.00
2011/12/21,7.63,7.65,7.16,7.20,634238,4728512.00
2011/12/22,7.20,7.28,6.70,6.80,1089606,7470869.00
2011/12/23,6.82,6.94,6.50,6.90,2144464,14452825.00
2011/12/26,6.87,6.87,6.67,6.78,1040927,7056324.50
2011/12/27,6.69,6.77,6.48,6.58,855582,5679283.50
2011/12/28,6.55,6.55,6.23,6.41,866122,5515072.00
2011/12/29,6.39,6.48,6.34,6.41,636505,4094395.75
2011/12/30,6.42,6.59,6.42,6.55,859412,5612272.50
2012/01/04,6.58,6.75,6.50,6.52,823059,5449332.00
2012/01/05,6.45,6.48,6.13,6.16,800699,5084372.50
2012/01/06,6.14,6.22,5.91,6.16,562780,3428316.25
2012/01/09,6.15,6.53,6.10,6.50,1586312,10180922.00
2012/01/10,6.50,6.86,6.36,6.80,2389573,15920890.00
2012/01/11,6.75,6.83,6.66,6.75,1373396,9264062.00
2012/01/12,6.73,6.92,6.73,6.82,1764536,12066971.00
2012/01/13,6.80,6.85,6.51,6.54,1039320,6907990.00
2012/01/16,6.49,6.61,6.34,6.34,688223,4472743.50
2012/01/17,6.34,6.66,6.09,6.65,1310528,8531129.00
2012/01/18,6.65,6.81,6.50,6.51,1458965,9746407.00
2012/01/19,6.51,6.62,6.44,6.55,653035,4265987.50
2012/01/20,6.54,6.77,6.54,6.75,1538281,10248174.00
2012/01/30,6.75,6.78,6.50,6.62,1138821,7625398.00
2012/01/31,6.64,6.79,6.52,6.76,1599299,10719717.00
2012/02/01,6.72,6.82,6.64,6.68,1288242,8667420.00
2012/02/02,6.68,6.93,6.66,6.90,1270761,8617921.00
2012/02/03,6.89,7.18,6.82,7.10,2207293,15633507.00
2012/02/06,7.08,7.20,7.03,7.17,1191195,8473061.00
2012/02/07,7.11,7.14,6.98,7.09,1508927,10644215.00
2012/02/08,7.09,7.29,7.05,7.27,1124762,8094753.50
2012/02/09,7.26,7.46,7.20,7.36,1701533,12538030.00
2012/02/10,7.36,7.54,7.33,7.50,1692988,12583864.00
2012/02/13,7.39,7.56,7.32,7.44,1090848,8117639.00
2012/02/14,7.46,7.67,7.42,7.59,1398981,10569097.00
2012/02/15,7.56,7.89,7.56,7.82,1824213,14191959.00
2012/02/16,7.79,7.87,7.66,7.85,1464969,11409024.00
2012/02/17,7.86,7.95,7.63,7.70,991606,7675816.50
2012/02/20,7.83,7.85,7.62,7.68,1187342,9186953.00
2012/02/21,7.68,7.80,7.59,7.77,759263,5847077.00
2012/02/22,7.78,8.25,7.70,8.12,2515644,20185508.00
2012/02/23,8.12,8.15,7.92,7.98,1365921,10955399.00
2012/02/24,8.07,8.47,7.97,8.41,2706757,22416686.00
2012/02/27,8.36,8.45,8.23,8.23,2355532,19636914.00
2012/02/28,8.22,8.30,7.98,8.21,1855822,15079958.00
2012/02/29,8.16,8.16,7.92,7.93,950000,7619050.50
2012/03/01,7.92,8.25,7.87,8.09,1377214,11058099.00
2012/03/02,8.09,8.47,8.09,8.32,2130359,17765648.00
2012/03/05,8.29,8.55,8.26,8.47,1554853,13086317.00
2012/03/06,8.41,8.47,8.30,8.32,1814901,15200169.00
2012/03/07,8.20,8.45,8.15,8.30,889945,7394016.00
2012/03/08,8.30,9.13,8.30,8.70,3124882,27508394.00
2012/03/12,8.75,8.95,8.39,8.84,1949844,17086132.00
2012/03/13,8.80,9.05,8.70,9.05,1510457,13396001.00
2012/03/14,9.00,9.25,8.45,8.62,2933837,26391700.00
2012/03/15,8.62,8.76,8.02,8.47,1748877,14746973.00
2012/03/16,8.40,8.72,8.40,8.72,1473990,12704849.00
2012/03/19,8.62,8.80,8.52,8.77,2046407,17746704.00
2012/03/20,8.74,8.75,8.48,8.48,1111984,9547777.00
2012/03/21,8.51,8.59,8.28,8.51,1015827,8567404.00
2012/03/22,8.41,8.70,8.40,8.56,818561,7005406.00
2012/03/23,8.56,8.60,8.29,8.52,1198224,10102432.00
2012/03/26,8.45,8.66,8.41,8.63,711105,6097289.50
2012/03/27,8.60,8.73,8.52,8.58,983377,8502572.00
2012/03/28,8.53,8.53,7.92,8.12,1183208,9673900.00
2012/03/29,8.15,8.27,7.88,7.99,1029260,8324934.00
2012/03/30,7.97,8.00,7.65,7.83,1056657,8273845.50
2012/04/05,7.88,8.60,7.80,8.60,1096688,8828289.00
2012/04/06,8.32,8.89,8.26,8.80,3908834,34048888.00
2012/04/09,8.66,8.96,8.51,8.72,2038410,17933896.00
2012/04/10,8.71,8.80,8.29,8.78,1401752,12012045.00
2012/04/11,8.75,8.98,8.57,8.92,2320673,20502150.00
2012/04/12,8.97,9.19,8.71,8.97,2644117,23659462.00
2012/04/13,8.97,9.33,8.70,9.27,3946106,35997312.00
2012/04/16,9.19,9.24,9.00,9.02,2535976,23052546.00
2012/04/17,9.03,9.10,8.69,8.69,1766995,15575593.00
2012/04/18,8.70,8.95,8.70,8.87,1345455,11916900.00
2012/04/19,8.85,9.04,8.73,9.02,1354923,12093207.00
2012/04/20,8.97,9.06,8.92,9.00,1124911,10112050.00
2012/04/23,8.95,9.48,8.81,9.27,3385515,31181442.00
2012/04/24,9.14,9.42,8.66,9.41,2487192,22639542.00
2012/04/25,9.33,9.75,9.22,9.50,4360369,41625948.00
2012/04/26,9.44,9.86,9.40,9.71,3955033,38270784.00
2012/04/27,9.76,9.76,9.35,9.47,1812327,17237252.00
2012/05/02,9.48,9.57,9.16,9.35,1691871,15749895.00
2012/05/03,9.36,9.44,9.02,9.32,1398141,12893164.00
2012/05/04,9.16,9.39,9.16,9.38,1074601,9971874.00
2012/05/07,9.32,9.50,9.25,9.29,1016071,9502092.00
2012/05/08,9.30,9.32,9.20,9.24,681283,6308517.00
2012/05/09,9.20,9.31,8.97,9.31,1001162,9200883.00
2012/05/10,9.31,9.58,9.26,9.49,1081836,10178719.00
2012/05/11,9.48,9.58,9.28,9.29,752456,7082468.00
2012/05/14,9.39,9.47,9.19,9.26,934178,8689078.00
2012/05/15,9.28,9.28,8.99,9.04,1039719,9423059.00
2012/05/16,9.18,9.25,9.05,9.06,867837,7963199.00
2012/05/17,9.16,9.25,8.91,9.17,854931,7808133.50
2012/05/18,9.16,9.43,9.11,9.17,844816,7800114.00
2012/05/21,9.15,9.26,8.83,9.04,543090,4889869.50
2012/05/22,9.01,9.15,9.00,9.09,437051,3965828.75
2012/05/23,9.06,9.25,9.06,9.15,739577,6785834.00
2012/05/24,9.08,9.18,8.24,8.94,1631488,14028917.00
2012/05/28,8.70,8.87,8.05,8.45,2038590,16815104.00
2012/05/29,8.33,8.83,8.33,8.55,1702475,14671077.00
2012/05/30,8.48,8.72,8.41,8.60,849501,7319638.50
2012/05/31,8.56,8.72,8.52,8.69,564499,4874104.50
2012/06/01,8.65,8.73,8.56,8.69,342193,2954362.75
2012/06/04,8.59,8.59,8.15,8.21,858200,7184370.00
2012/06/05,8.21,8.33,8.18,8.25,578662,4765866.00
2012/06/06,8.25,8.30,8.01,8.15,255200,2093280.00
2012/06/07,8.16,8.29,8.00,8.13,476459,3864382.00
2012/06/08,8.17,8.24,8.11,8.16,371110,3041009.00
2012/06/11,8.16,8.28,8.06,8.24,471292,3846439.25
2012/06/12,8.26,8.36,8.13,8.36,480186,3965019.50
2012/06/13,8.33,8.50,8.30,8.45,382386,3219806.50
2012/06/14,8.36,8.48,8.31,8.35,297050,2484830.50
2012/06/15,8.31,8.41,8.17,8.27,304364,2520562.25
2012/06/18,8.38,8.43,8.21,8.37,230478,1915894.38
2012/06/19,8.32,8.42,8.30,8.37,286150,2393622.25
2012/06/20,8.35,8.61,8.24,8.43,646684,5497657.50
2012/06/21,8.43,8.43,8.16,8.26,530369,4391424.00
2012/06/25,8.24,8.28,7.99,8.10,443400,3595996.25
2012/06/26,8.01,8.37,8.01,8.12,266000,2175238.00
2012/06/27,8.11,8.18,8.05,8.10,267193,2172019.00
2012/06/28,8.10,8.21,8.01,8.01,324249,2630444.50
2012/06/29,7.92,8.01,7.69,7.99,527758,4142847.00
2012/07/02,7.92,8.14,7.92,8.09,307360,2481440.25
2012/07/03,8.10,8.31,8.04,8.12,415291,3409872.25
2012/07/04,8.14,8.32,8.10,8.20,405662,3323100.25
2012/07/05,8.12,8.25,8.10,8.23,510935,4179849.00
2012/07/06,8.30,8.65,8.30,8.59,1662522,14132242.00
2012/07/09,8.99,8.99,8.58,8.58,1538082,13497470.00
2012/07/10,8.35,8.55,8.18,8.19,648296,5390031.50
2012/07/11,8.08,8.24,8.03,8.16,502716,4098462.25
2012/07/12,8.15,8.26,7.88,8.19,442979,3581171.50
2012/07/13,8.13,8.27,8.10,8.18,226842,1860185.75
2012/07/16,8.15,8.15,7.66,8.00,604085,4777401.00
2012/07/17,8.01,8.01,7.83,7.97,150500,1194802.00
2012/07/18,7.88,8.07,7.83,8.02,306485,2433704.25
2012/07/19,8.02,8.44,7.96,8.40,566553,4698168.00
2012/07/20,8.40,8.57,8.26,8.34,350989,2946868.25
2012/07/23,8.38,8.38,8.12,8.16,201300,1655856.50
2012/07/24,8.07,8.25,8.07,8.22,140229,1149223.00
2012/07/25,8.22,8.22,8.11,8.15,175291,1428903.63
2012/07/26,8.16,8.16,7.95,8.03,266900,2150460.00
2012/07/27,7.94,8.49,7.80,8.16,425900,3461322.75
2012/07/30,8.08,8.50,7.76,8.03,614909,5025048.00
2012/07/31,8.20,8.20,7.86,7.88,360798,2875791.50
2012/08/01,7.85,8.20,7.85,8.02,222664,1793058.13
2012/08/02,7.91,8.05,7.91,7.92,93998,747885.19
2012/08/03,8.01,8.01,7.87,7.99,185469,1472555.13
2012/08/06,7.97,8.18,7.86,8.15,237320,1911302.75
2012/08/07,8.10,8.23,8.10,8.19,219619,1792148.50
2012/08/08,8.14,8.26,8.13,8.20,326966,2682460.00
2012/08/09,8.20,8.32,8.17,8.27,312245,2571745.25
2012/08/10,8.29,9.10,8.29,8.91,3559898,31466540.00
2012/08/13,8.70,8.78,8.44,8.56,2080550,17850304.00
2012/08/14,8.46,8.46,8.25,8.42,794227,6637072.00
2012/08/15,8.20,8.42,8.20,8.23,541518,4489280.50
2012/08/16,8.18,8.23,8.00,8.01,814200,6605795.00
2012/08/17,8.01,8.08,7.90,8.06,290062,2328015.50
2012/08/20,8.10,8.17,7.99,8.08,323424,2609922.25
2012/08/21,8.10,8.23,8.04,8.19,401431,3271829.25
2012/08/22,8.16,8.25,8.07,8.11,396890,3232700.00
2012/08/23,8.06,8.19,8.05,8.12,361855,2939111.75
2012/08/24,8.15,8.15,7.90,7.92,424386,3391647.25
2012/08/27,7.90,7.94,7.81,7.88,307260,2414506.00
2012/08/28,7.82,7.98,7.82,7.96,194004,1536382.63
2012/08/29,7.92,7.95,7.81,7.82,295450,2328330.00
2012/08/30,7.74,8.06,7.56,8.06,558389,4319481.00
2012/08/31,7.89,8.06,7.82,8.03,236598,1885248.50
2012/09/03,7.98,8.12,7.94,8.03,254829,2051818.38
2012/09/04,8.01,8.07,7.96,7.98,170000,1364819.88
2012/09/05,8.00,8.09,7.82,8.06,179450,1433313.25
2012/09/06,8.12,8.37,8.10,8.26,787251,6506578.00
2012/09/07,8.21,8.45,8.20,8.38,962749,8047570.00
2012/09/10,8.33,8.44,8.20,8.34,538553,4483797.50
2012/09/11,8.32,8.49,8.30,8.38,380001,3186892.25
2012/09/12,8.36,8.45,8.23,8.31,483172,4017510.00
2012/09/13,8.33,8.54,8.25,8.54,1121866,9468776.00
2012/09/14,8.53,8.59,8.42,8.45,731236,6225597.00
2012/09/17,8.47,8.48,8.20,8.45,564616,4720315.50
2012/09/18,8.41,8.41,8.22,8.27,270300,2244852.00
2012/09/19,8.31,8.36,8.22,8.36,207350,1721416.00
2012/09/20,8.36,8.41,8.07,8.07,444749,3649512.25
2012/09/21,8.00,8.32,8.00,8.21,228300,1869760.00
2012/09/24,8.21,8.24,8.05,8.17,235240,1903272.88
2012/09/25,8.12,8.20,8.01,8.01,163800,1327035.00
2012/09/26,8.01,8.09,7.83,7.85,205300,1631818.00
2012/09/27,7.85,8.07,7.85,8.00,157538,1259453.00
2012/09/28,7.85,8.17,7.85,8.15,114509,926895.63
2012/10/08,8.27,8.27,8.08,8.10,161510,1311224.38
2012/10/09,8.21,8.27,8.07,8.20,490075,4004700.75
2012/10/10,8.28,8.33,8.15,8.30,464224,3824990.25
2012/10/11,8.24,8.39,8.23,8.24,442702,3659469.50
2012/10/12,8.28,8.28,8.01,8.16,194351,1586437.13
2012/10/15,8.20,8.49,8.12,8.45,1589707,13349876.00
2012/10/16,8.45,8.99,8.35,8.69,3708835,32571520.00
2012/10/17,8.55,8.82,8.45,8.68,1110623,9633573.00
2012/10/18,9.55,9.55,9.55,9.55,858041,8194291.50
2012/10/19,10.51,10.51,10.00,10.50,9940913,103385392.00
2012/10/22,10.05,10.30,9.98,10.30,5642358,57163096.00
2012/10/23,10.20,10.24,9.86,10.06,3275903,32925052.00
2012/10/24,9.85,10.05,9.61,9.66,2858625,28086822.00
2012/10/25,9.64,9.85,9.39,9.54,2063423,19863610.00
2012/10/26,9.48,9.65,9.04,9.19,1718412,15872516.00
2012/10/29,9.18,9.30,9.05,9.28,1131956,10424278.00
2012/10/30,9.30,9.37,9.10,9.13,976038,8984330.00
2012/10/31,9.13,9.26,9.04,9.21,847406,7781450.50
2012/11/01,9.17,9.57,9.17,9.38,2095030,19711956.00
2012/11/02,9.39,9.55,9.30,9.55,1564248,14799317.00
2012/11/05,9.46,9.82,9.36,9.36,1404849,13459784.00
2012/11/06,9.26,9.27,8.86,8.99,1735721,15654047.00
2012/11/07,8.95,9.50,8.88,9.28,2242759,20728218.00
2012/11/08,9.26,9.31,8.99,9.17,1075342,9785849.00
2012/11/09,9.03,9.24,9.01,9.16,571290,5197838.00
2012/11/12,9.21,9.60,9.06,9.34,1770032,16658824.00
2012/11/13,9.24,9.26,9.01,9.10,820803,7448349.00
2012/11/14,9.09,9.40,8.94,9.05,610603,5547820.50
2012/11/15,8.98,9.30,8.96,8.97,649296,5910198.00
2012/11/16,8.97,9.05,8.91,8.98,331093,2963130.50
2012/11/19,8.90,9.04,8.84,8.95,300050,2671939.00
2012/11/20,9.03,9.30,8.90,9.00,635197,5788619.00
2012/11/21,8.93,9.14,8.90,9.10,499165,4526730.50
2012/11/22,9.09,9.29,9.01,9.13,746268,6817545.00
2012/11/23,9.13,9.23,9.05,9.16,613413,5633311.50
2012/11/26,9.12,9.53,9.10,9.43,2871400,26828026.00
2012/11/27,9.36,9.53,8.93,8.94,1419529,13064835.00
2012/11/28,8.84,8.84,8.12,8.30,1146546,9587845.00
2012/11/29,8.30,8.40,8.16,8.16,474154,3923005.50
2012/11/30,8.17,8.45,8.15,8.32,388348,3243749.50
2012/12/03,8.37,8.38,7.88,7.88,567608,4616592.00
2012/12/04,7.92,7.92,7.51,7.76,593133,4535693.00
2012/12/05,7.70,8.14,7.63,8.13,620529,4961993.00
2012/12/06,8.02,8.16,8.02,8.12,465870,3774948.25
2012/12/07,8.02,8.90,8.02,8.70,939281,7834452.50
2012/12/10,8.67,9.18,8.40,9.03,1723046,15202484.00
2012/12/11,8.84,9.05,8.72,8.77,832450,7415683.50
2012/12/12,8.87,8.93,8.73,8.82,338470,2974433.75
2012/12/13,8.80,9.20,8.66,8.67,1304554,11562425.00
2012/12/14,8.54,9.16,8.54,8.90,1787201,16004321.00
2012/12/17,9.00,9.12,8.90,9.03,1179639,10617953.00
2012/12/18,8.96,9.05,8.88,8.93,380946,3410429.25
2012/12/19,9.00,9.13,8.91,9.11,725922,6580083.50
2012/12/20,9.13,9.18,8.90,9.00,387373,3488742.75
2012/12/21,9.01,9.06,8.82,8.82,444192,3974111.50
2012/12/24,8.71,8.85,8.71,8.76,318547,2795965.00
2012/12/25,8.79,9.06,8.71,8.95,600176,5389143.00
2012/12/26,9.02,9.29,8.91,9.23,1123131,10278429.00
2012/12/27,9.25,9.67,9.11,9.44,1800359,16962100.00
2012/12/28,9.32,9.45,9.20,9.43,555304,5189004.00
2012/12/31,9.45,9.65,9.36,9.48,779876,7424578.00
2013/01/04,9.46,9.60,9.41,9.55,745543,7075470.50
2013/01/07,9.56,9.57,9.41,9.48,805190,7635694.00
2013/01/08,9.43,9.49,9.30,9.37,726379,6813551.50
2013/01/09,9.33,9.53,9.32,9.46,585983,5525648.50
2013/01/10,9.43,9.80,9.42,9.69,1272684,12310089.00
2013/01/11,9.62,9.77,9.23,9.40,876134,8297800.50
2013/01/14,9.40,9.63,9.32,9.61,704472,6716695.50
2013/01/15,9.58,9.75,9.54,9.66,806515,7796275.50
2013/01/16,9.59,9.70,9.49,9.56,649501,6229313.00
2013/01/17,9.56,9.62,9.37,9.37,569651,5413152.00
2013/01/18,9.36,9.54,9.28,9.50,615825,5784666.50
2013/01/21,9.50,9.77,9.40,9.76,1307151,12543141.00
2013/01/22,9.80,9.99,9.57,9.99,740432,7163477.50
2013/01/23,10.57,10.57,9.95,9.99,2528396,25876842.00
2013/01/24,9.99,10.11,9.48,9.56,1638139,16053504.00
2013/01/25,9.42,9.62,9.41,9.51,630987,5998193.00
2013/01/28,9.51,9.70,9.51,9.64,706929,6793928.50
2013/01/29,9.61,9.70,9.56,9.66,596340,5743614.00
2013/01/30,9.70,9.98,9.66,9.81,1019352,10050023.00
2013/01/31,9.81,9.91,9.56,9.69,501794,4840092.50
2013/02/01,9.71,9.85,9.69,9.72,421520,4109819.00
2013/02/04,9.72,9.80,9.48,9.59,515908,4947858.50
2013/02/05,9.52,9.70,9.50,9.63,504012,4845199.50
2013/02/06,9.69,9.93,9.54,9.93,442324,4296778.00
2013/02/07,9.75,10.38,9.75,9.85,936743,9312740.00
2013/02/08,9.85,9.96,9.74,9.89,1202034,11843812.00
2013/02/18,9.92,10.14,9.81,10.04,997787,9936504.00
2013/02/19,10.05,10.13,9.73,9.76,919128,9040794.00
2013/02/20,9.73,9.81,9.60,9.80,613721,5947256.50
2013/02/21,9.73,9.73,9.40,9.48,681893,6517931.50
2013/02/22,9.45,9.63,9.42,9.50,432180,4122927.25
2013/02/25,9.49,9.59,9.40,9.44,747006,7082807.50
2013/02/26,9.42,9.57,9.36,9.37,618200,5849847.00
2013/02/27,9.46,9.52,9.40,9.45,304660,2879626.00
2013/02/28,9.39,9.61,9.39,9.59,419282,4002202.50
2013/03/01,9.51,9.72,9.48,9.70,591186,5663853.50
2013/03/04,9.52,9.58,8.93,9.03,1595466,14623704.00
2013/03/05,9.03,9.20,9.02,9.15,1000627,9100659.00
2013/03/06,9.19,9.24,9.08,9.24,1454477,13308876.00
2013/03/07,9.27,9.27,9.05,9.20,894692,8210310.00
2013/03/08,9.16,9.60,9.12,9.51,1530172,14316146.00
2013/03/11,9.43,9.85,9.40,9.63,1290616,12554554.00
2013/03/12,9.63,9.81,9.11,9.28,1555561,14844512.00
2013/03/13,9.28,9.36,9.15,9.33,631770,5851863.50
2013/03/14,9.33,9.38,9.22,9.25,335316,3113719.50
2013/03/15,9.25,9.38,9.20,9.27,902800,8388496.00
2013/03/18,9.26,9.57,9.19,9.46,1144490,10817853.00
2013/03/19,9.47,9.50,9.25,9.49,385591,3636960.00
2013/03/20,9.49,9.72,9.46,9.60,904961,8671985.00
2013/03/21,9.60,9.77,9.60,9.67,859530,8317744.00
2013/03/22,9.66,9.66,9.40,9.60,781563,7440771.00
2013/08/28,10.56,10.56,10.56,10.56,49881,526743.38
2013/08/29,11.62,11.62,11.62,11.62,96660,1123189.25
2013/08/30,12.78,12.78,12.78,12.78,119862,1531836.38
2013/09/02,14.06,14.06,14.06,14.06,288950,4062637.00
2013/09/03,15.47,15.47,15.47,15.47,247992,3836436.25
2013/09/04,17.02,17.02,17.02,17.02,415874,7078175.50
2013/09/05,18.72,18.72,18.72,18.72,524691,9822216.00
2013/09/06,20.59,20.59,20.59,20.59,980506,20188618.00
2013/09/09,22.65,22.65,22.65,22.65,785704,17796196.00
2013/09/10,24.92,24.92,24.85,24.92,11187484,278787584.00
2013/09/11,26.01,27.41,25.70,26.26,22518092,594259008.00
2013/09/12,25.53,26.23,24.92,25.38,9543952,244246112.00
2013/09/13,25.35,25.66,23.30,23.58,10940562,262493520.00
2013/09/16,23.40,23.99,23.25,23.73,6662084,157436720.00
2013/09/17,23.71,24.42,23.40,23.73,5665316,135343152.00
2013/09/18,23.55,23.96,22.20,22.93,6107297,140408736.00
2013/09/23,22.86,23.43,22.60,23.35,5283785,121891368.00
2013/09/24,23.15,23.80,22.65,23.52,6305667,146659488.00
2013/09/25,23.16,24.95,23.11,24.14,9666955,234087392.00
2013/09/26,23.80,24.16,22.80,22.93,6310284,147698736.00
2013/09/27,22.62,22.77,21.36,21.39,5558246,122575280.00
2013/09/30,21.51,22.50,21.42,22.40,3281628,72245048.00
2013/10/08,22.39,23.96,22.12,23.53,5856466,136330816.00
2013/10/09,23.29,24.50,22.90,24.15,5783811,136814800.00
2013/10/10,23.80,24.00,23.11,23.80,3847097,90923512.00
2013/10/11,24.13,24.93,23.68,23.93,5917030,144425968.00
2013/10/14,23.60,23.60,21.54,21.54,8010595,175960832.00
2013/10/15,21.00,22.15,20.99,22.15,4191228,91159040.00
2013/10/16,22.00,22.00,20.35,20.90,3314405,69646584.00
2013/10/17,20.79,22.99,20.79,21.90,6224040,137268720.00
2013/10/18,21.57,22.35,21.56,22.35,3407619,74585168.00
2013/10/21,22.09,22.85,21.91,22.70,3518036,79365776.00
2013/10/22,22.57,22.59,21.61,21.61,2539043,56030312.00
2013/10/23,21.69,23.37,21.65,22.59,5373066,121117488.00
2013/10/24,22.40,22.78,20.90,21.94,3903673,85815104.00
2013/10/25,21.76,22.00,20.70,20.78,2376171,50164300.00
2013/10/28,21.00,21.35,20.67,21.11,1270072,26646740.00
2013/10/29,21.11,21.28,19.12,19.85,2338515,47152372.00
2013/10/30,19.75,20.41,19.62,20.19,1584986,31841164.00
2013/10/31,20.19,20.19,19.60,19.80,907288,17980664.00
2013/11/01,19.70,20.79,19.70,20.11,1404150,28511742.00
2013/11/04,20.44,20.68,19.90,19.99,1084364,21876248.00
2013/11/05,19.80,21.00,19.58,20.88,1977131,40177744.00
2013/11/06,20.46,21.65,20.46,21.10,2596899,54930620.00
2013/11/07,21.10,21.10,20.47,20.80,1302634,26951368.00
2013/11/08,20.78,21.16,19.98,21.00,1154354,23719642.00
2013/11/11,20.50,21.14,20.50,20.95,783001,16273534.00
2013/11/12,20.95,20.98,20.45,20.85,645649,13381455.00
2013/11/13,20.80,20.80,20.01,20.33,794337,16215524.00
2013/11/14,20.11,20.75,20.11,20.41,768162,15707450.00
2013/11/15,20.36,21.42,20.35,20.82,1296781,27081200.00
2013/11/18,20.98,21.30,20.78,21.15,1629753,34313440.00
2013/11/19,21.09,21.32,20.80,21.22,1365835,28781868.00
2013/11/20,21.10,22.36,21.10,21.64,2446827,53437416.00
2013/11/21,21.48,21.85,21.03,21.63,1981765,42657188.00
2013/11/22,21.62,22.49,21.53,22.07,2558707,56605496.00
2013/11/25,23.78,23.88,22.15,22.17,5991120,137985856.00
2013/11/26,21.80,21.98,21.32,21.66,2576044,55704068.00
2013/11/27,21.42,21.66,21.25,21.48,1783401,38254204.00
2013/11/28,21.48,22.59,21.33,22.25,3979276,88610544.00
2013/11/29,22.00,22.00,21.05,21.35,2999582,64559616.00
2013/12/02,20.20,20.20,19.22,19.22,3582356,69524496.00
2013/12/03,18.87,19.29,18.43,19.26,1292824,24628738.00
2013/12/04,19.22,19.74,19.01,19.40,1224100,23736412.00
2013/12/05,19.25,19.50,19.03,19.14,995497,19188814.00
2013/12/06,19.05,19.48,19.05,19.25,810373,15635470.00
2013/12/09,19.44,19.55,19.31,19.46,463401,9013097.00
2013/12/10,19.46,19.52,19.00,19.14,743524,14271509.00
2013/12/11,19.00,19.45,18.82,18.91,883012,16888628.00
2013/12/12,18.90,19.14,18.71,19.05,771957,14605598.00
2013/12/13,18.87,19.05,18.68,18.73,707044,13289079.00
2013/12/16,18.71,18.80,17.99,18.00,1225006,22343528.00
2013/12/17,17.92,18.30,17.26,18.20,1784265,31650816.00
2013/12/18,18.01,18.28,17.94,17.96,495520,8978360.00
2013/12/19,17.96,18.18,17.52,17.66,561020,10003566.00
2013/12/20,17.66,18.00,17.50,17.50,722774,12864390.00
2013/12/23,17.50,17.65,16.82,17.08,800623,13694539.00
2013/12/24,17.10,17.89,17.10,17.60,1586416,27988620.00
2013/12/25,17.60,17.85,17.20,17.75,791767,13980502.00
2013/12/26,17.74,17.83,17.09,17.37,773940,13480127.00
2013/12/27,17.40,18.19,17.27,18.13,1099503,19685548.00
2013/12/30,18.13,18.21,17.80,18.14,686130,12337393.00
2013/12/31,18.12,19.39,18.09,19.20,2082912,39151648.00
2014/01/02,18.98,18.98,18.66,18.81,1116741,20964630.00
2014/01/03,18.81,19.44,18.72,18.76,1586272,30256930.00
2014/01/06,18.50,18.70,17.67,17.70,1434075,25842346.00
2014/01/07,17.73,17.97,17.43,17.66,677457,11987454.00
2014/01/08,17.85,18.30,17.68,17.90,547109,9790392.00
2014/01/09,17.77,18.25,17.69,17.97,779076,13976547.00
2014/01/10,18.00,18.18,17.65,17.75,881679,15727777.00
2014/01/13,17.77,18.17,17.48,17.51,806780,14333937.00
2014/01/14,17.40,17.67,17.10,17.60,564742,9853180.00
2014/01/15,17.63,18.48,17.48,18.05,1110954,20170458.00
2014/01/16,18.06,18.54,17.98,18.42,1016572,18605936.00
2014/01/17,18.22,18.55,17.96,18.00,684983,12423959.00
2014/01/20,17.97,17.97,17.30,17.40,777112,13606066.00
2014/01/21,17.40,17.75,17.34,17.73,546652,9625694.00
2014/01/22,17.77,18.57,17.63,18.41,1281214,23336860.00
2014/01/23,18.33,19.90,18.25,19.68,2380062,46049552.00
2014/01/24,19.58,21.65,19.38,20.59,3333422,70160376.00
2014/01/27,20.62,20.98,20.18,20.60,1659463,34248088.00
2014/01/28,20.50,20.70,19.74,20.10,1404388,28272514.00
2014/01/29,20.26,20.81,19.95,20.62,1000058,20572680.00
2014/01/30,20.67,20.67,20.03,20.37,755722,15367976.00
2014/02/07,20.49,20.49,19.88,20.38,682138,13744161.00
2014/02/10,21.40,22.42,20.48,21.16,3016055,64884728.00
2014/02/11,20.90,21.15,20.37,20.58,1871719,38674348.00
2014/02/12,20.60,20.96,20.12,20.84,1342585,27701024.00
2014/02/13,20.70,20.75,19.80,20.00,1441565,29298616.00
2014/02/14,20.10,22.00,19.81,21.75,3372421,72277152.00
2014/02/17,21.09,22.30,21.01,21.54,2465342,53640464.00
2014/02/18,21.07,21.28,20.45,20.47,2342470,48603828.00
2014/02/19,20.06,20.81,19.93,20.42,2302127,46786160.00
2014/02/20,20.32,20.63,20.02,20.44,1299546,26421306.00
2014/02/21,20.49,21.30,20.20,21.07,2390917,50116832.00
2014/02/24,21.05,21.05,20.25,20.34,1472837,30175128.00
2014/02/25,20.31,20.48,19.51,19.67,1344391,26969972.00
2014/02/26,19.67,19.76,18.91,19.70,899982,17533486.00
2014/02/27,19.60,19.96,19.40,19.60,639841,12625731.00
2014/02/28,19.58,19.74,19.10,19.48,610945,11866185.00
2014/03/03,19.20,19.76,19.20,19.70,719612,14091058.00
2014/03/04,19.60,20.18,19.55,20.13,827544,16461811.00
2014/03/05,20.13,21.14,20.05,20.82,1719843,35793672.00
2014/03/06,21.00,21.10,20.45,20.88,950569,19719244.00
2014/03/07,20.92,21.29,20.75,20.89,891895,18711724.00
2014/03/10,18.80,18.80,18.80,18.80,127100,2389480.00
2014/03/11,16.92,16.92,16.92,16.92,1005500,17013060.00
2014/03/12,16.50,18.05,16.39,17.09,4343269,73387216.00
2014/03/13,16.59,17.14,16.56,16.82,1610474,27107644.00
2014/03/14,16.98,17.98,16.88,17.09,2979659,51666088.00
2014/03/17,16.95,17.48,16.56,17.30,2137231,36567364.00
2014/03/18,17.19,17.36,16.93,17.20,1642140,28135748.00
2014/03/19,17.10,17.13,16.88,16.96,864933,14689987.00
2014/03/20,16.89,17.46,16.53,17.02,1985701,33851492.00
2014/03/21,16.91,17.19,16.70,17.13,1235527,20990026.00
2014/03/24,17.10,17.17,16.72,16.75,1600265,27050624.00
2014/03/25,16.63,16.90,16.40,16.64,1287838,21431578.00
2014/03/26,16.64,16.89,16.57,16.85,931767,15581145.00
2014/03/27,16.82,16.85,16.42,16.54,1228141,20472758.00
2014/03/28,16.46,16.46,14.92,15.50,2200984,34034512.00
2014/03/31,15.24,15.95,14.80,15.73,1462626,22406182.00
2014/04/01,15.64,15.99,15.55,15.84,905384,14275042.00
2014/04/02,15.78,16.06,15.61,15.80,751321,11888893.00
2014/04/03,15.78,16.76,15.78,16.48,1992286,32488916.00
2014/04/04,16.48,17.00,16.14,16.77,1390868,23117216.00
2014/04/08,16.45,17.00,16.40,16.82,1019186,17094550.00
2014/04/09,16.82,17.56,16.73,17.28,1492017,25652058.00
2014/04/10,17.15,17.39,17.05,17.17,960000,16492435.00
2014/04/11,17.03,17.50,16.91,17.22,1119516,19261836.00
2014/04/14,17.20,17.37,16.86,16.91,1356649,23160246.00
2014/04/15,16.93,17.10,16.60,16.94,815630,13750901.00
2014/04/16,16.85,17.02,16.65,16.89,492525,8329743.00
2014/04/17,16.82,17.38,16.82,17.38,1416367,24397134.00
2014/04/18,17.38,17.38,17.00,17.22,761768,13101422.00
2014/04/21,17.06,17.21,16.50,16.55,1198167,20219376.00
2014/04/22,16.55,17.12,16.50,16.96,908293,15292278.00
2014/04/23,16.99,16.99,16.61,16.76,508904,8527084.00
2014/04/24,16.74,16.84,16.31,16.73,619331,10296405.00
2014/04/25,16.52,16.69,15.85,15.98,769472,12510010.00
2014/04/28,16.22,16.22,15.13,15.41,728043,11337312.00
2014/04/29,15.50,15.70,15.22,15.65,534469,8271191.00
2014/04/30,15.59,16.65,15.44,16.50,1057609,17252796.00
2014/05/05,16.40,17.23,16.31,16.74,827997,13959886.00
2014/05/06,16.69,17.07,16.61,16.69,667338,11207816.00
2014/05/07,16.83,16.87,16.53,16.73,613367,10254268.00
2014/05/08,16.67,17.09,16.66,16.88,638784,10764888.00
2014/05/09,16.92,16.98,16.62,16.89,466456,7842860.00
2014/05/12,16.99,17.29,16.81,17.21,1098844,18816632.00
2014/05/13,17.20,17.23,16.69,16.77,876440,14775813.00
2014/05/14,16.71,16.90,16.59,16.84,620666,10404593.00
2014/05/15,16.73,16.88,16.62,16.69,405784,6784578.50
2014/05/16,16.65,16.65,16.40,16.49,506493,8346947.50
2014/05/19,16.28,16.40,16.01,16.19,529717,8573757.00
2014/05/20,16.20,16.43,16.15,16.35,290293,4731927.00
2014/05/21,16.38,16.42,16.19,16.39,391704,6390049.50
2014/05/22,16.26,16.48,16.21,16.44,526947,8637553.00
2014/05/23,16.49,16.94,16.37,16.54,861302,14262614.00
2014/05/26,16.46,16.46,16.07,16.29,708770,11524635.00
2014/05/27,16.29,16.34,16.06,16.09,507847,8197185.50
2014/05/28,16.09,16.35,16.09,16.27,766170,12442774.00
2014/05/29,16.16,16.23,15.60,15.72,1152848,18305220.00
2014/05/30,15.67,16.05,15.55,16.00,518871,8231334.00
2014/06/03,15.88,16.05,15.80,15.95,444589,7076359.00
2014/06/04,16.09,16.09,15.68,15.82,366930,5807150.00
2014/06/05,15.79,16.12,15.72,16.12,588597,9394648.00
2014/06/06,16.10,16.11,15.88,16.03,359438,5734070.00
2014/06/09,15.99,16.15,15.72,15.85,343373,5472900.50
2014/06/10,15.85,16.01,15.75,15.92,358442,5685914.00
2014/06/11,15.85,15.94,15.68,15.85,480657,7590651.00
2014/06/12,15.84,16.02,15.68,16.02,410236,6500730.00
2014/06/13,15.87,16.41,15.87,16.40,1108144,18013094.00
2014/06/16,16.40,16.42,16.12,16.20,581976,9438886.00
2014/06/17,16.25,16.32,16.10,16.20,458763,7435833.50
2014/06/18,16.26,16.26,15.80,15.83,569362,9151987.00
2014/06/19,15.83,15.89,15.36,15.40,488545,7635002.50
2014/06/20,15.42,15.75,15.33,15.70,254113,3960373.50
2014/06/23,15.66,15.76,15.53,15.71,442280,6912970.50
2014/06/24,15.69,16.37,15.64,16.32,1032966,16680842.00
2014/06/25,16.33,16.34,15.88,15.98,591395,9505330.00
2014/06/26,16.08,17.58,15.98,17.58,2575347,44527888.00
2014/06/27,17.75,18.76,17.50,18.16,3914234,71114888.00
2014/06/30,18.11,18.11,17.60,17.91,1944360,34582392.00
2014/07/01,17.84,17.99,17.60,17.88,1083379,19257478.00
2014/07/02,17.85,18.08,17.60,17.87,1289212,23032990.00
2014/07/03,17.64,18.00,17.64,18.00,1166818,20829182.00
2014/07/04,18.00,18.07,17.79,17.90,722319,12922758.00
2014/07/07,17.76,17.94,17.16,17.31,1170874,20468662.00
2014/07/08,17.25,17.44,17.14,17.40,548459,9476294.00
2014/07/09,17.28,17.99,17.15,17.51,1626383,28496074.00
2014/07/10,17.42,17.66,17.21,17.55,1115368,19496872.00
2014/07/11,17.60,17.63,17.35,17.53,654377,11453143.00
2014/07/14,17.58,17.69,17.25,17.60,1085627,18981582.00
2014/07/15,17.55,18.51,17.41,18.15,2349746,42299824.00
2014/07/16,18.04,18.19,17.92,17.95,991439,17888984.00
2014/07/17,17.80,17.92,17.46,17.56,849787,15005137.00
2014/07/18,17.48,17.73,17.45,17.65,469189,8278565.50
2014/07/21,17.65,17.65,17.17,17.25,611492,10597868.00
2014/07/22,17.25,17.68,17.11,17.49,613339,10708501.00
2014/07/23,17.49,17.51,16.85,16.85,894768,15361627.00
2014/07/24,16.85,17.00,16.69,16.91,949360,15980771.00
2014/07/25,16.91,18.55,16.79,17.60,2244420,39755256.00
2014/07/28,17.48,17.99,17.40,17.62,1719862,30414668.00
2014/07/29,17.56,17.77,17.51,17.73,1256848,22183456.00
2014/07/30,17.72,17.95,17.48,17.49,1381251,24436064.00
2014/07/31,17.49,17.78,17.40,17.60,1602758,28127540.00
2014/08/01,17.61,18.06,17.50,17.65,2442271,43535116.00
2014/08/04,17.62,18.50,17.59,18.19,3000875,54329324.00
2014/08/05,18.08,18.34,17.81,17.92,1873599,33897512.00
2014/08/06,17.93,19.28,17.89,19.14,3725217,69070624.00
2014/08/07,18.95,18.99,18.54,18.59,2363358,44208728.00
2014/08/08,18.70,18.75,18.36,18.72,1063332,19766626.00
2014/08/11,18.68,18.72,18.41,18.58,1499556,27907248.00
2014/08/12,18.58,18.63,18.31,18.60,1201418,22225518.00
2014/08/13,18.55,18.66,18.36,18.62,875627,16204078.00
2014/08/14,18.56,18.91,18.53,18.61,1737243,32555028.00
2014/08/15,18.64,18.83,18.31,18.65,1674435,31190416.00
2014/08/18,18.64,18.92,18.60,18.77,1243767,23364054.00
2014/08/19,18.80,19.45,18.61,19.29,3149102,60248324.00
2014/08/20,19.11,19.34,18.98,19.00,1388569,26566982.00
2014/08/21,19.13,19.21,18.71,18.78,1412373,26740034.00
2014/08/22,18.78,18.87,18.69,18.79,1111935,20873004.00
2014/08/25,18.79,18.82,18.09,18.21,1127125,20662434.00
2014/08/26,17.50,17.98,17.41,17.65,1491282,26323834.00
2014/08/27,17.50,17.85,17.42,17.64,890038,15714966.00
2014/08/28,17.67,17.93,17.19,17.22,1128876,19794626.00
2014/08/29,17.20,17.49,17.20,17.47,656521,11391331.00
2014/09/09,17.50,19.21,17.50,19.21,11687658,215017840.00
2014/09/10,18.85,19.81,18.55,19.58,8203987,156745424.00
2014/09/11,19.31,19.48,18.90,18.92,5029289,96394704.00
2014/09/12,18.80,19.70,18.80,19.45,4456388,86198920.00
2014/09/15,19.46,20.58,19.46,19.67,5472520,109379960.00
2014/09/16,19.77,19.87,18.96,19.00,2931356,56434840.00
2014/09/17,19.03,20.10,18.89,19.86,4463845,87487056.00
2014/09/18,19.80,20.31,19.62,20.22,3294004,66108604.00
2014/09/19,20.03,20.35,19.79,20.05,2417372,48426416.00
2014/09/22,19.89,19.89,19.20,19.57,2071652,40477712.00
2014/09/23,19.67,19.88,19.45,19.70,1539082,30260792.00
2014/09/24,19.60,20.07,19.57,19.82,1966332,39035488.00
2014/09/25,19.87,19.95,19.60,19.65,2491279,49241188.00
2014/09/26,19.59,19.82,19.50,19.68,1434892,28149648.00
2014/09/29,19.62,19.79,19.45,19.52,1883303,36874496.00
2014/09/30,19.61,19.75,19.46,19.59,1612161,31598626.00
2014/10/08,19.59,20.25,19.55,20.19,3833330,76678544.00
2014/10/09,20.10,20.58,19.93,20.32,2787289,56236836.00
2014/10/10,20.31,20.68,20.11,20.50,2297928,46817888.00
2014/10/13,20.59,20.59,20.09,20.20,1915055,38806492.00
2014/10/14,20.16,20.19,19.83,20.03,1693417,33870252.00
2014/10/15,19.97,20.40,19.81,20.19,1949620,39297180.00
2014/10/16,20.19,20.45,20.00,20.19,1520571,30827950.00
2014/10/17,20.16,20.23,19.50,19.85,1923291,38200496.00
2014/10/20,19.60,20.08,19.40,19.86,2443323,47912500.00
2014/10/21,19.58,19.87,19.10,19.70,4475316,87340208.00
2014/10/22,19.68,20.33,19.53,20.03,3526526,70556368.00
2014/10/23,20.00,20.20,19.32,19.50,2357800,46105768.00
2014/10/24,19.49,19.72,19.15,19.57,1952769,37991700.00
2014/10/27,19.48,19.68,19.27,19.56,966607,18906520.00
2014/10/28,19.67,20.10,19.56,19.98,1666024,33164626.00
2014/10/29,20.01,20.45,19.99,20.20,2343763,47481264.00
2014/10/30,20.18,20.49,20.01,20.17,2409063,48884352.00
2014/10/31,20.20,20.55,20.00,20.17,2006061,40608644.00
2014/11/03,20.40,20.87,20.18,20.80,4847481,99740880.00
2014/11/04,20.80,20.99,20.41,20.70,1920115,39542604.00
2014/11/05,20.70,21.18,20.45,20.52,2599844,54032704.00
2014/11/06,20.53,20.80,20.44,20.59,1512177,31198080.00
2014/11/07,20.55,20.97,20.21,20.49,1869693,38709960.00
2014/11/10,20.48,20.64,20.00,20.24,1768499,35887772.00
2014/11/11,20.08,20.30,19.61,19.90,2345657,46616892.00
2014/11/12,19.80,20.02,19.66,19.90,1239666,24550006.00
2014/11/13,19.88,20.05,19.61,19.85,1547772,30645182.00
2014/11/14,19.85,20.30,19.66,20.22,1616902,32419692.00
2014/11/17,20.30,20.73,19.97,20.43,2092709,42729124.00
2014/11/18,20.50,20.65,20.30,20.49,1000468,20420952.00
2014/11/19,20.37,20.53,20.23,20.46,1215229,24790564.00
2014/11/20,20.45,21.05,20.35,21.00,2241263,46572476.00
2014/11/21,20.87,21.49,20.79,21.00,2099758,44329472.00
2014/11/24,21.30,21.30,20.83,20.99,1582303,33246268.00
2014/11/25,20.90,21.14,20.70,21.06,1041652,21758244.00
2014/11/26,21.06,21.08,20.71,20.95,1005782,20960166.00
2014/11/27,20.85,22.97,20.80,21.95,4070520,88290064.00
2014/11/28,22.00,22.80,21.75,22.25,3223542,71906128.00
2014/12/01,22.39,22.39,21.33,21.70,2514654,55389820.00
2014/12/02,21.70,22.10,21.69,21.88,1354062,29654696.00
2014/12/03,21.90,21.91,21.38,21.69,1443417,31127180.00
2014/12/04,21.36,21.86,20.88,21.80,2273366,48550700.00
2014/12/05,21.65,21.68,20.81,20.89,1993419,42044816.00
2014/12/08,20.88,21.21,20.53,20.88,2066260,43387432.00
2014/12/09,20.70,20.76,18.79,19.10,3725427,72911008.00
2014/12/10,19.01,19.49,18.35,19.27,1477304,27975552.00
2014/12/11,19.29,19.61,18.86,19.33,1358170,26007422.00
2014/12/12,19.30,19.44,19.03,19.44,1428213,27538128.00
2014/12/15,19.40,20.72,19.27,20.38,2686946,53907564.00
2014/12/16,20.26,20.52,19.92,20.20,1525068,30772626.00
2014/12/17,20.20,20.36,19.55,19.63,940067,18641642.00
2014/12/18,19.63,20.17,19.45,19.48,884170,17448630.00
2014/12/19,19.35,19.68,18.90,19.01,1030251,19783506.00
2014/12/22,19.03,19.40,18.11,18.60,1663291,30848978.00
2014/12/23,18.60,18.95,18.38,18.76,693145,12983880.00
2014/12/24,18.53,19.09,18.53,18.90,703519,13284511.00
2014/12/25,19.19,19.64,19.03,19.25,825048,15949302.00
2014/12/26,19.50,19.97,19.26,19.71,1208906,23647138.00
2014/12/29,19.48,19.94,19.16,19.31,1444535,28095470.00
2014/12/30,18.88,19.50,18.88,19.12,509100,9773968.00
2014/12/31,19.17,19.42,18.91,19.14,757282,14546842.00
2015/01/05,19.17,20.20,19.17,19.78,1282891,25374588.00
2015/01/06,19.57,20.58,19.57,20.42,1690359,34357728.00
2015/01/07,20.16,20.96,20.01,20.76,1678297,34606732.00
2015/01/08,20.75,20.95,20.55,20.65,648858,13441815.00
2015/01/09,20.66,20.88,20.49,20.50,916473,18955982.00
2015/01/12,20.37,20.37,19.11,19.70,980617,19238230.00
2015/01/13,19.79,20.42,19.40,20.07,1057109,21141728.00
2015/01/14,20.51,20.52,19.88,20.17,508951,10251149.00
2015/01/15,20.11,20.50,20.07,20.19,765329,15463939.00
2015/01/16,20.19,20.27,19.83,20.10,1099530,22091224.00
2015/01/19,19.78,20.82,19.61,20.41,1650784,33718020.00
2015/01/20,20.45,21.50,20.40,21.32,4264103,89590328.00
2015/01/21,21.32,21.80,20.92,21.80,3160818,67367496.00
2015/01/22,21.60,22.08,21.32,21.88,1412488,30752820.00
2015/01/23,21.70,21.88,21.30,21.45,968123,20881108.00
2015/01/26,21.22,21.48,21.06,21.20,1365933,29067854.00
2015/01/27,21.23,21.47,21.11,21.36,1323749,28188772.00
2015/01/28,21.53,21.55,20.95,20.95,1108029,23580686.00
2015/01/29,20.88,21.09,20.72,20.92,675504,14098980.00
2015/01/30,21.07,21.10,20.80,20.83,1190208,24992546.00
2015/02/02,20.81,21.58,20.79,21.39,2040188,43242288.00
2015/02/03,21.60,21.73,21.00,21.29,1066428,22716560.00
2015/02/04,21.30,22.49,21.05,22.10,4486490,98629064.00
2015/02/05,22.98,23.00,21.71,22.28,2319459,51628848.00
2015/02/06,22.10,22.64,21.91,22.30,1336496,29800202.00
2015/08/10,24.53,24.53,24.53,24.53,225985,5543412.00
2015/08/11,26.98,26.98,26.98,26.98,4577,123487.46
2015/08/12,29.68,29.68,29.68,29.68,5161,153178.48
2015/08/13,32.65,32.65,32.65,32.65,4824,157503.59
2015/08/14,35.92,35.92,35.92,35.92,27504,987943.69
2015/08/17,39.51,39.51,39.51,39.51,11888,469694.88
2015/08/18,43.46,43.46,43.46,43.46,37394,1625143.25
2015/08/19,47.81,47.81,47.81,47.81,99846,4773637.50
2015/08/20,52.59,52.59,52.59,52.59,44075,2317904.25
2015/08/21,57.85,57.85,50.07,50.75,28064268,1574605824.00
2015/08/24,45.68,46.75,45.68,45.68,4796855,219193328.00
2015/08/25,41.11,41.11,41.11,41.11,450600,18524166.00
2015/08/26,37.00,39.80,37.00,37.00,17401860,651528640.00
2015/08/27,37.30,39.00,33.30,34.30,18426034,644462848.00
2015/08/28,35.24,37.70,33.00,36.62,17505909,618103936.00
2015/08/31,35.66,40.28,32.96,40.28,20408367,728395520.00
2015/09/01,44.30,44.30,38.00,38.00,16089111,683986624.00
2015/09/02,35.98,40.93,35.10,36.00,12431772,474293856.00
2015/09/07,36.00,38.60,36.00,37.16,8889588,330268832.00
2015/09/08,36.00,37.93,34.03,37.93,8836523,314897568.00
2015/09/09,37.34,41.72,36.84,41.71,13302469,540609280.00
2015/09/10,40.00,41.22,39.33,39.48,7836102,315054784.00
2015/09/11,38.97,42.49,38.97,41.39,7196628,295446720.00
2015/09/14,41.10,42.88,37.25,37.25,9632571,384172000.00
2015/09/15,36.01,36.55,33.53,33.53,7764635,269463616.00
2015/09/16,33.21,36.79,32.59,35.90,7292498,252110704.00
2015/09/17,35.06,38.88,35.02,35.50,7627939,281346624.00
2015/09/18,35.72,36.23,34.20,35.26,4407150,154777264.00
2015/09/21,34.26,37.88,34.21,37.28,5405785,196728768.00
2015/09/22,37.26,39.50,36.99,37.60,6160113,235264032.00
2015/09/23,36.60,41.36,36.20,41.35,11967453,473569440.00
2015/09/24,42.00,43.50,40.36,42.59,9978942,418292800.00
2015/09/25,41.99,42.59,38.33,38.95,6370655,258091168.00
2015/09/28,38.68,42.85,38.01,42.85,6838931,281047104.00
2015/09/29,41.75,45.37,41.75,44.49,9223274,403708448.00
2015/09/30,43.98,44.48,42.41,43.13,4568162,197914176.00
2015/10/08,44.55,45.58,43.00,43.47,6583380,290084320.00
2015/10/09,43.22,44.34,42.28,43.73,4227782,183891888.00
2015/10/12,44.00,48.10,43.58,45.80,5856650,269165472.00
2015/10/13,44.99,49.50,44.57,47.80,4990638,238299856.00
2015/10/14,47.02,48.20,46.40,46.63,3182089,149342368.00
2015/10/15,46.10,49.54,46.01,48.41,3460563,166531472.00
2015/10/16,48.89,50.89,48.50,49.13,4443161,220501024.00
2015/10/19,48.99,54.04,48.60,54.04,5386019,284702048.00
2015/10/20,56.95,59.44,55.15,59.44,6032485,349685344.00
2015/10/21,61.00,65.38,60.62,65.38,13618502,874795840.00
2015/10/22,65.00,68.50,61.11,64.00,10499935,682989440.00
2015/10/23,63.23,66.35,61.82,63.29,9468076,604272320.00
2015/10/26,62.90,64.00,57.76,62.90,7024774,426781440.00
2015/10/27,62.80,65.98,58.08,63.48,5980536,372020192.00
2015/10/28,61.50,62.88,57.82,58.00,4457937,269800992.00
2015/10/29,57.91,59.58,55.31,57.49,4704038,269786624.00
2015/10/30,58.00,62.00,57.56,59.58,5064228,303209696.00
2015/11/02,55.61,61.80,55.61,59.50,4460162,266186624.00
2015/11/03,58.50,65.45,58.35,65.45,3059239,191387472.00
2015/11/04,70.00,72.00,70.00,72.00,664269,47278284.00
2015/11/05,79.20,79.20,72.90,74.77,8838252,672458560.00
2015/11/06,76.00,78.79,73.13,76.00,6951586,526649344.00
2015/11/09,74.00,82.90,73.50,77.01,6114266,480177440.00
2015/11/10,75.33,76.50,73.17,73.99,4230562,316150432.00
2015/11/11,73.44,74.87,72.08,74.12,3302528,241351632.00
2015/11/12,74.18,79.99,72.10,77.49,4601727,349246880.00
2015/11/13,75.88,76.58,70.11,72.05,4371377,319580672.00
2015/11/16,70.00,73.80,68.80,72.81,3620615,255635248.00
2015/11/17,73.50,77.53,73.35,74.11,3859875,290544128.00
2015/11/18,72.82,76.18,72.00,72.27,3221722,237008224.00
2015/11/19,73.51,79.50,72.01,79.50,4003380,305345728.00
2015/11/20,82.45,87.45,80.80,87.45,6379968,546047488.00
2015/11/23,90.00,90.00,78.71,78.71,6109820,506206144.00
2015/11/24,77.78,81.99,77.76,79.53,3522209,280857728.00
2015/11/25,78.77,83.50,77.66,81.82,2725223,221713120.00
2015/11/26,81.18,82.60,77.80,78.50,3223659,255106736.00
2015/11/27,78.05,79.45,73.00,74.63,2565962,197210624.00
2015/11/30,76.50,82.09,75.71,79.40,3789625,299855904.00
2015/12/01,77.38,79.34,73.30,76.80,3614138,273475264.00
2015/12/02,76.00,79.08,74.01,77.00,2479328,190734256.00
2015/12/03,77.00,83.69,75.75,79.61,3597126,287417216.00
2015/12/04,78.49,81.78,78.21,80.00,2700294,215629120.00
2015/12/07,80.70,80.90,77.60,78.55,1921579,151358688.00
2015/12/08,78.22,84.04,77.18,80.78,3184210,256863088.00
2015/12/09,80.30,81.20,78.24,79.08,1690310,134329632.00
2015/12/10,78.50,80.87,78.31,78.80,1290398,102265848.00
2015/12/11,77.34,78.70,71.00,72.02,3851128,285255520.00
2015/12/14,70.00,73.00,67.83,72.10,1809683,127903448.00
2015/12/15,71.99,78.10,71.93,75.87,2086107,158564544.00
2015/12/16,75.98,77.39,75.00,76.02,1204207,91484360.00
2015/12/17,76.98,81.00,76.10,77.49,2012293,157335664.00
2015/12/18,78.30,79.48,74.50,75.21,2090491,160789216.00
2015/12/21,74.20,75.30,71.90,72.85,1776187,129612512.00
2015/12/22,73.59,74.20,72.80,73.50,1013588,74398400.00
2015/12/23,73.10,73.99,71.50,71.51,1481404,107234720.00
2015/12/24,71.36,71.89,69.88,71.70,987051,70014584.00
2015/12/25,71.50,74.80,71.50,72.40,1272942,92973392.00
2015/12/28,72.40,73.30,68.00,68.30,3595076,250020096.00
2015/12/29,67.81,68.70,66.00,66.45,1590860,106261688.00
2015/12/30,66.78,68.58,66.20,67.14,1453206,98214352.00
2015/12/31,66.85,67.79,65.46,66.69,1471021,97779864.00
2016/01/04,65.68,66.93,60.02,60.02,1691290,104152272.00
2016/01/05,55.75,57.79,54.02,55.44,2491171,139098000.00
2016/01/06,55.90,57.68,54.34,56.86,2420325,135489776.00
2016/01/07,55.50,55.50,51.17,51.17,669908,35291452.00
2016/01/08,51.99,52.20,46.51,49.40,4113110,206491280.00
2016/01/11,48.78,52.20,46.60,47.15,2694005,132377344.00
2016/01/12,47.15,50.68,47.15,49.40,2873398,141587376.00
2016/01/13,50.21,51.50,47.17,47.57,2230731,111147584.00
2016/01/14,45.20,51.70,45.00,51.40,3462972,170179296.00
2016/01/15,51.00,53.10,49.50,50.60,2933225,151134256.00
2016/01/18,49.50,54.85,48.48,53.45,3104707,163473776.00
2016/01/19,53.01,57.46,53.01,57.35,3045527,168743040.00
2016/01/20,56.89,56.89,54.76,56.30,2900246,162265440.00
2016/01/21,55.00,57.75,54.29,54.47,2564323,143364768.00
2016/01/22,55.10,55.50,52.00,54.91,1572458,85486848.00
2016/01/25,55.50,56.00,53.89,54.49,1552646,85239304.00
2016/01/26,54.02,54.97,49.58,50.70,1573155,82496496.00
2016/01/27,51.00,51.00,46.56,50.38,1760857,85552200.00
2016/01/28,48.80,49.93,45.34,45.34,1510250,71936608.00
2016/01/29,45.25,49.60,44.50,48.70,1551185,73465792.00
2016/02/01,48.50,49.68,48.01,49.30,1187462,57989720.00
2016/02/02,49.30,54.23,49.00,54.23,2025058,107706344.00
2016/02/03,53.48,57.95,53.31,56.35,1595877,88840824.00
2016/02/04,57.47,59.69,56.56,59.62,2084777,120307056.00
2016/02/05,59.90,59.97,57.05,58.20,1273723,74361944.00
2016/02/15,56.00,61.48,55.35,61.09,1393051,80044008.00
2016/02/16,61.00,64.88,60.60,62.00,1987157,124492000.00
2016/02/17,61.69,62.80,60.85,61.07,1703642,105419328.00
2016/02/18,61.80,62.40,60.23,60.36,995149,60891752.00
2016/02/19,60.50,61.20,60.00,61.06,708818,42981796.00
2016/02/22,61.20,62.40,59.29,61.10,1246444,76062544.00
2016/02/23,61.00,61.89,58.20,61.00,1257059,75652800.00
2016/02/24,60.94,60.94,57.25,58.50,1286344,75621096.00
2016/02/25,58.90,58.96,52.65,52.65,1870691,101938264.00
2016/02/26,52.36,52.99,47.75,49.51,4036221,198361648.00
2016/02/29,48.48,48.61,44.56,44.56,2854603,129227904.00
2016/03/01,44.50,45.79,40.50,44.50,4940972,212437632.00
2016/03/02,44.30,48.50,43.48,48.01,3263335,148617872.00
2016/03/03,49.58,50.50,46.96,47.46,3052845,148616288.00
2016/03/04,46.18,47.37,43.03,43.70,2072789,93579088.00
2016/03/07,43.50,46.30,43.50,44.50,2114916,95715192.00
2016/03/08,44.80,45.93,42.00,45.93,1977868,87384400.00
2016/03/09,45.30,46.30,44.20,44.28,1618175,72741512.00
数据来源:通达信
