001979 招商蛇口 日线 前复权
      日期	    开盘	    最高	    最低	    收盘	    成交量	    成交额
2015/12/30,23.90,23.90,20.49,23.18,514881291,11533336576.00
2015/12/31,21.72,22.34,20.86,20.86,280182975,5993870848.00
2016/01/04,20.20,21.17,19.00,19.63,153340796,3074334976.00
2016/01/05,19.35,20.34,18.58,19.50,162408318,3170522624.00
2016/01/06,19.36,19.60,18.81,19.51,124426109,2388081408.00
2016/01/07,19.26,19.26,17.57,17.63,31612343,582790656.00
2016/01/08,18.08,18.28,16.21,17.03,153606261,2654856448.00
2016/01/11,16.47,16.50,15.33,15.33,151853020,2420680192.00
2016/01/12,15.27,16.80,15.08,16.18,140577303,2257678592.00
2016/01/13,16.10,17.12,15.78,16.20,116056754,1905178368.00
2016/01/14,15.60,17.49,15.51,17.49,147169505,2472379904.00
2016/01/15,17.11,17.42,16.41,16.60,97028263,1640173440.00
2016/01/18,16.45,17.06,16.37,16.71,75732277,1271748096.00
2016/01/19,16.93,17.35,16.50,17.18,91271247,1546888448.00
2016/01/20,17.00,17.14,16.20,16.40,86621239,1442186752.00
2016/01/21,16.13,16.65,15.80,15.82,68478419,1109114880.00
2016/01/22,16.11,16.18,15.58,15.91,46861138,745104000.00
2016/01/25,16.09,16.19,15.83,15.97,36221463,580164736.00
2016/01/26,15.80,15.83,14.37,14.38,65280126,983302144.00
2016/01/27,14.49,14.59,13.38,14.22,72684474,1020051200.00
2016/01/28,13.98,14.57,13.80,13.80,51881303,737825728.00
2016/01/29,13.92,14.56,13.84,14.42,55728911,797823616.00
2016/02/01,14.44,14.45,13.87,14.10,34931573,496097856.00
2016/02/02,14.20,15.50,14.14,15.03,67939963,1009677184.00
2016/02/03,15.00,15.62,14.72,15.27,72089175,1098101760.00
2016/02/04,15.27,15.54,15.10,15.28,46494113,712376512.00
2016/02/05,15.31,15.43,14.94,14.95,34681268,525554752.00
2016/02/15,14.31,14.85,14.31,14.64,35895690,524980704.00
2016/02/16,14.74,15.56,14.71,15.19,49878275,759761536.00
2016/02/17,15.15,15.58,15.10,15.42,43789504,673142912.00
2016/02/18,15.50,15.98,15.31,15.35,51105444,797581184.00
2016/02/19,15.39,15.47,14.89,15.07,51291484,776678848.00
2016/02/22,15.45,15.61,15.23,15.40,67828252,1047169472.00
2016/02/23,15.48,15.62,15.14,15.34,47717688,735052608.00
2016/02/24,15.35,15.44,14.87,15.21,43504795,658691328.00
2016/02/25,15.20,15.20,13.69,13.77,69379122,997869696.00
2016/02/26,13.92,14.25,13.72,14.00,43939522,614478656.00
2016/02/29,14.18,14.49,13.61,13.93,82323845,1158327808.00
2016/03/01,14.09,15.32,13.96,14.99,128350424,1906002048.00
2016/03/02,14.87,16.49,14.87,16.49,177744988,2824947712.00
2016/03/03,16.70,17.20,16.15,16.33,173317104,2899692032.00
2016/03/04,16.00,17.85,15.93,16.42,193265291,3272376576.00
2016/03/07,16.69,17.07,16.18,16.58,92184197,1529568640.00
2016/03/08,16.42,16.42,15.37,16.03,86128590,1362197632.00
2016/03/09,15.49,15.74,15.35,15.41,52485778,815887488.00
数据来源:通达信
