000538 云南白药 日线 前复权
      日期	    开盘	    最高	    最低	    收盘	    成交量	    成交额
2011/01/04,38.99,39.29,37.88,38.69,4245171,252661360.00
2011/01/05,38.63,38.63,37.03,37.05,5910552,345832288.00
2011/01/06,37.21,37.69,36.49,37.55,5080918,293367808.00
2011/01/07,37.36,37.89,37.29,37.69,2049903,119695320.00
2011/01/10,38.36,38.49,37.01,37.13,3540981,205831376.00
2011/01/11,37.09,37.56,36.69,37.13,2795553,161220208.00
2011/01/12,37.13,37.29,36.36,36.91,1399692,79862336.00
2011/01/13,37.02,37.36,36.70,37.17,2190606,126423616.00
2011/01/14,37.17,37.47,36.89,37.33,1673947,96915584.00
2011/01/17,37.16,37.89,37.03,37.51,3475530,202294624.00
2011/01/18,37.48,38.19,37.15,38.17,3932551,230699392.00
2011/01/19,38.27,38.99,37.89,38.29,3441636,205391296.00
2011/01/20,38.36,38.76,36.96,37.16,2362440,138732368.00
2011/01/21,36.78,37.61,35.89,36.01,3078940,175180624.00
2011/01/24,36.03,36.16,34.69,35.41,3507212,192731920.00
2011/01/25,35.36,36.71,34.90,36.61,2561487,144032736.00
2011/01/26,36.61,36.69,35.98,36.22,758655,42737764.00
2011/01/27,36.23,37.26,36.03,36.98,2348737,134642352.00
2011/01/28,37.03,37.33,36.43,36.72,1431245,81569960.00
2011/01/31,36.73,37.01,36.23,36.33,1809835,102426800.00
2011/02/01,36.47,36.83,36.29,36.48,1075396,61023844.00
2011/02/09,36.39,37.23,36.30,36.57,1577660,90304296.00
2011/02/10,36.57,38.36,36.41,38.11,3437967,200074896.00
2011/02/11,38.65,38.65,37.89,38.03,3431702,203244480.00
2011/02/14,38.16,38.63,37.73,38.25,2919079,172977776.00
2011/02/15,38.59,38.68,38.27,38.36,2349892,140069232.00
2011/02/16,38.35,39.10,38.03,38.89,2851104,171081408.00
2011/02/17,38.89,39.02,37.71,38.03,2956325,175034048.00
2011/02/18,38.01,38.22,37.79,37.85,1687061,99376080.00
2011/02/21,37.71,38.41,37.69,37.88,1965528,115812680.00
2011/02/22,38.23,39.22,37.58,37.73,4648281,276184832.00
2011/02/23,37.77,38.61,37.76,38.15,3638893,216365504.00
2011/02/24,38.25,38.25,37.69,37.93,2838606,166874608.00
2011/02/25,38.03,38.13,37.77,37.93,1899523,111861880.00
2011/02/28,38.03,38.27,37.36,37.56,3486299,203327488.00
2011/03/01,37.57,38.08,37.33,38.03,4631586,270512384.00
2011/03/02,38.02,38.33,37.63,38.33,4522781,267605248.00
2011/03/03,38.43,38.57,36.69,36.73,6349733,369380864.00
2011/03/04,36.68,37.22,36.41,36.89,2701274,153838640.00
2011/03/07,37.01,37.02,35.97,36.55,8577619,483052512.00
2011/03/08,36.48,36.73,36.17,36.56,2936691,166685312.00
2011/03/09,36.69,36.83,36.28,36.37,2863341,162201984.00
2011/03/10,36.43,37.45,36.39,37.23,7244116,418214368.00
2011/03/11,37.23,37.36,36.71,36.89,3430193,196592144.00
2011/03/14,37.09,37.65,37.09,37.56,5196879,302133344.00
2011/03/15,37.61,37.61,36.29,37.27,4279392,246107616.00
2011/03/16,37.22,38.01,37.01,37.69,3743638,218870848.00
2011/03/17,37.49,37.53,36.76,36.93,2553226,147891536.00
2011/03/18,36.97,37.35,36.54,36.59,2112679,120561136.00
2011/03/21,36.56,36.77,35.68,35.83,4685209,262635936.00
2011/03/22,35.96,36.13,35.75,35.86,3066589,171057472.00
2011/03/23,35.88,36.13,35.79,36.03,2290532,127926224.00
2011/03/24,36.09,36.36,35.87,36.27,1999896,112271896.00
2011/03/25,36.41,36.44,35.67,36.13,4529650,252766688.00
2011/03/28,36.09,36.09,35.36,35.43,3933730,218010480.00
2011/03/29,35.44,35.91,35.36,35.55,2257351,124945560.00
2011/03/30,35.59,36.11,35.46,35.88,3077492,171693616.00
2011/03/31,35.89,36.15,35.71,35.89,1926636,107419960.00
2011/04/01,35.93,36.10,35.53,35.70,1773583,98660408.00
2011/04/06,35.56,35.56,34.81,34.89,3763283,205594704.00
2011/04/07,34.89,35.14,34.70,34.89,2331860,126613336.00
2011/04/08,34.90,35.59,34.90,35.54,4300957,236469136.00
2011/04/11,35.59,36.07,35.49,35.53,2762095,153909920.00
2011/04/12,35.51,35.89,35.33,35.63,1837199,101634040.00
2011/04/13,35.63,37.05,35.59,37.03,7339738,418011488.00
2011/04/14,36.97,37.69,36.69,37.35,4390730,254137392.00
2011/04/15,37.23,37.53,36.83,37.08,2634956,151901616.00
2011/04/18,36.70,37.36,36.23,37.19,2345035,133699672.00
2011/04/19,36.69,37.01,36.24,36.73,2266979,128957384.00
2011/04/20,36.74,37.76,36.69,37.60,3699001,215174976.00
2011/04/21,37.62,37.83,36.88,37.03,2735120,158346000.00
2011/04/22,37.03,37.35,36.47,37.24,1709373,98329856.00
2011/04/25,37.06,37.35,36.47,37.03,1753366,100634736.00
2011/04/26,37.06,37.35,36.68,37.03,1412176,80998392.00
2011/04/27,37.02,38.13,37.02,37.69,6518947,381390464.00
2011/04/28,37.73,37.82,36.79,37.03,2614738,151092848.00
2011/04/29,37.05,37.69,37.03,37.12,1896251,109978576.00
2011/05/03,36.69,37.67,36.29,37.45,2135578,123276784.00
2011/05/04,37.21,38.03,37.09,37.15,3554001,208010288.00
2011/05/05,36.83,38.25,36.83,38.02,4779078,280327200.00
2011/05/06,37.86,38.25,37.71,38.03,4822382,284380064.00
2011/05/09,38.05,38.22,37.61,37.73,2110171,123878800.00
2011/05/10,37.56,37.73,37.00,37.20,1906668,110099152.00
2011/05/12,36.82,38.93,36.82,38.41,7204564,428827232.00
2011/05/13,38.19,38.79,38.16,38.70,3523197,210571472.00
2011/05/16,38.71,38.86,38.31,38.32,1826483,109043144.00
2011/05/17,38.37,38.66,38.13,38.19,1482652,88423680.00
2011/05/18,38.18,39.26,38.18,38.91,2677920,161778448.00
2011/05/19,38.91,39.93,38.71,39.34,2820756,172699664.00
2011/05/20,39.35,40.01,38.96,39.03,1844927,112960384.00
2011/05/23,39.06,39.22,38.03,38.08,2770031,165369216.00
2011/05/24,37.69,37.76,36.89,37.39,3683085,214049632.00
2011/05/25,37.21,37.67,36.49,36.95,1338948,77182912.00
2011/05/26,37.09,37.35,36.41,36.41,1323642,76041368.00
2011/05/27,36.45,37.03,36.43,36.76,1259115,71928216.00
2011/05/30,36.58,37.15,36.44,36.80,1198628,68721704.00
2011/05/31,36.69,37.41,36.68,37.31,1460587,84398416.00
2011/06/01,37.31,37.47,36.97,37.45,1186037,68630104.00
2011/06/02,37.15,37.89,36.73,37.89,1992443,115240272.00
2011/06/03,37.76,38.03,37.61,37.91,2132791,125143304.00
2011/06/07,37.89,38.61,37.71,37.75,1408908,83250976.00
2011/06/08,37.61,37.75,36.83,37.37,1243882,72039296.00
2011/06/09,37.15,37.65,37.15,37.36,995683,57829168.00
2011/06/10,37.31,38.17,37.31,37.49,1742494,102232864.00
2011/06/13,37.47,37.56,36.97,37.38,840343,48657740.00
2011/06/14,37.11,37.60,37.11,37.43,1032254,59918468.00
2011/06/15,37.23,37.69,37.12,37.37,590655,34157684.00
2011/06/16,37.13,37.33,36.37,36.45,1590044,90438784.00
2011/06/17,36.37,36.43,35.31,35.56,2113477,117435752.00
2011/06/20,35.62,35.62,35.21,35.23,880793,48468108.00
2011/06/21,35.23,35.49,35.06,35.37,1082010,59391916.00
2011/06/22,35.29,35.53,35.19,35.38,1014929,55825488.00
2011/06/23,35.38,36.40,35.26,36.03,912384,50921948.00
2011/06/24,36.16,36.96,36.03,36.73,1426956,81235192.00
2011/06/27,37.01,37.01,36.41,36.52,1226566,69714656.00
2011/06/28,36.55,36.93,36.43,36.77,810255,46200480.00
2011/06/29,36.76,36.89,36.56,36.63,1080316,61601980.00
2011/06/30,36.63,37.11,36.49,36.75,1340729,76656944.00
2011/07/01,36.75,37.16,36.52,36.76,1727988,98932256.00
2011/07/04,36.92,37.35,36.81,37.23,1952084,112565152.00
2011/07/05,37.29,37.81,37.11,37.79,1656010,96539480.00
2011/07/06,37.69,37.79,37.36,37.54,846897,49422284.00
2011/07/07,37.65,38.99,37.63,38.66,4132546,246583600.00
2011/07/08,38.66,38.76,38.41,38.48,1123992,67179360.00
2011/07/11,38.39,38.99,37.93,38.83,1923689,114538088.00
2011/07/12,38.48,38.83,38.43,38.56,1445824,86548488.00
2011/07/13,38.36,38.76,37.97,38.59,1202892,71842960.00
2011/07/14,38.79,39.19,38.19,38.98,1771605,106690584.00
2011/07/15,38.97,40.46,38.76,40.29,4899987,303262848.00
2011/07/18,40.29,41.23,39.83,40.28,3432940,215240432.00
2011/07/19,39.86,40.06,39.00,39.39,1773374,108052888.00
2011/07/20,39.43,39.67,38.83,39.29,1114093,67472296.00
2011/07/21,39.29,40.66,39.16,40.15,3081454,191577968.00
2011/07/22,40.16,40.69,39.49,40.43,2145114,133221720.00
2011/07/25,39.89,41.03,39.48,39.70,1768672,110161912.00
2011/07/26,39.69,40.43,39.68,40.03,2180277,135208064.00
2011/07/27,39.71,40.56,39.11,40.16,1836310,113967760.00
2011/07/28,40.19,40.47,39.43,39.79,1764630,109049176.00
2011/07/29,39.79,39.89,39.43,39.49,1223114,75138080.00
2011/08/01,39.49,40.02,39.29,39.52,818949,50145912.00
2011/08/02,39.09,39.35,38.21,39.03,1630459,98109608.00
2011/08/03,38.61,39.62,38.50,39.11,921739,56091352.00
2011/08/04,39.03,40.07,39.02,40.01,924919,56612648.00
2011/08/05,39.09,41.56,38.83,40.43,3053021,191673680.00
2011/08/08,39.98,41.29,39.62,40.50,3929906,246845632.00
2011/08/09,39.76,40.96,39.01,40.74,3703218,229225712.00
2011/08/10,41.43,41.97,40.85,41.11,3062448,196356144.00
2011/08/11,41.09,42.58,40.97,42.09,3438814,223320128.00
2011/08/12,42.16,42.81,41.87,42.18,2416873,158207808.00
2011/08/15,42.18,42.75,41.77,42.05,1312685,85523136.00
2011/08/16,42.01,42.09,41.35,41.41,1012050,65103636.00
2011/08/17,41.41,41.83,41.21,41.21,1072693,68677504.00
2011/08/18,41.19,41.56,40.86,41.29,1297685,82749560.00
2011/08/19,41.09,42.09,40.87,41.05,929989,59041396.00
2011/08/22,41.05,41.27,39.30,39.97,2052520,127374840.00
2011/08/23,39.96,40.16,39.33,39.96,1480167,90774440.00
2011/08/24,40.03,40.21,39.63,39.74,1217358,75002800.00
2011/08/25,39.85,40.09,39.45,40.06,1129565,69653904.00
2011/08/26,39.96,40.33,39.29,39.55,1549873,94979840.00
2011/08/29,39.43,40.04,39.12,39.95,1002979,61706512.00
2011/08/30,40.03,40.74,39.63,40.36,1479580,92556312.00
2011/08/31,40.29,40.62,40.03,40.39,620184,38579584.00
2011/09/01,40.39,40.67,39.99,39.99,838752,52306388.00
2011/09/02,39.61,40.09,39.43,39.65,911078,56014980.00
2011/09/05,39.36,39.56,38.96,39.13,1097117,66503760.00
2011/09/06,38.83,39.41,38.63,38.71,984306,59283080.00
2011/09/07,39.13,39.36,38.64,39.36,872388,52703400.00
2011/09/08,39.36,39.63,38.87,38.93,575064,34913864.00
2011/09/09,38.89,39.63,38.89,38.97,621195,37752448.00
2011/09/13,38.31,39.08,38.31,38.78,553363,33212958.00
2011/09/14,38.76,39.28,37.43,38.76,875273,52029652.00
2011/09/15,38.25,38.83,37.83,38.11,1401150,83054152.00
2011/09/16,38.27,38.64,38.13,38.33,774062,46060340.00
2011/09/19,38.36,38.36,37.76,38.09,536967,31649950.00
2011/09/20,38.09,38.69,37.96,38.43,322343,19124936.00
2011/09/21,38.57,39.42,38.29,39.05,830594,50083776.00
2011/09/22,38.91,39.23,38.12,38.13,860917,51635108.00
2011/09/23,37.80,38.36,36.78,37.89,1395424,81628152.00
2011/09/26,37.23,38.29,36.69,36.83,979051,56716876.00
2011/09/27,36.95,37.61,36.95,37.18,956908,55423072.00
2011/09/28,37.19,37.55,37.10,37.38,898054,52065324.00
2011/09/29,37.38,37.41,35.96,36.43,2144573,121443400.00
2011/09/30,36.43,36.63,35.79,36.43,1077036,60288600.00
2011/10/10,36.49,36.74,35.69,36.09,1253180,70578544.00
2011/10/11,36.75,36.96,35.36,35.83,2131879,118804496.00
2011/10/12,35.68,36.31,35.43,36.31,1636687,91594376.00
2011/10/13,36.23,37.11,35.96,37.09,1432562,81330016.00
2011/10/14,36.76,37.01,36.30,36.76,688422,39159428.00
2011/10/17,36.96,37.07,36.47,36.71,874623,49781712.00
2011/10/18,36.63,36.74,36.07,36.15,1159325,65271336.00
2011/10/19,36.17,36.38,35.83,35.95,1068100,59806668.00
2011/10/20,35.56,36.21,35.04,35.36,1124857,61844076.00
2011/10/21,35.68,35.68,34.83,34.89,807692,43979076.00
2011/10/24,35.18,35.40,34.24,35.09,1207659,65584444.00
2011/10/25,35.09,36.07,35.09,35.94,1510942,83455944.00
2011/10/26,35.69,36.67,35.68,36.35,1335231,75076496.00
2011/10/27,36.56,36.75,36.37,36.49,471431,26711788.00
2011/10/28,36.79,37.02,36.30,36.43,1490735,84534920.00
2011/10/31,36.49,36.82,36.11,36.41,1046012,59140852.00
2011/11/01,36.17,36.75,36.17,36.43,1110303,62858540.00
2011/11/02,36.27,38.23,36.09,37.96,3318610,192061536.00
2011/11/03,38.11,39.66,37.99,38.79,3101250,187154368.00
2011/11/04,39.13,40.14,38.61,38.61,2234309,135347328.00
2011/11/07,38.47,39.49,38.36,39.07,1383454,83735656.00
2011/11/08,39.42,39.42,38.76,38.99,830852,50254688.00
2011/11/09,39.11,39.41,38.71,39.29,1978532,119074216.00
2011/11/10,38.86,39.77,38.77,39.45,2122642,129651568.00
2011/11/11,39.44,39.55,38.49,38.73,1164670,70406152.00
2011/11/14,39.01,39.56,38.83,39.23,1401026,85030944.00
2011/11/15,39.10,39.36,38.68,38.87,1989657,119805568.00
2011/11/16,38.87,38.94,37.69,38.03,1512259,89812080.00
2011/11/17,38.24,38.63,37.90,38.29,1106342,65579144.00
2011/11/18,37.86,38.28,37.57,38.08,1256489,73842704.00
2011/11/21,37.88,38.28,37.77,38.28,741813,43668008.00
2011/11/22,38.11,38.46,37.76,37.84,1089163,64284048.00
2011/11/23,37.86,38.03,37.56,37.74,1260223,73703968.00
2011/11/24,37.50,38.25,37.50,37.97,1119746,65848096.00
2011/11/25,37.97,38.23,37.71,37.89,642698,37748848.00
2011/11/28,38.09,39.55,37.79,39.55,1879456,113168144.00
2011/11/29,39.55,40.51,39.32,39.95,2694495,167182432.00
2011/11/30,39.82,40.09,38.96,39.48,1520905,92671168.00
2011/12/01,39.76,40.48,39.57,39.72,2192514,135906240.00
2011/12/02,39.75,39.75,38.97,39.08,1214926,74097416.00
2011/12/05,39.12,39.42,37.53,38.09,1731847,102417320.00
2011/12/06,38.01,38.01,37.10,37.45,1350801,78448072.00
2011/12/07,37.24,38.09,37.24,37.56,932384,54590228.00
2011/12/08,37.76,38.42,37.15,38.36,1150077,67632624.00
2011/12/09,38.33,38.41,37.36,37.96,1011791,59334216.00
2011/12/12,37.88,37.88,37.28,37.39,1344514,77871048.00
2011/12/13,37.39,37.43,35.76,35.85,1670585,94985408.00
2011/12/14,35.83,36.35,35.70,36.09,1425373,79901000.00
2011/12/15,36.09,36.31,34.65,35.40,2956946,161232240.00
2011/12/16,35.13,36.23,35.13,36.04,1422905,78591936.00
2011/12/19,35.79,37.09,35.31,36.56,1534925,85662384.00
2011/12/20,36.58,36.89,36.36,36.43,1109010,62925332.00
2011/12/21,36.73,37.03,35.87,35.89,2252147,127946520.00
2011/12/22,35.55,36.73,35.53,36.55,1370604,77117496.00
2011/12/23,36.39,37.08,36.27,36.63,820127,46786448.00
2011/12/26,36.60,37.38,35.77,35.81,1170953,65979784.00
2011/12/27,35.55,36.07,34.36,34.49,1681836,91448752.00
2011/12/28,34.43,35.31,32.89,35.01,2348635,123408256.00
2011/12/29,34.75,35.39,34.09,34.09,1483822,80390072.00
2011/12/30,34.10,34.97,33.63,34.09,2913654,155046592.00
2012/01/04,34.09,34.41,32.35,32.76,2972633,152990608.00
2012/01/05,32.56,32.56,31.35,31.95,4549032,225327872.00
2012/01/06,31.83,32.76,31.56,32.73,1394506,70320248.00
2012/01/09,32.84,32.84,31.66,32.72,3951714,197421152.00
2012/01/10,32.43,33.87,32.13,33.55,3697426,190805280.00
2012/01/11,33.55,33.59,32.77,32.93,1991160,102859488.00
2012/01/12,32.95,33.63,32.95,33.34,1208474,62772756.00
2012/01/13,33.34,33.63,32.43,32.49,1524130,78559528.00
2012/01/16,32.19,32.57,30.89,30.89,1238023,61236804.00
2012/01/17,31.14,32.66,30.78,32.29,1524125,75510480.00
2012/01/18,32.29,32.62,29.49,29.96,5420544,255453936.00
2012/01/19,29.83,30.43,29.15,30.11,4329510,202794016.00
2012/01/20,30.09,31.76,30.09,31.76,2950231,143039392.00
2012/01/30,31.56,31.96,30.96,31.43,1358994,66723708.00
2012/01/31,31.43,31.56,30.49,31.35,1108489,53525504.00
2012/02/01,31.29,31.86,31.29,31.41,1724915,84875088.00
2012/02/02,31.56,32.29,31.47,32.12,1359959,67657352.00
2012/02/03,32.16,32.63,31.96,32.33,1537646,77003296.00
2012/02/06,32.36,33.43,32.15,32.71,2851406,146189664.00
2012/02/07,32.44,33.13,32.44,33.02,1707711,87263144.00
2012/02/08,33.02,33.61,32.44,33.56,1549706,79655696.00
2012/02/09,33.57,33.57,33.09,33.43,1162480,60329892.00
2012/02/10,33.31,33.63,32.89,33.63,1084020,56042688.00
2012/02/13,33.15,34.05,33.01,33.69,1298365,67980376.00
2012/02/14,33.63,33.76,33.09,33.41,1001485,52255940.00
2012/02/15,33.19,33.81,33.09,33.43,723347,37661412.00
2012/02/16,33.29,33.71,33.03,33.05,1439694,74926232.00
2012/02/17,33.08,33.59,32.67,33.01,1440647,74462528.00
2012/02/20,33.33,33.41,31.93,32.09,7740647,387930400.00
2012/02/21,31.89,32.27,31.89,32.23,1754644,87805440.00
2012/02/22,32.23,32.37,31.98,32.37,2851454,142980624.00
2012/02/23,32.44,32.91,32.44,32.80,3267758,166459504.00
2012/02/24,32.84,33.61,32.80,33.51,3167742,163187184.00
2012/02/27,33.54,34.39,33.23,33.82,2573490,135224144.00
2012/02/28,33.70,33.95,33.19,33.43,2175804,113562088.00
2012/02/29,33.31,33.87,33.29,33.48,1622814,84769016.00
2012/03/01,33.43,33.49,32.73,32.83,2105415,108020352.00
2012/03/02,32.76,33.08,32.75,33.07,3297801,168598496.00
2012/03/05,33.14,33.21,32.09,32.28,5212128,263035280.00
2012/03/06,32.23,32.56,32.16,32.39,3014207,151933184.00
2012/03/07,32.15,32.63,32.14,32.45,1701594,86217336.00
2012/03/08,32.49,32.63,32.20,32.39,2794286,140731488.00
2012/03/09,32.56,32.84,32.37,32.83,2136311,108394152.00
2012/03/12,33.02,33.61,32.86,33.49,3760399,195187104.00
2012/03/13,33.51,33.56,33.10,33.39,1936695,100236456.00
2012/03/14,33.46,34.23,32.69,32.91,4037043,211331616.00
2012/03/15,32.91,34.09,32.83,33.99,4471362,234048976.00
2012/03/16,33.99,35.47,33.79,35.16,4477183,240675248.00
2012/03/19,35.17,35.43,34.30,34.75,3902475,210546992.00
2012/03/20,34.43,34.56,33.56,33.65,3966639,208473136.00
2012/03/21,33.65,33.69,32.63,32.96,4130993,213125744.00
2012/03/22,33.17,33.46,32.61,32.83,2900173,148843200.00
2012/03/23,32.83,32.91,32.34,32.76,2679746,135971728.00
2012/03/26,32.53,33.43,32.53,32.96,2014237,102952568.00
2012/03/27,32.93,33.03,32.49,32.50,2035203,103790560.00
2012/03/28,32.36,32.41,31.43,31.47,2830854,140913680.00
2012/03/29,31.36,31.67,31.17,31.17,1761358,86157344.00
2012/03/30,31.19,31.73,30.95,31.57,2173582,106153648.00
2012/04/05,31.56,32.27,31.53,31.97,1657557,82231488.00
2012/04/06,31.97,32.18,31.78,31.96,1161393,57793300.00
2012/04/09,31.88,31.88,31.39,31.43,1250425,61461372.00
2012/04/10,31.32,31.68,30.83,31.42,1395959,67885144.00
2012/04/11,31.35,31.76,31.17,31.26,1801659,88368760.00
2012/04/12,31.36,31.83,31.17,31.79,1846626,90704984.00
2012/04/13,31.91,31.96,31.63,31.73,2258601,111838048.00
2012/04/16,31.69,31.88,31.15,31.35,2085416,102117560.00
2012/04/17,31.34,31.66,31.15,31.46,1531536,75037984.00
2012/04/18,31.51,31.62,30.56,31.23,4951639,239993872.00
2012/04/19,31.23,31.45,31.01,31.29,2226995,108487096.00
2012/04/20,31.32,31.56,31.19,31.51,2062082,100996384.00
2012/04/23,31.55,32.23,31.37,31.77,3344536,165870704.00
2012/04/25,31.77,32.35,31.57,32.22,4498370,225275120.00
2012/04/26,32.23,32.55,32.23,32.50,3502513,176986992.00
2012/04/27,32.50,32.55,32.01,32.39,1734947,87297640.00
2012/05/02,32.71,32.93,32.43,32.75,2145673,109410672.00
2012/05/03,32.85,33.64,32.77,33.50,3627863,188757360.00
2012/05/04,33.53,33.75,33.28,33.61,3223025,167727728.00
2012/05/07,33.59,34.25,33.43,33.85,4680540,247453216.00
2012/05/08,33.83,34.00,33.40,33.75,2302830,120463096.00
2012/05/09,33.51,33.51,32.73,32.75,2632579,135072784.00
2012/05/10,32.73,34.36,32.73,34.21,5539507,292585184.00
2012/05/11,34.19,34.58,33.81,34.35,3475565,184868688.00
2012/05/14,34.43,34.88,33.83,34.15,2247977,120159808.00
2012/05/15,34.03,34.03,33.43,33.58,2394709,125321976.00
2012/05/16,33.43,33.59,32.93,32.99,3063739,159083136.00
2012/05/17,32.83,33.49,32.83,33.05,1815043,93830304.00
2012/05/18,32.96,33.49,32.84,32.97,1341618,69207392.00
2012/05/21,32.98,33.49,32.98,33.43,1311673,68164112.00
2012/05/22,33.96,34.07,33.45,33.81,1650475,86840528.00
2012/05/23,33.75,33.76,33.30,33.42,1772333,92309288.00
2012/05/24,33.46,33.73,33.13,33.25,1083412,56270956.00
2012/05/25,33.17,33.43,32.96,32.99,943618,48789608.00
2012/05/28,32.84,33.40,32.79,33.28,1627325,83997248.00
2012/05/29,33.29,33.41,33.01,33.19,2080245,107417432.00
2012/05/30,33.29,33.29,32.49,32.76,3310185,169110400.00
2012/05/31,32.71,33.02,32.56,32.75,2340336,119445696.00
2012/06/01,32.86,33.83,32.83,33.56,2459508,127847696.00
2012/06/04,33.33,34.33,33.16,33.38,5818784,306534048.00
2012/06/05,33.44,35.28,33.29,34.39,5037261,270217760.00
2012/06/06,34.61,35.19,34.43,34.79,3966507,214626096.00
2012/06/07,34.95,35.16,34.27,34.43,2051699,110551384.00
2012/06/08,34.58,35.51,34.53,35.23,4146755,226332544.00
2012/06/11,35.56,36.09,35.16,35.31,3187859,176429760.00
2012/06/12,35.30,36.09,35.11,35.96,2508353,139325232.00
2012/06/13,36.09,37.29,35.88,37.09,3934181,224420928.00
2012/06/14,37.10,37.41,36.90,37.25,2059722,118573296.00
2012/06/15,37.20,38.13,37.00,37.28,2679697,155611648.00
2012/06/18,37.07,37.87,36.67,36.84,2126967,122766224.00
2012/06/19,36.80,38.09,36.73,37.90,3412346,198415936.00
2012/06/20,37.79,37.90,36.65,36.85,2253464,128924448.00
2012/06/21,36.63,36.81,35.91,36.33,1887570,105871568.00
2012/06/25,36.13,37.10,35.87,36.33,2087216,118438256.00
2012/06/26,36.13,37.04,35.32,36.39,3065596,170743072.00
2012/06/27,36.35,37.40,36.08,36.77,2801745,160618176.00
2012/06/28,37.06,38.71,36.78,37.69,3232645,188861216.00
2012/06/29,37.69,38.75,37.25,38.39,2993860,177418960.00
2012/07/02,38.54,38.96,38.21,38.80,2829852,169032784.00
2012/07/03,38.92,39.33,37.92,38.01,4250721,252109728.00
2012/07/04,38.27,38.31,37.13,37.25,3051172,176747936.00
2012/07/05,37.13,37.73,36.88,37.50,1532534,88681984.00
2012/07/06,37.50,39.06,37.50,38.99,3388840,202357056.00
2012/07/09,38.69,39.99,38.32,39.53,3427528,208575840.00
2012/07/10,39.05,39.43,38.45,38.60,1862718,111801144.00
2012/07/11,38.20,40.71,38.20,40.71,4083962,251479072.00
2012/07/12,40.51,41.18,39.67,39.87,4430376,275336096.00
2012/07/13,39.61,41.07,39.53,40.65,2962038,183731456.00
2012/07/16,40.87,41.33,39.12,39.42,3307324,204995120.00
2012/07/17,39.20,39.70,37.93,38.70,3245268,192371632.00
2012/07/18,38.66,39.09,37.62,38.33,1829224,107985992.00
2012/07/19,38.27,38.99,37.87,38.82,1648730,98490208.00
2012/07/20,38.62,39.36,38.40,38.53,1914115,114819872.00
2012/07/23,38.20,39.22,38.00,38.87,1584688,95148936.00
2012/07/24,38.80,40.60,38.60,40.44,2090602,127630712.00
2012/07/25,40.39,40.80,39.52,39.69,1562215,96643224.00
2012/07/26,39.53,40.27,39.07,39.24,1259938,77254608.00
2012/07/27,39.00,39.20,37.91,38.07,3020141,178212448.00
2012/07/30,37.69,38.54,37.68,38.27,1302293,76525544.00
2012/07/31,38.20,38.73,38.03,38.33,1525996,90508888.00
2012/08/01,38.03,39.06,37.93,38.21,1276983,76277856.00
2012/08/02,38.31,39.71,38.31,39.59,2376834,144157456.00
2012/08/03,39.61,40.13,39.27,40.09,2000447,122433344.00
2012/08/06,40.06,40.31,39.55,40.13,2161477,133338056.00
2012/08/07,40.19,40.19,39.33,39.53,1793418,109327240.00
2012/08/08,39.43,39.52,38.75,39.27,1362478,82106680.00
2012/08/09,39.27,40.67,39.03,40.56,1947029,119897664.00
2012/08/10,40.58,40.58,39.87,40.49,1165882,72394920.00
2012/08/13,40.27,41.85,39.97,41.17,2624839,167541264.00
2012/08/14,41.23,41.91,39.99,40.90,2210298,140027104.00
2012/08/15,40.91,41.90,40.54,41.37,1788941,113829432.00
2012/08/16,41.37,41.37,40.45,40.87,1834428,115479680.00
2012/08/17,40.73,40.73,39.33,39.55,2225678,136431424.00
2012/08/20,39.07,40.21,39.00,40.11,1261504,77382920.00
2012/08/21,40.19,41.80,39.87,41.41,1789297,113510864.00
2012/08/22,41.43,41.66,40.87,41.07,1134208,72041632.00
2012/08/23,41.37,41.37,39.73,40.17,1704946,105728880.00
2012/08/24,40.13,40.40,39.42,39.44,1625348,99682728.00
2012/08/27,39.14,39.97,38.73,39.51,1694918,103138080.00
2012/08/28,39.51,39.73,38.87,39.07,1387737,84137376.00
2012/08/29,38.93,39.37,37.99,38.53,1533601,91768440.00
2012/08/30,38.32,38.47,36.75,36.87,3768153,218011360.00
2012/08/31,36.87,38.04,36.67,37.60,2066887,120269992.00
2012/09/03,37.37,38.50,37.37,38.21,1475496,87068000.00
2012/09/04,38.33,38.33,37.53,37.71,1693775,99481752.00
2012/09/05,37.22,38.21,37.22,37.93,915573,53483796.00
2012/09/06,38.00,38.40,37.80,38.13,1470633,86736312.00
2012/09/07,38.53,39.87,38.20,39.57,3447173,207875600.00
2012/09/10,39.53,40.20,38.87,40.07,1466055,89216864.00
2012/09/11,39.80,40.53,39.56,40.45,1868531,115991632.00
2012/09/12,40.07,40.73,39.74,40.21,1046354,64894520.00
2012/09/13,40.21,40.35,39.67,39.68,814350,50312940.00
2012/09/14,40.12,40.24,39.45,39.53,1301804,79968088.00
2012/09/17,39.40,40.33,39.40,39.95,1664422,102754072.00
2012/09/18,39.80,40.13,38.97,39.76,1537029,94283504.00
2012/09/19,39.50,40.31,39.41,39.92,1401056,86332328.00
2012/09/20,39.67,40.06,39.20,39.21,1326171,81007056.00
2012/09/21,39.19,39.53,38.60,38.60,985011,59133196.00
2012/09/24,38.20,39.83,38.00,39.43,1047539,62883064.00
2012/09/25,39.33,39.80,39.03,39.22,691105,42040228.00
2012/09/26,38.95,39.23,38.67,38.73,776981,46636684.00
2012/09/27,38.82,40.39,38.60,39.55,1155143,70484752.00
2012/09/28,39.25,40.39,39.24,40.33,1710812,105065216.00
2012/10/08,40.33,40.73,40.01,40.49,1123509,70028520.00
2012/10/09,40.74,41.83,40.54,41.35,2150497,137264704.00
2012/10/10,41.38,41.53,41.07,41.32,966653,61659436.00
2012/10/11,41.27,41.30,40.74,41.00,863170,54502584.00
2012/10/12,41.13,41.53,40.47,40.97,853559,53844716.00
2012/10/15,41.19,41.65,40.33,41.53,1003578,63856008.00
2012/10/16,41.52,42.53,41.27,41.87,2254398,146427648.00
2012/10/17,42.16,42.16,41.40,41.42,940179,60224676.00
2012/10/18,41.57,42.12,41.43,41.53,1263815,81285408.00
2012/10/19,41.55,41.65,40.42,40.87,2093717,131555592.00
2012/10/22,40.87,41.13,40.61,40.99,983822,62056380.00
2012/10/23,40.93,41.16,39.77,40.11,2006800,124566592.00
2012/10/24,39.87,40.45,39.75,39.75,980269,60539540.00
2012/10/25,39.75,40.21,39.46,40.21,1622491,99477768.00
2012/10/26,40.18,40.23,39.54,40.20,1380397,84965288.00
2012/10/29,39.87,40.53,39.77,40.03,1021693,63211996.00
2012/10/30,40.07,40.53,39.60,39.68,1348201,82898528.00
2012/10/31,40.22,42.63,40.22,42.53,6301289,406223136.00
2012/11/01,42.70,42.95,42.13,42.57,3012173,197350832.00
2012/11/02,42.57,43.31,42.41,42.95,3580967,236480400.00
2012/11/05,42.77,43.27,42.53,42.96,2505368,165520336.00
2012/11/06,42.96,43.23,42.13,42.78,2346643,154691216.00
2012/11/07,42.61,42.83,42.12,42.75,1791920,117296752.00
2012/11/08,42.51,43.93,41.87,43.07,2225407,148313072.00
2012/11/09,43.05,43.05,42.27,42.40,1716130,112418448.00
2012/11/12,42.39,43.07,41.20,42.33,2340525,151961616.00
2012/11/13,42.00,42.19,41.27,41.77,2065240,132739960.00
2012/11/14,41.77,42.04,41.35,41.55,1272915,81580848.00
2012/11/15,41.43,42.78,41.43,42.47,1619205,105295688.00
2012/11/16,42.18,42.53,41.63,41.80,1873145,121300744.00
2012/11/19,41.63,41.90,41.13,41.47,1411164,90333144.00
2012/11/20,41.47,42.32,41.31,41.99,1075907,69502168.00
2012/11/21,42.16,42.53,41.81,42.33,1758615,114172088.00
2012/11/22,42.33,42.87,41.99,42.23,1444891,94325760.00
2012/11/23,42.24,42.53,41.74,42.05,1261837,81788816.00
2012/11/26,41.95,42.00,41.10,41.10,1524159,97302264.00
2012/11/27,41.04,41.40,40.67,40.91,1728760,109258624.00
2012/11/28,40.91,41.07,40.13,40.23,1985515,123731056.00
2012/11/29,40.28,41.09,40.23,40.74,1088908,68296616.00
2012/11/30,40.74,41.26,40.61,40.99,1112411,70358056.00
2012/12/03,40.99,41.30,40.15,40.64,1418574,88473824.00
2012/12/04,40.64,40.99,40.19,40.97,1706505,107198328.00
2012/12/05,41.05,42.18,40.54,41.32,3059524,195329056.00
2012/12/06,41.49,41.80,40.67,41.05,1848665,117010632.00
2012/12/07,40.87,41.37,40.61,41.20,2337189,147672128.00
2012/12/10,41.20,41.51,40.09,40.33,3255893,203082208.00
2012/12/11,40.08,40.50,39.94,40.13,1955858,121261376.00
2012/12/12,40.13,40.36,39.99,40.11,1187480,73514440.00
2012/12/13,40.04,40.72,39.94,40.19,2263245,140722864.00
2012/12/14,40.50,41.45,40.27,41.27,3416188,215012032.00
2012/12/17,41.20,41.21,39.88,40.30,5030892,312296000.00
2012/12/18,40.29,41.13,40.11,41.08,3353519,210053040.00
2012/12/19,40.97,41.43,40.87,41.35,2902784,184643296.00
2012/12/20,41.25,41.40,40.95,41.27,1282315,81311288.00
2012/12/21,41.30,41.65,40.87,41.52,1536778,98178040.00
2012/12/24,41.20,42.20,41.17,41.99,3257612,209691440.00
2012/12/25,41.83,42.87,41.25,42.58,4321461,282844096.00
2012/12/26,42.37,43.07,41.93,42.60,3128464,204344960.00
2012/12/27,42.73,42.99,42.24,42.71,1788379,117339824.00
2012/12/28,42.80,43.40,42.20,43.37,2300000,151400160.00
2012/12/31,43.30,44.20,42.94,44.20,4796239,321797056.00
2013/01/04,44.15,44.15,41.80,42.27,4597994,300723328.00
2013/01/07,42.27,42.62,41.52,42.25,4064067,263138288.00
2013/01/08,42.07,43.97,42.01,43.40,4577007,303675168.00
2013/01/09,43.38,44.40,42.79,43.28,3388788,227908448.00
2013/01/10,42.87,44.07,42.47,43.10,2507615,166803808.00
2013/01/11,43.08,43.73,42.70,43.40,2565580,170964288.00
2013/01/14,43.35,44.39,43.27,44.25,2153462,146258000.00
2013/01/15,44.32,45.85,43.79,45.54,2974226,205830528.00
2013/01/16,45.55,47.92,44.87,46.87,3932624,283282400.00
2013/01/17,46.54,47.75,46.40,47.53,2185088,158877648.00
2013/01/18,47.55,48.25,47.02,47.56,1665306,121677024.00
2013/01/21,47.65,47.65,46.67,47.45,1971536,142709936.00
2013/01/22,47.39,47.39,46.07,46.13,2276610,163157136.00
2013/01/23,46.11,48.20,45.87,48.07,2315592,166563072.00
2013/01/24,48.06,49.20,47.87,48.70,2376253,176852176.00
2013/01/25,48.70,50.47,48.53,49.97,2389466,182440000.00
2013/01/28,49.45,51.25,49.27,50.33,3411675,264362064.00
2013/01/29,49.93,50.45,49.40,49.84,2052228,156875920.00
2013/01/30,49.53,49.75,48.60,49.60,2703877,203755008.00
2013/01/31,49.53,49.93,48.63,49.87,1896261,142918976.00
2013/02/01,49.95,50.47,48.34,49.47,2865770,215497136.00
2013/02/04,49.20,49.37,47.47,48.13,3141633,231596176.00
2013/02/05,48.57,49.67,47.73,49.07,2139726,160700144.00
2013/02/06,48.06,49.19,44.05,49.07,7641528,558810048.00
2013/02/07,47.93,50.33,46.20,49.20,4457447,331930560.00
2013/02/08,49.07,51.05,48.88,50.59,2624689,202958576.00
2013/02/18,50.47,50.71,49.29,49.60,1594502,122341832.00
2013/02/19,49.65,50.00,49.40,49.53,1749645,133261288.00
2013/02/20,49.68,52.05,49.40,51.53,2210811,173904160.00
2013/02/21,51.20,51.73,50.21,50.80,2104000,163938832.00
2013/02/22,51.06,51.67,50.54,50.67,1175026,92044384.00
2013/02/25,50.47,51.33,49.87,50.39,1542408,119171288.00
2013/02/26,50.38,51.20,49.53,49.55,2313571,178924224.00
2013/02/27,49.71,50.07,48.05,49.20,2307427,172955824.00
2013/02/28,49.13,50.41,48.21,49.50,1772780,134146184.00
2013/03/01,49.50,50.22,48.97,50.16,1410598,107296312.00
2013/03/04,50.80,51.70,49.87,50.20,2017518,158056192.00
2013/03/05,50.27,52.18,49.67,52.04,2835654,221588944.00
2013/03/06,52.03,52.39,50.95,51.73,2242073,178504480.00
2013/03/07,51.24,51.73,49.67,51.45,3070034,238689328.00
2013/03/08,51.16,51.20,50.13,50.25,1499859,116224040.00
2013/03/11,50.20,50.43,49.54,49.97,1003174,77086056.00
2013/03/12,49.97,50.53,48.40,49.04,1453385,109494352.00
2013/03/13,48.87,49.25,48.40,49.01,1302871,97692488.00
2013/03/14,48.57,51.07,48.46,50.77,2096930,162401072.00
2013/03/15,50.75,52.40,50.29,50.77,3451474,273367392.00
2013/03/18,50.87,52.40,50.87,51.87,1708592,135504064.00
2013/03/19,52.27,52.33,50.82,51.21,2385651,188463104.00
2013/03/20,51.22,55.07,50.79,54.83,4295120,354089888.00
2013/03/21,54.55,55.11,53.84,54.87,2579223,214278448.00
2013/03/22,54.85,56.83,54.61,56.83,2778776,237854240.00
2013/03/25,56.83,57.05,55.60,56.20,2180540,187162384.00
2013/03/26,55.87,56.36,54.53,56.19,2290100,194224368.00
2013/03/27,55.74,56.87,55.60,56.33,1101780,94786624.00
2013/03/28,55.53,56.87,55.11,55.80,1839998,157863344.00
2013/03/29,56.37,56.47,55.41,55.87,1188287,101550480.00
2013/04/01,55.07,55.37,54.53,55.12,1795583,150988688.00
2013/04/02,54.64,55.13,53.20,53.53,2711006,223756032.00
2013/04/03,53.86,54.39,52.20,52.75,2017476,164147728.00
2013/04/08,52.75,54.43,52.54,54.07,1837783,151182000.00
2013/04/09,54.07,54.47,53.21,54.20,1583998,130341672.00
2013/04/10,54.07,54.21,51.74,53.20,2061888,166395056.00
2013/04/11,53.20,53.53,52.75,53.20,1020709,83264216.00
2013/04/12,52.92,53.99,52.92,53.40,949502,77707488.00
2013/04/15,53.13,54.20,52.53,54.20,1176499,96010544.00
2013/04/16,54.16,54.86,53.55,54.35,1090849,90701768.00
2013/04/17,54.13,56.43,53.87,55.97,1662062,140881600.00
2013/04/18,55.41,57.27,54.94,55.53,1292263,110334192.00
2013/04/19,55.71,56.19,55.27,55.83,1850054,157855744.00
2013/04/22,57.87,57.87,55.86,55.89,2214334,192231328.00
2013/04/23,55.75,55.76,53.72,54.52,1697583,141537840.00
2013/04/24,54.46,56.53,54.10,55.70,1164025,98646784.00
2013/04/25,55.61,57.23,55.15,56.25,1512642,131048784.00
2013/04/26,56.35,56.87,55.21,55.67,1077459,92269080.00
2013/05/02,55.20,56.45,54.99,56.20,1543899,132432576.00
2013/05/03,56.22,58.77,56.22,58.23,2436070,216622688.00
2013/05/06,58.53,58.72,57.28,57.53,1388727,123180304.00
2013/05/07,57.52,57.65,56.43,57.54,1296836,112821392.00
2013/05/08,57.89,58.61,57.53,58.22,1419027,126148648.00
2013/05/09,58.03,59.50,57.93,58.87,1479897,133161120.00
2013/05/10,58.20,58.87,57.33,58.47,1087392,96413520.00
2013/05/13,58.47,59.20,57.33,57.36,1177788,104646144.00
2013/05/14,57.20,57.33,55.53,56.90,1760063,151581520.00
2013/05/15,56.73,57.17,55.81,56.89,1155532,99740880.00
2013/05/16,56.37,58.53,55.81,57.45,2305666,202223696.00
2013/05/17,57.08,58.27,56.79,57.87,1704881,150211216.00
2013/05/20,57.67,57.67,55.12,56.10,2874880,246546880.00
2013/05/21,56.04,56.45,54.87,55.53,2940483,250295008.00
2013/05/22,55.86,57.99,55.60,56.33,2507843,216964384.00
2013/05/23,55.87,56.87,55.61,56.50,1798645,154949392.00
2013/05/24,56.60,58.87,56.59,58.77,3468756,308480576.00
2013/05/27,58.30,60.11,57.87,58.00,2330839,209740496.00
2013/05/28,57.90,58.79,57.39,58.53,1384327,122869336.00
2013/05/29,58.83,59.27,58.21,58.87,1434940,129087056.00
2013/05/30,58.83,59.37,58.61,58.85,1052604,94774744.00
2013/05/31,59.45,59.67,58.80,58.87,1126261,101941992.00
2013/06/03,58.76,58.94,57.31,57.85,1856392,164322000.00
2013/06/04,57.25,57.76,56.59,57.12,1542366,134596224.00
2013/06/05,57.12,57.13,56.20,56.60,1654502,143159792.00
2013/06/06,56.60,57.33,56.29,56.79,1206136,104934904.00
2013/06/07,56.87,56.92,54.85,54.87,2387818,204065680.00
2013/06/13,53.53,55.20,52.87,54.99,2732176,226038416.00
2013/06/14,55.17,55.50,54.44,55.10,2513781,210841040.00
2013/06/17,54.93,58.17,54.93,57.97,3554166,308636576.00
2013/06/18,57.90,57.90,56.52,57.11,1543898,134059736.00
2013/06/19,56.83,57.17,56.37,57.09,826988,71469232.00
2013/06/20,57.03,57.16,55.23,55.23,1701042,145517520.00
2013/06/21,54.90,57.10,54.66,57.01,1600721,136258368.00
2013/06/24,56.77,57.08,54.44,54.97,3151351,268759552.00
2013/06/25,53.83,55.62,51.89,53.97,4855361,396354432.00
2013/06/26,53.86,56.12,52.50,55.87,3209577,268815168.00
2013/06/27,55.73,56.14,55.03,55.94,1864081,158121680.00
2013/06/28,55.50,56.15,54.56,55.17,2585671,217103008.00
2013/07/01,55.15,58.10,54.71,57.83,4028801,350686944.00
2013/07/02,57.83,62.50,57.83,61.83,7003456,647773376.00
2013/07/03,61.57,64.03,60.70,62.97,3137748,299033536.00
2013/07/04,62.50,63.11,61.99,62.97,1409755,133849248.00
2013/07/05,62.51,63.33,61.57,61.78,1095142,103378392.00
2013/07/08,60.63,62.50,60.27,61.50,1456171,135791088.00
2013/07/09,61.30,64.50,61.17,62.19,1753682,167504992.00
2013/07/10,61.93,63.16,61.75,62.33,1143001,108392800.00
2013/07/11,62.67,64.14,61.79,63.76,2091410,199512336.00
2013/07/12,63.30,65.97,63.15,65.77,2816446,278504224.00
2013/07/15,65.83,67.84,65.17,67.80,2285620,230408576.00
2013/07/16,66.51,68.49,66.37,66.64,2067207,211725280.00
2013/07/17,66.63,67.62,64.50,65.43,1544419,155274480.00
2013/07/18,64.64,66.37,64.53,65.89,1520262,151534784.00
2013/07/19,65.83,67.17,64.77,65.50,1122169,112533632.00
2013/07/22,64.77,66.90,64.50,66.60,1253686,126278864.00
2013/07/23,66.60,69.15,65.85,69.14,1726908,178841184.00
2013/07/24,68.84,73.17,68.23,72.95,3001901,325157472.00
2013/07/25,72.72,73.23,70.17,71.17,1631645,176189712.00
2013/07/26,70.49,72.36,70.27,70.42,1411811,152348736.00
2013/07/29,69.77,70.97,68.93,69.83,2220187,234655216.00
2013/07/30,69.83,71.17,67.50,70.16,1781541,187915376.00
2013/07/31,70.22,70.50,68.50,68.58,1210244,127093296.00
2013/08/01,68.50,70.30,67.70,69.84,2026273,211849728.00
2013/08/02,70.42,70.69,69.33,69.71,830943,88362536.00
2013/08/05,69.70,70.97,69.23,70.97,1444622,153408448.00
2013/08/06,70.50,71.33,69.70,70.63,1670893,179146912.00
2013/08/07,70.60,71.69,69.30,69.83,2071134,221901760.00
2013/08/08,69.70,70.30,69.17,69.39,1288291,136108960.00
2013/08/09,69.39,70.47,68.90,69.00,1354552,143168256.00
2013/08/12,69.37,70.30,66.50,67.77,3233047,333675936.00
2013/08/13,67.50,67.69,65.75,67.00,2491400,251429440.00
2013/08/14,66.73,67.63,66.31,66.89,1645500,167130512.00
2013/08/15,66.88,67.10,65.37,65.37,1795057,179462384.00
2013/08/16,65.23,67.17,64.70,65.77,2617334,262221456.00
2013/08/19,65.85,66.98,65.83,66.83,1265789,127926000.00
2013/08/20,66.70,66.88,65.37,65.86,1408291,141434848.00
2013/08/21,66.69,66.93,65.50,66.82,1482661,149737136.00
2013/08/22,67.00,71.43,67.00,70.70,4704383,501866848.00
2013/08/23,70.71,72.47,69.77,71.54,3247729,351984928.00
2013/08/26,70.85,72.49,70.24,70.91,1844938,200293920.00
2013/08/27,70.71,71.16,69.76,70.37,1152668,122902624.00
2013/08/28,69.84,70.49,68.77,69.57,1491765,157270480.00
2013/08/29,70.03,70.42,68.15,68.16,1097956,114681136.00
2013/08/30,67.83,68.88,67.37,67.83,1044464,107765384.00
2013/09/02,67.83,68.90,66.97,68.33,2173756,223370528.00
2013/09/03,68.49,69.13,67.98,68.90,2095240,218484752.00
2013/09/04,68.35,69.75,68.24,69.43,1587657,167227136.00
2013/09/05,69.43,69.43,67.83,68.10,1250432,130405312.00
2013/09/06,68.17,70.74,67.86,70.49,2124250,226166768.00
2013/09/09,70.49,70.49,68.52,69.67,1804550,190684400.00
2013/09/10,69.70,69.70,67.83,69.17,2164684,225875408.00
2013/09/11,69.12,69.12,66.07,66.86,4072552,414759168.00
2013/09/12,66.85,67.55,65.43,67.17,2650249,267750240.00
2013/09/13,67.30,69.03,66.95,68.61,1886862,194388512.00
2013/09/16,69.15,69.55,67.84,68.63,2105532,220211856.00
2013/09/17,68.40,71.23,68.40,70.15,4026451,429305632.00
2013/09/18,70.50,72.91,67.83,69.83,7496811,804792640.00
2013/09/23,69.70,76.89,68.89,75.43,6001303,672300416.00
2013/09/24,74.55,75.70,73.90,74.47,1734971,196286368.00
2013/09/25,74.17,75.57,71.66,72.76,2286937,254117456.00
2013/09/26,72.50,75.75,71.99,75.00,2081050,234693760.00
2013/09/27,75.01,78.09,74.54,77.33,2525296,295128992.00
2013/09/30,77.34,77.83,75.91,77.21,998507,116440448.00
2013/10/08,76.50,78.70,76.50,76.80,1784343,210094768.00
2013/10/09,76.81,78.29,75.82,76.43,1689092,195688448.00
2013/10/10,76.13,76.73,74.51,76.17,1400551,159946848.00
2013/10/11,75.77,76.16,74.54,75.90,1435206,164130960.00
2013/10/14,76.30,76.35,73.50,74.83,2745835,310065664.00
2013/10/15,74.76,76.90,74.17,74.90,2631285,301715840.00
2013/10/16,74.50,76.83,74.50,76.29,1580727,181732192.00
2013/10/17,76.10,76.48,74.97,75.37,947370,108420248.00
2013/10/18,75.37,75.70,73.17,74.81,1901922,213355840.00
2013/10/21,74.30,75.57,73.03,75.40,1692993,191174688.00
2013/10/22,75.17,77.61,73.33,73.88,2403901,273881312.00
2013/10/23,74.49,74.49,72.04,72.50,1654035,183368400.00
2013/10/24,72.50,73.49,71.51,72.51,1437791,157896688.00
2013/10/25,72.51,73.15,69.91,71.11,1957741,211420544.00
2013/10/28,69.50,69.50,63.97,65.61,6049729,607970624.00
2013/10/29,64.91,68.50,64.50,68.23,3404547,346098112.00
2013/10/30,67.54,68.15,66.37,67.50,2333092,238112384.00
2013/10/31,66.90,68.22,64.07,68.22,2945706,294465216.00
2013/11/01,66.50,69.45,66.07,68.49,1242949,128420312.00
2013/11/04,69.17,69.57,65.50,65.97,2168733,219256112.00
2013/11/05,65.17,66.49,64.50,65.83,2103227,209670352.00
2013/11/06,65.21,65.83,63.05,63.75,3633432,352013696.00
2013/11/07,63.75,64.32,61.97,63.81,2560809,244586032.00
2013/11/08,63.27,64.89,63.17,64.35,1413219,137561744.00
2013/11/11,64.15,66.17,63.17,65.90,1395341,138384688.00
2013/11/12,65.83,67.32,65.31,65.43,1344566,134859200.00
2013/11/13,64.51,65.50,64.23,64.85,895178,87937552.00
2013/11/14,64.85,66.19,64.52,65.91,1106058,110490616.00
2013/11/15,66.20,66.75,65.50,66.50,1332235,133856656.00
2013/11/18,66.50,66.50,65.10,65.50,2252827,224302240.00
2013/11/19,65.57,65.82,64.35,64.51,1696181,166791344.00
2013/11/20,65.38,65.76,64.29,64.81,1537426,151080944.00
2013/11/21,64.68,64.87,64.15,64.47,1121259,109678408.00
2013/11/22,64.97,65.13,64.29,64.50,1132330,111025448.00
2013/11/25,63.50,65.59,63.50,64.74,1294043,127601168.00
2013/11/26,64.74,66.49,64.50,65.91,1340828,133684664.00
2013/11/27,65.83,67.42,65.64,67.19,1526001,155284208.00
2013/11/28,67.39,68.16,67.03,67.29,1551268,159329808.00
2013/11/29,67.17,68.94,67.17,68.50,1289110,134088808.00
2013/12/02,67.84,69.42,65.85,66.24,1331918,137196944.00
2013/12/03,66.31,70.99,65.84,69.74,2353285,247750256.00
2013/12/04,69.57,70.50,68.42,68.81,1677046,176208688.00
2013/12/05,68.81,68.81,67.70,68.13,1062670,109910960.00
2013/12/06,68.13,68.81,67.84,68.63,648876,67272464.00
2013/12/09,68.64,69.32,67.10,67.83,1139983,117479792.00
2013/12/10,67.37,68.17,65.83,66.57,1692396,171486624.00
2013/12/11,65.83,66.37,65.37,66.37,1120723,112081792.00
2013/12/12,65.84,66.83,65.84,66.67,679765,68537168.00
2013/12/13,65.17,66.57,65.17,65.84,1196879,119883456.00
2013/12/16,65.97,66.34,64.50,64.77,1315597,129674680.00
2013/12/17,64.77,66.63,64.33,65.03,1864703,185059056.00
2013/12/18,64.75,65.33,64.47,64.77,1251940,123137528.00
2013/12/19,64.77,65.03,63.63,63.91,1506978,146721856.00
2013/12/20,63.91,64.35,62.51,62.57,2257346,216253616.00
2013/12/23,62.54,65.76,62.34,65.17,2205668,216158000.00
2013/12/24,65.29,67.01,64.51,66.30,1821589,183471824.00
2013/12/25,66.27,66.83,65.71,66.44,755620,75956944.00
2013/12/26,65.84,66.50,65.71,66.25,1123912,112717928.00
2013/12/27,66.83,67.81,65.93,67.27,1764799,179889904.00
2013/12/30,67.04,67.37,64.61,65.30,3137321,311815168.00
2013/12/31,65.63,67.26,65.63,67.16,2520810,255301584.00
2014/01/02,67.15,68.77,65.65,68.53,3114733,320202592.00
2014/01/03,68.71,68.71,66.63,67.07,1741959,177742816.00
2014/01/06,67.05,67.05,65.25,66.24,1639901,164045712.00
2014/01/07,65.51,66.23,65.17,65.69,1222536,122260728.00
2014/01/08,65.69,66.47,65.44,65.69,1031837,103288128.00
2014/01/09,65.55,66.48,65.31,65.83,1333808,133521984.00
2014/01/10,65.71,66.16,64.07,64.46,1605739,157793008.00
2014/01/13,64.46,65.16,64.26,64.69,867736,85165696.00
2014/01/14,64.72,65.16,63.63,64.83,811570,79655856.00
2014/01/15,64.51,65.55,64.35,64.90,888912,87481560.00
2014/01/16,65.12,65.17,63.83,63.83,1339974,130655888.00
2014/01/17,63.77,64.12,63.03,63.67,1471960,141578672.00
2014/01/20,63.20,63.50,60.00,61.83,3796301,353160416.00
2014/01/21,61.24,62.50,60.93,60.93,2528562,236541168.00
2014/01/22,61.50,62.71,61.09,62.25,2269898,213809760.00
2014/01/23,62.25,62.63,61.04,61.54,2866696,268414768.00
2014/01/24,61.47,61.47,60.23,60.77,3770157,348349536.00
2014/01/27,60.50,60.77,58.17,58.90,6084558,546176832.00
2014/01/28,58.97,60.63,57.77,60.53,4333388,386608704.00
2014/01/29,60.50,61.70,59.37,60.27,3067604,282576608.00
2014/01/30,60.29,60.87,59.90,60.39,1467673,134911232.00
2014/02/07,59.72,60.38,58.17,58.47,2727906,243725488.00
2014/02/10,58.63,60.07,58.03,59.90,5111064,459044320.00
2014/02/11,59.89,59.89,59.25,59.35,3923795,355269120.00
2014/02/12,59.47,60.83,59.46,60.34,2615547,239944352.00
2014/02/13,60.33,60.34,59.09,59.23,3003736,271982144.00
2014/02/14,59.04,59.63,58.35,59.10,3495795,312228416.00
2014/02/17,59.21,59.46,57.84,58.42,4822792,427896992.00
2014/02/18,58.43,58.45,57.17,57.27,4496293,393629504.00
2014/02/19,57.45,58.43,56.38,58.38,5105414,444872736.00
2014/02/20,58.33,58.33,57.30,57.45,3268957,287123776.00
2014/02/21,57.36,57.89,57.17,57.57,2511020,219973872.00
2014/02/24,56.73,57.13,55.07,56.10,3531078,301326144.00
2014/02/25,56.10,56.47,54.32,55.17,3744706,318114400.00
2014/02/26,54.83,55.43,54.10,55.11,3112213,259305488.00
2014/02/27,55.50,55.61,53.27,53.63,4091631,337422112.00
2014/02/28,53.41,56.48,53.09,56.43,5657444,477656192.00
2014/03/03,56.57,57.17,55.86,56.43,2736086,235682544.00
2014/03/04,56.40,56.40,53.49,54.22,3728977,308659008.00
2014/03/05,53.84,54.35,52.53,53.09,5368240,433609504.00
2014/03/06,52.84,53.30,51.35,52.97,4405265,350358144.00
2014/03/07,52.82,58.35,52.55,58.35,10102249,865343616.00
2014/03/10,59.01,59.63,57.18,58.37,8337762,745713344.00
2014/03/11,58.23,60.37,57.89,59.51,5842774,529566880.00
2014/03/12,59.09,59.23,56.75,57.71,4300536,379414144.00
2014/03/13,57.70,59.70,57.02,58.03,3573194,318363328.00
2014/03/14,57.57,58.15,56.82,57.21,2703592,235961024.00
2014/03/17,57.77,57.82,56.95,57.47,2780225,241972640.00
2014/03/18,57.57,57.59,56.23,56.23,3293773,284116512.00
2014/03/19,55.83,55.87,54.33,54.68,3061820,255944960.00
2014/03/20,54.61,55.82,53.72,54.01,2953010,245192000.00
2014/03/21,53.30,55.37,53.03,55.17,2914807,241267312.00
2014/03/24,54.82,55.00,53.85,54.50,2091320,172871664.00
2014/03/25,54.25,54.68,54.03,54.37,1563669,129401232.00
2014/03/26,54.19,56.57,54.19,54.97,2987296,252196752.00
2014/03/27,55.28,55.36,53.57,53.83,2589533,213231120.00
2014/03/28,54.53,56.09,54.03,54.63,3258318,271821664.00
2014/03/31,54.80,56.01,54.50,55.17,2815471,237113360.00
2014/04/01,54.83,55.50,53.50,53.93,2983439,245762992.00
2014/04/02,54.03,54.11,52.83,53.16,2512109,203463872.00
2014/04/03,53.15,54.09,52.85,53.17,2151053,175741744.00
2014/04/04,52.90,53.65,51.51,53.49,4224250,338778816.00
2014/04/08,52.97,55.27,52.71,55.26,4557294,378324000.00
2014/04/09,55.19,56.57,55.17,55.68,3511071,299447872.00
2014/04/10,55.69,55.70,54.73,55.57,2971814,249330496.00
2014/04/11,55.82,58.90,55.78,57.67,5838519,513710592.00
2014/04/14,57.69,58.87,57.53,58.23,3417199,301922880.00
2014/04/15,57.67,57.83,56.79,56.82,1698456,147970112.00
2014/04/16,56.81,57.33,56.30,56.47,1391894,120320648.00
2014/04/17,56.45,57.31,56.00,56.23,1167911,100691552.00
2014/04/18,55.83,56.75,55.49,56.17,1027319,87904672.00
2014/04/21,55.51,57.95,55.51,56.17,1675181,145525104.00
2014/04/22,56.23,57.43,55.51,56.17,1742140,148951856.00
2014/04/23,55.83,56.08,54.98,55.50,1485560,125246184.00
2014/04/24,55.19,56.95,54.83,56.66,2189412,186346016.00
2014/04/25,56.68,57.43,56.25,56.53,2471762,213151888.00
2014/04/28,56.70,56.89,54.23,54.23,2683813,225450864.00
2014/04/29,54.23,54.63,53.17,54.27,2257459,184799552.00
2014/04/30,56.50,57.96,55.74,55.83,4361943,375827552.00
2014/05/05,55.31,57.43,55.30,57.17,1943427,167063616.00
2014/05/06,57.17,58.10,56.98,57.83,2374210,208562016.00
2014/05/07,57.97,58.26,57.09,57.20,1484723,130429008.00
2014/05/08,57.07,57.90,56.83,57.80,1660012,145036000.00
2014/05/09,57.80,58.09,57.17,57.90,2311821,202362656.00
2014/05/12,58.22,59.84,58.10,59.10,3592595,323421120.00
2014/05/13,59.12,59.59,58.31,59.31,1993921,179232352.00
2014/05/14,59.31,59.44,58.74,59.10,837059,75380968.00
2014/05/15,58.90,58.90,57.17,57.94,1868025,164691664.00
2014/05/16,57.93,57.93,56.75,57.21,1354148,117532704.00
2014/05/19,57.10,57.10,55.84,56.49,1463629,125491376.00
2014/05/20,56.59,57.20,56.06,56.51,1374887,118555728.00
2014/05/21,56.55,57.23,56.03,57.23,956208,82611400.00
2014/05/22,57.30,57.83,57.23,57.27,1398638,122532112.00
2014/05/23,57.17,57.70,56.91,57.23,860473,75030440.00
2014/05/26,57.88,58.21,56.68,57.57,1816243,158656704.00
2014/05/27,57.57,57.75,57.19,57.38,1414354,123727496.00
2014/05/28,57.03,57.76,56.90,57.46,2427575,140356064.00
2014/05/29,57.75,57.75,56.51,56.82,2052522,118085568.00
2014/05/30,56.82,57.10,56.05,57.03,2182284,124435360.00
2014/06/03,57.01,57.23,55.89,56.19,3091935,175468032.00
2014/06/04,56.17,56.18,54.55,55.03,3374451,187074624.00
2014/06/05,54.93,55.28,53.50,54.78,5504594,301089536.00
2014/06/06,54.78,54.90,53.70,53.92,2589420,141265456.00
2014/06/09,53.81,53.81,53.14,53.20,4289696,231150416.00
2014/06/10,53.24,54.60,53.24,54.49,4677134,255219200.00
2014/06/11,54.69,54.72,53.50,54.17,3058745,166632640.00
2014/06/12,54.10,54.50,53.71,54.13,1805381,98564392.00
2014/06/13,54.00,54.45,53.74,54.34,4179650,228148032.00
2014/06/16,54.51,54.55,53.80,53.89,4101947,223460880.00
2014/06/17,53.85,53.88,52.91,53.19,5087009,273388224.00
2014/06/18,52.92,53.24,52.73,53.00,2979687,159158768.00
2014/06/19,53.16,53.18,50.80,51.48,8005199,416149824.00
2014/06/20,51.03,51.47,50.30,50.85,5486751,280938496.00
2014/06/23,50.86,50.88,49.49,49.57,10118375,508747648.00
2014/06/24,49.58,50.04,49.40,49.98,5308194,266767440.00
2014/06/25,49.95,50.00,49.30,49.86,4080693,204535952.00
2014/06/26,49.80,50.25,49.56,50.05,5280750,266145776.00
2014/06/27,50.00,51.10,49.60,51.10,5845954,297745824.00
2014/06/30,51.10,51.95,50.65,51.70,5507886,286303200.00
2014/07/01,51.95,51.95,51.00,51.09,3121731,161583856.00
2014/07/02,51.11,51.30,50.23,50.64,3987687,203853376.00
2014/07/03,50.64,51.64,50.35,51.19,5365965,277834976.00
2014/07/04,51.22,51.44,50.67,50.80,2875301,147807648.00
2014/07/07,50.80,51.40,50.39,50.91,4242606,217584464.00
2014/07/08,50.90,51.15,49.99,50.57,4393592,223424624.00
2014/07/09,50.40,50.40,48.20,48.40,12435808,617229504.00
2014/07/10,48.40,48.64,47.19,47.49,7673036,370037696.00
2014/07/11,47.49,48.33,47.29,47.80,4418917,213116976.00
2014/07/14,47.80,47.88,46.60,47.77,8953483,426995136.00
2014/07/15,47.76,49.45,47.50,49.41,10467738,517303008.00
2014/07/16,49.41,49.91,48.90,49.39,5615423,280522464.00
2014/07/17,49.39,49.48,48.62,48.99,2313973,114377832.00
2014/07/18,48.93,50.08,48.66,49.34,5173052,258622432.00
2014/07/21,49.20,51.88,48.81,51.50,14301577,734033280.00
2014/07/22,50.94,51.75,50.94,51.41,7353717,381604896.00
2014/07/23,51.38,51.68,50.80,51.11,4606691,237981712.00
2014/07/24,51.02,52.98,51.02,52.57,9688491,511695360.00
2014/07/25,52.65,52.90,52.02,52.49,5534424,292981408.00
2014/07/28,52.85,54.10,52.85,53.05,7784165,419854816.00
2014/07/29,53.10,53.50,52.57,53.09,6732324,360976480.00
2014/07/30,53.09,54.10,52.91,53.70,6564388,356080192.00
2014/07/31,53.70,54.00,52.68,53.58,5379290,289349984.00
2014/08/01,53.20,55.58,53.20,54.25,11422613,630628672.00
2014/08/04,55.50,55.98,54.61,55.05,7284986,405262496.00
2014/08/05,55.05,55.78,54.53,55.28,5406445,300109824.00
2014/08/06,55.00,55.00,54.35,54.75,3665638,202477760.00
2014/08/07,54.75,54.80,52.90,52.92,6881907,373136576.00
2014/08/08,52.92,53.56,52.60,53.24,4115546,220703488.00
2014/08/11,53.28,53.60,52.85,53.59,5057891,272066688.00
2014/08/12,53.58,53.60,52.38,52.55,9217948,490938336.00
2014/08/13,52.56,53.64,52.50,52.80,6939482,371704608.00
2014/08/14,52.85,53.35,52.57,52.69,4207405,224792064.00
2014/08/15,52.69,53.25,52.60,53.08,3959013,211907968.00
2014/08/18,53.05,53.49,53.05,53.39,4391286,236063120.00
2014/08/19,53.52,53.58,52.89,53.30,5640538,302933792.00
2014/08/20,53.29,53.30,52.38,52.46,7256851,384945568.00
2014/08/21,52.49,52.77,52.19,52.64,3994139,211522768.00
2014/08/22,52.75,53.17,51.68,51.93,10532259,554786624.00
2014/08/25,51.90,51.90,50.10,50.32,11897211,607496384.00
2014/08/26,50.20,50.26,49.35,49.49,8885269,445614368.00
2014/08/27,49.50,50.09,49.34,49.50,6549168,328120512.00
2014/08/28,49.50,49.65,48.93,49.29,5871689,291516480.00
2014/08/29,49.34,49.73,49.34,49.55,4375305,218808304.00
2014/09/01,49.55,50.32,49.55,50.26,6540067,330987424.00
2014/09/02,50.41,50.60,49.96,50.60,7385920,375782560.00
2014/09/03,50.71,51.30,50.70,51.04,7683428,396104000.00
2014/09/04,51.14,51.24,50.58,51.08,8689563,446708992.00
2014/09/05,51.23,52.00,51.20,51.93,8792486,456995008.00
2014/09/09,51.91,51.92,51.36,51.87,6023651,314135648.00
2014/09/10,51.80,51.80,51.01,51.30,6167848,319537152.00
2014/09/11,51.30,51.68,50.88,50.93,8457324,436732320.00
2014/09/12,50.80,50.85,50.36,50.75,6933329,354150336.00
2014/09/15,50.64,51.01,50.50,50.82,6537634,335353664.00
2014/09/16,51.17,51.25,49.85,49.95,8384799,428488128.00
2014/09/17,50.10,50.29,49.50,50.07,5640509,284417984.00
2014/09/18,50.00,51.10,49.82,50.85,7602215,389506912.00
2014/09/19,50.90,51.47,50.90,51.33,7793406,403130816.00
2014/09/22,51.36,51.43,50.60,50.70,5038485,259049536.00
2014/09/23,50.70,51.30,50.67,50.95,5616159,289148480.00
2014/09/24,50.81,51.57,50.69,51.52,9418334,486981472.00
2014/09/25,51.80,52.05,51.01,51.06,7666771,399218176.00
2014/09/26,50.89,51.13,50.29,50.61,6736794,343868192.00
2014/09/29,50.66,50.97,50.40,50.65,6572149,335995872.00
2014/09/30,50.66,50.79,50.43,50.77,5595526,285993440.00
2014/10/08,50.90,55.90,50.51,55.90,38892051,2126797952.00
2014/10/09,56.50,56.65,54.96,55.64,23883538,1343791488.00
2014/10/10,55.49,55.97,54.30,54.97,17084877,949159808.00
2014/10/13,54.80,56.42,54.36,55.80,19135515,1071781632.00
2014/10/14,55.50,56.05,54.20,54.36,14134499,783626368.00
2014/10/15,54.36,56.42,54.13,55.58,17549988,984523392.00
2014/10/16,55.50,57.35,55.00,55.33,17307632,980306176.00
2014/10/17,55.16,56.40,54.63,55.80,11733670,657144704.00
2014/10/20,56.00,56.94,55.60,56.16,11603832,660259200.00
2014/10/21,56.19,56.19,54.82,55.24,8615521,480727712.00
2014/10/22,55.06,55.46,53.80,53.81,8350992,458658080.00
2014/10/23,53.80,54.18,52.40,52.60,8656703,462982304.00
2014/10/24,52.60,53.00,51.47,52.10,6590462,347108704.00
2014/10/27,51.95,52.62,51.16,52.62,7128962,372622112.00
2014/10/28,52.80,53.39,52.21,53.36,8990738,478891584.00
2014/10/29,54.10,54.55,53.00,54.10,15309818,831389376.00
2014/10/30,54.17,54.17,52.72,52.87,13799985,740981568.00
2014/10/31,53.00,53.10,52.30,52.97,10095827,536106336.00
2014/11/03,53.00,53.25,52.56,52.96,9255118,493727520.00
2014/11/04,52.89,52.89,52.15,52.20,7439049,393002624.00
2014/11/05,52.25,52.70,52.03,52.59,6220335,328931584.00
2014/11/06,52.59,52.85,52.33,52.64,6125931,325048320.00
2014/11/07,52.70,52.73,51.55,51.59,10225281,538591360.00
2014/11/10,51.75,53.47,51.75,53.30,17501461,937796928.00
2014/11/11,53.40,54.47,52.81,53.74,19727253,1067484992.00
2014/11/12,53.75,54.38,53.16,53.56,9492077,512514816.00
2014/11/13,53.58,53.65,52.20,52.50,9435304,501893920.00
2014/11/14,52.36,55.00,52.20,54.66,20742575,1134801408.00
2014/11/17,55.05,55.50,53.90,54.04,12558619,687236928.00
2014/11/18,53.89,53.93,52.70,53.13,9509027,509800896.00
2014/11/19,53.10,53.20,52.70,53.00,6521707,348331232.00
2014/11/20,52.84,53.40,52.69,52.72,6694142,357781472.00
2014/11/21,52.55,53.20,52.54,53.06,6914482,369876864.00
2014/11/24,53.29,54.30,52.77,54.03,16722230,906827840.00
2014/11/25,54.03,54.20,53.45,54.14,11485449,623269120.00
2014/11/26,54.19,55.35,53.69,55.35,21137835,1164093824.00
2014/11/27,55.36,56.35,55.05,55.51,20364218,1139427584.00
2014/11/28,55.50,55.51,54.30,55.49,17169147,948245248.00
2014/12/01,55.30,57.34,54.83,57.21,22555495,1281850368.00
2014/12/02,57.16,58.00,56.71,57.70,18487776,1070724160.00
2014/12/03,57.71,60.05,56.73,57.93,23364107,1373126144.00
2014/12/04,58.00,59.98,57.96,59.00,21585871,1284483712.00
2014/12/05,58.98,60.19,56.52,58.60,27169942,1596608896.00
2014/12/08,58.13,60.30,57.00,60.29,28662794,1695315712.00
2014/12/09,60.30,62.15,58.60,59.50,34360677,2100750848.00
2014/12/10,58.95,61.50,58.50,61.50,22940123,1381703808.00
2014/12/11,61.00,61.48,59.38,59.70,14133644,858703040.00
2014/12/12,59.52,60.06,59.09,59.81,11954261,717873600.00
2014/12/15,59.50,59.90,58.71,59.65,12383709,740918208.00
2014/12/16,59.50,59.50,57.99,58.40,14547915,856429376.00
2014/12/17,58.40,59.17,57.66,58.30,11962435,703582336.00
2014/12/18,58.30,59.80,57.90,59.38,12972874,773891776.00
2014/12/19,59.20,59.20,57.50,58.05,21377057,1251464704.00
2014/12/22,58.00,58.00,55.96,56.89,11327009,645931456.00
2014/12/23,56.50,58.49,56.20,58.30,11470429,667225280.00
2014/12/24,58.30,59.16,57.50,58.05,10805216,637927488.00
2014/12/25,58.19,58.39,57.09,58.21,8242455,479470112.00
2014/12/26,58.21,58.52,57.51,58.15,7180487,420118336.00
2014/12/29,58.14,59.00,57.60,58.46,11734586,693049984.00
2014/12/30,58.50,61.50,58.46,60.31,16163221,982670656.00
2014/12/31,60.30,63.37,60.01,62.65,20437058,1270684416.00
2015/01/05,62.67,65.50,62.09,64.45,19848954,1278906880.00
2015/01/06,64.40,69.95,63.50,66.73,23261820,1566886912.00
2015/01/07,66.45,66.70,65.13,66.20,11336545,751573184.00
2015/01/08,66.08,69.09,65.87,66.20,11535632,778768000.00
2015/01/09,66.20,66.87,64.30,64.30,13238017,871056064.00
2015/01/12,64.30,65.49,63.10,64.60,11340251,735711168.00
2015/01/13,64.60,66.08,64.38,64.47,6910348,454608896.00
2015/01/14,64.50,65.09,63.51,64.06,5269655,341353184.00
2015/01/15,64.18,64.99,63.50,64.50,6303453,407352064.00
2015/01/16,64.52,65.55,64.01,65.52,6749404,441314208.00
2015/01/19,64.40,65.45,61.52,62.20,11043932,707954368.00
2015/01/20,62.35,63.48,62.35,63.40,8864623,562294656.00
2015/01/21,63.41,64.60,63.00,64.60,8604304,556093888.00
2015/01/22,64.60,65.35,64.18,64.89,7530521,491493760.00
2015/01/23,64.88,65.35,63.50,64.15,8055188,520799936.00
2015/01/26,64.00,66.35,63.81,66.06,10093093,667313088.00
2015/01/27,66.08,66.99,64.40,65.43,8857213,586272128.00
2015/01/28,65.08,65.40,63.53,63.79,7844658,508776352.00
2015/01/29,63.48,63.48,62.20,62.40,6920287,436864992.00
2015/01/30,62.88,63.13,61.68,62.44,5499093,346616800.00
2015/02/02,61.50,62.42,61.30,61.65,5365582,334659424.00
2015/02/03,62.19,62.70,61.90,62.70,5184047,325750016.00
2015/02/04,63.03,63.03,61.57,61.62,5329315,333885600.00
2015/02/05,62.16,62.35,60.51,60.57,7465052,460442368.00
2015/02/06,60.57,61.00,59.36,59.52,6870979,416091456.00
2015/02/09,59.40,60.38,59.39,59.90,4292291,259093680.00
2015/02/10,59.90,60.38,59.58,60.18,4909951,297267264.00
2015/02/11,60.01,61.10,60.01,60.79,4577112,279914464.00
2015/02/12,60.86,61.37,60.70,60.72,3423246,210364160.00
2015/02/13,60.87,61.96,60.87,61.24,5454190,338173280.00
2015/02/16,61.25,61.80,61.21,61.50,5901482,365565408.00
2015/02/17,61.72,62.25,61.67,62.18,4781028,298333504.00
2015/02/25,62.20,62.29,60.71,60.88,5914419,365702816.00
2015/02/26,60.60,61.45,60.16,61.44,5745155,351578304.00
2015/02/27,61.38,62.20,60.96,61.78,5160838,321555968.00
2015/03/02,62.08,62.20,61.60,62.07,5950844,371637536.00
2015/03/03,62.08,63.74,62.08,62.38,14096367,891116160.00
2015/03/04,62.33,64.01,61.77,63.88,12975418,826558016.00
2015/03/05,63.50,64.30,62.65,63.09,8550308,545452224.00
2015/03/06,62.99,62.99,61.50,61.57,7553428,471863456.00
2015/03/09,61.56,62.00,60.50,61.85,7846814,484069376.00
2015/03/10,61.81,63.72,61.48,63.31,9337556,586488896.00
2015/03/11,63.31,63.86,62.30,62.67,7508331,476622784.00
2015/03/12,62.68,63.68,62.38,62.88,8514763,541064320.00
2015/03/13,63.01,63.18,61.52,62.37,9039186,569516864.00
2015/03/16,62.45,63.98,62.30,63.88,11843885,757949376.00
2015/03/17,64.18,64.24,63.19,63.50,15387339,986254976.00
2015/03/18,63.60,64.90,63.48,64.90,16940734,1093512960.00
2015/03/19,64.85,64.86,63.98,64.43,12636598,820296000.00
2015/03/20,64.31,65.36,64.21,64.85,12077807,788838784.00
2015/03/23,64.87,66.06,64.80,65.60,15191093,1000591808.00
2015/03/24,65.60,68.50,64.10,67.65,21523263,1431112704.00
2015/03/25,66.50,67.58,66.40,66.98,12061352,813222592.00
2015/03/26,66.50,66.65,65.48,65.86,9781483,650854720.00
2015/03/27,65.75,66.29,65.45,66.00,8678469,576455104.00
2015/03/30,66.19,67.22,65.66,66.78,14893815,996143040.00
2015/03/31,67.16,68.14,66.01,66.15,15299161,1033344064.00
2015/04/01,66.16,67.56,65.93,67.50,14249939,961072192.00
2015/04/02,67.59,68.63,66.46,67.63,12917613,879473024.00
2015/04/03,67.52,68.14,67.08,67.55,11235463,763589376.00
2015/04/07,68.09,69.76,67.51,69.53,19648331,1357917312.00
2015/04/08,69.85,70.23,67.96,68.61,16211621,1126801024.00
2015/04/09,68.61,68.61,66.15,67.40,16204563,1097829120.00
2015/04/10,67.34,68.67,66.70,68.65,17391144,1188302080.00
2015/04/13,68.65,70.50,68.35,69.52,19102667,1339093504.00
2015/04/14,69.53,73.15,68.90,72.10,22747222,1622776192.00
2015/04/15,71.65,71.72,68.79,68.80,16747140,1179788928.00
2015/04/16,68.80,72.58,68.16,71.50,19150621,1361673856.00
2015/04/17,71.60,72.80,70.30,71.10,18145576,1303969280.00
2015/04/20,70.51,71.00,69.36,69.54,16796112,1185936640.00
2015/04/21,69.46,72.22,69.30,72.01,15014284,1075468288.00
2015/04/22,72.16,74.76,72.02,74.40,15803290,1165969792.00
2015/04/23,73.90,74.48,72.48,73.13,12334288,909218880.00
2015/04/24,72.30,72.79,71.02,71.58,12249750,885792192.00
2015/04/27,72.50,73.56,71.30,72.10,12312427,892477376.00
2015/04/28,72.49,73.16,69.02,69.49,18551900,1320776704.00
2015/04/29,69.29,70.38,68.51,70.00,11050873,774645568.00
2015/04/30,69.99,70.39,68.90,68.98,16288396,1136524544.00
2015/05/04,68.99,69.26,67.52,67.80,13008149,890813760.00
2015/05/05,67.90,68.48,67.20,67.46,10792011,738314112.00
2015/05/06,68.01,69.48,67.27,67.79,13455548,928149376.00
2015/05/07,67.78,68.48,66.16,66.37,9752062,660279744.00
2015/05/08,66.75,68.31,66.75,67.64,12202891,830978176.00
2015/05/11,68.10,69.50,67.30,69.32,14872949,1027038720.00
2015/05/12,69.32,69.70,68.70,69.35,11491323,801547840.00
2015/05/13,69.18,69.39,68.19,68.76,10690134,740187840.00
2015/05/14,68.88,68.89,67.46,67.64,9746362,666104576.00
2015/05/15,67.60,68.50,66.88,67.92,9588602,654564032.00
2015/05/18,67.90,67.99,67.30,67.32,7615698,518123456.00
2015/05/19,67.33,69.00,66.93,68.89,11621687,798475456.00
2015/05/20,68.89,69.98,68.50,69.02,14376373,1000578688.00
2015/05/21,68.79,70.97,68.50,70.81,16111163,1135513088.00
2015/05/22,70.91,71.16,69.61,70.96,14859040,1053903104.00
2015/05/25,70.79,73.58,70.50,72.66,19894917,1453032576.00
2015/05/26,72.60,73.56,71.50,73.32,26083396,1900869120.00
2015/05/27,73.14,73.69,71.88,73.30,21862136,1599883904.00
2015/05/28,73.30,76.16,70.30,70.85,25782793,1919846144.00
2015/05/29,70.85,74.50,69.51,74.48,26125185,1903510400.00
2015/06/01,75.04,77.80,74.35,77.51,29901232,2305229824.00
2015/06/02,77.51,77.51,75.51,76.58,16466457,1264120832.00
2015/06/03,76.50,76.90,74.90,76.32,13599888,1037932672.00
2015/06/04,76.45,76.45,69.55,75.24,15199631,1125357568.00
2015/06/05,74.68,75.72,73.69,74.39,15601708,1175452672.00
2015/06/08,74.39,75.90,73.63,75.17,13687208,1030810944.00
2015/06/09,75.20,75.69,72.53,73.32,12787638,951317184.00
2015/06/10,73.11,74.36,72.51,73.53,11672654,867946432.00
2015/06/11,73.56,74.80,73.56,74.55,10064808,751732928.00
2015/06/12,74.88,75.95,74.21,75.51,12284851,927323264.00
2015/06/15,75.50,83.11,75.50,83.11,31132510,2539202304.00
2015/06/16,83.50,85.85,80.61,83.67,27772059,2335924992.00
2015/06/17,83.67,84.64,79.50,83.28,14966787,1236063488.00
2015/06/18,81.90,85.83,81.50,81.60,15201020,1277851392.00
2015/06/19,80.75,83.31,79.08,79.80,14099598,1144481024.00
2015/06/23,80.50,87.83,79.50,87.79,26782817,2290419712.00
2015/06/24,88.38,88.81,85.50,88.20,18428865,1614767744.00
2015/06/25,87.38,88.14,84.73,85.89,13475014,1168713856.00
2015/06/26,84.50,87.44,77.25,79.81,25652772,2128007424.00
2015/06/29,83.00,84.86,73.20,79.23,22693074,1838922112.00
2015/06/30,79.23,86.50,76.00,85.77,25799850,2112527488.00
2015/07/01,84.50,86.68,79.75,80.49,17710450,1487916160.00
2015/07/02,80.49,81.10,73.73,75.00,16598284,1287412736.00
2015/07/03,74.50,78.50,69.41,74.50,17999858,1335287424.00
2015/07/06,81.50,81.50,69.55,75.50,22632855,1728896640.00
2015/07/07,73.50,73.70,69.57,70.82,22432662,1603386624.00
2015/07/08,63.69,66.03,63.69,63.70,31081445,2020842496.00
2015/07/09,63.70,70.12,63.70,70.12,19928426,1364652800.00
2015/07/10,71.85,77.18,70.75,76.28,42897148,3262061568.00
2015/07/13,74.50,80.35,72.52,76.49,30238045,2332176896.00
2015/07/14,75.38,76.78,73.50,74.00,15701274,1179239040.00
2015/07/15,72.68,73.99,69.06,70.10,11552066,829270400.00
2015/07/16,70.10,73.06,67.50,71.46,9246962,664820608.00
2015/07/17,71.50,74.50,71.46,73.92,7582301,559363328.00
2015/07/20,73.92,75.07,72.88,73.80,7841610,582749632.00
2015/07/21,73.45,75.57,72.68,74.50,8914272,662249728.00
2015/07/22,74.00,75.00,72.80,73.15,6649546,491146592.00
2015/07/23,73.45,75.80,72.38,74.60,8780448,650898048.00
2015/07/24,74.70,77.95,73.81,77.15,13998404,1060495232.00
2015/07/27,75.50,77.15,70.00,70.60,10763275,796833536.00
2015/07/28,69.18,73.99,69.02,73.00,15390300,1106781952.00
2015/07/29,73.00,74.31,71.53,73.80,6862354,499549888.00
2015/07/30,73.50,73.78,72.18,72.19,6490544,473030816.00
2015/07/31,71.47,73.60,70.85,73.57,7463714,545097152.00
2015/08/03,72.58,75.18,72.20,75.18,7823914,581850752.00
2015/08/04,75.10,76.55,73.90,75.95,6288701,475465152.00
2015/08/05,75.95,77.50,75.00,75.10,5664351,432073888.00
2015/08/06,75.00,76.10,74.20,74.31,2907773,218685936.00
2015/08/07,75.00,76.50,74.31,75.02,5967321,447298176.00
2015/08/10,75.38,77.43,75.02,76.59,12086140,920620224.00
2015/08/11,76.60,77.38,75.76,76.99,5737634,439097376.00
2015/08/12,76.50,78.57,75.14,75.30,6166099,475532160.00
2015/08/13,75.26,76.10,74.19,75.42,3751864,281402336.00
2015/08/14,75.53,75.89,74.40,74.79,4528644,339375872.00
2015/08/17,74.40,74.96,73.91,74.84,2619445,195065120.00
2015/08/18,74.90,76.55,71.10,71.15,8151069,608073536.00
2015/08/19,70.10,73.29,70.00,72.73,5963845,426489792.00
2015/08/20,72.19,73.36,70.80,71.28,5670160,408072512.00
2015/08/21,70.49,71.91,68.88,69.39,5589657,393652512.00
2015/08/24,67.34,67.34,62.45,62.45,11134560,705959040.00
2015/08/25,59.99,62.88,58.36,59.36,7415516,448135200.00
2015/08/26,60.26,65.30,59.38,62.09,7874902,493976128.00
2015/08/27,62.61,65.00,62.61,64.90,4502803,288469664.00
2015/08/28,64.79,67.99,64.70,67.25,5221936,346221536.00
2015/08/31,66.99,69.50,65.00,69.37,4855015,327511232.00
2015/09/01,68.01,71.56,66.45,71.55,11973085,842705152.00
2015/09/02,66.00,71.50,66.00,71.38,12233231,865023680.00
2015/09/07,70.00,71.17,66.00,66.90,7571148,518149984.00
2015/09/08,66.18,68.52,65.51,68.50,2833063,190447760.00
2015/09/09,68.61,71.49,68.61,70.68,5120583,360744544.00
2015/09/10,69.60,71.00,68.80,69.09,2188047,153670768.00
2015/09/11,69.00,69.99,67.02,68.39,3266730,222506400.00
2015/09/14,68.51,69.20,66.88,68.19,4584564,312449056.00
2015/09/15,67.51,67.88,64.40,65.33,2530102,166359248.00
2015/09/16,65.50,70.00,64.55,69.00,4727059,317018272.00
2015/09/17,67.50,68.28,66.51,67.00,3287854,220716848.00
2015/09/18,67.00,67.26,66.00,66.10,2149118,142748304.00
2015/09/21,65.60,67.53,65.60,66.99,2865776,191067568.00
2015/09/22,67.00,68.16,66.70,68.01,2173302,147230160.00
2015/09/23,67.55,67.90,67.04,67.30,1372001,92499592.00
2015/09/24,67.30,67.80,66.11,66.65,1893377,125907984.00
2015/09/25,66.66,66.66,64.50,65.50,2096738,137165456.00
2015/09/28,65.40,65.41,64.58,65.20,1396799,90869248.00
2015/09/29,64.61,64.94,63.30,63.45,2657660,169857312.00
2015/09/30,63.55,64.50,63.40,64.00,2919845,186337056.00
2015/10/08,66.50,66.80,65.32,66.02,3845688,254082528.00
2015/10/09,65.75,66.10,65.15,65.93,3077736,201974192.00
2015/10/12,66.01,69.09,65.94,68.48,5087762,345235520.00
2015/10/13,68.00,68.59,67.40,68.40,2360260,160626704.00
2015/10/14,68.02,68.50,67.21,67.70,2657456,179859984.00
2015/10/15,67.50,68.70,67.17,68.50,2218353,151173792.00
2015/10/16,68.62,69.29,67.85,68.41,2461664,168840864.00
2015/10/19,68.50,69.07,67.10,67.10,3647801,249117584.00
2015/10/20,67.12,68.05,67.05,67.79,3208010,216616176.00
2015/10/21,67.65,68.69,65.77,66.80,3705129,250177552.00
2015/10/22,66.77,67.50,66.00,67.38,3675222,245648256.00
2015/10/23,67.70,69.50,67.30,68.93,5340665,366543456.00
2015/10/26,69.50,69.66,68.08,68.70,2966080,203429968.00
2015/10/27,68.60,68.60,67.00,68.02,2233791,151109296.00
2015/10/28,67.95,68.94,67.10,67.29,2024844,137640016.00
2015/10/29,67.33,68.35,66.88,68.12,2069003,139689440.00
2015/10/30,68.00,68.00,66.90,67.35,2619405,176386592.00
2015/11/02,66.95,67.80,66.80,66.97,2130347,143267808.00
2015/11/03,67.00,67.49,66.00,66.06,2006166,133427864.00
2015/11/04,66.25,68.96,66.25,68.39,5852537,398309536.00
2015/11/05,67.90,70.16,67.70,69.25,6346573,436884672.00
2015/11/06,68.96,69.80,68.65,69.52,4201661,290814432.00
2015/11/09,70.00,71.50,69.95,70.46,4511582,319125344.00
2015/11/10,70.20,70.76,69.69,70.36,3034532,212954864.00
2015/11/11,70.00,70.38,69.11,70.29,4074030,283494304.00
2015/11/12,70.19,71.47,69.86,70.89,3241158,228157472.00
2015/11/13,70.10,70.64,69.85,70.20,3117869,219039488.00
2015/11/16,69.24,70.14,69.20,70.07,2174983,151902624.00
2015/11/17,70.23,73.00,70.23,71.84,4059140,291517856.00
2015/11/18,71.90,72.79,71.03,72.30,2881555,207705888.00
2015/11/19,72.00,72.70,71.32,72.00,2084653,150052496.00
2015/11/20,72.05,72.28,70.58,71.10,3642911,259340752.00
2015/11/23,71.01,71.37,70.60,71.05,1815630,128701264.00
2015/11/24,71.07,71.20,69.92,70.10,2127737,149456096.00
2015/11/25,70.28,70.42,69.85,70.36,2582708,180951264.00
2015/11/26,70.37,70.49,69.92,70.45,2222686,156096880.00
2015/11/27,70.37,71.00,68.20,69.00,3136778,218430512.00
2015/11/30,69.00,69.29,66.60,67.68,3265874,221493136.00
2015/12/01,67.68,68.96,66.81,68.28,2489985,169296336.00
2015/12/02,68.33,71.29,68.03,71.28,6877838,483573376.00
2015/12/03,70.80,71.26,69.81,70.28,3931108,276383744.00
2015/12/04,70.00,70.68,69.80,70.49,2550686,178991488.00
2015/12/07,70.58,73.48,70.18,72.00,6086138,439011488.00
2015/12/08,71.55,74.93,71.12,72.46,5195272,379415968.00
2015/12/09,72.38,73.77,71.70,72.40,2847991,206638288.00
2015/12/10,72.36,74.40,71.77,72.83,3430071,251655488.00
2015/12/11,72.30,73.49,71.25,71.50,2521851,182017904.00
2015/12/14,71.38,73.50,71.15,73.48,3293479,238525632.00
2015/12/15,73.27,73.79,72.52,73.17,1814623,132470440.00
2015/12/16,73.01,73.28,71.32,71.78,3110086,224589728.00
2015/12/17,72.10,73.30,72.01,72.92,2980428,216990416.00
2015/12/18,72.54,74.27,72.50,74.07,3693745,272894784.00
2015/12/21,73.82,81.35,73.82,79.34,9186090,726266560.00
2015/12/22,79.50,79.70,77.60,78.60,4314953,337446912.00
2015/12/23,78.70,81.25,77.00,77.20,4968044,392032832.00
2015/12/24,77.15,77.43,74.79,75.94,4898698,370342368.00
2015/12/25,75.95,77.00,75.28,76.09,3062973,232928752.00
2015/12/28,76.10,76.30,73.62,74.35,3819644,285584288.00
2015/12/29,74.20,75.15,73.85,74.35,2827881,210446512.00
2015/12/30,74.51,75.17,74.25,74.40,3145048,234680784.00
2015/12/31,74.35,74.98,72.50,72.62,4998778,367208736.00
2016/01/04,72.69,72.97,67.29,67.87,3369545,239333872.00
2016/01/05,67.88,70.00,67.88,69.20,6627393,455735872.00
2016/01/06,69.30,69.30,68.30,69.30,4626203,318648640.00
2016/01/07,68.60,68.60,64.47,64.58,1503601,99516640.00
2016/01/08,66.00,67.00,64.02,65.49,6775701,446697152.00
2016/01/11,65.05,65.98,63.01,63.40,4467672,288658720.00
2016/01/12,63.55,64.25,63.01,63.56,4441776,282561920.00
2016/01/13,63.93,63.93,61.00,61.36,5618097,352276576.00
2016/01/14,60.36,62.70,59.90,62.21,6253181,382866560.00
2016/01/15,61.39,62.18,60.00,60.20,6230328,377852608.00
2016/01/18,59.80,61.23,59.12,61.12,4361569,264647152.00
2016/01/19,61.09,62.60,60.25,62.30,6431997,395368128.00
2016/01/20,61.98,62.22,60.48,60.60,4258310,261069648.00
2016/01/21,59.91,61.22,59.30,59.30,3012557,181699088.00
2016/01/22,59.62,60.16,58.40,59.30,5156435,304462144.00
2016/01/25,59.81,61.10,59.30,60.74,4350665,262533152.00
2016/01/26,60.25,60.50,58.00,58.03,5405229,321723360.00
2016/01/27,58.09,58.75,56.70,57.96,5171213,297468352.00
2016/01/28,57.70,58.73,57.31,57.96,2862657,166353760.00
2016/01/29,58.10,60.11,58.00,59.99,2879513,171229632.00
2016/02/01,60.00,60.47,58.71,59.33,2174563,129869400.00
2016/02/02,59.45,61.30,59.45,60.89,3048015,185191184.00
2016/02/03,60.70,60.88,60.03,60.64,2067680,125196384.00
2016/02/04,60.65,61.36,60.60,60.90,2086284,127219344.00
2016/02/05,60.92,61.18,60.50,60.60,1597531,97180504.00
2016/02/15,60.00,60.48,59.03,59.98,1503189,90061376.00
2016/02/16,60.31,61.55,60.25,61.35,3513075,214419520.00
2016/02/17,61.49,61.89,60.58,61.49,3926770,240775216.00
2016/02/18,61.62,61.88,60.11,60.84,6875382,418670912.00
2016/02/19,60.48,61.00,60.10,60.30,2475445,149772400.00
2016/02/22,60.94,61.20,60.36,61.11,3474032,211507456.00
2016/02/23,61.11,61.20,59.75,60.12,4152456,250546720.00
2016/02/24,60.00,60.44,59.33,60.17,2622858,157194192.00
2016/02/25,60.10,60.10,56.96,57.00,4389385,256593008.00
2016/02/26,57.11,58.25,56.99,57.00,3181851,183122160.00
2016/02/29,57.30,57.41,53.50,55.00,4377554,240487952.00
2016/03/01,55.08,55.61,54.52,55.20,3556087,196555824.00
2016/03/02,55.47,57.49,55.20,57.38,4683523,264528560.00
2016/03/03,57.00,57.95,56.71,57.00,4769613,273501856.00
2016/03/04,57.00,57.97,56.70,57.60,6451799,370848192.00
2016/03/07,57.92,58.89,57.78,58.01,3304467,192754480.00
2016/03/08,58.10,58.50,57.30,58.20,2895992,167673488.00
2016/03/09,57.99,57.99,56.85,57.08,1617776,92672952.00
数据来源:通达信
