300007 汉威电子 日线 前复权
      日期	    开盘	    最高	    最低	    收盘	    成交量	    成交额
2011/01/04,9.83,9.89,9.73,9.83,849291,16935376.00
2011/01/05,9.88,9.91,9.71,9.83,675650,13510359.00
2011/01/06,9.83,9.96,9.73,9.91,579322,11582616.00
2011/01/07,9.86,9.90,9.74,9.78,687498,13709879.00
2011/01/10,9.78,9.78,9.39,9.41,584263,11367925.00
2011/01/11,9.33,9.40,9.13,9.16,831589,15561123.00
2011/01/12,9.27,9.42,9.13,9.38,709794,13421596.00
2011/01/13,9.31,9.47,9.28,9.30,425682,8094260.50
2011/01/14,9.31,9.39,8.95,8.97,580146,10737095.00
2011/01/18,8.56,8.67,8.43,8.57,1522740,26483206.00
2011/01/19,8.57,8.73,8.57,8.71,668686,11806124.00
2011/01/20,8.72,8.73,8.34,8.34,880603,15230438.00
2011/01/21,8.24,8.42,8.24,8.35,462620,7887994.00
2011/01/24,8.36,8.42,8.25,8.26,472134,7994601.00
2011/01/25,8.31,8.44,7.91,7.98,577514,9491453.00
2011/01/26,7.98,8.24,7.98,8.20,554247,9217820.00
2011/01/27,8.20,8.38,8.09,8.34,528256,8925555.00
2011/01/28,8.34,8.67,8.29,8.51,684376,11910289.00
2011/01/31,8.48,8.59,8.44,8.51,532723,9260814.00
2011/02/01,8.58,8.58,8.46,8.53,322535,5602342.00
2011/02/09,8.53,8.53,8.34,8.38,413472,7132210.50
2011/02/10,8.44,9.23,8.34,9.23,1906986,35119316.00
2011/02/11,9.41,9.42,8.98,9.12,1979178,36883156.00
2011/02/14,9.12,9.56,8.98,9.56,2003201,37766088.00
2011/02/15,9.75,10.08,9.69,9.76,2859128,57550180.00
2011/02/16,9.76,10.44,9.68,10.36,2712463,55985800.00
2011/02/17,10.36,10.68,10.11,10.63,2948690,62224152.00
2011/02/18,10.54,10.60,10.24,10.33,1515109,32226330.00
2011/02/21,10.33,10.68,10.13,10.50,1108373,23622222.00
2011/02/22,10.50,10.60,10.08,10.18,1092165,22785054.00
2011/02/23,10.16,10.27,10.08,10.18,707732,14659465.00
2011/02/24,10.18,10.28,9.95,10.02,857864,17560514.00
2011/02/25,9.93,10.23,9.78,10.06,628490,12746030.00
2011/02/28,10.07,10.33,9.99,10.24,657960,13652222.00
2011/03/01,10.30,10.30,10.06,10.15,491306,10190004.00
2011/03/02,10.13,10.22,9.92,9.93,462020,9400990.00
2011/03/03,9.93,10.28,9.93,9.97,708151,14602088.00
2011/03/04,9.89,10.12,9.89,10.07,388999,7918077.50
2011/03/07,9.99,10.53,9.99,10.52,1358673,28421542.00
2011/03/08,10.52,10.71,10.33,10.42,998094,21303500.00
2011/03/09,10.44,10.52,10.36,10.51,480523,10201952.00
2011/03/10,10.48,10.83,10.48,10.72,1654285,36066204.00
2011/03/11,10.63,11.00,10.63,11.00,1708381,37850660.00
2011/03/14,11.33,11.81,11.00,11.20,3291340,75902928.00
2011/03/15,11.38,12.30,11.11,12.16,8808103,212824864.00
2011/03/16,11.78,11.97,11.53,11.70,4698082,112140600.00
2011/03/17,11.60,11.60,10.58,10.65,3799757,85238880.00
2011/03/18,10.64,11.08,10.64,10.78,1384061,30567144.00
2011/03/21,10.71,10.80,10.33,10.63,1013460,21736332.00
2011/03/22,10.65,10.66,10.38,10.57,609335,13006529.00
2011/03/23,10.65,10.76,10.53,10.76,761004,16481790.00
2011/03/24,10.77,11.00,10.68,10.76,582460,12852341.00
2011/03/25,10.71,10.97,10.71,10.94,886443,19574512.00
2011/03/28,11.00,11.17,10.78,10.78,887988,19783752.00
2011/03/29,10.63,11.10,10.24,10.28,1545410,33073316.00
2011/03/30,10.29,10.38,9.73,9.74,1745679,35081564.00
2011/03/31,9.80,9.81,9.28,9.42,1556613,30027230.00
2011/04/01,9.38,9.83,9.29,9.77,901084,17580976.00
2011/04/06,9.78,9.82,9.47,9.49,617127,11997348.00
2011/04/07,9.52,9.80,9.38,9.78,739993,14402111.00
2011/04/08,9.80,10.30,9.70,10.09,1122724,22943032.00
2011/04/11,10.09,10.27,9.92,9.97,937681,19124530.00
2011/04/12,9.93,10.28,9.93,10.10,938127,19379208.00
2011/04/13,10.10,10.49,10.03,10.39,951281,20070778.00
2011/04/14,10.39,10.54,10.23,10.27,527252,11066360.00
2011/04/15,10.32,10.33,10.03,10.23,434660,8988453.00
2011/04/18,10.15,10.23,9.91,10.01,442523,9044755.00
2011/04/19,9.97,9.97,9.58,9.73,556358,11006954.00
2011/04/20,9.73,10.09,9.61,9.98,460251,9273958.00
2011/04/21,10.00,10.07,9.86,9.98,333462,6742396.50
2011/04/22,10.02,10.18,9.98,10.03,507637,10396011.00
2011/04/25,9.93,10.25,9.88,10.00,807581,16530306.00
2011/04/26,9.92,10.00,9.33,9.54,389570,7705154.00
2011/04/27,9.53,9.74,9.08,9.33,567543,10876226.00
2011/04/29,9.22,9.60,8.76,9.38,915038,17185802.00
2011/05/03,9.43,9.65,9.33,9.58,405246,7863408.00
2011/05/04,9.55,9.72,9.43,9.47,366011,7142530.00
2011/05/05,9.33,9.61,9.28,9.32,294768,5673151.50
2011/05/06,9.25,9.58,9.24,9.58,718980,13802645.00
2011/05/09,9.58,9.92,9.51,9.82,966795,19166354.00
2011/05/10,9.78,9.90,9.45,9.48,958888,18754672.00
2011/05/11,9.48,9.55,9.33,9.39,352261,6748329.00
2011/05/12,9.37,9.49,9.28,9.28,258848,4943577.00
2011/05/13,9.22,9.48,9.22,9.40,367642,6978618.50
2011/05/16,9.40,9.47,9.28,9.32,147101,2806941.25
2011/05/17,9.40,9.40,9.18,9.24,201409,3808240.50
2011/05/18,9.24,9.28,9.19,9.23,144123,2711659.00
2011/05/19,9.29,9.35,9.23,9.28,231524,4369824.50
2011/05/20,9.34,9.36,9.16,9.17,153682,2893318.25
2011/05/23,9.17,9.17,8.63,8.68,300125,5436836.00
2011/05/24,8.68,9.10,8.68,9.02,626630,11370684.00
2011/05/25,9.02,9.07,8.80,8.86,137150,2482040.25
2011/05/26,8.83,8.98,8.73,8.77,220167,3956926.50
2011/05/27,8.83,8.83,8.48,8.62,388381,6848583.00
2011/05/30,8.49,8.81,8.43,8.60,314435,5515851.00
2011/05/31,8.72,8.73,8.42,8.62,275331,4795046.00
2011/06/01,8.63,8.63,8.41,8.51,488898,8463870.00
2011/06/02,8.38,8.42,8.13,8.22,426061,7157355.00
2011/06/03,8.32,8.45,8.23,8.39,273709,4680486.00
2011/06/07,8.38,8.58,8.38,8.53,311998,5421700.50
2011/06/08,8.62,8.68,8.34,8.42,275964,4746530.50
2011/06/09,8.48,8.48,8.23,8.33,255884,4359772.50
2011/06/10,8.40,8.40,8.23,8.37,366947,6164891.00
2011/06/13,8.28,8.57,8.19,8.39,436741,7446240.00
2011/06/14,8.39,8.48,8.38,8.44,304111,5206425.50
2011/06/15,8.43,8.52,8.42,8.42,175895,3016328.75
2011/06/16,8.43,8.43,8.20,8.26,192399,3240089.00
2011/06/17,8.34,8.34,8.13,8.23,136394,2267026.00
2011/06/20,8.18,8.19,7.98,8.03,271121,4438062.50
2011/06/21,8.03,8.14,7.97,8.02,344486,5611841.00
2011/06/22,8.05,8.06,7.77,7.87,541992,8707441.00
2011/06/23,7.79,8.17,7.79,8.04,620892,10112458.00
2011/06/24,8.02,8.53,7.89,8.27,990696,16630974.00
2011/06/27,8.18,8.58,8.18,8.50,887291,15230770.00
2011/06/28,8.48,8.60,8.21,8.57,937601,15919355.00
2011/06/29,8.46,8.46,8.27,8.30,1519330,25685174.00
2011/06/30,8.14,8.29,8.10,8.29,1907022,31646820.00
2011/07/01,8.27,8.38,8.19,8.26,1465888,24696926.00
2011/07/04,8.30,8.47,8.27,8.46,1008026,17184772.00
2011/07/05,8.46,8.51,8.37,8.43,885851,15127448.00
2011/07/06,8.42,8.61,8.32,8.60,1312091,22540366.00
2011/07/07,8.60,9.03,8.60,8.76,3426553,61317324.00
2011/07/08,8.72,8.78,8.58,8.60,972639,17056590.00
2011/07/11,8.82,9.03,8.74,8.83,1434069,25837152.00
2011/07/12,8.73,8.96,8.73,8.82,1016880,18232462.00
2011/07/13,8.82,9.03,8.82,9.01,1008320,18341456.00
2011/07/14,9.03,9.10,8.88,8.99,899710,16379964.00
2011/07/15,9.03,9.78,9.03,9.63,2906768,55704700.00
2011/07/18,9.65,9.82,9.48,9.53,1373057,26714852.00
2011/07/19,9.50,9.55,9.33,9.38,793101,15109435.00
2011/07/20,9.41,9.50,9.23,9.50,619892,11704914.00
2011/07/21,9.50,9.93,9.50,9.53,1700487,33448218.00
2011/07/22,9.50,9.71,9.33,9.47,659214,12691397.00
2011/07/25,9.43,9.55,8.94,9.03,1154281,21409826.00
2011/07/26,9.03,9.16,8.91,9.02,575851,10574467.00
2011/07/27,9.02,9.44,8.89,9.31,923455,17317714.00
2011/07/28,9.21,9.41,9.13,9.27,657068,12372149.00
2011/07/29,9.23,9.40,9.09,9.18,383256,7180329.00
2011/08/01,9.18,9.30,9.12,9.21,676183,12586083.00
2011/08/02,9.26,9.31,8.83,9.08,796595,14530389.00
2011/08/03,8.98,9.20,8.83,9.05,809281,14865153.00
2011/08/04,9.13,9.38,8.97,9.10,902356,16763852.00
2011/08/05,8.83,8.89,8.64,8.72,725490,12927584.00
2011/08/08,8.59,8.95,8.07,8.81,1591965,27756350.00
2011/08/09,8.54,8.77,8.22,8.63,519812,9043221.00
2011/08/10,8.83,9.00,8.73,8.87,1224454,22084854.00
2011/08/11,8.62,8.98,8.58,8.88,780155,14003765.00
2011/08/12,8.92,9.06,8.87,8.97,1303597,23638762.00
2011/08/15,8.99,9.39,8.99,9.20,1585907,29562200.00
2011/08/16,9.20,9.26,9.09,9.20,511972,9504840.00
2011/08/17,9.20,9.30,9.09,9.14,592108,11019383.00
2011/08/18,9.13,9.18,8.97,9.12,504622,9263999.00
2011/08/19,8.91,8.98,8.81,8.90,754729,13584647.00
2011/08/22,9.00,9.22,8.89,8.90,298118,5437722.00
2011/08/23,8.88,9.12,8.88,9.11,616324,11317369.00
2011/08/24,9.20,9.32,9.08,9.09,1005273,18670774.00
2011/08/25,9.12,9.14,8.90,9.01,916014,16654198.00
2011/08/26,9.01,9.15,8.93,9.09,474719,8732481.00
2011/08/29,9.09,9.22,9.02,9.02,787884,14555425.00
2011/08/30,9.07,9.10,8.65,8.65,1114911,20129170.00
2011/08/31,8.65,8.68,8.38,8.55,818915,14137890.00
2011/09/01,8.56,8.68,8.43,8.45,562087,9770945.00
2011/09/02,8.57,8.57,8.28,8.42,435262,7394365.00
2011/09/05,8.38,8.38,8.16,8.16,401797,6708997.00
2011/09/06,8.10,8.16,7.88,7.91,1010461,16308896.00
2011/09/07,7.96,8.13,7.92,8.12,732241,11934638.00
2011/09/08,8.14,8.22,7.96,7.96,875013,14316181.00
2011/09/09,7.93,8.01,7.84,8.00,587513,9466081.00
2011/09/13,8.01,8.01,7.84,7.99,395022,6376018.50
2011/09/14,8.01,8.10,7.88,8.06,547647,8886602.00
2011/09/15,8.08,8.11,7.98,7.99,434598,7091785.50
2011/09/16,8.07,8.07,7.94,7.98,481757,7827306.50
2011/09/19,7.93,7.99,7.77,7.78,317431,5074400.00
2011/09/20,7.82,7.88,7.63,7.74,299680,4713483.00
2011/09/21,7.78,8.00,7.66,7.98,1203287,19235936.00
2011/09/22,7.88,7.95,7.62,7.63,749062,11907971.00
2011/09/23,7.56,7.58,7.33,7.43,876904,13265610.00
2011/09/26,7.42,7.47,7.23,7.28,526538,7838622.50
2011/09/27,7.38,7.38,7.27,7.31,569050,8458684.00
2011/09/28,7.34,7.37,7.16,7.18,415370,6135318.50
2011/09/29,7.23,7.23,6.73,6.80,981034,13815800.00
2011/09/30,6.80,6.85,6.58,6.82,647985,8883248.00
2011/10/10,6.83,7.03,6.63,6.73,490653,6741131.00
2011/10/11,6.93,6.93,6.58,6.74,421764,5819138.50
2011/10/12,6.60,7.00,6.59,6.97,641090,9003994.00
2011/10/13,7.02,7.22,6.93,7.22,1397308,20166472.00
2011/10/14,7.23,7.23,6.90,7.03,955979,13694435.00
2011/10/17,7.13,7.13,6.98,7.03,616694,8853364.00
2011/10/18,6.98,7.01,6.71,6.75,804698,11241448.00
2011/10/19,6.75,6.89,6.68,6.88,517203,7137079.50
2011/10/20,6.76,6.78,6.48,6.51,590496,7910829.50
2011/10/21,6.53,6.98,6.53,6.58,973501,13315298.00
2011/10/24,6.38,6.77,6.29,6.68,1244606,16432136.00
2011/10/25,6.68,7.07,6.52,7.02,1880337,26240870.00
2011/10/26,6.98,7.17,6.93,7.10,1722784,24836282.00
2011/10/27,7.02,7.26,7.02,7.17,1468980,21459880.00
2011/10/28,7.23,7.45,7.10,7.33,1481464,21790548.00
2011/10/31,7.35,7.41,7.24,7.36,1341743,20006704.00
2011/11/01,7.31,7.37,7.14,7.28,1122018,16598071.00
2011/11/02,7.11,7.66,7.05,7.60,2013437,30396386.00
2011/11/03,7.85,8.30,7.67,7.70,2827472,45430176.00
2011/11/04,7.83,8.25,7.68,8.02,2753116,44705968.00
2011/11/07,8.10,8.11,7.88,8.01,998458,16175680.00
2011/11/08,7.92,8.02,7.53,7.72,1091292,17332696.00
2011/11/09,7.79,8.07,7.73,8.06,2112951,34042748.00
2011/11/10,7.98,8.36,7.92,8.03,2734816,45412412.00
2011/11/11,8.06,8.13,7.81,7.98,1290417,20790180.00
2011/11/14,8.08,8.26,8.04,8.15,1592519,26413124.00
2011/11/15,8.16,8.25,8.02,8.12,1489918,24544712.00
2011/11/16,8.17,8.19,7.79,7.85,1984047,32320158.00
2011/11/17,7.92,8.14,7.85,8.08,1888614,30680174.00
2011/11/18,7.99,8.48,7.83,7.90,3425864,56988592.00
2011/11/21,7.78,7.78,7.39,7.54,1687993,25844164.00
2011/11/22,7.43,7.54,7.28,7.51,799333,12081386.00
2011/11/23,7.54,7.57,7.34,7.34,850219,12846396.00
2011/11/24,7.29,7.47,7.25,7.39,553469,8297873.00
2011/11/25,7.53,7.53,7.25,7.30,683961,10287205.00
2011/11/28,7.15,7.31,7.14,7.25,586456,8611637.00
2011/11/29,7.36,7.48,7.28,7.48,661579,9906030.00
2011/11/30,7.43,7.43,6.82,6.92,1138674,16488042.00
2011/12/01,7.18,7.25,7.01,7.03,781880,11385199.00
2011/12/02,7.03,7.03,6.80,6.83,547745,7671921.00
2011/12/05,6.86,6.87,6.53,6.53,411430,5572684.00
2011/12/06,6.53,6.72,6.51,6.70,397777,5364094.50
2011/12/07,6.68,6.98,6.67,6.92,670492,9361195.00
2011/12/08,6.93,7.03,6.69,6.85,886900,12403196.00
2011/12/12,6.87,6.90,6.63,6.68,429937,5953102.50
2011/12/13,6.68,6.68,6.42,6.48,665184,8809263.00
2011/12/14,6.39,6.67,6.35,6.38,690000,9106489.00
2011/12/15,6.39,6.63,6.34,6.47,711253,9454080.00
2011/12/16,6.44,6.82,6.42,6.82,723761,9767925.00
2011/12/19,6.77,7.03,6.66,7.02,842032,11731987.00
2011/12/20,7.02,7.05,6.82,6.85,612905,8650911.00
2011/12/21,6.93,7.10,6.69,6.71,747221,10500366.00
2011/12/22,6.68,6.87,6.41,6.82,765885,10353682.00
2011/12/23,6.78,6.98,6.71,6.92,596311,8348774.00
2011/12/26,7.02,7.23,6.95,6.96,877860,12666396.00
2011/12/27,6.88,6.93,6.53,6.58,829435,11340765.00
2011/12/28,6.42,6.60,6.41,6.58,670840,8920564.00
2011/12/29,6.58,6.66,6.53,6.59,430322,5794772.00
2011/12/30,6.71,6.71,6.59,6.61,559839,7572172.50
2012/01/04,6.68,6.71,6.38,6.38,513599,6815294.50
2012/01/05,6.33,6.47,6.08,6.09,508839,6476639.50
2012/01/06,6.03,6.18,5.77,6.17,629919,7662696.00
2012/01/09,6.18,6.45,6.04,6.43,617192,7911754.50
2012/01/10,6.34,6.67,6.32,6.62,1041128,13856108.00
2012/01/11,6.57,6.78,6.50,6.57,833688,11274207.00
2012/01/12,6.49,6.63,6.42,6.44,815522,10778864.00
2012/01/13,6.44,6.44,5.98,5.99,869267,10923728.00
2012/01/16,5.93,5.93,5.59,5.63,709623,8288283.00
2012/01/17,5.63,5.95,5.59,5.95,727523,8612296.00
2012/01/18,6.22,6.33,6.05,6.11,1796035,22641080.00
2012/01/19,6.03,6.36,6.03,6.25,1041500,13283009.00
2012/01/20,6.21,6.41,6.21,6.34,890138,11493056.00
2012/01/30,6.33,6.53,6.25,6.34,899381,11781884.00
2012/01/31,6.33,6.39,6.17,6.26,563735,7166373.00
2012/02/01,6.21,6.43,6.19,6.21,508198,6537794.50
2012/02/02,6.24,6.41,6.18,6.38,671037,8649345.00
2012/02/03,6.35,6.55,6.34,6.50,1021225,13448962.00
2012/02/06,6.57,6.58,6.45,6.52,905182,12017585.00
2012/02/07,6.43,6.50,6.37,6.40,742551,9731931.00
2012/02/08,6.37,6.67,6.37,6.67,1154195,15459861.00
2012/02/09,6.67,6.75,6.59,6.65,1237375,16857518.00
2012/02/10,6.63,6.81,6.58,6.69,1103706,15082132.00
2012/02/13,6.67,6.95,6.63,6.90,1551587,21647952.00
2012/02/14,6.88,7.10,6.86,6.93,1194262,16939644.00
2012/02/15,6.95,7.04,6.91,6.98,1023137,14500538.00
2012/02/16,6.97,7.22,6.93,7.07,1571444,22619924.00
2012/02/17,7.12,7.18,6.90,6.97,783127,11175598.00
2012/02/20,7.08,7.19,6.98,7.02,944966,13658789.00
2012/02/21,6.97,7.13,6.84,7.13,1162254,16505842.00
2012/02/22,7.04,7.34,7.04,7.26,1475487,21733528.00
2012/02/23,7.27,7.47,7.18,7.29,1245729,18518536.00
2012/02/24,7.29,7.35,7.20,7.34,937521,13871815.00
2012/02/27,7.35,7.44,7.26,7.27,988188,14731449.00
2012/02/28,7.28,7.43,7.20,7.31,1025503,15289036.00
2012/02/29,7.23,7.31,7.03,7.04,1048318,15182670.00
2012/03/01,7.14,7.67,7.13,7.27,2314661,34760984.00
2012/03/02,7.23,7.44,7.13,7.43,2032279,30347312.00
2012/03/05,7.45,7.54,7.36,7.48,1854130,28082924.00
2012/03/06,7.50,7.50,7.26,7.33,1394241,20758336.00
2012/03/07,7.23,7.37,7.19,7.27,757895,11268390.00
2012/03/08,7.27,7.50,7.27,7.35,1260033,18993276.00
2012/03/09,7.32,7.67,7.32,7.62,1841301,28302822.00
2012/03/12,7.65,7.82,7.62,7.75,1595158,25077880.00
2012/03/13,7.73,7.87,7.70,7.78,936629,14790774.00
2012/03/14,7.82,7.92,7.31,7.51,1997229,31039814.00
2012/03/15,7.48,7.92,7.44,7.90,1909404,30004824.00
2012/03/16,7.88,8.03,7.76,8.02,1608343,25760560.00
2012/03/19,8.01,8.30,7.90,8.26,2289033,37949708.00
2012/03/20,8.26,8.26,7.92,7.98,1719103,28061416.00
2012/03/21,7.85,8.00,7.59,7.84,2544849,40249068.00
2012/03/22,7.86,7.91,7.73,7.73,896122,14185837.00
2012/03/23,7.74,7.81,7.63,7.70,758919,11919261.00
2012/03/26,7.62,7.79,7.62,7.77,517051,8110675.50
2012/03/27,7.80,8.10,7.80,8.04,1465742,23830326.00
2012/03/28,7.98,8.14,7.63,7.70,1593763,25513008.00
2012/03/29,7.50,7.68,7.43,7.48,845670,12941475.00
2012/03/30,7.40,7.48,7.21,7.34,611877,9197972.00
2012/04/05,7.40,7.62,7.27,7.59,1230643,18738540.00
2012/04/06,7.59,7.62,7.45,7.53,695527,10644693.00
2012/04/09,7.53,7.54,7.27,7.28,835461,12520654.00
2012/04/10,7.25,7.38,7.13,7.36,882739,13006068.00
2012/04/11,7.27,7.52,7.24,7.47,668611,10088970.00
2012/04/12,7.48,7.64,7.35,7.62,950198,14510276.00
2012/04/13,7.82,7.82,7.66,7.77,1098129,17335232.00
2012/04/16,7.72,7.90,7.68,7.69,786359,12393076.00
2012/04/17,7.68,7.83,7.62,7.69,447615,7019203.50
2012/04/18,7.71,7.96,7.71,7.96,901592,14381840.00
2012/04/20,7.95,7.99,7.82,7.98,601411,9675122.00
2012/04/23,7.90,7.97,7.64,7.65,889355,14009815.00
2012/04/24,7.60,7.84,7.45,7.66,573310,8931726.00
2012/04/25,7.55,7.75,7.54,7.68,327326,5103614.50
2012/04/26,7.68,7.75,7.38,7.41,720383,10985467.00
2012/04/27,7.43,7.74,7.41,7.68,792601,12282480.00
2012/05/02,7.93,7.93,7.75,7.83,596000,9492045.00
2012/05/03,7.88,7.93,7.75,7.90,522001,8335730.50
2012/05/04,7.98,8.18,7.93,8.10,872919,14314817.00
2012/05/07,8.12,8.17,8.03,8.12,669479,11009670.00
2012/05/08,8.16,8.37,8.12,8.35,1335627,22500602.00
2012/05/09,8.38,8.38,8.13,8.23,611974,10297937.00
2012/05/10,8.16,8.28,8.16,8.20,353229,5889076.50
2012/05/11,8.12,8.30,8.05,8.23,555773,9233993.00
2012/05/14,8.32,8.48,8.03,8.23,769287,12874010.00
2012/05/15,8.15,8.23,8.05,8.18,318720,5263958.50
2012/05/16,8.15,8.22,8.03,8.05,248700,4083384.00
2012/05/17,7.98,8.46,7.98,8.37,663423,11154925.00
2012/05/18,8.27,8.50,8.06,8.12,623578,10475664.00
2012/05/21,8.07,8.23,8.07,8.14,313017,5172837.00
2012/05/22,8.18,8.38,8.04,8.16,690009,11440916.00
2012/05/23,8.10,8.19,7.93,8.00,527633,8627467.00
2012/05/24,7.98,8.17,7.85,7.93,404310,6570874.00
2012/05/25,7.93,8.08,7.70,7.85,619210,9875581.00
2012/05/28,7.80,8.08,7.68,8.07,618313,9916975.00
2012/05/29,8.14,8.14,7.98,8.12,401269,6586013.50
2012/05/30,8.08,8.54,7.96,8.34,853752,14325420.00
2012/05/31,8.33,8.57,8.26,8.51,863545,14860200.00
2012/06/01,8.57,8.63,8.33,8.38,578588,9887615.00
2012/06/04,8.23,8.46,8.18,8.21,425234,7190140.50
2012/06/05,8.25,8.27,8.15,8.25,259426,4325668.50
2012/06/06,8.31,8.38,8.09,8.10,368643,6166073.00
2012/06/07,8.22,8.30,8.08,8.08,338053,5608600.50
2012/06/08,8.15,8.43,8.08,8.41,1179141,19833684.00
2012/06/11,8.43,8.69,8.28,8.60,1015990,17688322.00
2012/06/12,8.60,8.73,8.48,8.64,809702,14157486.00
2012/06/13,8.68,8.89,8.67,8.87,1835480,32797728.00
2012/06/14,8.85,8.88,8.70,8.78,821542,14596067.00
2012/06/15,8.80,8.85,8.68,8.79,729252,12960895.00
2012/06/18,8.88,9.07,8.74,8.87,611642,11079758.00
2012/06/19,9.13,9.13,8.78,8.84,1032628,18681258.00
2012/06/20,8.81,9.08,8.74,8.84,274286,4890523.00
2012/06/21,8.84,8.84,8.62,8.74,418730,7349093.50
2012/06/25,8.73,8.76,8.58,8.58,179956,3144681.00
2012/06/26,8.58,8.65,8.49,8.62,335931,5819622.00
2012/06/27,8.61,9.07,8.61,8.90,919897,16482376.00
2012/06/28,8.89,9.08,8.80,8.80,932483,16862312.00
2012/06/29,8.85,9.18,8.78,9.17,1305666,23819842.00
2012/07/02,9.30,9.43,9.17,9.40,1121240,21032912.00
2012/07/03,9.48,9.55,9.25,9.45,889665,16907910.00
2012/07/04,9.45,9.55,9.22,9.23,463233,8719840.00
2012/07/05,9.18,9.40,9.00,9.04,489501,8966978.00
2012/07/06,9.13,9.41,8.96,9.28,620918,11436724.00
2012/07/09,9.18,9.32,9.03,9.09,471066,8749262.00
2012/07/10,9.01,9.15,8.92,9.09,480252,8749733.00
2012/07/11,9.18,9.38,9.13,9.26,690774,12895733.00
2012/07/12,9.08,9.41,9.08,9.38,713326,13402552.00
2012/07/13,9.43,9.43,9.12,9.13,686267,12806920.00
2012/07/16,9.08,9.32,8.21,8.24,1605743,27566694.00
2012/07/17,8.27,8.42,8.18,8.25,772092,12892706.00
2012/07/18,8.25,8.48,8.18,8.37,716000,12091119.00
2012/07/19,8.38,8.65,8.38,8.55,440531,7597434.50
2012/07/20,8.66,8.66,8.48,8.54,221601,3813095.00
2012/07/23,8.34,8.55,8.34,8.36,480847,8169796.50
2012/07/24,8.28,8.41,8.23,8.23,388552,6532989.50
2012/07/25,8.28,8.36,7.93,8.13,500072,8278267.50
2012/07/26,8.27,8.27,8.03,8.19,268596,4416481.00
2012/07/27,8.22,8.25,8.05,8.14,195583,3205896.75
2012/07/30,8.18,8.20,7.85,8.08,526272,8491059.00
2012/07/31,8.21,8.21,7.93,8.08,256218,4182922.75
2012/08/01,8.17,8.32,8.04,8.27,621300,10289159.00
2012/08/02,8.32,8.32,8.13,8.24,547310,9065698.00
2012/08/03,8.26,8.43,8.18,8.42,481899,8104817.00
2012/08/06,8.42,8.70,8.37,8.68,688952,11899627.00
2012/08/07,8.68,8.85,8.61,8.77,440036,7738492.00
2012/08/08,8.76,8.76,8.57,8.63,354832,6161869.50
2012/08/09,8.60,8.86,8.60,8.84,470135,8297069.50
2012/08/10,8.84,8.97,8.75,8.93,1082480,19454020.00
2012/08/13,9.08,9.08,8.70,8.72,360334,6376505.50
2012/08/14,8.85,8.86,8.35,8.67,611040,10495307.00
2012/08/15,8.67,8.72,8.51,8.55,208581,3601387.25
2012/08/16,8.56,8.62,8.48,8.59,137303,2369984.25
2012/08/17,8.51,8.61,8.45,8.53,343775,5947827.00
2012/08/20,8.43,8.65,8.18,8.65,792620,13339979.00
2012/08/21,8.60,8.96,8.55,8.85,890262,15807523.00
2012/08/22,8.85,8.93,8.72,8.79,518807,9189358.00
2012/08/23,8.73,8.83,8.58,8.80,458218,8075161.00
2012/08/24,8.80,8.80,8.50,8.58,331282,5745016.00
2012/08/27,8.53,8.53,8.12,8.47,752855,12515839.00
2012/08/28,8.19,8.51,8.19,8.28,425882,7201317.00
2012/08/29,8.28,8.43,8.23,8.36,340642,5774037.00
2012/08/30,8.36,8.46,7.94,8.25,478129,7954414.00
2012/08/31,8.13,8.30,7.96,8.15,381685,6316723.50
2012/09/03,8.15,8.32,8.11,8.28,281743,4678281.00
2012/09/04,8.29,8.36,8.18,8.26,273533,4573965.50
2012/09/05,8.26,8.31,8.12,8.18,359699,5936739.50
2012/09/06,8.13,8.30,8.05,8.10,410011,6694543.00
2012/09/07,8.17,8.55,8.10,8.50,1527940,25939874.00
2012/09/10,8.50,8.50,8.33,8.45,924022,15709628.00
2012/09/11,8.45,8.48,8.36,8.38,978527,16614671.00
2012/09/12,8.39,8.55,7.98,8.13,1458166,23846786.00
2012/09/13,8.06,8.09,7.93,8.09,1122622,18131472.00
2012/09/14,8.09,8.09,7.93,8.03,852715,13736706.00
2012/09/17,7.96,8.00,7.43,7.65,1591566,24682342.00
2012/09/18,7.62,7.62,7.28,7.44,874743,13214252.00
2012/09/19,7.42,7.59,7.42,7.52,382677,5777858.00
2012/09/20,7.38,7.50,7.34,7.45,485541,7270639.00
2012/09/21,7.55,7.68,7.18,7.49,715853,10914820.00
2012/09/24,7.37,7.37,7.05,7.18,622284,9050720.00
2012/09/25,7.18,7.25,7.06,7.06,289475,4168165.50
2012/09/26,7.06,7.15,6.65,6.68,802482,11022359.00
2012/09/27,6.80,6.85,6.70,6.80,480319,6597778.00
2012/09/28,6.78,7.06,6.73,7.06,476210,6662134.50
2012/10/08,7.04,7.13,6.88,6.88,832867,11717617.00
2012/10/09,6.90,7.21,6.90,7.08,1616857,23170260.00
2012/10/10,7.11,7.22,7.01,7.15,1268838,18316948.00
2012/10/11,7.15,7.21,7.06,7.20,643326,9280535.00
2012/10/12,7.18,7.24,6.99,7.14,590686,8495454.00
2012/10/15,6.93,6.93,6.68,6.69,798469,10933041.00
2012/10/16,6.67,6.81,6.66,6.70,347487,4744333.00
2012/10/17,6.72,6.80,6.54,6.79,820174,11046907.00
2012/10/18,6.78,6.90,6.72,6.87,500939,6915048.50
2012/10/19,6.73,6.94,6.73,6.92,427140,5935970.50
2012/10/22,6.93,6.94,6.85,6.91,209303,2914423.50
2012/10/23,6.94,6.94,6.58,6.77,1075098,14555700.00
2012/10/24,6.64,6.77,6.63,6.68,361955,4895394.50
2012/10/25,6.73,6.74,6.60,6.63,290690,3920311.75
2012/10/26,6.66,6.70,6.44,6.46,326797,4331796.50
2012/10/29,6.49,6.50,5.98,6.08,1405762,17530146.00
2012/10/30,6.15,6.17,6.05,6.08,341395,4200179.00
2012/10/31,6.10,6.10,5.97,6.05,446587,5447443.00
2012/11/01,6.04,6.22,6.00,6.17,783677,9742457.00
2012/11/02,6.17,6.28,6.15,6.21,457191,5738862.00
2012/11/05,6.21,6.30,6.17,6.18,427991,5382737.00
2012/11/06,6.25,6.25,5.93,6.07,607879,7427086.00
2012/11/07,6.05,6.10,5.99,6.10,342348,4187894.00
2012/11/08,6.06,6.06,5.84,5.84,601700,7221552.00
2012/11/09,5.77,6.37,5.77,6.23,2216833,27663786.00
2012/11/12,6.23,6.26,6.06,6.12,1427191,17699610.00
2012/11/13,6.10,6.11,5.87,5.98,1054236,12723599.00
2012/11/14,5.96,6.01,5.83,5.92,475518,5673617.50
2012/11/15,5.90,5.93,5.78,5.81,473500,5620361.00
2012/11/16,5.79,5.79,5.60,5.64,836837,9614510.00
2012/11/19,5.64,5.65,5.50,5.65,677680,7640096.50
2012/11/20,5.65,5.73,5.56,5.58,573071,6545481.00
2012/11/21,5.59,5.73,5.52,5.73,627340,7162573.50
2012/11/22,5.70,5.70,5.59,5.61,490462,5617709.50
2012/11/23,5.55,5.68,5.55,5.63,302101,3451819.50
2012/11/26,5.61,5.71,5.61,5.64,401722,4611332.00
2012/11/27,5.67,5.67,5.24,5.24,726420,7899230.00
2012/11/28,5.18,5.24,5.08,5.12,424889,4434142.50
2012/11/29,5.13,5.19,5.04,5.11,214281,2224132.50
2012/11/30,5.11,5.15,5.02,5.14,309769,3203946.75
2012/12/03,5.14,5.15,4.87,4.88,462898,4663565.50
2012/12/04,4.88,4.92,4.70,4.89,476783,4652730.50
2012/12/05,4.85,5.15,4.85,5.12,796938,8172675.00
2012/12/06,5.14,5.41,5.13,5.19,1177262,12545510.00
2012/12/07,5.19,5.31,5.19,5.29,1068921,11407133.00
2012/12/10,5.28,5.39,5.25,5.35,1125731,12182067.00
2012/12/11,5.37,5.37,5.27,5.29,996260,10710943.00
2012/12/12,5.23,5.30,5.14,5.20,811389,8573881.00
2012/12/13,5.24,5.30,5.16,5.16,918577,9725247.00
2012/12/14,5.15,5.42,5.15,5.37,1999600,21570228.00
2012/12/17,5.42,5.51,5.37,5.47,1555488,17166900.00
2012/12/18,5.43,5.57,5.38,5.46,1143452,12662677.00
2012/12/19,5.46,5.55,5.44,5.51,933727,10403936.00
2012/12/20,5.50,5.56,5.40,5.45,1593255,17651982.00
2012/12/21,5.46,5.65,5.42,5.63,2410280,27153230.00
2012/12/24,5.61,5.91,5.59,5.89,2447494,28742888.00
2012/12/25,5.90,5.96,5.81,5.93,2269131,27068002.00
2012/12/26,5.91,6.18,5.89,6.15,1779110,21706514.00
2012/12/27,6.09,6.22,6.03,6.03,1547595,19136320.00
2012/12/28,5.99,6.07,5.83,5.98,1888993,22696998.00
2012/12/31,6.03,6.05,5.85,5.91,1780459,21268646.00
2013/01/04,5.93,6.07,5.88,6.02,1765374,21402016.00
2013/01/07,6.00,6.11,5.95,6.09,1511657,18491036.00
2013/01/08,6.09,6.28,6.00,6.28,2041295,25458058.00
2013/01/09,6.23,6.40,6.08,6.16,1386089,17482842.00
2013/01/10,6.15,6.28,6.11,6.20,1386981,17380296.00
2013/01/11,6.21,6.38,6.06,6.10,2247604,28392204.00
2013/01/14,6.25,6.45,6.14,6.42,3028872,38713916.00
2013/01/15,6.42,6.65,6.42,6.60,2983772,39661360.00
2013/01/16,6.58,6.81,6.43,6.56,3172770,42576296.00
2013/01/17,6.56,6.62,6.34,6.37,1881110,24451210.00
2013/01/18,6.38,6.52,6.37,6.48,1109182,14502122.00
2013/01/21,6.48,6.54,6.39,6.50,1186054,15461982.00
2013/01/22,6.50,6.50,6.10,6.12,2136051,27075366.00
2013/01/23,6.06,6.22,5.99,6.10,1794582,22118548.00
2013/01/24,6.09,6.16,5.76,5.85,3039158,36576980.00
2013/01/25,5.87,5.96,5.83,5.92,1374502,16420219.00
2013/01/28,5.93,6.12,5.89,6.10,1742378,21228280.00
2013/01/29,6.12,6.16,6.06,6.11,1954626,24154154.00
2013/01/30,5.93,5.95,5.69,5.82,6778361,79304440.00
2013/01/31,5.76,5.81,5.67,5.77,2688222,31273760.00
2013/02/01,5.78,5.88,5.73,5.87,2907743,34171880.00
2013/02/04,5.88,5.90,5.65,5.68,2423155,28120090.00
2013/02/05,5.67,5.75,5.60,5.74,1340463,15472190.00
2013/02/06,5.74,5.83,5.71,5.79,1502870,17593248.00
2013/02/07,5.79,5.80,5.71,5.78,1893857,22041096.00
2013/02/08,5.79,5.95,5.78,5.92,2404065,28675032.00
2013/02/18,6.13,6.52,6.10,6.52,5922807,75877096.00
2013/02/19,6.68,6.73,6.36,6.39,7447143,98450824.00
2013/02/20,6.47,6.89,6.47,6.67,6463624,87293056.00
2013/02/21,6.49,6.67,6.42,6.56,4663955,61675684.00
2013/02/22,6.56,6.56,6.36,6.43,2801407,36424632.00
2013/02/25,6.47,6.73,6.45,6.67,4135334,55323420.00
2013/02/26,6.54,6.69,6.43,6.48,3290499,43674640.00
2013/02/27,6.46,6.57,6.20,6.28,3163915,40640144.00
2013/02/28,6.28,6.78,6.24,6.70,4479841,58845188.00
2013/03/01,6.78,7.09,6.73,7.02,8956444,125808728.00
2013/03/04,6.93,7.20,6.64,6.81,6141144,86652080.00
2013/03/05,6.82,7.03,6.69,6.98,3772235,52272604.00
2013/03/06,7.00,7.18,6.90,7.08,3783636,53929704.00
2013/03/07,7.09,7.09,6.74,6.81,2891831,40203196.00
2013/03/08,6.80,6.88,6.56,6.67,2093829,28306578.00
2013/03/11,6.63,6.84,6.63,6.69,1138981,15521313.00
2013/03/12,6.68,6.73,6.12,6.34,3079965,39849532.00
2013/03/13,6.29,6.30,6.15,6.27,1026417,12915601.00
2013/03/14,6.27,6.38,6.20,6.28,938483,11981725.00
2013/03/15,6.23,6.42,6.13,6.33,1371500,17528542.00
2013/03/18,6.29,6.37,6.05,6.08,1327447,16625630.00
2013/03/19,6.03,6.12,5.94,6.05,1078921,13141995.00
2013/03/20,6.06,6.31,6.06,6.30,1276402,16052304.00
2013/03/21,6.33,6.53,6.28,6.39,2027002,26273836.00
2013/03/22,6.39,6.52,6.35,6.43,1171492,15218755.00
2013/03/25,6.40,6.48,6.33,6.41,1181584,15329860.00
2013/03/26,6.41,6.43,6.13,6.22,1496118,18820690.00
2013/03/27,6.25,6.30,6.20,6.27,1143358,14482494.00
2013/03/28,6.23,6.23,5.97,6.02,1221921,15008949.00
2013/03/29,5.92,5.96,5.75,5.80,2060066,24456384.00
2013/04/01,5.77,5.87,5.74,5.82,977981,11520367.00
2013/04/02,5.82,5.89,5.66,5.69,974767,11386390.00
2013/04/03,5.64,5.72,5.44,5.48,1703167,19067942.00
2013/04/08,5.44,5.54,5.30,5.53,1235405,13506782.00
2013/04/09,5.51,5.83,5.51,5.83,1881123,21492186.00
2013/04/10,5.92,5.92,5.68,5.71,1839793,21560532.00
2013/04/11,5.68,5.79,5.68,5.69,714720,8296197.00
2013/04/12,5.69,5.75,5.50,5.52,711159,8108163.00
2013/04/15,5.53,5.54,5.40,5.44,782521,8605505.00
2013/04/16,5.40,5.58,5.33,5.56,588044,6508358.00
2013/04/17,5.72,5.82,5.59,5.66,1125159,12958190.00
2013/04/18,5.60,5.71,5.59,5.69,1156692,13273291.00
2013/04/19,5.68,5.84,5.66,5.77,1459693,17085932.00
2013/04/22,5.73,5.89,5.68,5.87,1432420,16811898.00
2013/04/23,5.83,5.87,5.58,5.61,1044093,12063736.00
2013/04/24,5.59,5.85,5.58,5.82,1125480,13038446.00
2013/04/25,5.74,5.79,5.58,5.60,1364740,15765304.00
2013/04/26,5.52,5.58,5.38,5.38,1410716,15567754.00
2013/05/02,5.34,5.47,5.29,5.47,573452,6281433.50
2013/05/03,5.55,5.67,5.51,5.58,571615,6491894.00
2013/05/06,5.59,5.76,5.55,5.73,941339,10884149.00
2013/05/07,5.75,5.82,5.69,5.74,930490,10843880.00
2013/05/08,5.78,6.03,5.73,5.96,2378995,28407626.00
2013/05/09,5.94,6.16,5.87,6.10,2963156,36337092.00
2013/05/10,6.09,6.15,5.95,6.15,1567212,19171226.00
2013/05/13,6.12,6.23,6.03,6.23,1706653,21179366.00
2013/05/14,6.22,6.63,5.99,6.43,4685056,60642340.00
2013/05/15,6.33,6.48,6.24,6.43,2646087,34061984.00
2013/05/16,6.41,6.59,6.25,6.30,3795853,49178852.00
2013/05/17,6.20,6.41,6.20,6.34,1940850,24821450.00
2013/05/20,6.34,6.54,6.34,6.49,2220719,29029694.00
2013/05/21,6.47,6.59,6.42,6.59,2514035,33115532.00
2013/05/22,6.62,6.62,6.28,6.33,2574759,33487030.00
2013/05/23,6.32,6.45,6.21,6.31,2045145,26255504.00
2013/05/24,6.31,6.61,6.31,6.61,3222016,42512048.00
2013/05/27,6.70,6.90,6.64,6.82,3609687,49471424.00
2013/05/28,6.77,6.77,6.48,6.51,2770178,36805136.00
2013/05/29,6.49,6.68,6.48,6.56,1796470,23817664.00
2013/05/30,6.49,6.75,6.48,6.74,2292673,30556322.00
2013/05/31,6.71,7.42,6.67,7.24,9849990,142992560.00
2013/06/03,7.13,7.22,6.80,7.01,9521342,134000096.00
2013/06/04,7.03,7.03,6.63,6.82,6030854,83154168.00
2013/06/05,6.82,6.86,6.55,6.68,3860748,52442196.00
2013/06/06,6.63,6.63,6.33,6.33,3159379,41446548.00
2013/06/07,6.36,6.42,6.23,6.29,2066826,26458374.00
2013/06/13,6.21,6.28,5.97,6.22,1765899,21944874.00
2013/06/14,6.23,6.54,6.22,6.50,2933463,38126084.00
2013/06/17,6.43,6.76,6.43,6.50,3889882,52081996.00
2013/06/18,6.46,6.48,6.21,6.42,2239095,28618586.00
2013/06/19,6.31,6.51,6.18,6.51,1947050,25026864.00
2013/06/20,6.39,6.49,6.11,6.12,1867691,23922666.00
2013/06/21,5.93,5.99,5.74,5.91,1461529,17359062.00
2013/06/24,5.85,5.89,5.35,5.39,1918570,21617844.00
2013/06/25,5.27,5.49,5.01,5.47,1770846,18902088.00
2013/06/26,5.45,5.68,5.36,5.65,1635604,18347868.00
2013/06/27,5.65,5.87,5.50,5.52,1935558,22217256.00
2013/06/28,5.45,5.61,5.26,5.41,972294,10700308.00
2013/07/01,5.44,5.62,5.35,5.62,994380,11052924.00
2013/07/02,5.65,5.77,5.60,5.76,1608213,18435100.00
2013/07/03,5.75,5.88,5.45,5.86,2145384,24742124.00
2013/07/04,5.75,5.90,5.71,5.77,1414857,16602151.00
2013/07/05,5.79,5.84,5.56,5.57,1362832,15640637.00
2013/07/08,5.56,5.56,5.06,5.15,1389664,14734537.00
2013/07/09,5.28,5.28,5.15,5.25,759860,7992739.00
2013/07/10,5.26,5.49,5.24,5.44,1162456,12632331.00
2013/07/11,5.40,5.62,5.40,5.56,1183906,13200799.00
2013/07/12,5.60,5.77,5.53,5.56,1424607,16236435.00
2013/07/15,5.49,5.70,5.45,5.68,2043939,22950528.00
2013/07/16,5.63,5.94,5.62,5.92,2292836,26705214.00
2013/07/17,5.92,6.05,5.83,6.02,3168698,37945848.00
2013/07/18,5.93,6.22,5.93,6.08,2409013,29632572.00
2013/07/19,6.08,6.29,5.99,6.08,3031499,37789712.00
2013/07/22,5.99,6.40,5.85,6.40,4111833,51327620.00
2013/07/23,6.41,6.60,6.19,6.53,3347501,43388288.00
2013/07/24,6.79,7.19,6.65,7.19,6831472,96610720.00
2013/07/25,7.39,7.60,6.90,7.18,14134116,208968608.00
2013/07/26,7.04,7.39,6.85,7.16,5771860,82586424.00
2013/07/29,7.08,7.23,6.73,6.74,3915229,54954908.00
2013/07/30,6.75,6.83,6.24,6.50,3894151,50627404.00
2013/07/31,6.45,6.93,6.35,6.89,5104990,68674512.00
2013/08/01,6.85,7.09,6.70,7.06,3852036,53791768.00
2013/08/02,7.05,7.42,6.96,7.00,3964466,57435064.00
2013/08/05,6.96,7.19,6.95,6.95,2616031,37073688.00
2013/08/06,6.99,7.65,6.97,7.65,4722175,71284384.00
2013/08/07,7.86,8.39,7.80,8.10,10827171,175190448.00
2013/08/08,7.94,8.09,7.71,7.74,5559116,88319712.00
2013/08/09,7.82,7.94,7.25,7.54,4636125,70927120.00
2013/08/12,7.53,7.66,7.28,7.48,3241424,48324380.00
2013/08/13,7.48,7.59,7.31,7.54,3057903,46028112.00
2013/08/14,7.50,7.56,7.24,7.32,2827172,41857300.00
2013/08/15,7.29,7.53,7.24,7.40,2623990,39099932.00
2013/08/16,7.33,7.79,7.09,7.18,4091473,61560820.00
2013/08/19,7.38,7.91,7.33,7.91,6823797,106744624.00
2013/08/20,7.90,8.19,7.65,8.04,6686676,106450960.00
2013/08/21,7.98,8.04,7.82,7.94,2750656,43680444.00
2013/08/22,7.90,8.01,7.68,7.79,3162286,49700328.00
2013/08/23,7.70,7.83,7.40,7.72,2888526,44467916.00
2013/08/26,7.64,7.83,7.60,7.78,1982792,30942310.00
2013/08/27,7.78,7.78,7.52,7.70,2244136,34487744.00
2013/08/28,7.70,7.71,7.45,7.47,2493946,37879948.00
2013/08/29,7.35,7.57,7.35,7.48,1522953,22883506.00
2013/08/30,7.55,7.69,6.75,6.94,3976755,57951260.00
2013/09/02,6.93,7.26,6.78,7.21,2962431,42044292.00
2013/09/03,7.13,7.20,6.99,7.12,1790694,25545110.00
2013/09/04,7.08,7.26,7.00,7.15,1770142,25497576.00
2013/09/05,7.13,7.20,7.02,7.14,1617553,23223044.00
2013/09/06,7.16,7.29,7.06,7.17,1836136,26581708.00
2013/09/09,7.17,7.17,6.91,7.05,2209104,31157860.00
2013/09/10,7.05,7.20,7.03,7.10,1461403,20886022.00
2013/09/11,7.10,7.10,6.61,6.62,2615347,35526456.00
2013/09/12,6.60,6.75,6.60,6.65,1329394,17835140.00
2013/09/13,6.71,6.83,6.57,6.82,1528941,20676200.00
2013/09/16,6.80,7.25,6.73,6.95,1853259,26057790.00
2013/09/17,6.88,7.03,6.73,6.78,984998,13542527.00
2013/09/18,6.83,6.93,6.73,6.83,1737438,23949734.00
2013/09/23,6.82,7.24,6.82,7.15,3009402,43077576.00
2013/09/24,7.16,7.50,7.12,7.36,2897367,42672416.00
2013/09/25,7.40,7.44,7.21,7.25,1895450,27853274.00
2013/09/26,7.25,7.34,6.93,6.96,1830959,26289024.00
2013/09/27,6.95,7.23,6.93,7.20,1554962,22315708.00
2013/09/30,7.24,7.38,7.16,7.32,1294349,18999434.00
2013/10/08,7.25,7.85,7.23,7.64,2779981,42599568.00
2013/10/09,7.64,7.75,7.51,7.65,2014357,30867426.00
2013/10/10,7.65,7.85,7.39,7.44,2094343,32103790.00
2013/10/11,7.46,7.96,7.46,7.95,3435952,53706128.00
2013/10/14,7.80,8.02,7.76,7.90,4053753,64230692.00
2013/10/15,7.83,7.83,7.44,7.49,2198173,33408370.00
2013/10/16,7.49,7.49,6.97,7.10,2001733,28825976.00
2013/10/17,7.10,7.32,7.05,7.11,1380469,20025804.00
2013/10/18,7.23,7.23,7.05,7.14,920232,13205681.00
2013/10/21,7.13,7.63,7.13,7.54,2078063,31168632.00
2013/10/22,7.55,7.90,7.38,7.57,2508882,38525408.00
2013/10/23,7.46,7.56,7.10,7.23,2001821,29518366.00
2013/10/24,7.16,7.16,6.96,7.00,1468387,20842300.00
2013/10/25,7.18,7.18,6.85,6.90,1352913,19078644.00
2013/10/28,6.91,7.25,6.90,7.15,1192033,17118786.00
2013/10/29,7.10,7.16,6.55,6.78,1324615,18227650.00
2013/10/30,6.79,6.91,6.63,6.88,965898,13177115.00
2013/10/31,6.88,6.92,6.70,6.80,1118331,15389906.00
2013/11/01,6.78,6.85,6.68,6.85,550795,7531728.00
2013/11/04,6.85,7.00,6.81,6.91,893642,12425359.00
2013/11/05,6.81,7.20,6.75,7.13,1323025,18829050.00
2013/11/06,7.10,7.29,7.03,7.13,937836,13555540.00
2013/11/07,7.10,7.31,7.06,7.15,919260,13308237.00
2013/11/08,7.15,7.20,6.90,6.96,780278,11084298.00
2013/11/11,6.96,7.24,6.89,7.20,749517,10698670.00
2013/11/12,7.27,7.61,7.23,7.44,1967950,29517454.00
2013/11/13,7.35,7.49,7.12,7.13,1144430,16785538.00
2013/11/14,7.08,7.70,6.85,7.68,3117697,46561396.00
2013/11/15,7.55,7.74,7.53,7.63,2618171,40326972.00
2013/11/18,7.65,7.82,7.60,7.75,2185792,33916700.00
2013/11/19,7.68,7.72,7.58,7.69,1714163,26417128.00
2013/11/20,7.67,8.05,7.67,7.93,2905928,46401684.00
2013/11/21,7.86,7.87,7.61,7.66,1806331,28015070.00
2013/11/22,7.67,7.74,7.51,7.58,1235150,18903762.00
2013/11/25,7.92,8.34,7.84,8.34,7242580,119703312.00
2013/11/26,8.45,8.69,8.13,8.60,7370457,124205720.00
2013/11/27,8.43,8.51,8.27,8.38,3994368,67419912.00
2013/11/28,8.45,8.58,8.30,8.42,3614104,61166088.00
2013/11/29,8.44,8.85,8.33,8.75,4385133,75653728.00
2013/12/02,8.20,8.21,7.87,7.87,3086520,49741424.00
2013/12/03,7.40,7.63,7.08,7.48,4335163,63649088.00
2013/12/04,7.45,7.68,7.30,7.30,3607181,54277416.00
2013/12/05,7.23,7.30,7.06,7.13,3351899,48099856.00
2013/12/06,7.12,7.20,7.06,7.17,2969136,42600908.00
2013/12/09,7.22,7.33,7.13,7.30,2721643,39533220.00
2013/12/10,7.30,7.30,7.08,7.12,2250867,32394500.00
2013/12/11,7.09,7.29,7.03,7.20,2026085,29285724.00
2013/12/12,7.18,7.39,7.12,7.30,1946103,28534976.00
2013/12/13,7.22,7.42,7.22,7.37,1517513,22436720.00
2013/12/16,7.34,7.44,7.15,7.22,1470978,21606294.00
2013/12/17,7.21,7.30,7.00,7.05,1348495,19262000.00
2013/12/18,7.05,7.13,6.97,7.07,808651,11487123.00
2013/12/19,7.10,7.29,7.03,7.19,1602920,23190958.00
2013/12/20,7.24,7.25,6.95,7.02,1185737,16863188.00
2013/12/23,6.99,7.00,6.55,6.88,1309687,17925452.00
2013/12/24,6.83,7.16,6.77,7.07,1294138,18332854.00
2013/12/25,7.05,7.34,7.04,7.32,1977876,28928038.00
2013/12/26,7.30,7.58,7.24,7.24,2771618,41331984.00
2013/12/27,7.21,7.70,7.21,7.56,3566636,54031336.00
2013/12/30,7.61,7.81,7.52,7.61,2732480,41947608.00
2013/12/31,7.56,7.73,7.45,7.55,2213108,33615064.00
2014/01/02,7.56,7.80,7.51,7.76,2422194,37553212.00
2014/01/03,7.75,8.01,7.71,7.83,2873852,45356384.00
2014/01/06,7.76,7.76,7.39,7.51,2908743,44225032.00
2014/01/07,7.43,8.00,7.41,7.94,3449208,54122392.00
2014/01/08,7.92,8.12,7.85,7.95,3343356,53702084.00
2014/01/09,7.89,7.99,7.61,7.63,3224429,50895072.00
2014/01/10,7.60,8.40,7.47,7.96,6245817,101522736.00
2014/01/13,7.90,8.22,7.76,8.22,5711624,92332424.00
2014/01/14,8.25,8.60,8.16,8.46,5881016,99299616.00
2014/05/15,9.20,9.31,8.70,9.31,2838792,52568492.00
2014/05/16,9.56,10.15,9.24,9.71,10499861,204198240.00
2014/05/19,9.58,9.58,9.00,9.14,5696955,105397088.00
2014/05/20,9.18,9.42,8.85,9.00,5041347,92477624.00
2014/05/21,8.95,9.19,8.76,9.18,3883261,70373408.00
2014/05/22,9.08,9.69,9.07,9.41,6813964,129754504.00
2014/05/23,9.29,9.58,9.11,9.52,2575446,48559616.00
2014/05/26,9.47,10.24,9.47,9.80,5279735,104890464.00
2014/05/27,9.95,10.03,9.54,9.58,3036609,59301408.00
2014/05/28,9.58,9.77,9.25,9.69,3568055,68131208.00
2014/05/29,9.70,9.70,9.42,9.45,3018267,57768676.00
2014/05/30,9.38,9.62,9.29,9.39,2033516,38669912.00
2014/06/03,9.36,9.94,9.33,9.83,3196826,62686196.00
2014/06/04,9.83,10.82,9.66,10.37,6812291,141804432.00
2014/06/05,10.29,10.60,10.26,10.41,3174184,66393720.00
2014/06/06,10.39,10.77,9.92,10.04,3825103,79632112.00
2014/06/09,10.05,10.35,9.74,9.76,2675916,53878744.00
2014/06/10,9.83,10.24,9.51,10.12,3081246,61801500.00
2014/06/11,10.11,10.30,10.01,10.11,2115931,43107620.00
2014/06/12,10.04,10.25,9.88,10.02,2119858,42737224.00
2014/06/13,10.13,10.24,9.75,9.99,2155695,43460692.00
2014/06/16,9.95,10.78,9.81,10.59,3941351,82144856.00
2014/06/17,10.66,10.66,10.21,10.22,2004323,41751600.00
2014/06/18,10.18,10.33,9.50,9.79,2274095,45213944.00
2014/06/19,9.65,9.90,8.80,9.78,3286745,63186292.00
2014/06/20,9.53,10.20,9.53,10.13,1676706,33431762.00
2014/06/23,10.13,10.52,9.99,10.38,2101982,43514828.00
2014/06/24,10.48,10.60,10.08,10.27,1278776,26557092.00
2014/06/25,10.29,10.48,9.98,10.03,1056995,21442342.00
2014/06/26,9.98,10.58,9.98,10.52,2446156,50989368.00
2014/06/27,10.47,10.67,10.13,10.35,2060753,43113512.00
2014/06/30,10.27,10.80,10.27,10.71,3023122,64532808.00
2014/07/01,10.65,10.78,10.41,10.63,1841427,38928856.00
2014/07/02,10.73,10.77,10.03,10.33,2370211,49518928.00
2014/07/03,10.24,10.53,10.10,10.18,2384425,48873284.00
2014/07/04,10.18,10.46,10.00,10.39,1571586,32511544.00
2014/07/07,10.33,10.59,10.28,10.53,1247430,26199774.00
2014/07/08,10.56,11.58,10.23,11.23,5123176,114044904.00
2014/07/09,11.28,11.93,11.21,11.56,5192953,120776824.00
2014/07/10,11.44,11.68,11.24,11.40,1677192,38485848.00
2014/07/11,11.40,11.63,11.05,11.23,2079665,47106540.00
2014/07/14,10.98,11.42,10.98,11.41,1275737,29013976.00
2014/07/15,11.41,11.78,10.98,11.13,1569302,35679792.00
2014/07/16,11.08,11.27,10.86,11.04,1937153,43087784.00
2014/07/17,10.99,11.07,10.63,10.69,1479869,31991280.00
2014/07/18,10.65,10.92,10.25,10.26,1927575,40665784.00
2014/07/21,10.27,10.40,10.09,10.33,1605391,33055112.00
2014/07/22,10.28,10.51,10.14,10.48,1140362,23652014.00
2014/07/23,10.42,10.55,9.77,9.89,2133866,43068176.00
2014/07/24,9.84,9.98,9.38,9.52,2096728,40324840.00
2014/07/25,9.53,9.72,9.43,9.58,859829,16543092.00
2014/07/28,9.58,9.90,9.54,9.89,1505133,29395872.00
2014/07/29,9.86,10.14,9.78,10.08,1186463,23837468.00
2014/07/30,10.14,10.37,10.09,10.28,1381102,28325782.00
2014/07/31,10.20,10.35,10.11,10.27,1243046,25472732.00
2014/08/01,10.33,10.69,10.33,10.58,2762923,58219476.00
2014/08/04,10.93,11.38,10.62,11.28,4319940,94247936.00
2014/08/05,10.93,11.20,10.73,11.09,3153803,69466512.00
2014/08/06,11.12,11.12,10.89,10.95,1714488,37722548.00
2014/08/07,10.95,11.08,10.83,10.90,1463137,32033114.00
2014/08/08,10.93,11.02,10.88,10.95,780703,17144804.00
2014/08/11,10.98,11.06,10.82,11.02,982020,21591384.00
2014/08/12,10.93,11.03,10.85,11.02,1475726,32311632.00
2014/08/13,11.04,11.12,10.78,11.12,1396323,30736276.00
2014/08/21,11.83,12.23,10.00,12.06,5176103,121868776.00
2014/08/22,11.93,12.55,11.53,12.18,4242757,104650120.00
2014/08/25,11.98,12.08,11.43,11.47,2849650,66994252.00
2014/08/26,11.43,11.59,11.22,11.23,1147382,26125536.00
2014/08/27,11.33,11.70,11.24,11.65,1495010,34477776.00
2014/08/28,11.53,11.60,11.39,11.43,715516,16444743.00
2014/08/29,11.53,11.61,11.40,11.57,704021,16274220.00
2014/09/01,11.57,11.94,11.48,11.91,1318022,31253152.00
2014/09/02,11.93,12.07,11.77,11.98,1233170,29443150.00
2014/09/03,11.97,12.21,11.94,11.99,1066129,25722292.00
2014/09/04,11.89,12.52,11.89,12.50,2120331,52277472.00
2014/09/05,12.60,12.67,12.36,12.44,1510031,37609540.00
2014/09/09,12.60,13.04,12.59,12.76,2129636,54759492.00
2014/09/10,12.77,13.75,12.56,13.43,3049217,81704656.00
2014/09/11,13.42,13.81,13.28,13.37,3156239,85678352.00
2014/09/12,13.38,13.44,13.18,13.43,1263747,33748060.00
2014/09/15,13.48,14.77,13.48,14.71,4547998,132396760.00
2014/09/16,14.77,14.83,14.17,14.27,2724307,78599528.00
2014/09/17,14.10,14.91,14.10,14.32,2805915,81766368.00
2014/09/18,14.50,14.78,14.23,14.42,1049971,30438128.00
2014/09/19,14.43,15.35,14.32,15.23,2347212,70986960.00
2014/09/22,15.05,15.46,14.68,14.73,1766295,53355060.00
2014/09/23,14.80,14.95,14.44,14.67,1541272,45324340.00
2014/09/24,14.74,14.84,14.37,14.76,1565155,45680392.00
2014/09/25,14.99,15.99,14.99,15.70,3091299,96671720.00
2014/09/26,15.57,15.58,15.14,15.52,1928913,59366216.00
2014/09/29,15.60,16.55,15.56,16.27,1955936,63129560.00
2014/09/30,16.28,17.03,16.24,16.88,1653070,55515616.00
2014/10/08,16.84,17.63,16.73,17.37,1471891,51317888.00
2014/10/09,17.38,17.69,16.65,16.93,1974209,67375864.00
2014/10/10,16.97,17.47,16.73,16.83,1779005,61006324.00
2014/10/13,16.83,16.83,15.83,16.47,2787984,90352320.00
2014/10/14,16.35,16.58,15.90,16.17,1198091,39078512.00
2014/10/15,16.17,16.23,15.83,15.99,1293266,41382556.00
2014/10/16,15.77,16.47,15.77,16.00,1192459,38548940.00
2014/10/17,15.93,16.13,15.38,15.44,1521908,47434384.00
2014/10/20,15.34,15.72,15.28,15.58,532091,16554052.00
2014/10/21,15.62,15.67,15.31,15.32,772566,23888312.00
2014/10/22,15.38,16.16,15.37,15.58,1337319,42276372.00
2014/10/23,15.58,16.20,15.31,15.34,1361123,42770932.00
2014/10/24,15.41,16.32,15.31,15.59,1658513,52607156.00
2014/10/27,15.65,16.47,15.59,16.47,2102335,68031896.00
2014/10/28,16.73,16.82,16.09,16.52,2640658,86597816.00
2014/10/29,16.48,16.48,16.23,16.40,1539221,50345000.00
2014/10/30,16.42,16.60,16.28,16.46,1299325,42774476.00
2014/10/31,16.43,16.52,14.88,15.27,4413399,135814512.00
2014/11/03,15.03,15.27,14.81,15.08,1372563,41372768.00
2014/11/04,15.14,15.23,14.67,14.98,1002311,30075202.00
2014/11/05,14.73,15.17,14.73,14.89,847447,25423174.00
2014/11/06,14.94,15.38,14.89,15.37,1296136,39600328.00
2014/11/07,15.40,16.11,15.37,15.63,2043500,64897100.00
2014/11/10,15.91,16.03,14.77,14.98,2494295,75189592.00
2014/11/11,14.82,14.91,13.82,14.44,2556207,73722528.00
2014/11/12,14.33,14.43,13.92,14.18,1990574,56213632.00
2014/11/13,14.16,14.16,13.48,13.75,1477807,40747952.00
2014/11/14,13.75,14.35,13.61,14.10,1347813,38137248.00
2014/11/17,14.11,14.91,13.98,14.86,1662689,48780048.00
2014/11/18,14.86,15.10,14.49,14.90,926604,27443380.00
2014/11/19,14.90,14.97,14.48,14.74,913782,26913046.00
2014/11/20,14.71,14.71,14.23,14.60,1815342,52713240.00
2014/11/21,14.27,15.24,14.27,15.06,1528546,45858800.00
2014/11/24,15.08,15.71,15.03,15.29,2025992,62241504.00
2014/11/25,15.42,15.81,15.23,15.75,1682300,52835304.00
2014/11/26,15.83,16.47,15.77,16.44,3032306,98547776.00
2014/11/27,16.44,16.58,15.74,16.07,1372402,44396296.00
2014/11/28,16.08,16.08,15.38,15.47,2874916,90087800.00
2014/12/01,15.52,15.62,14.88,15.56,1597983,48566268.00
2014/12/02,15.42,15.72,15.28,15.55,1237477,38448604.00
2014/12/03,15.58,15.77,14.48,15.62,4393837,132494424.00
2014/12/04,15.73,15.86,15.21,15.36,2697975,83383904.00
2014/12/05,15.22,15.22,14.49,14.92,2534514,75021920.00
2014/12/08,14.76,15.48,14.39,15.13,2494831,75722296.00
2014/12/09,14.98,15.00,13.88,13.91,3065099,88457624.00
2014/12/10,13.92,14.93,13.83,14.73,3131510,89979344.00
2014/12/11,14.68,15.62,14.68,15.23,4002488,121878280.00
2014/12/12,15.68,16.75,15.38,16.47,4282927,138945632.00
2014/12/15,16.37,16.80,16.21,16.49,1783143,58981372.00
2014/12/16,16.63,16.68,15.83,16.44,1706269,55299564.00
2014/12/17,16.26,16.26,15.84,15.95,1149430,36751748.00
2014/12/18,15.95,16.40,15.56,15.97,1561976,50424636.00
2014/12/19,15.78,16.01,14.93,15.93,1928305,59868384.00
2014/12/22,15.67,15.91,14.73,14.82,1280351,38840812.00
2014/12/23,14.73,15.04,14.27,14.44,1579509,46080924.00
2014/12/24,14.44,15.10,14.44,14.87,955232,28467686.00
2014/12/25,14.90,15.28,14.78,14.92,817476,24588098.00
2014/12/26,14.88,14.89,14.42,14.74,916552,26821932.00
2014/12/29,14.73,14.81,13.99,14.38,1938906,56068300.00
2014/12/30,14.47,14.68,13.83,14.08,1209278,34437820.00
2014/12/31,14.25,14.47,13.87,14.12,819538,23186960.00
2015/01/05,14.23,14.32,13.41,13.95,1097733,30315350.00
2015/01/06,13.88,14.63,13.73,14.62,1616602,46358140.00
2015/01/07,14.66,14.78,14.22,14.30,1091698,31559074.00
2015/01/08,14.27,14.56,13.98,14.33,1216957,34761684.00
2015/01/09,14.33,14.60,14.07,14.08,1083498,31207442.00
2015/01/12,13.87,14.08,13.42,13.58,1097133,30067440.00
2015/01/13,13.61,14.38,13.38,14.35,1611872,44822700.00
2015/01/14,14.43,14.43,13.95,14.16,506316,14308853.00
2015/01/15,14.25,14.25,13.93,13.98,474962,13373540.00
2015/01/16,13.98,14.16,13.73,14.09,975511,27188848.00
2015/01/19,13.92,14.93,13.79,14.16,1764887,51099652.00
2015/01/20,14.28,14.98,14.27,14.91,2015151,59371864.00
2015/01/21,15.13,15.35,14.78,15.16,2403337,72891792.00
2015/01/23,15.73,16.68,15.73,16.68,5164038,170283968.00
2015/01/26,16.79,17.58,16.48,17.38,2753701,93955928.00
2015/01/27,17.17,17.20,16.38,16.85,2296758,77242288.00
2015/01/28,16.72,16.97,16.26,16.34,1400825,46829492.00
2015/01/29,16.47,16.47,15.88,15.90,1306781,42277512.00
2015/01/30,15.96,16.63,15.85,16.09,1329216,43097064.00
2015/02/02,15.82,16.35,15.68,15.85,888280,28607066.00
2015/02/03,15.95,16.44,15.87,15.98,1608117,52097276.00
2015/02/04,16.13,16.32,15.83,15.93,1403616,45153556.00
2015/02/05,15.93,16.52,15.78,16.05,1403530,45590148.00
2015/02/06,16.15,16.21,15.43,15.48,1081809,34284956.00
2015/02/09,15.36,16.37,15.36,16.35,2060425,66039956.00
2015/02/10,16.34,16.34,15.48,16.06,1214309,38803072.00
2015/02/11,16.14,16.74,16.14,16.73,1558303,51660780.00
2015/02/12,17.47,18.40,17.44,18.13,5604670,202923424.00
2015/02/13,17.83,18.44,17.77,18.28,3672214,133425016.00
2015/02/16,18.31,19.42,17.84,19.09,3553284,133358064.00
2015/02/17,19.07,19.37,18.61,19.10,1875096,71498832.00
2015/02/25,19.01,20.54,18.98,19.88,3107356,124745664.00
2015/02/26,19.90,20.73,19.28,19.88,1871264,74606584.00
2015/02/27,19.73,20.04,19.43,19.78,1155380,45907148.00
2015/03/02,21.76,21.76,21.48,21.76,4145842,180560912.00
2015/03/03,22.48,23.94,22.25,23.94,2785855,131961448.00
2015/03/04,23.63,26.12,23.28,25.08,6263722,313073664.00
2015/03/05,24.86,27.08,24.14,25.57,3174278,159524672.00
2015/03/06,25.87,25.88,23.52,23.53,2362121,114908848.00
2015/03/09,23.38,25.47,23.38,25.04,2181610,107026304.00
2015/03/10,25.78,27.55,25.78,27.55,2254375,122998472.00
2015/03/11,27.73,29.25,26.11,28.23,3987394,219717664.00
2015/03/12,27.83,27.83,26.28,27.35,2739298,148142896.00
2015/03/13,27.27,27.72,25.88,27.47,2613229,139933664.00
2015/03/16,27.63,28.62,26.87,28.33,2770136,155038080.00
2015/03/17,28.08,29.71,27.48,29.17,3111322,180277216.00
2015/03/18,29.00,29.00,28.13,28.93,1582776,90370568.00
2015/03/19,28.48,28.96,27.59,28.57,1377355,78271936.00
2015/03/20,28.57,29.86,28.14,28.98,1445909,83503048.00
2015/03/23,28.96,29.79,27.93,29.38,2964355,170280208.00
2015/03/24,29.33,29.46,28.39,28.85,2359895,136231216.00
2015/03/25,28.90,31.74,28.90,31.74,3129969,194766496.00
2015/03/26,31.74,33.92,30.23,30.44,2842586,180405888.00
2015/03/27,30.43,31.27,29.48,30.88,1310085,79741872.00
2015/03/30,29.88,29.93,27.79,28.45,4157105,237369120.00
2015/03/31,28.45,29.47,28.42,28.97,2170442,126014504.00
2015/04/01,28.80,29.93,28.03,29.73,2587947,150386288.00
2015/04/02,29.77,32.48,29.77,31.89,2678134,167682800.00
2015/04/03,31.70,35.08,30.89,35.08,2601495,178944352.00
2015/04/07,36.14,38.23,35.38,38.08,2256259,167317568.00
2015/04/08,38.06,38.07,34.65,35.70,2759569,196345760.00
2015/04/09,34.72,35.99,32.49,35.57,3068784,211986000.00
2015/04/10,34.52,37.23,34.48,34.98,1404233,100628048.00
2015/04/13,35.94,35.94,33.98,34.97,1983913,139634400.00
2015/04/14,35.05,35.25,34.02,34.28,1018134,70032248.00
2015/04/15,34.28,35.38,31.14,33.15,2286974,152436864.00
2015/04/16,32.73,33.80,31.98,33.17,1536107,101609560.00
2015/04/17,33.16,33.62,31.98,33.17,1544609,101477976.00
2015/04/20,33.18,33.18,31.69,31.74,814287,52658284.00
2015/04/21,31.48,33.13,31.24,33.11,1532317,98818752.00
2015/04/22,33.25,34.92,33.25,34.06,1096667,74954896.00
2015/04/23,34.53,35.90,33.98,35.64,2073481,145932960.00
2015/04/24,35.02,37.48,33.48,36.17,2480943,172658736.00
2015/04/27,36.16,36.66,34.98,35.15,1295936,92447128.00
2015/04/28,35.48,35.53,32.73,32.81,1175961,78889784.00
2015/04/29,32.81,34.67,31.73,34.27,2075051,137548224.00
2015/04/30,34.38,34.98,33.48,33.48,1756315,120738296.00
2015/05/04,33.36,34.48,32.23,33.86,1123415,74021552.00
2015/05/05,33.82,34.55,32.92,33.92,1438773,98104696.00
2015/05/06,33.99,35.57,33.23,33.98,2225318,154640064.00
2015/05/07,33.00,34.82,32.48,32.74,972893,64366192.00
2015/05/08,32.98,34.97,32.74,34.84,1322174,90435160.00
2015/05/11,34.97,38.33,34.97,38.33,2075058,153049376.00
2015/05/12,38.47,42.16,38.47,41.98,2328455,188314272.00
2015/05/13,40.63,40.97,38.69,39.52,1293852,104117864.00
2015/05/14,39.61,40.98,38.98,40.22,1208643,97449352.00
2015/05/15,39.47,40.27,37.48,39.18,742602,57828916.00
2015/05/18,39.17,41.98,37.79,41.43,1723331,136966688.00
2015/05/19,42.48,45.57,41.98,45.57,3402599,301962432.00
2015/05/20,47.48,50.13,46.01,49.67,1964978,190801136.00
2015/05/21,50.98,50.98,44.70,47.73,5386974,505969408.00
2015/05/22,45.98,47.07,43.63,46.58,3559592,324563488.00
2015/05/25,43.99,45.74,43.99,44.92,1813098,162817840.00
2015/05/26,44.96,46.79,44.86,45.73,2434805,224265680.00
2015/05/27,44.98,45.08,43.18,44.08,2539572,222624720.00
2015/05/28,43.98,47.98,43.48,43.53,3308504,302912608.00
2015/05/29,43.48,46.97,42.98,45.98,2359371,212778848.00
2015/06/01,46.27,50.58,44.98,50.58,2388140,232216400.00
2015/06/02,52.09,55.02,50.28,51.98,2031257,214201072.00
2015/06/03,52.41,52.41,48.73,50.03,1568652,158021664.00
2015/06/04,50.03,54.12,45.02,54.08,2290661,230218688.00
2015/06/05,59.33,59.33,54.48,57.98,2800969,322233632.00
2015/06/08,56.88,57.23,52.22,53.88,1514730,165184032.00
2015/06/09,52.79,54.97,50.98,51.94,862457,90449032.00
2015/06/10,51.94,53.47,50.92,52.21,1355954,141962336.00
2015/06/11,52.25,56.48,51.48,53.42,1024094,110203152.00
2015/06/12,55.88,55.88,50.03,54.48,1258266,132007768.00
2015/06/15,53.98,56.38,52.78,53.73,1265072,139204944.00
2015/06/16,53.48,53.48,48.35,51.48,1878160,186854880.00
2015/06/17,52.98,54.47,49.14,53.98,2646830,274576832.00
2015/06/18,52.08,53.98,49.43,49.99,1847349,190330320.00
2015/06/19,48.60,49.48,45.03,47.38,1680643,156677440.00
2015/06/23,47.03,47.98,43.48,45.13,1873272,170142224.00
2015/06/24,46.10,46.50,44.51,45.13,2239902,204041456.00
2015/06/25,45.99,46.44,41.40,41.51,1739630,153024496.00
2015/06/26,38.00,40.50,37.36,37.36,1293755,98345336.00
2015/08/24,33.63,33.63,33.63,33.63,9200,618700.00
2015/08/25,30.27,30.27,30.27,30.27,121900,7378607.00
2015/08/26,27.24,27.24,27.24,27.24,176600,9621168.00
2015/08/27,24.52,24.52,24.52,24.52,2860300,140240512.00
2015/08/28,22.51,26.23,22.07,26.21,14227069,671215296.00
2015/08/31,24.50,24.50,23.59,23.59,8129534,386932288.00
2015/09/01,21.53,22.00,21.23,21.23,2504607,107230904.00
2015/09/02,19.11,21.50,19.11,19.11,6090761,237841376.00
2015/09/07,19.25,20.15,18.60,18.68,5601066,216498144.00
2015/09/08,18.30,19.90,18.00,19.70,4139252,156827536.00
2015/09/09,20.19,21.43,20.18,21.35,5854476,243439552.00
2015/09/10,20.86,21.33,20.54,20.58,3384349,141308304.00
2015/09/11,20.41,21.13,20.31,20.80,2458078,101927104.00
2015/09/14,21.00,21.00,18.72,18.72,3507201,138257552.00
2015/09/15,17.51,17.95,16.85,16.85,2584953,89040344.00
2015/09/16,16.85,18.54,16.66,18.54,4829899,169718432.00
2015/09/17,18.50,19.79,17.83,18.62,5361914,202297840.00
2015/09/18,19.00,20.25,18.47,19.80,4883788,188396352.00
2015/09/21,19.26,21.29,19.15,21.16,3930119,160977888.00
2015/09/22,21.25,21.57,20.07,20.60,4698748,195445584.00
2015/09/23,20.01,20.85,19.89,20.40,2702010,109754072.00
2015/09/24,20.45,21.70,20.45,21.15,4361612,185561120.00
2015/09/25,21.18,21.46,19.50,19.85,3335269,136909600.00
2015/09/28,19.65,20.85,19.26,20.79,2645806,106720672.00
2015/09/29,20.30,21.64,20.18,21.34,3835552,161926848.00
2015/09/30,21.50,22.20,20.81,22.14,3785047,163276944.00
2015/10/08,23.25,23.85,22.60,23.09,3479683,161554288.00
2015/10/09,23.23,23.63,22.65,23.30,3050380,141728736.00
2015/10/12,23.26,25.25,23.26,24.66,5061091,247420432.00
2015/10/13,24.64,27.00,24.26,26.60,6156025,317462304.00
2015/10/14,27.21,27.21,25.64,25.75,4037815,211419584.00
2015/10/15,25.85,26.84,25.34,26.46,4706679,248226448.00
2015/10/16,27.00,28.60,26.55,28.01,5163993,282422912.00
2015/10/19,27.80,27.94,25.80,26.59,4885868,262920224.00
2015/10/20,26.70,28.57,25.80,28.14,11148466,304289248.00
2015/10/21,28.12,28.49,25.33,25.33,10504988,281212288.00
2015/10/22,24.70,26.40,24.04,26.23,9419584,238644416.00
2015/10/23,26.80,27.72,25.32,27.28,10383884,274642112.00
2015/10/26,27.70,27.97,26.70,27.27,8034489,218621056.00
2015/10/27,27.00,27.20,24.83,26.54,7627668,198888992.00
2015/10/28,26.49,27.61,26.07,26.30,11030538,297169568.00
2015/10/29,26.93,26.98,25.00,25.51,7711977,199037424.00
2015/10/30,25.55,26.30,24.51,25.40,7514766,190767248.00
2015/11/02,24.00,25.38,24.00,24.11,6823221,167775120.00
2015/11/03,24.35,24.47,23.60,23.73,5162257,123875664.00
2015/11/04,24.00,25.55,24.00,25.50,7225770,179622560.00
2015/11/05,25.95,26.65,25.22,26.38,11155630,289723104.00
2015/11/06,26.36,29.02,26.10,29.02,15147514,422454464.00
2015/11/09,29.50,31.92,29.48,31.92,16127028,494546016.00
2015/11/10,32.50,32.50,31.15,31.72,13585729,432705664.00
2015/11/11,32.02,33.84,31.04,32.92,11566514,372804672.00
2015/11/12,32.80,33.65,31.47,32.98,10397895,336764576.00
2015/11/13,32.00,33.33,31.50,31.67,8439689,271297088.00
2015/11/16,30.00,33.05,30.00,32.94,8813073,281388160.00
2015/11/17,33.53,35.96,32.85,33.60,10413740,355616096.00
2015/11/18,33.62,33.93,31.85,31.90,7337250,241389856.00
2015/11/19,32.00,33.46,31.02,33.27,9037137,290801120.00
2015/11/20,33.29,36.60,33.00,36.60,13421348,469048096.00
2015/11/23,37.30,38.50,34.71,35.55,13023817,481199520.00
2015/11/24,35.66,35.73,33.02,35.54,8405713,291309824.00
2015/11/25,35.60,37.78,35.28,36.49,9555039,351149504.00
2015/11/26,37.04,37.25,35.41,35.49,7369613,264864800.00
2015/11/27,35.00,35.25,32.00,32.09,9893063,331653152.00
2015/11/30,32.16,33.24,29.50,33.22,10001800,318450688.00
2015/12/01,33.50,33.50,31.10,32.59,5954176,194706224.00
2015/12/02,32.00,32.58,29.80,30.84,6299062,195376080.00
2015/12/03,31.79,32.00,31.00,31.92,4548138,143955632.00
2015/12/04,31.99,32.60,31.15,31.44,5071565,162421952.00
2015/12/07,30.80,32.36,30.30,31.89,5138025,160610752.00
2015/12/08,31.95,32.19,31.15,31.69,4756290,151016208.00
2015/12/09,31.59,31.80,30.10,30.41,4161657,128531120.00
2015/12/10,29.72,30.86,29.71,30.06,3438592,104328760.00
2015/12/11,30.49,31.00,28.81,29.24,5714962,171587904.00
2015/12/14,28.70,29.75,28.11,29.70,5401568,154989424.00
2015/12/15,30.10,31.46,30.04,30.85,6226558,191897664.00
2015/12/16,31.20,31.49,30.57,31.30,5463376,169934400.00
2015/12/17,31.60,32.50,31.50,32.49,8927186,287151168.00
2015/12/18,33.00,33.00,31.45,31.54,6532292,208446848.00
2015/12/21,31.00,31.98,30.85,31.24,5913243,185517904.00
2015/12/22,31.21,31.90,31.20,31.76,4205999,132743456.00
2015/12/23,31.76,32.52,31.00,31.17,6390524,203913712.00
2015/12/24,31.00,31.15,29.87,30.69,4237832,128669768.00
2015/12/25,30.69,31.40,30.35,30.59,5146124,158222592.00
2015/12/28,30.98,33.65,30.91,33.65,18826291,629174528.00
2015/12/29,33.30,35.44,32.55,35.29,20561740,702273792.00
2015/12/30,35.00,37.20,34.37,36.32,14385655,518094944.00
2015/12/31,36.32,36.90,34.20,34.20,15048896,530651296.00
2016/01/04,34.20,34.47,30.78,30.78,7878714,252918496.00
2016/01/05,27.73,30.21,27.70,28.57,9557424,276126656.00
2016/01/06,29.10,29.50,27.70,29.15,6205345,178691824.00
2016/01/07,28.30,28.30,26.24,26.24,1974898,53170264.00
2016/01/08,26.90,27.20,23.62,24.90,9805436,247079360.00
2016/01/11,23.59,24.40,22.41,22.41,6286865,145451584.00
2016/01/12,21.95,24.29,20.50,23.49,8212437,184963360.00
2016/01/13,23.30,23.95,21.28,21.52,6151741,141203680.00
2016/01/14,20.56,23.12,20.54,23.04,5750112,127313016.00
2016/01/15,23.30,23.86,22.30,22.74,6536876,151634592.00
2016/01/18,21.56,24.08,21.56,23.43,6162160,143033504.00
2016/01/19,23.11,24.30,22.60,24.20,7228600,170226880.00
2016/01/20,23.79,24.38,23.27,23.49,6111381,145202528.00
2016/01/21,22.87,23.93,21.97,21.97,5354168,123702408.00
2016/01/22,22.36,22.96,21.20,22.27,5023343,109970976.00
2016/01/25,22.41,22.92,22.15,22.45,3847553,86651184.00
2016/01/26,21.66,22.21,20.21,20.21,4848999,101995296.00
2016/01/27,20.17,20.19,18.19,18.83,9767099,182834496.00
2016/01/28,18.12,18.70,16.95,16.95,6413318,115010952.00
2016/01/29,16.90,18.50,16.90,18.23,6716987,119051432.00
2016/02/01,18.00,18.65,17.62,18.08,5962580,108748424.00
2016/02/02,18.03,19.35,18.03,19.00,6455168,122554976.00
2016/02/03,18.96,19.48,18.51,19.39,5533880,105410040.00
2016/02/04,19.60,20.50,19.39,20.16,6534382,130880456.00
2016/02/05,20.28,20.44,19.90,19.94,4642334,93405752.00
2016/02/15,19.00,19.99,18.77,19.70,3613756,69832552.00
2016/02/16,19.96,21.67,19.80,21.45,6512475,135372896.00
2016/02/17,21.41,21.60,20.78,21.33,7040237,149108640.00
2016/02/18,22.09,22.45,21.00,21.03,8214165,178406592.00
2016/02/19,20.65,21.33,20.60,21.05,5829101,122229784.00
2016/02/22,21.34,21.68,21.05,21.59,6075987,129996840.00
2016/02/23,21.80,21.97,20.74,21.15,5635562,119912576.00
2016/02/24,21.19,21.37,20.00,20.90,6360336,131368728.00
2016/02/25,20.63,20.80,18.81,18.81,6349596,124906592.00
2016/02/26,18.90,19.18,18.06,18.67,5137474,95990536.00
2016/02/29,18.33,18.50,16.83,16.91,5323551,92368488.00
2016/03/01,16.95,17.84,16.60,17.67,6678780,114175672.00
2016/03/02,17.75,18.64,17.33,18.55,6380358,114804688.00
2016/03/03,18.54,18.98,18.20,18.22,7258601,135008784.00
2016/03/04,18.16,18.21,17.01,17.09,6742789,118719944.00
2016/03/07,17.37,18.15,17.20,17.45,5956069,105232528.00
2016/03/08,17.33,18.10,16.41,18.00,7747785,133478344.00
2016/03/09,17.50,18.40,17.23,17.80,7815546,140381248.00
数据来源:通达信
