300182 捷成股份 日线 前复权
      日期	    开盘	    最高	    最低	    收盘	    成交量	    成交额
2011/02/22,3.10,3.30,3.03,3.22,9443924,630743680.00
2011/02/23,3.06,3.26,3.06,3.25,4253410,281045856.00
2011/02/24,3.23,3.27,3.08,3.11,2503109,164816352.00
2011/02/25,3.05,3.06,2.88,2.90,2030231,125842152.00
2011/02/28,2.90,2.96,2.87,2.94,890514,54727600.00
2011/03/01,2.94,2.96,2.92,2.95,934903,57877832.00
2011/03/02,2.95,2.96,2.84,2.96,903375,55177820.00
2011/03/03,2.94,3.01,2.92,2.98,732044,45612376.00
2011/03/04,2.97,3.18,2.96,3.13,1203741,77925112.00
2011/03/07,3.11,3.17,3.07,3.16,622082,40790324.00
2011/03/08,3.14,3.24,3.12,3.13,656080,43439448.00
2011/03/09,3.12,3.15,3.04,3.08,479587,31008180.00
2011/03/10,3.10,3.13,3.06,3.12,470845,30507210.00
2011/03/11,3.08,3.21,3.07,3.17,935205,61752712.00
2011/03/14,3.19,3.29,3.16,3.23,539561,36380080.00
2011/03/15,3.23,3.33,3.19,3.33,1312172,89262408.00
2011/03/16,3.31,3.41,3.29,3.41,1079331,75940920.00
2011/03/17,3.39,3.44,3.21,3.42,1130139,78192840.00
2011/03/18,3.37,3.53,3.33,3.52,892482,64060856.00
2011/03/21,3.49,3.70,3.49,3.66,1084542,81394960.00
2011/03/22,3.62,3.67,3.50,3.63,378250,28145398.00
2011/03/23,3.58,3.67,3.52,3.67,301581,22515864.00
2011/03/24,3.63,3.66,3.58,3.63,201410,15152256.00
2011/03/25,3.61,3.74,3.58,3.72,418000,31712230.00
2011/03/28,3.73,3.87,3.72,3.80,641487,50373844.00
2011/03/29,3.71,3.86,3.51,3.55,605042,45578508.00
2011/03/30,3.53,3.68,3.53,3.64,350380,26265274.00
2011/03/31,3.62,3.68,3.52,3.67,480772,36093608.00
2011/04/01,3.66,3.69,3.62,3.67,181860,13791258.00
2011/04/06,3.64,3.74,3.63,3.65,151951,11607634.00
2011/04/07,3.67,3.79,3.67,3.77,253760,19665612.00
2011/04/08,3.72,3.78,3.68,3.75,244169,18778468.00
2011/04/11,3.75,3.77,3.61,3.64,821536,62469756.00
2011/04/12,3.59,3.71,3.41,3.41,543878,40259476.00
2011/04/13,3.41,3.44,3.26,3.39,395529,27716890.00
2011/04/14,3.36,3.57,3.31,3.38,495544,35596292.00
2011/04/15,3.36,3.38,3.31,3.37,112308,7829492.00
2011/04/19,3.37,3.42,3.28,3.37,127716,8898432.00
2011/04/20,3.40,3.49,3.37,3.46,128158,9162388.00
2011/04/21,3.48,3.54,3.47,3.52,117333,8553126.00
2011/04/22,3.52,3.72,3.52,3.52,339150,25442400.00
2011/04/25,3.49,3.56,3.46,3.53,220021,16031282.00
2011/04/26,3.53,3.58,3.49,3.55,78056,5717399.00
2011/04/27,3.56,3.56,3.21,3.51,134180,9717763.00
2011/04/28,3.50,3.51,3.14,3.21,435094,29480426.00
2011/04/29,3.16,3.23,3.13,3.23,280141,18698244.00
2011/05/03,3.21,3.28,3.21,3.28,152551,10333151.00
2011/05/04,3.26,3.26,3.18,3.24,44809,3016596.75
2011/05/05,3.21,3.26,3.18,3.24,42125,2848362.25
2011/05/06,3.24,3.24,3.15,3.18,127730,8487230.00
2011/05/09,3.13,3.22,3.13,3.17,131461,4336057.50
2011/05/10,3.17,3.44,3.17,3.32,286741,9871297.00
2011/05/11,3.29,3.42,3.27,3.42,346323,11989827.00
2011/05/12,3.38,3.42,3.28,3.38,334181,11560140.00
2011/05/13,3.38,3.40,3.31,3.40,100655,3505498.00
2011/05/16,3.33,3.41,3.20,3.27,388738,13155411.00
2011/05/17,3.24,3.24,3.14,3.14,433250,14367318.00
2011/05/18,3.09,3.18,2.99,3.03,341036,10773550.00
2011/05/19,2.93,3.07,2.93,3.01,666638,20820512.00
2011/05/20,3.00,3.02,2.96,2.97,142168,4428230.00
2011/05/23,3.03,3.03,2.90,2.96,744308,22802622.00
2011/05/24,2.93,2.98,2.82,2.87,1127586,34010628.00
2011/05/25,2.88,2.89,2.69,2.72,667112,19449702.00
2011/05/26,2.73,2.73,2.60,2.62,454745,12601349.00
2011/05/30,2.57,2.62,2.49,2.60,200566,5409696.50
2011/05/31,2.58,2.66,2.57,2.65,276298,7660518.00
2011/06/01,2.67,2.69,2.64,2.67,326867,9135846.00
2011/06/02,2.63,2.77,2.63,2.69,278030,7890914.50
2011/06/03,2.70,2.75,2.66,2.71,193300,5497401.00
2011/06/07,2.67,2.71,2.67,2.71,163602,4618287.50
2011/06/08,2.69,2.77,2.63,2.74,326771,9267562.00
2011/06/09,2.73,2.76,2.70,2.74,507946,14592472.00
2011/06/10,2.71,2.77,2.61,2.72,774920,21924510.00
2011/06/13,2.65,2.70,2.61,2.66,391584,11012643.00
2011/06/14,2.66,2.78,2.66,2.77,396800,11458015.00
2011/06/15,2.74,2.85,2.73,2.77,511331,14898939.00
2011/06/16,2.75,2.82,2.70,2.79,305159,8852266.00
2011/06/17,2.79,2.81,2.71,2.81,362716,10469490.00
2011/06/20,2.77,2.81,2.73,2.74,438750,12660257.00
2011/06/21,2.72,2.92,2.72,2.83,788122,23324884.00
2011/06/22,2.85,2.91,2.79,2.87,313055,9369572.00
2011/06/23,2.88,3.12,2.83,3.07,449656,14106592.00
2011/06/24,3.05,3.22,3.02,3.18,476024,15426393.00
2011/06/27,3.25,3.40,3.13,3.18,1291682,43692652.00
2011/06/28,3.20,3.25,3.11,3.24,386317,12691384.00
2011/06/29,3.24,3.32,3.19,3.24,516439,17535254.00
2011/06/30,3.24,3.40,3.24,3.38,505433,17432724.00
2011/07/01,3.39,3.54,3.38,3.52,580026,20862640.00
2011/07/04,3.53,3.60,3.47,3.59,647814,23587152.00
2011/07/05,3.59,3.59,3.44,3.52,590176,21436680.00
2011/07/06,3.49,3.52,3.39,3.49,474000,17023056.00
2011/07/07,3.49,3.50,3.42,3.45,504877,18034230.00
2011/07/08,3.42,3.46,3.26,3.27,747847,25796002.00
2011/07/11,3.27,3.34,3.23,3.24,468402,15899667.00
2011/07/12,3.23,3.28,3.12,3.16,1610342,53566860.00
2011/07/13,3.16,3.20,3.12,3.15,2396569,78406272.00
2011/07/14,3.16,3.38,3.16,3.37,3609984,120633152.00
2011/07/15,3.35,3.44,3.30,3.43,2015321,69731480.00
2011/07/18,3.40,3.67,3.39,3.62,2486846,90393840.00
2011/07/19,3.62,3.72,3.52,3.72,1996595,73938440.00
2011/07/20,3.68,3.72,3.58,3.66,1400430,52422816.00
2011/07/21,3.63,3.65,3.48,3.65,1165460,42698056.00
2011/07/22,3.60,3.78,3.59,3.65,824055,31251714.00
2011/07/25,3.69,3.69,3.49,3.58,668164,24539742.00
2011/07/26,3.58,3.61,3.52,3.56,453518,16610706.00
2011/07/27,3.47,3.64,3.45,3.60,844407,31085292.00
2011/07/28,3.58,3.58,3.48,3.51,342510,12431791.00
2011/07/29,3.50,3.56,3.44,3.45,314690,11257256.00
2011/08/01,3.45,3.55,3.39,3.54,304848,10974069.00
2011/08/02,3.52,3.68,3.45,3.68,694412,25767130.00
2011/08/03,3.67,3.77,3.63,3.68,659942,25149678.00
2011/08/04,3.68,3.74,3.64,3.69,366229,13941545.00
2011/08/05,3.59,3.84,3.55,3.74,854180,32735004.00
2011/08/08,3.69,3.80,3.59,3.72,759526,28773182.00
2011/08/09,3.59,3.90,3.55,3.84,1183398,46170872.00
2011/08/10,3.86,3.92,3.80,3.88,1022438,40694820.00
2011/08/11,3.82,3.94,3.78,3.94,935576,37404212.00
2011/08/12,3.98,4.08,3.84,3.91,877012,35245836.00
2011/08/15,3.88,3.97,3.81,3.90,838905,33504770.00
2011/08/16,3.92,3.92,3.82,3.88,514612,20430496.00
2011/08/17,3.84,3.88,3.74,3.82,618746,24179066.00
2011/08/18,3.82,3.88,3.77,3.77,336738,13213852.00
2011/08/19,3.68,3.84,3.68,3.81,201196,7808637.00
2011/08/22,3.77,3.89,3.77,3.84,311517,12317198.00
2011/08/23,3.86,3.89,3.80,3.85,178190,7032016.50
2011/08/24,3.86,3.92,3.82,3.86,318572,12610653.00
2011/08/25,3.86,3.86,3.69,3.81,596300,23073680.00
2011/08/26,3.78,3.87,3.74,3.84,345355,13598163.00
2011/08/29,3.84,4.05,3.75,4.02,933828,38035408.00
2011/08/30,4.04,4.04,3.95,3.96,271492,11096479.00
2011/08/31,3.95,3.97,3.80,3.92,213535,8457915.00
2011/09/01,3.92,3.96,3.89,3.89,153126,6143825.00
2011/09/02,3.89,3.90,3.82,3.88,103815,4119734.50
2011/09/05,3.80,3.98,3.80,3.89,283669,11311588.00
2011/09/06,3.87,3.89,3.62,3.80,359395,14019033.00
2011/09/07,3.80,3.83,3.76,3.82,114675,4464931.00
2011/09/08,3.80,3.84,3.77,3.82,54195,2122766.50
2011/09/09,3.81,3.81,3.76,3.80,67404,2623368.00
2011/09/13,3.76,3.79,3.74,3.74,62100,2399941.00
2011/09/14,3.72,3.78,3.72,3.72,198262,7621383.50
2011/09/15,3.75,3.76,3.70,3.70,87700,3362792.25
2011/09/16,3.71,3.72,3.59,3.63,308095,11517819.00
2011/09/19,3.59,3.64,3.50,3.59,203381,7534945.00
2011/09/20,3.59,3.62,3.55,3.62,77370,2868004.50
2011/09/21,3.62,3.69,3.58,3.68,171680,6469653.50
2011/09/22,3.67,3.67,3.58,3.62,219200,8138674.50
2011/09/23,3.54,3.62,3.54,3.62,144079,5329782.00
2011/09/26,3.53,3.61,3.49,3.56,69049,2511866.75
2011/09/27,3.58,3.68,3.52,3.62,140517,5207803.50
2011/09/28,3.66,3.72,3.52,3.57,80600,2970869.00
2011/09/29,3.52,3.58,3.39,3.54,582887,20909392.00
2011/09/30,3.44,3.56,3.40,3.49,543400,19517012.00
2011/10/10,3.54,3.57,3.39,3.50,160957,5693249.50
2011/10/11,3.58,3.58,3.44,3.48,59800,2161668.00
2011/10/12,3.44,3.56,3.44,3.55,242572,8780815.00
2011/10/13,3.50,3.57,3.49,3.49,132563,4822681.50
2011/10/14,3.48,3.51,3.45,3.48,180700,6495761.00
2011/10/17,3.49,3.52,3.48,3.50,205390,7429829.50
2011/10/18,3.47,3.52,3.44,3.49,184590,6638720.00
2011/10/19,3.49,3.50,3.29,3.38,703491,24614356.00
2011/10/20,3.36,3.36,3.09,3.21,325416,10767438.00
2011/10/21,3.18,3.25,3.14,3.14,45000,1474572.00
2011/10/24,3.17,3.26,3.14,3.24,227494,7571770.50
2011/10/25,3.22,3.39,3.22,3.39,130899,4521136.00
2011/10/26,3.40,3.48,3.39,3.47,208402,7424999.00
2011/10/27,3.47,3.49,3.39,3.47,63210,2257218.00
2011/10/28,3.49,3.52,3.42,3.48,118855,4263798.00
2011/10/31,3.45,3.51,3.45,3.50,237050,8540347.00
2011/11/01,3.50,3.58,3.49,3.57,410320,15035793.00
2011/11/02,3.50,3.76,3.50,3.72,397056,15007812.00
2011/11/03,3.75,3.92,3.73,3.75,245155,9598674.00
2011/11/04,3.76,3.80,3.68,3.80,142182,5459358.50
2011/11/07,3.74,3.82,3.74,3.80,63302,2463407.00
2011/11/08,3.80,3.81,3.77,3.80,157200,6133712.00
2011/11/09,3.82,3.90,3.78,3.89,208001,8226538.50
2011/11/10,3.90,3.91,3.73,3.86,245399,9657370.00
2011/11/11,3.87,3.87,3.77,3.85,163900,6431213.50
2011/11/14,3.81,3.92,3.80,3.88,207757,8284501.50
2011/11/15,3.89,3.90,3.85,3.88,91557,3644843.00
2011/11/16,3.84,3.88,3.77,3.78,63682,2478193.50
2011/11/17,3.77,3.80,3.72,3.76,76566,2963574.00
2011/11/18,3.72,3.80,3.68,3.68,103034,3954498.50
2011/11/21,3.67,3.67,3.51,3.56,174297,6384333.50
2011/11/22,3.53,3.56,3.49,3.55,103800,3780198.00
2011/11/23,3.59,3.59,3.49,3.50,183557,6642409.00
2011/11/24,3.51,3.53,3.45,3.49,160351,5768327.00
2011/11/25,3.49,3.55,3.47,3.49,143000,5165288.00
2011/11/28,3.50,3.55,3.48,3.54,175550,6366037.50
2011/11/29,3.55,3.55,3.53,3.54,124700,4553122.00
2011/11/30,3.54,3.54,3.31,3.39,117501,4162439.00
2011/12/01,3.49,3.53,3.41,3.47,162200,5791672.00
2011/12/02,3.37,3.44,3.32,3.34,149639,5196042.50
2011/12/05,3.35,3.35,3.23,3.28,204810,6961048.50
2011/12/06,3.28,3.38,3.19,3.36,319709,10918415.00
2011/12/07,3.36,3.42,3.33,3.36,103200,3605958.00
2011/12/08,3.34,3.41,3.34,3.35,180300,6289735.00
2011/12/09,3.29,3.40,3.18,3.26,250600,8477521.00
2011/12/12,3.26,3.26,3.14,3.17,155900,5180907.50
2011/12/13,3.09,3.19,3.00,3.06,92596,2932042.50
2011/12/14,3.06,3.14,2.96,3.11,265309,8425990.00
2011/12/15,3.07,3.18,2.98,3.18,153479,4954660.00
2011/12/16,3.17,3.23,3.15,3.22,74190,2462907.25
2011/12/19,3.01,3.39,3.01,3.38,158153,5439445.50
2011/12/20,3.38,3.48,3.34,3.34,139295,4910147.00
2011/12/21,3.39,3.39,3.28,3.28,54695,1885430.00
2011/12/22,3.27,3.44,3.21,3.40,154640,5308096.50
2011/12/23,3.41,3.44,3.33,3.42,108300,3813976.00
2011/12/26,3.42,3.44,3.32,3.35,42040,1467574.00
2011/12/27,3.35,3.35,3.22,3.31,82032,2803721.75
2011/12/28,3.26,3.37,3.19,3.37,163730,5556009.00
2011/12/29,3.36,3.51,3.29,3.48,410967,14653846.00
2011/12/30,3.49,3.58,3.45,3.52,289932,10478610.00
2012/01/04,3.89,3.89,3.73,3.76,1446086,56890684.00
2012/01/05,3.63,3.63,3.36,3.36,923128,32993344.00
2012/01/06,3.25,3.30,3.03,3.18,741973,24244664.00
2012/01/09,3.21,3.49,3.16,3.44,814063,27938476.00
2012/01/10,3.39,3.58,3.39,3.49,1144410,41289708.00
2012/01/11,3.49,3.69,3.45,3.63,979040,36279420.00
2012/01/12,3.64,3.79,3.58,3.71,904853,34310172.00
2012/01/13,3.68,3.69,3.32,3.32,1438664,51307300.00
2012/01/16,3.16,3.21,2.97,2.97,1004239,31965396.00
2012/01/17,3.01,3.14,2.84,3.09,1318705,41392928.00
2012/01/18,3.04,3.10,2.76,2.76,1641725,48825296.00
2012/01/19,2.73,2.82,2.60,2.75,1058124,30094020.00
2012/01/20,2.77,2.85,2.75,2.85,870089,25659506.00
2012/01/30,2.90,3.02,2.85,2.89,852699,26156294.00
2012/01/31,2.86,2.87,2.74,2.79,1608214,47026824.00
2012/02/01,2.77,2.88,2.76,2.82,742531,22050846.00
2012/02/02,2.82,2.87,2.80,2.87,386231,11440763.00
2012/02/03,2.89,2.92,2.85,2.91,612992,18523836.00
2012/02/06,2.92,3.11,2.92,3.04,1311054,41187548.00
2012/02/07,3.02,3.05,2.98,3.01,466606,14614288.00
2012/02/08,3.05,3.07,2.98,3.05,502999,15860817.00
2012/02/09,3.07,3.20,3.05,3.10,826823,26995136.00
2012/02/10,3.09,3.20,3.09,3.15,708350,23142510.00
2012/02/13,3.15,3.28,3.09,3.23,761198,25319320.00
2012/02/14,3.24,3.24,3.16,3.20,272807,9039069.00
2012/02/15,3.17,3.23,3.15,3.22,460899,15297663.00
2012/02/16,3.19,3.27,3.11,3.16,479651,15852003.00
2012/02/17,3.16,3.20,3.12,3.16,320353,10521250.00
2012/02/20,3.19,3.27,3.17,3.26,874409,29219152.00
2012/02/21,3.26,3.27,3.18,3.27,756218,25325220.00
2012/02/22,3.27,3.62,3.27,3.48,1225740,43952212.00
2012/02/23,3.53,3.62,3.43,3.57,1381803,50461200.00
2012/02/24,3.57,3.63,3.52,3.55,628826,23131538.00
2012/02/28,3.49,3.65,3.49,3.64,689691,25557510.00
2012/02/29,3.62,3.72,3.48,3.49,609191,22278086.00
2012/03/01,3.46,3.54,3.46,3.52,386329,13950681.00
2012/03/02,3.56,3.58,3.50,3.56,330207,12067054.00
2012/03/05,3.56,3.70,3.55,3.68,909958,34154176.00
2012/03/06,3.68,3.68,3.49,3.57,611480,22636536.00
2012/03/07,3.54,3.60,3.50,3.53,380488,13923267.00
2012/03/08,3.58,3.59,3.51,3.56,243441,8929216.00
2012/03/09,3.57,3.64,3.54,3.64,372002,13825603.00
2012/03/12,3.61,3.64,3.52,3.57,614326,22572308.00
2012/03/13,3.57,3.61,3.56,3.59,680343,25085090.00
2012/03/14,3.62,3.67,3.26,3.31,1282559,46668232.00
2012/03/15,3.29,3.34,3.16,3.29,862904,28998604.00
2012/03/16,3.36,3.41,3.29,3.39,804174,28001312.00
2012/03/19,3.39,3.54,3.34,3.54,515408,18432252.00
2012/03/20,3.53,3.53,3.43,3.46,490212,17549902.00
2012/03/21,3.52,3.57,3.31,3.36,569631,20035018.00
2012/03/22,3.38,3.38,3.26,3.34,861811,29388104.00
2012/03/23,3.36,3.38,3.24,3.33,645848,21998988.00
2012/03/26,3.30,3.35,3.29,3.30,262112,9013896.00
2012/03/27,3.30,3.34,3.25,3.27,339665,7630725.00
2012/03/28,3.24,3.26,3.00,3.13,971691,20755764.00
2012/03/29,3.07,3.13,2.89,3.09,823901,17042268.00
2012/03/30,3.07,3.13,3.01,3.09,680018,14346215.00
2012/04/05,3.10,3.21,2.98,3.18,689428,14724675.00
2012/04/06,3.12,3.17,3.07,3.12,688898,14678420.00
2012/04/09,3.11,3.11,3.05,3.05,538850,11324750.00
2012/04/10,3.05,3.14,2.93,3.11,482945,9995607.00
2012/04/11,3.09,3.19,2.91,3.11,392396,8338511.50
2012/04/12,3.11,3.26,3.04,3.25,878908,19231578.00
2012/04/13,3.24,3.29,3.18,3.25,406433,9011634.00
2012/04/16,3.23,3.28,3.18,3.23,292825,6488323.00
2012/04/17,3.22,3.25,3.19,3.22,230344,5055772.00
2012/04/18,3.28,3.31,3.19,3.28,503064,11234114.00
2012/04/19,3.32,3.32,3.26,3.29,309599,6948614.00
2012/04/20,3.31,3.32,3.27,3.31,286355,6438844.50
2012/04/23,3.33,3.36,3.14,3.15,445759,9753592.00
2012/04/24,3.07,3.21,3.05,3.20,781943,16795974.00
2012/04/25,3.14,3.19,3.07,3.13,577825,12315372.00
2012/04/26,3.08,3.14,3.07,3.07,381348,8111009.00
2012/05/02,3.14,3.14,2.94,3.06,755297,15504070.00
2012/05/03,3.03,3.03,2.91,2.94,1077038,21806864.00
2012/05/04,2.95,3.04,2.92,3.01,1105239,22572160.00
2012/05/07,2.99,3.10,2.98,3.06,1079507,22586862.00
2012/05/08,3.04,3.13,3.04,3.04,862530,18169690.00
2012/05/09,3.05,3.11,2.97,3.06,488950,10175808.00
2012/05/10,3.02,3.10,3.02,3.07,276600,5800909.50
2012/05/11,3.04,3.07,3.00,3.01,252869,5260873.00
2012/05/14,3.01,3.04,2.94,2.96,307429,6332689.50
2012/05/15,2.94,3.01,2.92,3.01,289027,5907962.00
2012/05/16,2.99,3.02,2.95,2.95,163630,3340543.50
2012/05/17,2.96,3.02,2.96,3.00,184401,3776819.75
2012/05/18,3.00,3.00,2.94,3.00,238464,4864197.50
2012/05/21,3.00,3.04,2.98,3.01,201645,4164548.50
2012/05/22,3.01,3.08,3.00,3.07,288036,6027055.00
2012/05/23,3.07,3.07,3.02,3.04,239103,4982382.50
2012/05/24,3.05,3.09,2.97,3.08,594137,12347623.00
2012/05/25,3.08,3.09,3.02,3.04,432310,8993254.00
2012/05/28,3.00,3.05,2.94,3.03,254150,5213509.50
2012/05/29,3.02,3.06,2.99,3.06,545474,11300053.00
2012/05/30,3.06,3.07,3.02,3.06,301768,6298511.50
2012/05/31,3.07,3.20,3.07,3.16,1751246,37881072.00
2012/06/01,3.17,3.28,3.14,3.27,1174757,25740556.00
2012/06/04,3.22,3.27,3.16,3.19,684560,15071199.00
2012/06/05,3.18,3.22,3.12,3.13,278239,5983348.50
2012/06/06,3.16,3.18,3.10,3.14,133561,2867779.25
2012/06/07,3.15,3.26,3.07,3.17,436400,9352667.00
2012/06/08,3.15,3.17,3.11,3.12,195329,4183428.25
2012/06/11,3.09,3.23,3.09,3.23,377779,8197199.50
2012/06/12,3.18,3.25,3.09,3.24,448555,9775141.00
2012/06/13,3.23,3.35,3.19,3.34,1137802,25669170.00
2012/06/14,3.38,3.38,3.30,3.34,473236,10749924.00
2012/06/15,3.32,3.37,3.30,3.31,233805,5316211.00
2012/06/18,3.36,3.37,3.32,3.37,240506,5478496.00
2012/06/19,3.37,3.47,3.34,3.43,1218288,28385674.00
2012/06/20,3.42,3.53,3.41,3.50,935499,22184740.00
2012/06/21,3.50,3.50,3.38,3.43,627464,14585100.00
2012/06/25,3.42,3.43,3.27,3.36,429061,9772975.00
2012/06/26,3.33,3.35,3.22,3.28,432006,9627704.00
2012/06/27,3.30,3.47,3.30,3.43,654913,15134209.00
2012/06/28,3.46,3.47,3.33,3.41,1000438,23142914.00
2012/06/29,3.36,3.47,3.35,3.45,873391,20332696.00
2012/07/02,3.40,3.55,3.40,3.54,580450,13857452.00
2012/07/03,3.49,3.60,3.49,3.59,617556,15030731.00
2012/07/04,3.61,3.62,3.48,3.51,373739,8958084.00
2012/07/05,3.46,3.51,3.46,3.48,126702,3001722.25
2012/07/06,3.53,3.54,3.43,3.51,283811,6751389.50
2012/07/09,3.51,3.51,3.41,3.48,350815,8262815.00
2012/07/10,3.44,3.49,3.42,3.47,163951,3846081.50
2012/07/11,3.47,3.48,3.41,3.44,71666,1681161.88
2012/07/12,3.43,3.49,3.42,3.45,318864,7495634.00
2012/07/13,3.47,3.49,3.39,3.45,333271,7785433.00
2012/07/16,3.42,3.42,3.16,3.16,988100,21846410.00
2012/07/17,3.13,3.20,3.13,3.16,402856,8701308.00
2012/07/18,3.13,3.19,3.10,3.19,197178,4234953.00
2012/07/19,3.19,3.26,3.19,3.24,277929,6132867.50
2012/07/20,3.27,3.29,3.13,3.27,293698,6543267.00
2012/07/23,3.22,3.28,3.19,3.27,45085,1001687.63
2012/07/24,3.22,3.31,3.22,3.28,134720,3016843.50
2012/07/25,3.28,3.31,3.23,3.30,165371,3718001.25
2012/07/26,3.32,3.37,3.30,3.35,211718,4827486.00
2012/07/27,3.32,3.44,3.32,3.38,207000,4792833.00
2012/07/30,3.44,3.44,3.32,3.37,119200,2739302.75
2012/07/31,3.36,3.36,3.27,3.33,264355,5970210.00
2012/08/01,3.33,3.40,3.33,3.33,170480,3899314.50
2012/08/02,3.33,3.42,3.32,3.38,412850,9450286.00
2012/08/03,3.40,3.51,3.36,3.48,417965,9915020.00
2012/08/06,3.46,3.61,3.46,3.59,588942,14308713.00
2012/08/07,3.59,3.64,3.50,3.58,583560,14203212.00
2012/08/08,3.50,3.61,3.47,3.57,356092,8654682.00
2012/08/09,3.58,3.62,3.55,3.61,196787,4805003.00
2012/08/10,3.61,3.63,3.57,3.62,445562,10922879.00
2012/08/13,3.53,3.61,3.52,3.57,187560,4536554.00
2012/08/14,3.58,3.58,3.45,3.55,509812,12106035.00
2012/08/15,3.50,3.53,3.45,3.49,73488,1749213.25
2012/08/16,3.46,3.54,3.46,3.51,279790,6689389.00
2012/08/17,3.46,3.52,3.44,3.48,141050,3329754.50
2012/08/20,3.42,3.52,3.41,3.52,588149,13818110.00
2012/08/21,3.52,3.89,3.52,3.78,1050645,26827028.00
2012/08/22,3.83,3.86,3.72,3.74,1037205,26648902.00
2012/08/23,3.77,3.84,3.72,3.77,516489,13266204.00
2012/08/24,3.80,3.80,3.73,3.77,399991,10187390.00
2012/08/27,3.79,3.84,3.73,3.77,577444,14802513.00
2012/08/28,3.81,3.85,3.74,3.81,623571,16057056.00
2012/08/29,3.83,4.01,3.79,3.90,1660388,44022528.00
2012/08/30,3.84,3.87,3.68,3.83,1037881,26540008.00
2012/08/31,3.79,3.89,3.76,3.83,222233,5755879.00
2012/09/03,3.76,3.99,3.74,3.96,462340,12165076.00
2012/09/04,3.96,4.00,3.86,3.90,465522,12347287.00
2012/09/05,3.94,3.94,3.76,3.91,617324,16042321.00
2012/09/06,3.91,3.95,3.81,3.90,545141,14241839.00
2012/09/07,3.92,4.01,3.84,3.90,1200357,31903984.00
2012/09/10,3.91,4.02,3.88,3.97,938120,25255204.00
2012/09/11,3.94,3.98,3.82,3.97,760507,20166936.00
2012/09/12,3.94,3.98,3.82,3.89,674740,17756810.00
2012/09/13,3.88,3.90,3.79,3.83,451469,11716816.00
2012/09/14,3.85,3.85,3.71,3.71,533208,13625186.00
2012/09/17,3.71,3.76,3.56,3.65,432355,10797667.00
2012/09/18,3.60,3.68,3.57,3.64,265768,6567528.00
2012/09/19,3.65,3.72,3.58,3.72,211311,5276955.00
2012/09/20,3.67,3.71,3.53,3.65,611673,15001941.00
2012/09/21,3.64,3.65,3.53,3.59,352276,8652801.00
2012/09/24,3.53,3.61,3.51,3.60,250555,6036693.50
2012/09/25,3.60,3.65,3.56,3.61,41018,1007067.25
2012/09/26,3.57,3.62,3.41,3.52,369500,8736096.00
2012/09/27,3.52,3.56,3.46,3.54,383431,9222231.00
2012/09/28,3.54,3.61,3.46,3.61,309602,7438676.50
2012/10/08,3.61,3.63,3.50,3.55,214968,5187362.50
2012/10/09,3.60,3.68,3.55,3.65,262718,6495067.50
2012/10/10,3.67,3.80,3.63,3.73,647955,16229153.00
2012/10/11,3.72,3.76,3.64,3.69,541427,13635685.00
2012/10/12,3.71,3.77,3.64,3.67,264478,6619230.50
2012/10/15,3.63,3.74,3.40,3.72,915542,22099344.00
2012/10/16,3.68,3.81,3.64,3.72,1000581,25222106.00
2012/10/17,3.69,3.74,3.68,3.73,365067,9194753.00
2012/10/18,3.74,4.11,3.71,3.85,936783,24202708.00
2012/10/19,3.85,3.87,3.78,3.83,689677,17915180.00
2012/10/22,3.79,3.81,3.74,3.79,195088,5007837.00
2012/10/23,3.79,3.83,3.72,3.82,268020,6854614.00
2012/10/24,3.74,3.90,3.73,3.78,253400,6563378.50
2012/10/25,3.73,3.83,3.65,3.66,234887,5939253.50
2012/10/26,3.61,3.71,3.58,3.71,197294,4883945.00
2012/10/29,3.71,3.74,3.65,3.73,173458,4349525.50
2012/10/30,3.76,3.76,3.68,3.73,67903,1708708.00
2012/10/31,3.68,3.77,3.61,3.76,197849,4988271.50
2012/11/01,3.77,3.82,3.71,3.81,448001,11420227.00
2012/11/02,3.81,3.81,3.73,3.75,233400,5944170.00
2012/11/05,3.77,3.77,3.58,3.58,1041065,25592938.00
2012/11/06,3.57,3.63,3.53,3.62,230920,5582555.00
2012/11/07,3.60,3.67,3.57,3.61,173550,4263686.00
2012/11/08,3.52,3.61,3.51,3.58,144772,3521667.50
2012/11/09,3.53,3.64,3.53,3.58,166155,4012386.25
2012/11/12,3.56,3.60,3.45,3.53,424481,10063586.00
2012/11/13,3.51,3.58,3.50,3.56,227047,5446135.00
2012/11/14,3.50,3.61,3.49,3.59,132220,3206909.75
2012/11/15,3.53,3.60,3.53,3.59,110971,2684944.50
2012/11/16,3.51,3.59,3.51,3.59,79318,1913342.63
2012/11/19,3.51,3.60,3.51,3.57,32602,790760.31
2012/11/20,3.58,3.66,3.49,3.57,178854,4354134.50
2012/11/21,3.50,3.58,3.48,3.56,171956,4107693.75
2012/11/22,3.53,3.53,3.47,3.48,57200,1357096.00
2012/11/23,3.47,3.52,3.15,3.37,579964,13264033.00
2012/11/26,3.36,3.36,3.20,3.26,388553,8597416.00
2012/11/27,3.20,3.22,3.13,3.20,299100,6456196.00
2012/11/28,3.19,3.19,3.12,3.14,56769,1217597.63
2012/11/29,3.13,3.22,3.09,3.12,82550,1772165.00
2012/11/30,3.15,3.19,3.10,3.14,64838,1387429.75
2012/12/03,3.11,3.14,2.99,3.11,122838,2592824.75
2012/12/04,3.01,3.10,2.99,3.07,64516,1344749.00
2012/12/05,2.99,3.28,2.99,3.24,811727,17556980.00
2012/12/06,3.22,3.25,3.16,3.17,206858,4521380.00
2012/12/07,3.15,3.30,3.15,3.27,273976,6051406.50
2012/12/10,3.26,3.34,3.24,3.32,179231,4013562.00
2012/12/11,3.30,3.37,3.26,3.31,85897,1932960.50
2012/12/12,3.28,3.31,3.26,3.30,108440,2429178.25
2012/12/13,3.30,3.30,3.23,3.26,61266,1358975.13
2012/12/14,3.22,3.35,3.19,3.30,1704528,37711876.00
2012/12/17,3.25,3.29,3.10,3.22,945281,20628056.00
2012/12/18,3.16,3.19,3.05,3.07,825711,17522860.00
2012/12/19,3.07,3.08,3.04,3.06,479939,10063926.00
2012/12/20,3.07,3.09,3.04,3.06,856538,17956724.00
2012/12/21,3.07,3.12,3.02,3.05,1643306,34280580.00
2012/12/24,3.05,3.22,3.04,3.22,1967122,41982352.00
2012/12/25,3.18,3.34,3.18,3.34,1736946,38913260.00
2012/12/26,3.34,3.43,3.28,3.38,927160,21207302.00
2012/12/27,3.38,3.38,3.25,3.28,1203437,27139284.00
2012/12/28,3.28,3.31,3.23,3.28,963438,21375344.00
2012/12/31,3.29,3.44,3.28,3.39,1446998,33165572.00
2013/01/04,3.39,3.42,3.27,3.34,737911,16778336.00
2013/01/07,3.33,3.35,3.27,3.28,645984,14501465.00
2013/01/08,3.29,3.44,3.29,3.36,780615,17850182.00
2013/01/09,3.35,3.43,3.31,3.40,868476,20103174.00
2013/01/10,3.40,3.48,3.37,3.45,969958,22707388.00
2013/01/11,3.45,3.56,3.42,3.47,903941,21537410.00
2013/01/14,3.47,3.72,3.42,3.66,1087892,26752640.00
2013/01/15,3.73,3.97,3.73,3.88,1895257,49995744.00
2013/01/16,3.89,3.96,3.84,3.90,1130556,29876410.00
2013/01/17,3.90,3.96,3.84,3.89,1093504,29011266.00
2013/01/18,3.91,3.92,3.84,3.89,617270,16236340.00
2013/01/21,3.88,4.04,3.84,4.03,1008618,27207492.00
2013/01/22,4.04,4.06,3.74,3.81,1738845,45738424.00
2013/01/23,3.78,3.98,3.75,3.98,969523,25270722.00
2013/01/24,3.94,4.11,3.84,3.88,673815,18131324.00
2013/01/25,3.87,3.98,3.82,3.95,602100,15960407.00
2013/01/28,4.00,4.11,3.94,4.07,607357,16436814.00
2013/01/29,4.02,4.22,3.90,3.97,811384,21913930.00
2013/01/30,3.97,3.99,3.85,3.90,788661,20769912.00
2013/01/31,3.88,3.88,3.74,3.77,480161,12327855.00
2013/02/01,3.77,3.87,3.75,3.81,659554,17005762.00
2013/02/04,3.79,3.86,3.72,3.72,257802,6594017.50
2013/02/05,3.71,3.78,3.68,3.73,319263,8087486.50
2013/02/06,3.70,3.80,3.70,3.79,591377,15133692.00
2013/02/07,3.79,3.80,3.71,3.79,663540,16967922.00
2013/02/08,3.80,3.85,3.77,3.79,1774636,45761796.00
2013/02/18,3.80,3.91,3.76,3.84,1364309,35289200.00
2013/02/19,3.83,4.01,3.81,4.01,1816661,48524252.00
2013/02/20,3.98,4.19,3.94,4.17,1399835,38600628.00
2013/02/21,4.14,4.18,4.02,4.05,1479732,41064684.00
2013/02/22,3.99,4.12,3.96,4.08,688463,18923656.00
2013/02/25,4.04,4.21,4.02,4.14,802786,22464134.00
2013/02/26,4.14,4.14,3.99,4.01,1226381,33875588.00
2013/02/27,4.01,4.04,3.90,3.96,822646,22066342.00
2013/02/28,3.99,4.29,3.94,4.14,686165,19015200.00
2013/03/01,4.14,4.36,4.14,4.26,1383758,40213996.00
2013/03/04,4.18,4.37,4.01,4.10,1741277,49655452.00
2013/03/05,4.10,4.31,4.10,4.28,1326741,37957980.00
2013/03/06,4.32,4.68,4.29,4.62,1753311,52906456.00
2013/03/07,4.68,4.68,4.42,4.51,954095,29298718.00
2013/03/08,4.55,4.55,4.36,4.48,967260,28867044.00
2013/03/11,4.50,4.50,4.30,4.39,479358,14095887.00
2013/03/12,4.52,4.52,4.14,4.20,1527208,43853248.00
2013/03/13,4.22,4.28,4.19,4.23,422635,12050037.00
2013/03/14,4.24,4.37,4.22,4.31,681772,19869472.00
2013/03/15,4.34,4.51,4.32,4.45,681432,20386234.00
2013/03/18,4.46,4.65,4.46,4.48,761170,23418342.00
2013/03/19,4.47,4.64,4.27,4.61,1072889,32176328.00
2013/03/20,4.58,4.68,4.51,4.60,931355,28828556.00
2013/03/21,4.61,4.91,4.61,4.70,801908,25546140.00
2013/03/22,4.70,4.84,4.59,4.81,1129886,36079312.00
2013/05/13,5.31,5.31,5.31,5.31,160949,4356889.50
2013/05/14,5.85,5.85,5.65,5.65,6042600,178237040.00
2013/05/15,5.59,5.98,5.55,5.79,4343581,128949552.00
2013/05/16,5.61,6.04,5.53,5.59,3246038,94870088.00
2013/05/17,5.54,6.16,5.49,6.16,3856279,117180840.00
2013/05/20,6.27,6.51,6.07,6.09,4318394,138055952.00
2013/05/21,6.05,6.17,5.95,6.11,2354716,72393432.00
2013/05/22,6.02,6.03,5.80,5.83,1999541,59896000.00
2013/05/23,5.87,5.95,5.65,5.65,1650236,48779148.00
2013/05/24,5.66,5.98,5.64,5.96,2599187,77176264.00
2013/05/27,5.95,6.28,5.93,6.24,2399287,75507312.00
2013/05/28,6.19,6.34,5.92,6.20,1596676,49570780.00
2013/05/29,6.10,6.25,5.91,6.10,1938619,59696936.00
2013/05/30,6.09,6.33,5.99,6.23,1453800,45870020.00
2013/05/31,6.25,6.59,6.20,6.52,1845233,60361696.00
2013/06/03,6.49,6.57,6.11,6.21,2155449,68303560.00
2013/06/04,6.15,6.15,5.79,5.91,2174055,65614832.00
2013/06/05,5.91,6.06,5.81,5.94,1213459,36678616.00
2013/06/06,5.90,5.93,5.66,5.69,919187,26936916.00
2013/06/07,5.73,5.89,5.65,5.85,1005229,29561628.00
2013/06/13,5.79,6.05,5.57,6.03,1295277,38307556.00
2013/06/14,6.03,6.23,5.89,6.17,1611857,50441856.00
2013/06/17,6.17,6.24,5.89,6.09,1484421,46068560.00
2013/06/18,6.09,6.13,5.94,6.07,577573,17760356.00
2013/06/19,5.92,6.41,5.87,6.40,1254518,39029060.00
2013/06/20,6.34,6.37,5.89,5.89,1020072,31659476.00
2013/06/21,5.73,6.09,5.45,5.81,1259281,36757240.00
2013/06/24,5.85,5.85,5.49,5.55,1698098,48438664.00
2013/06/25,5.49,5.68,4.99,5.43,2316509,63756620.00
2013/06/26,5.45,5.89,5.37,5.69,4752005,137958304.00
2013/06/27,5.79,5.90,5.49,5.55,1695040,49508416.00
2013/06/28,5.49,5.49,5.10,5.20,2078708,55700712.00
2013/07/01,5.17,5.51,5.13,5.51,2326009,63511396.00
2013/07/02,5.53,5.67,5.45,5.52,1970570,56080000.00
2013/07/03,5.52,5.56,5.25,5.54,1662634,45889900.00
2013/07/04,5.51,5.51,5.28,5.29,2375659,65075860.00
2013/07/05,5.29,5.33,5.05,5.11,1127229,29658492.00
2013/07/08,5.09,5.09,4.61,4.82,2168912,53661960.00
2013/07/09,4.82,4.88,4.63,4.81,2810848,68389608.00
2013/07/10,4.89,5.27,4.89,5.22,3041529,78863272.00
2013/07/11,5.23,5.55,5.23,5.44,3402942,94923352.00
2013/07/12,5.39,5.60,5.35,5.49,2606685,72989752.00
2013/07/15,5.63,5.86,5.61,5.76,3159226,92153064.00
2013/07/16,5.82,6.09,5.75,5.95,3333218,100420928.00
2013/07/17,6.01,6.26,5.89,5.95,4010065,123896976.00
2013/07/18,5.89,6.04,5.76,5.81,1852156,55728908.00
2013/07/19,5.85,6.17,5.82,5.82,1354472,41187776.00
2013/07/22,5.79,6.37,5.79,6.27,2240459,70665456.00
2013/07/23,6.27,6.91,6.27,6.71,2854033,96802328.00
2013/07/24,6.65,6.89,6.53,6.74,1904071,65056888.00
2013/07/25,6.74,6.74,6.06,6.19,2601983,83197960.00
2013/07/26,6.09,6.19,5.79,6.05,3412611,103766040.00
2013/07/29,5.96,5.99,5.71,5.89,2810467,83137304.00
2013/07/30,5.88,5.92,5.55,5.67,1843199,53507508.00
2013/07/31,5.69,5.93,5.63,5.87,1607534,47396216.00
2013/08/01,5.87,6.17,5.83,6.10,2010861,62139312.00
2013/08/02,6.15,6.19,5.94,5.95,1652547,51063620.00
2013/08/05,5.92,6.55,5.92,6.55,2738201,88244776.00
2013/08/06,6.67,6.67,6.36,6.49,2088639,68973832.00
2013/08/07,6.61,6.67,6.39,6.48,2123253,70050208.00
2013/08/08,6.81,7.14,6.75,7.14,2405241,85962480.00
2013/08/09,7.38,7.48,6.94,7.07,2942441,107991376.00
2013/08/12,6.91,7.05,6.55,6.69,2241513,76839944.00
2013/08/13,6.67,6.91,6.53,6.75,2097034,71953608.00
2013/08/14,6.73,7.23,6.62,7.11,1731941,60848140.00
2013/08/15,7.07,7.39,7.03,7.17,1497430,54752364.00
2013/08/16,7.17,7.86,7.09,7.09,1754513,66045716.00
2013/08/19,7.17,7.73,7.17,7.63,1484573,56902240.00
2013/08/20,7.63,7.72,7.43,7.54,1038113,40009456.00
2013/08/21,7.53,7.69,7.39,7.54,485052,18508616.00
2013/08/22,7.46,7.59,7.40,7.54,475326,18097374.00
2013/08/23,7.54,7.62,7.12,7.27,1189762,44546288.00
2013/08/26,7.16,7.59,7.16,7.58,888348,33627092.00
2013/08/27,7.49,7.62,7.31,7.41,1339978,50192244.00
2013/08/28,7.35,7.53,7.09,7.28,1005318,37198084.00
2013/08/29,7.28,7.45,7.20,7.25,728388,26983152.00
2013/08/30,7.37,7.37,6.81,6.95,1243611,44114728.00
2013/09/02,7.03,7.19,6.81,7.07,993700,35577844.00
2013/09/03,7.11,7.35,7.04,7.35,662666,24278594.00
2013/09/04,7.41,7.43,7.14,7.15,736508,27152636.00
2013/09/05,7.25,7.36,7.05,7.13,696528,25519430.00
2013/09/06,7.19,7.29,7.13,7.27,586162,21343882.00
2013/09/09,7.33,7.33,6.85,6.99,1308282,46493308.00
2013/09/10,6.99,7.03,6.43,6.89,3153241,106776960.00
2013/09/11,6.78,6.78,6.47,6.49,2021227,67598344.00
2013/09/12,6.55,6.71,6.39,6.52,705114,23399194.00
2013/09/13,6.53,6.99,6.45,6.77,1347871,46482040.00
2013/09/16,6.77,6.95,6.73,6.81,493065,17170510.00
2013/09/17,6.81,7.39,6.75,7.15,1416850,51250852.00
2013/09/18,7.15,7.16,6.89,7.09,369820,13173474.00
2013/09/23,7.11,7.29,6.96,7.21,627832,22783018.00
2013/09/24,7.27,7.27,6.97,7.19,961661,34957568.00
2013/09/25,7.19,7.33,6.98,7.06,715720,25983462.00
2013/09/26,7.05,7.05,6.66,6.73,899787,31244124.00
2013/09/27,6.53,6.99,6.53,6.98,637300,22146486.00
2013/09/30,6.95,7.40,6.86,7.32,1236370,45588912.00
2013/10/08,7.42,8.06,7.23,8.06,1520769,59661156.00
2013/10/09,8.26,8.73,8.07,8.47,1460209,62753876.00
2013/10/10,8.47,8.65,8.21,8.50,1534009,65448764.00
2013/10/11,8.41,8.47,7.94,8.29,1498470,62915968.00
2013/10/18,8.29,8.41,7.66,8.09,2005976,81414896.00
2013/10/21,8.04,8.69,8.04,8.43,1194105,51348536.00
2013/10/22,8.29,8.61,8.25,8.45,622608,26494006.00
2013/10/24,8.92,9.31,8.44,8.69,3895889,176085712.00
2013/10/25,8.29,8.61,7.88,8.11,1562937,64901956.00
2013/10/28,8.15,8.15,7.69,7.84,1015272,40422888.00
2013/10/29,7.93,8.01,7.51,7.92,700766,27710480.00
2013/10/30,7.97,8.15,7.89,7.93,398474,16140663.00
2013/10/31,8.01,8.01,7.55,7.83,645882,25511336.00
2013/11/01,7.85,7.85,7.42,7.59,1278723,49132420.00
2013/11/04,7.60,7.60,7.29,7.59,742368,28065686.00
2013/11/05,7.58,8.13,7.38,8.09,879608,35007216.00
2013/11/06,8.17,8.59,7.93,8.01,1127142,47734944.00
2013/11/07,7.90,8.09,7.66,7.67,343857,13697779.00
2013/11/08,7.73,7.73,7.29,7.46,722486,27344302.00
2013/11/11,7.45,7.85,7.35,7.67,506254,19702214.00
2013/11/12,7.76,7.98,7.52,7.69,452976,17878004.00
2013/11/13,7.72,7.84,7.62,7.67,171542,6725145.50
2013/11/14,7.76,8.18,7.67,8.18,551827,22501418.00
2013/11/15,8.22,8.54,8.21,8.37,885537,37359296.00
2013/11/18,8.49,8.61,8.39,8.43,592330,25514988.00
2013/11/19,8.47,8.49,8.29,8.32,187799,7961296.50
2013/11/20,8.35,8.54,8.22,8.33,356570,15221820.00
2013/11/21,8.25,8.37,8.02,8.13,371319,15296194.00
2013/11/22,8.09,8.28,8.04,8.12,174499,7223808.50
2013/11/25,8.09,8.37,8.07,8.32,220986,9239001.00
2013/11/26,8.38,8.59,8.33,8.49,438933,18868590.00
2013/11/27,8.62,8.62,8.44,8.55,600636,25951538.00
2013/11/28,8.59,8.59,8.45,8.52,234307,10134714.00
2013/11/29,8.49,8.69,8.48,8.69,443242,19379106.00
2013/12/02,8.13,8.37,7.81,7.89,845956,34668224.00
2013/12/03,7.87,7.87,7.63,7.74,727555,28417280.00
2013/12/04,7.74,8.03,7.67,7.97,619083,24761840.00
2013/12/05,7.87,8.08,7.25,7.69,1527335,58536116.00
2013/12/06,7.53,7.53,7.29,7.44,923425,34617212.00
2013/12/09,7.45,7.55,7.39,7.46,776475,29388170.00
2013/12/10,7.53,7.53,7.17,7.39,1330145,49120656.00
2013/12/11,7.22,7.35,6.95,7.03,1303390,47462900.00
2013/12/12,7.07,7.36,7.04,7.35,813390,30073116.00
2013/12/13,7.33,7.54,7.26,7.48,739107,27915270.00
2013/12/16,7.48,7.57,7.33,7.45,425423,16100740.00
2013/12/17,7.50,7.73,7.49,7.62,461210,17908394.00
2013/12/18,7.61,7.71,7.31,7.69,614418,23453572.00
2013/12/19,7.64,7.64,7.29,7.51,484646,18349434.00
2013/12/20,7.44,7.49,7.25,7.49,420908,15796751.00
2013/12/23,7.57,7.57,7.22,7.45,760140,28217176.00
2013/12/24,7.32,7.55,7.29,7.43,273983,10296706.00
2013/12/25,7.45,7.53,7.25,7.45,726664,27354496.00
2013/12/26,7.48,8.09,7.48,7.95,1292515,51343888.00
2013/12/27,7.85,7.97,7.80,7.91,216029,8637656.00
2013/12/30,7.85,7.94,7.61,7.89,869758,33966620.00
2013/12/31,7.77,7.87,7.61,7.85,417214,16383009.00
2014/01/02,7.79,8.05,7.69,7.89,353791,14172669.00
2014/01/03,7.89,8.24,7.87,8.24,842873,34540984.00
2014/01/06,8.22,8.25,7.89,7.89,485256,19888474.00
2014/01/07,7.91,8.30,7.91,8.30,699652,28941680.00
2014/01/08,8.35,8.66,8.34,8.41,1443122,62446424.00
2014/01/09,8.39,8.59,8.31,8.50,393449,16838208.00
2014/01/10,8.50,8.51,7.93,8.09,440530,18469172.00
2014/01/13,8.09,8.39,7.96,8.23,371812,15399719.00
2014/01/14,8.29,8.39,8.06,8.39,515022,21425378.00
2014/01/15,8.39,8.54,8.29,8.42,581975,24931372.00
2014/01/16,8.42,8.42,8.09,8.17,456516,18946840.00
2014/01/17,8.09,8.27,7.96,7.99,838699,34345752.00
2014/01/20,8.08,8.09,7.49,7.69,952053,37166252.00
2014/01/21,7.66,7.79,7.65,7.71,358396,13990369.00
2014/01/22,7.71,7.89,7.60,7.69,747454,29431744.00
2014/01/23,7.75,8.25,7.66,7.96,1482804,60017036.00
2014/01/24,8.27,8.27,7.99,8.18,2009544,82690808.00
2014/01/27,8.16,8.84,8.09,8.65,2122779,91507520.00
2014/01/28,8.65,9.04,8.47,8.60,2133560,94975040.00
2014/01/29,8.50,9.01,8.50,8.97,1301622,57854352.00
2014/01/30,8.97,8.99,8.68,8.87,594953,26570528.00
2014/02/07,8.87,9.34,8.61,9.24,1358286,63012052.00
2014/02/10,9.24,9.29,8.83,9.04,1837433,83033432.00
2014/02/11,8.94,9.02,8.13,8.33,3626436,153852176.00
2014/02/12,8.25,8.25,7.87,8.11,2498767,101532536.00
2014/02/13,8.03,8.71,7.97,8.37,3756321,161220080.00
2014/02/14,8.39,8.58,8.19,8.41,1323514,55692160.00
2014/02/17,8.39,8.65,8.30,8.60,784709,33949512.00
2014/02/18,8.58,8.58,8.38,8.38,1305080,55802660.00
2014/02/19,8.53,9.22,8.53,8.93,3916280,180101632.00
2014/02/20,8.78,9.57,8.67,9.34,2980649,138729216.00
2014/02/21,9.12,9.73,9.12,9.68,3657487,177537616.00
2014/02/24,9.67,10.27,9.29,9.92,2893155,142315872.00
2014/02/25,9.87,9.87,9.19,9.27,3534336,170543872.00
2014/02/26,9.09,9.69,8.33,9.67,4817951,216892144.00
2014/02/27,9.89,10.13,9.23,9.27,2779887,137173104.00
2014/02/28,9.11,9.79,8.96,9.59,1693223,81065552.00
2014/03/03,9.45,9.77,9.19,9.39,1479180,69856840.00
2014/03/04,9.09,9.24,8.83,9.15,2322642,105028312.00
2014/03/05,9.07,9.12,8.67,8.89,2271916,101072752.00
2014/03/06,8.79,8.79,8.28,8.50,2477711,106324992.00
2014/03/07,8.43,8.80,8.35,8.55,1470201,63644416.00
2014/03/10,8.39,8.69,8.39,8.55,1379736,59727760.00
2014/03/11,8.50,8.79,8.45,8.57,738239,32178332.00
2014/03/12,8.63,8.63,7.87,8.28,1669803,69433664.00
2014/03/13,8.13,8.53,8.13,8.49,882756,37522008.00
2014/03/14,8.41,8.91,8.41,8.83,912068,40612820.00
2014/03/17,8.88,8.95,8.74,8.93,578335,25935416.00
2014/03/18,8.87,9.21,8.87,9.19,1196024,55105168.00
2014/03/19,9.17,9.23,8.94,9.15,361773,16598116.00
2014/03/20,9.15,9.15,8.65,8.93,452606,20271522.00
2014/03/21,8.78,8.79,8.18,8.58,1111250,47706492.00
2014/03/24,8.45,8.45,8.05,8.35,1622031,67014088.00
2014/03/25,8.27,8.39,8.15,8.34,1183460,49384940.00
2014/03/26,8.20,8.35,8.20,8.29,777097,32572822.00
2014/03/27,8.23,8.29,7.99,8.10,738847,30322146.00
2014/03/28,7.99,8.10,7.50,7.77,1782393,69197984.00
2014/03/31,7.82,8.11,7.78,8.03,1652675,66232880.00
2014/04/01,8.01,8.31,8.01,8.12,1111097,46268372.00
2014/04/02,8.11,8.25,7.58,7.95,1611762,63997792.00
2014/04/03,7.83,7.88,7.56,7.65,1550248,59996608.00
2014/04/04,7.60,7.88,7.53,7.87,648981,25350746.00
2014/04/08,7.78,8.08,7.77,8.01,1038618,41641264.00
2014/04/09,8.06,8.19,7.94,8.06,529851,21670924.00
2014/04/10,8.06,8.24,8.05,8.16,548830,22712246.00
2014/04/11,8.01,8.09,7.79,7.86,1151398,46216940.00
2014/04/14,7.83,7.98,7.77,7.89,536885,21482748.00
2014/04/15,7.89,7.97,7.70,7.77,431017,17124158.00
2014/04/16,7.73,7.83,7.63,7.80,391696,15352197.00
2014/04/17,7.80,7.96,7.80,7.93,443740,17721426.00
2014/04/18,8.00,8.25,7.91,7.98,862781,35139732.00
2014/04/21,7.89,8.15,7.79,8.10,669439,27288972.00
2014/04/22,8.10,8.16,7.89,7.93,521553,21091666.00
2014/04/23,8.01,8.13,7.97,7.99,356725,14539185.00
2014/04/24,8.00,8.08,7.91,7.91,300887,12144390.00
2014/04/25,7.91,7.91,7.49,7.69,690698,26855666.00
2014/04/28,7.55,7.63,7.34,7.45,945597,35793072.00
2014/04/29,7.43,7.65,7.33,7.49,852075,32272544.00
2014/04/30,7.43,7.54,7.33,7.49,705130,26592594.00
2014/05/05,7.45,7.69,7.41,7.61,292221,11153421.00
2014/05/06,7.64,7.72,7.58,7.71,805779,31223684.00
2014/05/07,7.67,7.69,7.41,7.42,604264,23167874.00
2014/05/08,7.32,7.54,7.32,7.39,331511,12531842.00
2014/05/09,7.36,7.40,7.09,7.16,488147,17806960.00
2014/05/12,7.20,7.28,7.10,7.25,386959,14147679.00
2014/05/13,7.21,7.33,7.09,7.12,548729,20014090.00
2014/05/14,7.17,7.25,7.10,7.18,358672,13073582.00
2014/05/15,7.18,7.29,7.06,7.06,544407,19714972.00
2014/05/16,7.03,7.09,6.69,7.09,1115330,38779496.00
2014/06/23,7.26,7.81,7.14,7.54,8270684,154870320.00
2014/06/24,7.39,7.68,7.34,7.62,7305662,138914368.00
2014/06/25,7.60,7.62,7.42,7.50,2452425,46433560.00
2014/06/26,7.50,7.60,7.18,7.28,10220284,188645280.00
2014/06/27,7.26,7.29,7.17,7.23,4718586,85968288.00
2014/06/30,7.28,7.96,7.28,7.96,8685839,167770160.00
2014/07/01,7.96,8.21,7.89,7.96,6044733,121899688.00
2014/07/02,7.96,8.56,7.93,8.48,7293078,152240880.00
2014/07/03,8.42,8.42,8.13,8.20,6880286,142696576.00
2014/07/04,8.23,8.34,8.10,8.20,3244825,66884816.00
2014/07/07,8.17,8.17,7.79,7.98,7764461,155366128.00
2014/07/08,7.94,8.28,7.84,8.27,4163739,85086432.00
2014/07/09,8.28,8.41,7.94,8.05,4593431,94558672.00
2014/07/10,8.05,8.05,7.78,7.79,4212117,83635440.00
2014/07/11,7.70,7.84,7.32,7.35,6786185,128815848.00
2014/07/14,7.34,7.47,7.10,7.47,6877234,125674896.00
2014/07/15,7.44,7.48,7.08,7.18,6584318,120247232.00
2014/07/16,7.18,7.23,6.81,6.88,5625807,98694264.00
2014/07/17,6.90,6.98,6.84,6.89,3018536,52547804.00
2014/07/18,6.92,7.06,6.86,6.94,4232724,74490896.00
2014/07/21,6.94,7.03,6.76,6.96,2475654,43159920.00
2014/07/22,6.94,7.14,6.94,7.11,4081226,72226936.00
2014/07/23,7.10,7.10,6.88,6.92,2315839,40655896.00
2014/07/24,6.92,6.92,6.58,6.60,3311161,55918672.00
2014/07/25,6.62,6.74,6.58,6.67,1687156,28428936.00
2014/07/28,6.70,6.92,6.67,6.80,2886598,49357440.00
2014/07/29,6.88,7.04,6.80,6.95,3557685,62242148.00
2014/07/30,6.92,7.02,6.90,7.02,2753313,48435572.00
2014/07/31,6.98,7.02,6.91,7.02,1769440,31162406.00
2014/08/01,7.01,7.02,6.78,6.81,3375761,58811824.00
2014/08/04,6.81,7.27,6.81,7.21,4980722,89893816.00
2014/08/05,7.21,7.36,7.06,7.28,3883903,70931552.00
2014/08/06,7.27,7.40,7.17,7.30,3203090,59129384.00
2014/08/07,7.30,7.36,7.18,7.18,2557879,46930148.00
2014/08/08,7.19,7.25,7.15,7.22,2156204,39147840.00
2014/08/11,7.22,7.31,7.17,7.26,3218561,58737424.00
2014/08/12,7.26,7.44,7.26,7.30,3455497,63966488.00
2014/08/13,7.33,7.33,7.14,7.20,2325264,42235552.00
2014/08/14,7.24,7.25,7.14,7.14,1858548,33687228.00
2014/08/15,7.15,7.23,7.14,7.20,1835115,33286002.00
2014/08/18,7.22,7.46,7.22,7.42,5456043,101363120.00
2014/08/19,7.46,7.89,7.46,7.75,7239288,140946864.00
2014/08/20,7.78,7.78,7.54,7.67,3251199,62773116.00
2014/08/21,7.67,7.70,7.40,7.54,4043905,76700856.00
2014/08/22,7.55,7.69,7.51,7.64,3242960,62141360.00
2014/08/25,7.68,7.72,7.47,7.48,3002219,57079348.00
2014/08/26,7.44,7.44,7.15,7.18,4692256,85660520.00
2014/08/27,7.20,7.29,7.16,7.20,2502668,45539792.00
2014/08/28,7.20,7.24,7.00,7.04,2629958,46961864.00
2014/08/29,7.02,7.23,7.02,7.23,1761055,31711272.00
2014/09/01,7.25,7.47,7.23,7.45,3049575,56806588.00
2014/09/02,7.46,7.71,7.46,7.65,5136435,98827608.00
2014/09/03,7.66,7.70,7.57,7.63,3365272,64700316.00
2014/09/04,7.63,7.98,7.63,7.90,8134612,161507856.00
2014/09/05,8.14,8.32,8.02,8.32,11252962,232426768.00
2014/09/09,8.34,8.74,8.26,8.67,8889552,190755552.00
2014/09/10,8.58,8.58,8.34,8.46,5337008,113694472.00
2014/09/11,8.53,8.86,8.34,8.39,8240291,177982208.00
2014/09/12,8.43,8.52,8.22,8.50,4588619,97182352.00
2014/09/15,8.50,8.68,8.30,8.65,5986217,128005592.00
2014/09/16,8.60,8.60,8.20,8.26,6139209,130423128.00
2014/09/17,8.25,8.25,7.94,8.11,4211275,85942600.00
2014/09/18,8.11,8.47,8.04,8.35,4018970,83541976.00
2014/09/19,8.47,8.47,8.26,8.44,3741686,79251552.00
2014/09/22,8.44,9.14,8.34,8.82,9926682,219757264.00
2014/09/23,8.82,9.15,8.68,9.09,6559220,147100240.00
2014/09/24,9.09,9.41,8.98,9.26,6658870,154370864.00
2014/09/25,9.30,9.38,9.15,9.20,4616709,107516288.00
2014/09/26,9.20,9.21,8.96,9.12,4403542,100651976.00
2014/09/29,9.10,9.90,9.10,9.90,8926189,216633184.00
2014/09/30,9.90,10.09,9.76,10.08,6706069,167836800.00
2014/10/08,10.08,10.12,9.78,9.83,5135160,127445752.00
2014/10/09,9.86,10.06,9.66,9.78,5108426,125760688.00
2014/10/10,9.66,9.77,8.79,9.34,7978719,188392480.00
2014/10/13,9.38,9.81,9.29,9.66,6178909,149217008.00
2014/12/19,10.63,10.63,9.26,9.47,23610079,593389440.00
2014/12/22,8.66,9.24,8.52,8.52,4641205,101188384.00
2014/12/23,7.74,8.49,7.66,8.14,11221746,225482480.00
2014/12/24,8.31,8.60,8.26,8.44,5969362,126468072.00
2014/12/25,8.44,8.67,8.32,8.36,5028387,107174760.00
2014/12/26,8.34,8.34,7.95,7.98,5964707,121039200.00
2014/12/29,7.98,8.07,7.19,7.30,6781774,127907240.00
2014/12/30,7.28,7.30,6.76,6.80,6333621,111579920.00
2014/12/31,6.90,7.17,6.76,7.10,5022109,88536704.00
2015/01/05,7.14,7.34,6.57,7.28,10537437,181766416.00
2015/01/06,7.14,7.85,7.03,7.45,6101352,113243032.00
2015/01/07,7.45,7.75,7.34,7.46,5191750,98503472.00
2015/01/08,7.46,8.21,7.34,7.94,10544653,206546256.00
2015/01/09,7.92,8.69,7.82,8.36,11890074,251451488.00
2015/01/12,8.30,8.53,8.13,8.43,7368760,155271040.00
2015/01/13,8.34,8.68,8.18,8.58,7294899,156147072.00
2015/01/14,8.58,8.66,8.28,8.41,4769871,101862840.00
2015/01/15,8.41,8.50,7.94,8.09,4979947,102326080.00
2015/01/16,8.14,8.32,8.01,8.13,6322678,130182560.00
2015/01/19,8.02,8.60,7.78,8.29,7872050,164656208.00
2015/01/20,8.28,8.78,8.28,8.76,8846651,192145776.00
2015/01/21,8.70,8.92,8.68,8.90,8201544,181379184.00
2015/01/22,8.86,8.93,8.63,8.76,6206480,137058080.00
2015/01/23,8.76,8.87,8.65,8.66,4658614,102590408.00
2015/01/26,8.58,8.74,8.54,8.62,5609614,121559984.00
2015/01/27,8.65,8.66,8.34,8.53,4632416,99100376.00
2015/01/28,8.48,8.73,8.46,8.69,5961914,129711800.00
2015/01/29,8.65,8.65,8.34,8.54,5822580,124022872.00
2015/01/30,8.50,8.94,8.34,8.34,3010084,64505664.00
2015/02/02,8.16,8.33,8.10,8.12,3653552,75206520.00
2015/02/03,8.17,8.58,8.06,8.47,6235094,131420176.00
2015/02/04,8.47,8.73,8.42,8.55,6470952,140296528.00
2015/02/05,8.54,9.02,8.42,8.97,10104974,224710880.00
2015/02/06,8.97,9.09,8.50,8.56,6515462,143705280.00
2015/02/09,8.44,8.55,7.94,7.94,7444697,153911440.00
2015/02/10,7.94,8.05,7.50,7.94,7856153,153660928.00
2015/02/11,7.94,8.43,7.86,8.43,5238295,108712056.00
2015/02/12,8.46,8.72,8.46,8.54,6246223,135308336.00
2015/02/13,8.68,8.94,8.56,8.94,7502900,165645744.00
2015/02/16,8.99,9.24,8.90,9.05,7735302,177308240.00
2015/02/17,9.12,9.15,8.74,8.76,6937707,154756656.00
2015/02/25,8.74,9.12,8.72,9.02,7205795,162666528.00
2015/02/26,9.02,9.08,8.62,8.80,5868861,129765760.00
2015/02/27,8.81,9.07,8.70,8.98,5739953,128779528.00
2015/03/02,9.07,9.58,8.86,9.45,11292331,264061216.00
2015/03/03,9.35,9.67,9.24,9.35,9988267,238212336.00
2015/03/04,9.34,9.74,9.30,9.61,8702082,210000656.00
2015/03/05,9.62,10.01,9.42,9.94,10774547,263118224.00
2015/03/06,9.89,10.05,9.42,9.45,7728845,188319760.00
2015/03/09,9.34,9.64,9.08,9.55,5070265,120142424.00
2015/03/10,9.49,10.00,9.49,9.97,8045858,198539600.00
2015/03/11,10.00,10.21,9.74,9.82,6480610,160895568.00
2015/03/12,9.86,10.51,9.86,10.28,14014710,360885152.00
2015/03/13,10.14,10.74,10.08,10.62,10586963,277836608.00
2015/03/16,10.74,11.64,10.74,11.10,13894740,390299200.00
2015/03/17,11.00,11.52,10.82,11.14,11988842,334656224.00
2015/03/18,11.05,11.34,10.94,11.12,7694456,216078224.00
2015/03/19,11.13,11.13,10.69,10.86,10074553,274308992.00
2015/03/20,10.86,11.54,10.84,11.32,9715315,274094944.00
2015/03/23,11.32,12.46,11.30,12.46,15304820,461602848.00
2015/03/24,12.70,13.54,12.06,13.30,18680522,602804288.00
2015/03/25,13.29,13.29,12.78,13.14,10287683,337335296.00
2015/03/26,12.76,13.73,12.46,12.50,11017435,358205536.00
2015/03/27,12.48,12.98,12.09,12.88,6209389,194789200.00
2015/03/30,12.85,13.27,12.54,12.67,8070113,259724304.00
2015/03/31,12.54,13.06,12.25,12.67,6646637,211029888.00
2015/04/01,12.69,13.46,12.69,13.46,10503774,347606336.00
2015/04/02,13.58,14.54,13.46,14.30,10425962,361868608.00
2015/04/03,14.06,15.37,13.89,14.88,9698893,363811136.00
2015/04/07,14.88,15.72,14.74,14.80,8608445,323770784.00
2015/04/08,14.70,15.05,13.94,13.99,8903556,318452480.00
2015/04/09,14.06,14.18,12.74,13.52,9614762,322070784.00
2015/04/10,13.52,14.56,13.22,14.30,6381130,224311808.00
2015/04/13,14.34,14.76,14.30,14.54,5099658,186001280.00
2015/04/14,14.19,14.70,13.70,13.72,10220633,358313312.00
2015/04/15,13.77,14.13,12.60,12.66,6714775,223770896.00
2015/04/16,12.46,13.38,12.34,12.94,5598598,182727600.00
2015/04/17,13.13,13.25,12.70,13.02,6178128,200497440.00
2015/04/20,12.98,13.09,12.51,12.54,6254358,200450976.00
2015/04/21,12.54,13.30,12.45,13.27,7252525,233264064.00
2015/04/22,13.30,14.21,13.23,14.18,7369845,254304512.00
2015/04/30,15.46,15.46,14.13,15.21,15367904,572656128.00
2015/05/04,15.16,15.45,14.39,15.27,9199124,346651776.00
2015/05/05,15.14,15.58,14.66,14.78,7334852,277493696.00
2015/05/06,14.75,15.34,14.57,14.91,6598543,247502800.00
2015/05/07,14.88,15.00,14.18,14.92,6854015,250632496.00
2015/05/08,14.90,16.14,14.86,16.13,9368962,367099872.00
2015/05/11,16.66,16.74,15.81,16.47,7652944,314657664.00
2015/05/12,16.54,18.12,15.94,18.12,14458019,618683648.00
2015/05/13,17.14,19.33,16.96,18.73,9055871,422960288.00
2015/05/14,18.70,20.61,18.70,20.10,10317647,517351872.00
2015/05/15,20.10,20.29,19.15,19.46,5399495,264653392.00
2015/05/18,19.46,21.41,19.34,21.41,9384163,486026176.00
2015/05/19,21.90,23.56,21.86,23.18,8120041,467835040.00
2015/05/20,23.22,25.50,22.75,24.82,7361090,447080064.00
2015/05/21,24.92,25.53,23.94,24.72,5107991,315639840.00
2015/05/22,24.94,25.92,22.74,23.13,8546856,510340192.00
2015/05/25,22.21,23.54,21.54,23.32,5882998,334890112.00
2015/05/26,23.17,24.54,23.14,24.48,5221098,313378880.00
2015/05/27,24.44,24.97,23.54,24.85,5425984,329366304.00
2015/05/28,24.74,25.46,22.98,23.10,7574537,462296000.00
2015/05/29,23.30,25.06,21.74,24.46,8131699,487796928.00
2015/06/01,24.34,26.92,24.34,26.92,5622383,370820192.00
2015/06/02,27.01,28.74,27.01,27.34,5697738,398518112.00
2015/06/03,27.42,28.38,26.34,27.34,5527473,379347968.00
2015/06/04,27.35,27.89,24.60,25.51,8550381,546585536.00
2015/06/05,25.53,26.74,24.22,24.78,5311701,338428192.00
2015/06/08,24.88,25.20,22.70,22.82,7069008,415045472.00
2015/06/09,22.42,23.83,22.40,23.59,4943705,288243744.00
2015/06/10,23.58,25.95,23.40,25.70,6778796,426010624.00
2015/06/11,25.79,26.50,25.20,26.28,4032642,260836704.00
2015/06/12,26.44,27.52,26.13,26.80,3782612,251780544.00
2015/06/15,27.20,27.40,24.38,24.74,4303544,271222592.00
2015/06/16,24.40,25.04,23.04,23.76,4409683,265203760.00
2015/06/17,24.80,24.80,22.44,24.04,5036064,292875328.00
2015/06/18,24.04,24.40,23.01,23.75,4294447,251657888.00
2015/06/19,23.20,23.60,21.38,21.38,5177057,290158720.00
2015/06/23,21.20,23.52,20.20,23.52,6994586,387305440.00
2015/06/24,24.30,25.00,23.20,24.15,3810469,228753888.00
2015/06/25,24.20,24.60,23.27,23.48,3753320,224916320.00
2015/06/26,22.80,22.80,21.13,21.13,4568412,244351120.00
2015/06/29,21.95,22.00,19.02,19.02,6690272,328771904.00
2015/06/30,17.20,20.60,17.12,20.60,7484221,347313088.00
2015/07/01,20.44,20.92,18.54,18.54,5451862,273028192.00
2015/07/02,18.20,19.15,16.69,16.69,6445701,284865600.00
2015/07/03,15.03,16.60,15.02,15.02,9056947,344484224.00
2015/07/06,16.52,16.52,13.52,13.87,14104436,530834304.00
2015/07/07,13.04,13.20,12.48,12.48,10159846,317357888.00
2015/08/13,13.73,13.73,13.73,13.73,19780,678849.63
2015/08/14,15.10,15.10,15.10,15.10,7691,290335.25
2015/08/17,16.61,16.61,16.61,16.61,83914,3484948.50
2015/08/18,18.27,18.27,18.27,18.27,6173830,282020544.00
2015/08/19,18.00,18.27,16.85,17.92,20982198,918235072.00
2015/08/20,18.54,19.16,18.12,18.29,15380456,717231616.00
2015/08/21,18.27,18.40,17.41,17.44,9559151,424298272.00
2015/08/24,16.20,17.19,15.70,15.70,3092145,122527128.00
2015/08/25,14.13,14.38,14.13,14.13,7425714,262520096.00
2015/08/26,14.20,14.59,12.72,12.72,14220091,486775264.00
2015/08/27,13.20,13.99,13.00,13.99,10566765,355801696.00
2015/08/28,14.80,15.39,14.40,15.39,8230205,310923552.00
2015/08/31,15.20,15.92,14.52,14.83,9694903,366998560.00
2015/09/01,14.20,14.78,13.34,13.34,7992011,272031616.00
2015/09/02,12.40,14.15,12.04,12.73,7712960,250619760.00
2015/09/07,13.27,13.92,13.12,13.29,5711729,192196224.00
2015/09/08,13.30,14.62,13.03,14.62,6237808,217080656.00
2015/09/09,15.16,16.00,15.16,15.92,6885492,268505632.00
2015/09/10,15.50,16.20,15.24,15.96,5473352,217555184.00
2015/09/11,16.20,16.35,15.02,15.48,5140579,201080000.00
2015/09/14,15.59,16.16,13.93,13.93,8436481,312921120.00
2015/09/15,13.28,13.94,13.12,13.72,7481789,251773536.00
2015/09/16,13.60,15.09,13.60,15.09,5426494,193634768.00
2015/09/17,15.24,16.60,15.20,15.97,9925483,402687392.00
2015/09/18,16.05,16.52,15.08,16.32,8041334,318483328.00
2015/09/21,16.00,17.20,15.72,17.16,7943286,333695264.00
2015/09/22,16.96,17.46,16.40,16.82,5242300,223083248.00
2015/09/23,16.39,17.59,16.25,16.96,4456512,187806800.00
2015/09/24,16.98,18.18,16.98,17.59,7354641,321398848.00
2015/09/25,17.39,17.55,15.83,15.88,7149618,293033344.00
2015/09/28,15.96,17.47,15.60,17.47,6634095,277598784.00
2015/09/29,17.20,18.08,17.11,17.20,7085165,309964992.00
2015/09/30,17.42,18.05,16.87,17.40,6112012,266960880.00
2015/10/08,18.71,18.71,17.41,17.76,5980715,268757664.00
2015/10/09,17.89,18.39,17.17,17.91,11863577,210758416.00
2015/10/12,18.03,19.66,17.88,19.12,15662308,296200992.00
2015/10/13,18.98,20.68,18.70,20.12,14477862,286010816.00
2015/10/14,20.12,20.95,19.53,19.72,16527866,335307232.00
2015/10/15,19.60,20.50,19.38,20.27,11895808,238893600.00
2015/10/16,20.31,20.58,19.88,20.19,10259488,206866160.00
2015/10/19,20.48,21.78,20.00,21.42,19553633,407494208.00
2015/10/20,21.18,21.70,20.60,21.63,12801650,270880768.00
2015/10/21,21.55,21.55,19.47,19.47,21491138,435264224.00
2015/10/22,19.10,19.87,18.36,19.70,16097961,310124736.00
2015/10/23,19.85,20.18,18.90,20.02,18291141,358421632.00
2015/10/26,20.20,20.37,18.99,19.18,16712762,325705888.00
2015/10/27,19.28,19.58,18.60,19.18,17190101,326465856.00
2015/10/28,19.18,19.46,18.68,18.70,12682165,241452592.00
2015/10/29,19.10,19.40,18.31,19.19,10112099,191384816.00
2015/10/30,19.15,19.75,18.51,18.90,10265841,197650144.00
2015/11/02,18.35,19.48,18.21,19.00,10126607,191940288.00
2015/11/03,18.95,19.24,18.48,18.65,8300700,155468672.00
2015/11/04,18.78,19.85,18.78,19.70,14727905,285970880.00
2015/11/05,19.70,20.26,19.21,19.55,14172891,278065920.00
2015/11/06,19.61,21.16,19.52,20.73,18169507,370544640.00
2015/11/09,20.71,22.30,20.00,21.70,18509186,392562176.00
2015/11/10,21.37,23.00,21.15,22.69,26035228,583282304.00
2015/11/11,22.69,24.96,22.30,24.96,24295458,583123456.00
2015/11/12,25.20,25.80,23.50,24.08,19993460,486424128.00
2015/11/13,23.58,24.50,23.02,23.40,13953612,332283872.00
2015/11/16,23.00,24.92,22.70,24.86,11753646,283149760.00
2015/11/17,24.90,25.60,22.88,23.73,18321058,439439488.00
2015/11/18,23.50,23.81,22.37,22.54,12862935,293769536.00
2015/11/19,22.77,23.46,22.60,23.38,9753191,223265776.00
2015/11/20,23.45,23.48,22.68,23.18,10998547,253215008.00
2015/11/23,23.10,23.75,22.26,22.38,12810968,295141856.00
2015/11/24,22.68,23.30,22.28,23.09,9303046,211572976.00
2015/11/25,23.13,24.52,22.89,24.12,16770417,396317024.00
2015/12/03,22.50,23.50,21.71,23.10,23493324,535007328.00
2015/12/04,22.80,23.02,22.00,22.99,18609110,418247264.00
2015/12/07,22.58,23.40,22.10,22.90,13956336,317462112.00
2015/12/08,22.80,22.80,21.90,22.01,9703880,215127664.00
2015/12/09,21.89,21.99,20.69,20.90,13906760,295712864.00
2015/12/10,20.88,21.60,20.46,21.14,12184252,256553024.00
2015/12/11,21.10,21.24,20.40,20.56,8413200,173949088.00
2015/12/14,20.22,21.55,20.20,21.48,9563231,199046448.00
2015/12/15,21.50,23.29,21.30,22.56,12958986,292030144.00
2015/12/16,22.87,23.16,22.05,22.78,11383751,259041376.00
2015/12/17,22.95,24.70,22.95,24.19,18917910,456433248.00
2015/12/18,24.00,25.40,23.93,25.01,23487464,583933312.00
2015/12/21,24.99,24.99,24.00,24.07,16440160,400283360.00
2015/12/22,24.20,24.51,23.80,24.05,13789219,332983680.00
2015/12/23,24.35,24.56,23.45,23.70,11778269,284179616.00
2015/12/24,23.70,24.40,22.96,23.48,14199577,333387584.00
2015/12/25,23.55,24.09,23.21,23.60,8381770,197482112.00
2015/12/28,23.82,24.34,22.95,23.08,13548776,320966336.00
2015/12/29,22.89,23.60,22.74,23.60,10384874,241015200.00
2015/12/30,23.69,23.70,23.20,23.66,9005317,211187520.00
2015/12/31,23.52,24.00,23.15,24.00,10051175,237403472.00
2016/01/04,23.84,24.08,21.60,21.60,9543220,215291712.00
2016/01/05,20.00,21.49,19.80,20.30,14606268,299095776.00
2016/01/06,20.64,20.68,19.85,20.46,9694947,196420816.00
2016/01/07,20.00,20.01,18.41,18.41,2832500,53650788.00
2016/01/08,18.67,19.18,16.82,18.08,11210516,203556384.00
2016/01/11,17.60,18.45,16.81,16.96,11269533,198713344.00
2016/01/12,17.40,18.29,16.90,17.92,9857050,174720864.00
2016/01/13,18.03,18.75,17.80,17.90,9784687,179165856.00
2016/01/14,16.99,18.74,16.85,18.60,11243926,199875136.00
2016/01/15,18.60,18.60,17.60,17.74,9370330,168541392.00
2016/01/18,17.30,18.41,17.28,18.03,6942572,125802184.00
2016/01/19,18.20,18.63,17.76,18.63,10282526,188073232.00
2016/01/20,18.50,18.80,17.87,18.02,9130973,167347456.00
2016/01/21,17.75,18.35,17.10,17.17,8817069,157001392.00
2016/01/22,17.34,17.87,16.60,17.05,10150007,174028336.00
2016/01/25,17.19,17.31,16.68,16.95,6081515,103796192.00
2016/01/26,17.10,17.12,15.26,15.26,10823112,174145568.00
2016/01/27,14.80,15.30,13.73,14.81,14854066,213813568.00
2016/01/28,14.30,15.25,14.23,14.50,10670536,159539104.00
2016/01/29,14.53,15.24,14.13,15.10,10878048,161149664.00
2016/02/01,15.05,15.27,14.60,15.03,9208500,138378624.00
2016/02/02,15.17,16.14,15.17,15.86,9154358,143646848.00
2016/02/03,15.80,17.40,15.51,17.33,13331495,217808576.00
2016/02/04,17.23,18.10,17.01,17.41,13237355,233327184.00
2016/02/05,17.45,17.89,17.32,17.65,7547989,133079984.00
2016/02/15,16.90,17.63,16.79,17.42,5877383,101132000.00
2016/02/16,17.50,18.28,17.50,18.10,8347362,150816400.00
2016/02/17,18.12,18.12,17.25,17.89,13628773,239882336.00
2016/02/18,17.91,17.98,17.10,17.20,14401195,250159024.00
2016/02/19,17.33,17.73,17.18,17.66,11095557,193354624.00
2016/02/29,15.90,16.99,15.89,15.89,6647800,105926584.00
2016/03/01,15.11,15.73,14.31,15.40,20561081,308589184.00
2016/03/02,15.50,16.30,15.40,16.30,15411061,246265568.00
2016/03/03,16.05,16.63,15.78,15.83,13878376,224780160.00
2016/03/04,15.80,16.20,14.28,14.65,13437798,202571312.00
2016/03/07,15.08,15.60,14.91,15.25,10719277,163399008.00
2016/03/08,15.30,15.68,14.41,15.57,8759316,132732864.00
2016/03/09,15.12,16.14,15.00,15.79,12100728,191294944.00
数据来源:通达信
