300008 上海佳豪 日线 前复权
      日期	    开盘	    最高	    最低	    收盘	    成交量	    成交额
2011/01/04,12.30,12.80,12.15,12.58,2321438,75992584.00
2011/01/05,12.56,12.91,12.30,12.77,2177325,72533136.00
2011/01/06,12.74,12.74,12.42,12.49,1417364,46788288.00
2011/01/07,12.49,12.94,12.46,12.66,1588633,53327212.00
2011/01/10,12.61,12.80,11.98,12.11,1703602,55861860.00
2011/01/11,11.95,12.37,11.76,12.20,670493,21331768.00
2011/01/12,12.29,12.47,12.04,12.32,690184,22306980.00
2011/01/13,12.33,12.41,12.15,12.22,579679,18765500.00
2011/01/14,12.20,12.20,11.75,11.81,731332,22886008.00
2011/01/17,11.80,12.04,11.04,11.04,1048829,31987114.00
2011/01/18,11.05,11.31,10.87,11.13,650359,19144152.00
2011/01/19,11.19,11.66,11.05,11.43,878736,26432532.00
2011/01/20,11.47,11.71,11.14,11.19,859790,25917896.00
2011/01/21,10.93,11.57,10.93,11.14,1093207,32688754.00
2011/01/24,11.19,11.77,11.19,11.39,1213535,36837432.00
2011/01/25,11.16,11.33,10.59,10.79,888491,25414132.00
2011/01/26,10.88,11.29,10.69,11.29,847862,24747554.00
2011/01/27,11.22,11.58,11.07,11.47,977256,29354014.00
2011/01/28,11.50,11.93,11.43,11.84,1506280,46555528.00
2011/02/01,12.26,12.93,12.18,12.66,3331463,110673864.00
2011/02/09,12.46,13.09,12.46,12.86,2425766,81967880.00
2011/02/10,12.84,13.24,12.66,13.18,2178704,74594392.00
2011/02/11,13.17,13.35,12.99,13.17,2315604,80209872.00
2011/02/14,13.12,13.49,13.00,13.31,2242256,78008160.00
2011/02/15,13.31,13.33,13.03,13.03,1624768,56406628.00
2011/02/16,12.97,13.66,12.93,13.50,2363023,83253376.00
2011/02/17,13.73,13.98,13.51,13.74,2382990,86006504.00
2011/02/18,13.71,13.94,13.35,13.63,1836429,66093140.00
2011/02/21,13.55,14.20,13.49,14.15,2277509,83496608.00
2011/02/23,13.71,14.96,13.71,14.84,3364500,127155112.00
2011/02/24,14.64,14.64,14.17,14.47,2682393,101588256.00
2011/02/25,14.53,14.61,14.14,14.43,1608988,60695348.00
2011/02/28,14.41,14.51,14.25,14.38,1422461,53730852.00
2011/03/01,14.39,14.48,13.79,13.84,2154154,79627864.00
2011/03/02,13.67,13.85,13.44,13.79,1189024,42608920.00
2011/03/03,13.79,13.98,13.55,13.71,949641,34230764.00
2011/03/04,13.81,13.83,13.24,13.67,1332168,47406268.00
2011/03/07,13.71,14.03,13.51,13.77,2282574,48289156.00
2011/03/08,14.04,14.93,13.83,14.37,7120122,157342544.00
2011/03/09,14.47,15.84,14.43,15.84,9992945,231728304.00
2011/03/10,15.74,15.81,15.23,15.50,7040189,166225056.00
2011/03/11,15.32,15.49,15.03,15.04,5042615,117157576.00
2011/03/14,14.81,14.97,14.46,14.61,3694242,82675680.00
2011/03/15,14.61,15.09,14.46,15.09,4204664,95091472.00
2011/03/16,15.01,15.01,14.63,14.79,2590064,58555580.00
2011/03/18,14.80,14.89,14.49,14.58,2034790,45440056.00
2011/03/21,14.45,14.71,14.05,14.18,2235389,48629648.00
2011/03/22,14.25,14.36,13.78,14.27,1552174,33298808.00
2011/03/23,14.24,14.47,14.03,14.44,2100376,45966704.00
2011/03/24,14.49,14.50,14.15,14.17,1501238,32774010.00
2011/03/25,14.08,14.21,13.92,14.18,1533862,33012594.00
2011/03/28,14.25,14.31,13.92,13.97,1707910,36734628.00
2011/03/29,13.99,13.99,13.41,13.44,2531586,52811800.00
2011/03/30,13.43,13.57,13.04,13.47,1759057,35943696.00
2011/03/31,13.54,13.82,13.50,13.68,1777393,37252236.00
2011/04/01,13.83,13.83,13.51,13.61,955189,19913118.00
2011/04/06,13.61,13.61,13.13,13.23,1622743,33023978.00
2011/04/07,13.28,13.52,13.24,13.52,1194569,24504474.00
2011/04/08,13.61,13.74,13.48,13.73,1455282,30332092.00
2011/04/11,13.73,13.83,13.53,13.53,1330444,27698966.00
2011/04/12,13.53,13.83,13.51,13.76,1656963,34787904.00
2011/04/13,13.73,14.18,13.58,14.15,2253577,48436024.00
2011/04/14,14.11,14.13,13.74,13.85,2049978,43627212.00
2011/04/15,13.78,13.90,13.50,13.54,1254112,26164186.00
2011/04/18,13.51,13.67,13.40,13.49,1133400,23598868.00
2011/04/19,13.44,13.75,13.23,13.57,1349745,27787348.00
2011/04/20,13.57,14.02,13.43,13.89,1275107,26890024.00
2011/04/21,13.90,14.31,13.61,14.24,2569719,55491952.00
2011/04/22,14.24,14.31,13.89,14.14,1245128,26850626.00
2011/04/25,14.11,14.11,13.38,13.38,1273526,26610484.00
2011/04/26,13.31,13.70,13.28,13.37,765402,15735973.00
2011/04/27,13.44,13.63,13.29,13.41,1060016,21826020.00
2011/04/28,13.48,13.50,12.04,12.07,3540898,67615928.00
2011/04/29,12.05,12.35,12.05,12.17,973845,18252678.00
2011/05/03,12.28,12.44,12.17,12.39,804883,15196132.00
2011/05/04,12.39,12.43,12.07,12.07,709600,13263691.00
2011/05/05,12.07,12.25,11.98,12.11,639206,11921810.00
2011/05/06,12.03,12.21,11.99,12.16,588870,10965383.00
2011/05/09,12.21,12.44,12.21,12.26,602345,11413004.00
2011/05/10,12.27,12.39,12.23,12.33,598452,11313180.00
2011/05/11,12.36,12.44,12.14,12.25,600699,11316080.00
2011/05/12,12.21,12.21,11.89,11.91,906268,16738123.00
2011/05/13,11.91,12.09,11.84,12.07,484678,8920819.00
2011/05/16,12.07,12.16,11.91,12.01,559908,10339642.00
2011/05/17,12.05,12.09,11.83,11.89,560554,10276963.00
2011/05/18,11.87,11.94,11.84,11.88,430425,7862731.50
2011/05/19,12.01,12.01,11.82,11.88,383540,7023848.50
2011/05/20,11.88,11.88,11.63,11.65,628606,11313360.00
2011/05/23,11.64,11.71,10.89,10.98,1193485,20457680.00
2011/05/24,11.00,11.56,10.59,11.46,1182265,20285510.00
2011/05/25,11.31,11.42,10.89,10.91,679131,11586888.00
2011/05/26,11.00,11.11,10.77,10.78,388950,6550565.00
2011/05/27,10.76,10.81,10.47,10.67,526964,8629823.00
2011/05/30,10.67,11.03,10.39,10.95,935995,15622295.00
2011/05/31,10.95,11.72,10.83,11.39,1051606,18097848.00
2011/06/01,11.41,11.49,11.21,11.36,679436,11868641.00
2011/06/02,11.29,11.29,10.89,11.09,634504,10849103.00
2011/06/03,11.11,11.52,11.11,11.31,559948,9809007.00
2011/06/07,11.23,11.30,11.06,11.24,300763,5178383.50
2011/06/08,11.24,11.81,11.05,11.51,781763,13828384.00
2011/06/09,11.42,11.65,11.31,11.39,885502,15672782.00
2011/06/10,11.17,11.69,11.17,11.48,1010412,17846278.00
2011/06/13,11.44,11.97,11.44,11.83,1660589,29978546.00
2011/06/14,11.76,11.91,11.65,11.81,1017253,18412196.00
2011/06/15,11.71,11.87,11.47,11.57,746878,13355939.00
2011/06/16,11.43,11.44,10.99,11.13,698160,12072352.00
2011/06/17,11.11,11.11,10.89,10.91,411486,6968054.50
2011/06/20,10.83,11.17,10.64,11.11,494958,8304618.00
2011/06/21,11.11,11.24,10.97,11.14,211382,3610613.25
2011/06/22,11.15,11.24,10.93,11.17,459258,7861494.00
2011/06/23,11.17,11.49,10.98,11.36,690271,12063996.00
2011/06/24,11.38,11.84,11.32,11.67,1493617,26843838.00
2011/06/27,11.75,12.49,11.71,12.28,2677140,50021096.00
2011/06/28,12.23,12.23,11.97,12.09,1337523,24798738.00
2011/06/29,12.17,12.18,11.86,11.86,737373,13582445.00
2011/06/30,11.86,12.06,11.77,11.85,807669,14794032.00
2011/07/01,11.91,12.03,11.79,11.93,649594,11898876.00
2011/07/04,11.97,12.22,11.97,12.19,938612,17461184.00
2011/07/05,12.17,12.76,12.17,12.43,1948397,37448652.00
2011/07/06,12.31,12.56,12.21,12.48,1089487,20676628.00
2011/07/07,12.37,12.81,12.31,12.52,1530285,29607756.00
2011/07/08,12.51,12.93,12.31,12.77,1648860,32074906.00
2011/07/11,12.71,12.80,12.56,12.64,1171930,22799496.00
2011/07/12,12.48,12.48,12.02,12.05,1937545,36563232.00
2011/07/13,12.05,12.39,12.04,12.39,1091818,20557502.00
2011/07/14,12.37,12.55,12.08,12.53,1466400,27711144.00
2011/07/15,12.37,12.83,12.37,12.63,1919115,37315436.00
2011/07/18,12.64,12.76,12.32,12.39,1315212,25357800.00
2011/07/19,12.40,12.40,12.05,12.20,812059,15190031.00
2011/07/20,12.29,12.35,12.03,12.13,878497,16367139.00
2011/07/21,12.05,12.15,11.87,11.93,647353,11939221.00
2011/07/22,11.93,12.23,11.93,12.07,464508,8619792.00
2011/07/25,12.01,12.18,11.32,11.44,982292,17758090.00
2011/07/26,11.44,11.58,11.35,11.48,444505,7829517.00
2011/07/27,11.51,11.90,11.39,11.83,805711,14527634.00
2011/07/28,11.83,12.04,11.59,12.04,767082,13923689.00
2011/07/29,12.04,12.11,11.73,11.75,655799,11953180.00
2011/08/01,11.77,12.17,11.75,12.04,781032,14458232.00
2011/08/02,12.01,12.11,11.65,12.10,907189,16622914.00
2011/08/03,12.03,12.48,11.91,12.39,1515772,28742068.00
2011/08/04,12.39,12.51,12.19,12.35,932541,17666628.00
2011/08/05,12.00,12.54,11.77,12.33,1873018,35353672.00
2011/08/08,11.97,12.47,11.71,12.05,1782004,33035914.00
2011/08/09,11.47,12.05,11.32,11.91,1150165,20773150.00
2011/08/10,12.10,12.44,11.97,12.31,1856435,34859888.00
2011/08/11,12.04,13.36,12.03,13.22,4885795,96814976.00
2011/08/12,13.21,13.35,12.97,13.03,2602986,52429064.00
2011/08/15,13.04,13.24,12.91,13.16,1714305,34383604.00
2011/08/16,13.11,13.23,12.85,12.91,1630053,32608742.00
2011/08/17,12.79,13.16,12.71,12.95,1312650,26041698.00
2011/08/18,12.94,12.94,12.70,12.77,837017,16431546.00
2011/08/19,12.48,12.74,12.38,12.45,1122548,21551432.00
2011/08/22,12.47,12.84,12.45,12.54,1310425,25300802.00
2011/08/23,12.56,13.01,12.56,12.97,1624217,31873034.00
2011/08/24,13.08,13.28,12.71,12.75,1933534,38703288.00
2011/08/25,12.73,12.85,12.38,12.77,1998857,38705876.00
2011/08/26,12.74,13.02,12.65,12.96,1412615,27956706.00
2011/08/29,12.96,13.21,12.84,12.91,1598122,31878248.00
2011/08/30,12.96,13.09,12.47,12.48,1238949,24200018.00
2011/08/31,12.47,12.58,12.04,12.13,1054396,19805520.00
2011/09/01,12.15,12.31,12.05,12.17,546905,10228324.00
2011/09/02,12.17,12.25,11.84,11.90,565704,10390885.00
2011/09/05,11.83,11.83,11.41,11.43,827005,14716426.00
2011/09/06,11.27,11.47,11.27,11.37,465605,8148515.50
2011/09/07,11.44,11.71,11.39,11.64,576857,10260476.00
2011/09/08,11.79,11.79,11.44,11.47,427618,7619745.00
2011/09/09,11.37,11.61,11.30,11.40,571018,10038246.00
2011/09/13,11.28,11.28,10.97,11.04,646854,11032552.00
2011/09/14,11.06,11.25,10.97,11.25,351784,6017319.00
2011/09/15,11.27,11.40,11.17,11.21,376483,6545524.50
2011/09/16,11.34,11.34,11.11,11.12,304921,5255256.00
2011/09/19,10.99,11.21,10.99,11.11,275322,4696116.00
2011/09/20,11.03,11.28,10.99,11.21,222762,3824882.00
2011/09/21,11.24,11.60,11.09,11.50,679893,11957802.00
2011/09/22,11.38,11.48,11.11,11.11,675675,11753937.00
2011/09/23,10.97,11.15,10.87,11.05,452123,7643819.50
2011/09/26,11.11,11.17,10.79,10.90,280496,4749969.00
2011/09/27,11.03,11.10,10.81,10.95,236014,3974017.25
2011/09/28,11.10,11.10,10.81,10.85,213692,3603494.00
2011/09/29,10.77,10.83,10.45,10.54,345091,5641728.00
2011/09/30,10.54,10.66,10.49,10.61,219633,3581147.50
2011/10/10,10.75,10.93,10.55,10.61,130567,2145480.25
2011/10/11,10.91,11.01,10.51,10.57,292031,4820358.50
2011/10/12,10.57,11.01,10.44,10.94,434222,7271287.00
2011/10/13,10.94,11.24,10.94,11.07,888276,15166706.00
2011/10/14,11.07,11.08,10.89,11.03,537185,9065914.00
2011/10/17,11.08,11.21,10.97,11.04,484482,8295001.00
2011/10/18,11.04,11.50,10.77,11.05,1503569,25985158.00
2011/10/19,10.97,11.27,10.92,11.16,723440,12377496.00
2011/10/20,10.94,11.03,10.54,10.54,762004,12534847.00
2011/10/21,10.54,10.69,10.31,10.35,324563,5224511.50
2011/10/24,10.51,10.76,10.05,10.73,635223,10284575.00
2011/10/25,10.71,11.03,10.64,10.97,1072826,17956986.00
2011/10/26,10.90,11.12,10.83,11.05,1111852,18869124.00
2011/10/27,11.07,11.24,10.95,10.99,741311,12646170.00
2011/10/28,11.23,11.25,10.97,11.23,759560,13027332.00
2011/10/31,11.17,11.37,11.16,11.35,777443,13479600.00
2011/11/01,11.34,11.39,11.06,11.27,777981,13443615.00
2011/11/02,11.04,11.52,10.95,11.52,1333488,23173420.00
2011/11/03,11.62,11.79,11.41,11.45,1727344,30979420.00
2011/11/04,11.52,11.74,11.28,11.65,1709825,30388422.00
2011/11/07,11.57,11.64,11.34,11.45,1041843,18397086.00
2011/11/08,11.47,11.49,11.12,11.13,830031,14410128.00
2011/11/09,11.29,11.48,11.21,11.48,999327,17401680.00
2011/11/10,11.43,11.87,11.37,11.59,2782790,50008212.00
2011/11/11,11.70,11.77,11.45,11.53,1327369,23747910.00
2011/11/14,11.61,11.81,11.61,11.73,1690315,30444532.00
2011/11/15,11.73,11.81,11.61,11.71,1040922,18735584.00
2011/11/16,11.77,11.77,11.26,11.31,1305379,22961902.00
2011/11/17,11.44,11.54,11.24,11.31,996374,17417366.00
2011/11/18,11.30,11.30,10.77,10.81,1527263,25772608.00
2011/11/21,10.84,10.91,10.49,10.66,697438,11442866.00
2011/11/22,10.55,10.69,10.37,10.65,860982,13982458.00
2011/11/23,10.73,10.73,10.47,10.47,1448328,23494140.00
2011/11/24,10.37,10.47,10.17,10.35,1467421,23318860.00
2011/11/25,10.35,10.47,10.14,10.24,929416,14770838.00
2011/11/28,10.23,10.31,9.97,10.09,1362106,21278764.00
2011/11/29,10.17,10.61,10.07,10.45,2267649,36091968.00
2011/11/30,10.43,10.43,9.59,9.64,2154931,33118562.00
2011/12/01,10.04,10.07,9.67,9.71,2315411,35435432.00
2011/12/02,9.70,9.70,9.21,9.31,1698375,24800578.00
2011/12/05,9.24,9.30,8.57,8.61,1846334,25300948.00
2011/12/06,8.61,8.77,8.57,8.71,1451739,19508738.00
2011/12/07,8.73,8.95,8.61,8.83,1731170,23589052.00
2011/12/08,8.74,8.87,8.51,8.75,1899049,25667192.00
2011/12/09,8.69,8.79,8.57,8.71,914554,12342290.00
2011/12/12,8.77,8.89,8.71,8.75,1254781,17136180.00
2011/12/13,8.67,8.76,8.23,8.38,1669440,21743278.00
2011/12/14,8.34,8.43,8.15,8.25,917809,11832445.00
2011/12/15,8.19,8.27,8.03,8.05,924973,11669069.00
2011/12/16,7.97,8.35,7.97,8.35,878068,11173813.00
2011/12/19,8.31,8.53,8.19,8.51,1227432,15908889.00
2011/12/20,8.54,8.66,8.32,8.34,1154660,15224492.00
2011/12/21,8.56,8.56,8.10,8.10,1048181,13620026.00
2011/12/22,8.03,8.27,7.78,8.17,784741,9737223.00
2011/12/23,8.11,8.43,8.05,8.29,844822,10869922.00
2011/12/26,8.30,8.38,8.23,8.25,460657,5937524.50
2011/12/27,8.25,8.25,7.77,8.17,785769,9764406.00
2011/12/28,7.97,8.04,7.72,7.95,616701,7552490.50
2011/12/29,7.90,8.13,7.83,7.95,436383,5429392.00
2011/12/30,7.91,8.12,7.91,8.04,733273,9156151.00
2012/01/04,8.16,8.23,7.74,7.75,818566,10171759.00
2012/01/05,7.71,7.71,7.17,7.17,1143740,13251770.00
2012/01/06,7.15,7.16,6.81,7.11,1303886,14210068.00
2012/01/09,7.01,7.39,6.93,7.37,1908917,21523000.00
2012/01/10,7.35,7.81,7.31,7.77,1525635,18074604.00
2012/01/11,7.68,7.85,7.66,7.73,1280803,15440278.00
2012/01/12,7.59,8.09,7.59,7.71,1624663,19830236.00
2012/01/13,7.71,7.83,7.26,7.26,1363068,15826514.00
2012/01/16,7.13,7.23,6.95,6.95,871423,9610193.00
2012/01/17,6.95,7.41,6.88,7.41,1126310,12663509.00
2012/01/18,7.42,7.55,7.04,7.09,1075392,12237817.00
2012/01/19,7.12,7.44,7.05,7.37,1138002,12914577.00
2012/01/20,7.41,7.55,7.32,7.51,1080212,12600519.00
2012/01/30,7.54,7.62,7.47,7.48,986725,11602621.00
2012/01/31,7.47,7.49,7.24,7.44,928851,10658727.00
2012/02/01,7.47,7.56,7.37,7.40,1076774,12538982.00
2012/02/02,7.46,7.60,7.37,7.59,1116777,12993642.00
2012/02/03,7.59,7.91,7.58,7.82,1829261,22191642.00
2012/02/06,7.84,7.85,7.74,7.81,1386271,16817612.00
2012/02/07,7.80,7.81,7.54,7.57,1139399,13527433.00
2012/02/08,7.54,7.87,7.53,7.83,1834374,22032862.00
2012/02/09,7.79,8.01,7.75,7.93,2158570,26502616.00
2012/02/10,7.91,7.97,7.83,7.88,1323863,16260076.00
2012/02/13,7.86,8.03,7.76,8.00,1595240,19713726.00
2012/02/14,8.00,8.06,7.90,7.92,1093699,13527140.00
2012/02/15,7.92,8.12,7.89,8.10,1945589,24249236.00
2012/02/16,8.09,8.14,7.92,8.02,1616953,20209410.00
2012/02/17,8.07,8.13,7.89,7.96,1220088,15157620.00
2012/02/20,8.07,8.11,7.95,7.96,1808458,22591748.00
2012/02/21,7.95,8.07,7.84,8.07,1512502,18686488.00
2012/02/22,8.07,8.35,8.05,8.30,3036047,38907348.00
2012/02/23,8.31,8.50,8.21,8.45,2882194,37490636.00
2012/02/24,8.41,8.56,8.39,8.54,2576804,33901872.00
2012/02/27,8.56,8.66,8.44,8.44,2541348,33670276.00
2012/02/28,8.39,8.47,8.15,8.24,2426082,31199738.00
2012/02/29,8.25,8.31,8.14,8.15,1346984,17190296.00
2012/03/01,8.09,8.25,8.09,8.18,1641229,20870852.00
2012/03/02,8.21,8.37,8.17,8.37,1716820,22105480.00
2012/03/05,8.37,8.67,8.36,8.41,2619461,34634844.00
2012/03/06,8.39,8.39,8.15,8.23,1677532,21475206.00
2012/03/07,8.17,8.66,8.12,8.51,4037728,53017568.00
2012/03/08,8.51,8.65,8.44,8.59,2776873,36867528.00
2012/03/09,8.62,9.01,8.53,8.87,4283600,58351376.00
2012/03/12,8.83,9.26,8.83,9.19,3944374,54777580.00
2012/03/13,9.17,9.29,9.05,9.11,3624784,51239980.00
2012/03/14,9.15,9.41,8.71,8.88,7045272,99267216.00
2012/03/15,8.98,8.98,8.55,8.84,4956055,67601296.00
2012/03/16,8.91,9.02,8.71,9.01,5062481,69441168.00
2012/03/19,9.17,9.24,9.01,9.04,5570732,78612360.00
2012/03/20,8.97,8.97,8.53,8.53,5078546,68393816.00
2012/03/21,8.64,8.64,8.24,8.37,3437111,44727116.00
2012/03/22,8.43,8.51,8.31,8.40,1968745,25733270.00
2012/03/23,8.41,8.41,8.15,8.20,1584172,20297888.00
2012/03/26,8.15,8.27,8.13,8.21,892579,11375635.00
2012/03/27,8.27,8.35,8.19,8.21,962749,12373215.00
2012/03/28,8.21,8.21,7.73,7.75,1478408,18251698.00
2012/03/29,7.65,7.75,7.46,7.55,1144863,13580656.00
2012/03/30,7.53,7.63,7.44,7.53,891672,10472850.00
2012/04/05,7.56,7.82,7.45,7.79,1368689,16358334.00
2012/04/06,7.73,7.84,7.64,7.71,1111970,13419450.00
2012/04/10,7.61,7.74,7.39,7.74,1311905,15426658.00
2012/04/11,7.66,7.81,7.61,7.80,1083982,13046550.00
2012/04/12,7.81,7.99,7.75,7.97,1587301,19504662.00
2012/04/13,7.95,8.15,7.91,8.06,1481853,18543482.00
2012/04/16,7.99,8.11,7.91,8.09,1115666,13874856.00
2012/04/17,8.07,8.11,7.97,7.97,1252840,15697145.00
2012/04/18,8.05,8.36,8.05,8.34,2058861,26415428.00
2012/04/19,8.36,8.51,8.32,8.37,1953628,25522716.00
2012/04/20,8.37,8.45,8.26,8.43,1766118,23020190.00
2012/04/23,8.41,8.44,8.04,8.18,3463522,28986324.00
2012/04/24,8.32,8.42,7.76,8.00,3327321,27422828.00
2012/04/25,7.87,8.02,7.62,8.00,2069604,16676317.00
2012/04/26,7.99,8.07,7.82,7.91,1725404,14005256.00
2012/04/27,7.90,7.91,7.77,7.86,1939248,15548187.00
2012/05/02,7.92,8.08,7.83,7.99,2338219,19018042.00
2012/05/03,7.98,8.06,7.88,7.99,1593027,12973610.00
2012/05/04,8.03,8.23,7.97,8.22,3305870,27350296.00
2012/05/07,8.24,8.32,8.14,8.30,2643237,22220550.00
2012/05/08,8.30,8.37,8.14,8.30,3206611,27112550.00
2012/05/09,8.30,9.09,8.24,8.66,11276985,100028728.00
2012/05/10,8.73,8.88,8.46,8.50,6153273,53958956.00
2012/05/11,8.39,8.42,8.18,8.18,4531255,38383832.00
2012/05/14,8.27,8.30,8.06,8.08,2577844,21532922.00
2012/05/15,8.02,8.04,7.86,8.02,2084326,16929570.00
2012/05/16,8.03,8.03,7.91,7.91,1435570,11669126.00
2012/05/17,7.93,8.07,7.87,8.02,1706738,13940869.00
2012/05/18,8.00,8.02,7.85,7.87,1669356,13541979.00
2012/05/21,7.84,7.93,7.77,7.84,1345557,10811208.00
2012/05/22,7.88,7.98,7.88,7.96,1315689,10677858.00
2012/05/23,7.92,7.98,7.74,7.85,1614776,13001652.00
2012/05/24,7.86,8.06,7.80,7.90,2109352,17134004.00
2012/05/25,7.94,7.94,7.77,7.77,1599533,12821142.00
2012/05/28,7.77,7.79,7.57,7.78,1791455,14094482.00
2012/05/29,7.78,7.98,7.73,7.96,2216275,17892664.00
2012/05/30,7.93,7.98,7.87,7.93,1646084,13337124.00
2012/05/31,7.92,7.98,7.82,7.91,1601659,12943443.00
2012/06/01,7.94,7.96,7.89,7.93,1235983,10020123.00
2012/06/04,7.79,7.79,7.57,7.64,2493244,19564298.00
2012/06/05,7.59,7.70,7.59,7.68,1565223,12235646.00
2012/06/06,7.70,7.90,7.70,7.77,2436303,19489718.00
2012/06/07,7.85,7.94,7.79,7.82,2699201,21747440.00
2012/06/08,7.87,7.89,7.73,7.77,1368337,10965416.00
2012/06/11,7.78,7.90,7.74,7.87,1814211,14541833.00
2012/06/12,7.82,7.87,7.75,7.77,1035340,8268636.50
2012/06/13,7.77,7.91,7.77,7.89,2541707,20419914.00
2012/06/14,7.84,7.91,7.82,7.83,1930078,15529218.00
2012/06/15,7.87,7.91,7.78,7.86,1564502,12550869.00
2012/06/18,7.85,7.99,7.85,7.94,2200849,17873196.00
2012/06/19,7.96,8.06,7.91,7.95,2353221,19230724.00
2012/06/20,7.98,8.12,7.95,8.12,3881062,32009588.00
2012/06/21,8.17,8.21,7.96,7.96,2944521,24210518.00
2012/06/25,7.95,7.95,7.66,7.66,2082742,16603392.00
2012/06/26,7.61,7.88,7.52,7.84,2010234,15736498.00
2012/06/27,7.77,8.27,7.77,8.05,6491948,53487244.00
2012/06/28,8.02,8.07,7.80,7.80,3645148,29555304.00
2012/06/29,7.75,7.85,7.53,7.81,2149119,16914410.00
2012/07/02,7.90,7.92,7.71,7.83,2023897,16191373.00
2012/07/03,8.02,8.63,8.02,8.63,8812562,76776856.00
2012/07/04,8.82,8.97,8.42,8.59,17658227,156510656.00
2012/07/05,8.45,9.20,8.44,8.69,14789031,133427200.00
2012/07/06,8.70,8.90,8.45,8.81,8605071,76073040.00
2012/07/09,8.80,9.07,8.45,8.47,8410152,75474288.00
2012/07/10,8.22,8.38,7.92,7.95,7151431,59383520.00
2012/07/11,7.95,8.09,7.78,8.01,3626692,29519456.00
2012/07/12,7.98,8.19,7.79,8.12,4696220,38365248.00
2012/07/13,8.06,8.11,7.82,7.83,4062386,33084768.00
2012/07/16,7.85,7.87,7.07,7.17,6613477,49972072.00
2012/07/17,7.03,7.25,7.02,7.23,2497646,18279920.00
2012/07/18,7.18,7.41,7.13,7.37,3200085,23962992.00
2012/07/19,7.32,7.52,7.21,7.38,3477765,26356690.00
2012/07/20,7.33,7.57,7.33,7.37,2558620,19519070.00
2012/07/23,7.28,7.28,7.07,7.13,3275027,23908840.00
2012/07/24,7.04,7.26,7.04,7.23,2056494,15118755.00
2012/07/25,7.17,7.69,7.08,7.50,5756340,43511708.00
2012/07/26,7.40,7.44,7.16,7.20,3134420,23523918.00
2012/07/27,7.25,7.33,7.14,7.23,1780177,13192096.00
2012/07/30,7.24,7.55,7.20,7.26,2815995,21207028.00
2012/07/31,7.19,7.24,6.92,6.97,2311375,16723584.00
2012/08/01,6.97,7.16,6.97,7.11,1474927,10724878.00
2012/08/02,7.11,7.14,6.94,7.01,1326370,9568265.00
2012/08/03,7.07,7.23,7.00,7.20,1905600,13917225.00
2012/08/06,7.12,7.44,7.04,7.36,2633763,19662638.00
2012/08/07,7.33,7.48,7.32,7.43,2760485,20953902.00
2012/08/08,7.43,7.43,7.25,7.34,2104161,15812470.00
2012/08/09,7.36,7.57,7.32,7.45,2687136,20488422.00
2012/08/10,7.38,7.45,7.34,7.39,1879443,14214706.00
2012/08/13,7.40,7.40,7.14,7.16,1705169,12724674.00
2012/08/14,7.10,7.25,6.98,7.25,2110160,15347488.00
2012/08/15,7.17,7.45,7.14,7.18,2592037,19385464.00
2012/08/16,7.13,7.50,7.10,7.26,3633309,27340188.00
2012/08/17,7.20,7.25,7.10,7.20,1865906,13701408.00
2012/08/20,7.12,7.26,7.06,7.19,1368506,10031980.00
2012/08/21,7.21,7.41,7.17,7.37,2873246,21577700.00
2012/08/22,7.38,7.46,7.31,7.36,2638369,19949582.00
2012/08/23,7.35,7.49,7.29,7.47,2976812,22606840.00
2012/08/24,7.39,7.47,7.26,7.28,1995709,15023296.00
2012/08/27,7.28,7.28,7.03,7.05,1839158,13429714.00
2012/08/28,7.02,7.16,7.00,7.08,1539710,11170064.00
2012/08/29,7.07,7.21,7.02,7.07,1801706,13135987.00
2012/08/30,7.08,7.11,6.62,6.69,2944835,20662326.00
2012/08/31,6.69,6.75,6.55,6.69,1540765,10534914.00
2012/09/03,6.63,6.83,6.63,6.78,1399372,9707015.00
2012/09/04,6.79,6.87,6.72,6.75,1632983,11409191.00
2012/09/05,6.71,6.87,6.68,6.83,1301289,9080168.00
2012/09/06,6.87,7.06,6.86,7.02,2506510,17937982.00
2012/09/07,7.04,7.36,7.01,7.21,3660105,26947130.00
2012/09/10,7.21,7.32,7.17,7.25,2767266,20568630.00
2012/09/11,7.48,7.92,7.40,7.51,7364457,57079952.00
2012/09/12,7.39,7.68,7.33,7.59,5303011,40727828.00
2012/09/13,7.62,8.37,7.50,7.99,12980534,106184664.00
2012/09/14,8.00,8.00,7.50,7.67,8036010,63675656.00
2012/09/17,7.74,7.82,7.37,7.38,4169087,32337622.00
2012/09/18,7.38,7.47,7.06,7.10,2835364,21049606.00
2012/09/19,7.18,7.18,7.06,7.14,2125372,15509176.00
2012/09/20,7.72,7.87,7.72,7.87,8009991,64400228.00
2012/09/21,8.10,8.15,7.52,7.60,16217707,129843904.00
2012/09/24,7.19,7.39,7.05,7.29,9098061,67523360.00
2012/09/25,7.08,7.52,7.05,7.20,5219535,38888496.00
2012/09/26,7.12,7.25,6.63,6.65,5796270,40861892.00
2012/09/27,6.73,6.91,6.65,6.84,3808409,26561010.00
2012/09/28,6.81,6.98,6.75,6.95,3522847,24877744.00
2012/10/08,6.93,7.06,6.90,6.96,2211603,15791374.00
2012/10/09,6.92,7.17,6.91,7.17,3218559,23384490.00
2012/10/10,7.14,7.53,7.08,7.38,4378981,32684730.00
2012/10/11,7.33,7.36,7.07,7.10,3078468,22808254.00
2012/10/12,7.12,7.21,6.94,7.04,1951303,14105848.00
2012/10/15,6.92,6.92,6.68,6.79,2731968,19041676.00
2012/10/16,6.77,6.94,6.74,6.86,1546190,10863584.00
2012/10/17,6.92,7.16,6.83,7.04,2291684,16381955.00
2012/10/18,7.00,7.09,6.91,7.05,2966783,21309748.00
2012/10/19,7.02,7.11,6.94,6.97,1965477,14166346.00
2012/10/22,6.96,6.98,6.84,6.94,1645368,11649156.00
2012/10/23,6.93,6.96,6.84,6.84,1525912,10788521.00
2012/10/24,6.78,6.89,6.76,6.81,1365090,9547116.00
2012/10/25,6.83,6.88,6.73,6.73,1235382,8628479.00
2012/10/26,6.74,6.79,6.56,6.60,1774624,12158127.00
2012/10/29,6.53,6.64,6.53,6.57,701870,4755323.00
2012/10/30,6.54,6.64,6.54,6.59,680593,4620466.50
2012/10/31,6.61,6.67,6.55,6.63,646724,4386816.50
2012/11/01,6.61,6.76,6.61,6.71,1730943,11929538.00
2012/11/02,6.75,6.79,6.65,6.71,911936,6287961.00
2012/11/05,6.73,6.74,6.68,6.69,1216573,8375194.00
2012/11/06,6.72,6.72,6.47,6.55,1657882,11137585.00
2012/11/07,6.56,6.58,6.48,6.53,857655,5756589.50
2012/11/08,6.47,6.61,6.37,6.37,1447527,9609804.00
2012/11/09,6.34,6.41,6.32,6.34,744236,4859004.00
2012/11/12,6.33,6.43,6.33,6.42,656943,4314470.50
2012/11/13,6.41,6.43,6.23,6.24,807473,5231632.50
2012/11/14,6.27,6.27,6.15,6.25,763991,4897532.50
2012/11/15,6.21,6.31,6.17,6.17,669158,4302372.00
2012/11/16,6.12,6.17,5.99,6.10,754416,4702989.00
2012/11/19,6.12,6.14,6.04,6.12,642180,4022567.00
2012/11/20,6.15,6.20,6.10,6.11,831876,5259679.00
2012/11/21,6.07,6.21,6.00,6.19,796929,5019850.50
2012/11/22,6.19,6.23,6.08,6.10,598420,3777244.50
2012/11/23,6.12,6.16,6.09,6.12,357750,2261357.00
2012/11/26,6.13,6.27,6.12,6.16,865821,5523832.00
2012/11/27,6.14,6.14,5.76,5.76,1354781,8183999.50
2012/11/28,5.72,5.75,5.48,5.50,816325,4718638.00
2012/11/29,5.51,5.57,5.34,5.39,567252,3214333.75
2012/11/30,5.39,5.49,5.38,5.46,750101,4215069.50
2012/12/03,5.44,5.49,5.25,5.26,590757,3292586.50
2012/12/04,5.27,5.38,5.24,5.37,620849,3408441.50
2012/12/05,5.34,5.64,5.32,5.59,1543863,8771331.00
2012/12/06,5.59,5.82,5.51,5.60,1322771,7727234.00
2012/12/07,5.54,5.79,5.52,5.75,1461747,8557808.00
2012/12/10,5.77,5.85,5.69,5.84,1554922,9270178.00
2012/12/11,5.84,6.07,5.75,5.87,2712350,16512312.00
2012/12/12,5.80,5.86,5.66,5.75,1634655,9702232.00
2012/12/13,5.73,5.83,5.67,5.68,769572,4562556.00
2012/12/14,5.68,5.96,5.67,5.94,2021341,12228807.00
2012/12/17,5.92,6.01,5.88,5.96,1806580,11061683.00
2012/12/18,5.96,6.01,5.87,5.90,1748839,10692189.00
2012/12/19,5.87,5.97,5.86,5.94,1182945,7228690.00
2012/12/20,5.90,5.93,5.82,5.88,1290275,7809871.50
2012/12/21,5.88,5.96,5.84,5.91,1382673,8407863.00
2012/12/24,5.92,6.01,5.89,6.01,2013115,12348215.00
2012/12/25,6.00,6.15,5.98,6.12,2309258,14467057.00
2012/12/26,6.10,6.28,6.07,6.25,2548566,16258988.00
2012/12/27,6.25,6.30,6.08,6.09,2224955,14179415.00
2012/12/28,6.12,6.37,6.04,6.33,3384442,21685620.00
2012/12/31,6.39,6.53,6.23,6.43,3793871,24943012.00
2013/01/04,6.51,6.51,6.12,6.24,3385675,21902748.00
2013/01/07,6.20,6.28,6.15,6.25,1980217,12711545.00
2013/01/08,6.23,6.42,6.23,6.37,3110203,20376788.00
2013/01/09,6.37,6.56,6.28,6.45,3822295,25351886.00
2013/01/10,6.45,6.50,6.37,6.46,3238227,21416134.00
2013/01/11,6.43,6.78,6.43,6.53,6687081,45492172.00
2013/01/14,6.47,7.13,6.40,6.97,8922991,62535732.00
2013/01/15,6.91,7.29,6.84,7.00,7650155,55058132.00
2013/01/16,6.96,7.55,6.70,7.47,9838542,71859728.00
2013/01/17,7.28,7.33,6.86,6.91,7463413,54212896.00
2013/01/18,6.98,7.14,6.91,7.00,3022242,21755164.00
2013/01/21,7.02,7.07,6.81,6.85,12278119,86507472.00
2013/01/22,6.82,6.82,6.59,6.62,5841475,39973460.00
2013/01/23,6.56,6.77,6.54,6.71,4108456,28131386.00
2013/01/24,6.69,6.84,6.42,6.44,5946007,40790012.00
2013/01/25,6.45,6.51,6.37,6.38,2958266,19542192.00
2013/01/28,6.42,6.57,6.40,6.57,2703479,18134076.00
2013/01/29,6.59,6.76,6.56,6.68,3300557,22636898.00
2013/01/30,6.62,6.64,6.42,6.55,4612604,30900550.00
2013/01/31,6.50,6.55,6.40,6.47,2876962,19103574.00
2013/02/01,6.45,6.70,6.43,6.56,3055692,20631746.00
2013/02/04,6.67,6.68,6.52,6.56,2487177,16791676.00
2013/02/05,6.52,6.63,6.42,6.54,2358398,15790258.00
2013/02/06,6.55,6.61,6.54,6.56,1630632,11010128.00
2013/02/07,6.51,6.59,6.49,6.55,1590723,10711053.00
2013/02/08,6.59,6.67,6.55,6.62,2550923,17364824.00
2013/02/18,6.69,6.71,6.59,6.71,2699017,18446468.00
2013/02/19,6.71,6.71,6.47,6.52,2638303,17884428.00
2013/02/20,6.52,6.64,6.47,6.63,2470971,16662170.00
2013/02/21,6.61,6.72,6.48,6.57,4697034,31894532.00
2013/02/22,6.55,6.92,6.50,6.76,8449139,58739060.00
2013/02/25,6.70,6.86,6.63,6.82,4812716,33325550.00
2013/02/26,6.78,6.90,6.72,6.81,5747039,40241348.00
2013/02/27,6.80,6.86,6.63,6.75,3989195,27576410.00
2013/02/28,6.79,6.97,6.67,6.97,6749085,47333792.00
2013/03/01,6.98,7.03,6.82,7.00,7698864,54996868.00
2013/03/04,6.90,6.90,6.50,6.55,5227051,36086064.00
2013/03/05,6.57,6.77,6.45,6.68,3746630,25532428.00
2013/03/06,6.68,6.90,6.63,6.90,5489984,38334552.00
2013/03/07,6.90,6.94,6.68,6.73,3823850,26707978.00
2013/03/08,6.77,6.79,6.57,6.62,3001527,20490834.00
2013/03/11,6.64,6.74,6.58,6.74,2414367,16553416.00
2013/03/12,7.02,7.43,6.77,6.85,13900447,100166736.00
2013/03/13,6.79,6.80,6.18,6.47,5752614,38440208.00
2013/03/14,6.42,6.53,6.35,6.36,2754190,18194428.00
2013/03/15,6.41,6.46,6.24,6.32,3079842,20122750.00
2013/03/18,6.33,6.34,6.14,6.16,2349182,15101039.00
2013/03/19,6.16,6.22,6.03,6.17,1838755,11590410.00
2013/03/20,6.19,6.31,6.15,6.31,2629980,16906180.00
2013/03/21,6.30,6.40,6.27,6.34,2513800,16380231.00
2013/03/22,6.28,6.38,6.28,6.37,1546941,10095775.00
2013/03/25,6.32,6.37,6.26,6.32,1784349,11580129.00
2013/03/26,6.27,6.32,6.07,6.10,2799044,17726914.00
2013/03/27,6.15,6.19,6.10,6.13,1581026,10003794.00
2013/03/28,6.76,6.76,6.76,6.76,4145818,28771976.00
2013/03/29,7.21,7.22,6.82,6.86,20106873,145112880.00
2013/04/01,6.72,6.95,6.64,6.68,7613559,52731956.00
2013/04/02,6.70,6.79,6.38,6.46,7503123,50587940.00
2013/04/03,6.46,6.62,6.33,6.62,5775205,38433736.00
2013/04/08,6.49,6.60,6.34,6.52,3997004,26586300.00
2013/04/09,6.47,6.58,6.44,6.55,3341297,22373714.00
2013/04/10,6.50,6.58,6.38,6.50,3409989,22659742.00
2013/04/11,6.48,6.52,6.37,6.42,3140657,20720540.00
2013/04/12,6.45,6.46,6.30,6.32,2806974,18342138.00
2013/04/15,6.30,6.34,6.22,6.29,2184875,14085834.00
2013/04/16,6.21,6.39,6.17,6.39,2221544,14334790.00
2013/04/17,6.39,6.40,6.30,6.39,1660157,10839853.00
2013/04/18,6.57,6.71,6.45,6.45,5085988,34165840.00
2013/04/19,6.36,6.53,6.35,6.51,4126660,27439380.00
2013/04/22,6.46,6.53,6.42,6.53,2345789,15616618.00
2013/04/23,6.57,6.57,6.27,6.27,2625858,17232678.00
2013/04/24,6.25,6.40,6.25,6.40,1631798,10641650.00
2013/04/25,6.40,6.42,6.25,6.32,2325663,15162214.00
2013/04/26,6.35,6.38,6.25,6.27,1676075,10737108.00
2013/05/02,6.27,6.35,6.22,6.35,1170285,7491070.00
2013/05/03,6.33,6.45,6.31,6.40,2326679,15135397.00
2013/05/06,6.40,6.51,6.40,6.50,2210605,14533704.00
2013/05/07,6.50,6.60,6.42,6.60,2959174,19589850.00
2013/05/08,6.60,6.63,6.52,6.62,3267040,21804772.00
2013/05/09,6.64,6.81,6.58,6.67,5803969,39442916.00
2013/05/10,6.62,6.68,6.53,6.65,3543606,23761744.00
2013/05/13,6.59,6.76,6.57,6.74,4269845,29069418.00
2013/05/14,6.75,6.77,6.58,6.60,2722727,18335394.00
2013/05/15,6.60,6.73,6.59,6.72,2668213,18104646.00
2013/05/16,6.74,6.77,6.64,6.69,3914471,26646860.00
2013/05/17,6.68,6.74,6.60,6.73,3430584,23274820.00
2013/05/20,6.70,6.95,6.69,6.85,5030730,34892456.00
2013/05/21,6.94,7.26,6.94,7.13,9516932,68662504.00
2013/05/22,7.10,7.85,7.01,7.70,17115530,129665728.00
2013/05/23,7.90,8.03,7.65,7.69,13294755,105070472.00
2013/05/24,7.59,7.77,7.41,7.63,6866456,53154972.00
2013/05/27,7.66,7.87,7.55,7.56,7900816,61416128.00
2013/05/28,7.53,7.57,7.23,7.44,8195620,61038140.00
2013/05/29,7.36,7.53,7.33,7.53,4671723,35314964.00
2013/05/30,7.50,7.74,7.38,7.70,5926807,45950196.00
2013/05/31,7.69,7.84,7.61,7.63,5558204,43470696.00
2013/06/03,7.60,7.95,7.60,7.62,5206198,40994824.00
2013/06/04,7.60,7.62,7.15,7.36,3765819,28154782.00
2013/06/05,7.36,7.36,7.17,7.24,3373950,24774650.00
2013/06/06,7.28,7.73,7.28,7.65,8197990,62639680.00
2013/06/07,7.63,7.97,7.54,7.54,9449759,74512232.00
2013/06/13,7.42,7.92,7.10,7.80,6323950,48513088.00
2013/06/14,7.75,8.26,7.73,8.06,11649379,94194424.00
2013/06/17,8.04,8.59,7.92,8.08,16490891,137903728.00
2013/06/18,8.01,8.20,7.86,7.88,7071189,57218936.00
2013/06/19,7.65,7.85,7.41,7.64,5387002,41489524.00
2013/06/20,7.60,7.79,7.41,7.45,4075245,31424668.00
2013/06/21,7.21,7.27,6.96,7.18,3933976,28499334.00
2013/06/24,7.23,7.32,6.80,6.91,3987571,28327324.00
2013/06/25,6.90,6.93,6.21,6.68,5514281,36547296.00
2013/06/26,6.71,6.98,6.58,6.92,4827171,33234468.00
2013/06/27,7.00,7.05,6.62,6.65,4908855,33918236.00
2013/06/28,6.70,6.77,6.31,6.42,3670450,24285498.00
2013/07/01,6.42,6.77,6.40,6.72,3643578,24490622.00
2013/07/02,6.67,7.01,6.67,6.95,4837408,33964924.00
2013/07/03,6.96,7.16,6.86,7.06,5219151,37319704.00
2013/07/04,6.98,7.13,6.97,7.01,2879347,20578134.00
2013/07/05,7.01,7.05,6.81,6.87,2657962,18629010.00
2013/07/08,6.81,6.82,6.42,6.42,2683619,17859218.00
2013/07/09,6.46,6.60,6.23,6.44,2491966,16097938.00
2013/07/10,6.40,6.65,6.36,6.65,2074212,13792740.00
2013/07/11,6.65,6.95,6.62,6.83,2877777,19814548.00
2013/07/12,6.83,6.96,6.77,6.78,2579318,17936354.00
2013/07/15,6.60,6.70,6.47,6.70,4621285,30980792.00
2013/07/16,6.70,6.81,6.58,6.80,3132075,21333092.00
2013/07/17,6.78,6.95,6.67,6.69,3512732,24270728.00
2013/07/18,6.65,6.85,6.59,6.73,2956979,20209548.00
2013/07/19,6.70,7.05,6.60,6.95,6543362,45530044.00
2013/07/22,6.25,6.95,6.25,6.95,4634920,31829240.00
2013/07/23,6.90,7.02,6.81,7.01,5974374,41997964.00
2013/07/24,7.06,7.24,6.98,7.14,6769858,48767080.00
2013/07/25,7.06,7.15,6.77,6.85,5489446,38692896.00
2013/07/26,6.82,6.86,6.51,6.67,3346788,22666128.00
2013/07/29,6.67,6.67,6.34,6.35,3449041,22725320.00
2013/07/30,6.44,6.44,6.20,6.42,3913499,25083070.00
2013/07/31,6.45,6.56,6.39,6.43,2247344,14750307.00
2013/08/01,6.50,6.83,6.50,6.82,6186875,41902316.00
2013/08/02,6.81,7.51,6.76,7.14,11154914,81046784.00
2013/08/05,7.17,7.50,6.99,7.22,12425203,91397328.00
2013/08/06,7.10,7.21,7.00,7.18,8817069,63178108.00
2013/08/07,7.10,7.32,6.98,7.05,8500799,62002660.00
2013/08/08,7.03,7.09,6.91,7.05,4635806,32906662.00
2013/08/09,7.05,7.16,6.89,7.00,4017908,28511420.00
2013/08/12,7.08,7.15,6.96,7.09,4552273,32647952.00
2013/08/13,7.05,7.37,7.01,7.28,7725303,57015136.00
2013/08/14,7.28,7.39,7.17,7.29,5022376,37034224.00
2013/08/15,7.30,7.45,7.17,7.19,4787821,35602764.00
2013/08/16,7.17,7.28,6.90,6.92,4219888,30350134.00
2013/08/19,6.84,7.08,6.82,7.07,2701246,19189028.00
2013/08/20,7.08,7.16,6.96,7.02,2619144,18733170.00
2013/08/21,7.02,7.19,7.00,7.18,2604744,18778466.00
2013/08/22,7.25,7.37,7.15,7.22,5210974,38285492.00
2013/08/23,7.43,7.70,7.06,7.27,8902414,66589716.00
2013/08/26,7.30,7.93,7.20,7.76,11919389,92165552.00
2013/08/27,7.66,8.38,7.55,7.99,16308776,131382880.00
2013/08/28,7.87,8.51,7.78,8.30,17514882,145135200.00
2013/08/29,8.24,8.27,7.91,7.95,9267089,75551096.00
2013/08/30,7.98,8.28,7.76,7.91,10446158,84773696.00
2013/09/02,7.80,7.96,7.62,7.76,5447589,42723740.00
2013/09/03,7.78,8.04,7.78,7.87,6988730,56029072.00
2013/09/04,7.82,7.95,7.60,7.62,4494414,35298496.00
2013/09/05,7.60,7.75,7.57,7.73,4582262,35507596.00
2013/09/06,7.75,8.04,7.67,7.96,6290666,50275492.00
2013/09/09,7.96,8.77,7.90,8.62,19615957,167411248.00
2013/09/10,8.45,8.89,8.40,8.61,12266333,106896288.00
2013/09/11,8.74,9.33,8.48,8.48,13845381,124196016.00
2013/09/12,8.31,8.52,8.08,8.28,6783942,56968472.00
2013/09/13,8.28,8.35,8.11,8.29,3651226,30464488.00
2013/09/16,8.34,8.39,8.20,8.23,4509293,37895604.00
2013/09/17,8.34,8.65,8.28,8.37,5831697,49938432.00
2013/09/18,8.26,8.45,8.20,8.45,2917749,24620842.00
2013/09/23,8.50,8.90,8.50,8.82,6585088,58382044.00
2013/09/24,8.72,9.02,8.72,8.94,5672539,50933552.00
2013/09/25,8.93,9.13,8.61,8.64,6337560,56851412.00
2013/09/26,8.62,8.73,8.31,8.40,4125460,35416208.00
2013/09/27,8.30,9.00,8.29,8.95,4024817,35540876.00
2013/09/30,9.05,9.78,8.85,9.58,8340374,79402776.00
2013/10/08,9.40,9.91,9.27,9.85,7410588,71742080.00
2013/11/14,8.95,10.78,8.86,9.66,14763932,142363856.00
2013/11/15,9.43,10.00,9.21,9.68,7773146,75344120.00
2013/11/18,9.58,10.48,9.45,10.48,10071201,102929528.00
2013/11/19,10.30,10.77,10.08,10.28,7210412,75452712.00
2013/11/20,10.20,10.27,9.80,10.11,6207121,62653960.00
2013/11/21,10.04,10.04,9.57,9.67,6142897,60492908.00
2013/11/22,9.73,9.98,9.67,9.74,4404606,43721532.00
2013/11/25,9.55,9.77,9.37,9.38,4343762,41960540.00
2013/11/26,9.40,9.65,9.33,9.56,3822111,36699156.00
2013/11/27,9.55,9.68,9.41,9.68,3182040,30780668.00
2013/11/28,9.71,9.73,9.55,9.58,3342123,32499916.00
2013/11/29,9.55,10.07,9.51,9.94,7364988,73421328.00
2013/12/02,9.50,9.50,8.94,8.94,6529823,60486304.00
2013/12/03,8.40,8.60,8.04,8.52,9650162,80967712.00
2013/12/04,8.59,8.86,8.53,8.69,5823771,51377972.00
2013/12/05,8.70,9.50,8.70,9.22,8264817,75844504.00
2013/12/06,9.39,9.45,9.06,9.16,4462747,41691684.00
2013/12/09,9.06,9.20,8.76,8.92,5011969,45282876.00
2013/12/10,8.70,9.10,8.70,8.82,3773739,34147068.00
2013/12/11,8.83,9.00,8.73,8.85,2267792,20285018.00
2013/12/12,8.85,9.20,8.80,9.05,2553253,23278880.00
2013/12/13,8.95,9.02,8.78,8.85,2632720,23574352.00
2013/12/16,8.80,9.05,8.70,8.79,2251664,20191304.00
2013/12/17,8.88,8.88,8.74,8.79,1170760,10431512.00
2013/12/18,8.78,9.09,8.70,8.92,1598461,14444847.00
2013/12/19,8.96,9.17,8.89,8.97,1945890,17763498.00
2013/12/20,8.96,9.05,8.82,8.96,1536139,13858757.00
2013/12/23,9.08,9.13,8.83,9.08,1677269,15267228.00
2013/12/24,9.34,9.66,9.14,9.61,6147534,58815128.00
2013/12/25,9.63,10.39,9.56,10.15,7693004,77820664.00
2013/12/26,10.16,10.38,9.92,10.02,4526220,46092660.00
2013/12/27,9.91,10.89,9.91,10.57,5958123,62253212.00
2013/12/30,10.48,10.75,10.15,10.20,5841840,61350020.00
2013/12/31,10.18,10.50,9.89,10.11,3417305,35162280.00
2014/01/02,10.11,10.59,10.09,10.29,2328628,24310566.00
2014/01/03,10.23,10.86,10.18,10.75,5973272,64115792.00
2014/01/06,10.78,11.84,10.74,10.90,12117354,137009840.00
2014/01/07,10.87,11.20,10.58,10.72,6498140,71512488.00
2014/01/08,10.61,11.36,10.35,11.15,6689938,73849592.00
2014/01/09,10.93,11.61,10.93,10.98,6316008,71073904.00
2014/01/10,10.81,11.36,10.71,10.90,2923608,32362394.00
2014/01/13,10.72,10.91,10.13,10.14,5281878,55690128.00
2014/01/14,10.30,10.68,10.10,10.68,2783596,29306048.00
2014/01/15,10.75,11.08,10.55,10.90,2626462,28805590.00
2014/01/16,10.81,10.99,10.56,10.58,1970972,21253724.00
2014/01/17,10.60,11.10,10.43,10.82,2726732,29619636.00
2014/01/20,10.86,11.20,10.64,10.80,2351131,25914386.00
2014/01/21,10.81,10.94,10.60,10.75,2131617,23128400.00
2014/01/22,10.76,11.10,10.61,10.96,4935689,54077744.00
2014/01/23,10.91,11.15,10.80,11.06,3617367,40105584.00
2014/01/24,11.20,11.22,10.86,10.99,4667280,51842008.00
2014/01/27,10.92,10.99,10.46,10.50,5329305,57348372.00
2014/01/28,10.60,10.66,10.28,10.33,3924698,41391620.00
2014/01/29,10.35,10.76,10.05,10.73,6800217,71225688.00
2014/01/30,10.60,11.56,10.59,11.42,9399904,105516896.00
2014/02/07,11.33,12.07,10.94,11.92,7878292,92420576.00
2014/02/10,12.14,12.68,12.06,12.40,9411596,117099136.00
2014/02/11,12.45,12.71,11.80,12.38,7918497,98141576.00
2014/02/12,12.21,13.63,12.01,13.63,16292426,216499696.00
2014/02/13,13.78,14.52,13.46,13.74,14164425,199809680.00
2014/02/14,14.16,15.12,13.97,15.12,25134885,378750816.00
2014/02/17,15.60,16.64,15.23,16.64,18654039,301501952.00
2014/02/18,17.10,17.56,16.25,16.90,14147531,241629328.00
2014/02/19,16.90,17.12,16.19,16.32,8686775,145071184.00
2014/02/20,16.56,17.19,15.40,16.20,12891213,210194448.00
2014/02/21,16.13,16.69,15.70,16.31,6849054,112682840.00
2014/02/24,16.13,17.80,16.12,16.69,14950476,254788304.00
2014/02/25,16.85,17.40,15.20,15.86,15587283,260893184.00
2014/02/26,15.50,15.59,14.55,15.08,7331231,110874928.00
2014/02/27,15.34,15.87,15.10,15.10,5956165,93092120.00
2014/02/28,14.86,15.36,14.51,15.09,2727726,41060756.00
2014/03/03,15.25,15.33,14.51,14.98,5337856,79478664.00
2014/03/04,14.95,14.95,14.17,14.28,5031400,73179512.00
2014/03/05,14.33,14.69,14.15,14.38,5802112,84125136.00
2014/03/06,14.45,14.49,13.63,14.03,5069003,70867360.00
2014/03/07,13.99,14.21,13.74,14.01,2884020,40703408.00
2014/03/10,13.85,13.90,12.61,12.80,6395247,85586568.00
2014/03/11,12.90,13.02,12.55,12.70,4066482,52412288.00
2014/03/12,12.65,12.97,12.22,12.54,4738330,59835116.00
2014/03/24,13.18,13.80,12.61,13.80,11973068,164523616.00
2014/03/25,13.75,13.87,12.82,12.86,10831884,144631648.00
2014/03/26,12.63,13.25,12.48,12.83,5670172,73265488.00
2014/03/27,12.80,12.80,12.25,12.41,4597558,57721356.00
2014/03/28,12.50,12.50,11.16,11.16,6391964,74970640.00
2014/03/31,11.10,11.49,10.78,11.20,5915494,66309400.00
2014/04/01,11.15,11.74,11.06,11.70,6135313,71305320.00
2014/04/02,11.70,11.80,11.08,11.32,5872063,67183592.00
2014/04/03,11.32,11.58,11.25,11.38,2977149,34309536.00
2014/04/04,11.30,11.78,11.16,11.65,4090117,47475672.00
2014/04/08,11.51,11.87,11.38,11.74,3800403,44529588.00
2014/04/09,11.80,12.04,11.74,11.93,4859958,58217904.00
2014/04/10,11.90,12.44,11.82,12.17,6327636,77849344.00
2014/04/11,12.15,12.18,11.82,12.03,3904089,47168820.00
2014/04/14,11.91,12.49,11.91,12.44,4619644,56892660.00
2014/04/15,12.55,13.13,12.26,13.00,8571698,110726824.00
2014/04/16,13.05,13.05,12.62,12.83,3896659,50146904.00
2014/04/17,12.72,12.89,12.40,12.42,3053187,38726556.00
2014/04/18,12.36,12.46,12.22,12.28,4029927,50002356.00
2014/04/21,12.35,12.55,12.24,12.32,3187832,39600764.00
2014/04/22,12.25,12.39,11.46,11.72,4389428,51878084.00
2014/04/23,11.65,11.92,11.60,11.79,1968270,23349848.00
2014/04/24,11.70,11.84,11.31,11.35,3587132,41363800.00
2014/04/25,11.35,11.44,10.90,10.95,2134653,23787274.00
2014/04/28,10.94,10.94,10.63,10.74,2939501,31861742.00
2014/04/29,10.75,11.55,10.71,11.22,3736542,41992980.00
2014/04/30,11.22,11.73,11.12,11.65,2409054,27955512.00
2014/05/05,11.65,12.14,11.65,11.85,2658040,31725962.00
2014/05/06,11.84,12.33,11.77,12.15,3923929,47787100.00
2014/05/07,12.30,12.30,11.73,11.81,3634021,43733784.00
2014/05/08,11.68,12.25,11.66,12.09,2941752,35695940.00
2014/05/09,12.07,12.25,11.52,11.75,2904433,34367520.00
2014/05/12,11.75,11.90,11.70,11.80,2824837,33539020.00
2014/05/13,11.80,12.33,11.73,12.25,3760452,45516748.00
2014/05/14,12.33,12.34,12.08,12.20,2083663,25476466.00
2014/05/15,12.12,12.37,11.95,12.03,2587718,31649620.00
2014/05/16,12.15,12.15,11.67,12.00,2441742,28952444.00
2014/05/19,11.85,12.00,11.76,11.85,1692906,20171728.00
2014/05/20,11.91,12.46,11.91,12.46,3443043,42305820.00
2014/05/21,12.35,12.55,12.26,12.45,2581047,32135754.00
2014/05/22,12.47,12.99,12.47,12.69,4137047,53093140.00
2014/05/23,12.60,13.40,12.60,13.23,4746814,62272120.00
2014/05/26,13.34,14.56,13.34,14.43,8791635,124365928.00
2014/05/27,14.55,14.55,13.75,13.86,8209691,115152392.00
2014/05/28,13.78,14.74,13.75,14.14,8470017,120902632.00
2014/05/29,14.17,14.34,13.87,14.23,5364116,75785192.00
2014/05/30,14.12,14.24,13.78,13.90,3258441,45675428.00
2014/06/03,13.97,13.97,13.53,13.54,4267835,58996876.00
2014/06/04,13.67,13.82,13.31,13.75,2840203,38783080.00
2014/06/05,13.75,14.00,13.45,13.73,3457008,47831716.00
2014/06/06,13.66,14.09,13.46,14.07,4949629,68499400.00
2014/06/09,13.95,14.06,13.79,13.88,2557870,35768848.00
2014/06/10,13.85,14.02,13.65,13.90,2926916,40831592.00
2014/06/11,13.71,13.94,13.46,13.90,6511014,89893544.00
2014/06/12,13.80,13.92,13.66,13.78,1905325,26303860.00
2014/06/13,13.90,14.25,13.72,14.16,5119739,72307376.00
2014/06/16,14.17,15.45,14.03,15.15,9318193,137666608.00
2014/06/17,15.03,15.35,14.86,15.34,6076735,92451904.00
2014/06/18,15.38,15.50,15.06,15.25,2938345,44920600.00
2014/06/19,15.25,15.49,14.41,14.72,3953552,59698260.00
2014/06/20,14.73,15.32,14.72,14.83,3788118,56465628.00
2014/06/23,14.75,15.24,14.63,14.81,4371316,65460976.00
2014/06/24,14.80,14.91,14.70,14.88,2436153,36147020.00
2014/06/25,14.83,15.30,14.81,15.11,3652241,55491680.00
2014/06/26,15.25,15.95,15.13,15.79,4569380,71467232.00
2014/06/27,15.79,15.94,15.59,15.59,5102155,80574504.00
2014/06/30,16.95,17.15,15.76,16.65,14930325,251343904.00
2014/07/01,16.36,17.14,16.36,16.82,5742433,96343696.00
2014/07/02,16.67,17.00,16.32,16.74,5775139,96642648.00
2014/07/03,16.78,17.05,16.58,16.85,3877148,65414536.00
2014/07/04,16.80,17.29,16.30,16.43,3395918,56802580.00
2014/07/07,16.44,16.73,16.33,16.65,3585801,59447788.00
2014/07/08,16.63,17.08,16.53,16.74,2144070,36163280.00
2014/07/09,16.80,17.00,16.61,16.64,2512364,42351176.00
2014/07/10,16.55,16.80,16.22,16.30,2727841,45435188.00
2014/07/11,16.68,17.03,15.74,15.75,4677983,76311400.00
2014/07/14,15.85,16.45,15.44,16.25,4112078,66221916.00
2014/07/15,16.23,16.32,15.85,16.01,2012710,32423236.00
2014/07/16,15.95,16.23,15.64,15.75,2097250,33242344.00
2014/07/17,15.61,15.75,14.93,14.97,3999221,61141440.00
2014/07/18,15.08,15.60,14.85,14.98,2202725,33714200.00
2014/07/21,14.99,15.15,14.55,14.75,2576983,38403568.00
2014/07/22,14.76,15.25,14.65,15.04,2804842,42195808.00
2014/07/23,15.10,15.14,14.36,14.67,2158163,31872986.00
2014/07/24,14.76,14.99,14.60,14.99,2770872,41262000.00
2014/07/25,15.00,15.45,14.98,15.16,1718588,26257406.00
2014/07/28,15.17,15.58,15.17,15.46,2846789,44073324.00
2014/07/29,15.48,16.11,15.47,16.01,3880410,61825856.00
2014/07/30,15.95,16.53,15.90,16.34,3767238,61409432.00
2014/07/31,16.44,16.44,15.81,16.01,2872461,46144776.00
2014/08/01,16.11,16.25,15.45,15.48,2789741,44341936.00
2014/08/04,16.00,16.33,15.47,15.66,6054056,96142952.00
2014/08/05,15.60,15.73,15.19,15.54,4068255,63005024.00
2014/08/06,15.60,15.60,15.26,15.29,4021535,61996208.00
2014/08/07,15.50,15.60,15.28,15.40,3998585,61903384.00
2014/08/08,15.33,15.51,15.31,15.42,2680301,41416904.00
2014/08/11,15.36,15.90,15.30,15.89,4163709,65609852.00
2014/08/12,15.89,15.91,15.64,15.69,2539735,40084812.00
2014/08/13,15.68,15.68,15.26,15.46,2686123,41580564.00
2014/08/14,15.47,15.55,15.18,15.19,2426861,37327044.00
2014/08/15,15.19,15.25,14.90,15.10,2762877,41745980.00
2014/08/18,15.10,15.37,14.95,15.37,4286044,65007844.00
2014/08/19,15.34,15.41,15.08,15.16,2972265,45477032.00
2014/08/20,15.23,15.39,15.12,15.21,2202193,33593772.00
2014/08/21,15.22,15.35,14.96,15.25,2516719,38359024.00
2014/08/22,15.33,15.38,15.09,15.22,4309769,65705728.00
2014/08/25,15.23,15.58,15.00,15.47,7025319,108436920.00
2014/08/26,15.46,15.46,15.09,15.22,3341909,51111628.00
2014/08/27,15.17,15.53,14.91,15.03,4252720,64715792.00
2014/08/28,15.17,15.17,14.44,14.44,3944095,57933688.00
2014/08/29,14.45,15.45,14.43,15.42,5260770,79879944.00
2014/09/01,15.19,15.55,15.16,15.49,4078641,63058376.00
2014/09/02,15.49,15.93,15.49,15.83,5044086,79981264.00
2014/09/03,15.84,16.11,15.55,15.95,5854031,93256768.00
2014/09/04,15.70,16.04,15.70,15.90,3939626,62837920.00
2014/09/05,15.87,16.44,15.86,16.29,5924986,96144016.00
2014/09/09,16.33,16.38,16.03,16.08,4178990,67677664.00
2014/09/10,16.08,16.20,15.75,16.04,3793356,60852080.00
2014/09/11,16.00,16.18,15.77,15.90,4904393,78319304.00
2014/09/12,15.90,16.88,15.86,16.37,7503064,123603872.00
2014/09/15,16.43,16.43,16.05,16.20,5386960,87574720.00
2014/09/16,16.16,16.29,15.30,15.32,4916191,78167728.00
2014/09/17,15.32,15.45,14.86,15.12,3950708,59663416.00
2014/09/18,14.99,15.34,14.89,14.96,3308535,50010068.00
2014/09/19,15.05,15.27,14.80,15.22,4621825,69639112.00
2014/09/22,16.25,16.25,15.66,15.69,9743641,155597920.00
2014/09/23,15.52,16.05,15.48,15.75,5394406,85564592.00
2014/09/24,15.62,16.32,15.53,16.04,6699423,107339160.00
2014/09/25,16.11,16.24,15.77,15.87,6032714,97002408.00
2014/09/26,15.85,16.00,15.69,15.84,3214304,51174864.00
2014/09/29,15.90,16.20,15.81,15.87,3819732,61066856.00
2014/09/30,15.88,15.96,15.69,15.80,4029786,63844800.00
2014/10/08,15.91,16.18,15.83,16.14,6240006,100611672.00
2014/10/09,16.15,16.32,15.75,16.21,5723078,92359064.00
2014/10/10,16.15,16.54,16.00,16.54,8206672,134875296.00
2014/10/13,17.30,18.20,17.30,17.75,16974177,303217280.00
2014/10/14,17.52,17.65,16.95,17.10,8502675,147614432.00
2014/10/15,17.10,17.24,16.66,16.87,5734508,97242240.00
2014/10/16,16.85,17.42,16.63,16.90,6607976,113661888.00
2014/10/17,16.76,17.04,16.09,16.36,6340520,105289040.00
2014/10/20,16.36,16.59,16.35,16.47,2877916,47544880.00
2014/10/21,16.54,16.90,16.45,16.66,4152132,69421856.00
2014/10/22,16.55,16.90,16.15,16.16,4665223,77370568.00
2014/10/23,16.06,16.20,15.57,15.65,4676799,74319840.00
2014/10/24,15.83,15.95,15.21,15.25,3730216,58181720.00
2014/10/27,15.26,15.78,15.05,15.73,3264793,50952012.00
2014/10/28,15.73,16.10,15.73,16.05,3443944,55276676.00
2014/10/29,16.07,16.25,15.95,16.13,3867598,62460268.00
2014/10/30,16.15,16.40,15.76,15.91,4205381,68004624.00
2014/10/31,15.81,16.09,15.50,15.72,4116861,64859040.00
2014/11/03,15.96,16.49,15.96,16.24,6109665,99389304.00
2014/11/04,16.30,16.35,15.99,16.04,3587605,58158720.00
2014/11/05,16.15,16.15,15.88,15.96,2185605,35070628.00
2014/11/06,15.95,16.20,15.81,16.13,2580297,41391620.00
2014/11/07,16.13,16.23,15.85,15.88,2774757,44752352.00
2014/11/10,15.78,15.95,15.65,15.70,3058825,48297304.00
2014/11/11,15.67,15.72,14.97,15.05,3865178,59163876.00
2014/11/12,15.06,15.27,15.05,15.23,1615491,24616528.00
2014/11/13,15.24,15.30,14.67,14.73,3181290,47306232.00
2014/11/14,14.82,15.15,14.57,14.95,2953394,44233312.00
2014/11/17,14.99,15.47,14.85,15.41,3096032,47432540.00
2014/11/18,15.40,15.51,15.10,15.22,1794094,27480888.00
2014/11/19,15.15,15.32,14.93,14.97,3609327,54390360.00
2014/11/20,15.00,15.00,14.55,14.59,3612647,53235576.00
2014/11/21,14.60,14.84,14.60,14.76,2843783,42113776.00
2014/11/24,14.86,15.51,14.86,15.30,7586370,116204840.00
2014/11/25,15.40,16.26,15.30,15.99,10109964,161504240.00
2014/11/26,15.99,16.25,15.94,16.11,5883549,95030944.00
2014/11/27,16.35,16.38,16.04,16.16,6587958,106990288.00
2014/11/28,16.22,16.22,15.00,15.21,15703926,241929600.00
2014/12/01,15.23,15.24,14.45,14.56,10694404,157475184.00
2014/12/02,14.58,14.85,14.58,14.73,5876779,86742920.00
2014/12/03,14.81,14.83,14.38,14.82,8516832,124427528.00
2014/12/04,14.80,15.04,14.69,14.85,7566096,113033088.00
2014/12/05,14.83,14.88,13.97,14.57,8701695,126434816.00
2014/12/08,14.36,14.95,14.35,14.64,8150331,120723432.00
2014/12/09,14.60,14.60,13.98,14.00,7770890,110729448.00
2014/12/10,13.94,14.51,13.82,14.45,4679006,67110752.00
2014/12/11,14.36,14.52,14.19,14.33,4134430,59487060.00
2014/12/12,14.35,14.51,14.20,14.48,3750909,54041516.00
2014/12/15,14.53,14.73,14.42,14.70,5389557,79115616.00
2014/12/16,14.71,14.81,14.47,14.53,4029361,58958464.00
2014/12/17,14.53,14.67,14.09,14.37,4871267,69898240.00
2014/12/18,14.26,14.43,14.23,14.27,3290461,47295148.00
2014/12/19,14.52,14.55,13.95,14.08,4688225,66825240.00
2014/12/22,14.10,14.10,12.67,12.67,7591936,98559312.00
2014/12/23,12.66,12.81,11.83,11.99,5590158,68887864.00
2014/12/24,12.02,12.25,12.02,12.25,2969426,36213688.00
2014/12/25,12.36,12.40,12.15,12.25,3778055,46436184.00
2014/12/26,12.25,12.80,12.11,12.60,5602217,69779768.00
2014/12/29,12.65,12.65,12.14,12.18,3749829,46197488.00
2014/12/30,12.16,12.18,11.35,11.63,5196153,61019664.00
2014/12/31,11.65,11.84,11.50,11.82,2751836,32448012.00
2015/01/05,11.79,11.82,11.34,11.71,3674816,42589952.00
2015/01/06,11.66,12.30,11.35,12.24,5445870,65543576.00
2015/01/07,12.17,12.20,11.97,12.11,3190625,38643204.00
2015/01/08,12.11,12.42,12.10,12.30,3833049,47376096.00
2015/01/09,12.30,12.73,12.25,12.31,4902238,61487164.00
2015/01/12,12.25,12.28,11.55,11.88,2765187,33169550.00
2015/01/13,11.75,12.18,11.75,12.18,2789205,33646432.00
2015/01/14,12.14,12.25,12.02,12.11,2456261,29922616.00
2015/01/15,12.11,12.50,12.11,12.35,4512887,55960036.00
2015/01/16,12.93,12.93,12.50,12.66,8386848,106692104.00
2015/01/19,12.55,13.42,12.20,12.95,10524880,136485264.00
2015/01/20,12.95,13.44,12.95,13.34,7025622,93630160.00
2015/01/21,13.44,13.50,13.21,13.44,7226790,96860192.00
2015/01/22,13.35,13.83,13.27,13.82,8117450,110180896.00
2015/01/23,13.82,13.82,13.32,13.36,5199963,70667192.00
2015/01/26,13.36,13.87,13.30,13.69,5879988,80580352.00
2015/01/27,13.58,13.80,13.51,13.63,3669260,50260120.00
2015/01/28,13.78,14.44,13.78,13.98,6464067,91776072.00
2015/01/29,13.85,13.89,13.56,13.67,3135464,43155336.00
2015/01/30,13.67,13.76,13.03,13.15,5510925,73656904.00
2015/02/02,13.05,13.33,12.74,13.23,2590541,34110760.00
2015/02/03,13.28,13.44,13.21,13.38,3498189,46845968.00
2015/02/04,13.35,13.42,13.10,13.15,3421360,45481340.00
2015/02/05,13.25,13.39,12.83,12.83,4538043,60032580.00
2015/02/06,12.95,13.25,12.74,12.83,3142150,40962560.00
2015/02/09,12.93,13.15,12.83,12.88,2575534,33570732.00
2015/02/10,12.95,13.11,12.78,13.05,2294357,29709872.00
2015/02/11,13.13,13.36,13.05,13.36,3699019,49030524.00
2015/02/12,13.53,13.81,13.40,13.41,4594021,62632284.00
2015/02/13,13.42,13.79,13.42,13.65,4659616,63898932.00
2015/02/16,13.83,14.23,13.76,14.11,6001433,84843216.00
2015/02/17,14.14,14.20,13.77,14.07,5184881,72808640.00
2015/02/25,13.93,14.12,13.81,13.94,3383006,47455904.00
2015/02/26,13.96,14.04,13.85,14.02,2971989,41589336.00
2015/02/27,14.02,14.43,13.99,14.25,7196215,103196040.00
2015/03/02,14.39,14.85,14.35,14.55,9634550,141801744.00
2015/03/03,14.56,14.61,13.96,14.08,7792839,111739064.00
2015/03/04,14.15,14.73,14.07,14.63,6257454,90147768.00
2015/03/05,14.66,14.72,14.37,14.48,5569678,81184552.00
2015/03/06,14.48,14.58,13.85,14.00,4813603,68230352.00
2015/03/09,14.00,14.34,13.72,14.28,4199539,59230400.00
2015/03/10,14.22,15.43,14.05,15.34,17310881,258544752.00
2015/03/11,15.10,16.09,15.05,15.69,13644625,213056160.00
2015/03/12,15.56,16.58,15.56,15.87,12046583,194341168.00
2015/03/13,15.88,16.15,15.41,15.98,7525704,119522504.00
2015/03/16,15.97,16.87,15.97,16.59,10372987,172643136.00
2015/03/17,16.55,16.74,16.08,16.45,9994318,164520832.00
2015/03/18,16.70,16.82,16.35,16.51,7974794,132064984.00
2015/03/19,16.56,16.60,16.16,16.46,7712782,126952000.00
2015/03/20,16.40,16.45,16.00,16.24,9871606,160126624.00
2015/03/23,16.31,17.44,16.30,17.24,15210443,257100384.00
2015/09/11,15.52,17.67,15.52,16.71,34088295,542805952.00
2015/09/14,17.50,18.00,15.04,15.04,24122934,389857760.00
2015/09/15,13.54,13.64,13.54,13.54,5008200,67815072.00
2015/09/16,12.23,14.54,12.19,13.98,27276345,349844256.00
2015/09/17,13.07,13.50,12.58,12.58,21426870,278362560.00
2015/09/18,12.01,12.47,11.60,11.75,13068886,156244864.00
2015/09/21,11.39,12.44,11.30,12.20,13165771,157832464.00
2015/09/22,12.21,12.45,11.92,12.07,11118483,135376848.00
2015/09/23,11.91,13.20,11.85,12.80,17895131,228276560.00
2015/09/24,12.89,13.16,12.53,12.95,12025383,153823456.00
2015/09/25,12.90,13.03,12.05,12.24,8679171,109379128.00
2015/09/28,12.30,12.95,12.30,12.80,6078477,76491216.00
2015/09/29,12.46,12.71,11.79,12.04,8588532,104915688.00
2015/09/30,12.14,12.49,11.94,12.25,6783305,82832664.00
2015/10/08,12.79,12.90,12.50,12.64,8231953,104624176.00
2015/10/09,12.52,13.45,12.52,13.19,11677888,153486032.00
2015/10/12,13.24,14.18,13.19,13.77,15950799,218032304.00
2015/10/13,13.60,13.92,13.51,13.64,9279054,126948672.00
2015/10/14,13.66,15.00,13.66,15.00,20388463,299001920.00
2015/10/15,15.44,15.71,14.90,15.48,18687024,286211968.00
2015/10/16,15.32,17.03,15.32,17.02,19649111,318398080.00
2015/10/19,16.85,17.50,16.15,16.60,18104150,302545440.00
2015/10/20,16.88,17.78,16.28,17.27,15246273,257677104.00
2015/10/21,17.06,17.27,15.59,16.06,15682514,257449296.00
2015/10/22,16.25,17.67,16.09,17.67,19988148,350688864.00
2015/10/23,19.00,19.44,18.67,19.44,9660833,185345520.00
2015/10/26,21.38,21.38,19.50,19.88,31314306,635700672.00
2015/10/27,19.49,21.87,18.22,21.87,21912147,438714016.00
2015/10/28,21.80,23.84,20.91,21.58,22370265,505271392.00
2015/10/29,21.09,22.98,20.85,22.10,15547428,338528064.00
2015/10/30,21.66,22.00,20.34,20.53,16626731,348607712.00
2015/11/02,19.58,21.10,19.20,19.44,14033786,280520864.00
2015/11/03,19.63,20.35,18.76,20.15,12979485,253962608.00
2015/11/04,20.00,21.86,19.88,21.56,13336417,279162144.00
2015/11/05,21.45,21.85,20.30,20.63,13053904,274951872.00
2015/11/06,20.30,21.17,20.20,20.80,12645731,261952656.00
2015/11/09,20.50,22.88,19.90,22.30,19651210,425234688.00
2015/11/10,21.90,23.59,21.70,22.80,16983130,386797728.00
2015/11/11,22.88,22.99,22.16,22.58,7824553,176793040.00
2015/11/12,23.00,24.84,22.58,24.00,17103143,415879456.00
2015/11/13,23.37,25.25,23.06,24.00,13176041,319654784.00
2015/11/16,23.78,26.40,23.78,26.40,12586131,323953728.00
2015/11/17,27.68,28.35,26.13,26.62,15862568,430010752.00
2015/11/18,26.54,28.50,25.61,25.64,14749115,397968160.00
2015/11/19,25.01,27.95,24.84,27.26,13401836,348966368.00
2015/11/20,26.28,27.66,26.05,27.04,14285745,383623712.00
2015/11/23,26.78,26.78,24.34,24.34,15088579,384166880.00
2015/11/24,24.19,25.52,23.50,25.05,8878064,219969600.00
2015/11/25,25.50,26.32,25.05,25.60,7640805,197142656.00
2015/11/26,25.60,27.10,25.02,26.49,11213275,293379168.00
2015/11/27,26.71,27.67,24.12,25.02,11559273,304182976.00
2015/11/30,24.40,25.50,22.70,24.85,8590512,210981728.00
2015/12/01,24.85,25.99,24.08,24.40,7520842,188434464.00
2015/12/02,24.28,24.30,21.96,23.27,7680403,178120928.00
2015/12/03,23.21,24.22,22.85,23.90,7407424,175109600.00
2015/12/04,23.86,25.65,23.62,25.50,10223060,252985200.00
2015/12/07,25.86,26.19,25.09,25.65,7547388,193019872.00
2015/12/08,25.66,25.68,24.72,25.02,5888297,148443088.00
2015/12/09,25.50,26.49,25.02,26.23,10438605,268699104.00
2015/12/10,25.81,26.19,24.50,24.87,8180793,208208960.00
2015/12/11,24.87,26.02,24.10,25.46,7136377,178735280.00
2015/12/14,25.20,25.65,24.28,25.58,4966473,124733064.00
2015/12/15,25.43,26.03,25.35,25.59,4405953,112965624.00
2015/12/16,25.60,27.08,25.60,26.27,6786709,180046304.00
2015/12/17,26.30,27.07,26.30,26.72,5997900,160074816.00
2015/12/18,26.88,26.97,25.76,26.01,5030150,131872336.00
2015/12/21,25.54,26.70,25.51,26.11,3846900,101085032.00
2015/12/22,26.46,28.16,25.95,27.81,8135916,221147312.00
2015/12/23,27.70,28.00,26.61,27.08,5339647,145743744.00
2015/12/24,27.08,28.77,26.71,28.38,6438007,178440736.00
2015/12/25,28.35,29.29,27.80,28.91,6039553,172593552.00
2015/12/28,28.80,28.80,27.06,27.08,6444835,179795904.00
2015/12/29,26.70,27.14,25.82,26.69,4663399,122879744.00
2015/12/30,26.21,27.50,26.10,27.16,4330898,115971688.00
2015/12/31,27.50,27.99,26.38,26.60,3773597,102205560.00
2016/01/04,26.65,27.20,23.94,23.96,4887127,126088952.00
2016/01/05,21.70,24.30,21.60,23.07,8173261,187700256.00
2016/01/06,23.27,24.28,22.95,23.95,4485928,105838352.00
2016/01/07,23.50,23.50,21.56,21.56,1536400,33775352.00
2016/01/08,21.90,22.47,19.58,22.44,6807275,146447376.00
2016/01/11,21.53,22.16,20.20,20.20,3943312,82371944.00
2016/01/12,20.20,20.30,18.50,18.77,5186985,100062208.00
2016/01/13,19.19,19.60,17.50,17.75,4560580,85554368.00
2016/01/14,17.50,18.90,17.00,18.61,4027313,72823488.00
2016/01/15,18.22,19.63,18.22,18.90,6376307,121698928.00
2016/01/18,18.40,19.80,18.40,19.27,5068690,97719264.00
2016/01/19,19.08,21.15,19.08,20.96,7550889,153331680.00
2016/01/20,21.00,21.44,20.21,20.48,6057839,127169544.00
2016/01/21,20.10,21.21,19.68,19.80,5042907,103035656.00
2016/01/22,20.10,20.47,19.20,20.20,3704260,73931528.00
2016/01/25,20.50,21.98,20.50,21.12,5490436,116714896.00
2016/02/02,19.08,22.41,19.01,21.25,10962841,231257776.00
2016/02/03,20.86,21.68,20.26,21.10,3181002,66541212.00
2016/02/04,21.10,22.30,21.10,21.80,4549419,99356864.00
2016/02/05,22.22,22.22,21.58,21.61,3656149,80125120.00
2016/02/15,21.00,21.59,20.75,21.25,2260759,47981180.00
2016/02/16,21.25,22.32,21.25,22.26,4888310,107586576.00
2016/02/17,22.09,23.35,22.07,23.11,4297112,98684816.00
2016/02/18,23.13,23.80,22.60,22.60,4633867,106563544.00
2016/02/19,22.69,23.45,22.60,23.00,4979417,114409112.00
2016/02/22,23.42,23.43,22.40,23.01,3846155,88361336.00
2016/02/23,23.22,23.22,21.88,22.30,4496448,100774808.00
2016/02/24,22.00,22.40,21.52,22.14,4296247,94221184.00
2016/02/25,22.14,22.41,19.93,19.93,4093872,84521616.00
2016/02/26,19.40,21.00,18.26,20.32,8641033,170654688.00
2016/02/29,19.66,19.94,18.29,18.29,5162898,97466736.00
2016/03/01,18.20,18.88,17.33,18.29,4635215,85098520.00
2016/03/02,18.29,19.36,17.80,19.29,7388509,136996208.00
2016/03/03,19.19,19.85,18.94,19.00,6645504,128818136.00
2016/03/04,18.88,19.57,17.50,17.92,6106573,113951016.00
2016/03/07,18.00,18.79,17.92,18.40,4689895,86330408.00
2016/03/08,18.07,20.24,17.00,20.24,11832663,227824416.00
2016/03/09,20.17,21.49,19.38,20.51,10906905,225487056.00
数据来源:通达信
