300154 瑞凌股份 日线 前复权
      日期	    开盘	    最高	    最低	    收盘	    成交量	    成交额
2011/01/04,9.97,10.15,9.68,10.08,5423845,227154064.00
2011/01/05,9.85,10.33,9.80,10.28,4599745,196196256.00
2011/01/06,10.40,11.03,10.33,10.60,5300603,236817968.00
2011/01/07,10.43,10.60,9.98,10.06,4286360,185274992.00
2011/01/10,10.03,10.26,9.65,9.95,3069757,128591968.00
2011/01/11,9.86,10.10,9.49,9.56,2106847,87017600.00
2011/01/12,9.56,9.66,9.29,9.47,2022675,81097016.00
2011/01/13,9.47,9.67,9.38,9.64,1450468,58245764.00
2011/01/14,9.70,9.83,8.98,8.99,2878667,113172232.00
2011/01/17,8.87,8.93,8.20,8.22,2949350,105936312.00
2011/01/18,8.22,8.42,8.18,8.33,1619618,57453312.00
2011/01/19,8.28,8.62,8.23,8.57,1294718,46612904.00
2011/01/20,8.48,8.68,8.39,8.52,1427616,51589492.00
2011/01/21,8.48,8.84,8.40,8.53,950302,34624964.00
2011/01/24,8.48,8.55,8.04,8.05,1128356,39515376.00
2011/01/25,7.98,8.18,7.95,8.15,751743,25850052.00
2011/01/26,8.15,8.48,8.15,8.35,895414,31873630.00
2011/01/27,8.28,8.45,8.20,8.33,872454,30926112.00
2011/01/31,8.35,8.63,8.33,8.52,831749,30080676.00
2011/02/01,8.53,8.77,8.48,8.63,723034,26451978.00
2011/02/09,8.59,8.69,8.40,8.45,649021,23532436.00
2011/02/10,8.38,8.87,8.35,8.81,966118,35585456.00
2011/02/11,8.78,9.00,8.76,8.98,948020,35706120.00
2011/02/14,8.98,9.05,8.86,9.01,982296,37261404.00
2011/02/15,8.96,9.11,8.88,8.95,1069852,40734732.00
2011/02/16,8.93,9.22,8.90,9.16,979268,37674592.00
2011/02/17,9.19,9.22,8.90,9.02,1042655,39847052.00
2011/02/18,8.97,9.17,8.95,9.10,885801,33937872.00
2011/02/21,9.02,9.26,9.01,9.24,965543,37395324.00
2011/02/22,9.24,9.25,8.94,8.98,1666581,63912788.00
2011/02/23,8.98,9.06,8.93,8.97,1078736,41018604.00
2011/02/24,8.92,9.23,8.90,9.12,1531082,59047652.00
2011/02/25,9.15,9.15,8.93,9.04,989356,37782400.00
2011/02/28,9.01,9.42,9.01,9.38,1420588,55885676.00
2011/03/01,9.35,9.40,9.21,9.32,1087242,42692396.00
2011/03/02,9.32,9.34,8.95,9.09,868678,33569708.00
2011/03/03,9.01,9.12,8.63,8.73,1569808,58898460.00
2011/03/04,8.71,8.88,8.70,8.79,409581,15245560.00
2011/03/07,8.85,8.95,8.81,8.85,571518,21474332.00
2011/03/08,8.85,8.97,8.84,8.88,644199,24280424.00
2011/03/09,8.90,9.15,8.86,9.11,890277,33935996.00
2011/03/10,9.09,9.18,9.07,9.10,820760,31648446.00
2011/03/11,9.10,9.34,9.08,9.23,1204811,47162412.00
2011/03/14,9.25,9.25,9.12,9.24,794554,30834738.00
2011/03/15,9.28,9.28,9.05,9.06,831720,32087042.00
2011/03/16,9.07,9.19,9.02,9.10,604800,23311660.00
2011/03/17,9.03,9.09,8.79,8.84,561611,21315540.00
2011/03/18,8.87,9.08,8.83,9.08,945870,35726472.00
2011/03/21,9.10,9.32,9.08,9.26,850107,33104008.00
2011/03/22,9.26,9.27,9.07,9.11,466264,18011656.00
2011/03/23,9.08,9.15,9.07,9.07,494956,19051248.00
2011/03/24,9.04,9.12,8.92,9.00,559128,21302028.00
2011/03/25,9.05,9.85,9.01,9.74,2632542,105624216.00
2011/03/30,9.23,9.23,8.88,8.93,2613137,100069456.00
2011/03/31,8.94,9.08,8.88,8.98,1285878,48902604.00
2011/04/01,8.96,9.33,8.91,9.14,1152061,44576368.00
2011/04/06,9.03,9.28,8.90,8.92,1145244,43686196.00
2011/04/07,8.95,9.07,8.92,9.04,610928,23243710.00
2011/04/08,9.05,9.30,9.05,9.28,1610360,62604356.00
2011/04/11,9.26,9.28,9.08,9.13,1172758,45542652.00
2011/04/12,9.07,9.20,9.03,9.13,838481,32281550.00
2011/04/13,9.08,9.39,9.08,9.23,1850164,72599584.00
2011/04/14,9.23,9.44,9.15,9.25,1221755,47970480.00
2011/04/15,9.20,9.25,9.01,9.10,1124524,43337808.00
2011/04/18,9.08,9.14,9.02,9.13,605446,23262566.00
2011/04/20,9.01,9.01,8.78,8.95,1693395,63650120.00
2011/04/21,8.97,9.04,8.90,8.92,782421,29613622.00
2011/04/22,8.90,9.04,8.78,8.89,919396,34679116.00
2011/04/25,8.82,8.88,8.45,8.47,1234519,44834276.00
2011/04/26,8.46,8.46,8.15,8.20,1253716,44187068.00
2011/04/27,8.25,8.35,8.08,8.11,397679,13895671.00
2011/04/28,8.13,8.26,8.08,8.10,479195,16664868.00
2011/04/29,8.18,8.47,8.13,8.28,928063,32800794.00
2011/05/03,8.30,8.49,8.29,8.43,599548,21379646.00
2011/05/04,8.35,8.44,8.28,8.28,481400,17115566.00
2011/05/05,8.27,8.52,8.27,8.48,702698,25127216.00
2011/05/06,8.48,8.48,8.37,8.45,533798,19125792.00
2011/05/09,8.47,8.56,8.42,8.47,712679,25685770.00
2011/05/10,8.46,8.46,8.12,8.25,1409220,24314068.00
2011/05/11,8.25,8.28,7.95,8.10,1318694,22335796.00
2011/05/12,8.05,8.06,7.75,7.75,1515128,25204316.00
2011/05/13,7.75,7.84,7.57,7.75,1683413,27262990.00
2011/05/16,7.74,7.83,7.60,7.73,940622,15166849.00
2011/05/17,7.65,7.85,7.60,7.74,798632,12981082.00
2011/05/18,7.71,7.73,7.56,7.58,965807,15499839.00
2011/05/19,7.58,7.70,7.56,7.63,688172,11037213.00
2011/05/20,7.63,7.66,7.23,7.28,1945493,30173834.00
2011/05/23,7.20,7.24,6.81,6.81,1370045,20253046.00
2011/05/24,6.82,7.35,6.75,7.10,1617142,23954740.00
2011/05/25,7.04,7.13,6.54,6.58,1139963,16411698.00
2011/05/26,6.66,6.84,6.66,6.73,1465603,20930562.00
2011/05/27,6.73,6.93,6.68,6.76,831718,11984921.00
2011/05/30,6.75,7.05,6.63,6.87,1217937,17813974.00
2011/05/31,6.88,7.09,6.87,7.08,1494055,22063350.00
2011/06/01,7.07,7.09,6.94,7.07,868711,12887865.00
2011/06/02,6.90,7.00,6.75,6.90,997340,14458994.00
2011/06/03,6.90,7.21,6.86,7.15,1258182,18735548.00
2011/06/07,7.14,7.18,7.03,7.11,630684,9470737.00
2011/06/08,7.01,7.09,6.95,7.04,813769,12057352.00
2011/06/09,7.04,7.18,7.00,7.10,1139157,17049544.00
2011/06/10,7.04,7.05,6.89,7.01,608875,8970328.00
2011/06/13,7.01,7.04,6.78,6.93,557699,8154785.00
2011/06/14,6.93,7.00,6.89,6.99,1513066,22231642.00
2011/06/15,6.90,6.95,6.81,6.85,773640,11244072.00
2011/06/16,6.81,6.84,6.55,6.65,881125,12427918.00
2011/06/17,6.65,6.65,6.50,6.58,507892,7052215.00
2011/06/20,6.57,6.58,6.35,6.35,573325,7838473.50
2011/06/21,6.44,6.48,6.26,6.41,433764,5861031.50
2011/06/22,6.42,6.42,6.27,6.31,732248,9849092.00
2011/06/23,6.32,6.65,6.22,6.58,1295869,17889776.00
2011/06/24,6.58,6.75,6.51,6.68,1399076,19713054.00
2011/06/27,6.72,6.85,6.64,6.75,904990,12949826.00
2011/06/28,6.73,6.90,6.68,6.89,1510367,21747662.00
2011/06/29,6.85,7.20,6.83,6.91,2485591,37041176.00
2011/06/30,6.92,7.04,6.85,6.94,1176320,17298834.00
2011/07/01,6.99,7.08,6.94,7.01,1296127,19248132.00
2011/07/04,7.01,7.16,6.97,7.10,2127402,31777624.00
2011/07/06,7.15,7.43,7.11,7.35,2599472,39993432.00
2011/07/07,7.30,7.67,7.28,7.46,3404981,53983428.00
2011/07/08,7.45,7.63,7.36,7.47,1976991,31146052.00
2011/07/11,7.40,7.55,7.36,7.49,1081441,16943508.00
2011/07/12,7.35,7.51,7.35,7.35,1570790,24570152.00
2011/07/13,7.30,7.58,7.27,7.56,1238006,19434078.00
2011/07/14,7.53,7.85,7.53,7.85,1912616,31070712.00
2011/07/15,7.85,8.07,7.76,7.87,1896206,31580778.00
2011/07/18,7.90,7.95,7.61,7.64,1282783,20948438.00
2011/07/19,7.63,7.63,7.42,7.45,1253496,19793874.00
2011/07/20,7.48,7.61,7.43,7.57,793691,12582385.00
2011/07/21,7.58,7.58,7.37,7.39,706494,11098036.00
2011/07/22,7.39,7.53,7.36,7.40,625178,9774318.00
2011/07/25,7.35,7.35,6.93,6.96,1187461,17789534.00
2011/07/26,6.91,7.04,6.86,7.02,803211,11829720.00
2011/07/27,6.99,7.22,6.92,7.21,1149814,17246068.00
2011/07/28,7.11,7.15,7.01,7.10,759410,11333412.00
2011/07/29,7.11,7.15,6.91,6.92,700170,10379126.00
2011/08/01,6.93,7.07,6.81,7.05,764388,11246650.00
2011/08/02,6.99,7.13,6.83,7.11,1126727,16563818.00
2011/08/03,7.11,7.86,7.11,7.61,4325825,69712144.00
2011/08/04,7.46,7.72,7.46,7.65,2429830,39033192.00
2011/08/05,7.40,7.64,7.23,7.48,2163827,33884500.00
2011/08/08,7.38,7.43,6.69,6.90,3050670,45679164.00
2011/08/09,6.68,6.91,6.41,6.78,1428157,20305388.00
2011/08/10,6.95,7.10,6.84,6.91,1316807,19418464.00
2011/08/11,6.75,7.18,6.68,7.16,1371423,20370804.00
2011/08/12,7.24,7.46,7.19,7.38,2004661,31154014.00
2011/08/16,7.45,7.49,7.00,7.04,3908030,59279736.00
2011/08/17,7.10,7.16,6.88,6.94,2946002,43315912.00
2011/08/18,6.94,6.96,6.73,6.75,1845295,26562346.00
2011/08/19,6.60,6.81,6.53,6.75,1061478,14961908.00
2011/08/22,6.74,6.84,6.61,6.69,777418,11089521.00
2011/08/23,6.74,6.95,6.69,6.94,1423402,20561908.00
2011/08/24,6.95,7.15,6.90,6.90,2701019,40198936.00
2011/08/25,6.87,6.98,6.75,6.91,1626074,23586134.00
2011/08/26,6.91,7.09,6.86,7.06,1805626,26773568.00
2011/08/29,7.04,7.26,6.98,7.15,2367518,35671764.00
2011/08/30,7.18,7.22,6.80,6.86,2255323,33686724.00
2011/08/31,6.83,6.92,6.60,6.73,1385288,19723386.00
2011/09/01,6.73,6.83,6.68,6.77,758682,10847578.00
2011/09/02,6.79,6.79,6.58,6.61,792881,11151417.00
2011/09/05,6.59,6.59,6.31,6.31,1207213,16459580.00
2011/09/06,6.29,6.39,6.26,6.30,608097,8164361.00
2011/09/07,6.35,6.49,6.32,6.48,612155,8330556.50
2011/09/08,6.53,6.53,6.35,6.35,619223,8466393.00
2011/09/09,6.30,6.41,6.29,6.32,543776,7322448.50
2011/09/13,6.28,6.28,6.00,6.08,1169152,15121001.00
2011/09/14,6.10,6.20,6.01,6.19,746327,9703758.00
2011/09/15,6.13,6.22,6.13,6.18,623637,8216018.50
2011/09/16,6.22,6.25,6.10,6.11,443809,5839385.00
2011/09/19,6.10,6.10,5.93,5.93,494209,6319932.00
2011/09/20,5.92,6.00,5.87,5.93,509111,6447405.50
2011/09/21,5.95,6.15,5.92,6.10,958691,12415420.00
2011/09/22,6.10,6.17,5.96,5.96,885208,11484871.00
2011/09/23,5.87,5.94,5.77,5.83,896386,11198591.00
2011/09/26,5.75,5.90,5.60,5.67,926232,11379417.00
2011/09/27,5.75,5.75,5.60,5.69,1526215,18449508.00
2011/09/28,5.69,5.73,5.51,5.54,1076358,12990742.00
2011/09/29,5.49,5.53,5.29,5.31,916159,10597827.00
2011/09/30,5.34,5.37,5.20,5.30,701774,7966259.00
2011/10/10,5.36,5.37,5.28,5.30,337595,3857222.75
2011/10/11,5.42,5.53,5.26,5.38,651482,7548595.00
2011/10/12,5.33,5.63,5.28,5.60,1112942,13151758.00
2011/10/13,5.64,5.74,5.57,5.69,1123887,13600904.00
2011/10/14,5.63,5.68,5.56,5.65,756919,9097491.00
2011/10/17,5.70,5.70,5.60,5.68,653014,7892307.00
2011/10/18,5.63,5.65,5.39,5.43,872817,10338613.00
2011/10/19,5.48,5.48,5.35,5.40,414216,4819121.50
2011/10/20,5.35,5.36,5.10,5.17,837377,9373374.00
2011/10/21,5.17,5.18,5.03,5.04,451295,4951179.00
2011/10/24,5.03,5.21,4.92,5.18,973260,10642375.00
2011/10/25,5.18,5.50,5.18,5.47,1613297,18569774.00
2011/10/26,5.42,5.64,5.34,5.55,1843148,21784408.00
2011/10/27,5.56,5.59,5.43,5.47,1030181,12183054.00
2011/10/28,5.54,5.63,5.48,5.61,1319804,15741364.00
2011/10/31,5.58,5.73,5.56,5.70,1301886,15788169.00
2011/11/01,5.68,5.80,5.65,5.80,1681289,20639710.00
2011/11/02,5.71,6.03,5.65,6.01,2377223,29776634.00
2011/11/03,6.00,6.25,5.96,6.04,3968675,51881096.00
2011/11/04,6.08,6.13,5.96,6.03,1497691,19297312.00
2011/11/07,6.05,6.07,5.99,6.04,882316,11340353.00
2011/11/08,6.03,6.13,5.91,5.95,1718599,22165718.00
2011/11/09,5.97,6.10,5.83,6.10,1851496,23625492.00
2011/11/10,6.03,6.40,5.97,6.30,4208943,56064428.00
2011/11/11,6.22,6.64,6.20,6.37,4639071,63186356.00
2011/11/14,6.43,6.60,6.37,6.52,2966040,40914696.00
2011/11/15,6.51,6.52,6.38,6.50,1966993,26918920.00
2011/11/16,6.51,6.58,6.17,6.20,2254178,30534828.00
2011/11/17,6.22,6.36,6.16,6.23,1497338,19898108.00
2011/11/18,6.21,6.21,5.96,5.97,1412201,18213768.00
2011/11/21,5.98,5.98,5.81,5.91,821022,10307997.00
2011/11/22,5.80,5.96,5.80,5.96,737342,9266720.00
2011/11/23,5.99,6.02,5.91,5.92,477160,6068540.50
2011/11/24,5.85,6.09,5.79,6.02,907683,11531785.00
2011/11/25,5.97,6.08,5.85,5.87,578802,7372258.00
2011/11/28,5.89,5.91,5.79,5.82,481953,6004699.00
2011/11/29,5.86,6.09,5.82,6.09,1036045,13189909.00
2011/11/30,6.05,6.05,5.50,5.74,1561360,19212654.00
2011/12/01,5.93,6.02,5.83,5.83,1109866,14010638.00
2011/12/02,5.75,5.75,5.55,5.65,624855,7556263.50
2011/12/05,5.65,5.65,5.26,5.40,610479,7071359.50
2011/12/06,5.27,5.50,5.27,5.50,477481,5543257.00
2011/12/07,5.49,5.51,5.37,5.46,268589,3143552.25
2011/12/08,5.45,5.55,5.31,5.46,440062,5140343.50
2011/12/09,5.35,5.46,5.34,5.45,267016,3096236.75
2011/12/12,5.40,5.46,5.33,5.34,209900,2430705.75
2011/12/13,5.33,5.33,5.11,5.19,450307,5021362.50
2011/12/14,5.13,5.22,5.10,5.19,238500,2657215.50
2011/12/15,5.14,5.19,5.01,5.08,312196,3421966.75
2011/12/16,5.10,5.29,5.08,5.29,509665,5696543.00
2011/12/19,5.15,5.38,5.14,5.35,410321,4633388.50
2011/12/20,5.33,5.39,5.26,5.26,275133,3150927.75
2011/12/21,5.40,5.41,5.10,5.13,448289,5044585.50
2011/12/22,5.10,5.18,4.90,5.10,534815,5816553.00
2011/12/23,5.10,5.24,5.02,5.17,312695,3481914.00
2011/12/26,5.10,5.29,5.10,5.16,151414,1692513.63
2011/12/27,5.13,5.25,4.97,5.06,397842,4341032.00
2011/12/28,5.06,5.09,4.90,4.98,743065,8006759.00
2011/12/29,5.00,5.10,4.88,5.02,247760,2689120.50
2011/12/30,5.09,5.56,5.02,5.40,556866,6223389.00
2012/01/04,5.30,5.36,5.14,5.15,412702,4656116.00
2012/01/05,5.10,5.19,4.88,4.96,517972,5578240.00
2012/01/06,4.66,4.90,4.66,4.90,605789,6314422.50
2012/01/10,5.09,5.27,5.00,5.25,1056969,11788734.00
2012/01/11,5.16,5.30,5.13,5.22,976164,10960795.00
2012/01/12,5.20,5.27,5.16,5.22,529705,5950299.00
2012/01/13,5.26,5.26,4.85,4.94,768560,8280998.50
2012/01/16,4.85,4.85,4.55,4.58,709548,7207525.00
2012/01/17,4.55,4.79,4.48,4.75,789955,8025169.50
2012/01/18,4.75,4.85,4.46,4.49,905644,9204496.00
2012/01/19,4.52,4.63,4.42,4.59,759867,7483930.00
2012/01/20,4.62,4.70,4.58,4.68,851094,8591262.00
2012/01/30,4.68,4.75,4.63,4.67,960183,9780096.00
2012/01/31,4.62,4.66,4.49,4.58,819401,8115130.50
2012/02/01,4.58,4.68,4.55,4.58,443820,4453377.00
2012/02/02,4.58,4.69,4.57,4.67,918871,9199893.00
2012/02/03,4.64,4.85,4.64,4.78,1366087,14050069.00
2012/02/06,4.83,4.88,4.75,4.86,1413315,14774484.00
2012/02/07,4.84,4.84,4.67,4.71,925374,9474769.00
2012/02/08,4.68,4.86,4.66,4.86,865586,8989173.00
2012/02/09,4.89,4.96,4.84,4.90,1255771,13332462.00
2012/02/10,4.89,4.98,4.86,4.90,787767,8373029.00
2012/02/13,4.86,5.01,4.83,4.99,1016446,10883414.00
2012/02/14,4.99,5.02,4.93,4.98,888562,9521838.00
2012/02/15,4.99,5.11,4.93,5.11,1613491,17561950.00
2012/02/16,5.12,5.14,5.00,5.08,1335845,14623607.00
2012/02/17,5.08,5.11,4.95,5.03,905346,9817638.00
2012/02/20,5.12,5.14,5.02,5.04,1162087,12750189.00
2012/02/21,5.04,5.13,4.98,5.12,838391,9145293.00
2012/02/22,5.12,5.29,5.10,5.27,1668475,18768186.00
2012/02/23,5.27,5.33,5.21,5.30,2122679,24076454.00
2012/02/24,5.32,5.46,5.32,5.41,2058187,23841864.00
2012/02/27,5.39,5.49,5.33,5.33,2031210,23423482.00
2012/02/28,5.33,5.35,5.19,5.25,1484998,16782250.00
2012/02/29,5.30,5.38,5.16,5.25,1024263,11621177.00
2012/03/01,5.28,5.33,5.23,5.30,641974,7287133.50
2012/03/02,5.31,5.43,5.29,5.42,1528073,17592244.00
2012/03/05,5.40,5.45,5.30,5.33,2043127,23485724.00
2012/03/06,5.30,5.32,5.17,5.21,951619,10682046.00
2012/03/07,5.14,5.23,5.13,5.18,789328,8806533.00
2012/03/08,5.18,5.36,5.18,5.36,1353830,15383400.00
2012/03/09,5.39,5.43,5.32,5.43,1432132,16609172.00
2012/03/12,5.43,5.50,5.32,5.47,2079778,24167000.00
2012/03/13,5.45,5.50,5.41,5.47,1250978,14661850.00
2012/03/14,5.50,5.57,5.16,5.20,2213588,25769854.00
2012/03/15,5.18,5.24,5.01,5.09,994289,10959908.00
2012/03/16,5.08,5.28,5.08,5.27,857111,9540837.00
2012/03/19,5.27,5.35,5.23,5.34,759005,8638577.00
2012/03/20,5.31,5.37,5.08,5.18,1014302,11281541.00
2012/03/21,5.16,5.20,5.01,5.11,767770,8438712.00
2012/03/22,5.11,5.18,5.08,5.14,450700,4975399.00
2012/03/23,5.10,5.13,4.96,5.03,867050,9429911.00
2012/03/27,5.04,5.09,4.93,4.95,839726,9088792.00
2012/03/28,4.95,4.95,4.64,4.72,972890,10024029.00
2012/03/29,4.64,4.69,4.52,4.55,1102993,10993278.00
2012/03/30,4.60,4.60,4.46,4.53,638654,6296462.00
2012/04/05,4.53,4.69,4.51,4.68,1268510,12777979.00
2012/04/06,4.68,4.72,4.64,4.68,529489,5377584.00
2012/04/09,4.67,4.72,4.59,4.64,471867,4787340.00
2012/04/10,4.61,4.74,4.54,4.72,553506,5558741.50
2012/04/11,4.72,4.80,4.58,4.75,1002973,10328284.00
2012/04/12,4.75,4.86,4.73,4.85,1026335,10694282.00
2012/04/13,4.90,4.92,4.81,4.85,918591,9659240.00
2012/04/16,4.76,4.85,4.76,4.84,491517,5113726.00
2012/04/17,4.80,4.84,4.76,4.80,573716,5951515.50
2012/04/18,4.85,4.92,4.78,4.89,766443,8057990.00
2012/04/19,4.89,5.00,4.87,4.98,1005506,10722716.00
2012/04/20,4.95,4.99,4.92,4.97,677109,7244309.00
2012/04/24,4.76,4.79,4.56,4.74,1639714,16662205.00
2012/04/25,4.73,4.81,4.64,4.78,764089,7814901.00
2012/04/26,4.80,4.85,4.75,4.83,869531,9071453.00
2012/04/27,4.88,4.88,4.80,4.86,727149,7604397.00
2012/05/02,4.94,5.00,4.88,4.95,1362041,14571536.00
2012/05/03,4.95,5.09,4.91,5.09,911470,9832431.00
2012/05/04,5.08,5.10,5.00,5.06,931367,10142775.00
2012/05/07,5.04,5.13,5.01,5.13,872116,9516763.00
2012/05/08,5.13,5.13,5.04,5.08,771970,8457932.00
2012/05/09,5.04,5.04,4.90,4.94,719121,7689624.50
2012/05/10,4.98,5.00,4.92,4.95,350149,3760028.75
2012/05/11,4.95,5.03,4.91,4.91,516122,5537138.50
2012/05/14,4.98,4.98,4.84,4.85,495799,5249853.50
2012/05/15,4.82,4.83,4.73,4.82,491954,5086529.00
2012/05/16,4.80,4.82,4.75,4.80,257109,2668000.75
2012/05/17,4.80,4.89,4.78,4.87,620537,6495934.00
2012/05/18,4.85,4.85,4.69,4.72,496337,5135863.00
2012/05/21,4.74,4.80,4.68,4.76,682611,6964586.50
2012/05/22,4.80,4.88,4.78,4.84,375839,3890358.75
2012/05/23,4.83,4.86,4.73,4.79,275851,2830949.25
2012/05/24,4.76,4.82,4.71,4.74,341521,3495299.50
2012/05/25,4.76,4.77,4.69,4.75,324332,3301875.75
2012/05/28,4.75,4.80,4.62,4.80,425563,4320889.00
2012/05/29,4.82,4.98,4.79,4.97,1115686,11733431.00
2012/05/30,4.97,4.98,4.91,4.98,626755,6642580.50
2012/05/31,4.96,5.03,4.90,5.03,745752,7951121.50
2012/06/01,5.03,5.03,4.93,5.00,631516,6723433.00
2012/06/04,4.87,4.91,4.81,4.85,491000,5106602.00
2012/06/05,4.77,4.84,4.76,4.82,393901,4043395.25
2012/06/06,4.81,4.83,4.76,4.80,172018,1765538.63
2012/06/07,4.85,4.88,4.71,4.80,556202,5707896.50
2012/06/08,4.81,4.85,4.73,4.74,493709,5084699.00
2012/06/11,4.76,4.85,4.72,4.83,322826,3318925.25
2012/06/12,4.80,4.82,4.74,4.80,437906,4488917.00
2012/06/13,4.80,4.88,4.79,4.85,761115,7884627.00
2012/06/14,4.81,4.86,4.79,4.80,477529,4938961.50
2012/06/15,4.80,4.85,4.75,4.81,353830,3636533.75
2012/06/18,4.83,4.89,4.81,4.89,646099,6728298.00
2012/06/19,4.90,4.98,4.88,4.97,1435995,15167769.00
2012/06/20,5.05,5.14,4.96,4.98,1695393,18346436.00
2012/06/21,4.93,4.94,4.78,4.86,974828,10110607.00
2012/06/25,4.81,4.87,4.73,4.74,345800,3545571.50
2012/06/26,4.67,4.73,4.64,4.70,538949,5414436.50
2012/06/27,4.69,4.76,4.66,4.69,309255,3132653.00
2012/06/28,4.73,4.73,4.64,4.64,319348,3210639.00
2012/06/29,4.64,4.72,4.59,4.70,409388,4096964.00
2012/07/02,4.71,4.75,4.70,4.74,314180,3189680.50
2012/07/03,4.74,4.84,4.69,4.78,575621,5901075.00
2012/07/04,4.81,4.81,4.70,4.70,473100,4809173.00
2012/07/05,4.70,4.70,4.51,4.56,695599,6847203.00
2012/07/06,4.56,4.62,4.46,4.60,493717,4827812.50
2012/07/09,4.60,4.60,4.32,4.39,535810,5175637.50
2012/07/10,4.33,4.40,4.31,4.33,248751,2334292.00
2012/07/11,4.38,4.39,4.31,4.33,207507,1945606.38
2012/07/12,4.38,4.38,4.28,4.35,610101,5694567.50
2012/07/13,4.35,4.37,4.28,4.32,295641,2753101.50
2012/07/16,4.26,4.28,3.85,3.85,1210400,10475570.00
2012/07/17,3.85,3.88,3.71,3.77,1687095,13881724.00
2012/07/18,3.73,3.82,3.71,3.80,591231,4852234.00
2012/07/19,3.80,3.89,3.78,3.83,860521,7231764.50
2012/07/20,3.79,3.85,3.75,3.79,492805,4084323.50
2012/07/23,3.74,3.78,3.68,3.74,724098,5880013.50
2012/07/24,3.74,3.83,3.69,3.78,424182,3489481.75
2012/07/25,3.78,3.83,3.73,3.75,390685,3222285.25
2012/07/26,3.77,3.78,3.70,3.70,591777,4820278.00
2012/07/27,3.75,3.75,3.69,3.71,329610,2671773.75
2012/07/30,3.73,3.75,3.58,3.64,626901,5002606.50
2012/07/31,3.63,3.63,3.53,3.56,377852,2959021.75
2012/08/01,3.54,3.65,3.54,3.64,495674,3934019.25
2012/08/02,3.62,3.68,3.59,3.65,306136,2437994.00
2012/08/03,3.65,3.71,3.60,3.71,480491,3859150.25
2012/08/06,3.66,3.79,3.66,3.78,679789,5551650.50
2012/08/07,3.78,3.84,3.75,3.81,895661,7445602.00
2012/08/08,3.80,3.81,3.73,3.76,505633,4165329.00
2012/08/09,3.76,3.85,3.73,3.83,519128,4302180.00
2012/08/10,3.80,3.86,3.79,3.81,535424,4466340.50
2012/08/13,3.82,3.82,3.70,3.73,640676,5255071.50
2012/08/14,3.70,3.74,3.56,3.73,819098,6565849.00
2012/08/15,3.70,3.72,3.64,3.67,445237,3572523.00
2012/08/16,3.62,3.69,3.62,3.67,184502,1479150.25
2012/08/17,3.67,3.70,3.65,3.69,270699,2180576.50
2012/08/20,3.63,3.72,3.63,3.70,413680,3317041.00
2012/08/21,3.71,3.82,3.67,3.79,1048074,8649356.00
2012/08/22,3.80,3.84,3.75,3.77,772148,6412984.00
2012/08/23,3.76,3.90,3.76,3.89,1457143,12180341.00
2012/08/24,3.86,3.95,3.76,3.81,1157088,9735945.00
2012/08/27,3.77,3.80,3.68,3.75,597522,4865315.00
2012/08/28,3.74,3.81,3.69,3.75,558568,4574542.00
2012/08/29,3.75,3.88,3.74,3.82,1201302,10007938.00
2012/08/30,3.81,3.84,3.57,3.68,1098149,8926143.00
2012/08/31,3.68,3.71,3.61,3.69,308739,2476558.75
2012/09/03,3.67,3.75,3.66,3.71,555652,4515269.50
2012/09/04,3.71,3.77,3.68,3.71,685081,5590133.50
2012/09/05,3.71,3.90,3.70,3.87,1815786,15179083.00
2012/09/06,3.86,3.89,3.81,3.89,1460240,12257668.00
2012/09/07,3.93,4.05,3.90,3.99,2694021,23348908.00
2012/09/10,3.97,4.10,3.97,4.03,1781564,15671945.00
2012/09/11,4.04,4.05,3.95,4.00,1275084,11044085.00
2012/09/12,4.01,4.04,3.93,4.02,836789,7253343.00
2012/09/13,4.00,4.02,3.94,3.95,714689,6182236.00
2012/09/14,4.02,4.03,3.88,3.91,875981,7481086.00
2012/09/17,3.96,3.96,3.73,3.80,726202,6064932.00
2012/09/18,3.79,3.80,3.74,3.79,562336,4636139.50
2012/09/19,3.80,3.82,3.77,3.79,383578,3184088.25
2012/09/20,3.77,3.78,3.63,3.63,589049,4762120.00
2012/09/21,3.63,3.68,3.55,3.60,396611,3155380.50
2012/09/24,3.56,3.68,3.55,3.63,294924,2327604.50
2012/09/25,3.64,3.65,3.59,3.64,250221,1989118.50
2012/09/26,3.60,3.63,3.47,3.48,509468,3952132.00
2012/09/27,3.48,3.64,3.46,3.56,611336,4745328.00
2012/09/28,3.55,3.67,3.53,3.65,1071178,8497657.00
2012/10/08,3.63,3.66,3.55,3.60,421509,3329643.25
2012/10/09,3.63,3.71,3.60,3.69,1018507,8194679.00
2012/10/10,3.66,3.75,3.65,3.74,634911,5171550.00
2012/10/11,3.74,3.75,3.64,3.66,840958,6780054.00
2012/10/12,3.67,3.72,3.61,3.64,395299,3154504.00
2012/10/15,3.62,3.64,3.50,3.53,567123,4408198.00
2012/10/16,3.54,3.60,3.51,3.56,315900,2465222.00
2012/10/17,3.57,3.60,3.53,3.57,308341,2414180.75
2012/10/18,3.57,3.67,3.57,3.63,550547,4368843.00
2012/10/19,3.64,3.67,3.63,3.65,373821,2989792.25
2012/10/22,3.62,3.68,3.60,3.66,620206,4955426.00
2012/10/23,3.66,3.70,3.64,3.65,760050,6097457.00
2012/10/24,3.68,3.84,3.65,3.71,2309598,18966782.00
2012/10/25,3.71,3.73,3.66,3.67,1052199,8498999.00
2012/10/26,3.63,3.68,3.43,3.44,1606529,12398596.00
2012/10/29,3.44,3.48,3.43,3.45,525280,3993640.75
2012/10/30,3.48,3.49,3.39,3.42,952570,7198271.50
2012/10/31,3.42,3.43,3.39,3.43,331499,2494710.50
2012/11/01,3.43,3.49,3.42,3.48,814094,6216177.50
2012/11/02,3.49,3.49,3.44,3.46,869342,6620615.50
2012/11/05,3.45,3.48,3.43,3.47,397888,3029900.75
2012/11/06,3.47,3.55,3.45,3.55,1285743,9877215.00
2012/11/07,3.52,3.54,3.48,3.51,623605,4821800.50
2012/11/08,3.49,3.49,3.39,3.40,692900,5240878.00
2012/11/09,3.38,3.42,3.34,3.34,837525,6225687.00
2012/11/12,3.38,3.38,3.34,3.37,280608,2076252.00
2012/11/13,3.36,3.36,3.30,3.30,355723,2608134.25
2012/11/14,3.30,3.36,3.28,3.34,381901,2803066.25
2012/11/15,3.36,3.38,3.25,3.25,407923,2996159.75
2012/11/16,3.25,3.28,3.24,3.27,322000,2322595.00
2012/11/19,3.26,3.34,3.23,3.30,270391,1966994.75
2012/11/20,3.31,3.32,3.24,3.29,301640,2190304.75
2012/11/21,3.32,3.32,3.20,3.28,982559,7070396.00
2012/11/22,3.25,3.28,3.23,3.27,410049,2954513.75
2012/11/23,3.28,3.30,3.23,3.24,513720,3713247.25
2012/11/26,3.24,3.26,3.17,3.17,383600,2724892.00
2012/11/27,3.17,3.19,3.04,3.05,636625,4388830.50
2012/11/28,3.05,3.05,2.98,3.00,528313,3547844.75
2012/11/29,3.00,3.02,2.96,2.96,320539,2139765.25
2012/11/30,2.97,3.02,2.97,2.99,210096,1401598.88
2012/12/03,3.00,3.02,2.87,2.88,243821,1605648.00
2012/12/04,2.90,2.94,2.82,2.94,444636,2865489.75
2012/12/05,2.91,3.11,2.91,3.06,831787,5658672.00
2012/12/06,3.08,3.09,3.03,3.05,265500,1807471.00
2012/12/07,3.06,3.14,3.05,3.13,611092,4221549.00
2012/12/10,3.15,3.18,3.11,3.17,601471,4209973.50
2012/12/11,3.15,3.18,3.12,3.15,491484,3447694.25
2012/12/12,3.12,3.16,3.09,3.11,581476,4037000.00
2012/12/13,3.13,3.16,3.07,3.08,449858,3109100.75
2012/12/14,3.08,3.24,3.08,3.22,1020542,7219719.50
2012/12/17,3.20,3.25,3.20,3.23,500930,3580149.25
2012/12/18,3.19,3.28,3.17,3.20,892073,6370625.00
2012/12/19,3.20,3.24,3.18,3.23,501572,3577816.50
2012/12/20,3.24,3.25,3.19,3.24,512844,3667619.00
2012/12/21,3.24,3.28,3.21,3.26,745235,5365781.50
2012/12/24,3.35,3.49,3.34,3.36,3168213,23792514.00
2012/12/25,3.32,3.44,3.29,3.42,2170934,16183677.00
2012/12/26,3.40,3.60,3.38,3.58,2829215,21733424.00
2012/12/27,3.57,3.59,3.47,3.47,1982708,15305680.00
2012/12/28,3.47,3.58,3.41,3.53,1465516,11294884.00
2012/12/31,3.52,3.64,3.50,3.60,1636431,12876307.00
2013/01/04,3.64,3.64,3.48,3.53,1625348,12604949.00
2013/01/07,3.51,3.57,3.47,3.55,909910,7054146.00
2013/01/08,3.56,3.63,3.51,3.60,1705431,13393452.00
2013/01/09,3.59,3.66,3.56,3.62,1337069,10615097.00
2013/01/10,3.61,3.67,3.57,3.62,1614649,12813605.00
2013/01/11,3.63,3.63,3.51,3.51,1280455,10056358.00
2013/01/14,3.48,3.67,3.48,3.67,2174897,17175610.00
2013/01/15,3.70,3.81,3.67,3.77,2469623,20246342.00
2013/01/16,3.80,3.80,3.64,3.68,2352112,19052498.00
2013/01/17,3.66,3.73,3.62,3.64,1127461,9057680.00
2013/01/18,3.61,3.68,3.56,3.65,1762933,14004490.00
2013/01/21,3.65,3.71,3.62,3.70,1454850,11653239.00
2013/01/22,3.68,3.71,3.59,3.60,1075027,8587830.00
2013/01/23,3.57,3.61,3.49,3.56,1130006,8781600.00
2013/01/24,3.56,3.61,3.41,3.43,1388510,10734402.00
2013/01/25,3.43,3.47,3.41,3.43,483280,3659995.00
2013/01/28,3.43,3.54,3.42,3.53,690478,5285160.00
2013/01/29,3.53,3.62,3.50,3.60,994920,7823905.00
2013/01/30,3.63,3.63,3.53,3.58,732208,5737399.50
2013/01/31,3.57,3.59,3.51,3.56,728557,5659669.00
2013/02/01,3.56,3.67,3.52,3.66,1200585,9485110.00
2013/02/04,3.66,3.73,3.63,3.73,2280839,18405960.00
2013/02/05,3.73,3.90,3.70,3.89,3165085,26378056.00
2013/02/06,3.87,3.97,3.83,3.91,1885902,16054403.00
2013/02/07,3.91,4.01,3.86,4.01,1654855,14244218.00
2013/02/08,4.04,4.04,3.97,4.01,1177320,10258720.00
2013/02/18,4.05,4.11,3.97,4.11,1450781,12800197.00
2013/02/19,4.08,4.14,3.92,3.94,1514908,13329599.00
2013/02/20,3.92,4.04,3.90,3.99,894863,7746420.00
2013/02/21,3.97,3.98,3.84,3.90,1324885,11231919.00
2013/02/22,3.90,3.91,3.85,3.86,563892,4763831.50
2013/02/25,3.92,3.94,3.87,3.93,586014,4993098.50
2013/02/26,3.99,4.29,3.96,4.07,2685377,23913976.00
2013/02/27,4.05,4.20,3.99,4.16,2167890,19279460.00
2013/02/28,4.12,4.20,4.05,4.18,1607930,14407923.00
2013/03/01,4.20,4.33,4.20,4.32,2886276,26667618.00
2013/03/04,4.27,4.33,4.08,4.09,1992001,18112266.00
2013/03/05,4.09,4.14,4.03,4.13,1301577,11544354.00
2013/03/06,4.12,4.20,4.09,4.12,1657548,14859866.00
2013/03/07,4.10,4.10,3.93,3.95,2327430,20227718.00
2013/03/08,3.97,4.05,3.88,3.91,987728,8485153.00
2013/03/11,3.94,4.02,3.93,3.97,1086315,9398700.00
2013/03/12,3.94,3.98,3.68,3.76,1574095,13136524.00
2013/03/13,3.76,3.79,3.69,3.79,626015,5106211.50
2013/03/14,3.79,3.83,3.72,3.74,646102,5324677.50
2013/03/15,3.75,3.85,3.70,3.76,812688,6719140.00
2013/03/18,3.76,3.76,3.70,3.71,318675,2593167.00
2013/03/19,3.71,3.76,3.60,3.63,1042724,8309742.00
2013/03/20,3.64,3.76,3.62,3.76,896196,7258529.00
2013/03/21,3.80,3.89,3.80,3.85,1397936,11747398.00
2013/03/22,3.81,3.89,3.81,3.88,687453,5779397.00
2013/03/25,3.88,3.88,3.71,3.78,1391513,11499660.00
2013/03/26,3.75,3.76,3.64,3.65,1442339,11581644.00
2013/03/27,3.65,3.71,3.63,3.66,617501,4954137.50
2013/03/28,3.65,3.65,3.49,3.49,1245217,9680888.00
2013/03/29,3.50,3.58,3.49,3.54,786555,6120139.00
2013/04/01,3.56,3.58,3.52,3.56,521861,4070232.25
2013/04/02,3.56,3.59,3.48,3.51,639297,4959731.00
2013/04/03,3.53,3.53,3.44,3.49,463001,3534768.50
2013/04/08,3.41,3.53,3.36,3.51,458492,3471690.75
2013/04/09,3.52,3.56,3.48,3.52,445202,3444078.25
2013/04/10,3.53,3.54,3.45,3.52,309905,2386153.75
2013/04/11,3.53,3.56,3.52,3.54,416152,3231081.75
2013/04/12,3.51,3.55,3.41,3.46,358202,2742814.75
2013/04/15,3.42,3.45,3.37,3.37,350331,2629295.50
2013/04/16,3.33,3.46,3.32,3.45,466005,3487779.50
2013/04/17,3.45,3.48,3.43,3.48,224577,1709174.00
2013/04/18,3.47,3.50,3.44,3.50,320024,2444105.75
2013/04/19,3.48,3.57,3.48,3.54,821941,6397557.50
2013/04/22,3.53,3.57,3.51,3.54,585226,4543315.50
2013/04/23,3.54,3.55,3.37,3.38,832784,6318515.50
2013/04/24,3.38,3.48,3.36,3.46,550387,4163636.25
2013/04/25,3.41,3.69,3.41,3.59,3782307,29707960.00
2013/04/26,3.61,3.70,3.58,3.67,4499956,35945676.00
2013/05/02,3.68,3.71,3.59,3.65,3179659,25394332.00
2013/05/03,3.69,3.79,3.65,3.71,3920800,31935424.00
2013/05/06,3.72,3.85,3.71,3.78,3322244,27504604.00
2013/05/07,3.79,3.84,3.74,3.77,2348247,19330600.00
2013/05/08,3.78,3.85,3.74,3.76,3214137,26568962.00
2013/05/09,3.77,3.87,3.71,3.83,3865382,32146740.00
2013/05/10,3.83,4.01,3.82,3.89,4386640,37468872.00
2013/05/13,3.91,3.98,3.86,3.95,2844963,24236084.00
2013/05/14,3.97,4.05,3.89,3.90,3185737,27422106.00
2013/05/15,3.93,4.07,3.88,4.05,4003570,34800888.00
2013/05/16,4.04,4.17,3.95,3.97,5880306,51754592.00
2013/05/17,3.95,4.08,3.91,4.02,3938360,34211624.00
2013/05/20,4.02,4.13,4.01,4.12,3081113,27257582.00
2013/05/21,4.15,4.18,4.06,4.14,3477202,31018728.00
2013/05/22,4.15,4.16,3.99,4.02,3662217,32203990.00
2013/05/23,4.00,4.09,3.97,4.02,2529485,22160946.00
2013/05/24,4.00,4.13,3.99,4.12,2881509,25442180.00
2013/05/27,4.14,4.26,4.11,4.24,3823362,34742968.00
2013/05/28,4.23,4.23,4.09,4.15,3316817,29837204.00
2013/05/29,4.16,4.20,4.10,4.16,1885592,16958606.00
2013/05/30,4.16,4.22,4.13,4.21,1954739,17716904.00
2013/05/31,4.21,4.24,4.15,4.17,1721800,15600169.00
2013/06/03,4.16,4.18,3.96,3.96,2694188,23929464.00
2013/06/04,4.11,4.38,4.06,4.16,6885239,62769500.00
2013/06/05,4.05,4.15,3.98,4.12,2675626,23571098.00
2013/06/06,4.20,4.25,4.05,4.05,1881645,16879012.00
2013/06/07,4.15,4.48,4.07,4.36,16243055,151010784.00
2013/06/13,4.10,4.13,3.90,3.90,10502268,87586104.00
2013/06/14,3.88,3.98,3.79,3.94,6399337,52964472.00
2013/06/17,3.91,3.95,3.82,3.87,3927092,32439404.00
2013/06/18,3.87,3.99,3.86,3.91,3005948,25052090.00
2013/06/19,3.94,3.94,3.84,3.92,3008250,24895924.00
2013/06/20,3.88,3.89,3.77,3.78,2677395,21853736.00
2013/06/21,3.68,3.75,3.55,3.74,2179830,17067938.00
2013/06/24,3.78,3.78,3.44,3.50,2271113,17382964.00
2013/06/25,3.51,3.53,3.23,3.48,2922462,21267594.00
2013/06/26,3.49,3.58,3.44,3.57,2118515,15953952.00
2013/06/27,3.60,3.65,3.43,3.47,2358141,17939762.00
2013/06/28,3.44,3.55,3.33,3.46,1223848,9080635.00
2013/07/01,3.45,3.60,3.40,3.59,1985017,14985837.00
2013/07/02,3.61,3.70,3.57,3.67,2486463,19357668.00
2013/07/03,3.64,3.72,3.54,3.70,2295171,17811864.00
2013/07/04,3.68,3.77,3.61,3.66,1853478,14669674.00
2013/07/05,3.69,3.70,3.58,3.58,1507941,11708119.00
2013/07/08,3.50,3.61,3.41,3.52,1726371,12952800.00
2013/07/09,3.46,3.89,3.46,3.73,4936265,39400240.00
2013/07/10,3.71,3.85,3.66,3.80,2871684,23058166.00
2013/07/11,3.80,3.92,3.76,3.87,3155987,25927626.00
2013/07/12,3.87,3.94,3.78,3.79,3065934,25194866.00
2013/07/15,3.88,4.20,3.86,4.20,6513721,57093556.00
2013/07/16,4.44,4.64,4.43,4.64,17889795,173031456.00
2013/07/17,4.73,4.93,4.64,4.79,20481044,206293248.00
2013/07/18,4.73,4.73,4.56,4.71,15322625,150839760.00
2013/07/19,4.75,4.84,4.48,4.50,15551256,153946080.00
2013/07/22,4.42,4.97,4.41,4.97,16863986,169972832.00
2013/07/23,5.17,5.49,5.03,5.49,25141537,279252736.00
2013/07/24,5.39,5.69,5.34,5.48,14859382,170276896.00
2013/07/25,5.40,5.48,5.03,5.20,11444120,125783280.00
2013/07/26,5.18,5.75,5.18,5.75,16230014,190911408.00
2013/07/29,5.90,6.04,5.42,5.46,16388430,196939888.00
2013/07/30,5.36,6.03,5.36,6.03,20075280,244376864.00
2013/07/31,5.90,5.98,5.70,5.85,11959488,145157536.00
2013/08/01,5.80,6.13,5.73,5.96,11503906,141572624.00
2013/08/02,5.87,6.09,5.50,5.50,19263472,231444512.00
2013/08/05,5.44,5.58,5.38,5.56,11777897,134493120.00
2013/08/06,5.53,5.78,5.46,5.62,11012819,128845000.00
2013/08/07,5.57,5.63,5.20,5.28,11073088,124096472.00
2013/08/08,5.28,5.43,5.23,5.34,6395928,71480080.00
2013/08/09,5.39,5.39,5.04,5.19,7868403,85947880.00
2013/08/12,5.15,5.29,5.11,5.27,6179400,67352072.00
2013/08/13,5.27,5.37,5.19,5.30,6469373,71902032.00
2013/08/14,5.35,5.36,5.15,5.27,5877394,64725132.00
2013/08/15,5.27,5.50,5.23,5.39,9359377,105826400.00
2013/08/16,5.34,5.58,5.05,5.06,9956220,111720472.00
2013/08/19,4.90,5.19,4.83,5.17,5089453,53733552.00
2013/08/20,5.15,5.35,5.08,5.32,6030829,66076840.00
2013/08/21,5.26,5.35,5.24,5.34,5107853,56661704.00
2013/08/22,5.33,5.40,5.25,5.40,5186395,57925308.00
2013/08/23,5.43,5.48,5.07,5.24,5874541,65213216.00
2013/08/26,5.23,5.37,5.12,5.37,4907240,54023744.00
2013/08/27,5.32,5.38,5.19,5.32,4486687,49605044.00
2013/08/28,5.25,5.27,5.02,5.02,6101011,65645856.00
2013/08/29,5.00,5.07,4.91,5.04,3658265,38369088.00
2013/08/30,5.04,5.06,4.72,4.80,4715205,48369020.00
2013/09/02,4.75,4.92,4.75,4.88,2574430,26273550.00
2013/09/03,4.88,5.02,4.80,4.98,2764595,28701292.00
2013/09/04,4.95,4.98,4.87,4.96,2409350,24898592.00
2013/09/05,4.94,5.08,4.88,5.00,3873006,40587136.00
2013/09/06,5.03,5.25,5.02,5.09,6525219,70364576.00
2013/09/09,5.03,5.08,4.91,4.98,3823609,39830592.00
2013/09/10,4.94,5.06,4.88,4.94,3524735,36733720.00
2013/09/11,4.97,5.00,4.76,4.85,2725817,27724810.00
2013/09/12,4.80,4.92,4.76,4.78,3141752,31848932.00
2013/09/13,4.80,4.89,4.73,4.89,3239367,32884994.00
2013/09/16,4.90,4.98,4.84,4.92,2891462,29980120.00
2013/09/17,4.90,4.92,4.75,4.76,2721999,27519848.00
2013/09/18,4.81,4.81,4.66,4.79,1868308,18617748.00
2013/09/23,4.78,4.98,4.78,4.98,3920771,40564808.00
2013/09/24,4.98,5.15,4.95,5.08,4895169,52069504.00
2013/09/25,5.03,5.12,4.95,5.01,3155174,33312348.00
2013/09/26,4.97,5.23,4.94,5.07,5142960,55162268.00
2013/09/27,5.07,5.12,4.94,4.98,2461318,25893398.00
2013/09/30,5.00,5.13,4.98,5.05,2703867,28747362.00
2013/10/08,5.05,5.20,4.98,5.19,3718184,39863668.00
2013/10/09,5.20,5.24,5.10,5.23,4035168,43862076.00
2013/10/10,5.20,5.20,5.00,5.01,3846844,41082420.00
2013/10/11,5.01,5.06,4.93,4.99,3269796,34239024.00
2013/10/14,4.99,5.05,4.88,5.04,3167735,32895374.00
2013/10/15,5.09,5.45,5.09,5.38,11866739,131420568.00
2013/10/16,5.29,5.35,5.05,5.10,5105635,55470128.00
2013/10/17,5.13,5.22,4.99,5.03,3216264,34453404.00
2013/10/18,5.04,5.56,5.01,5.56,12771904,145211904.00
2013/10/21,5.66,5.97,5.60,5.72,13750742,165432160.00
2013/10/22,5.65,5.94,5.53,5.60,8514442,102121728.00
2013/10/23,5.54,5.74,5.25,5.39,6415652,73329080.00
2013/10/24,5.40,5.43,5.18,5.19,4732802,52197424.00
2013/10/25,5.23,5.27,4.76,4.81,5867746,60944356.00
2013/10/28,4.80,4.87,4.65,4.77,3431832,34201072.00
2013/10/29,4.76,4.80,4.34,4.49,4318233,41563796.00
2013/10/30,4.47,4.56,4.38,4.56,2581803,24495612.00
2013/10/31,4.54,4.59,4.43,4.54,2230119,21317826.00
2013/11/01,4.53,4.70,4.47,4.67,2081729,20262772.00
2013/11/04,4.66,4.68,4.53,4.60,1908657,18526554.00
2013/11/05,4.60,4.70,4.53,4.68,1606554,15617816.00
2013/11/06,4.65,4.73,4.60,4.60,2701571,26588670.00
2013/11/07,4.60,4.60,4.46,4.46,1948623,18531762.00
2013/11/08,4.40,4.48,4.35,4.38,1596281,14833849.00
2013/11/11,4.34,4.45,4.34,4.42,1025971,9559323.00
2013/11/12,4.44,4.89,4.40,4.89,5938564,59328200.00
2013/11/13,4.75,4.84,4.67,4.67,3629881,36336040.00
2013/11/14,4.61,5.05,4.61,4.95,5645732,58496172.00
2013/11/15,4.99,5.23,4.93,5.05,5413774,57600696.00
2013/11/18,5.00,5.15,5.00,5.11,4814636,51184688.00
2013/11/19,5.08,5.27,5.06,5.13,3555100,38489800.00
2013/11/20,5.10,5.18,5.03,5.14,2575253,27575146.00
2013/11/21,5.13,5.19,5.01,5.09,2494390,26727904.00
2013/11/22,5.09,5.10,4.96,4.99,1961119,20650324.00
2013/11/25,4.98,5.26,4.97,5.15,4573968,49386012.00
2013/11/26,5.10,5.23,5.04,5.18,2771921,29830846.00
2013/11/27,5.17,5.37,5.13,5.34,4473211,49738928.00
2013/11/28,5.31,5.41,5.27,5.33,3095996,34571444.00
2013/11/29,5.33,5.54,5.30,5.46,3883498,44276480.00
2013/12/02,5.20,5.20,4.89,4.89,5960628,62251720.00
2013/12/03,4.74,4.89,4.50,4.82,4293254,42501112.00
2013/12/04,4.78,4.96,4.72,4.77,4282063,43639324.00
2013/12/05,4.75,4.83,4.73,4.75,2161561,21667116.00
2013/12/06,4.73,4.80,4.73,4.80,1973610,19774906.00
2013/12/09,4.80,4.91,4.80,4.90,2149911,22008926.00
2013/12/10,4.90,4.93,4.80,4.83,1303309,13294168.00
2013/12/11,4.85,4.95,4.82,4.90,2212178,22749024.00
2013/12/12,4.85,4.98,4.85,4.93,1972415,20446854.00
2013/12/13,4.93,5.36,4.87,5.20,5878428,63797264.00
2013/12/16,5.19,5.31,5.10,5.21,4629012,50492332.00
2013/12/17,5.23,5.75,5.19,5.75,11827928,139612992.00
2013/12/18,5.90,5.90,5.45,5.62,13509464,158478912.00
2013/12/19,5.50,5.64,5.30,5.30,7257228,82340808.00
2013/12/20,5.21,5.53,5.20,5.31,7287859,81955280.00
2013/12/23,5.31,5.33,4.91,5.01,4872218,51707212.00
2013/12/24,5.00,5.23,4.96,5.12,4056169,43542748.00
2013/12/25,5.11,5.40,5.01,5.36,6642340,73455704.00
2013/12/26,5.34,5.92,5.28,5.92,22391470,272428320.00
2013/12/27,5.73,6.09,5.65,6.01,22030105,270236288.00
2013/12/30,6.01,6.64,5.95,6.60,22951314,304999392.00
2013/12/31,6.40,6.42,6.01,6.11,15492928,199463040.00
2014/01/02,6.03,6.46,6.03,6.31,13451291,175926144.00
2014/01/03,6.25,6.32,5.92,6.10,10310711,131342208.00
2014/01/06,6.06,6.37,5.96,6.05,9304259,119175536.00
2014/01/07,5.99,6.23,5.75,6.17,7044789,87961872.00
2014/01/08,6.25,6.75,6.25,6.37,14042317,189808064.00
2014/01/09,6.26,6.58,6.09,6.19,9658346,127979440.00
2014/01/10,6.06,6.24,5.84,5.93,5819676,73079768.00
2014/01/13,5.99,6.13,5.91,6.05,4796960,60172220.00
2014/01/14,6.05,6.63,6.03,6.57,10643161,141857712.00
2014/01/15,6.49,6.84,6.40,6.56,11130231,152785872.00
2014/01/16,6.53,6.98,6.52,6.57,11036592,154272112.00
2014/01/17,6.52,6.94,6.44,6.85,9053352,126820304.00
2014/01/20,6.75,6.85,6.44,6.58,6989327,96015040.00
2014/01/21,6.51,7.00,6.45,6.95,9563710,133965176.00
2014/01/22,6.90,7.08,6.72,6.92,9567466,136884720.00
2014/01/23,6.90,6.98,6.79,6.82,9447879,134543984.00
2014/01/24,6.75,6.83,6.60,6.76,8483647,118085536.00
2014/01/27,6.68,6.83,6.56,6.56,8003386,110936472.00
2014/01/28,6.52,6.69,6.32,6.61,6561856,88900776.00
2014/01/29,6.54,6.72,6.47,6.62,5438308,74270456.00
2014/01/30,6.64,6.68,6.34,6.37,4002102,54122676.00
2014/02/07,6.32,6.64,6.25,6.64,3952786,53577284.00
2014/02/10,6.63,6.95,6.61,6.89,8280863,116804160.00
2014/02/11,6.87,7.11,6.66,6.80,8765776,125253568.00
2014/02/12,6.80,6.93,6.60,6.90,7098910,99718072.00
2014/02/13,6.82,6.88,6.40,6.46,6850800,94656552.00
2014/02/14,6.45,6.59,6.26,6.56,4553157,61264460.00
2014/02/17,6.57,6.80,6.56,6.79,5879687,81384112.00
2014/02/18,6.77,6.79,6.58,6.63,4757503,65944148.00
2014/02/19,6.63,6.67,6.41,6.57,3856998,52295436.00
2014/02/20,6.55,6.57,6.25,6.25,4355491,57601584.00
2014/02/21,6.28,6.38,6.10,6.19,3414268,44332852.00
2014/02/24,6.19,6.37,6.15,6.34,2557330,33306168.00
2014/02/25,6.37,6.55,5.76,5.82,6065706,78661800.00
2014/02/26,5.82,5.86,5.64,5.84,3234876,38858984.00
2014/02/27,5.85,5.96,5.70,5.73,3322723,40525552.00
2014/02/28,5.71,5.93,5.66,5.90,2326617,28126114.00
2014/03/03,5.90,6.02,5.85,6.02,2515927,31150514.00
2014/03/04,5.96,5.96,5.80,5.90,1876145,23024568.00
2014/03/05,5.91,6.11,5.91,5.98,2404525,30084700.00
2014/03/06,6.00,6.11,5.83,6.10,2257142,28056802.00
2014/03/07,6.10,6.14,5.95,5.98,1946135,24512240.00
2014/03/10,5.91,5.91,5.65,5.68,1999624,24058516.00
2014/03/11,5.66,5.79,5.65,5.78,1225950,14626790.00
2014/03/12,5.77,5.82,5.61,5.72,1085055,12971177.00
2014/03/13,5.74,5.87,5.69,5.85,1512945,18323296.00
2014/03/14,5.79,5.95,5.78,5.84,1542472,18827206.00
2014/03/17,5.86,6.08,5.84,6.07,2060132,25743688.00
2014/03/18,6.05,6.13,6.02,6.03,1982188,25043200.00
2014/03/19,6.05,6.09,5.98,6.09,1477836,18612124.00
2014/03/20,6.07,6.13,5.75,5.75,2142682,26515384.00
2014/03/21,5.71,6.01,5.69,5.99,1839086,22396842.00
2014/03/24,6.00,6.03,5.92,5.96,1257823,15662023.00
2014/03/25,5.98,6.19,5.91,6.10,3298614,41876124.00
2014/03/26,6.12,6.14,5.99,6.01,2123453,26788578.00
2014/03/27,5.99,6.01,5.72,5.73,2478834,30140204.00
2014/03/28,5.75,5.80,5.41,5.45,2856816,33239254.00
2014/03/31,5.45,5.51,5.35,5.42,1536244,17403776.00
2014/04/01,5.45,5.53,5.42,5.53,1520502,17451564.00
2014/04/02,5.52,5.52,5.35,5.39,1649551,18607942.00
2014/04/03,5.36,5.49,5.36,5.40,1348224,15311659.00
2014/04/04,5.40,5.51,5.36,5.51,1407275,16056617.00
2014/04/08,5.49,5.61,5.44,5.57,1624191,18791152.00
2014/04/09,5.56,5.69,5.56,5.67,1971751,23266984.00
2014/04/10,5.70,5.75,5.64,5.66,1973873,23437200.00
2014/04/11,5.62,5.63,5.51,5.62,1599928,18625314.00
2014/04/14,5.61,5.71,5.58,5.70,1241950,14696782.00
2014/04/15,5.68,5.73,5.62,5.65,1307183,15462369.00
2014/04/16,5.63,5.71,5.57,5.70,1042935,12287625.00
2014/04/17,5.73,5.74,5.66,5.67,1172895,13932004.00
2014/04/18,5.63,5.73,5.63,5.69,1106704,13128542.00
2014/04/21,5.62,5.70,5.50,5.51,1476984,17302176.00
2014/04/22,5.55,5.55,5.34,5.40,1443084,16388697.00
2014/04/23,5.39,5.44,5.38,5.40,777401,8788130.00
2014/04/24,5.40,5.40,5.29,5.35,1143035,12788561.00
2014/04/25,5.34,5.40,5.23,5.25,1134058,12611970.00
2014/04/28,5.23,5.29,5.09,5.10,1661973,18016554.00
2014/04/29,5.10,5.23,5.07,5.22,1033812,11174418.00
2014/04/30,5.22,5.33,5.20,5.32,1428491,15779471.00
2014/05/05,5.31,5.45,5.27,5.45,2372081,26619486.00
2014/05/06,5.41,5.62,5.40,5.60,2664141,30900852.00
2014/05/07,5.55,5.62,5.52,5.54,1648107,19204166.00
2014/05/08,5.55,5.71,5.55,5.58,1989663,23474160.00
2014/05/09,5.57,5.61,5.45,5.55,1056661,12211418.00
2014/05/12,5.59,5.69,5.55,5.62,1453450,17060082.00
2014/05/13,5.62,5.71,5.57,5.60,1119304,13172411.00
2014/05/14,5.57,5.69,5.51,5.66,951115,11121928.00
2014/05/15,5.63,5.65,5.51,5.52,939149,10939103.00
2014/05/16,5.57,5.57,5.35,5.50,1071823,12167376.00
2014/05/19,5.44,5.51,5.44,5.48,413549,4731527.50
2014/05/20,5.54,5.69,5.54,5.66,1620772,19101874.00
2014/05/21,5.60,5.91,5.59,5.89,2758982,33255930.00
2014/05/22,5.85,5.98,5.82,5.82,1981935,24426818.00
2014/05/23,5.87,6.18,5.83,6.14,3760929,46526236.00
2014/05/26,6.21,6.27,6.11,6.23,4025748,51188316.00
2014/05/27,6.21,6.22,6.07,6.16,2134776,26802264.00
2014/05/28,6.16,6.21,6.09,6.17,1949267,24609414.00
2014/05/29,6.22,6.25,5.99,5.99,2041402,25494370.00
2014/05/30,5.97,6.14,5.96,6.11,1675870,20843018.00
2014/06/03,6.11,6.34,6.09,6.11,2670853,33928420.00
2014/06/04,6.07,6.15,5.91,6.08,1470568,18072202.00
2014/06/05,5.99,6.25,5.99,6.24,2529925,31999560.00
2014/06/06,6.28,6.52,6.26,6.33,5722027,74714120.00
2014/06/09,6.27,6.46,6.25,6.27,2650606,34504016.00
2014/06/10,6.26,6.44,6.18,6.38,3148490,40789424.00
2014/06/11,6.40,6.64,6.31,6.64,4875873,64544992.00
2014/06/12,6.75,6.80,6.46,6.47,5495313,74217072.00
2014/06/13,6.40,6.57,6.33,6.53,4059839,53662852.00
2014/06/16,6.50,6.59,6.46,6.49,2520568,33631692.00
2014/06/17,6.50,6.63,6.39,6.47,2594353,34520836.00
2014/06/18,6.47,6.56,6.26,6.29,2671594,34886636.00
2014/06/19,6.26,6.31,5.91,6.00,3155717,39549548.00
2014/06/20,6.00,6.07,5.94,6.05,1704630,21001772.00
2014/06/23,6.07,6.25,6.04,6.23,2388046,30217604.00
2014/06/24,6.20,6.49,6.20,6.33,2498354,32458666.00
2014/06/25,6.31,6.42,6.29,6.35,1746113,22653814.00
2014/06/26,6.45,6.79,6.45,6.70,7523519,102767240.00
2014/06/27,6.63,6.91,6.63,6.83,6400168,88919704.00
2014/06/30,6.80,7.00,6.69,6.98,5411507,75898192.00
2014/07/01,6.98,6.98,6.75,6.81,4640195,64817788.00
2014/07/02,6.80,7.10,6.72,6.86,5637350,79412720.00
2014/07/03,6.80,6.91,6.70,6.75,4013234,55813380.00
2014/07/04,6.78,7.02,6.76,6.78,5190267,72846032.00
2014/07/07,6.80,6.98,6.66,6.98,5691869,79294712.00
2014/07/08,6.94,7.25,6.82,7.16,7233084,104158952.00
2014/07/09,7.13,7.19,6.80,6.83,5567662,79753488.00
2014/07/10,6.81,6.94,6.80,6.85,3016232,42314580.00
2014/07/11,6.79,6.94,6.78,6.85,3176227,44418820.00
2014/07/14,6.79,6.98,6.77,6.97,3172812,44649272.00
2014/07/15,6.93,6.99,6.71,6.77,3793532,52874816.00
2014/07/16,6.70,6.82,6.57,6.59,3055179,41637360.00
2014/07/17,6.58,6.64,6.53,6.63,1834312,24737090.00
2014/07/18,6.64,6.72,6.58,6.63,1488422,20251902.00
2014/07/21,6.60,6.65,6.45,6.56,1444654,19273072.00
2014/07/22,6.53,6.68,6.53,6.66,1829090,24811022.00
2014/07/23,6.65,6.69,6.28,6.36,3182199,41997128.00
2014/07/24,6.34,6.42,6.28,6.41,1704266,22175210.00
2014/07/25,6.42,6.47,6.34,6.41,1857487,24317622.00
2014/07/28,6.41,6.55,6.38,6.53,2039290,26990794.00
2014/07/29,6.54,6.58,6.48,6.53,1987116,26584512.00
2014/07/30,6.55,6.61,6.51,6.57,1883465,25284272.00
2014/07/31,6.54,6.61,6.53,6.61,2026417,27242354.00
2014/08/01,6.61,6.66,6.42,6.44,3111019,41647412.00
2014/08/04,6.50,6.54,6.44,6.52,1228074,16308969.00
2014/08/05,6.53,6.78,6.52,6.75,4334484,59250396.00
2014/08/06,6.75,6.90,6.72,6.89,5199650,72427928.00
2014/08/07,6.90,7.19,6.90,6.95,6730560,96803224.00
2014/08/08,6.94,7.09,6.91,6.98,2928211,41846332.00
2014/08/11,7.00,7.08,6.93,7.00,3001566,42881376.00
2014/08/12,6.99,7.23,6.99,7.15,3668502,53451328.00
2014/08/13,7.10,7.18,6.88,7.10,3684051,52830176.00
2014/08/14,7.09,7.13,6.96,6.96,2480428,35705684.00
2014/08/15,7.00,7.10,6.93,7.05,1828684,26220920.00
2014/08/18,7.06,7.34,7.00,7.31,4252736,62451064.00
2014/08/19,7.32,7.50,7.14,7.24,3644709,54443092.00
2014/08/20,7.22,7.27,7.14,7.21,2669287,39225312.00
2014/08/21,7.24,7.44,7.16,7.42,3562210,52881860.00
2014/08/22,7.43,7.54,7.30,7.42,3790685,57234396.00
2014/08/25,7.36,7.42,7.20,7.20,2903991,43196668.00
2014/08/26,7.23,7.36,7.05,7.06,2627819,38711752.00
2014/08/27,7.06,7.18,7.03,7.08,1638530,23764910.00
2014/08/28,7.10,7.13,7.01,7.03,1501082,21654682.00
2014/08/29,7.03,7.17,6.98,7.17,1550629,22446812.00
2014/09/01,7.20,7.34,7.18,7.34,2790687,41395416.00
2014/09/02,7.35,7.44,7.30,7.41,3343962,50339904.00
2014/09/03,7.40,7.49,7.28,7.42,4386050,66063608.00
2014/09/04,7.43,7.48,7.31,7.45,3572825,54033616.00
2014/09/05,7.45,7.48,7.40,7.45,2410532,36529040.00
2014/09/09,7.49,7.67,7.47,7.57,3525925,54522596.00
2014/09/10,7.52,7.67,7.45,7.57,2637695,40770896.00
2014/09/11,7.57,7.73,7.41,7.46,4202569,64819540.00
2014/09/12,7.43,7.60,7.43,7.60,2382380,36532512.00
2014/09/15,7.65,7.98,7.64,7.95,5498389,87702928.00
2014/09/16,7.90,7.92,7.48,7.55,5106279,80749296.00
2014/09/17,7.55,7.70,7.47,7.70,2847164,44091160.00
2014/09/18,7.65,7.82,7.60,7.75,2818637,44294120.00
2014/09/19,7.75,7.77,7.57,7.73,2459537,38499180.00
2014/09/22,7.71,7.71,7.43,7.43,2762770,42233924.00
2014/09/23,7.43,7.65,7.41,7.65,2691929,41367004.00
2014/09/24,7.59,7.78,7.57,7.73,2738943,43037344.00
2014/09/25,7.71,7.89,7.71,7.73,4653975,73992008.00
2014/09/26,7.66,7.97,7.66,7.96,3431918,54938976.00
2014/09/29,7.98,8.09,7.91,8.05,3873137,63229112.00
2014/09/30,8.03,8.09,7.93,8.00,2275986,37073784.00
2014/10/08,7.94,8.03,7.91,8.02,1998461,32485904.00
2014/10/09,8.02,8.11,7.81,7.92,3388226,54832600.00
2014/10/10,7.92,7.93,7.78,7.90,3253784,52052836.00
2014/10/13,7.82,7.85,7.61,7.81,2554519,40143692.00
2014/10/14,7.79,7.87,7.63,7.66,2614792,41297284.00
2014/10/15,7.69,7.95,7.61,7.92,4034720,63808188.00
2014/10/16,7.86,7.94,7.59,7.59,3023345,48074996.00
2014/10/17,7.58,7.63,7.24,7.36,4798899,72404752.00
2014/10/20,7.38,7.49,7.38,7.47,1697409,25795910.00
2014/10/21,7.49,7.51,7.30,7.35,2033223,30750618.00
2014/10/22,7.36,7.48,7.32,7.34,2012998,30413188.00
2014/10/23,7.35,7.40,7.11,7.24,2375446,35015584.00
2014/10/24,7.16,7.36,7.16,7.31,1713065,25522132.00
2014/10/27,7.34,7.56,7.30,7.53,2777985,42352376.00
2014/10/28,7.53,7.68,7.49,7.67,3535249,54805664.00
2014/10/29,7.68,7.80,7.62,7.74,2809314,44118896.00
2014/10/30,7.75,7.81,7.64,7.69,2720823,42858956.00
2014/10/31,7.70,7.75,7.53,7.64,2855504,44256468.00
2014/11/03,7.66,7.96,7.61,7.93,4552946,72678488.00
2014/11/04,7.97,8.13,7.86,7.94,5314217,86559696.00
2014/11/05,7.88,7.94,7.68,7.85,2264329,36221292.00
2014/11/06,7.90,8.13,7.82,8.13,3884150,63303940.00
2014/11/07,8.23,8.51,8.04,8.04,7091706,120181312.00
2014/11/10,8.06,8.24,8.00,8.11,2642019,43654184.00
2014/11/11,8.15,8.15,7.72,7.83,4746094,76022384.00
2014/11/12,7.77,7.96,7.76,7.86,3527380,56445600.00
2014/11/13,7.83,7.90,7.58,7.58,3663185,57086588.00
2014/11/14,7.53,7.57,7.43,7.53,1823707,27917350.00
2014/11/17,7.55,7.83,7.46,7.77,2314506,36341588.00
2014/11/18,7.75,7.78,7.64,7.71,1674974,26299308.00
2014/11/19,7.73,7.84,7.66,7.83,2236903,35382292.00
2014/11/20,7.76,7.79,7.71,7.76,1614282,25483990.00
2014/11/21,7.76,8.08,7.75,7.96,3119808,50729912.00
2014/11/24,7.98,8.15,7.98,8.01,2865172,46868928.00
2014/11/25,8.02,8.41,8.00,8.32,5243117,88128664.00
2014/11/26,8.33,8.44,8.14,8.29,4237916,71380384.00
2014/11/27,8.30,8.55,8.20,8.55,7237074,123784128.00
2014/11/28,8.55,8.80,8.41,8.46,6883897,120359560.00
2014/12/01,8.36,8.45,8.18,8.26,4343383,73359176.00
2014/12/02,8.19,8.52,8.19,8.40,4148133,70729648.00
2014/12/03,8.38,8.48,8.18,8.43,4677086,79186024.00
2014/12/04,8.41,8.58,8.38,8.43,4035264,69540120.00
2014/12/05,8.48,8.49,7.86,8.07,5303649,87719080.00
2014/12/08,8.03,8.25,7.91,8.03,3867134,63829692.00
2014/12/09,8.02,8.02,7.54,7.54,6967189,110833896.00
2014/12/10,7.54,7.85,7.47,7.80,4745242,74259816.00
2014/12/11,7.76,7.95,7.65,7.87,3046050,48739912.00
2014/12/12,7.87,8.04,7.87,7.99,2938964,47654388.00
2014/12/15,8.02,8.32,8.02,8.23,3479739,58206652.00
2014/12/16,8.25,8.27,8.06,8.21,2983767,49643268.00
2014/12/17,8.18,8.42,8.01,8.41,5487769,92211256.00
2014/12/18,8.35,8.44,8.22,8.27,3377072,57066444.00
2014/12/19,8.29,8.29,7.80,7.94,4024073,65280876.00
2014/12/22,7.95,7.95,7.30,7.33,4693055,71947720.00
2014/12/23,7.42,7.67,7.39,7.45,2722717,41773076.00
2014/12/24,7.47,7.68,7.47,7.61,1990589,30825442.00
2014/12/25,7.64,7.77,7.56,7.66,1753720,27333604.00
2014/12/26,7.68,7.77,7.60,7.68,1757379,27471588.00
2014/12/29,7.68,7.68,7.34,7.46,2901291,44073392.00
2014/12/30,7.40,7.48,7.21,7.28,2412582,36041396.00
2014/12/31,7.33,7.48,7.30,7.36,1594291,24008790.00
2015/01/05,7.35,7.35,7.18,7.30,2302546,34129608.00
2015/01/06,7.30,7.66,7.25,7.58,2892224,44217664.00
2015/01/07,7.58,7.64,7.43,7.50,1791196,27409482.00
2015/01/08,7.50,7.60,7.44,7.50,1751570,26883936.00
2015/01/09,7.45,7.63,7.44,7.44,2259998,34725432.00
2015/01/12,7.43,7.43,7.12,7.12,2174000,32068314.00
2015/01/13,7.12,7.30,7.11,7.26,2411346,35458420.00
2015/01/14,7.26,7.29,7.20,7.24,1768638,26136334.00
2015/01/15,7.24,7.40,7.23,7.32,1557180,23277736.00
2015/01/16,7.33,7.46,7.30,7.44,2432628,36689772.00
2015/01/19,7.33,7.64,7.21,7.27,4306723,65456432.00
2015/01/20,7.31,7.63,7.31,7.63,3567853,54703108.00
2015/01/21,7.68,7.77,7.60,7.75,4201914,65905940.00
2015/01/22,7.72,7.78,7.65,7.77,2492357,39221632.00
2015/01/23,7.78,7.80,7.61,7.64,2158452,33811864.00
2015/01/26,7.63,7.78,7.63,7.75,1799256,28345966.00
2015/01/27,7.76,7.80,7.60,7.75,2836482,44546016.00
2015/01/28,7.73,7.89,7.66,7.84,3772500,59966780.00
2015/01/29,7.76,7.92,7.69,7.80,2610234,41575896.00
2015/01/30,7.84,7.91,7.62,7.62,2220073,35017388.00
2015/02/02,7.48,7.68,7.47,7.58,1388435,21529906.00
2015/02/03,7.58,7.83,7.58,7.79,2304489,36385336.00
2015/02/04,7.86,7.96,7.75,7.83,3810344,61188864.00
2015/02/05,7.91,7.97,7.80,7.85,3095476,49702260.00
2015/02/06,7.89,7.91,7.56,7.60,2436692,38318088.00
2015/02/09,7.57,7.65,7.34,7.36,2556934,38857692.00
2015/02/10,7.36,7.49,7.31,7.48,1788093,27057216.00
2015/02/11,7.48,7.50,7.36,7.38,3114229,47147808.00
2015/02/12,7.43,7.55,7.41,7.54,2272716,34709200.00
2015/02/13,7.55,7.69,7.54,7.64,2751069,42879088.00
2015/02/16,7.65,7.84,7.65,7.83,2414455,38211012.00
2015/02/17,7.86,7.88,7.69,7.78,2175128,34396380.00
2015/02/25,7.76,7.94,7.76,7.90,4221599,67588688.00
2015/02/26,7.88,8.04,7.84,7.97,4222209,68466856.00
2015/02/27,8.00,8.12,7.95,8.07,4219599,69115168.00
2015/03/02,8.11,8.13,8.00,8.10,4421277,72683080.00
2015/03/03,8.00,8.04,7.85,7.86,5489004,88885832.00
2015/03/04,7.89,8.22,7.85,8.20,6892869,113083064.00
2015/03/05,8.20,8.20,8.01,8.14,3594020,59375460.00
2015/03/06,8.14,8.19,7.85,7.91,4517043,73409888.00
2015/03/09,7.91,8.68,7.82,8.50,9520764,162270144.00
2015/03/10,8.49,8.57,8.33,8.44,6250900,107152664.00
2015/03/11,8.39,8.40,8.25,8.32,4376925,74115304.00
2015/03/12,8.35,8.48,8.12,8.21,4417598,74634576.00
2015/03/13,8.25,8.48,8.21,8.44,4439577,75608376.00
2015/03/16,8.45,8.72,8.45,8.65,5506213,96581552.00
2015/03/17,8.71,8.88,8.56,8.72,6663345,117871224.00
2015/03/18,8.70,9.09,8.64,8.97,6724203,121626648.00
2015/03/19,9.05,9.09,8.84,8.98,5557495,101270664.00
2015/03/20,8.90,9.08,8.81,8.99,5344472,97197456.00
2015/03/23,9.08,9.43,9.03,9.43,7635370,144077744.00
2015/03/24,9.13,9.61,8.66,9.52,19200804,355799904.00
2015/03/25,9.36,9.95,9.23,9.76,17133823,335938816.00
2015/03/26,9.64,10.05,9.15,9.42,10780141,210011440.00
2015/03/27,9.36,9.52,9.21,9.37,5585117,106020704.00
2015/03/30,9.36,9.42,9.03,9.19,7313265,136917504.00
2015/03/31,9.19,9.34,9.11,9.19,5442119,102201776.00
2015/04/01,9.16,9.45,9.15,9.40,5436750,102982800.00
2015/04/02,9.43,9.65,9.30,9.53,7444784,143561344.00
2015/04/03,9.45,9.74,9.38,9.74,8208734,160856192.00
2015/04/07,9.99,10.33,9.96,10.05,8049557,164792880.00
2015/04/08,10.05,10.11,9.35,9.64,8004334,157991984.00
2015/04/09,9.55,9.99,9.11,9.90,7638428,147565408.00
2015/04/10,9.70,10.85,9.70,10.77,11536350,244800896.00
2015/04/13,10.86,10.95,10.37,10.80,8117501,176153712.00
2015/04/14,10.76,10.85,10.43,10.65,5514716,118634160.00
2015/04/15,10.65,10.79,10.02,10.15,6378247,134098376.00
2015/04/16,9.90,10.45,9.78,10.23,4268761,87870320.00
2015/04/17,10.21,10.34,9.95,10.14,5950978,121473128.00
2015/04/20,10.10,10.10,9.49,9.52,4783587,95408920.00
2015/04/21,9.52,9.95,9.52,9.95,4279413,85106000.00
2015/04/22,9.95,10.16,9.95,10.07,4826871,98751784.00
2015/04/23,10.14,10.43,10.00,10.13,6244969,129481104.00
2015/04/24,9.99,10.17,9.75,10.06,5163701,104542800.00
2015/04/27,10.15,10.43,10.05,10.12,5789956,119900384.00
2015/04/28,10.12,10.23,9.68,9.85,5135250,104035960.00
2015/04/29,9.81,10.27,9.76,10.25,5610040,115326160.00
2015/04/30,10.41,10.60,10.14,10.18,6916577,145871120.00
2015/05/04,10.23,10.70,10.23,10.64,6845437,146125280.00
2015/05/05,10.70,11.10,10.35,10.69,8792218,191641600.00
2015/05/06,10.85,11.58,10.60,11.03,9544119,215612400.00
2015/05/07,10.85,11.03,10.06,10.14,6849538,145049888.00
2015/05/08,10.26,10.89,10.21,10.85,6986163,149581168.00
2015/05/11,10.91,11.71,10.91,11.43,10807318,249149920.00
2015/05/12,11.35,11.66,11.10,11.57,9491791,219387984.00
2015/05/13,11.10,11.48,11.07,11.25,6673697,152441824.00
2015/05/14,11.23,11.98,11.12,11.77,7529781,177658032.00
2015/05/19,12.95,12.96,11.94,12.96,12866412,326859104.00
2015/05/20,13.34,14.27,13.34,14.27,5246430,149594816.00
2015/05/21,14.98,15.66,14.44,15.08,14816173,449194976.00
2015/05/22,15.35,16.60,13.90,16.01,14095018,430053632.00
2015/05/25,16.34,17.58,15.38,17.30,12922747,440036224.00
2015/05/26,16.87,18.57,16.85,17.83,10401794,373530432.00
2015/05/27,17.60,17.78,17.10,17.19,10046744,351708704.00
2015/05/28,17.33,17.75,15.51,15.55,9768765,331111616.00
2015/05/29,15.85,17.02,14.96,16.45,10647397,347390016.00
2015/06/01,16.12,18.00,16.10,17.77,10453492,362145760.00
2015/06/02,17.73,19.15,17.41,18.99,9355286,351289440.00
2015/06/03,19.02,19.10,17.60,18.35,7409328,276494976.00
2015/06/04,18.08,18.25,16.50,17.80,7394817,256740816.00
2015/06/05,17.90,18.12,16.86,17.27,7039786,249164448.00
2015/06/08,17.07,17.11,15.94,16.36,5960102,197306960.00
2015/06/09,16.50,17.57,16.25,17.09,7772000,267075104.00
2015/06/10,16.93,18.81,16.85,18.81,8193168,301090784.00
2015/06/11,18.96,20.43,18.96,19.35,9084311,359391040.00
2015/06/12,19.33,20.28,18.94,19.95,6954665,273543712.00
2015/06/15,20.00,20.75,19.30,19.46,7000430,282095840.00
2015/06/16,18.65,18.82,17.60,17.92,8204538,298323872.00
2015/06/17,17.96,18.90,16.70,18.55,6761937,239911808.00
2015/06/18,18.25,18.45,16.90,16.95,5009228,178023744.00
2015/06/19,16.45,16.65,15.26,15.26,4365231,139579200.00
2015/06/23,14.99,16.25,13.88,16.24,6629953,199978976.00
2015/06/24,16.26,16.79,15.61,16.14,5700946,184995632.00
2015/06/25,16.40,16.90,15.00,15.30,6100602,198273552.00
2015/06/26,14.80,14.85,13.77,13.77,5355389,151689376.00
2015/06/29,14.27,14.45,12.40,12.40,6263104,161401824.00
2015/06/30,11.90,13.44,11.16,13.43,7361515,180334544.00
2015/07/01,13.33,14.20,12.09,12.41,7183777,194072880.00
2015/07/02,12.17,12.74,11.17,11.17,8073247,189097728.00
2015/07/03,10.85,11.82,10.06,10.11,7583577,160648944.00
2015/07/06,11.12,11.12,9.10,9.42,9696574,193442688.00
2015/08/06,10.36,10.36,10.36,10.36,314896,6524645.00
2015/08/07,11.40,11.40,11.40,11.40,2778421,63320216.00
2015/08/10,12.10,12.54,11.90,12.54,12576565,306698848.00
2015/08/11,12.45,12.45,12.00,12.24,11856389,291149536.00
2015/08/12,12.01,12.50,11.94,12.00,8153965,199247184.00
2015/08/13,11.86,12.20,11.70,12.14,7287543,174001008.00
2015/08/14,12.23,12.29,12.01,12.04,6599472,160002768.00
2015/08/17,11.91,11.98,11.55,11.82,5493448,129132688.00
2015/08/18,11.89,12.25,10.64,10.76,10084970,237191104.00
2015/08/19,10.44,11.29,9.78,11.05,7536914,157866720.00
2015/08/20,10.79,11.06,10.38,10.42,4537512,97929256.00
2015/08/21,10.05,10.36,9.51,9.52,4897235,97236624.00
2015/08/24,9.00,9.17,8.57,8.57,3218867,55879888.00
2015/08/25,7.71,7.93,7.71,7.71,4586633,70946600.00
2015/08/26,7.75,8.30,7.52,7.75,8908961,140989552.00
2015/08/27,8.06,8.20,7.60,8.20,6274978,100090104.00
2015/08/28,8.37,8.99,8.30,8.93,7783413,132616536.00
2015/08/31,8.80,8.80,8.25,8.37,5937964,100857624.00
2015/09/01,8.10,8.28,7.53,7.53,4959834,78098720.00
2015/09/02,7.06,8.00,7.03,7.30,5238188,78617240.00
2015/09/07,7.35,7.94,7.35,7.70,4976599,76769232.00
2015/09/08,7.60,8.42,7.60,8.38,4872479,77499984.00
2015/09/09,8.48,8.89,8.41,8.82,7586188,131693064.00
2015/09/10,8.62,8.72,8.45,8.46,5114799,88117352.00
2015/09/11,8.44,8.73,8.44,8.70,4437210,76463520.00
2015/09/14,8.75,8.75,7.83,7.83,5938857,96392920.00
2015/09/15,7.56,7.95,7.35,7.50,4264952,65285844.00
2015/09/16,7.63,8.25,7.50,8.25,4969202,78117256.00
2015/09/17,8.25,8.70,8.05,8.19,7617921,128101832.00
2015/09/18,8.33,9.01,8.18,9.01,9643993,167139776.00
2015/09/21,8.89,9.88,8.82,9.65,12721782,236809248.00
2015/09/22,9.55,10.14,9.21,9.78,11704252,225352432.00
2015/09/23,9.53,10.19,9.41,9.90,8566460,169029408.00
2015/09/24,9.99,10.30,9.41,9.52,18656270,182546912.00
2015/09/25,9.35,9.50,8.61,8.83,14921041,135091184.00
2015/09/28,9.10,9.71,8.76,9.62,15066726,140121296.00
2015/09/29,9.35,9.85,9.18,9.38,14183067,134232688.00
2015/09/30,9.45,9.50,8.91,9.17,10474032,96182928.00
2015/10/08,9.48,9.98,9.33,9.80,14292354,137980176.00
2015/10/09,9.89,10.78,9.80,10.78,24096070,250069808.00
2015/10/12,11.00,11.45,10.82,11.21,30103776,337183456.00
2015/10/13,11.00,11.49,10.82,11.39,20249120,226352624.00
2015/10/14,11.28,11.64,11.00,11.06,17282164,194401744.00
2015/10/15,10.81,11.37,10.72,11.29,18486935,205024208.00
2015/10/16,11.35,11.41,10.85,11.18,18868564,209867328.00
2015/10/19,11.21,11.21,10.83,11.04,13098540,143355216.00
2015/10/20,11.05,11.91,11.05,11.53,22963370,265596256.00
2015/10/21,11.43,11.54,10.38,10.38,22086359,241565984.00
2015/10/22,10.35,10.88,10.31,10.81,14019638,148704672.00
2015/10/23,10.95,11.46,10.70,11.29,18628333,206188032.00
2015/10/26,11.59,11.97,11.30,11.67,19924539,231936528.00
2015/10/27,11.45,12.19,10.82,12.00,20716349,236795008.00
2015/10/28,11.78,12.19,11.45,11.56,17723491,209415312.00
2015/10/29,11.73,11.85,11.20,11.45,11397532,131435272.00
2015/10/30,11.50,11.50,11.00,11.12,10983003,123406144.00
2015/11/02,10.83,11.26,10.50,10.54,9630256,104993728.00
2015/11/03,10.59,10.77,10.41,10.67,7302742,77392392.00
2015/11/04,10.64,11.43,10.64,11.43,11427627,127127944.00
2015/11/05,11.50,11.54,11.13,11.35,12708492,143768176.00
2015/11/06,11.46,12.49,11.42,12.49,16269487,199289824.00
2015/11/09,12.70,13.29,12.32,13.20,38447517,495933312.00
2015/11/10,12.90,13.07,12.60,12.90,20705084,267353344.00
2015/11/11,12.89,13.49,12.76,13.23,20560964,269817376.00
2015/11/12,13.07,13.36,12.59,12.85,20286702,262121856.00
2015/11/13,12.53,13.30,12.44,12.95,20668496,268320176.00
2015/11/16,12.71,14.25,12.58,14.25,20883627,286930528.00
2015/11/17,15.48,15.68,14.78,14.87,48227246,736026432.00
2015/11/18,15.00,15.52,14.44,15.15,37858345,565510528.00
2015/11/19,15.03,16.67,15.03,16.52,53081897,859350528.00
2015/11/20,16.01,16.55,15.61,16.36,36974927,595133504.00
2015/11/23,16.12,16.12,15.01,15.27,25138662,394205376.00
2015/11/24,15.50,15.78,15.18,15.45,13929973,215284048.00
2015/11/25,15.48,15.92,15.26,15.77,17144718,268253824.00
2015/11/26,15.70,15.85,15.11,15.15,15654250,240605680.00
2015/11/27,15.25,15.60,13.64,13.92,16832927,248102512.00
2015/11/30,13.89,14.24,12.70,14.08,14063640,192419824.00
2015/12/01,14.01,14.60,13.60,14.23,12807165,180425152.00
2015/12/02,14.21,14.21,13.18,13.75,7922573,108799616.00
2015/12/03,14.01,14.49,14.01,14.40,10385557,148616768.00
2015/12/04,14.21,14.70,14.03,14.19,10755626,154469472.00
2015/12/07,14.20,14.38,13.91,14.36,7688040,109323688.00
2015/12/08,14.30,14.35,13.85,13.94,9128691,128509312.00
2015/12/09,14.00,14.24,13.58,13.65,7235525,100381144.00
2015/12/10,13.44,13.80,13.44,13.52,6663102,90895320.00
2015/12/11,13.60,14.14,13.60,13.81,8472860,117456504.00
2015/12/14,13.51,14.19,13.31,14.16,9278105,126699184.00
2015/12/15,14.05,14.77,14.02,14.71,14124918,204441312.00
2015/12/16,14.78,14.78,14.41,14.44,10710941,155886656.00
2015/12/17,14.60,14.92,14.55,14.85,11885724,175197616.00
2015/12/18,14.85,14.85,14.32,14.39,9794634,142767008.00
2015/12/21,14.55,14.55,14.02,14.32,8429745,119736216.00
2015/12/22,14.48,14.86,14.40,14.82,14608380,214775760.00
2015/12/23,14.82,14.85,14.35,14.41,10521282,152554992.00
2015/12/24,14.30,14.30,13.67,14.17,7463728,104666216.00
2015/12/25,14.17,14.28,14.00,14.16,5658953,80124096.00
2015/12/28,14.29,14.37,13.71,13.72,7083037,99935432.00
2015/12/29,13.70,13.90,13.45,13.89,5759618,78632648.00
2015/12/30,13.80,14.29,13.80,14.21,7171937,101384552.00
2015/12/31,14.31,14.35,13.76,13.80,5117917,71825928.00
2016/01/04,13.85,13.85,12.42,12.42,6009785,77622976.00
2016/01/05,11.62,12.36,11.18,11.51,9922387,116061832.00
2016/01/06,11.58,11.94,11.37,11.76,6627790,77304584.00
2016/01/07,11.50,11.50,10.58,10.58,1818800,19905036.00
2016/01/08,10.77,10.98,9.85,10.53,7647641,80945336.00
2016/01/11,10.40,10.40,9.48,9.48,5817059,57620624.00
2016/01/12,9.46,9.86,9.38,9.68,5669591,54575780.00
2016/01/13,9.80,9.87,8.88,9.05,5456577,51875832.00
2016/01/14,8.74,9.79,8.73,9.65,6491007,60633016.00
2016/01/15,9.55,9.77,9.01,9.20,5377503,50761956.00
2016/01/18,9.08,10.12,9.00,10.12,11158113,111243712.00
2016/01/19,10.35,10.86,10.28,10.83,19063911,201062832.00
2016/01/20,10.52,10.70,10.33,10.56,12155254,128000728.00
2016/01/21,10.50,10.84,10.15,10.15,11722151,123718136.00
2016/01/22,10.32,10.49,9.97,10.49,8487065,87283360.00
2016/01/25,10.60,10.68,10.33,10.42,7228776,76082704.00
2016/01/26,10.30,10.32,9.38,9.38,8464924,83386072.00
2016/01/27,9.50,9.71,8.62,9.58,8232456,75462208.00
2016/01/28,9.23,9.55,8.88,8.91,6285407,57982288.00
2016/01/29,8.70,9.80,8.70,9.64,10312777,97724248.00
2016/02/01,9.59,9.59,9.02,9.27,8067905,75315384.00
2016/02/02,9.29,9.94,9.27,9.75,8872416,85888344.00
2016/02/03,9.53,9.99,9.30,9.86,8391933,80758512.00
2016/02/04,9.86,10.20,9.82,10.02,8248171,82501568.00
2016/02/05,9.95,10.10,9.68,9.76,6115418,60297168.00
2016/02/15,9.15,9.79,9.14,9.70,4977820,47102596.00
2016/02/16,9.75,10.38,9.70,10.20,8727854,88298400.00
2016/02/17,10.15,10.38,9.99,10.30,9362321,95103176.00
2016/02/18,10.50,10.54,10.11,10.20,9812128,101120008.00
2016/02/19,10.11,10.48,10.03,10.32,7806176,80027160.00
2016/02/22,10.45,10.66,10.33,10.64,9948999,104064080.00
2016/02/23,10.65,10.73,10.20,10.45,8915058,93256344.00
2016/02/24,10.36,10.48,10.01,10.36,8818792,90144440.00
2016/02/25,10.33,10.33,9.32,9.32,8894526,86311720.00
2016/02/26,9.36,9.50,8.92,9.12,5242149,48326664.00
2016/02/29,9.10,9.10,8.21,8.22,6057296,50920428.00
2016/03/01,8.32,8.56,8.01,8.46,5132853,42834024.00
2016/03/02,8.42,8.96,8.36,8.93,7257235,62968840.00
2016/03/03,8.93,9.16,8.82,8.83,6366988,57179328.00
2016/03/04,8.70,8.89,8.28,8.37,6714881,57611404.00
2016/03/07,8.53,8.90,8.48,8.70,4468767,38811340.00
2016/03/08,8.69,9.08,8.26,8.89,7427841,64681492.00
2016/03/09,8.68,8.95,8.56,8.67,4546009,39718288.00
数据来源:通达信
