300397 天和防务 日线 前复权
      日期	    开盘	    最高	    最低	    收盘	    成交量	    成交额
2014/09/10,28.73,34.50,28.73,34.50,35100,1210611.00
2014/09/11,37.96,37.96,37.96,37.96,9500,361855.00
2014/09/12,41.77,41.77,41.77,41.77,11100,465090.00
2014/09/15,45.96,45.96,45.96,45.96,26650,1228298.50
2014/09/16,50.57,50.57,50.57,50.57,114850,5822895.00
2014/09/17,55.64,55.64,55.64,55.64,103758,5786583.50
2014/09/18,61.22,61.22,61.22,61.22,142902,8767038.00
2014/09/19,67.36,67.36,67.36,67.36,219006,14780715.00
2014/09/22,74.11,74.11,74.11,74.11,274237,20359354.00
2014/09/23,81.53,81.53,81.53,81.53,435031,35524632.00
2014/09/24,89.70,89.70,89.70,89.70,310543,27896078.00
2014/09/25,98.68,98.68,98.68,98.68,372625,36819076.00
2014/09/26,108.56,108.56,108.56,108.56,1353571,147119632.00
2014/09/29,119.43,119.43,108.77,110.08,21538050,2510765568.00
2014/09/30,108.67,111.67,103.20,104.98,8639013,921545344.00
2014/10/08,104.84,108.16,102.89,106.19,6489699,688284288.00
2014/10/09,104.99,105.61,101.67,102.52,5932612,613650688.00
2014/10/10,101.05,102.42,100.23,101.55,3304467,335710816.00
2014/10/13,100.37,101.31,98.21,99.27,3695433,367495552.00
2014/10/14,98.87,101.75,98.38,99.72,2685614,269482912.00
2014/10/15,99.75,104.61,98.37,102.52,5430014,552550144.00
2014/10/16,100.88,101.37,98.87,98.89,3512634,352195776.00
2014/10/17,98.87,102.16,97.67,100.32,3294787,328945088.00
2014/10/20,100.25,101.34,99.17,100.39,1774910,178060064.00
2014/10/21,100.65,104.77,100.27,103.33,4410212,454225024.00
2014/10/22,102.71,104.21,100.98,100.98,3231043,331796800.00
2014/10/23,100.67,105.17,99.89,102.14,3435026,354442784.00
2014/10/24,101.53,104.07,95.64,95.64,3831483,385272544.00
2014/10/27,93.88,94.30,87.67,87.77,4869110,438017280.00
2014/10/28,88.67,90.27,88.25,89.92,2817782,252327008.00
2014/10/29,90.27,93.34,89.97,93.34,3295501,302620800.00
2014/10/30,92.87,95.77,92.46,92.61,2977645,280555456.00
2014/10/31,92.37,94.16,91.87,93.07,2020525,187932496.00
2014/11/03,93.17,94.04,92.50,93.37,1683535,157331456.00
2014/11/04,93.77,95.65,92.53,92.97,2433140,229132544.00
2014/11/05,92.27,92.27,90.17,90.52,2000864,182259312.00
2014/11/06,90.48,98.87,90.38,96.22,4128984,390843520.00
2014/11/07,96.26,98.74,93.77,94.37,3448914,332855072.00
2014/11/10,94.27,98.97,93.58,98.53,3725611,362883200.00
2014/11/11,97.87,98.47,91.75,92.78,3896638,369822144.00
2014/11/12,92.83,102.07,92.37,102.07,6722549,667035264.00
2014/11/13,99.87,101.85,98.37,98.71,5083336,508178336.00
2014/11/14,97.40,98.36,89.17,89.59,5415481,502488928.00
2014/11/17,88.43,91.68,87.92,89.17,2227155,200909424.00
2014/11/18,89.47,90.75,88.87,90.17,1281997,115191168.00
2014/11/19,90.47,90.67,88.48,89.83,1556719,139554000.00
2014/11/20,89.23,90.36,88.57,90.01,1284683,115413248.00
2014/11/21,89.83,91.47,89.49,89.87,1750449,158369968.00
2014/11/24,90.42,90.73,88.88,89.34,1905519,171354400.00
2014/11/25,89.40,90.26,86.25,88.21,2806633,247545952.00
2014/11/26,87.87,90.89,87.80,90.07,2064702,185440160.00
2014/11/27,90.77,92.75,90.47,91.26,2190923,200770656.00
2014/11/28,91.63,91.63,89.08,89.84,2095922,188803424.00
2014/12/01,89.67,92.86,87.74,91.07,2113931,187550528.00
2014/12/02,90.17,95.37,90.00,93.82,3435381,321947936.00
2014/12/03,93.87,93.87,90.32,92.98,2650241,244122432.00
2014/12/04,92.87,93.84,92.15,92.18,1891525,175493296.00
2014/12/05,93.17,101.41,91.37,101.41,7839616,775710592.00
2014/12/08,104.86,107.43,99.57,101.97,10268297,1069613440.00
2014/12/09,98.87,99.67,91.76,91.76,8316208,791770880.00
2014/12/10,90.26,93.17,89.38,91.74,3361996,307709056.00
2014/12/11,90.89,93.58,89.88,92.60,2178064,200537392.00
2014/12/12,91.88,93.37,91.24,91.65,1553276,143011008.00
2014/12/15,89.67,94.07,87.88,93.47,2276922,210397712.00
2014/12/16,92.97,93.98,91.67,91.69,1625515,150399344.00
2014/12/17,91.43,93.82,90.49,92.28,1804150,167406112.00
2014/12/18,91.48,93.98,90.93,91.90,1678525,155380480.00
2014/12/19,90.89,91.47,87.63,88.34,2473281,221114800.00
2014/12/22,87.87,87.87,79.49,79.49,2400791,193380976.00
2014/12/23,78.89,81.47,77.89,79.70,1401139,112398752.00
2014/12/24,79.99,84.77,79.99,83.69,1676484,138834608.00
2014/12/25,83.87,84.45,81.87,83.64,750062,62470328.00
2014/12/26,83.47,84.32,82.90,83.71,618808,51878832.00
2014/12/29,83.75,83.75,79.73,79.86,1012210,81774576.00
2014/12/30,80.17,81.53,79.17,80.52,653892,52465252.00
2014/12/31,80.38,82.47,80.00,81.93,652231,53356952.00
2015/01/05,81.87,81.93,78.75,79.87,744522,59394440.00
2015/01/06,79.27,82.51,78.77,81.59,1625717,131120064.00
2015/01/07,81.58,81.58,79.75,79.80,1073442,86036192.00
2015/01/08,79.82,80.27,78.87,79.17,1103188,87969744.00
2015/01/09,79.27,80.37,78.95,79.12,960648,76641600.00
2015/01/12,79.25,79.25,75.31,75.77,1593129,122487552.00
2015/01/13,75.52,78.34,75.47,77.98,863990,66861404.00
2015/01/14,77.66,79.43,77.37,79.05,1150196,90660848.00
2015/01/15,78.67,83.27,78.37,82.47,1725014,141003744.00
2015/01/16,81.87,85.37,81.75,84.02,1298245,108857192.00
2015/01/19,82.97,89.37,81.53,87.75,3225087,282878432.00
2015/01/20,87.87,90.36,87.77,90.19,1738627,155267920.00
2015/01/21,89.82,90.77,89.02,90.06,994882,89519992.00
2015/01/22,89.88,98.45,89.85,95.87,2157256,203928592.00
2015/01/23,96.08,96.37,93.12,94.66,1362593,128971256.00
2015/01/26,95.16,97.85,95.15,97.13,1175255,114135768.00
2015/01/27,96.37,98.37,94.75,97.97,1007309,97623976.00
2015/01/28,94.97,100.87,93.90,97.11,2486017,242422768.00
2015/01/29,96.08,100.15,95.19,98.17,1339884,131941864.00
2015/01/30,98.25,102.31,98.17,98.86,1212989,121664560.00
2015/02/02,97.57,99.87,96.88,98.67,935822,91941480.00
2015/02/03,98.77,101.79,96.65,99.55,1317675,130099944.00
2015/02/04,99.78,99.82,98.37,98.89,468179,46391988.00
2015/02/05,98.37,99.50,95.22,96.39,1248542,120643256.00
2015/02/06,95.87,96.86,94.88,94.97,594550,56845980.00
2015/02/09,94.87,97.07,94.57,94.57,461122,44068964.00
2015/02/10,95.57,95.57,94.37,95.37,361739,34389432.00
2015/02/11,95.37,96.74,94.87,95.82,369175,35321240.00
2015/02/12,95.87,96.25,94.88,95.49,265915,25378456.00
2015/02/13,95.49,96.87,95.42,95.76,672155,64490836.00
2015/02/16,96.36,98.35,95.37,97.77,713916,69681240.00
2015/02/17,97.77,98.63,96.88,98.02,452306,44145376.00
2015/02/25,97.98,99.27,97.37,98.27,643859,63564996.00
2015/02/26,98.27,100.26,96.90,98.02,639875,63150316.00
2015/02/27,98.37,99.47,96.33,97.53,769519,75205136.00
2015/03/02,97.15,97.15,93.87,96.07,1054331,100756688.00
2015/03/03,95.37,96.22,95.34,95.37,644190,61703184.00
2015/03/04,95.34,95.47,92.47,92.76,1386343,129402504.00
2015/03/05,92.68,92.68,90.37,90.97,1490751,136091776.00
2015/03/06,91.02,91.60,87.87,88.77,1387826,124482784.00
2015/03/09,88.37,88.96,87.13,88.75,1403520,123574704.00
2015/03/10,88.96,89.86,87.52,87.78,1727732,152307648.00
2015/03/11,87.22,87.82,84.95,85.36,1934171,167077312.00
2015/03/12,85.36,86.77,84.64,86.62,2754676,236584688.00
2015/03/13,86.72,88.34,86.55,87.67,1913453,167573520.00
2015/03/16,89.27,89.86,88.58,88.97,2336519,208710896.00
2015/03/17,88.87,90.87,88.38,89.93,2068956,185516016.00
2015/03/18,89.86,91.32,89.17,91.16,1808423,164275856.00
2015/03/19,91.93,93.36,89.77,90.42,1877139,172159024.00
2015/03/20,90.87,91.87,89.67,90.75,1947659,176543536.00
2015/03/23,90.75,98.77,90.37,96.87,4107158,388574880.00
2015/03/24,96.17,96.53,91.95,95.27,3466515,328064224.00
2015/03/25,94.77,96.34,93.37,95.51,2273916,215956208.00
2015/03/26,94.37,95.86,91.87,92.97,1919514,180297936.00
2015/03/27,92.87,95.36,92.57,92.76,1404792,131655688.00
2015/03/30,92.83,93.35,88.37,89.13,2693836,242802096.00
2015/03/31,89.27,91.16,88.37,90.14,1505340,135201840.00
2015/04/01,89.06,91.37,89.06,90.87,1373482,124335624.00
2015/04/02,91.12,93.39,90.67,92.85,1808649,166790400.00
2015/04/03,92.47,94.87,91.57,94.77,2593515,242103536.00
2015/04/07,94.87,98.24,94.24,96.86,3138462,302089856.00
2015/04/08,97.37,97.57,92.54,96.40,2909483,277250912.00
2015/04/09,96.92,104.97,95.50,102.14,4702443,472973728.00
2015/04/10,100.63,102.87,98.87,101.87,2502655,253736544.00
2015/04/13,101.92,104.37,99.19,102.17,2658707,270648544.00
2015/04/14,102.62,111.97,101.84,105.37,3812509,409937184.00
2015/04/15,103.87,104.70,94.86,95.37,3605469,357170176.00
2015/04/16,94.67,96.69,89.87,92.13,2628261,246233408.00
2015/04/17,92.84,95.06,91.99,93.17,1849103,172938096.00
2015/04/20,93.37,95.47,91.37,92.87,1954620,182095104.00
2015/04/21,92.58,97.27,92.27,97.27,2465029,236136560.00
2015/04/22,96.84,102.17,96.70,101.03,2245837,222791616.00
2015/04/23,101.12,108.87,99.87,107.77,3539371,372719680.00
2015/04/24,105.88,115.37,105.47,114.87,4539342,501085472.00
2015/04/27,113.47,115.87,108.78,110.25,5356661,598553728.00
2015/04/28,110.30,121.29,110.30,121.29,3088492,370861600.00
2015/06/01,133.43,133.43,133.43,133.43,21072,2814376.25
2015/06/02,146.79,146.79,146.79,146.79,60501,8888807.00
2015/06/03,161.48,161.48,161.48,161.48,23201,3749513.50
2015/06/04,177.64,177.64,162.87,177.64,3185504,557016000.00
2015/06/05,188.87,188.87,164.89,166.75,5579883,979673152.00
2015/06/08,160.37,164.83,158.88,161.24,2301005,370339200.00
2015/06/09,160.87,175.37,158.87,168.87,1931336,326073760.00
2015/06/10,165.07,166.75,159.87,163.85,1360432,222232576.00
2015/06/11,163.85,180.25,162.90,180.25,2790369,485931840.00
2015/06/12,183.87,198.29,179.87,197.47,3515557,676374464.00
2015/06/15,197.88,202.87,183.87,184.86,3129304,610186688.00
2015/06/16,179.77,200.87,175.47,184.87,2500432,471478784.00
2015/06/17,186.42,199.87,180.85,198.95,2710286,522265280.00
2015/06/18,194.99,218.86,192.67,214.83,3447088,708356352.00
2015/06/19,209.15,228.14,206.87,217.88,2865563,629159424.00
2015/06/23,215.86,227.72,197.87,224.87,2131014,453215744.00
2015/06/24,233.85,239.87,219.87,222.87,1789460,409876544.00
2015/06/25,221.87,232.87,210.87,227.87,1440222,323653440.00
2015/06/26,216.86,222.90,205.07,207.86,2826945,590336128.00
2015/06/29,211.85,211.85,187.06,199.87,3169968,609194304.00
2015/06/30,192.92,199.84,179.87,180.87,3543571,647521344.00
2015/07/01,170.85,182.80,162.77,163.17,2249977,388281824.00
2015/07/02,159.87,159.87,146.84,146.84,1429076,215684672.00
2015/07/03,132.14,132.14,132.14,132.14,564400,74653184.00
2015/07/06,138.00,142.00,118.93,118.93,1462172,185235312.00
2015/07/07,107.04,107.04,107.04,107.04,230000,24619200.00
2015/07/17,117.00,117.74,106.00,117.74,2946509,335407104.00
2015/07/20,125.00,129.51,121.00,129.51,3428231,435894592.00
2015/07/21,133.98,142.01,129.50,135.20,3367631,458973536.00
2015/07/22,132.02,144.90,132.02,143.50,2993613,419547072.00
2015/07/23,141.00,151.88,139.99,149.32,2195848,319420256.00
2015/07/24,147.44,157.57,142.00,144.49,2729397,409094496.00
2015/07/27,140.00,145.20,130.04,130.04,2513480,339653920.00
2015/07/28,117.30,127.43,117.04,117.04,2883876,341499648.00
2015/07/29,119.12,128.00,105.50,125.90,2842734,325408160.00
2015/07/30,122.96,138.49,120.00,127.63,3737483,493463488.00
2015/07/31,125.28,128.00,114.87,114.87,2259248,271876032.00
2015/08/03,104.01,108.00,103.38,103.38,2234653,231562864.00
2015/08/04,103.50,110.00,99.03,109.78,2775028,293672800.00
2015/08/05,109.89,111.48,101.65,105.20,2992038,319712672.00
2015/08/06,100.10,107.48,100.00,103.65,1331758,138688992.00
2015/08/07,105.72,109.87,104.68,109.53,2729851,292641376.00
2015/08/10,109.53,120.48,108.26,120.48,3799351,430372320.00
2015/08/11,120.09,126.44,119.00,122.82,3101680,383046016.00
2015/08/12,120.00,126.90,117.10,119.05,2782273,340371616.00
2015/08/13,117.10,122.00,116.30,120.83,1619412,192954176.00
2015/08/14,121.00,122.00,116.27,117.50,2093237,249148144.00
2015/08/17,117.51,119.39,113.41,117.74,1802724,210722176.00
2015/08/18,117.00,118.00,105.97,105.97,1965684,218395152.00
2015/08/19,99.99,104.25,95.45,103.91,2963400,295673312.00
2015/08/20,101.50,102.00,95.58,95.58,1624081,161628128.00
2015/08/21,92.00,95.58,88.89,93.68,1745234,161008976.00
2015/08/24,87.00,88.99,84.31,84.31,904862,77214648.00
2015/08/25,75.89,78.88,75.88,75.88,973969,74035760.00
2015/08/26,76.05,77.30,68.29,68.29,2654874,190215216.00
2015/08/27,70.00,75.00,64.50,72.75,2370532,163399056.00
2015/08/28,72.02,80.03,72.01,80.03,3723758,282733120.00
2015/08/31,80.00,80.00,72.30,72.30,2304131,174184496.00
2015/09/01,70.14,70.14,65.07,65.07,1759076,116154440.00
2015/09/02,58.56,67.50,58.56,58.56,2742195,167794560.00
2015/09/07,59.21,62.71,56.00,57.94,2285659,137880144.00
2015/09/08,57.13,62.46,57.13,62.30,1742510,104291704.00
2015/09/09,63.00,67.80,62.99,65.50,3000997,195967760.00
2015/09/10,64.50,69.76,64.01,66.79,2505439,168972288.00
2015/09/11,65.80,70.67,65.61,69.30,2862079,195259056.00
2015/09/14,68.01,69.49,62.37,62.37,1626532,106272456.00
2015/09/15,57.72,60.00,56.13,56.13,1865311,107367560.00
2015/09/16,56.18,61.74,54.40,61.46,2459145,142931424.00
2015/09/17,60.58,64.00,57.88,60.01,2296652,142514528.00
2015/09/18,60.06,61.50,57.88,60.03,1806528,107179488.00
2015/09/21,59.05,66.03,58.88,66.03,2634249,168226096.00
2015/09/22,68.00,70.03,67.01,68.00,3087602,211311840.00
2015/09/23,66.07,72.79,66.00,70.80,3242789,224556448.00
2015/09/24,70.79,71.90,68.30,69.58,2676599,187822576.00
2015/09/25,69.00,69.30,62.62,63.76,2503161,164360096.00
2015/09/28,63.60,70.00,63.59,69.20,2085445,139527200.00
2015/09/29,67.99,68.19,65.10,66.17,1704626,113788504.00
2015/09/30,66.36,68.81,65.20,67.20,1853356,124516648.00
2015/10/08,70.50,72.42,69.00,70.22,2391393,169041232.00
2015/10/09,70.24,71.70,69.54,71.35,2265506,160439584.00
2015/10/12,71.80,78.49,71.80,76.31,3766834,286941376.00
2015/10/13,75.53,78.99,75.00,78.00,2834024,217143424.00
2015/10/14,75.99,77.00,73.88,74.33,4184144,314349344.00
2015/10/15,73.00,77.97,72.11,77.68,3881538,291008832.00
2015/10/16,78.01,80.00,76.26,78.00,3992003,311917504.00
2015/10/19,78.82,78.97,73.60,75.19,4093926,309917088.00
2015/10/20,75.15,78.50,74.40,77.92,4706430,360278752.00
2015/10/21,79.00,83.49,70.20,70.80,6675857,521066496.00
2015/10/22,70.91,73.91,70.00,73.55,4590949,330527936.00
2015/10/23,73.80,76.03,72.11,75.83,5236539,388960608.00
2015/10/26,76.00,79.00,74.00,77.32,6060641,463558048.00
2015/10/27,76.70,82.94,71.01,81.50,8892170,678490560.00
2015/10/28,84.15,89.65,84.15,89.30,16293188,1437774336.00
2015/10/29,86.20,88.88,83.50,86.90,10016003,864975040.00
2015/10/30,84.90,86.00,81.56,83.01,5764341,481512352.00
2015/11/02,79.50,85.79,78.51,79.29,5130111,418557504.00
2015/11/03,79.80,80.99,77.25,79.31,4223720,334236512.00
2015/11/04,81.00,87.24,80.00,87.10,7448529,627435008.00
2015/11/05,87.79,87.79,83.45,84.81,5394916,461019776.00
2015/11/06,84.80,89.38,84.50,88.29,4937556,430700128.00
2015/11/09,87.25,95.00,82.66,92.66,7688382,678274560.00
2015/11/10,90.90,94.50,90.00,92.50,5995934,553527872.00
2015/11/11,92.33,99.99,91.50,96.23,6536835,625512512.00
2015/11/12,98.00,105.80,97.18,103.29,6903748,698990336.00
2015/11/13,101.01,102.99,92.96,92.96,5855704,567829184.00
2015/11/16,90.00,93.95,88.90,93.60,4405696,402964320.00
2015/11/17,94.30,95.56,89.40,89.80,5409513,503947456.00
2015/11/18,89.40,90.99,87.00,87.15,2978974,265208960.00
2015/11/19,88.41,91.80,88.05,91.34,3054952,275224448.00
2015/11/20,91.30,99.86,91.30,95.90,5531275,527714752.00
2015/11/23,96.00,96.71,91.85,92.12,3321880,314141536.00
2015/11/24,92.02,98.80,91.60,98.10,5064207,479599232.00
2015/11/25,102.00,107.91,101.00,107.91,4869430,514683712.00
2015/11/26,111.00,112.99,102.00,103.09,7735234,831334464.00
2015/11/27,105.98,113.40,102.99,105.31,11818406,1294450688.00
2015/11/30,103.88,113.35,98.70,112.29,10447174,1106975872.00
2015/12/01,110.20,111.26,101.18,102.51,7026497,750451520.00
2015/12/02,98.50,99.15,92.26,92.40,6451613,609926848.00
2015/12/03,92.18,96.00,92.18,95.51,3671850,347181216.00
2015/12/04,95.50,97.62,91.00,93.21,4698791,445112992.00
2015/12/07,92.81,94.70,92.51,94.15,3270935,306143264.00
2015/12/08,92.87,93.37,89.70,89.82,4354824,395621312.00
2015/12/09,89.82,89.90,86.51,87.75,3304394,290751392.00
2015/12/10,88.00,89.00,87.57,88.13,2481021,219214416.00
2015/12/11,87.19,90.89,87.19,89.59,3046150,272044928.00
2015/12/14,87.58,90.00,86.00,89.90,2654264,233948832.00
2015/12/15,89.95,92.58,89.95,90.98,2313724,211216000.00
2015/12/16,91.32,92.69,91.28,91.60,2529895,232738704.00
2015/12/17,93.41,94.70,92.12,94.64,3633962,341234048.00
2015/12/18,94.30,94.39,90.90,91.19,3367868,310530272.00
2015/12/21,90.40,91.19,88.01,89.49,3522396,314710912.00
2015/12/22,89.98,90.89,89.21,90.58,2232373,201144160.00
2015/12/23,91.10,91.80,88.27,88.51,2456468,221581952.00
2015/12/24,87.90,88.25,85.29,87.48,2616601,227066912.00
2015/12/25,87.48,88.47,87.03,87.93,1917749,168733008.00
2015/12/28,87.78,88.65,83.70,83.70,3154234,272222688.00
2015/12/29,84.15,84.50,83.05,84.39,2242523,188161888.00
2015/12/30,84.31,85.49,83.90,85.13,1966434,166829152.00
2015/12/31,85.10,85.30,81.10,81.10,2468949,204635344.00
2016/01/04,83.00,84.35,73.01,73.08,2938106,238521888.00
2016/01/05,68.78,75.50,68.50,72.08,3574012,257313200.00
2016/01/06,73.73,74.85,71.20,74.40,2660388,195399216.00
2016/01/07,72.50,72.50,66.96,66.96,928700,64140300.00
2016/01/08,69.00,69.45,62.80,66.01,2635405,176750240.00
2016/01/11,64.00,64.13,59.41,59.41,3611143,222271904.00
2016/01/12,60.00,61.50,57.73,60.39,2433479,145569856.00
2016/01/13,60.57,61.36,56.69,56.70,2112269,125756872.00
2016/01/14,52.01,60.00,52.01,59.53,3270820,184592464.00
2016/01/15,59.00,60.55,56.00,56.51,2822816,164795392.00
2016/01/18,54.41,59.57,54.41,59.05,2437124,141329712.00
2016/01/19,58.70,61.60,58.01,61.23,2663443,159038752.00
2016/01/20,60.71,61.38,59.70,60.18,2680717,162443552.00
2016/01/21,58.80,61.18,56.90,56.90,2290264,136557776.00
2016/01/22,57.98,59.89,56.08,58.70,1821843,105521256.00
2016/01/25,59.93,59.99,58.37,59.26,1458715,86652376.00
2016/01/26,58.50,58.80,53.33,53.33,2010710,112950200.00
2016/01/27,53.10,54.40,49.15,52.20,2338288,120253760.00
2016/01/28,50.06,52.00,48.20,48.38,1564639,78771288.00
2016/01/29,49.00,51.50,48.38,50.91,2012339,101290240.00
2016/02/01,50.50,52.40,49.80,51.30,1902436,97730128.00
2016/02/02,51.98,54.00,51.06,53.40,1880187,99974472.00
2016/02/03,52.60,54.31,51.80,54.00,1611781,85000336.00
2016/02/04,53.80,55.50,53.80,55.11,1904819,104536224.00
2016/02/05,55.00,55.06,53.90,54.00,1470714,79906360.00
2016/02/15,51.25,53.60,51.23,53.20,1396861,73462408.00
2016/02/16,53.19,56.98,53.15,56.65,2377699,131917272.00
2016/02/17,56.48,59.80,56.08,58.74,3376129,197559392.00
2016/02/18,58.80,59.50,57.33,57.55,2679419,155239712.00
2016/02/19,57.05,58.89,57.05,58.01,2283493,132794616.00
2016/02/22,58.92,59.60,58.20,59.38,2594786,153299136.00
2016/02/23,59.38,60.80,58.20,59.26,2555916,152358160.00
2016/02/24,58.83,59.20,57.02,58.40,2238160,129906656.00
2016/02/25,57.58,58.30,52.56,52.56,3112674,170704272.00
2016/02/26,52.20,52.99,49.13,50.49,2437211,124557048.00
2016/02/29,49.51,50.40,45.44,45.44,2386710,111150304.00
2016/03/01,45.50,47.52,44.14,47.28,2115420,97898616.00
2016/03/02,47.52,50.00,46.77,49.68,2306734,111514792.00
2016/03/03,49.60,51.48,49.08,49.80,2364709,119410296.00
2016/03/04,49.80,52.77,46.78,48.20,2806702,140439088.00
2016/03/07,48.24,50.34,48.24,49.23,1966130,97463592.00
2016/03/08,48.73,49.98,46.80,49.70,2106031,101584376.00
2016/03/09,48.77,51.35,47.51,50.16,2420880,121359296.00
数据来源:通达信
